c PyNETGEN v1.0.0
c $ pip install pynetgen
c
c  NETGEN flow network generation algorithm
c  Problem input parameters
c  -------------------------------------
c   Random seed:          10
c   Number of nodes:      100
c   Source nodes:         2
c   Sink nodes:           2
c   Number of arcs:       200
c   Minimum arc cost:     1
c   Maximum arc cost:     10
c   Total supply:         50
c   Transshipment -
c     Sources:            0
c     Sinks:              0
c   Skeleton arcs -
c     With max cost:      0
c     Capacitated:        100
c   Minimum arc capacity: 0
c   Maximum arc capacity: 50
c
c  *** Minimum cost flow ***
c
p min 100 200
n 1 44
n 2 6
n 99 -41
n 100 -9
a 1 21 0 44 3
a 1 75 0 39 9
a 1 83 0 16 5
a 6 99 0 44 10
a 6 77 0 44 8
a 6 57 0 39 4
a 8 73 0 44 4
a 8 35 0 8 2
a 9 50 0 44 3
a 9 43 0 40 9
a 10 97 0 44 5
a 10 73 0 19 2
a 12 32 0 44 9
a 12 93 0 6 8
a 13 23 0 44 7
a 13 19 0 36 6
a 13 50 0 10 5
a 17 29 0 44 2
a 17 47 0 18 3
a 17 35 0 42 9
a 18 89 0 44 8
a 18 76 0 0 3
a 19 80 0 44 3
a 19 18 0 12 3
a 20 95 0 44 7
a 20 12 0 45 1
a 21 67 0 44 2
a 21 17 0 23 7
a 23 8 0 44 5
a 23 77 0 31 7
a 29 31 0 44 10
a 29 32 0 3 9
a 30 72 0 44 2
a 30 50 0 38 4
a 31 47 0 44 5
a 31 98 0 25 5
a 32 17 0 44 7
a 32 27 0 35 9
a 33 10 0 44 2
a 33 55 0 13 7
a 35 18 0 44 4
a 35 10 0 24 10
a 36 44 0 44 4
a 36 7 0 46 2
a 42 49 0 44 6
a 42 92 0 1 7
a 43 79 0 44 3
a 43 6 0 2 10
a 44 64 0 44 9
a 44 63 0 2 3
a 47 91 0 44 3
a 47 29 0 29 8
a 49 93 0 44 10
a 49 14 0 6 7
a 50 30 0 44 8
a 50 64 0 16 9
a 51 36 0 44 1
a 51 74 0 19 6
a 53 71 0 44 9
a 53 42 0 39 3
a 54 96 0 44 8
a 54 46 0 32 6
a 59 60 0 44 6
a 59 17 0 31 9
a 60 51 0 44 7
a 60 59 0 1 1
a 62 81 0 44 2
a 62 17 0 9 2
a 64 74 0 44 3
a 64 71 0 13 7
a 67 86 0 44 6
a 67 48 0 3 6
a 68 78 0 44 1
a 68 49 0 47 9
a 71 100 0 44 4
a 71 50 0 22 9
a 72 68 0 44 8
a 72 45 0 12 7
a 73 19 0 44 5
a 73 10 0 14 7
a 74 12 0 44 7
a 74 10 0 46 6
a 77 54 0 44 9
a 77 17 0 49 1
a 78 20 0 44 2
a 78 46 0 4 3
a 79 6 0 44 9
a 79 66 0 26 6
a 80 35 0 44 10
a 80 60 0 11 2
a 81 85 0 44 9
a 81 78 0 22 8
a 83 33 0 44 2
a 83 99 0 15 2
a 85 9 0 44 8
a 85 33 0 42 7
a 86 83 0 44 8
a 86 75 0 36 6
a 89 43 0 44 4
a 89 16 0 30 2
a 91 62 0 44 2
a 91 76 0 22 9
a 93 13 0 44 3
a 93 44 0 7 3
a 95 42 0 44 7
a 95 100 0 28 7
a 96 53 0 44 10
a 96 25 0 19 3
a 97 59 0 44 9
a 97 50 0 14 2
a 2 34 0 6 10
a 2 7 0 30 4
a 3 24 0 6 6
a 3 8 0 35 9
a 4 3 0 6 7
a 4 18 0 30 3
a 5 70 0 6 8
a 5 68 0 19 2
a 7 88 0 6 10
a 7 49 0 46 8
a 11 55 0 6 5
a 11 21 0 37 3
a 14 63 0 6 5
a 14 31 0 39 5
a 15 39 0 6 10
a 15 38 0 34 6
a 16 98 0 6 9
a 16 44 0 43 9
a 22 28 0 6 4
a 22 99 0 19 4
a 24 46 0 6 2
a 24 11 0 47 8
a 25 82 0 6 5
a 25 17 0 38 3
a 26 90 0 6 6
a 26 6 0 13 1
a 27 45 0 6 9
a 27 31 0 31 4
a 28 7 0 6 1
a 28 42 0 0 7
a 34 14 0 6 6
a 34 16 0 9 6
a 37 75 0 6 9
a 37 44 0 19 6
a 38 92 0 6 7
a 38 6 0 39 3
a 39 38 0 6 8
a 39 91 0 35 4
a 40 100 0 6 9
a 40 83 0 39 7
a 41 27 0 6 4
a 41 48 0 2 2
a 45 26 0 6 10
a 45 96 0 30 1
a 46 11 0 6 7
a 46 45 0 10 10
a 48 25 0 6 4
a 48 33 0 11 5
a 52 41 0 6 9
a 52 79 0 24 8
a 55 69 0 6 4
a 55 85 0 37 5
a 56 87 0 6 6
a 56 72 0 13 3
a 57 37 0 6 5
a 57 16 0 41 5
a 58 16 0 6 5
a 58 93 0 11 1
a 61 58 0 6 5
a 61 80 0 31 5
a 63 57 0 6 10
a 63 27 0 21 4
a 65 40 0 6 7
a 65 78 0 24 8
a 66 65 0 6 2
a 66 41 0 40 3
a 69 52 0 6 8
a 69 38 0 41 8
a 70 94 0 6 8
a 70 26 0 17 10
a 75 5 0 6 6
a 75 59 0 12 3
a 76 99 0 6 8
a 76 56 0 6 5
a 82 15 0 6 10
a 82 44 0 30 9
a 84 22 0 6 10
a 84 63 0 48 7
a 87 4 0 6 10
a 87 26 0 7 10
a 88 76 0 6 7
a 88 86 0 36 1
a 90 61 0 6 4
a 90 47 0 45 6
a 92 66 0 6 10
a 92 67 0 8 3
a 94 84 0 6 1
a 94 54 0 1 5
a 98 48 0 6 10
a 98 71 0 40 9
