c PyNETGEN v1.0.0
c $ pip install pynetgen
c
c  NETGEN flow network generation algorithm
c  Problem input parameters
c  -------------------------------------
c   Random seed:          5
c   Number of nodes:      100
c   Source nodes:         2
c   Sink nodes:           2
c   Number of arcs:       200
c   Minimum arc cost:     1
c   Maximum arc cost:     10
c   Total supply:         50
c   Transshipment -
c     Sources:            0
c     Sinks:              0
c   Skeleton arcs -
c     With max cost:      0
c     Capacitated:        100
c   Minimum arc capacity: 0
c   Maximum arc capacity: 50
c
c  *** Minimum cost flow ***
c
p min 100 200
n 1 11
n 2 39
n 99 -15
n 100 -35
a 1 12 0 11 7
a 1 6 0 32 5
a 3 87 0 11 5
a 3 12 0 15 4
a 6 8 0 11 7
a 6 15 0 10 3
a 7 71 0 11 1
a 7 67 0 44 2
a 7 52 0 0 8
a 8 81 0 11 10
a 8 80 0 26 7
a 8 48 0 9 7
a 9 69 0 11 2
a 9 67 0 36 3
a 10 100 0 11 2
a 10 3 0 11 2
a 10 27 0 43 3
a 10 70 0 20 5
a 11 51 0 11 7
a 11 28 0 21 10
a 12 36 0 11 8
a 12 89 0 38 2
a 15 64 0 11 2
a 15 27 0 6 2
a 16 67 0 11 4
a 16 24 0 48 1
a 21 50 0 11 5
a 21 10 0 37 9
a 24 77 0 11 8
a 24 89 0 41 4
a 25 31 0 11 9
a 25 82 0 27 10
a 26 82 0 11 10
a 26 27 0 19 1
a 30 21 0 11 8
a 30 67 0 25 8
a 31 7 0 11 9
a 31 32 0 43 5
a 32 66 0 11 10
a 32 78 0 19 4
a 33 34 0 11 1
a 33 72 0 50 4
a 34 61 0 11 6
a 34 5 0 10 5
a 36 72 0 11 7
a 36 63 0 26 9
a 37 15 0 11 7
a 37 21 0 1 9
a 41 60 0 11 10
a 41 98 0 39 7
a 42 30 0 11 2
a 42 16 0 40 3
a 44 84 0 11 9
a 44 24 0 3 9
a 45 53 0 11 8
a 45 49 0 8 5
a 49 6 0 11 6
a 49 55 0 35 7
a 50 56 0 11 5
a 50 88 0 45 7
a 51 33 0 11 3
a 51 90 0 16 7
a 53 32 0 11 2
a 53 10 0 41 5
a 56 44 0 11 9
a 56 96 0 13 1
a 59 74 0 11 10
a 59 10 0 17 10
a 60 49 0 11 7
a 60 4 0 19 4
a 61 59 0 11 2
a 61 41 0 14 7
a 62 78 0 11 6
a 62 26 0 36 10
a 64 96 0 11 1
a 64 42 0 11 10
a 66 86 0 11 8
a 66 24 0 6 9
a 67 11 0 11 8
a 67 23 0 7 9
a 68 42 0 11 9
a 68 22 0 10 2
a 69 26 0 11 5
a 69 10 0 37 6
a 71 9 0 11 5
a 71 25 0 40 7
a 72 16 0 11 10
a 72 35 0 13 7
a 74 25 0 11 4
a 74 32 0 18 5
a 77 41 0 11 10
a 77 57 0 11 8
a 78 24 0 11 5
a 78 100 0 20 10
a 81 37 0 11 8
a 81 83 0 8 9
a 82 95 0 11 3
a 82 88 0 5 2
a 83 90 0 11 1
a 83 25 0 2 10
a 84 99 0 11 10
a 84 88 0 49 10
a 86 91 0 11 7
a 86 71 0 29 2
a 87 68 0 11 4
a 87 18 0 14 4
a 90 45 0 11 4
a 90 63 0 22 7
a 91 62 0 11 10
a 91 92 0 45 5
a 95 83 0 11 10
a 95 84 0 25 8
a 96 10 0 11 9
a 96 5 0 15 6
a 2 19 0 39 9
a 2 26 0 15 2
a 4 80 0 39 8
a 4 85 0 35 5
a 5 85 0 39 9
a 5 42 0 23 3
a 13 97 0 39 8
a 13 28 0 44 2
a 14 27 0 39 3
a 14 34 0 32 8
a 17 92 0 39 9
a 17 21 0 17 7
a 18 35 0 39 10
a 18 73 0 34 5
a 19 58 0 39 6
a 19 100 0 22 1
a 20 28 0 39 5
a 20 57 0 36 8
a 22 88 0 39 8
a 22 10 0 6 7
a 23 20 0 39 7
a 23 21 0 32 6
a 27 40 0 39 10
a 27 82 0 41 6
a 28 14 0 39 6
a 28 39 0 0 4
a 29 38 0 39 2
a 29 59 0 17 7
a 35 48 0 39 5
a 35 73 0 22 2
a 38 94 0 39 9
a 38 69 0 45 2
a 39 17 0 39 3
a 39 48 0 43 1
a 40 75 0 39 5
a 40 59 0 45 9
a 43 99 0 39 6
a 43 89 0 39 10
a 46 70 0 39 9
a 46 16 0 2 6
a 47 73 0 39 4
a 47 89 0 5 4
a 48 29 0 39 1
a 48 34 0 18 8
a 52 65 0 39 5
a 52 90 0 12 3
a 54 5 0 39 6
a 54 93 0 31 8
a 55 52 0 39 2
a 55 87 0 19 2
a 57 13 0 39 8
a 57 75 0 33 3
a 58 4 0 39 3
a 58 97 0 31 6
a 63 18 0 39 8
a 63 57 0 41 3
a 65 76 0 39 9
a 65 15 0 36 1
a 70 43 0 39 4
a 70 56 0 12 3
a 73 23 0 39 10
a 73 22 0 20 7
a 75 89 0 39 8
a 75 85 0 46 3
a 76 54 0 39 3
a 76 80 0 21 9
a 79 46 0 39 7
a 79 47 0 6 2
a 80 22 0 39 3
a 80 18 0 36 5
a 85 47 0 39 7
a 85 58 0 4 9
a 88 98 0 39 4
a 88 100 0 22 3
a 89 57 0 39 10
a 89 46 0 49 9
a 92 63 0 39 8
a 92 100 0 39 1
a 93 79 0 39 6
a 93 25 0 35 7
a 94 55 0 39 4
a 94 50 0 4 2
a 97 93 0 39 1
a 97 92 0 26 3
a 98 39 0 39 4
a 98 53 0 20 5
