c PyNETGEN v1.0.0
c $ pip install pynetgen
c
c  NETGEN flow network generation algorithm
c  Problem input parameters
c  -------------------------------------
c   Random seed:          3
c   Number of nodes:      100
c   Source nodes:         2
c   Sink nodes:           2
c   Number of arcs:       200
c   Minimum arc cost:     1
c   Maximum arc cost:     10
c   Total supply:         50
c   Transshipment -
c     Sources:            0
c     Sinks:              0
c   Skeleton arcs -
c     With max cost:      0
c     Capacitated:        100
c   Minimum arc capacity: 0
c   Maximum arc capacity: 50
c
c  *** Minimum cost flow ***
c
p min 100 200
n 1 22
n 2 28
n 99 -25
n 100 -25
a 1 27 0 22 10
a 1 24 0 24 3
a 3 32 0 22 9
a 3 86 0 50 1
a 6 7 0 22 4
a 6 81 0 6 9
a 7 89 0 22 3
a 7 22 0 1 5
a 7 33 0 10 4
a 13 70 0 22 5
a 13 99 0 22 7
a 13 82 0 31 2
a 13 39 0 32 1
a 14 6 0 22 2
a 14 27 0 30 7
a 16 53 0 22 5
a 16 96 0 31 3
a 19 35 0 22 8
a 19 56 0 23 9
a 19 32 0 38 9
a 20 21 0 22 10
a 20 87 0 33 9
a 21 55 0 22 9
a 21 24 0 29 9
a 23 45 0 22 7
a 23 15 0 8 3
a 24 79 0 22 8
a 24 72 0 7 4
a 25 100 0 22 2
a 25 15 0 14 3
a 26 74 0 22 9
a 26 4 0 21 9
a 27 28 0 22 9
a 27 95 0 42 3
a 28 47 0 22 10
a 28 49 0 15 4
a 29 75 0 22 10
a 29 98 0 5 2
a 32 69 0 22 9
a 32 14 0 47 1
a 33 20 0 22 5
a 33 11 0 35 5
a 35 13 0 22 4
a 35 57 0 11 6
a 37 24 0 22 10
a 37 85 0 41 8
a 41 88 0 22 6
a 41 20 0 21 9
a 43 65 0 22 7
a 43 93 0 13 4
a 44 84 0 22 5
a 44 75 0 44 9
a 45 43 0 22 9
a 45 41 0 12 2
a 47 77 0 22 8
a 47 4 0 25 6
a 49 90 0 22 6
a 49 46 0 26 6
a 50 78 0 22 6
a 50 87 0 27 4
a 53 29 0 22 7
a 53 69 0 30 4
a 55 82 0 22 1
a 55 45 0 14 1
a 59 37 0 22 8
a 59 26 0 33 1
a 62 44 0 22 1
a 62 86 0 0 5
a 63 50 0 22 8
a 63 29 0 42 5
a 65 59 0 22 3
a 65 6 0 49 8
a 66 41 0 22 10
a 66 23 0 37 1
a 69 19 0 22 1
a 69 86 0 47 4
a 70 71 0 22 6
a 70 28 0 39 10
a 71 91 0 22 10
a 71 86 0 50 4
a 74 23 0 22 6
a 74 60 0 6 9
a 75 14 0 22 6
a 75 59 0 22 6
a 77 81 0 22 4
a 77 15 0 19 8
a 78 16 0 22 5
a 78 61 0 33 8
a 79 33 0 22 2
a 79 98 0 21 10
a 81 49 0 22 4
a 81 28 0 47 10
a 82 63 0 22 6
a 82 60 0 17 3
a 84 3 0 22 2
a 84 31 0 10 10
a 88 26 0 22 5
a 88 73 0 3 9
a 89 62 0 22 1
a 89 23 0 6 5
a 90 97 0 22 9
a 90 28 0 19 2
a 91 25 0 22 4
a 91 24 0 2 7
a 97 66 0 22 5
a 97 96 0 49 5
a 2 51 0 28 2
a 2 36 0 27 10
a 4 76 0 28 2
a 4 79 0 20 2
a 5 4 0 28 2
a 5 31 0 9 10
a 8 94 0 28 6
a 8 100 0 28 6
a 9 60 0 28 6
a 9 6 0 38 9
a 10 11 0 28 8
a 10 18 0 12 5
a 11 54 0 28 5
a 11 62 0 50 1
a 12 5 0 28 8
a 12 60 0 21 10
a 15 22 0 28 10
a 15 20 0 2 3
a 17 87 0 28 6
a 17 5 0 33 7
a 18 12 0 28 7
a 18 87 0 22 3
a 22 34 0 28 4
a 22 80 0 3 1
a 30 98 0 28 5
a 30 53 0 18 3
a 31 46 0 28 10
a 31 78 0 2 2
a 34 61 0 28 6
a 34 70 0 47 3
a 36 67 0 28 8
a 36 13 0 2 1
a 38 10 0 28 2
a 38 6 0 35 9
a 39 92 0 28 1
a 39 60 0 50 10
a 40 38 0 28 2
a 40 22 0 5 2
a 42 68 0 28 10
a 42 6 0 20 5
a 46 58 0 28 6
a 46 13 0 46 4
a 48 52 0 28 7
a 48 11 0 1 8
a 51 36 0 28 7
a 51 18 0 19 10
a 52 73 0 28 8
a 52 47 0 34 1
a 54 99 0 28 7
a 54 3 0 13 4
a 56 96 0 28 3
a 56 21 0 36 4
a 57 95 0 28 7
a 57 35 0 33 8
a 58 80 0 28 2
a 58 79 0 33 6
a 60 85 0 28 5
a 60 97 0 4 3
a 61 56 0 28 4
a 61 59 0 18 6
a 64 30 0 28 7
a 64 19 0 6 1
a 67 18 0 28 8
a 67 96 0 10 8
a 68 86 0 28 9
a 68 17 0 25 8
a 72 17 0 28 6
a 72 22 0 22 3
a 73 39 0 28 10
a 73 75 0 33 4
a 76 93 0 28 5
a 76 58 0 42 7
a 80 83 0 28 4
a 80 19 0 3 5
a 83 8 0 28 10
a 83 27 0 23 4
a 85 42 0 28 6
a 85 56 0 2 10
a 86 72 0 28 1
a 86 100 0 29 8
a 87 40 0 28 9
a 87 8 0 27 1
a 92 31 0 28 2
a 92 45 0 40 1
a 93 57 0 28 5
a 93 40 0 41 5
a 94 64 0 28 2
a 94 41 0 16 6
a 95 15 0 28 3
a 95 26 0 48 1
a 96 48 0 28 1
a 96 5 0 41 9
a 98 9 0 28 10
a 98 78 0 17 1
