c PyNETGEN v1.0.0
c $ pip install pynetgen
c
c  NETGEN flow network generation algorithm
c  Problem input parameters
c  -------------------------------------
c   Random seed:          6
c   Number of nodes:      100
c   Source nodes:         2
c   Sink nodes:           2
c   Number of arcs:       200
c   Minimum arc cost:     1
c   Maximum arc cost:     10
c   Total supply:         50
c   Transshipment -
c     Sources:            0
c     Sinks:              0
c   Skeleton arcs -
c     With max cost:      0
c     Capacitated:        100
c   Minimum arc capacity: 0
c   Maximum arc capacity: 50
c
c  *** Minimum cost flow ***
c
p min 100 200
n 1 49
n 2 1
n 99 -23
n 100 -27
a 1 20 0 49 9
a 1 46 0 23 8
a 1 33 0 45 9
a 4 28 0 49 5
a 4 41 0 25 5
a 4 36 0 12 10
a 6 43 0 49 5
a 6 9 0 2 9
a 8 49 0 49 5
a 8 98 0 23 6
a 8 91 0 31 8
a 11 46 0 49 3
a 11 4 0 7 5
a 12 61 0 49 4
a 12 17 0 24 8
a 12 19 0 42 8
a 15 26 0 49 8
a 15 73 0 5 1
a 18 40 0 49 7
a 18 67 0 29 9
a 19 4 0 49 8
a 19 92 0 43 10
a 20 52 0 49 2
a 20 41 0 1 9
a 21 66 0 49 2
a 21 12 0 30 9
a 26 87 0 49 10
a 26 91 0 47 10
a 28 57 0 49 5
a 28 30 0 38 4
a 35 12 0 49 8
a 35 87 0 11 6
a 36 19 0 49 7
a 36 21 0 41 8
a 38 21 0 49 9
a 38 18 0 17 5
a 39 60 0 49 6
a 39 100 0 23 9
a 40 73 0 49 3
a 40 52 0 50 4
a 41 64 0 49 3
a 41 36 0 35 9
a 42 71 0 49 5
a 42 91 0 2 10
a 43 51 0 49 2
a 43 98 0 47 5
a 45 86 0 49 5
a 45 8 0 22 6
a 46 90 0 49 10
a 46 91 0 10 2
a 47 82 0 49 8
a 47 93 0 1 9
a 48 39 0 49 4
a 48 91 0 23 8
a 49 50 0 49 6
a 49 88 0 38 5
a 50 41 0 49 9
a 50 61 0 9 5
a 51 11 0 49 6
a 51 58 0 43 9
a 52 35 0 49 1
a 52 7 0 36 4
a 53 58 0 49 9
a 53 19 0 3 9
a 56 93 0 49 1
a 56 23 0 45 7
a 57 45 0 49 10
a 57 89 0 23 8
a 58 8 0 49 3
a 58 87 0 11 2
a 60 42 0 49 9
a 60 33 0 45 5
a 61 85 0 49 7
a 61 79 0 5 2
a 64 72 0 49 10
a 64 93 0 36 7
a 66 53 0 49 5
a 66 40 0 20 9
a 68 100 0 49 4
a 68 65 0 29 2
a 71 47 0 49 7
a 71 27 0 3 1
a 72 6 0 49 7
a 72 46 0 18 5
a 73 48 0 49 2
a 73 87 0 7 5
a 75 56 0 49 3
a 75 20 0 45 6
a 79 94 0 49 10
a 79 6 0 5 1
a 80 38 0 49 9
a 80 7 0 28 9
a 82 68 0 49 9
a 82 7 0 20 7
a 85 79 0 49 1
a 85 93 0 11 8
a 86 80 0 49 2
a 86 89 0 12 9
a 87 99 0 49 2
a 87 18 0 49 6
a 90 75 0 49 6
a 90 83 0 34 2
a 93 15 0 49 2
a 93 86 0 9 5
a 94 36 0 49 9
a 94 60 0 47 10
a 2 98 0 1 4
a 2 79 0 49 1
a 3 97 0 1 8
a 3 34 0 29 10
a 5 55 0 1 3
a 5 54 0 21 1
a 7 5 0 1 5
a 7 12 0 50 5
a 9 62 0 1 7
a 9 12 0 38 2
a 10 89 0 1 2
a 10 80 0 27 9
a 13 27 0 1 3
a 13 21 0 40 1
a 14 91 0 1 10
a 14 100 0 13 10
a 16 92 0 1 1
a 16 91 0 48 4
a 17 13 0 1 7
a 17 77 0 9 5
a 22 65 0 1 8
a 22 24 0 30 6
a 23 7 0 1 5
a 23 11 0 22 2
a 24 16 0 1 5
a 24 67 0 36 8
a 25 24 0 1 6
a 25 22 0 23 10
a 27 32 0 1 2
a 27 100 0 23 7
a 29 22 0 1 2
a 29 51 0 12 1
a 30 84 0 1 3
a 30 70 0 26 5
a 31 37 0 1 5
a 31 38 0 1 9
a 32 81 0 1 4
a 32 31 0 13 9
a 33 77 0 1 8
a 33 36 0 19 8
a 34 33 0 1 9
a 34 85 0 39 6
a 37 23 0 1 8
a 37 9 0 41 10
a 44 29 0 1 6
a 44 69 0 13 3
a 54 69 0 1 9
a 54 57 0 13 4
a 55 59 0 1 3
a 55 71 0 49 3
a 59 14 0 1 9
a 59 28 0 4 3
a 62 44 0 1 3
a 62 100 0 35 6
a 63 54 0 1 1
a 63 36 0 14 6
a 65 70 0 1 6
a 65 75 0 24 4
a 67 31 0 1 3
a 67 62 0 8 1
a 69 96 0 1 9
a 69 13 0 21 5
a 70 34 0 1 6
a 70 72 0 0 2
a 74 63 0 1 9
a 74 99 0 1 1
a 76 17 0 1 1
a 76 18 0 49 6
a 77 83 0 1 4
a 77 16 0 7 1
a 78 88 0 1 3
a 78 35 0 35 9
a 81 95 0 1 10
a 81 44 0 10 2
a 83 10 0 1 7
a 83 20 0 10 5
a 84 25 0 1 5
a 84 78 0 11 3
a 88 100 0 1 9
a 88 94 0 24 4
a 89 76 0 1 9
a 89 73 0 50 1
a 91 30 0 1 6
a 91 88 0 42 4
a 92 3 0 1 5
a 92 75 0 3 10
a 95 78 0 1 1
a 95 23 0 15 9
a 96 9 0 1 3
a 96 79 0 16 8
a 97 74 0 1 7
a 97 14 0 23 5
a 98 67 0 1 10
a 98 40 0 28 1
