c PyNETGEN v1.0.0
c $ pip install pynetgen
c
c  NETGEN flow network generation algorithm
c  Problem input parameters
c  -------------------------------------
c   Random seed:          2
c   Number of nodes:      100
c   Source nodes:         2
c   Sink nodes:           2
c   Number of arcs:       200
c   Minimum arc cost:     1
c   Maximum arc cost:     10
c   Total supply:         50
c   Transshipment -
c     Sources:            0
c     Sinks:              0
c   Skeleton arcs -
c     With max cost:      0
c     Capacitated:        100
c   Minimum arc capacity: 0
c   Maximum arc capacity: 50
c
c  *** Minimum cost flow ***
c
p min 100 200
n 1 25
n 2 25
n 99 -15
n 100 -35
a 1 19 0 25 5
a 1 82 0 33 10
a 1 77 0 49 6
a 3 78 0 25 7
a 3 16 0 42 9
a 5 11 0 25 3
a 5 43 0 17 1
a 5 51 0 43 5
a 6 24 0 25 8
a 6 68 0 16 4
a 6 66 0 10 10
a 7 93 0 25 4
a 7 89 0 36 8
a 8 61 0 25 10
a 8 94 0 25 10
a 8 73 0 14 8
a 10 82 0 25 8
a 10 69 0 10 1
a 11 79 0 25 1
a 11 100 0 1 6
a 13 15 0 25 8
a 13 98 0 31 2
a 14 13 0 25 7
a 14 38 0 0 6
a 15 70 0 25 6
a 15 39 0 27 7
a 16 6 0 25 3
a 16 76 0 24 2
a 17 14 0 25 9
a 17 24 0 38 1
a 18 48 0 25 8
a 18 20 0 12 5
a 19 10 0 25 1
a 19 85 0 5 8
a 22 100 0 25 7
a 22 73 0 14 9
a 24 86 0 25 5
a 24 13 0 50 6
a 27 90 0 25 4
a 27 52 0 25 1
a 28 44 0 25 4
a 28 80 0 37 6
a 31 16 0 25 7
a 31 76 0 9 3
a 33 65 0 25 7
a 33 100 0 24 7
a 40 87 0 25 7
a 40 48 0 41 5
a 44 7 0 25 4
a 44 11 0 3 6
a 45 77 0 25 10
a 45 87 0 17 7
a 46 8 0 25 2
a 46 43 0 50 10
a 48 62 0 25 5
a 48 9 0 38 7
a 49 53 0 25 7
a 49 99 0 25 1
a 51 17 0 25 10
a 51 71 0 9 3
a 53 31 0 25 1
a 53 14 0 49 3
a 57 18 0 25 1
a 57 20 0 8 8
a 60 33 0 25 4
a 60 84 0 26 7
a 61 28 0 25 2
a 61 40 0 42 3
a 62 27 0 25 9
a 62 3 0 39 1
a 63 60 0 25 4
a 63 100 0 28 4
a 65 80 0 25 2
a 65 19 0 18 10
a 69 75 0 25 7
a 69 94 0 41 6
a 70 49 0 25 4
a 70 21 0 42 5
a 71 57 0 25 8
a 71 31 0 9 5
a 75 46 0 25 9
a 75 37 0 22 5
a 77 5 0 25 1
a 77 93 0 1 2
a 78 88 0 25 7
a 78 64 0 8 4
a 79 3 0 25 4
a 79 29 0 33 9
a 80 69 0 25 6
a 80 25 0 31 3
a 81 95 0 25 1
a 81 79 0 25 4
a 82 40 0 25 2
a 82 66 0 31 6
a 84 45 0 25 3
a 84 27 0 41 6
a 86 81 0 25 7
a 86 88 0 38 3
a 87 63 0 25 6
a 87 50 0 25 5
a 88 71 0 25 4
a 88 18 0 28 6
a 90 22 0 25 8
a 90 84 0 3 7
a 93 51 0 25 7
a 93 65 0 24 2
a 95 84 0 25 1
a 95 59 0 15 8
a 2 67 0 25 9
a 2 78 0 35 4
a 4 37 0 25 4
a 4 31 0 24 1
a 9 85 0 25 9
a 9 59 0 25 9
a 12 89 0 25 1
a 12 49 0 4 7
a 20 83 0 25 6
a 20 50 0 9 7
a 21 42 0 25 4
a 21 19 0 30 9
a 23 66 0 25 2
a 23 13 0 38 4
a 25 47 0 25 10
a 25 66 0 16 10
a 26 39 0 25 3
a 26 93 0 3 9
a 29 43 0 25 10
a 29 20 0 44 5
a 30 91 0 25 9
a 30 59 0 41 8
a 32 100 0 25 8
a 32 35 0 25 7
a 34 25 0 25 6
a 34 90 0 28 6
a 35 52 0 25 9
a 35 96 0 32 8
a 36 12 0 25 3
a 36 38 0 38 10
a 37 32 0 25 9
a 37 92 0 33 8
a 38 9 0 25 1
a 38 34 0 13 10
a 39 38 0 25 8
a 39 60 0 19 1
a 41 21 0 25 8
a 41 4 0 5 10
a 42 64 0 25 3
a 42 18 0 23 6
a 43 59 0 25 9
a 43 11 0 36 8
a 47 36 0 25 5
a 47 56 0 34 8
a 50 92 0 25 2
a 50 82 0 1 4
a 52 73 0 25 5
a 52 93 0 16 8
a 54 68 0 25 1
a 54 3 0 50 7
a 55 50 0 25 4
a 55 9 0 27 3
a 56 4 0 25 10
a 56 96 0 42 3
a 58 20 0 25 4
a 58 94 0 47 2
a 59 34 0 25 9
a 59 68 0 10 9
a 64 23 0 25 8
a 64 78 0 37 1
a 66 54 0 25 3
a 66 28 0 17 2
a 67 26 0 25 10
a 67 79 0 32 10
a 68 74 0 25 1
a 68 84 0 50 4
a 72 30 0 25 10
a 72 28 0 2 1
a 73 29 0 25 3
a 73 57 0 20 7
a 74 98 0 25 2
a 74 59 0 37 7
a 76 56 0 25 1
a 76 62 0 20 7
a 83 99 0 25 7
a 83 6 0 29 3
a 85 97 0 25 6
a 85 65 0 8 2
a 89 58 0 25 5
a 89 80 0 8 1
a 91 76 0 25 4
a 91 31 0 14 10
a 92 72 0 25 7
a 92 69 0 1 4
a 94 55 0 25 9
a 94 20 0 22 6
a 96 94 0 25 3
a 96 92 0 39 9
a 97 41 0 25 3
a 97 50 0 50 7
a 98 96 0 25 3
a 98 68 0 9 9
