c PyNETGEN v1.0.0
c $ pip install pynetgen
c
c  NETGEN flow network generation algorithm
c  Problem input parameters
c  -------------------------------------
c   Random seed:          12
c   Number of nodes:      100
c   Source nodes:         2
c   Sink nodes:           2
c   Number of arcs:       200
c   Minimum arc cost:     1
c   Maximum arc cost:     10
c   Total supply:         50
c   Transshipment -
c     Sources:            0
c     Sinks:              0
c   Skeleton arcs -
c     With max cost:      0
c     Capacitated:        100
c   Minimum arc capacity: 0
c   Maximum arc capacity: 50
c
c  *** Minimum cost flow ***
c
p min 100 200
n 1 10
n 2 40
n 99 -40
n 100 -10
a 1 37 0 10 10
a 1 57 0 21 8
a 1 61 0 14 10
a 5 15 0 10 9
a 5 77 0 25 2
a 6 22 0 10 6
a 6 9 0 0 3
a 7 76 0 10 4
a 7 85 0 15 2
a 7 54 0 46 1
a 9 17 0 10 4
a 9 64 0 48 4
a 10 98 0 10 4
a 10 92 0 31 6
a 10 83 0 48 5
a 11 50 0 10 5
a 11 54 0 41 7
a 13 42 0 10 7
a 13 67 0 49 3
a 14 11 0 10 3
a 14 87 0 32 1
a 15 23 0 10 6
a 15 27 0 27 7
a 15 91 0 28 10
a 17 13 0 10 6
a 17 88 0 9 7
a 18 85 0 10 2
a 18 80 0 43 9
a 19 28 0 10 2
a 19 25 0 25 7
a 20 70 0 10 8
a 20 73 0 22 4
a 21 71 0 10 6
a 21 38 0 31 8
a 22 10 0 10 10
a 22 100 0 9 2
a 23 21 0 10 1
a 23 99 0 46 10
a 26 29 0 10 5
a 26 3 0 49 10
a 27 100 0 10 8
a 27 70 0 45 7
a 28 75 0 10 2
a 28 49 0 4 2
a 29 48 0 10 6
a 29 95 0 18 9
a 30 86 0 10 2
a 30 79 0 44 4
a 32 64 0 10 9
a 32 81 0 46 6
a 33 69 0 10 5
a 33 85 0 28 10
a 36 96 0 10 7
a 36 99 0 10 5
a 37 5 0 10 7
a 37 44 0 34 7
a 38 18 0 10 4
a 38 94 0 34 6
a 42 7 0 10 10
a 42 19 0 4 3
a 44 87 0 10 4
a 44 73 0 16 3
a 47 53 0 10 1
a 47 73 0 50 6
a 48 58 0 10 9
a 48 98 0 4 6
a 50 9 0 10 7
a 50 63 0 48 6
a 53 19 0 10 9
a 53 41 0 7 4
a 58 20 0 10 5
a 58 32 0 15 4
a 59 89 0 10 9
a 59 72 0 6 1
a 60 38 0 10 7
a 60 96 0 44 4
a 62 60 0 10 9
a 62 85 0 25 4
a 64 27 0 10 2
a 64 13 0 4 10
a 66 47 0 10 2
a 66 82 0 30 1
a 67 72 0 10 1
a 67 23 0 32 2
a 69 66 0 10 2
a 69 22 0 50 8
a 70 80 0 10 5
a 70 60 0 46 5
a 71 59 0 10 4
a 71 75 0 8 6
a 72 6 0 10 1
a 72 45 0 25 2
a 74 62 0 10 10
a 74 28 0 10 1
a 75 44 0 10 8
a 75 90 0 19 7
a 76 30 0 10 9
a 76 59 0 24 6
a 80 32 0 10 1
a 80 66 0 25 4
a 85 14 0 10 1
a 85 66 0 17 6
a 86 36 0 10 3
a 86 72 0 18 2
a 87 26 0 10 10
a 87 85 0 43 9
a 89 67 0 10 10
a 89 51 0 40 2
a 96 33 0 10 10
a 96 28 0 22 4
a 98 74 0 10 5
a 98 63 0 33 9
a 2 97 0 40 9
a 2 82 0 49 2
a 3 43 0 40 6
a 3 20 0 25 3
a 4 95 0 40 3
a 4 29 0 3 7
a 8 31 0 40 8
a 8 39 0 4 1
a 12 8 0 40 9
a 12 68 0 1 2
a 16 40 0 40 1
a 16 83 0 20 10
a 24 54 0 40 3
a 24 20 0 18 9
a 25 56 0 40 5
a 25 44 0 9 1
a 31 83 0 40 9
a 31 84 0 44 6
a 34 84 0 40 9
a 34 31 0 47 8
a 35 61 0 40 1
a 35 10 0 46 9
a 39 81 0 40 6
a 39 67 0 46 3
a 40 82 0 40 6
a 40 65 0 50 4
a 41 46 0 40 5
a 41 39 0 27 9
a 43 34 0 40 9
a 43 39 0 28 10
a 45 12 0 40 10
a 45 61 0 1 7
a 46 55 0 40 8
a 46 69 0 13 5
a 49 79 0 40 10
a 49 68 0 27 1
a 51 41 0 40 8
a 51 15 0 6 9
a 52 73 0 40 1
a 52 35 0 1 8
a 54 63 0 40 10
a 54 80 0 26 10
a 55 39 0 40 8
a 55 8 0 47 8
a 56 52 0 40 10
a 56 51 0 34 5
a 57 100 0 40 5
a 57 67 0 45 1
a 61 92 0 40 4
a 61 70 0 3 1
a 63 90 0 40 1
a 63 47 0 48 10
a 65 77 0 40 5
a 65 23 0 16 1
a 68 49 0 40 7
a 68 23 0 17 2
a 73 99 0 40 1
a 73 3 0 40 6
a 77 94 0 40 7
a 77 32 0 41 1
a 78 93 0 40 4
a 78 31 0 47 4
a 79 91 0 40 7
a 79 29 0 40 1
a 81 88 0 40 8
a 81 67 0 45 10
a 82 51 0 40 2
a 82 87 0 20 3
a 83 25 0 40 3
a 83 4 0 46 9
a 84 4 0 40 2
a 84 56 0 22 5
a 88 24 0 40 10
a 88 89 0 23 10
a 90 68 0 40 7
a 90 47 0 49 4
a 91 57 0 40 1
a 91 44 0 33 10
a 92 45 0 40 9
a 92 18 0 32 2
a 93 65 0 40 1
a 93 12 0 30 10
a 94 16 0 40 5
a 94 58 0 32 5
a 95 78 0 40 3
a 95 25 0 21 2
a 97 35 0 40 9
a 97 47 0 5 4
