c PyNETGEN v1.0.0
c $ pip install pynetgen
c
c  NETGEN flow network generation algorithm
c  Problem input parameters
c  -------------------------------------
c   Random seed:          15
c   Number of nodes:      100
c   Source nodes:         2
c   Sink nodes:           2
c   Number of arcs:       200
c   Minimum arc cost:     1
c   Maximum arc cost:     10
c   Total supply:         50
c   Transshipment -
c     Sources:            0
c     Sinks:              0
c   Skeleton arcs -
c     With max cost:      0
c     Capacitated:        100
c   Minimum arc capacity: 0
c   Maximum arc capacity: 50
c
c  *** Minimum cost flow ***
c
p min 100 200
n 1 46
n 2 4
n 99 -31
n 100 -19
a 1 30 0 46 9
a 1 78 0 20 3
a 3 84 0 46 3
a 3 28 0 46 10
a 4 95 0 46 9
a 4 68 0 5 10
a 5 51 0 46 4
a 5 98 0 31 4
a 5 49 0 0 5
a 6 47 0 46 1
a 6 40 0 2 2
a 11 62 0 46 9
a 11 56 0 18 7
a 13 69 0 46 3
a 13 3 0 22 7
a 15 91 0 46 10
a 15 73 0 26 6
a 17 98 0 46 9
a 17 42 0 42 1
a 17 24 0 47 6
a 18 50 0 46 7
a 18 13 0 6 8
a 18 7 0 2 7
a 20 82 0 46 7
a 20 38 0 43 7
a 22 85 0 46 1
a 22 71 0 5 4
a 23 17 0 46 5
a 23 100 0 23 4
a 24 96 0 46 10
a 24 84 0 43 8
a 24 74 0 2 8
a 27 88 0 46 9
a 27 13 0 13 8
a 29 4 0 46 7
a 29 92 0 18 2
a 30 29 0 46 5
a 30 83 0 32 4
a 33 67 0 46 1
a 33 77 0 36 8
a 34 99 0 46 9
a 34 22 0 50 1
a 36 15 0 46 2
a 36 62 0 31 8
a 41 92 0 46 8
a 41 60 0 3 1
a 42 3 0 46 2
a 42 67 0 4 5
a 43 11 0 46 7
a 43 76 0 0 3
a 46 57 0 46 7
a 46 98 0 16 7
a 47 34 0 46 10
a 47 12 0 20 3
a 50 90 0 46 5
a 50 52 0 44 4
a 51 81 0 46 7
a 51 47 0 10 4
a 56 33 0 46 8
a 56 57 0 32 9
a 57 60 0 46 9
a 57 80 0 1 2
a 60 56 0 46 6
a 60 43 0 21 6
a 62 71 0 46 2
a 62 5 0 36 9
a 63 24 0 46 10
a 63 39 0 32 3
a 64 5 0 46 9
a 64 34 0 41 2
a 66 13 0 46 6
a 66 80 0 49 1
a 67 66 0 46 6
a 67 81 0 38 10
a 69 22 0 46 3
a 69 32 0 27 4
a 70 46 0 46 1
a 70 99 0 12 9
a 71 72 0 46 10
a 71 62 0 9 3
a 72 41 0 46 9
a 72 100 0 46 7
a 74 87 0 46 9
a 74 77 0 8 3
a 80 94 0 46 7
a 80 19 0 37 4
a 81 89 0 46 1
a 81 83 0 45 5
a 82 23 0 46 3
a 82 28 0 42 2
a 84 74 0 46 1
a 84 62 0 38 8
a 85 63 0 46 5
a 85 59 0 6 7
a 87 6 0 46 9
a 87 63 0 30 9
a 88 43 0 46 6
a 88 90 0 5 4
a 89 42 0 46 7
a 89 24 0 12 8
a 90 36 0 46 5
a 90 24 0 34 3
a 91 20 0 46 10
a 91 82 0 23 9
a 92 70 0 46 4
a 92 33 0 41 2
a 94 64 0 46 5
a 94 56 0 12 9
a 95 97 0 46 10
a 95 66 0 34 2
a 96 80 0 46 7
a 96 30 0 35 2
a 97 18 0 46 1
a 97 67 0 27 6
a 98 27 0 46 6
a 98 5 0 36 9
a 2 49 0 4 7
a 2 67 0 29 1
a 7 78 0 4 2
a 7 31 0 24 9
a 8 28 0 4 2
a 8 52 0 46 3
a 9 7 0 4 6
a 9 15 0 19 8
a 10 59 0 4 6
a 10 8 0 35 1
a 12 19 0 4 7
a 12 24 0 24 2
a 14 9 0 4 6
a 14 55 0 4 10
a 16 25 0 4 1
a 16 14 0 1 5
a 19 48 0 4 2
a 19 85 0 32 2
a 21 8 0 4 8
a 21 100 0 32 1
a 25 10 0 4 8
a 25 8 0 43 9
a 26 39 0 4 6
a 26 24 0 2 6
a 28 44 0 4 1
a 28 22 0 16 9
a 31 53 0 4 3
a 31 100 0 4 2
a 32 86 0 4 10
a 32 12 0 26 7
a 35 32 0 4 4
a 35 57 0 8 2
a 37 40 0 4 7
a 37 18 0 15 8
a 38 35 0 4 8
a 38 17 0 3 1
a 39 54 0 4 4
a 39 68 0 35 4
a 40 12 0 4 6
a 40 15 0 44 3
a 44 93 0 4 6
a 44 37 0 18 7
a 45 38 0 4 5
a 45 6 0 26 6
a 48 21 0 4 10
a 48 99 0 22 1
a 49 68 0 4 2
a 49 70 0 49 7
a 52 79 0 4 4
a 52 31 0 1 7
a 53 65 0 4 10
a 53 41 0 25 4
a 54 14 0 4 9
a 54 81 0 41 4
a 55 45 0 4 10
a 55 48 0 13 6
a 58 52 0 4 7
a 58 38 0 46 3
a 59 61 0 4 10
a 59 51 0 18 9
a 61 31 0 4 9
a 61 4 0 50 2
a 65 83 0 4 3
a 65 92 0 12 2
a 68 26 0 4 1
a 68 61 0 0 6
a 73 99 0 4 4
a 73 93 0 2 4
a 75 37 0 4 9
a 75 36 0 48 3
a 76 58 0 4 1
a 76 84 0 23 2
a 77 55 0 4 7
a 77 56 0 3 5
a 78 77 0 4 1
a 78 88 0 8 8
a 79 16 0 4 6
a 79 71 0 12 9
a 83 75 0 4 9
a 83 62 0 27 10
a 86 76 0 4 6
a 86 63 0 33 4
a 93 73 0 4 2
a 93 99 0 19 4
