c PyNETGEN v1.0.0
c $ pip install pynetgen
c
c  NETGEN flow network generation algorithm
c  Problem input parameters
c  -------------------------------------
c   Random seed:          9
c   Number of nodes:      100
c   Source nodes:         2
c   Sink nodes:           2
c   Number of arcs:       200
c   Minimum arc cost:     1
c   Maximum arc cost:     10
c   Total supply:         50
c   Transshipment -
c     Sources:            0
c     Sinks:              0
c   Skeleton arcs -
c     With max cost:      0
c     Capacitated:        100
c   Minimum arc capacity: 0
c   Maximum arc capacity: 50
c
c  *** Minimum cost flow ***
c
p min 100 200
n 1 49
n 2 1
n 99 -25
n 100 -25
a 1 44 0 49 1
a 1 35 0 22 3
a 14 17 0 49 1
a 14 90 0 48 4
a 14 5 0 12 10
a 15 38 0 49 8
a 15 80 0 0 10
a 15 61 0 29 6
a 17 100 0 49 10
a 17 80 0 9 10
a 17 37 0 47 5
a 18 23 0 49 4
a 18 87 0 36 10
a 20 90 0 49 7
a 20 87 0 23 10
a 21 30 0 49 3
a 21 65 0 5 8
a 23 66 0 49 8
a 23 91 0 5 5
a 23 35 0 18 8
a 24 34 0 49 10
a 24 55 0 14 6
a 25 85 0 49 4
a 25 75 0 2 6
a 26 14 0 49 9
a 26 99 0 45 3
a 28 37 0 49 6
a 28 86 0 32 8
a 29 20 0 49 2
a 29 44 0 44 4
a 30 60 0 49 8
a 30 80 0 42 10
a 33 68 0 49 10
a 33 94 0 23 8
a 34 76 0 49 6
a 34 10 0 26 5
a 37 63 0 49 10
a 37 17 0 9 6
a 38 79 0 49 9
a 38 27 0 37 2
a 39 33 0 49 4
a 39 99 0 49 10
a 41 43 0 49 7
a 41 29 0 11 9
a 43 57 0 49 4
a 43 22 0 35 2
a 44 77 0 49 3
a 44 54 0 43 1
a 46 15 0 49 9
a 46 100 0 42 7
a 55 69 0 49 2
a 55 8 0 21 6
a 57 93 0 49 2
a 57 81 0 8 9
a 59 26 0 49 4
a 59 66 0 13 9
a 60 29 0 49 4
a 60 14 0 0 10
a 62 97 0 49 2
a 62 95 0 41 10
a 63 74 0 49 4
a 63 23 0 18 5
a 64 55 0 49 1
a 64 80 0 12 4
a 66 46 0 49 3
a 66 91 0 3 4
a 67 28 0 49 4
a 67 39 0 36 3
a 68 92 0 49 7
a 68 23 0 50 4
a 69 41 0 49 9
a 69 49 0 24 5
a 71 82 0 49 3
a 71 30 0 43 6
a 74 18 0 49 3
a 74 56 0 33 5
a 76 59 0 49 3
a 76 39 0 25 5
a 77 25 0 49 5
a 77 68 0 3 6
a 79 62 0 49 10
a 79 78 0 48 2
a 82 67 0 49 6
a 82 66 0 5 1
a 85 39 0 49 10
a 85 25 0 12 9
a 88 21 0 49 9
a 88 70 0 22 5
a 90 71 0 49 5
a 90 89 0 25 3
a 91 88 0 49 1
a 91 26 0 38 6
a 92 98 0 49 2
a 92 62 0 39 2
a 93 24 0 49 4
a 93 84 0 8 8
a 97 64 0 49 2
a 97 28 0 18 8
a 98 91 0 49 2
a 98 41 0 12 10
a 2 50 0 1 6
a 2 30 0 39 2
a 3 94 0 1 3
a 3 9 0 45 3
a 4 58 0 1 2
a 4 16 0 43 5
a 5 61 0 1 7
a 5 22 0 10 9
a 6 36 0 1 10
a 6 98 0 31 3
a 7 31 0 1 9
a 7 49 0 6 6
a 8 12 0 1 2
a 8 96 0 11 2
a 9 95 0 1 3
a 9 16 0 44 9
a 10 7 0 1 6
a 10 88 0 2 3
a 11 56 0 1 7
a 11 14 0 9 6
a 12 19 0 1 3
a 12 84 0 7 1
a 13 78 0 1 6
a 13 54 0 47 2
a 16 96 0 1 10
a 16 64 0 26 7
a 19 99 0 1 10
a 19 34 0 45 7
a 22 65 0 1 2
a 22 47 0 33 9
a 27 4 0 1 7
a 27 100 0 1 3
a 31 22 0 1 4
a 31 17 0 13 10
a 32 10 0 1 9
a 32 17 0 43 6
a 35 89 0 1 10
a 35 41 0 20 3
a 36 42 0 1 5
a 36 62 0 21 1
a 40 52 0 1 7
a 40 95 0 46 3
a 42 80 0 1 1
a 42 44 0 36 3
a 45 81 0 1 6
a 45 40 0 36 10
a 47 72 0 1 9
a 47 41 0 15 1
a 48 6 0 1 10
a 48 26 0 9 8
a 49 51 0 1 10
a 49 58 0 27 7
a 50 3 0 1 5
a 50 22 0 31 9
a 51 48 0 1 4
a 51 35 0 47 3
a 52 13 0 1 10
a 52 70 0 21 6
a 53 47 0 1 7
a 53 83 0 46 10
a 54 45 0 1 7
a 54 80 0 49 5
a 56 5 0 1 7
a 56 88 0 9 8
a 58 54 0 1 1
a 58 98 0 21 10
a 61 27 0 1 10
a 61 46 0 15 1
a 65 84 0 1 10
a 65 4 0 14 5
a 70 83 0 1 4
a 70 17 0 18 6
a 72 73 0 1 4
a 72 24 0 48 5
a 73 9 0 1 7
a 73 39 0 36 6
a 75 32 0 1 7
a 75 3 0 40 1
a 78 70 0 1 1
a 78 49 0 2 1
a 80 35 0 1 5
a 80 76 0 15 2
a 81 8 0 1 7
a 81 19 0 42 9
a 83 53 0 1 1
a 83 42 0 49 7
a 84 40 0 1 3
a 84 12 0 24 9
a 86 16 0 1 2
a 86 100 0 12 2
a 87 11 0 1 7
a 87 47 0 5 6
a 89 86 0 1 6
a 89 81 0 48 1
a 94 75 0 1 4
a 94 84 0 11 3
a 95 49 0 1 10
a 95 84 0 35 7
a 96 87 0 1 3
a 96 92 0 42 4
