c PyNETGEN v1.0.0
c $ pip install pynetgen
c
c  NETGEN flow network generation algorithm
c  Problem input parameters
c  -------------------------------------
c   Random seed:          11
c   Number of nodes:      100
c   Source nodes:         2
c   Sink nodes:           2
c   Number of arcs:       200
c   Minimum arc cost:     1
c   Maximum arc cost:     10
c   Total supply:         50
c   Transshipment -
c     Sources:            0
c     Sinks:              0
c   Skeleton arcs -
c     With max cost:      0
c     Capacitated:        100
c   Minimum arc capacity: 0
c   Maximum arc capacity: 50
c
c  *** Minimum cost flow ***
c
p min 100 200
n 1 25
n 2 25
n 99 -22
n 100 -28
a 1 29 0 25 8
a 1 17 0 30 2
a 3 94 0 25 4
a 3 47 0 39 7
a 4 67 0 25 3
a 4 8 0 48 2
a 4 26 0 17 3
a 12 23 0 25 8
a 12 43 0 20 10
a 13 100 0 25 8
a 13 61 0 25 8
a 13 63 0 46 10
a 13 43 0 25 2
a 14 50 0 25 7
a 14 34 0 18 7
a 20 65 0 25 10
a 20 30 0 29 10
a 20 15 0 34 6
a 21 76 0 25 4
a 21 77 0 21 6
a 22 4 0 25 2
a 22 30 0 28 8
a 23 3 0 25 8
a 23 37 0 13 1
a 24 28 0 25 9
a 24 16 0 39 5
a 27 64 0 25 2
a 27 51 0 0 8
a 28 93 0 25 3
a 28 15 0 44 1
a 29 84 0 25 8
a 29 20 0 44 6
a 31 27 0 25 9
a 31 50 0 1 1
a 32 87 0 25 9
a 32 26 0 30 7
a 36 97 0 25 10
a 36 90 0 28 7
a 37 78 0 25 9
a 37 68 0 12 7
a 48 37 0 25 2
a 48 57 0 19 8
a 50 81 0 25 5
a 50 79 0 33 8
a 51 24 0 25 8
a 51 66 0 6 6
a 58 96 0 25 7
a 58 23 0 43 8
a 61 69 0 25 2
a 61 49 0 15 6
a 64 13 0 25 3
a 64 98 0 1 5
a 65 98 0 25 5
a 65 70 0 27 7
a 67 20 0 25 8
a 67 86 0 33 5
a 68 79 0 25 6
a 68 43 0 36 3
a 69 74 0 25 5
a 69 27 0 48 6
a 70 14 0 25 8
a 70 91 0 25 9
a 74 85 0 25 5
a 74 63 0 44 1
a 75 99 0 25 9
a 75 13 0 29 1
a 76 32 0 25 3
a 76 78 0 43 8
a 78 70 0 25 4
a 78 25 0 27 8
a 79 58 0 25 2
a 79 83 0 11 4
a 81 36 0 25 4
a 81 35 0 34 10
a 83 68 0 25 4
a 83 46 0 29 9
a 84 51 0 25 4
a 84 43 0 8 10
a 85 89 0 25 9
a 85 59 0 5 8
a 87 22 0 25 2
a 87 73 0 48 4
a 89 48 0 25 5
a 89 91 0 31 6
a 93 31 0 25 4
a 93 17 0 2 4
a 94 75 0 25 8
a 94 52 0 3 7
a 96 12 0 25 9
a 96 91 0 35 6
a 97 21 0 25 2
a 97 45 0 29 2
a 98 83 0 25 5
a 98 20 0 29 7
a 2 17 0 25 7
a 2 99 0 37 1
a 5 26 0 25 4
a 5 36 0 15 8
a 6 16 0 25 9
a 6 43 0 37 5
a 7 33 0 25 6
a 7 84 0 33 7
a 8 86 0 25 5
a 8 76 0 36 5
a 9 72 0 25 1
a 9 97 0 44 6
a 10 92 0 25 8
a 10 96 0 23 6
a 11 99 0 25 5
a 11 40 0 40 3
a 15 56 0 25 7
a 15 27 0 33 7
a 16 80 0 25 10
a 16 4 0 13 10
a 17 25 0 25 6
a 17 36 0 38 6
a 18 7 0 25 2
a 18 85 0 26 4
a 19 100 0 25 5
a 19 55 0 25 2
a 25 91 0 25 8
a 25 26 0 35 2
a 26 45 0 25 2
a 26 9 0 34 8
a 30 6 0 25 9
a 30 33 0 28 7
a 33 88 0 25 8
a 33 92 0 4 5
a 34 49 0 25 10
a 34 57 0 46 2
a 35 18 0 25 9
a 35 100 0 49 2
a 38 47 0 25 5
a 38 27 0 34 7
a 39 35 0 25 9
a 39 9 0 20 4
a 40 52 0 25 7
a 40 84 0 34 8
a 41 42 0 25 2
a 41 14 0 10 6
a 42 90 0 25 4
a 42 40 0 6 2
a 43 82 0 25 2
a 43 19 0 2 2
a 44 5 0 25 3
a 44 83 0 23 7
a 45 62 0 25 3
a 45 87 0 8 6
a 46 63 0 25 8
a 46 91 0 22 9
a 47 9 0 25 1
a 47 93 0 27 5
a 49 39 0 25 3
a 49 59 0 23 9
a 52 38 0 25 10
a 52 37 0 15 7
a 53 46 0 25 7
a 53 72 0 5 6
a 54 40 0 25 4
a 54 83 0 19 2
a 55 60 0 25 3
a 55 56 0 19 8
a 56 95 0 25 8
a 56 12 0 15 9
a 57 11 0 25 9
a 57 59 0 50 8
a 59 73 0 25 3
a 59 76 0 5 4
a 60 15 0 25 9
a 60 94 0 3 7
a 62 66 0 25 1
a 62 44 0 32 3
a 63 30 0 25 10
a 63 73 0 31 2
a 66 71 0 25 2
a 66 81 0 19 6
a 71 43 0 25 3
a 71 59 0 44 6
a 72 10 0 25 3
a 72 12 0 46 2
a 73 34 0 25 1
a 73 48 0 25 3
a 77 59 0 25 9
a 77 81 0 16 9
a 80 54 0 25 2
a 80 88 0 23 10
a 82 53 0 25 5
a 82 10 0 40 10
a 86 44 0 25 7
a 86 17 0 46 2
a 88 57 0 25 5
a 88 89 0 24 9
a 90 8 0 25 1
a 90 40 0 42 3
a 91 41 0 25 4
a 91 96 0 24 5
a 92 19 0 25 1
a 92 35 0 6 2
a 95 77 0 25 2
a 95 42 0 29 8
