c PyNETGEN v1.0.0
c $ pip install pynetgen
c
c  NETGEN flow network generation algorithm
c  Problem input parameters
c  -------------------------------------
c   Random seed:          14
c   Number of nodes:      100
c   Source nodes:         2
c   Sink nodes:           2
c   Number of arcs:       200
c   Minimum arc cost:     1
c   Maximum arc cost:     10
c   Total supply:         50
c   Transshipment -
c     Sources:            0
c     Sinks:              0
c   Skeleton arcs -
c     With max cost:      0
c     Capacitated:        100
c   Minimum arc capacity: 0
c   Maximum arc capacity: 50
c
c  *** Minimum cost flow ***
c
p min 100 200
n 1 46
n 2 4
n 99 -25
n 100 -25
a 1 22 0 46 7
a 1 39 0 29 7
a 1 38 0 12 8
a 4 42 0 46 8
a 4 89 0 16 10
a 6 75 0 46 8
a 6 47 0 17 6
a 7 33 0 46 3
a 7 39 0 5 6
a 9 36 0 46 2
a 9 58 0 22 4
a 12 40 0 46 1
a 12 29 0 0 2
a 14 15 0 46 2
a 14 24 0 22 4
a 14 100 0 22 5
a 15 20 0 46 5
a 15 48 0 46 1
a 16 88 0 46 9
a 16 31 0 8 2
a 17 60 0 46 5
a 17 80 0 16 6
a 18 14 0 46 5
a 18 81 0 3 8
a 18 57 0 18 9
a 19 26 0 46 7
a 19 31 0 32 2
a 20 80 0 46 1
a 20 71 0 30 4
a 20 35 0 12 7
a 21 27 0 46 8
a 21 58 0 34 8
a 22 12 0 46 6
a 22 23 0 36 8
a 24 84 0 46 6
a 24 72 0 49 3
a 26 32 0 46 8
a 26 78 0 45 8
a 27 79 0 46 8
a 27 52 0 49 3
a 32 89 0 46 1
a 32 49 0 6 2
a 33 19 0 46 1
a 33 90 0 39 7
a 35 76 0 46 5
a 35 94 0 42 8
a 36 87 0 46 1
a 36 26 0 9 8
a 38 91 0 46 2
a 38 56 0 24 4
a 39 38 0 46 4
a 39 100 0 46 5
a 40 59 0 46 6
a 40 57 0 38 9
a 42 96 0 46 8
a 42 49 0 6 6
a 43 97 0 46 6
a 43 17 0 48 9
a 44 98 0 46 2
a 44 85 0 13 5
a 46 39 0 46 7
a 46 85 0 40 5
a 50 9 0 46 1
a 50 58 0 33 3
a 53 21 0 46 2
a 53 49 0 30 5
a 59 7 0 46 8
a 59 68 0 39 1
a 60 18 0 46 7
a 60 9 0 21 7
a 68 50 0 46 8
a 68 30 0 43 10
a 71 16 0 46 10
a 71 57 0 50 3
a 74 68 0 46 3
a 74 56 0 34 9
a 75 81 0 46 2
a 75 5 0 42 8
a 76 71 0 46 2
a 76 10 0 13 7
a 77 17 0 46 10
a 77 19 0 1 5
a 79 46 0 46 4
a 79 82 0 33 6
a 80 35 0 46 1
a 80 53 0 33 1
a 81 24 0 46 8
a 81 87 0 3 6
a 84 99 0 46 9
a 84 64 0 14 1
a 87 4 0 46 1
a 87 25 0 25 5
a 88 6 0 46 1
a 88 60 0 16 6
a 89 74 0 46 3
a 89 82 0 35 5
a 91 43 0 46 8
a 91 14 0 11 8
a 96 44 0 46 6
a 96 16 0 50 1
a 97 77 0 46 7
a 97 81 0 20 4
a 98 53 0 46 10
a 98 24 0 47 8
a 2 65 0 4 10
a 2 77 0 30 2
a 3 83 0 4 10
a 3 11 0 30 4
a 5 63 0 4 3
a 5 42 0 43 2
a 8 72 0 4 1
a 8 69 0 15 1
a 10 69 0 4 7
a 10 11 0 23 10
a 11 8 0 4 9
a 11 66 0 29 2
a 13 45 0 4 1
a 13 44 0 12 3
a 23 52 0 4 4
a 23 100 0 4 8
a 25 30 0 4 6
a 25 50 0 18 1
a 28 93 0 4 5
a 28 79 0 49 1
a 29 47 0 4 10
a 29 87 0 24 4
a 30 70 0 4 6
a 30 78 0 35 2
a 31 28 0 4 6
a 31 99 0 8 8
a 34 3 0 4 1
a 34 58 0 39 6
a 37 61 0 4 4
a 37 22 0 20 9
a 41 66 0 4 5
a 41 72 0 47 10
a 45 29 0 4 8
a 45 11 0 14 7
a 47 95 0 4 3
a 47 39 0 27 10
a 48 41 0 4 10
a 48 60 0 15 7
a 49 94 0 4 10
a 49 38 0 8 9
a 51 67 0 4 10
a 51 77 0 36 4
a 52 82 0 4 10
a 52 15 0 9 8
a 54 78 0 4 3
a 54 63 0 48 8
a 55 49 0 4 8
a 55 74 0 11 6
a 56 34 0 4 7
a 56 77 0 9 1
a 57 58 0 4 9
a 57 49 0 36 8
a 58 55 0 4 6
a 58 37 0 44 9
a 61 85 0 4 7
a 61 83 0 38 5
a 62 64 0 4 9
a 62 69 0 14 5
a 63 23 0 4 7
a 63 89 0 0 10
a 64 31 0 4 2
a 64 65 0 21 3
a 65 57 0 4 5
a 65 70 0 32 4
a 66 25 0 4 8
a 66 84 0 45 7
a 67 48 0 4 9
a 67 10 0 48 10
a 69 5 0 4 7
a 69 15 0 21 10
a 70 37 0 4 9
a 70 23 0 17 4
a 72 51 0 4 3
a 72 91 0 40 9
a 73 92 0 4 6
a 73 14 0 6 9
a 78 86 0 4 3
a 78 31 0 41 8
a 82 56 0 4 1
a 82 59 0 0 10
a 83 11 0 4 8
a 83 54 0 31 4
a 85 54 0 4 4
a 85 94 0 6 7
a 86 13 0 4 4
a 86 42 0 47 9
a 90 73 0 4 5
a 90 53 0 33 5
a 92 99 0 4 2
a 92 29 0 1 8
a 93 90 0 4 10
a 93 50 0 20 6
a 94 10 0 4 5
a 94 72 0 46 8
a 95 62 0 4 1
a 95 81 0 40 5
