c PyNETGEN v1.0.0
c $ pip install pynetgen
c
c  NETGEN flow network generation algorithm
c  Problem input parameters
c  -------------------------------------
c   Random seed:          8
c   Number of nodes:      100
c   Source nodes:         2
c   Sink nodes:           2
c   Number of arcs:       200
c   Minimum arc cost:     1
c   Maximum arc cost:     10
c   Total supply:         50
c   Transshipment -
c     Sources:            0
c     Sinks:              0
c   Skeleton arcs -
c     With max cost:      0
c     Capacitated:        100
c   Minimum arc capacity: 0
c   Maximum arc capacity: 50
c
c  *** Minimum cost flow ***
c
p min 100 200
n 1 7
n 2 43
n 99 -23
n 100 -27
a 1 36 0 7 6
a 1 93 0 31 10
a 1 8 0 43 7
a 4 12 0 7 4
a 4 53 0 42 6
a 4 14 0 42 4
a 8 72 0 7 3
a 8 54 0 20 6
a 9 39 0 7 5
a 9 33 0 39 2
a 9 56 0 16 7
a 12 43 0 7 9
a 12 60 0 18 5
a 12 93 0 12 10
a 14 61 0 7 1
a 14 44 0 5 8
a 16 30 0 7 5
a 16 9 0 15 1
a 18 21 0 7 10
a 18 66 0 30 4
a 20 42 0 7 5
a 20 89 0 49 4
a 21 9 0 7 1
a 21 44 0 27 7
a 25 44 0 7 10
a 25 16 0 6 5
a 26 96 0 7 5
a 26 65 0 20 1
a 30 58 0 7 3
a 30 17 0 25 4
a 31 79 0 7 8
a 31 71 0 23 3
a 33 93 0 7 10
a 33 100 0 7 7
a 35 70 0 7 6
a 35 4 0 3 6
a 36 59 0 7 6
a 36 62 0 0 2
a 37 99 0 7 10
a 37 24 0 39 5
a 38 26 0 7 4
a 38 34 0 33 1
a 39 31 0 7 10
a 39 22 0 21 9
a 40 14 0 7 4
a 40 47 0 20 4
a 42 83 0 7 6
a 42 55 0 27 1
a 43 37 0 7 6
a 43 97 0 6 6
a 44 16 0 7 7
a 44 15 0 16 3
a 45 48 0 7 2
a 45 49 0 7 7
a 46 8 0 7 5
a 46 63 0 14 3
a 47 45 0 7 3
a 47 86 0 31 10
a 48 38 0 7 6
a 48 13 0 11 9
a 58 90 0 7 4
a 58 82 0 19 9
a 59 60 0 7 1
a 59 72 0 8 2
a 60 47 0 7 3
a 60 67 0 28 1
a 61 33 0 7 5
a 61 20 0 15 2
a 63 25 0 7 3
a 63 6 0 30 4
a 65 46 0 7 6
a 65 66 0 10 2
a 67 40 0 7 1
a 67 72 0 21 10
a 70 71 0 7 5
a 70 76 0 12 1
a 71 94 0 7 3
a 71 13 0 42 3
a 72 20 0 7 5
a 72 86 0 11 6
a 79 84 0 7 3
a 79 43 0 37 10
a 83 67 0 7 1
a 83 71 0 4 4
a 84 4 0 7 4
a 84 59 0 33 9
a 90 18 0 7 6
a 90 42 0 5 6
a 93 63 0 7 1
a 93 60 0 48 2
a 94 65 0 7 1
a 94 19 0 25 3
a 96 35 0 7 5
a 96 63 0 49 1
a 2 66 0 43 1
a 2 50 0 50 9
a 3 77 0 43 1
a 3 34 0 25 3
a 5 55 0 43 9
a 5 99 0 37 10
a 6 80 0 43 9
a 6 39 0 12 4
a 7 13 0 43 5
a 7 91 0 20 1
a 10 78 0 43 7
a 10 36 0 35 5
a 11 3 0 43 7
a 11 32 0 6 4
a 13 76 0 43 6
a 13 11 0 39 3
a 15 50 0 43 6
a 15 51 0 45 1
a 17 73 0 43 3
a 17 35 0 24 3
a 19 52 0 43 10
a 19 58 0 42 8
a 22 97 0 43 7
a 22 95 0 36 5
a 23 6 0 43 9
a 23 38 0 45 2
a 24 92 0 43 1
a 24 78 0 26 6
a 27 95 0 43 10
a 27 56 0 39 6
a 28 88 0 43 9
a 28 68 0 12 3
a 29 19 0 43 7
a 29 42 0 23 10
a 32 82 0 43 3
a 32 35 0 38 9
a 34 87 0 43 2
a 34 65 0 48 8
a 41 75 0 43 1
a 41 84 0 39 3
a 49 5 0 43 10
a 49 46 0 5 8
a 50 54 0 43 9
a 50 88 0 33 2
a 51 57 0 43 6
a 51 27 0 18 3
a 52 17 0 43 4
a 52 81 0 27 7
a 53 34 0 43 8
a 53 96 0 26 4
a 54 49 0 43 7
a 54 90 0 17 6
a 55 69 0 43 7
a 55 90 0 35 10
a 56 81 0 43 9
a 56 76 0 4 1
a 57 24 0 43 1
a 57 47 0 26 7
a 62 74 0 43 6
a 62 53 0 0 7
a 64 62 0 43 8
a 64 93 0 14 8
a 66 89 0 43 8
a 66 35 0 48 8
a 68 99 0 43 8
a 68 13 0 30 2
a 69 11 0 43 3
a 69 16 0 36 1
a 73 53 0 43 9
a 73 88 0 32 6
a 74 68 0 43 6
a 74 5 0 19 10
a 75 23 0 43 4
a 75 5 0 20 4
a 76 51 0 43 1
a 76 50 0 9 10
a 77 29 0 43 5
a 77 14 0 42 9
a 78 22 0 43 8
a 78 88 0 33 2
a 80 15 0 43 1
a 80 14 0 36 10
a 81 10 0 43 6
a 81 100 0 43 8
a 82 85 0 43 4
a 82 4 0 47 8
a 85 86 0 43 7
a 85 46 0 5 1
a 86 98 0 43 4
a 86 80 0 40 8
a 87 64 0 43 7
a 87 59 0 7 8
a 88 7 0 43 6
a 88 23 0 7 4
a 89 27 0 43 9
a 89 85 0 5 6
a 91 56 0 43 1
a 91 13 0 4 6
a 92 32 0 43 2
a 92 9 0 37 7
a 95 28 0 43 8
a 95 72 0 4 6
a 97 41 0 43 9
a 97 61 0 48 4
a 98 91 0 43 2
a 98 74 0 37 2
