c PyNETGEN v1.0.0
c $ pip install pynetgen
c
c  NETGEN flow network generation algorithm
c  Problem input parameters
c  -------------------------------------
c   Random seed:          7
c   Number of nodes:      100
c   Source nodes:         2
c   Sink nodes:           2
c   Number of arcs:       200
c   Minimum arc cost:     1
c   Maximum arc cost:     10
c   Total supply:         50
c   Transshipment -
c     Sources:            0
c     Sinks:              0
c   Skeleton arcs -
c     With max cost:      0
c     Capacitated:        100
c   Minimum arc capacity: 0
c   Maximum arc capacity: 50
c
c  *** Minimum cost flow ***
c
p min 100 200
n 1 25
n 2 25
n 99 -36
n 100 -14
a 1 28 0 25 4
a 1 85 0 40 4
a 7 85 0 25 8
a 7 66 0 6 4
a 7 92 0 46 9
a 8 21 0 25 3
a 8 42 0 34 7
a 9 40 0 25 7
a 9 70 0 15 2
a 10 61 0 25 5
a 10 46 0 11 6
a 10 68 0 13 8
a 15 31 0 25 3
a 15 61 0 20 1
a 15 28 0 49 1
a 21 15 0 25 4
a 21 31 0 41 3
a 21 4 0 23 6
a 22 9 0 25 5
a 22 82 0 42 10
a 23 79 0 25 3
a 23 57 0 8 2
a 24 50 0 25 8
a 24 42 0 27 8
a 26 47 0 25 1
a 26 64 0 18 7
a 28 42 0 25 4
a 28 46 0 8 4
a 31 62 0 25 4
a 31 23 0 6 4
a 33 77 0 25 8
a 33 95 0 4 3
a 34 64 0 25 7
a 34 12 0 18 8
a 35 83 0 25 7
a 35 38 0 37 7
a 39 35 0 25 3
a 39 7 0 35 8
a 40 84 0 25 3
a 40 76 0 37 2
a 42 96 0 25 1
a 42 41 0 3 5
a 43 59 0 25 6
a 43 63 0 45 4
a 44 99 0 25 8
a 44 64 0 8 8
a 47 63 0 25 6
a 47 80 0 17 3
a 49 53 0 25 5
a 49 79 0 12 1
a 50 7 0 25 1
a 50 86 0 48 10
a 51 68 0 25 3
a 51 45 0 48 4
a 53 69 0 25 3
a 53 91 0 44 1
a 54 34 0 25 10
a 54 91 0 49 10
a 55 66 0 25 3
a 55 38 0 25 2
a 57 98 0 25 7
a 57 84 0 21 8
a 59 33 0 25 1
a 59 32 0 25 10
a 61 92 0 25 7
a 61 97 0 44 8
a 62 65 0 25 6
a 62 21 0 27 5
a 63 55 0 25 2
a 63 30 0 9 3
a 64 43 0 25 10
a 64 38 0 31 9
a 65 23 0 25 7
a 65 44 0 48 9
a 66 90 0 25 7
a 66 20 0 38 3
a 68 8 0 25 8
a 68 91 0 19 1
a 69 10 0 25 4
a 69 65 0 4 2
a 74 57 0 25 8
a 74 47 0 8 8
a 75 26 0 25 7
a 75 69 0 4 4
a 76 22 0 25 1
a 76 30 0 0 10
a 77 39 0 25 6
a 77 94 0 14 10
a 79 76 0 25 1
a 79 89 0 6 9
a 83 24 0 25 7
a 83 100 0 25 3
a 84 54 0 25 1
a 84 31 0 8 7
a 85 74 0 25 2
a 85 92 0 43 3
a 90 51 0 25 3
a 90 73 0 31 3
a 92 75 0 25 7
a 92 25 0 12 6
a 96 49 0 25 4
a 96 58 0 48 1
a 98 44 0 25 9
a 98 78 0 36 3
a 2 82 0 25 9
a 2 55 0 2 5
a 3 88 0 25 4
a 3 71 0 2 6
a 4 72 0 25 2
a 4 23 0 47 10
a 5 32 0 25 6
a 5 53 0 33 6
a 6 67 0 25 4
a 6 72 0 37 4
a 11 12 0 25 10
a 11 99 0 40 10
a 12 86 0 25 1
a 12 72 0 44 7
a 13 89 0 25 1
a 13 29 0 30 5
a 14 6 0 25 9
a 14 74 0 45 8
a 16 25 0 25 4
a 16 90 0 31 10
a 17 3 0 25 8
a 17 73 0 23 9
a 18 99 0 25 1
a 18 16 0 1 3
a 19 46 0 25 4
a 19 23 0 17 2
a 20 30 0 25 7
a 20 82 0 4 8
a 25 71 0 25 2
a 25 4 0 44 10
a 27 38 0 25 6
a 27 89 0 1 1
a 29 14 0 25 7
a 29 54 0 10 8
a 30 56 0 25 1
a 30 98 0 35 4
a 32 27 0 25 8
a 32 44 0 14 3
a 36 58 0 25 6
a 36 30 0 7 10
a 37 73 0 25 9
a 37 79 0 18 7
a 38 41 0 25 3
a 38 5 0 24 8
a 41 95 0 25 2
a 41 43 0 35 7
a 45 60 0 25 7
a 45 24 0 7 5
a 46 94 0 25 9
a 46 39 0 32 7
a 48 52 0 25 2
a 48 82 0 19 2
a 52 20 0 25 10
a 52 100 0 25 10
a 56 29 0 25 4
a 56 10 0 19 8
a 58 81 0 25 5
a 58 85 0 7 3
a 60 91 0 25 4
a 60 95 0 38 4
a 67 70 0 25 10
a 67 33 0 36 2
a 70 36 0 25 3
a 70 3 0 3 1
a 71 4 0 25 8
a 71 11 0 48 4
a 72 5 0 25 5
a 72 71 0 11 4
a 73 19 0 25 4
a 73 74 0 23 9
a 78 97 0 25 5
a 78 13 0 34 6
a 80 13 0 25 2
a 80 47 0 20 5
a 81 80 0 25 7
a 81 24 0 41 5
a 82 78 0 25 2
a 82 17 0 46 3
a 86 45 0 25 1
a 86 47 0 38 4
a 87 93 0 25 3
a 87 76 0 41 6
a 88 48 0 25 6
a 88 64 0 41 9
a 89 11 0 25 6
a 89 71 0 49 10
a 91 87 0 25 8
a 91 76 0 29 3
a 93 37 0 25 5
a 93 65 0 26 3
a 94 18 0 25 9
a 94 91 0 48 2
a 95 17 0 25 8
a 95 38 0 10 8
a 97 16 0 25 1
a 97 58 0 7 3
