c PyNETGEN v1.0.0
c $ pip install pynetgen
c
c  NETGEN flow network generation algorithm
c  Problem input parameters
c  -------------------------------------
c   Random seed:          1
c   Number of nodes:      100
c   Source nodes:         2
c   Sink nodes:           2
c   Number of arcs:       200
c   Minimum arc cost:     1
c   Maximum arc cost:     10
c   Total supply:         50
c   Transshipment -
c     Sources:            0
c     Sinks:              0
c   Skeleton arcs -
c     With max cost:      0
c     Capacitated:        100
c   Minimum arc capacity: 0
c   Maximum arc capacity: 50
c
c  *** Minimum cost flow ***
c
p min 100 200
n 1 9
n 2 41
n 99 -36
n 100 -14
a 1 11 0 9 3
a 1 43 0 42 4
a 4 59 0 9 6
a 4 31 0 8 1
a 8 79 0 9 1
a 8 50 0 2 5
a 11 89 0 9 5
a 11 42 0 34 8
a 12 94 0 9 3
a 12 51 0 46 6
a 12 83 0 5 9
a 16 72 0 9 6
a 16 62 0 18 3
a 18 28 0 9 9
a 18 15 0 25 4
a 20 44 0 9 4
a 20 21 0 20 2
a 20 89 0 43 6
a 22 41 0 9 6
a 22 18 0 13 2
a 25 27 0 9 3
a 25 67 0 41 10
a 26 63 0 9 4
a 26 36 0 0 7
a 26 21 0 50 9
a 27 52 0 9 5
a 27 77 0 24 10
a 28 54 0 9 2
a 28 64 0 44 1
a 32 64 0 9 5
a 32 37 0 33 6
a 34 51 0 9 5
a 34 27 0 14 1
a 34 41 0 28 8
a 35 75 0 9 9
a 35 54 0 45 10
a 38 39 0 9 8
a 38 8 0 12 7
a 39 35 0 9 1
a 39 27 0 38 6
a 41 93 0 9 6
a 41 8 0 44 7
a 42 87 0 9 9
a 42 6 0 17 2
a 43 4 0 9 4
a 43 68 0 12 4
a 44 45 0 9 9
a 44 75 0 46 8
a 45 70 0 9 6
a 45 22 0 27 7
a 47 49 0 9 4
a 47 100 0 9 1
a 49 16 0 9 8
a 49 37 0 26 3
a 51 26 0 9 10
a 51 6 0 24 4
a 52 12 0 9 9
a 52 30 0 45 1
a 53 8 0 9 4
a 53 86 0 30 2
a 54 55 0 9 1
a 54 74 0 50 7
a 55 85 0 9 1
a 55 11 0 4 3
a 57 76 0 9 1
a 57 59 0 0 4
a 59 38 0 9 10
a 59 21 0 21 2
a 60 25 0 9 5
a 60 52 0 45 1
a 61 91 0 9 1
a 61 18 0 14 1
a 63 20 0 9 10
a 63 60 0 47 4
a 64 60 0 9 9
a 64 15 0 46 2
a 70 47 0 9 1
a 70 61 0 8 3
a 71 57 0 9 8
a 71 17 0 17 8
a 72 90 0 9 5
a 72 68 0 11 3
a 75 42 0 9 6
a 75 97 0 26 5
a 76 99 0 9 4
a 76 98 0 4 1
a 79 34 0 9 1
a 79 31 0 42 10
a 80 18 0 9 2
a 80 63 0 28 2
a 84 32 0 9 1
a 84 42 0 38 1
a 85 61 0 9 5
a 85 34 0 41 2
a 87 71 0 9 7
a 87 15 0 46 2
a 89 22 0 9 9
a 89 12 0 19 7
a 90 43 0 9 2
a 90 42 0 38 8
a 91 53 0 9 6
a 91 75 0 14 7
a 93 84 0 9 8
a 93 92 0 27 9
a 94 80 0 9 9
a 94 49 0 50 10
a 2 83 0 41 1
a 2 91 0 29 6
a 3 50 0 41 5
a 3 90 0 43 1
a 5 48 0 41 1
a 5 33 0 12 6
a 6 66 0 41 10
a 6 96 0 38 10
a 7 58 0 41 1
a 7 91 0 2 9
a 9 37 0 41 7
a 9 27 0 17 9
a 10 24 0 41 6
a 10 12 0 15 5
a 13 14 0 41 10
a 13 8 0 6 6
a 14 77 0 41 4
a 14 99 0 8 4
a 15 68 0 41 2
a 15 97 0 14 5
a 17 99 0 41 4
a 17 28 0 22 8
a 19 88 0 41 10
a 19 47 0 46 8
a 21 74 0 41 3
a 21 18 0 44 8
a 23 36 0 41 7
a 23 16 0 46 1
a 24 96 0 41 2
a 24 89 0 29 5
a 29 7 0 41 3
a 29 39 0 23 5
a 30 62 0 41 6
a 30 31 0 34 10
a 31 17 0 41 4
a 31 42 0 38 2
a 33 86 0 41 10
a 33 100 0 19 2
a 36 13 0 41 9
a 36 47 0 24 10
a 37 31 0 41 2
a 37 21 0 36 3
a 40 95 0 41 5
a 40 36 0 45 5
a 46 19 0 41 2
a 46 58 0 19 3
a 48 29 0 41 8
a 48 17 0 19 1
a 50 46 0 41 7
a 50 14 0 46 7
a 56 6 0 41 9
a 56 8 0 9 2
a 58 92 0 41 2
a 58 24 0 48 1
a 62 67 0 41 4
a 62 8 0 36 2
a 65 73 0 41 1
a 65 75 0 42 4
a 66 98 0 41 6
a 66 72 0 18 9
a 67 100 0 41 7
a 67 5 0 41 1
a 68 56 0 41 2
a 68 31 0 21 5
a 69 82 0 41 9
a 69 40 0 16 4
a 73 30 0 41 1
a 73 59 0 25 1
a 74 23 0 41 9
a 74 32 0 1 6
a 77 69 0 41 7
a 77 45 0 10 4
a 78 65 0 41 5
a 78 81 0 31 4
a 81 40 0 41 6
a 81 32 0 10 9
a 82 3 0 41 4
a 82 69 0 27 2
a 83 15 0 41 2
a 83 84 0 42 10
a 86 9 0 41 8
a 86 91 0 42 6
a 88 97 0 41 1
a 88 17 0 7 4
a 92 33 0 41 4
a 92 37 0 26 1
a 95 78 0 41 5
a 95 75 0 11 2
a 96 81 0 41 7
a 96 15 0 32 5
a 97 10 0 41 2
a 97 27 0 12 4
a 98 21 0 41 2
a 98 52 0 30 10
