c PyNETGEN v1.0.0
c $ pip install pynetgen
c
c  NETGEN flow network generation algorithm
c  Problem input parameters
c  -------------------------------------
c   Random seed:          4
c   Number of nodes:      100
c   Source nodes:         2
c   Sink nodes:           2
c   Number of arcs:       200
c   Minimum arc cost:     1
c   Maximum arc cost:     10
c   Total supply:         50
c   Transshipment -
c     Sources:            0
c     Sinks:              0
c   Skeleton arcs -
c     With max cost:      0
c     Capacitated:        100
c   Minimum arc capacity: 0
c   Maximum arc capacity: 50
c
c  *** Minimum cost flow ***
c
p min 100 200
n 1 25
n 2 25
n 99 -46
n 100 -4
a 1 35 0 25 2
a 1 64 0 41 9
a 1 55 0 47 4
a 6 61 0 25 6
a 6 28 0 8 7
a 10 75 0 25 5
a 10 81 0 34 4
a 10 94 0 10 2
a 11 96 0 25 8
a 11 34 0 32 10
a 11 29 0 46 9
a 12 79 0 25 10
a 12 47 0 47 8
a 12 98 0 44 4
a 17 10 0 25 1
a 17 25 0 28 8
a 20 11 0 25 8
a 20 6 0 20 1
a 21 44 0 25 4
a 21 99 0 2 1
a 22 65 0 25 8
a 22 95 0 37 6
a 23 83 0 25 6
a 23 39 0 26 4
a 24 57 0 25 4
a 24 75 0 3 3
a 26 22 0 25 8
a 26 51 0 48 6
a 27 20 0 25 7
a 27 100 0 25 9
a 29 66 0 25 9
a 29 92 0 1 8
a 31 98 0 25 2
a 31 28 0 46 9
a 35 17 0 25 7
a 35 20 0 27 7
a 36 42 0 25 2
a 36 97 0 38 5
a 38 24 0 25 9
a 38 30 0 45 3
a 39 53 0 25 1
a 39 18 0 42 1
a 40 72 0 25 9
a 40 28 0 36 5
a 41 59 0 25 1
a 41 74 0 10 6
a 42 84 0 25 2
a 42 94 0 39 1
a 44 23 0 25 7
a 44 51 0 41 2
a 45 89 0 25 4
a 45 9 0 46 7
a 46 21 0 25 5
a 46 75 0 29 9
a 49 54 0 25 3
a 49 82 0 45 2
a 52 49 0 25 2
a 52 11 0 28 4
a 53 86 0 25 2
a 53 8 0 18 5
a 54 85 0 25 1
a 54 92 0 22 5
a 57 87 0 25 1
a 57 4 0 42 5
a 59 78 0 25 7
a 59 34 0 1 6
a 61 68 0 25 3
a 61 77 0 33 5
a 65 31 0 25 7
a 65 70 0 2 1
a 66 6 0 25 7
a 66 99 0 5 10
a 68 27 0 25 6
a 68 4 0 36 9
a 72 52 0 25 3
a 72 55 0 6 1
a 73 26 0 25 7
a 73 8 0 8 2
a 75 73 0 25 8
a 75 59 0 18 2
a 78 29 0 25 7
a 78 72 0 44 9
a 79 91 0 25 1
a 79 52 0 2 6
a 83 99 0 25 6
a 83 95 0 42 10
a 84 46 0 25 7
a 84 22 0 15 7
a 85 45 0 25 1
a 85 48 0 11 5
a 86 38 0 25 1
a 86 60 0 25 7
a 87 12 0 25 3
a 87 98 0 37 1
a 89 36 0 25 8
a 89 20 0 6 1
a 91 41 0 25 6
a 91 43 0 25 5
a 96 40 0 25 1
a 96 67 0 25 2
a 98 39 0 25 10
a 98 100 0 31 4
a 2 34 0 25 3
a 2 95 0 48 6
a 3 94 0 25 4
a 3 20 0 30 8
a 4 14 0 25 4
a 4 34 0 41 1
a 5 19 0 25 7
a 5 57 0 45 7
a 7 56 0 25 7
a 7 27 0 48 1
a 8 51 0 25 7
a 8 84 0 50 7
a 9 28 0 25 4
a 9 95 0 8 3
a 13 82 0 25 4
a 13 65 0 18 3
a 14 13 0 25 10
a 14 37 0 35 10
a 15 7 0 25 6
a 15 90 0 0 7
a 16 70 0 25 9
a 16 30 0 32 2
a 18 74 0 25 5
a 18 85 0 6 7
a 19 64 0 25 9
a 19 38 0 37 9
a 25 77 0 25 7
a 25 84 0 6 5
a 28 69 0 25 5
a 28 99 0 24 8
a 30 25 0 25 1
a 30 60 0 32 7
a 32 100 0 25 4
a 32 47 0 25 5
a 33 55 0 25 5
a 33 71 0 0 9
a 34 48 0 25 7
a 34 83 0 15 5
a 37 97 0 25 1
a 37 32 0 26 9
a 43 76 0 25 5
a 43 17 0 13 4
a 47 93 0 25 5
a 47 5 0 10 9
a 48 37 0 25 8
a 48 100 0 46 4
a 50 63 0 25 7
a 50 86 0 21 8
a 51 62 0 25 2
a 51 9 0 43 5
a 55 99 0 25 6
a 55 32 0 28 10
a 56 88 0 25 9
a 56 52 0 32 8
a 58 50 0 25 4
a 58 3 0 49 3
a 60 81 0 25 10
a 60 82 0 29 5
a 62 71 0 25 2
a 62 58 0 33 5
a 63 4 0 25 10
a 63 55 0 18 6
a 64 80 0 25 10
a 64 33 0 46 7
a 67 32 0 25 8
a 67 54 0 49 1
a 69 8 0 25 5
a 69 54 0 9 6
a 70 3 0 25 2
a 70 56 0 39 9
a 71 5 0 25 1
a 71 66 0 24 10
a 74 60 0 25 2
a 74 22 0 30 1
a 76 30 0 25 8
a 76 13 0 15 3
a 77 67 0 25 6
a 77 19 0 49 3
a 80 33 0 25 4
a 80 90 0 15 6
a 81 9 0 25 6
a 81 10 0 7 8
a 82 92 0 25 4
a 82 31 0 16 3
a 88 58 0 25 2
a 88 28 0 16 1
a 90 15 0 25 10
a 90 60 0 28 2
a 92 18 0 25 6
a 92 8 0 2 7
a 93 95 0 25 10
a 93 6 0 44 4
a 94 43 0 25 8
a 94 86 0 2 7
a 95 90 0 25 5
a 95 97 0 24 6
a 97 16 0 25 5
a 97 6 0 44 10
