c PyNETGEN v1.0.0
c $ pip install pynetgen
c
c  NETGEN flow network generation algorithm
c  Problem input parameters
c  -------------------------------------
c   Random seed:          13
c   Number of nodes:      100
c   Source nodes:         2
c   Sink nodes:           2
c   Number of arcs:       200
c   Minimum arc cost:     1
c   Maximum arc cost:     10
c   Total supply:         50
c   Transshipment -
c     Sources:            0
c     Sinks:              0
c   Skeleton arcs -
c     With max cost:      0
c     Capacitated:        100
c   Minimum arc capacity: 0
c   Maximum arc capacity: 50
c
c  *** Minimum cost flow ***
c
p min 100 200
n 1 25
n 2 25
n 99 -18
n 100 -32
a 1 45 0 25 5
a 1 96 0 38 4
a 5 12 0 25 10
a 5 71 0 30 7
a 7 31 0 25 6
a 7 39 0 1 6
a 7 83 0 34 3
a 10 7 0 25 10
a 10 62 0 10 4
a 11 41 0 25 3
a 11 75 0 17 3
a 12 93 0 25 3
a 12 99 0 7 7
a 13 55 0 25 1
a 13 10 0 22 8
a 17 99 0 25 1
a 17 35 0 25 8
a 17 34 0 22 1
a 17 23 0 41 4
a 19 47 0 25 6
a 19 35 0 23 10
a 21 5 0 25 6
a 21 26 0 34 2
a 23 11 0 25 1
a 23 25 0 17 5
a 23 16 0 28 3
a 24 40 0 25 9
a 24 87 0 30 10
a 25 42 0 25 6
a 25 58 0 20 9
a 26 30 0 25 1
a 26 98 0 50 7
a 27 84 0 25 3
a 27 12 0 29 9
a 30 24 0 25 4
a 30 13 0 15 8
a 31 75 0 25 9
a 31 23 0 15 3
a 35 19 0 25 10
a 35 34 0 35 7
a 36 100 0 25 8
a 36 18 0 34 7
a 37 94 0 25 10
a 37 28 0 32 7
a 40 37 0 25 5
a 40 45 0 42 7
a 41 36 0 25 8
a 41 90 0 49 8
a 42 27 0 25 5
a 42 56 0 41 6
a 45 91 0 25 7
a 45 70 0 22 9
a 47 51 0 25 8
a 47 54 0 18 1
a 50 79 0 25 5
a 50 32 0 41 7
a 51 50 0 25 6
a 51 19 0 45 4
a 52 67 0 25 7
a 52 28 0 15 9
a 53 71 0 25 4
a 53 14 0 11 2
a 55 87 0 25 9
a 55 60 0 20 2
a 56 26 0 25 7
a 56 83 0 9 1
a 59 13 0 25 5
a 59 100 0 35 6
a 66 21 0 25 3
a 66 98 0 4 4
a 67 66 0 25 1
a 67 20 0 27 6
a 71 80 0 25 10
a 71 38 0 33 9
a 74 59 0 25 4
a 74 4 0 18 2
a 75 25 0 25 6
a 75 71 0 26 9
a 76 10 0 25 7
a 76 94 0 13 3
a 79 76 0 25 2
a 79 35 0 27 7
a 80 86 0 25 4
a 80 72 0 46 6
a 84 23 0 25 8
a 84 27 0 23 3
a 86 52 0 25 3
a 86 26 0 8 6
a 87 56 0 25 1
a 87 25 0 7 1
a 91 74 0 25 5
a 91 72 0 44 7
a 93 17 0 25 7
a 93 59 0 32 7
a 94 53 0 25 2
a 94 28 0 1 6
a 2 81 0 25 4
a 2 36 0 11 6
a 3 99 0 25 10
a 3 70 0 16 10
a 4 34 0 25 6
a 4 35 0 9 2
a 6 43 0 25 1
a 6 96 0 1 4
a 8 57 0 25 7
a 8 10 0 43 9
a 9 3 0 25 3
a 9 54 0 41 4
a 14 98 0 25 10
a 14 15 0 45 6
a 15 70 0 25 4
a 15 100 0 39 3
a 16 83 0 25 1
a 16 96 0 46 2
a 18 62 0 25 7
a 18 37 0 29 5
a 20 4 0 25 10
a 20 21 0 40 5
a 22 78 0 25 8
a 22 79 0 24 9
a 28 73 0 25 9
a 28 94 0 38 6
a 29 82 0 25 5
a 29 62 0 33 8
a 32 69 0 25 4
a 32 95 0 34 10
a 33 16 0 25 1
a 33 87 0 18 6
a 34 8 0 25 9
a 34 20 0 2 5
a 38 88 0 25 5
a 38 90 0 23 10
a 39 22 0 25 4
a 39 48 0 16 1
a 43 60 0 25 8
a 43 82 0 17 7
a 44 77 0 25 3
a 44 13 0 30 1
a 46 28 0 25 4
a 46 9 0 0 10
a 48 85 0 25 9
a 48 54 0 30 5
a 49 18 0 25 1
a 49 61 0 17 10
a 54 49 0 25 1
a 54 32 0 5 9
a 57 72 0 25 6
a 57 12 0 35 6
a 58 14 0 25 4
a 58 60 0 0 1
a 60 38 0 25 7
a 60 14 0 5 10
a 61 95 0 25 4
a 61 38 0 11 2
a 62 64 0 25 7
a 62 97 0 44 3
a 63 92 0 25 9
a 63 50 0 22 9
a 64 90 0 25 8
a 64 32 0 6 8
a 65 68 0 25 8
a 65 59 0 30 9
a 68 48 0 25 9
a 68 77 0 40 3
a 69 58 0 25 9
a 69 27 0 15 10
a 70 61 0 25 6
a 70 100 0 25 7
a 72 96 0 25 6
a 72 4 0 27 9
a 73 44 0 25 4
a 73 76 0 40 1
a 77 6 0 25 1
a 77 21 0 46 4
a 78 33 0 25 9
a 78 42 0 41 9
a 81 46 0 25 10
a 81 10 0 38 10
a 82 9 0 25 6
a 82 34 0 31 8
a 83 54 0 25 8
a 83 86 0 6 3
a 85 29 0 25 9
a 85 62 0 26 7
a 88 39 0 25 10
a 88 11 0 34 9
a 89 15 0 25 8
a 89 68 0 24 10
a 90 20 0 25 4
a 90 67 0 47 10
a 92 89 0 25 4
a 92 26 0 1 5
a 95 97 0 25 8
a 95 54 0 36 4
a 96 32 0 25 5
a 96 89 0 31 6
a 97 65 0 25 1
a 97 25 0 42 3
a 98 63 0 25 9
a 98 17 0 32 2
