c PyNETGEN v1.0.0
c $ pip install pynetgen
c
c  NETGEN flow network generation algorithm
c  Problem input parameters
c  -------------------------------------
c   Random seed:          8
c   Number of nodes:      200
c   Source nodes:         2
c   Sink nodes:           2
c   Number of arcs:       400
c   Minimum arc cost:     1
c   Maximum arc cost:     10
c   Total supply:         50
c   Transshipment -
c     Sources:            0
c     Sinks:              0
c   Skeleton arcs -
c     With max cost:      0
c     Capacitated:        100
c   Minimum arc capacity: 0
c   Maximum arc capacity: 50
c
c  *** Minimum cost flow ***
c
p min 200 400
n 1 7
n 2 43
n 199 -26
n 200 -24
a 1 120 0 7 1
a 1 90 0 36 7
a 1 122 0 22 7
a 3 159 0 7 6
a 3 40 0 24 7
a 3 174 0 33 7
a 4 26 0 7 1
a 4 54 0 25 1
a 4 19 0 11 5
a 5 4 0 7 1
a 5 141 0 46 1
a 10 166 0 7 4
a 10 162 0 12 3
a 10 69 0 44 4
a 11 118 0 7 10
a 11 42 0 42 8
a 12 37 0 7 4
a 12 154 0 50 3
a 13 40 0 7 3
a 13 101 0 16 4
a 14 96 0 7 10
a 14 74 0 33 8
a 17 173 0 7 5
a 17 55 0 1 9
a 18 153 0 7 10
a 18 137 0 39 10
a 21 149 0 7 3
a 21 11 0 40 6
a 26 111 0 7 8
a 26 113 0 11 7
a 27 33 0 7 1
a 27 49 0 5 3
a 28 72 0 7 4
a 28 109 0 6 1
a 32 117 0 7 1
a 32 37 0 1 5
a 33 124 0 7 7
a 33 62 0 40 10
a 34 184 0 7 10
a 34 56 0 14 4
a 37 172 0 7 3
a 37 68 0 13 9
a 38 57 0 7 1
a 38 13 0 48 9
a 40 152 0 7 5
a 40 39 0 22 9
a 43 135 0 7 3
a 43 145 0 22 7
a 44 56 0 7 1
a 44 192 0 34 5
a 49 52 0 7 4
a 49 134 0 5 7
a 52 158 0 7 7
a 52 199 0 7 5
a 55 27 0 7 10
a 55 138 0 12 6
a 56 5 0 7 6
a 56 96 0 7 10
a 57 143 0 7 10
a 57 86 0 43 2
a 59 134 0 7 6
a 59 12 0 40 10
a 60 195 0 7 1
a 60 152 0 4 1
a 62 182 0 7 10
a 62 121 0 25 1
a 63 18 0 7 8
a 63 89 0 47 10
a 65 66 0 7 1
a 65 92 0 20 8
a 66 177 0 7 2
a 66 97 0 10 4
a 71 155 0 7 6
a 71 180 0 24 4
a 72 200 0 7 6
a 72 41 0 5 1
a 74 65 0 7 7
a 74 49 0 50 3
a 75 60 0 7 7
a 75 48 0 39 5
a 76 136 0 7 4
a 76 8 0 18 9
a 79 10 0 7 2
a 79 132 0 37 10
a 87 175 0 7 9
a 87 146 0 12 7
a 88 79 0 7 2
a 88 74 0 20 9
a 95 76 0 7 10
a 95 104 0 13 3
a 96 183 0 7 6
a 96 29 0 25 3
a 97 44 0 7 1
a 97 43 0 19 2
a 101 63 0 7 3
a 101 190 0 7 4
a 107 13 0 7 2
a 107 158 0 42 1
a 111 147 0 7 7
a 111 123 0 16 7
a 113 101 0 7 6
a 113 164 0 31 9
a 117 145 0 7 2
a 117 111 0 18 4
a 118 59 0 7 5
a 118 40 0 11 9
a 120 62 0 7 5
a 120 8 0 18 5
a 121 28 0 7 10
a 121 137 0 21 4
a 124 95 0 7 8
a 124 43 0 28 3
a 134 164 0 7 10
a 134 34 0 34 4
a 135 167 0 7 3
a 135 108 0 24 10
a 136 12 0 7 9
a 136 38 0 30 9
a 143 21 0 7 6
a 143 191 0 21 3
a 145 71 0 7 9
a 145 80 0 22 4
a 147 189 0 7 1
a 147 178 0 2 6
a 149 3 0 7 10
a 149 168 0 6 4
a 152 97 0 7 5
a 152 200 0 50 10
a 153 160 0 7 3
a 153 183 0 24 5
a 155 171 0 7 7
a 155 150 0 23 2
a 157 43 0 7 10
a 157 67 0 15 4
a 158 113 0 7 4
a 158 103 0 28 5
a 159 32 0 7 10
a 159 71 0 44 8
a 160 169 0 7 3
a 160 190 0 39 4
a 164 157 0 7 10
a 164 14 0 32 3
a 166 74 0 7 10
a 166 172 0 1 8
a 167 194 0 7 7
a 167 166 0 4 6
a 169 75 0 7 8
a 169 98 0 13 3
a 171 14 0 7 10
a 171 79 0 38 4
a 172 174 0 7 7
a 172 133 0 50 2
a 173 187 0 7 10
a 173 18 0 4 9
a 174 17 0 7 7
a 174 54 0 0 7
a 175 107 0 7 2
a 175 105 0 10 7
a 177 55 0 7 5
a 177 115 0 30 4
a 182 88 0 7 5
a 182 70 0 38 10
a 183 34 0 7 2
a 183 148 0 6 9
a 184 87 0 7 1
a 184 181 0 17 7
a 187 49 0 7 8
a 187 123 0 10 5
a 189 11 0 7 4
a 189 41 0 39 8
a 194 121 0 7 4
a 194 106 0 0 2
a 195 38 0 7 5
a 195 165 0 18 5
a 2 151 0 43 2
a 2 67 0 17 10
a 6 19 0 43 10
a 6 174 0 3 6
a 7 77 0 43 5
a 7 151 0 27 1
a 8 100 0 43 5
a 8 89 0 43 9
a 9 103 0 43 7
a 9 84 0 29 9
a 15 25 0 43 1
a 15 60 0 7 10
a 16 130 0 43 2
a 16 33 0 33 1
a 19 129 0 43 6
a 19 178 0 33 6
a 20 54 0 43 1
a 20 70 0 15 4
a 22 92 0 43 2
a 22 165 0 38 4
a 23 89 0 43 2
a 23 106 0 41 8
a 24 162 0 43 3
a 24 49 0 25 8
a 25 58 0 43 3
a 25 71 0 23 4
a 29 181 0 43 7
a 29 59 0 24 1
a 30 16 0 43 5
a 30 113 0 18 3
a 31 94 0 43 6
a 31 49 0 0 8
a 35 188 0 43 8
a 35 118 0 42 4
a 36 102 0 43 9
a 36 153 0 17 6
a 39 199 0 43 8
a 39 104 0 43 3
a 41 112 0 43 3
a 41 150 0 43 10
a 42 81 0 43 8
a 42 184 0 6 4
a 45 109 0 43 9
a 45 82 0 19 9
a 46 116 0 43 7
a 46 127 0 30 10
a 47 8 0 43 5
a 47 143 0 49 6
a 48 126 0 43 9
a 48 97 0 7 2
a 50 108 0 43 10
a 50 23 0 30 7
a 51 29 0 43 3
a 51 107 0 41 8
a 53 105 0 43 8
a 53 75 0 0 9
a 54 86 0 43 1
a 54 131 0 31 3
a 58 45 0 43 9
a 58 92 0 22 7
a 61 6 0 43 7
a 61 14 0 30 4
a 64 48 0 43 10
a 64 170 0 13 1
a 67 131 0 43 1
a 67 115 0 38 5
a 68 15 0 43 1
a 68 83 0 24 3
a 69 9 0 43 8
a 69 139 0 36 10
a 70 20 0 43 4
a 70 33 0 48 2
a 73 132 0 43 1
a 73 64 0 0 2
a 77 168 0 43 4
a 77 82 0 11 6
a 78 156 0 43 10
a 78 30 0 26 3
a 80 36 0 43 4
a 80 5 0 13 5
a 81 193 0 43 10
a 81 198 0 19 6
a 82 180 0 43 7
a 82 168 0 4 9
a 83 198 0 43 1
a 83 136 0 35 3
a 84 179 0 43 3
a 84 159 0 22 2
a 85 137 0 43 9
a 85 95 0 47 5
a 86 99 0 43 3
a 86 161 0 25 6
a 89 127 0 43 7
a 89 50 0 13 4
a 90 186 0 43 6
a 90 166 0 5 5
a 91 98 0 43 8
a 91 110 0 28 7
a 92 133 0 43 2
a 92 172 0 29 5
a 93 115 0 43 4
a 93 180 0 23 7
a 94 197 0 43 7
a 94 18 0 40 3
a 98 73 0 43 5
a 98 164 0 2 6
a 99 148 0 43 9
a 99 44 0 7 1
a 100 42 0 43 8
a 100 73 0 6 8
a 102 141 0 43 9
a 102 174 0 36 6
a 103 200 0 43 2
a 103 181 0 11 5
a 104 30 0 43 3
a 104 180 0 42 7
a 105 119 0 43 1
a 105 15 0 17 9
a 106 31 0 43 1
a 106 66 0 36 5
a 108 80 0 43 5
a 108 40 0 13 6
a 109 22 0 43 3
a 109 200 0 45 9
a 110 47 0 43 1
a 110 147 0 15 6
a 112 85 0 43 4
a 112 137 0 24 8
a 114 93 0 43 7
a 114 32 0 34 6
a 115 122 0 43 7
a 115 185 0 26 5
a 116 123 0 43 3
a 116 18 0 39 4
a 119 154 0 43 8
a 119 55 0 30 2
a 122 178 0 43 10
a 122 146 0 42 5
a 123 144 0 43 3
a 123 21 0 22 2
a 125 140 0 43 5
a 125 160 0 44 10
a 126 110 0 43 8
a 126 120 0 20 3
a 127 106 0 43 5
a 127 7 0 44 5
a 128 125 0 43 3
a 128 106 0 45 7
a 129 138 0 43 1
a 129 113 0 18 4
a 130 69 0 43 5
a 130 162 0 43 8
a 131 83 0 43 1
a 131 70 0 5 6
a 132 68 0 43 10
a 132 110 0 6 6
a 133 139 0 43 9
a 133 11 0 23 3
a 137 150 0 43 10
a 137 41 0 20 6
a 138 90 0 43 2
a 138 131 0 7 3
a 139 7 0 43 7
a 139 177 0 14 10
a 140 35 0 43 1
a 140 22 0 47 9
a 141 128 0 43 2
a 141 66 0 35 4
a 142 176 0 43 7
a 142 40 0 43 9
a 144 23 0 43 3
a 144 102 0 32 8
a 146 192 0 43 6
a 146 152 0 45 10
a 148 50 0 43 8
a 148 114 0 35 4
a 150 114 0 43 1
a 150 120 0 29 5
a 151 61 0 43 8
a 151 90 0 43 2
a 154 196 0 43 6
a 154 113 0 6 1
a 156 191 0 43 3
a 156 131 0 33 7
a 161 64 0 43 3
a 161 42 0 27 8
a 162 91 0 43 4
a 162 173 0 3 3
a 163 82 0 43 9
a 163 19 0 6 4
a 165 84 0 43 6
a 165 53 0 37 5
a 168 165 0 43 6
a 168 53 0 48 9
a 170 24 0 43 7
a 170 123 0 11 10
a 176 185 0 43 3
a 176 123 0 45 2
a 178 39 0 43 1
a 178 72 0 16 10
a 179 70 0 43 5
a 179 116 0 41 10
a 180 142 0 43 4
a 180 141 0 32 9
a 181 146 0 43 3
a 181 113 0 15 4
a 185 67 0 43 2
a 185 41 0 11 6
a 186 78 0 43 4
a 186 74 0 30 6
a 188 190 0 43 5
a 188 73 0 41 10
a 190 51 0 43 5
a 190 122 0 25 9
a 191 163 0 43 10
a 191 156 0 26 10
a 192 41 0 43 10
a 192 188 0 33 1
a 193 53 0 43 9
a 193 172 0 45 2
a 196 46 0 43 1
a 196 43 0 33 3
a 197 170 0 43 1
a 197 41 0 21 6
a 198 161 0 43 8
a 198 197 0 44 10
