c PyNETGEN v1.0.0
c $ pip install pynetgen
c
c  NETGEN flow network generation algorithm
c  Problem input parameters
c  -------------------------------------
c   Random seed:          1
c   Number of nodes:      200
c   Source nodes:         2
c   Sink nodes:           2
c   Number of arcs:       400
c   Minimum arc cost:     1
c   Maximum arc cost:     10
c   Total supply:         50
c   Transshipment -
c     Sources:            0
c     Sinks:              0
c   Skeleton arcs -
c     With max cost:      0
c     Capacitated:        100
c   Minimum arc capacity: 0
c   Maximum arc capacity: 50
c
c  *** Minimum cost flow ***
c
p min 200 400
n 1 9
n 2 41
n 199 -27
n 200 -23
a 1 23 0 9 10
a 1 77 0 14 8
a 1 133 0 12 7
a 6 115 0 9 1
a 6 181 0 38 6
a 7 157 0 9 6
a 7 186 0 44 7
a 7 156 0 38 5
a 8 126 0 9 4
a 8 20 0 40 8
a 8 26 0 12 4
a 10 68 0 9 9
a 10 9 0 46 8
a 11 182 0 9 6
a 11 23 0 27 7
a 13 51 0 9 4
a 13 4 0 21 9
a 16 40 0 9 10
a 16 144 0 25 4
a 16 114 0 21 10
a 17 195 0 9 4
a 17 192 0 20 10
a 19 6 0 9 5
a 19 98 0 0 1
a 20 8 0 9 1
a 20 125 0 30 9
a 21 98 0 9 1
a 21 153 0 8 5
a 22 119 0 9 10
a 22 187 0 1 1
a 23 52 0 9 1
a 23 130 0 42 10
a 24 123 0 9 7
a 24 165 0 42 2
a 25 189 0 9 9
a 25 84 0 3 2
a 28 70 0 9 9
a 28 118 0 8 6
a 30 197 0 9 9
a 30 84 0 30 6
a 31 21 0 9 1
a 31 59 0 27 6
a 32 109 0 9 4
a 32 112 0 41 1
a 34 125 0 9 2
a 34 82 0 41 8
a 38 57 0 9 6
a 38 194 0 44 2
a 40 158 0 9 6
a 40 117 0 7 7
a 41 160 0 9 9
a 41 96 0 13 8
a 44 112 0 9 9
a 44 103 0 20 2
a 51 17 0 9 2
a 51 141 0 38 4
a 52 16 0 9 2
a 52 46 0 40 8
a 57 143 0 9 3
a 57 25 0 45 2
a 58 94 0 9 4
a 58 35 0 36 6
a 61 63 0 9 6
a 61 122 0 9 10
a 63 10 0 9 7
a 63 98 0 5 10
a 65 77 0 9 7
a 65 108 0 22 2
a 66 19 0 9 2
a 66 119 0 16 6
a 68 164 0 9 9
a 68 170 0 37 10
a 69 28 0 9 1
a 69 133 0 42 4
a 70 134 0 9 2
a 70 149 0 25 6
a 72 107 0 9 6
a 72 151 0 2 10
a 73 133 0 9 4
a 73 182 0 34 2
a 74 83 0 9 9
a 74 193 0 17 8
a 75 7 0 9 4
a 75 109 0 17 7
a 77 148 0 9 10
a 77 22 0 29 5
a 78 73 0 9 5
a 78 42 0 23 7
a 83 31 0 9 10
a 83 43 0 16 10
a 84 34 0 9 10
a 84 144 0 29 6
a 89 168 0 9 7
a 89 22 0 24 2
a 94 131 0 9 8
a 94 142 0 22 3
a 97 41 0 9 7
a 97 9 0 48 9
a 98 117 0 9 2
a 98 191 0 1 7
a 102 116 0 9 5
a 102 56 0 16 8
a 107 58 0 9 2
a 107 64 0 19 4
a 109 20 0 9 10
a 109 132 0 42 3
a 110 128 0 9 1
a 110 78 0 19 4
a 112 165 0 9 3
a 112 127 0 35 1
a 113 102 0 9 8
a 113 165 0 15 4
a 115 146 0 9 2
a 115 127 0 24 2
a 116 192 0 9 5
a 116 160 0 18 8
a 117 38 0 9 8
a 117 154 0 17 3
a 119 169 0 9 5
a 119 26 0 26 1
a 121 185 0 9 8
a 121 79 0 8 3
a 122 32 0 9 1
a 122 27 0 25 9
a 123 145 0 9 6
a 123 192 0 39 2
a 125 65 0 9 9
a 125 182 0 8 7
a 126 13 0 9 6
a 126 120 0 49 5
a 127 191 0 9 10
a 127 114 0 5 5
a 128 183 0 9 3
a 128 95 0 44 1
a 129 44 0 9 2
a 129 124 0 21 5
a 131 199 0 9 9
a 131 108 0 16 4
a 133 121 0 9 1
a 133 196 0 25 1
a 134 129 0 9 9
a 134 87 0 1 6
a 135 139 0 9 7
a 135 13 0 10 4
a 139 175 0 9 5
a 139 3 0 31 4
a 143 151 0 9 6
a 143 186 0 10 9
a 145 75 0 9 4
a 145 158 0 27 2
a 146 89 0 9 2
a 146 62 0 42 10
a 148 97 0 9 8
a 148 5 0 42 6
a 151 122 0 9 1
a 151 183 0 7 4
a 155 69 0 9 4
a 155 129 0 26 1
a 157 161 0 9 5
a 157 200 0 9 2
a 158 78 0 9 5
a 158 3 0 30 9
a 159 180 0 9 10
a 159 70 0 23 8
a 160 22 0 9 5
a 160 105 0 24 4
a 161 170 0 9 10
a 161 132 0 17 10
a 164 159 0 9 1
a 164 10 0 11 10
a 165 25 0 9 10
a 165 79 0 19 8
a 168 155 0 9 8
a 168 148 0 34 5
a 169 178 0 9 3
a 169 17 0 15 8
a 170 179 0 9 1
a 170 155 0 40 2
a 175 24 0 9 2
a 175 104 0 35 10
a 178 30 0 9 5
a 178 128 0 0 10
a 179 74 0 9 4
a 179 16 0 37 7
a 180 135 0 9 1
a 180 59 0 32 10
a 182 66 0 9 1
a 182 171 0 20 9
a 183 84 0 9 1
a 183 108 0 39 4
a 185 61 0 9 9
a 185 129 0 42 5
a 189 113 0 9 1
a 189 38 0 5 6
a 191 72 0 9 3
a 191 20 0 33 2
a 192 127 0 9 10
a 192 21 0 8 5
a 195 110 0 9 10
a 195 162 0 41 5
a 197 11 0 9 3
a 197 121 0 6 2
a 2 193 0 41 2
a 2 38 0 5 9
a 3 147 0 41 3
a 3 15 0 0 3
a 4 46 0 41 7
a 4 128 0 37 4
a 5 176 0 41 1
a 5 93 0 24 10
a 9 26 0 41 5
a 9 175 0 22 9
a 12 154 0 41 3
a 12 92 0 30 5
a 14 55 0 41 10
a 14 137 0 27 6
a 15 188 0 41 3
a 15 68 0 50 3
a 18 47 0 41 1
a 18 77 0 10 3
a 26 29 0 41 2
a 26 122 0 10 8
a 27 60 0 41 7
a 27 131 0 14 6
a 29 81 0 41 8
a 29 3 0 42 2
a 33 118 0 41 8
a 33 125 0 14 8
a 35 15 0 41 10
a 35 185 0 50 10
a 36 14 0 41 4
a 36 160 0 0 2
a 37 200 0 41 4
a 37 162 0 41 4
a 39 9 0 41 2
a 39 16 0 13 7
a 42 3 0 41 2
a 42 27 0 11 1
a 43 54 0 41 7
a 43 33 0 43 2
a 45 173 0 41 10
a 45 144 0 9 4
a 46 149 0 41 10
a 46 3 0 14 6
a 47 105 0 41 9
a 47 112 0 47 7
a 48 43 0 41 4
a 48 113 0 19 2
a 49 186 0 41 7
a 49 45 0 33 6
a 50 152 0 41 9
a 50 196 0 3 3
a 53 114 0 41 4
a 53 160 0 11 3
a 54 76 0 41 2
a 54 105 0 2 5
a 55 45 0 41 6
a 55 96 0 48 8
a 56 53 0 41 7
a 56 144 0 33 6
a 59 184 0 41 5
a 59 110 0 25 8
a 60 104 0 41 8
a 60 155 0 15 5
a 62 33 0 41 6
a 62 147 0 22 3
a 64 120 0 41 6
a 64 174 0 46 9
a 67 95 0 41 1
a 67 180 0 48 4
a 71 156 0 41 3
a 71 142 0 32 3
a 76 36 0 41 10
a 76 186 0 10 3
a 79 80 0 41 7
a 79 190 0 6 6
a 80 172 0 41 2
a 80 67 0 8 8
a 81 27 0 41 8
a 81 139 0 19 6
a 82 174 0 41 10
a 82 85 0 4 1
a 85 37 0 41 4
a 85 64 0 7 2
a 86 42 0 41 1
a 86 105 0 20 9
a 87 88 0 41 7
a 87 6 0 14 5
a 88 48 0 41 10
a 88 187 0 8 4
a 90 144 0 41 5
a 90 75 0 37 1
a 91 50 0 41 7
a 91 43 0 30 2
a 92 59 0 41 3
a 92 60 0 11 1
a 93 150 0 41 6
a 93 19 0 31 10
a 95 39 0 41 2
a 95 7 0 5 8
a 96 87 0 41 10
a 96 144 0 41 3
a 99 96 0 41 6
a 99 12 0 20 6
a 100 190 0 41 1
a 100 146 0 35 2
a 101 167 0 41 3
a 101 18 0 43 5
a 103 140 0 41 3
a 103 183 0 48 2
a 104 136 0 41 1
a 104 156 0 8 3
a 105 101 0 41 9
a 105 62 0 25 1
a 106 142 0 41 7
a 106 11 0 34 4
a 108 111 0 41 9
a 108 39 0 18 3
a 111 56 0 41 10
a 111 28 0 21 8
a 114 35 0 41 1
a 114 29 0 47 9
a 118 100 0 41 1
a 118 149 0 15 10
a 120 106 0 41 2
a 120 25 0 40 10
a 124 62 0 41 10
a 124 152 0 29 8
a 130 132 0 41 3
a 130 125 0 45 10
a 132 137 0 41 3
a 132 199 0 22 9
a 136 12 0 41 7
a 136 140 0 31 8
a 137 196 0 41 7
a 137 183 0 39 3
a 138 198 0 41 2
a 138 49 0 40 1
a 140 124 0 41 6
a 140 143 0 12 7
a 141 177 0 41 10
a 141 125 0 39 7
a 142 199 0 41 6
a 142 108 0 37 5
a 144 138 0 41 8
a 144 175 0 7 5
a 147 49 0 41 8
a 147 195 0 47 8
a 149 99 0 41 8
a 149 52 0 4 5
a 150 64 0 41 7
a 150 188 0 32 4
a 152 103 0 41 2
a 152 98 0 5 7
a 153 79 0 41 9
a 153 151 0 10 2
a 154 181 0 41 9
a 154 19 0 26 4
a 156 153 0 41 6
a 156 24 0 35 9
a 162 4 0 41 2
a 162 22 0 13 8
a 163 5 0 41 8
a 163 101 0 45 7
a 166 141 0 41 10
a 166 69 0 17 8
a 167 163 0 41 5
a 167 115 0 9 6
a 171 85 0 41 7
a 171 80 0 1 4
a 172 82 0 41 4
a 172 163 0 18 5
a 173 93 0 41 7
a 173 82 0 43 1
a 174 18 0 41 4
a 174 67 0 8 9
a 176 91 0 41 5
a 176 77 0 4 7
a 177 92 0 41 4
a 177 102 0 40 9
a 181 71 0 41 1
a 181 189 0 49 3
a 184 90 0 41 10
a 184 74 0 32 10
a 186 187 0 41 8
a 186 142 0 40 9
a 187 108 0 41 8
a 187 149 0 35 1
a 188 130 0 41 1
a 188 198 0 19 2
a 190 86 0 41 8
a 190 174 0 36 5
a 193 166 0 41 1
a 193 70 0 2 10
a 194 171 0 41 1
a 194 106 0 39 4
a 196 194 0 41 5
a 196 138 0 12 8
a 198 67 0 41 5
a 198 54 0 2 8
