c PyNETGEN v1.0.0
c $ pip install pynetgen
c
c  NETGEN flow network generation algorithm
c  Problem input parameters
c  -------------------------------------
c   Random seed:          7
c   Number of nodes:      200
c   Source nodes:         2
c   Sink nodes:           2
c   Number of arcs:       400
c   Minimum arc cost:     1
c   Maximum arc cost:     10
c   Total supply:         50
c   Transshipment -
c     Sources:            0
c     Sinks:              0
c   Skeleton arcs -
c     With max cost:      0
c     Capacitated:        100
c   Minimum arc capacity: 0
c   Maximum arc capacity: 50
c
c  *** Minimum cost flow ***
c
p min 200 400
n 1 25
n 2 25
n 199 -16
n 200 -34
a 1 100 0 25 9
a 1 60 0 22 10
a 4 32 0 25 8
a 4 120 0 24 5
a 4 19 0 37 2
a 5 28 0 25 1
a 5 163 0 3 5
a 6 164 0 25 6
a 6 118 0 45 4
a 8 57 0 25 8
a 8 121 0 8 8
a 8 60 0 6 7
a 10 49 0 25 2
a 10 197 0 0 8
a 14 200 0 25 10
a 14 51 0 11 1
a 17 25 0 25 7
a 17 176 0 18 5
a 17 56 0 48 4
a 18 163 0 25 3
a 18 150 0 44 1
a 18 50 0 13 6
a 19 75 0 25 1
a 19 4 0 26 6
a 20 158 0 25 10
a 20 16 0 34 2
a 21 175 0 25 3
a 21 60 0 6 2
a 25 126 0 25 6
a 25 170 0 35 7
a 27 182 0 25 1
a 27 162 0 14 4
a 28 115 0 25 8
a 28 145 0 15 7
a 31 85 0 25 3
a 31 197 0 23 4
a 32 187 0 25 6
a 32 189 0 6 5
a 38 18 0 25 9
a 38 173 0 9 9
a 41 10 0 25 3
a 41 58 0 37 1
a 42 176 0 25 5
a 42 146 0 7 6
a 43 8 0 25 1
a 43 159 0 32 9
a 44 66 0 25 8
a 44 152 0 3 3
a 46 5 0 25 6
a 46 79 0 1 6
a 48 38 0 25 6
a 48 85 0 17 10
a 49 97 0 25 6
a 49 134 0 13 1
a 51 41 0 25 3
a 51 173 0 11 10
a 52 44 0 25 6
a 52 127 0 1 10
a 54 46 0 25 10
a 54 28 0 36 4
a 56 48 0 25 5
a 56 143 0 0 9
a 57 72 0 25 5
a 57 107 0 40 10
a 59 71 0 25 5
a 59 4 0 12 6
a 62 154 0 25 5
a 62 7 0 2 1
a 65 51 0 25 7
a 65 17 0 38 5
a 66 185 0 25 10
a 66 136 0 4 3
a 67 86 0 25 10
a 67 73 0 40 5
a 69 193 0 25 3
a 69 185 0 22 2
a 71 104 0 25 1
a 71 26 0 42 6
a 72 19 0 25 5
a 72 67 0 37 1
a 73 56 0 25 9
a 73 14 0 19 6
a 75 67 0 25 1
a 75 83 0 44 3
a 79 102 0 25 9
a 79 119 0 25 8
a 81 113 0 25 7
a 81 61 0 9 6
a 83 54 0 25 3
a 83 106 0 37 6
a 85 81 0 25 9
a 85 194 0 50 6
a 86 112 0 25 2
a 86 7 0 43 10
a 88 69 0 25 2
a 88 180 0 4 8
a 89 120 0 25 6
a 89 69 0 32 7
a 94 139 0 25 6
a 94 198 0 10 5
a 97 124 0 25 8
a 97 117 0 36 9
a 100 79 0 25 8
a 100 55 0 7 4
a 102 152 0 25 7
a 102 89 0 39 4
a 104 110 0 25 4
a 104 50 0 33 4
a 106 166 0 25 4
a 106 104 0 42 10
a 110 88 0 25 9
a 110 169 0 5 1
a 111 181 0 25 4
a 111 61 0 17 3
a 112 135 0 25 2
a 112 72 0 24 8
a 113 128 0 25 3
a 113 135 0 18 7
a 114 27 0 25 4
a 114 36 0 30 6
a 115 161 0 25 10
a 115 14 0 5 3
a 118 132 0 25 7
a 118 129 0 22 10
a 120 197 0 25 4
a 120 50 0 19 8
a 124 134 0 25 5
a 124 47 0 7 3
a 126 31 0 25 4
a 126 167 0 38 4
a 127 167 0 25 10
a 127 175 0 36 2
a 128 89 0 25 3
a 128 83 0 3 1
a 130 190 0 25 8
a 130 126 0 48 4
a 131 65 0 25 5
a 131 152 0 11 4
a 132 94 0 25 4
a 132 190 0 23 9
a 134 106 0 25 5
a 134 139 0 34 6
a 135 183 0 25 2
a 135 54 0 20 5
a 139 83 0 25 7
a 139 158 0 41 5
a 140 17 0 25 2
a 140 163 0 46 3
a 146 21 0 25 1
a 146 119 0 38 4
a 151 59 0 25 3
a 151 24 0 41 6
a 152 118 0 25 6
a 152 128 0 41 9
a 154 42 0 25 6
a 154 30 0 49 10
a 158 127 0 25 8
a 158 8 0 29 3
a 161 130 0 25 5
a 161 124 0 26 3
a 162 140 0 25 9
a 162 184 0 48 2
a 163 162 0 25 8
a 163 93 0 10 8
a 164 111 0 25 1
a 164 25 0 7 3
a 166 196 0 25 4
a 166 161 0 17 7
a 167 14 0 25 4
a 167 84 0 6 9
a 175 198 0 25 6
a 175 199 0 25 5
a 176 146 0 25 5
a 176 19 0 35 8
a 181 73 0 25 3
a 181 39 0 6 10
a 182 184 0 25 9
a 182 154 0 2 6
a 183 52 0 25 6
a 183 116 0 44 7
a 184 131 0 25 1
a 184 68 0 1 2
a 185 20 0 25 2
a 185 119 0 6 3
a 187 151 0 25 7
a 187 27 0 48 7
a 190 4 0 25 1
a 190 131 0 38 9
a 193 114 0 25 9
a 193 168 0 45 5
a 196 6 0 25 5
a 196 95 0 42 2
a 197 62 0 25 1
a 197 77 0 35 6
a 198 43 0 25 7
a 198 190 0 30 10
a 2 157 0 25 4
a 2 86 0 9 4
a 3 29 0 25 1
a 3 150 0 17 10
a 7 133 0 25 4
a 7 36 0 40 4
a 9 200 0 25 1
a 9 199 0 25 3
a 11 125 0 25 1
a 11 58 0 30 2
a 12 192 0 25 8
a 12 155 0 0 5
a 13 147 0 25 8
a 13 69 0 38 8
a 15 179 0 25 8
a 15 154 0 1 4
a 16 33 0 25 1
a 16 200 0 44 1
a 22 189 0 25 4
a 22 18 0 50 2
a 23 45 0 25 3
a 23 182 0 20 6
a 24 168 0 25 2
a 24 45 0 42 7
a 26 137 0 25 1
a 26 161 0 24 4
a 29 194 0 25 7
a 29 129 0 38 8
a 30 35 0 25 3
a 30 96 0 4 5
a 33 141 0 25 9
a 33 104 0 23 5
a 34 64 0 25 6
a 34 146 0 22 8
a 35 156 0 25 7
a 35 175 0 37 3
a 36 171 0 25 8
a 36 8 0 32 1
a 37 24 0 25 3
a 37 199 0 42 5
a 39 107 0 25 6
a 39 190 0 27 1
a 40 22 0 25 5
a 40 86 0 46 4
a 45 58 0 25 9
a 45 182 0 40 7
a 47 123 0 25 6
a 47 182 0 22 2
a 50 84 0 25 3
a 50 123 0 26 3
a 53 105 0 25 5
a 53 154 0 32 1
a 55 23 0 25 8
a 55 84 0 29 8
a 58 103 0 25 9
a 58 35 0 48 1
a 60 74 0 25 8
a 60 91 0 2 10
a 61 92 0 25 6
a 61 98 0 42 2
a 63 173 0 25 9
a 63 77 0 7 2
a 64 91 0 25 2
a 64 194 0 2 8
a 68 3 0 25 9
a 68 97 0 48 5
a 70 98 0 25 2
a 70 142 0 6 1
a 74 78 0 25 8
a 74 17 0 3 1
a 76 15 0 25 2
a 76 122 0 18 3
a 77 99 0 25 3
a 77 188 0 33 2
a 78 170 0 25 3
a 78 13 0 47 5
a 80 122 0 25 3
a 80 32 0 19 10
a 82 90 0 25 5
a 82 191 0 42 9
a 84 93 0 25 3
a 84 195 0 32 3
a 87 191 0 25 8
a 87 71 0 8 8
a 90 30 0 25 10
a 90 6 0 3 1
a 91 82 0 25 5
a 91 55 0 50 7
a 92 149 0 25 9
a 92 72 0 41 5
a 93 63 0 25 6
a 93 179 0 48 8
a 95 70 0 25 4
a 95 39 0 8 1
a 96 68 0 25 4
a 96 141 0 31 6
a 98 87 0 25 2
a 98 68 0 6 4
a 99 53 0 25 10
a 99 182 0 27 3
a 101 96 0 25 5
a 101 29 0 39 10
a 103 143 0 25 10
a 103 142 0 10 9
a 105 186 0 25 2
a 105 194 0 8 3
a 107 37 0 25 2
a 107 23 0 39 8
a 108 178 0 25 7
a 108 84 0 42 1
a 109 136 0 25 1
a 109 46 0 47 7
a 116 172 0 25 3
a 116 73 0 7 1
a 117 80 0 25 10
a 117 37 0 8 10
a 119 13 0 25 2
a 119 5 0 48 9
a 121 174 0 25 9
a 121 195 0 10 4
a 122 160 0 25 10
a 122 127 0 27 1
a 123 142 0 25 3
a 123 180 0 48 5
a 125 119 0 25 10
a 125 124 0 49 9
a 129 116 0 25 1
a 129 12 0 3 2
a 133 12 0 25 1
a 133 183 0 28 6
a 136 40 0 25 9
a 136 120 0 1 6
a 137 101 0 25 8
a 137 185 0 37 7
a 138 195 0 25 4
a 138 13 0 1 2
a 141 117 0 25 1
a 141 147 0 40 6
a 142 150 0 25 6
a 142 192 0 19 1
a 143 144 0 25 3
a 143 129 0 25 7
a 144 26 0 25 6
a 144 124 0 9 3
a 145 36 0 25 3
a 145 185 0 21 5
a 147 95 0 25 9
a 147 132 0 31 2
a 148 39 0 25 6
a 148 172 0 50 1
a 149 47 0 25 9
a 149 159 0 23 3
a 150 188 0 25 8
a 150 64 0 5 7
a 153 177 0 25 2
a 153 176 0 48 2
a 155 169 0 25 4
a 155 37 0 12 6
a 156 121 0 25 5
a 156 9 0 47 7
a 157 148 0 25 5
a 157 115 0 32 1
a 159 34 0 25 8
a 159 65 0 17 7
a 160 60 0 25 10
a 160 198 0 41 6
a 165 77 0 25 2
a 165 162 0 37 5
a 168 7 0 25 7
a 168 31 0 45 8
a 169 109 0 25 2
a 169 182 0 13 4
a 170 165 0 25 8
a 170 88 0 35 4
a 171 11 0 25 7
a 171 161 0 1 8
a 172 50 0 25 2
a 172 190 0 49 10
a 173 153 0 25 2
a 173 52 0 7 9
a 174 145 0 25 7
a 174 110 0 28 3
a 177 55 0 25 7
a 177 15 0 26 6
a 178 138 0 25 9
a 178 96 0 13 4
a 179 180 0 25 2
a 179 46 0 23 7
a 180 9 0 25 5
a 180 174 0 26 9
a 186 76 0 25 5
a 186 19 0 41 6
a 188 159 0 25 7
a 188 6 0 7 6
a 189 108 0 25 3
a 189 17 0 48 7
a 191 129 0 25 6
a 191 148 0 17 10
a 192 155 0 25 1
a 192 136 0 19 7
a 194 16 0 25 4
a 194 146 0 9 6
a 195 61 0 25 1
a 195 146 0 16 10
