c PyNETGEN v1.0.0
c $ pip install pynetgen
c
c  NETGEN flow network generation algorithm
c  Problem input parameters
c  -------------------------------------
c   Random seed:          14
c   Number of nodes:      200
c   Source nodes:         2
c   Sink nodes:           2
c   Number of arcs:       400
c   Minimum arc cost:     1
c   Maximum arc cost:     10
c   Total supply:         50
c   Transshipment -
c     Sources:            0
c     Sinks:              0
c   Skeleton arcs -
c     With max cost:      0
c     Capacitated:        100
c   Minimum arc capacity: 0
c   Maximum arc capacity: 50
c
c  *** Minimum cost flow ***
c
p min 200 400
n 1 46
n 2 4
n 199 -11
n 200 -39
a 1 154 0 46 10
a 1 74 0 19 2
a 4 36 0 46 8
a 4 192 0 23 9
a 4 34 0 49 3
a 9 156 0 46 1
a 9 81 0 6 2
a 9 124 0 25 3
a 10 173 0 46 3
a 10 186 0 1 3
a 13 95 0 46 6
a 13 196 0 12 6
a 13 24 0 9 8
a 14 96 0 46 2
a 14 36 0 24 4
a 16 140 0 46 4
a 16 196 0 20 9
a 16 34 0 11 2
a 19 87 0 46 8
a 19 25 0 15 6
a 20 130 0 46 10
a 20 6 0 26 4
a 21 9 0 46 1
a 21 160 0 27 1
a 22 16 0 46 9
a 22 31 0 17 3
a 23 102 0 46 5
a 23 117 0 38 6
a 26 190 0 46 4
a 26 95 0 45 6
a 27 135 0 46 1
a 27 81 0 3 7
a 29 58 0 46 5
a 29 89 0 30 6
a 30 121 0 46 5
a 30 150 0 21 7
a 32 125 0 46 4
a 32 134 0 38 9
a 34 192 0 46 10
a 34 144 0 44 7
a 35 47 0 46 5
a 35 68 0 23 4
a 36 63 0 46 2
a 36 49 0 40 1
a 41 199 0 46 4
a 41 73 0 39 10
a 42 30 0 46 5
a 42 60 0 32 8
a 47 175 0 46 1
a 47 152 0 28 4
a 48 26 0 46 1
a 48 122 0 34 9
a 54 68 0 46 4
a 54 66 0 1 4
a 55 57 0 46 5
a 55 145 0 48 2
a 57 170 0 46 1
a 57 51 0 2 9
a 58 155 0 46 9
a 58 53 0 21 7
a 60 165 0 46 9
a 60 40 0 26 10
a 63 189 0 46 2
a 63 165 0 4 2
a 64 29 0 46 2
a 64 5 0 50 4
a 66 181 0 46 9
a 66 165 0 30 4
a 68 20 0 46 3
a 68 186 0 0 2
a 69 138 0 46 2
a 69 28 0 34 5
a 71 4 0 46 9
a 71 100 0 4 9
a 72 32 0 46 8
a 72 171 0 44 3
a 74 172 0 46 4
a 74 49 0 8 1
a 80 27 0 46 9
a 80 131 0 49 4
a 82 13 0 46 10
a 82 26 0 13 4
a 86 10 0 46 1
a 86 161 0 37 5
a 87 100 0 46 7
a 87 190 0 25 8
a 88 86 0 46 6
a 88 76 0 18 1
a 90 71 0 46 5
a 90 164 0 49 1
a 91 72 0 46 10
a 91 187 0 24 4
a 95 182 0 46 6
a 95 165 0 35 2
a 96 184 0 46 6
a 96 158 0 8 8
a 98 88 0 46 1
a 98 93 0 39 6
a 100 48 0 46 4
a 100 152 0 20 9
a 102 177 0 46 5
a 102 188 0 47 10
a 107 82 0 46 8
a 107 109 0 14 7
a 110 174 0 46 3
a 110 177 0 27 10
a 111 119 0 46 10
a 111 54 0 15 7
a 112 91 0 46 10
a 112 164 0 8 9
a 116 21 0 46 10
a 116 137 0 36 4
a 117 146 0 46 10
a 117 120 0 9 8
a 119 69 0 46 3
a 119 99 0 48 8
a 120 152 0 46 8
a 120 24 0 11 6
a 121 66 0 46 7
a 121 68 0 9 1
a 124 157 0 46 9
a 124 25 0 36 8
a 125 127 0 46 6
a 125 57 0 44 9
a 127 64 0 46 7
a 127 200 0 46 2
a 130 191 0 46 2
a 130 160 0 49 5
a 131 124 0 46 6
a 131 5 0 30 1
a 135 163 0 46 4
a 135 26 0 9 7
a 137 107 0 46 3
a 137 75 0 20 3
a 138 158 0 46 7
a 138 86 0 49 2
a 140 60 0 46 7
a 140 132 0 1 10
a 142 186 0 46 10
a 142 170 0 11 10
a 144 117 0 46 7
a 144 132 0 44 6
a 146 14 0 46 9
a 146 167 0 47 8
a 152 112 0 46 2
a 152 60 0 14 2
a 154 90 0 46 6
a 154 98 0 4 5
a 155 180 0 46 6
a 155 151 0 22 6
a 156 35 0 46 8
a 156 162 0 11 5
a 157 111 0 46 10
a 157 139 0 26 9
a 158 98 0 46 3
a 158 119 0 32 7
a 159 19 0 46 2
a 159 13 0 5 8
a 163 196 0 46 3
a 163 12 0 14 2
a 165 74 0 46 8
a 165 182 0 41 3
a 170 110 0 46 5
a 170 158 0 17 10
a 172 159 0 46 10
a 172 155 0 11 7
a 173 116 0 46 1
a 173 26 0 37 1
a 174 137 0 46 4
a 174 106 0 5 4
a 175 22 0 46 3
a 175 103 0 38 9
a 177 144 0 46 2
a 177 35 0 19 8
a 180 131 0 46 5
a 180 75 0 38 2
a 181 23 0 46 10
a 181 67 0 30 4
a 182 54 0 46 4
a 182 186 0 37 3
a 184 142 0 46 1
a 184 90 0 28 3
a 186 55 0 46 3
a 186 37 0 12 5
a 187 120 0 46 6
a 187 51 0 45 6
a 189 80 0 46 4
a 189 18 0 25 10
a 190 41 0 46 7
a 190 93 0 39 2
a 191 34 0 46 2
a 191 143 0 33 6
a 192 187 0 46 1
a 192 149 0 45 4
a 196 42 0 46 6
a 196 137 0 9 2
a 2 114 0 4 7
a 2 170 0 18 7
a 3 195 0 4 1
a 3 98 0 9 2
a 5 194 0 4 7
a 5 68 0 4 10
a 6 115 0 4 4
a 6 194 0 0 3
a 7 136 0 4 4
a 7 72 0 0 8
a 8 46 0 4 3
a 8 29 0 35 8
a 11 18 0 4 1
a 11 123 0 36 3
a 12 129 0 4 4
a 12 191 0 8 10
a 15 84 0 4 8
a 15 60 0 17 2
a 17 198 0 4 3
a 17 112 0 49 3
a 18 92 0 4 9
a 18 54 0 41 7
a 24 122 0 4 10
a 24 80 0 39 9
a 25 161 0 4 8
a 25 122 0 15 2
a 28 113 0 4 1
a 28 3 0 24 10
a 31 93 0 4 2
a 31 115 0 7 4
a 33 17 0 4 2
a 33 36 0 20 3
a 37 73 0 4 6
a 37 154 0 12 6
a 38 150 0 4 6
a 38 177 0 27 4
a 39 148 0 4 8
a 39 88 0 39 9
a 40 149 0 4 3
a 40 192 0 2 7
a 43 101 0 4 9
a 43 55 0 3 2
a 44 128 0 4 3
a 44 186 0 8 3
a 45 141 0 4 6
a 45 162 0 0 1
a 46 94 0 4 6
a 46 101 0 21 3
a 49 167 0 4 6
a 49 131 0 5 2
a 50 89 0 4 1
a 50 127 0 38 8
a 51 3 0 4 3
a 51 38 0 23 3
a 52 134 0 4 5
a 52 24 0 13 6
a 53 76 0 4 8
a 53 167 0 48 6
a 56 99 0 4 3
a 56 148 0 21 4
a 59 123 0 4 1
a 59 120 0 16 2
a 61 193 0 4 6
a 61 14 0 26 4
a 62 178 0 4 1
a 62 86 0 7 6
a 65 25 0 4 9
a 65 147 0 43 5
a 67 151 0 4 5
a 67 108 0 48 1
a 70 105 0 4 6
a 70 165 0 41 7
a 73 45 0 4 3
a 73 146 0 3 8
a 75 106 0 4 10
a 75 96 0 29 7
a 76 79 0 4 4
a 76 72 0 49 10
a 77 39 0 4 3
a 77 102 0 25 3
a 78 38 0 4 7
a 78 195 0 26 3
a 79 179 0 4 2
a 79 48 0 25 6
a 81 49 0 4 2
a 81 199 0 33 9
a 83 168 0 4 10
a 83 84 0 9 6
a 84 62 0 4 5
a 84 188 0 49 7
a 85 24 0 4 5
a 85 98 0 41 2
a 89 171 0 4 3
a 89 175 0 49 7
a 92 147 0 4 9
a 92 53 0 10 1
a 93 56 0 4 10
a 93 17 0 9 1
a 94 50 0 4 5
a 94 12 0 12 2
a 97 15 0 4 4
a 97 85 0 42 7
a 99 77 0 4 5
a 99 185 0 35 1
a 101 145 0 4 1
a 101 38 0 0 7
a 103 7 0 4 7
a 103 41 0 12 3
a 104 132 0 4 8
a 104 13 0 32 8
a 105 65 0 4 4
a 105 113 0 14 7
a 106 70 0 4 9
a 106 149 0 50 2
a 108 118 0 4 10
a 108 19 0 45 2
a 109 40 0 4 4
a 109 170 0 8 10
a 113 108 0 4 6
a 113 53 0 34 8
a 114 43 0 4 4
a 114 62 0 1 10
a 115 37 0 4 9
a 115 118 0 31 3
a 118 188 0 4 10
a 118 198 0 35 2
a 122 8 0 4 3
a 122 18 0 10 10
a 123 109 0 4 6
a 123 46 0 16 3
a 126 104 0 4 1
a 126 22 0 30 3
a 128 51 0 4 10
a 128 48 0 25 7
a 129 176 0 4 9
a 129 130 0 39 4
a 132 166 0 4 2
a 132 81 0 34 2
a 133 61 0 4 8
a 133 70 0 36 4
a 134 53 0 4 9
a 134 187 0 35 10
a 136 6 0 4 7
a 136 11 0 36 6
a 139 11 0 4 4
a 139 4 0 1 9
a 141 133 0 4 9
a 141 180 0 37 5
a 143 199 0 4 8
a 143 185 0 4 4
a 145 75 0 4 7
a 145 72 0 21 8
a 147 103 0 4 8
a 147 126 0 36 6
a 148 81 0 4 6
a 148 109 0 45 6
a 149 83 0 4 10
a 149 28 0 50 4
a 150 169 0 4 2
a 150 170 0 43 6
a 151 143 0 4 9
a 151 31 0 39 4
a 153 59 0 4 5
a 153 83 0 9 6
a 160 67 0 4 2
a 160 151 0 31 1
a 161 52 0 4 3
a 161 81 0 49 2
a 162 153 0 4 3
a 162 14 0 14 5
a 164 28 0 4 3
a 164 162 0 1 7
a 166 200 0 4 5
a 166 130 0 19 10
a 167 5 0 4 3
a 167 122 0 28 5
a 168 139 0 4 6
a 168 179 0 47 9
a 169 97 0 4 3
a 169 58 0 40 10
a 171 160 0 4 6
a 171 21 0 31 5
a 176 78 0 4 3
a 176 27 0 1 1
a 178 164 0 4 7
a 178 191 0 26 7
a 179 33 0 4 3
a 179 47 0 46 3
a 183 197 0 4 9
a 183 147 0 27 7
a 185 162 0 4 2
a 185 35 0 6 4
a 188 44 0 4 6
a 188 9 0 14 4
a 193 183 0 4 8
a 193 31 0 20 3
a 194 12 0 4 4
a 194 53 0 9 2
a 195 126 0 4 4
a 195 30 0 13 6
a 197 31 0 4 10
a 197 49 0 18 4
a 198 85 0 4 4
a 198 92 0 32 2
