c PyNETGEN v1.0.0
c $ pip install pynetgen
c
c  NETGEN flow network generation algorithm
c  Problem input parameters
c  -------------------------------------
c   Random seed:          13
c   Number of nodes:      200
c   Source nodes:         2
c   Sink nodes:           2
c   Number of arcs:       400
c   Minimum arc cost:     1
c   Maximum arc cost:     10
c   Total supply:         50
c   Transshipment -
c     Sources:            0
c     Sinks:              0
c   Skeleton arcs -
c     With max cost:      0
c     Capacitated:        100
c   Minimum arc capacity: 0
c   Maximum arc capacity: 50
c
c  *** Minimum cost flow ***
c
p min 200 400
n 1 25
n 2 25
n 199 -18
n 200 -32
a 1 177 0 25 8
a 1 44 0 5 5
a 1 49 0 33 9
a 5 70 0 25 5
a 5 137 0 36 8
a 6 30 0 25 3
a 6 97 0 13 6
a 6 100 0 38 6
a 8 60 0 25 7
a 8 170 0 12 3
a 8 101 0 30 2
a 9 43 0 25 3
a 9 150 0 39 1
a 9 28 0 33 6
a 10 124 0 25 6
a 10 107 0 17 7
a 11 34 0 25 9
a 11 130 0 5 4
a 17 53 0 25 1
a 17 115 0 45 4
a 20 99 0 25 7
a 20 58 0 6 5
a 25 154 0 25 4
a 25 109 0 27 8
a 26 121 0 25 9
a 26 106 0 38 2
a 27 140 0 25 2
a 27 165 0 30 9
a 29 161 0 25 2
a 29 109 0 18 3
a 30 94 0 25 1
a 30 196 0 37 8
a 31 54 0 25 6
a 31 125 0 13 2
a 33 108 0 25 4
a 33 69 0 43 6
a 34 37 0 25 6
a 34 19 0 4 4
a 37 74 0 25 9
a 37 64 0 39 2
a 39 76 0 25 2
a 39 12 0 47 6
a 40 179 0 25 9
a 40 182 0 50 8
a 42 168 0 25 3
a 42 192 0 49 3
a 43 11 0 25 7
a 43 67 0 13 4
a 44 152 0 25 6
a 44 38 0 46 8
a 46 117 0 25 3
a 46 72 0 46 2
a 47 9 0 25 6
a 47 164 0 6 3
a 48 5 0 25 1
a 48 8 0 10 6
a 50 62 0 25 7
a 50 53 0 13 2
a 52 29 0 25 7
a 52 76 0 27 6
a 53 178 0 25 6
a 53 51 0 15 5
a 54 10 0 25 4
a 54 92 0 20 10
a 56 40 0 25 6
a 56 153 0 19 5
a 58 197 0 25 10
a 58 62 0 8 3
a 60 135 0 25 2
a 60 71 0 9 4
a 61 20 0 25 4
a 61 60 0 48 3
a 62 129 0 25 9
a 62 168 0 13 6
a 64 61 0 25 4
a 64 25 0 19 8
a 65 112 0 25 6
a 65 144 0 31 2
a 66 75 0 25 3
a 66 150 0 40 10
a 68 123 0 25 2
a 68 33 0 47 4
a 70 170 0 25 5
a 70 200 0 25 10
a 71 133 0 25 10
a 71 120 0 26 8
a 72 56 0 25 3
a 72 167 0 14 9
a 74 180 0 25 10
a 74 141 0 37 5
a 75 185 0 25 9
a 75 109 0 47 4
a 76 136 0 25 2
a 76 121 0 37 1
a 79 25 0 25 3
a 79 65 0 5 9
a 80 191 0 25 10
a 80 114 0 14 5
a 90 72 0 25 1
a 90 98 0 13 4
a 92 65 0 25 3
a 92 117 0 22 8
a 94 155 0 25 4
a 94 112 0 4 3
a 98 92 0 25 9
a 98 141 0 47 4
a 99 194 0 25 1
a 99 149 0 32 9
a 102 68 0 25 10
a 102 143 0 50 1
a 105 160 0 25 7
a 105 115 0 33 1
a 106 8 0 25 5
a 106 197 0 49 6
a 107 188 0 25 9
a 107 177 0 7 4
a 108 150 0 25 7
a 108 169 0 23 7
a 112 128 0 25 2
a 112 168 0 31 4
a 113 50 0 25 10
a 113 4 0 14 7
a 116 141 0 25 1
a 116 33 0 13 9
a 117 27 0 25 9
a 117 139 0 13 8
a 121 39 0 25 2
a 121 43 0 24 8
a 122 174 0 25 10
a 122 166 0 46 9
a 123 183 0 25 8
a 123 65 0 41 9
a 124 199 0 25 7
a 124 147 0 28 6
a 128 80 0 25 7
a 128 49 0 33 2
a 129 193 0 25 9
a 129 30 0 21 6
a 133 151 0 25 1
a 133 12 0 16 10
a 135 145 0 25 4
a 135 186 0 8 5
a 136 102 0 25 9
a 136 24 0 18 8
a 137 106 0 25 10
a 137 145 0 4 1
a 139 79 0 25 8
a 139 150 0 18 2
a 140 33 0 25 3
a 140 96 0 33 9
a 141 46 0 25 7
a 141 32 0 43 1
a 144 26 0 25 9
a 144 16 0 48 5
a 145 147 0 25 10
a 145 6 0 22 6
a 147 42 0 25 10
a 147 14 0 48 4
a 148 31 0 25 5
a 148 25 0 42 8
a 150 98 0 25 4
a 150 182 0 36 2
a 151 137 0 25 6
a 151 90 0 45 3
a 152 144 0 25 3
a 152 54 0 12 1
a 154 17 0 25 2
a 154 94 0 45 9
a 155 176 0 25 4
a 155 142 0 19 2
a 160 6 0 25 1
a 160 71 0 19 9
a 161 113 0 25 2
a 161 130 0 36 1
a 168 64 0 25 10
a 168 105 0 48 5
a 170 47 0 25 7
a 170 154 0 15 10
a 172 139 0 25 10
a 172 84 0 27 4
a 174 48 0 25 4
a 174 9 0 28 1
a 176 52 0 25 10
a 176 24 0 0 9
a 177 107 0 25 3
a 177 38 0 38 7
a 178 90 0 25 4
a 178 91 0 5 9
a 179 44 0 25 4
a 179 31 0 0 9
a 180 58 0 25 1
a 180 17 0 16 9
a 183 105 0 25 1
a 183 115 0 40 9
a 185 116 0 25 1
a 185 163 0 1 8
a 188 66 0 25 3
a 188 109 0 32 7
a 191 172 0 25 8
a 191 11 0 28 10
a 193 71 0 25 9
a 193 23 0 28 8
a 194 195 0 25 1
a 194 87 0 20 3
a 195 122 0 25 3
a 195 4 0 20 2
a 197 148 0 25 2
a 197 60 0 0 3
a 2 120 0 25 8
a 2 75 0 37 4
a 3 69 0 25 10
a 3 63 0 11 9
a 4 119 0 25 3
a 4 169 0 38 8
a 7 24 0 25 1
a 7 177 0 47 8
a 12 164 0 25 7
a 12 187 0 42 2
a 13 190 0 25 10
a 13 7 0 29 7
a 14 196 0 25 7
a 14 48 0 30 5
a 15 187 0 25 5
a 15 74 0 35 5
a 16 153 0 25 5
a 16 158 0 41 10
a 18 109 0 25 2
a 18 155 0 6 3
a 19 45 0 25 4
a 19 170 0 13 4
a 21 12 0 25 10
a 21 65 0 1 10
a 22 118 0 25 5
a 22 181 0 45 8
a 23 28 0 25 3
a 23 180 0 22 8
a 24 91 0 25 8
a 24 94 0 28 10
a 28 103 0 25 7
a 28 57 0 2 5
a 32 38 0 25 5
a 32 18 0 9 10
a 35 181 0 25 5
a 35 73 0 14 7
a 36 67 0 25 4
a 36 98 0 8 8
a 38 173 0 25 8
a 38 7 0 37 1
a 41 13 0 25 5
a 41 111 0 34 5
a 45 18 0 25 6
a 45 172 0 12 8
a 49 115 0 25 7
a 49 138 0 26 4
a 51 16 0 25 2
a 51 105 0 12 6
a 55 143 0 25 9
a 55 153 0 13 2
a 57 198 0 25 3
a 57 18 0 17 2
a 59 7 0 25 2
a 59 62 0 30 6
a 63 149 0 25 9
a 63 170 0 20 4
a 67 163 0 25 9
a 67 119 0 43 8
a 69 100 0 25 8
a 69 200 0 29 1
a 73 19 0 25 1
a 73 68 0 3 2
a 77 165 0 25 2
a 77 155 0 23 9
a 78 159 0 25 10
a 78 50 0 31 4
a 81 127 0 25 9
a 81 105 0 25 8
a 82 158 0 25 7
a 82 106 0 2 9
a 83 95 0 25 8
a 83 126 0 34 1
a 84 104 0 25 8
a 84 37 0 38 6
a 85 131 0 25 9
a 85 37 0 34 3
a 86 89 0 25 10
a 86 192 0 18 2
a 87 192 0 25 8
a 87 19 0 18 9
a 88 171 0 25 6
a 88 168 0 31 10
a 89 97 0 25 10
a 89 173 0 24 5
a 91 114 0 25 3
a 91 58 0 19 7
a 93 14 0 25 6
a 93 25 0 35 9
a 95 175 0 25 2
a 95 55 0 50 5
a 96 125 0 25 7
a 96 166 0 45 5
a 97 138 0 25 6
a 97 28 0 31 6
a 100 78 0 25 2
a 100 37 0 0 10
a 101 186 0 25 4
a 101 71 0 44 10
a 103 87 0 25 10
a 103 135 0 35 2
a 104 49 0 25 7
a 104 22 0 41 4
a 109 3 0 25 5
a 109 152 0 7 7
a 110 63 0 25 9
a 110 149 0 13 6
a 111 101 0 25 9
a 111 46 0 50 2
a 114 41 0 25 3
a 114 163 0 34 7
a 115 22 0 25 2
a 115 155 0 36 10
a 118 23 0 25 7
a 118 20 0 47 7
a 119 184 0 25 5
a 119 171 0 7 7
a 120 130 0 25 1
a 120 32 0 33 9
a 125 85 0 25 8
a 125 49 0 17 6
a 126 86 0 25 1
a 126 200 0 25 7
a 127 88 0 25 5
a 127 68 0 31 5
a 130 134 0 25 5
a 130 154 0 23 7
a 131 81 0 25 5
a 131 157 0 50 6
a 132 110 0 25 4
a 132 13 0 10 6
a 134 35 0 25 6
a 134 150 0 32 9
a 138 55 0 25 6
a 138 200 0 3 6
a 142 169 0 25 5
a 142 199 0 0 2
a 143 4 0 25 4
a 143 125 0 17 7
a 146 15 0 25 10
a 146 79 0 25 8
a 149 57 0 25 8
a 149 77 0 6 9
a 153 83 0 25 10
a 153 166 0 38 3
a 156 167 0 25 9
a 156 129 0 45 8
a 157 73 0 25 1
a 157 21 0 7 2
a 158 182 0 25 8
a 158 15 0 38 1
a 159 32 0 25 7
a 159 62 0 25 8
a 162 96 0 25 8
a 162 133 0 43 1
a 163 157 0 25 3
a 163 26 0 29 3
a 164 51 0 25 4
a 164 145 0 22 5
a 165 59 0 25 9
a 165 93 0 43 9
a 166 93 0 25 9
a 166 97 0 18 4
a 167 126 0 25 7
a 167 5 0 35 1
a 169 111 0 25 10
a 169 142 0 29 6
a 171 166 0 25 10
a 171 193 0 6 9
a 173 77 0 25 9
a 173 144 0 27 9
a 175 84 0 25 10
a 175 169 0 37 3
a 181 189 0 25 4
a 181 48 0 28 5
a 182 21 0 25 1
a 182 18 0 39 1
a 184 36 0 25 2
a 184 8 0 38 9
a 186 132 0 25 2
a 186 86 0 22 1
a 187 82 0 25 6
a 187 12 0 20 10
a 189 146 0 25 1
a 189 57 0 35 6
a 190 142 0 25 1
a 190 28 0 32 3
a 192 156 0 25 4
a 192 123 0 25 10
a 196 199 0 25 3
a 196 152 0 31 7
a 198 162 0 25 7
a 198 83 0 30 5
