c PyNETGEN v1.0.0
c $ pip install pynetgen
c
c  NETGEN flow network generation algorithm
c  Problem input parameters
c  -------------------------------------
c   Random seed:          2
c   Number of nodes:      200
c   Source nodes:         2
c   Sink nodes:           2
c   Number of arcs:       400
c   Minimum arc cost:     1
c   Maximum arc cost:     10
c   Total supply:         50
c   Transshipment -
c     Sources:            0
c     Sinks:              0
c   Skeleton arcs -
c     With max cost:      0
c     Capacitated:        100
c   Minimum arc capacity: 0
c   Maximum arc capacity: 50
c
c  *** Minimum cost flow ***
c
p min 200 400
n 1 25
n 2 25
n 199 -27
n 200 -23
a 1 43 0 25 2
a 1 107 0 28 5
a 5 98 0 25 4
a 5 15 0 25 6
a 5 65 0 25 1
a 9 12 0 25 4
a 9 128 0 37 6
a 9 114 0 25 2
a 10 179 0 25 10
a 10 36 0 29 8
a 11 139 0 25 9
a 11 90 0 45 1
a 12 87 0 25 1
a 12 8 0 11 6
a 13 113 0 25 1
a 13 183 0 36 2
a 13 187 0 17 7
a 14 194 0 25 2
a 14 43 0 50 10
a 14 96 0 42 2
a 15 111 0 25 10
a 15 142 0 40 2
a 16 64 0 25 2
a 16 148 0 0 4
a 21 5 0 25 1
a 21 49 0 35 10
a 22 188 0 25 4
a 22 104 0 16 9
a 23 33 0 25 2
a 23 130 0 28 1
a 25 42 0 25 1
a 25 14 0 33 9
a 28 56 0 25 6
a 28 129 0 33 6
a 32 66 0 25 7
a 32 122 0 32 3
a 33 11 0 25 10
a 33 188 0 16 1
a 34 97 0 25 10
a 34 165 0 35 1
a 35 61 0 25 4
a 35 70 0 3 4
a 37 47 0 25 7
a 37 176 0 31 4
a 39 186 0 25 3
a 39 160 0 31 8
a 42 45 0 25 4
a 42 187 0 37 6
a 43 34 0 25 1
a 43 33 0 40 3
a 44 65 0 25 7
a 44 146 0 1 5
a 45 83 0 25 10
a 45 160 0 40 3
a 46 21 0 25 6
a 46 81 0 25 10
a 47 9 0 25 6
a 47 45 0 29 5
a 50 22 0 25 8
a 50 48 0 39 3
a 51 39 0 25 7
a 51 69 0 47 1
a 56 78 0 25 4
a 56 196 0 44 9
a 57 37 0 25 6
a 57 148 0 36 2
a 58 23 0 25 6
a 58 168 0 44 3
a 60 68 0 25 3
a 60 200 0 25 7
a 61 164 0 25 8
a 61 136 0 15 7
a 63 70 0 25 9
a 63 81 0 44 6
a 64 191 0 25 10
a 64 34 0 33 6
a 65 108 0 25 1
a 65 136 0 6 5
a 66 173 0 25 5
a 66 25 0 48 2
a 67 101 0 25 1
a 67 64 0 36 9
a 68 35 0 25 3
a 68 167 0 9 6
a 69 60 0 25 8
a 69 160 0 41 1
a 70 117 0 25 9
a 70 4 0 43 4
a 73 50 0 25 6
a 73 111 0 35 10
a 77 146 0 25 9
a 77 180 0 19 5
a 78 130 0 25 6
a 78 162 0 43 8
a 83 137 0 25 9
a 83 160 0 40 1
a 86 180 0 25 9
a 86 3 0 4 2
a 87 73 0 25 10
a 87 116 0 4 6
a 93 106 0 25 4
a 93 75 0 1 8
a 97 171 0 25 8
a 97 179 0 30 6
a 98 107 0 25 2
a 98 123 0 9 3
a 99 135 0 25 3
a 99 15 0 36 2
a 101 196 0 25 6
a 101 36 0 37 6
a 106 57 0 25 3
a 106 63 0 7 5
a 107 120 0 25 6
a 107 143 0 21 2
a 108 93 0 25 4
a 108 189 0 44 10
a 111 77 0 25 9
a 111 33 0 33 3
a 112 157 0 25 5
a 112 121 0 24 5
a 113 142 0 25 9
a 113 171 0 37 1
a 114 10 0 25 2
a 114 20 0 45 9
a 117 25 0 25 1
a 117 176 0 33 6
a 118 63 0 25 8
a 118 85 0 25 5
a 120 112 0 25 10
a 120 119 0 44 2
a 121 151 0 25 10
a 121 122 0 12 4
a 122 172 0 25 10
a 122 100 0 10 2
a 128 118 0 25 1
a 128 77 0 7 8
a 130 199 0 25 10
a 130 52 0 11 3
a 134 138 0 25 9
a 134 11 0 16 1
a 135 86 0 25 10
a 135 138 0 46 10
a 136 177 0 25 1
a 136 176 0 32 8
a 137 13 0 25 5
a 137 77 0 20 10
a 138 15 0 25 7
a 138 98 0 22 4
a 139 16 0 25 1
a 139 5 0 3 2
a 140 67 0 25 6
a 140 107 0 38 9
a 141 153 0 25 10
a 141 137 0 7 9
a 142 136 0 25 1
a 142 186 0 19 10
a 146 122 0 25 9
a 146 199 0 15 6
a 147 148 0 25 7
a 147 63 0 20 6
a 148 162 0 25 2
a 148 3 0 35 10
a 151 140 0 25 9
a 151 137 0 46 8
a 153 51 0 25 2
a 153 9 0 23 10
a 157 170 0 25 2
a 157 65 0 34 2
a 162 198 0 25 1
a 162 171 0 48 2
a 164 32 0 25 2
a 164 111 0 38 8
a 170 69 0 25 8
a 170 54 0 17 2
a 171 121 0 25 8
a 171 186 0 5 5
a 172 28 0 25 4
a 172 69 0 4 6
a 173 134 0 25 6
a 173 7 0 45 9
a 177 141 0 25 2
a 177 12 0 0 2
a 179 128 0 25 7
a 179 184 0 49 3
a 180 58 0 25 1
a 180 73 0 39 9
a 186 44 0 25 1
a 186 99 0 40 10
a 188 14 0 25 4
a 188 169 0 27 7
a 191 46 0 25 10
a 191 58 0 8 9
a 193 114 0 25 1
a 193 30 0 10 1
a 194 147 0 25 8
a 194 191 0 41 6
a 196 193 0 25 9
a 196 39 0 42 2
a 198 99 0 25 9
a 198 124 0 6 2
a 2 187 0 25 10
a 2 49 0 44 2
a 3 91 0 25 3
a 3 31 0 36 10
a 4 3 0 25 5
a 4 27 0 0 8
a 6 17 0 25 3
a 6 55 0 23 7
a 7 75 0 25 4
a 7 140 0 23 9
a 8 19 0 25 2
a 8 106 0 19 10
a 17 102 0 25 5
a 17 181 0 35 9
a 18 105 0 25 2
a 18 72 0 3 1
a 19 150 0 25 8
a 19 132 0 24 5
a 20 84 0 25 1
a 20 106 0 20 8
a 24 27 0 25 6
a 24 196 0 20 5
a 26 8 0 25 3
a 26 61 0 3 1
a 27 123 0 25 5
a 27 3 0 8 6
a 29 131 0 25 8
a 29 4 0 28 8
a 30 126 0 25 2
a 30 169 0 49 2
a 31 76 0 25 10
a 31 75 0 0 3
a 36 163 0 25 7
a 36 15 0 38 10
a 38 192 0 25 1
a 38 71 0 11 9
a 40 158 0 25 6
a 40 13 0 0 5
a 41 38 0 25 3
a 41 65 0 12 1
a 48 94 0 25 10
a 48 136 0 7 7
a 49 41 0 25 10
a 49 59 0 39 3
a 52 49 0 25 9
a 52 116 0 44 6
a 53 174 0 25 4
a 53 130 0 27 5
a 54 154 0 25 10
a 54 99 0 3 7
a 55 6 0 25 9
a 55 148 0 27 7
a 59 185 0 25 6
a 59 148 0 43 2
a 62 184 0 25 10
a 62 199 0 25 9
a 71 18 0 25 1
a 71 144 0 20 8
a 72 88 0 25 6
a 72 86 0 15 4
a 74 40 0 25 9
a 74 174 0 50 8
a 75 109 0 25 8
a 75 108 0 5 2
a 76 165 0 25 4
a 76 92 0 19 5
a 79 4 0 25 1
a 79 147 0 16 7
a 80 24 0 25 4
a 80 116 0 20 7
a 81 85 0 25 8
a 81 40 0 13 5
a 82 115 0 25 9
a 82 128 0 20 8
a 84 197 0 25 6
a 84 178 0 12 1
a 85 90 0 25 6
a 85 89 0 16 5
a 88 52 0 25 8
a 88 76 0 13 4
a 89 96 0 25 9
a 89 124 0 8 1
a 90 181 0 25 7
a 90 80 0 14 3
a 91 195 0 25 4
a 91 7 0 15 10
a 92 110 0 25 3
a 92 9 0 28 2
a 94 125 0 25 9
a 94 130 0 42 10
a 95 127 0 25 2
a 95 105 0 23 4
a 96 145 0 25 6
a 96 40 0 9 3
a 100 30 0 25 8
a 100 73 0 22 4
a 102 183 0 25 4
a 102 35 0 11 9
a 103 144 0 25 6
a 103 11 0 10 5
a 104 95 0 25 2
a 104 85 0 6 8
a 105 159 0 25 1
a 105 21 0 40 4
a 109 160 0 25 1
a 109 48 0 19 3
a 110 72 0 25 5
a 110 188 0 35 2
a 115 178 0 25 8
a 115 164 0 20 3
a 116 100 0 25 1
a 116 110 0 42 8
a 119 29 0 25 10
a 119 79 0 50 4
a 123 143 0 25 3
a 123 174 0 17 10
a 124 190 0 25 7
a 124 32 0 11 5
a 125 133 0 25 2
a 125 53 0 17 8
a 126 54 0 25 4
a 126 12 0 43 10
a 127 103 0 25 1
a 127 52 0 30 2
a 129 7 0 25 3
a 129 4 0 4 2
a 131 116 0 25 2
a 131 101 0 33 5
a 132 80 0 25 5
a 132 51 0 14 9
a 133 200 0 25 8
a 133 153 0 44 10
a 143 36 0 25 6
a 143 34 0 11 5
a 144 26 0 25 3
a 144 167 0 27 5
a 145 104 0 25 6
a 145 95 0 29 1
a 149 152 0 25 1
a 149 40 0 50 3
a 150 119 0 25 9
a 150 51 0 2 6
a 152 155 0 25 1
a 152 172 0 49 9
a 154 79 0 25 5
a 154 148 0 14 2
a 155 156 0 25 5
a 155 189 0 43 5
a 156 71 0 25 8
a 156 102 0 34 2
a 158 62 0 25 6
a 158 131 0 39 7
a 159 132 0 25 3
a 159 195 0 36 3
a 160 189 0 25 10
a 160 101 0 46 6
a 161 92 0 25 10
a 161 35 0 27 10
a 163 31 0 25 4
a 163 46 0 45 7
a 165 59 0 25 6
a 165 194 0 26 5
a 166 48 0 25 8
a 166 155 0 14 6
a 167 176 0 25 9
a 167 135 0 9 8
a 168 167 0 25 9
a 168 186 0 18 4
a 169 82 0 25 6
a 169 115 0 28 10
a 174 74 0 25 10
a 174 83 0 11 9
a 175 161 0 25 6
a 175 118 0 10 1
a 176 20 0 25 7
a 176 130 0 42 10
a 178 89 0 25 2
a 178 109 0 8 3
a 181 168 0 25 10
a 181 3 0 29 7
a 182 166 0 25 4
a 182 132 0 47 5
a 183 53 0 25 2
a 183 103 0 39 9
a 184 182 0 25 8
a 184 42 0 29 10
a 185 124 0 25 8
a 185 54 0 19 4
a 187 81 0 25 1
a 187 151 0 38 6
a 189 149 0 25 5
a 189 147 0 21 2
a 190 175 0 25 4
a 190 94 0 30 9
a 192 169 0 25 1
a 192 13 0 27 10
a 195 55 0 25 2
a 195 34 0 24 5
a 197 129 0 25 2
a 197 62 0 30 5
