c PyNETGEN v1.0.0
c $ pip install pynetgen
c
c  NETGEN flow network generation algorithm
c  Problem input parameters
c  -------------------------------------
c   Random seed:          6
c   Number of nodes:      200
c   Source nodes:         2
c   Sink nodes:           2
c   Number of arcs:       400
c   Minimum arc cost:     1
c   Maximum arc cost:     10
c   Total supply:         50
c   Transshipment -
c     Sources:            0
c     Sinks:              0
c   Skeleton arcs -
c     With max cost:      0
c     Capacitated:        100
c   Minimum arc capacity: 0
c   Maximum arc capacity: 50
c
c  *** Minimum cost flow ***
c
p min 200 400
n 1 49
n 2 1
n 199 -22
n 200 -28
a 1 80 0 49 7
a 1 30 0 8 3
a 3 86 0 49 3
a 3 191 0 50 6
a 4 6 0 49 4
a 4 17 0 50 8
a 4 147 0 35 9
a 5 148 0 49 5
a 5 199 0 2 10
a 5 64 0 11 2
a 6 149 0 49 8
a 6 177 0 34 7
a 7 160 0 49 7
a 7 173 0 33 9
a 7 108 0 10 2
a 8 147 0 49 8
a 8 120 0 1 9
a 8 139 0 12 10
a 10 14 0 49 6
a 10 126 0 50 10
a 11 65 0 49 1
a 11 177 0 18 7
a 14 200 0 49 4
a 14 151 0 26 3
a 15 76 0 49 7
a 15 137 0 29 1
a 16 113 0 49 10
a 16 108 0 49 8
a 17 30 0 49 4
a 17 184 0 8 7
a 18 197 0 49 1
a 18 37 0 23 5
a 21 132 0 49 9
a 21 181 0 49 6
a 22 116 0 49 2
a 22 117 0 20 10
a 23 4 0 49 8
a 23 76 0 49 7
a 26 7 0 49 1
a 26 93 0 4 4
a 29 193 0 49 10
a 29 200 0 10 6
a 30 120 0 49 2
a 30 82 0 17 3
a 31 22 0 49 10
a 31 81 0 42 2
a 32 186 0 49 10
a 32 158 0 10 2
a 37 52 0 49 1
a 37 7 0 19 10
a 38 15 0 49 5
a 38 189 0 29 3
a 42 90 0 49 8
a 42 77 0 44 10
a 43 3 0 49 9
a 43 36 0 24 4
a 44 183 0 49 2
a 44 127 0 37 3
a 45 38 0 49 5
a 45 51 0 16 10
a 47 139 0 49 2
a 47 110 0 40 4
a 52 176 0 49 10
a 52 186 0 31 1
a 56 26 0 49 9
a 56 152 0 7 7
a 60 161 0 49 6
a 60 101 0 31 10
a 63 29 0 49 3
a 63 101 0 47 10
a 64 150 0 49 2
a 64 168 0 18 1
a 65 134 0 49 7
a 65 142 0 49 2
a 66 47 0 49 9
a 66 40 0 48 7
a 67 125 0 49 3
a 67 120 0 14 4
a 68 106 0 49 9
a 68 86 0 28 10
a 76 67 0 49 1
a 76 65 0 2 9
a 79 16 0 49 5
a 79 21 0 1 7
a 80 31 0 49 7
a 80 143 0 47 4
a 85 21 0 49 10
a 85 23 0 11 7
a 86 111 0 49 1
a 86 65 0 21 4
a 88 10 0 49 7
a 88 54 0 21 1
a 90 110 0 49 6
a 90 186 0 44 9
a 93 157 0 49 5
a 93 41 0 7 6
a 94 93 0 49 10
a 94 63 0 35 9
a 97 138 0 49 2
a 97 10 0 34 6
a 100 159 0 49 1
a 100 107 0 20 2
a 104 151 0 49 7
a 104 38 0 13 8
a 105 64 0 49 5
a 105 5 0 48 2
a 106 66 0 49 4
a 106 173 0 39 8
a 107 164 0 49 2
a 107 24 0 7 7
a 110 143 0 49 2
a 110 50 0 41 8
a 111 122 0 49 3
a 111 179 0 44 9
a 113 88 0 49 5
a 113 114 0 6 8
a 116 156 0 49 6
a 116 182 0 1 5
a 117 169 0 49 7
a 117 55 0 29 3
a 118 170 0 49 3
a 118 179 0 48 8
a 120 42 0 49 7
a 120 149 0 48 9
a 122 79 0 49 6
a 122 59 0 5 7
a 124 5 0 49 4
a 124 110 0 24 7
a 125 63 0 49 6
a 125 93 0 40 7
a 126 8 0 49 1
a 126 106 0 31 8
a 127 37 0 49 8
a 127 189 0 10 1
a 128 172 0 49 7
a 128 6 0 1 7
a 130 133 0 49 4
a 130 45 0 46 1
a 132 94 0 49 1
a 132 195 0 49 6
a 133 107 0 49 4
a 133 96 0 7 1
a 134 189 0 49 3
a 134 87 0 35 9
a 135 175 0 49 10
a 135 157 0 10 2
a 138 196 0 49 7
a 138 23 0 10 5
a 139 130 0 49 5
a 139 163 0 11 3
a 143 43 0 49 9
a 143 163 0 24 4
a 145 18 0 49 9
a 145 126 0 50 1
a 147 97 0 49 6
a 147 91 0 42 4
a 148 127 0 49 5
a 148 122 0 3 10
a 149 128 0 49 1
a 149 35 0 15 9
a 150 60 0 49 3
a 150 196 0 16 8
a 151 85 0 49 7
a 151 46 0 23 5
a 152 32 0 49 10
a 152 85 0 28 1
a 153 23 0 49 3
a 153 165 0 29 10
a 156 56 0 49 8
a 156 176 0 16 5
a 157 118 0 49 2
a 157 92 0 3 10
a 159 152 0 49 9
a 159 105 0 6 10
a 160 44 0 49 4
a 160 63 0 40 2
a 161 167 0 49 2
a 161 95 0 33 4
a 164 104 0 49 9
a 164 32 0 15 8
a 167 135 0 49 8
a 167 75 0 2 3
a 169 171 0 49 8
a 169 186 0 34 2
a 170 126 0 49 10
a 170 117 0 43 4
a 171 105 0 49 10
a 171 35 0 13 8
a 172 11 0 49 3
a 172 28 0 31 8
a 175 45 0 49 7
a 175 141 0 18 9
a 176 153 0 49 6
a 176 113 0 29 10
a 183 145 0 49 10
a 183 199 0 49 9
a 186 17 0 49 1
a 186 69 0 50 4
a 189 100 0 49 5
a 189 125 0 44 7
a 190 68 0 49 9
a 190 75 0 11 9
a 193 124 0 49 8
a 193 55 0 31 7
a 196 117 0 49 10
a 196 84 0 7 1
a 197 190 0 49 9
a 197 26 0 0 8
a 2 163 0 1 3
a 2 16 0 19 8
a 9 179 0 1 7
a 9 68 0 7 8
a 12 28 0 1 6
a 12 141 0 29 1
a 13 187 0 1 10
a 13 122 0 10 7
a 19 99 0 1 5
a 19 107 0 21 9
a 20 155 0 1 4
a 20 111 0 9 5
a 24 92 0 1 2
a 24 186 0 10 3
a 25 51 0 1 10
a 25 173 0 10 4
a 27 57 0 1 3
a 27 3 0 50 2
a 28 178 0 1 5
a 28 160 0 34 2
a 33 24 0 1 10
a 33 17 0 45 10
a 34 96 0 1 4
a 34 175 0 26 10
a 35 46 0 1 5
a 35 40 0 13 4
a 36 27 0 1 4
a 36 8 0 8 5
a 39 74 0 1 6
a 39 145 0 1 3
a 40 119 0 1 3
a 40 185 0 36 4
a 41 50 0 1 1
a 41 159 0 22 5
a 46 41 0 1 1
a 46 124 0 16 3
a 48 72 0 1 8
a 48 55 0 31 9
a 49 140 0 1 3
a 49 144 0 5 6
a 50 9 0 1 1
a 50 94 0 35 9
a 51 33 0 1 1
a 51 41 0 31 9
a 53 75 0 1 2
a 53 155 0 2 10
a 54 114 0 1 1
a 54 153 0 27 8
a 55 70 0 1 4
a 55 95 0 43 5
a 57 13 0 1 9
a 57 134 0 4 7
a 58 49 0 1 2
a 58 19 0 39 7
a 59 71 0 1 7
a 59 42 0 11 7
a 61 101 0 1 7
a 61 67 0 6 3
a 62 184 0 1 7
a 62 119 0 21 10
a 69 89 0 1 10
a 69 118 0 1 7
a 70 34 0 1 1
a 70 153 0 34 6
a 71 192 0 1 2
a 71 136 0 32 8
a 72 158 0 1 3
a 72 177 0 25 2
a 73 136 0 1 6
a 73 53 0 40 3
a 74 40 0 1 1
a 74 25 0 47 5
a 75 177 0 1 9
a 75 181 0 47 2
a 77 73 0 1 1
a 77 40 0 29 9
a 78 36 0 1 3
a 78 22 0 6 4
a 81 83 0 1 3
a 81 49 0 10 2
a 82 146 0 1 10
a 82 83 0 32 9
a 83 58 0 1 6
a 83 191 0 44 10
a 84 20 0 1 7
a 84 151 0 40 2
a 87 55 0 1 9
a 87 41 0 16 10
a 89 78 0 1 9
a 89 136 0 29 7
a 91 19 0 1 2
a 91 75 0 15 7
a 92 53 0 1 1
a 92 132 0 18 3
a 95 199 0 1 1
a 95 194 0 45 9
a 96 54 0 1 4
a 96 67 0 28 10
a 98 195 0 1 2
a 98 24 0 28 1
a 99 123 0 1 3
a 99 191 0 3 2
a 101 48 0 1 4
a 101 44 0 23 10
a 102 82 0 1 6
a 102 87 0 47 3
a 103 91 0 1 10
a 103 21 0 7 7
a 108 162 0 1 8
a 108 34 0 33 6
a 109 154 0 1 3
a 109 20 0 46 9
a 112 39 0 1 6
a 112 99 0 4 10
a 114 173 0 1 1
a 114 65 0 15 6
a 115 59 0 1 5
a 115 132 0 25 8
a 119 35 0 1 5
a 119 62 0 2 10
a 121 108 0 1 3
a 121 167 0 3 3
a 123 131 0 1 6
a 123 171 0 13 8
a 129 165 0 1 5
a 129 117 0 29 9
a 131 191 0 1 5
a 131 47 0 41 2
a 136 200 0 1 3
a 136 182 0 1 7
a 137 121 0 1 1
a 137 28 0 48 7
a 140 168 0 1 1
a 140 61 0 7 9
a 141 61 0 1 4
a 141 70 0 45 8
a 142 109 0 1 9
a 142 198 0 43 4
a 144 166 0 1 9
a 144 164 0 27 6
a 146 141 0 1 8
a 146 15 0 26 10
a 154 84 0 1 6
a 154 190 0 41 9
a 155 103 0 1 3
a 155 139 0 7 10
a 158 174 0 1 4
a 158 58 0 11 6
a 162 102 0 1 4
a 162 99 0 31 8
a 163 181 0 1 10
a 163 43 0 33 9
a 165 62 0 1 9
a 165 180 0 2 6
a 166 180 0 1 2
a 166 64 0 17 9
a 168 185 0 1 8
a 168 160 0 2 8
a 173 81 0 1 5
a 173 112 0 4 6
a 174 112 0 1 9
a 174 54 0 8 1
a 177 142 0 1 1
a 177 44 0 8 1
a 178 198 0 1 6
a 178 152 0 31 7
a 179 188 0 1 9
a 179 186 0 50 1
a 180 115 0 1 10
a 180 79 0 24 7
a 181 98 0 1 1
a 181 157 0 11 5
a 182 69 0 1 6
a 182 152 0 40 9
a 184 12 0 1 10
a 184 19 0 16 5
a 185 194 0 1 5
a 185 77 0 37 8
a 187 129 0 1 5
a 187 113 0 6 3
a 188 25 0 1 7
a 188 53 0 13 2
a 191 95 0 1 6
a 191 43 0 12 10
a 192 87 0 1 3
a 192 80 0 40 1
a 194 77 0 1 1
a 194 33 0 31 1
a 195 144 0 1 7
a 195 53 0 22 9
a 198 137 0 1 7
a 198 138 0 39 3
