c PyNETGEN v1.0.0
c $ pip install pynetgen
c
c  NETGEN flow network generation algorithm
c  Problem input parameters
c  -------------------------------------
c   Random seed:          16
c   Number of nodes:      200
c   Source nodes:         2
c   Sink nodes:           2
c   Number of arcs:       400
c   Minimum arc cost:     1
c   Maximum arc cost:     10
c   Total supply:         50
c   Transshipment -
c     Sources:            0
c     Sinks:              0
c   Skeleton arcs -
c     With max cost:      0
c     Capacitated:        100
c   Minimum arc capacity: 0
c   Maximum arc capacity: 50
c
c  *** Minimum cost flow ***
c
p min 200 400
n 1 25
n 2 25
n 199 -18
n 200 -32
a 1 194 0 25 4
a 1 134 0 47 6
a 3 128 0 25 4
a 3 160 0 48 7
a 4 86 0 25 10
a 4 88 0 15 3
a 4 55 0 18 10
a 6 103 0 25 10
a 6 29 0 48 2
a 6 107 0 30 10
a 8 125 0 25 7
a 8 42 0 32 9
a 8 10 0 50 5
a 10 113 0 25 5
a 10 31 0 2 2
a 10 40 0 33 5
a 11 68 0 25 10
a 11 199 0 25 6
a 12 117 0 25 8
a 12 16 0 11 5
a 15 21 0 25 10
a 15 172 0 47 1
a 16 130 0 25 10
a 16 33 0 9 2
a 18 121 0 25 7
a 18 51 0 24 3
a 20 180 0 25 7
a 20 190 0 7 9
a 21 188 0 25 3
a 21 162 0 37 7
a 22 6 0 25 1
a 22 65 0 13 5
a 24 69 0 25 4
a 24 124 0 6 10
a 25 171 0 25 6
a 25 72 0 42 6
a 27 184 0 25 1
a 27 3 0 16 9
a 28 25 0 25 10
a 28 119 0 19 4
a 31 53 0 25 8
a 31 45 0 33 4
a 37 174 0 25 6
a 37 44 0 46 9
a 38 71 0 25 8
a 38 129 0 13 10
a 39 144 0 25 9
a 39 73 0 10 9
a 41 60 0 25 8
a 41 117 0 9 1
a 43 111 0 25 10
a 43 116 0 26 7
a 44 189 0 25 2
a 44 105 0 6 2
a 47 85 0 25 9
a 47 30 0 24 1
a 49 94 0 25 4
a 49 187 0 40 2
a 51 90 0 25 2
a 51 169 0 10 6
a 53 136 0 25 4
a 53 176 0 4 2
a 54 134 0 25 4
a 54 104 0 8 4
a 56 67 0 25 9
a 56 196 0 25 1
a 57 160 0 25 5
a 57 129 0 43 2
a 60 47 0 25 4
a 60 136 0 15 8
a 63 101 0 25 3
a 63 148 0 20 7
a 66 163 0 25 4
a 66 115 0 48 7
a 67 187 0 25 4
a 67 80 0 10 4
a 68 38 0 25 3
a 68 53 0 24 8
a 69 77 0 25 3
a 69 95 0 27 9
a 71 39 0 25 10
a 71 168 0 11 7
a 75 115 0 25 6
a 75 61 0 49 2
a 76 24 0 25 7
a 76 93 0 50 6
a 77 57 0 25 3
a 77 104 0 15 10
a 84 63 0 25 2
a 84 160 0 1 8
a 85 146 0 25 1
a 85 12 0 50 8
a 86 22 0 25 1
a 86 84 0 38 3
a 87 43 0 25 5
a 87 179 0 40 7
a 90 140 0 25 3
a 90 114 0 8 1
a 92 56 0 25 6
a 92 45 0 32 6
a 93 99 0 25 4
a 93 82 0 37 10
a 94 190 0 25 6
a 94 177 0 11 7
a 96 44 0 25 2
a 96 78 0 48 7
a 99 118 0 25 2
a 99 168 0 36 9
a 100 109 0 25 9
a 100 71 0 42 10
a 101 3 0 25 8
a 101 84 0 31 5
a 103 169 0 25 2
a 103 65 0 17 7
a 108 41 0 25 5
a 108 17 0 48 9
a 109 4 0 25 7
a 109 72 0 9 10
a 111 76 0 25 1
a 111 181 0 17 8
a 113 100 0 25 10
a 113 157 0 19 10
a 115 84 0 25 4
a 115 113 0 4 1
a 117 37 0 25 2
a 117 135 0 12 7
a 118 31 0 25 2
a 118 199 0 49 9
a 119 191 0 25 5
a 119 121 0 23 2
a 121 141 0 25 3
a 121 101 0 21 3
a 122 164 0 25 2
a 122 130 0 5 7
a 125 127 0 25 7
a 125 162 0 31 2
a 127 153 0 25 9
a 127 138 0 12 5
a 128 132 0 25 8
a 128 179 0 2 10
a 129 27 0 25 9
a 129 25 0 39 5
a 130 8 0 25 2
a 130 99 0 28 5
a 132 193 0 25 6
a 132 90 0 34 4
a 134 139 0 25 5
a 134 150 0 1 8
a 136 150 0 25 9
a 136 155 0 25 10
a 137 15 0 25 6
a 137 68 0 49 6
a 139 179 0 25 9
a 139 33 0 8 10
a 140 20 0 25 3
a 140 61 0 0 6
a 141 142 0 25 3
a 141 166 0 20 6
a 142 119 0 25 9
a 142 29 0 9 7
a 144 51 0 25 9
a 144 138 0 25 2
a 146 92 0 25 6
a 146 96 0 38 10
a 147 28 0 25 4
a 147 163 0 34 6
a 150 18 0 25 5
a 150 46 0 46 2
a 151 16 0 25 7
a 151 78 0 2 5
a 153 108 0 25 7
a 153 168 0 0 6
a 160 66 0 25 2
a 160 87 0 11 9
a 163 12 0 25 2
a 163 18 0 18 6
a 164 172 0 25 6
a 164 131 0 9 9
a 168 96 0 25 2
a 168 146 0 6 4
a 169 49 0 25 2
a 169 57 0 3 4
a 171 93 0 25 9
a 171 175 0 10 7
a 172 151 0 25 6
a 172 120 0 33 7
a 174 54 0 25 4
a 174 71 0 14 2
a 179 129 0 25 3
a 179 18 0 41 1
a 180 10 0 25 4
a 180 154 0 41 4
a 184 168 0 25 1
a 184 133 0 30 7
a 187 147 0 25 3
a 187 127 0 25 7
a 188 200 0 25 3
a 188 162 0 6 5
a 189 11 0 25 5
a 189 51 0 50 8
a 190 137 0 25 8
a 190 135 0 21 7
a 191 75 0 25 6
a 191 114 0 23 1
a 193 87 0 25 9
a 193 23 0 11 5
a 194 122 0 25 1
a 194 50 0 0 5
a 2 102 0 25 7
a 2 60 0 34 4
a 5 17 0 25 8
a 5 96 0 2 9
a 7 42 0 25 2
a 7 40 0 27 3
a 9 162 0 25 7
a 9 137 0 1 6
a 13 26 0 25 9
a 13 140 0 40 1
a 14 195 0 25 3
a 14 138 0 8 9
a 17 91 0 25 6
a 17 118 0 35 9
a 19 165 0 25 6
a 19 16 0 2 10
a 23 145 0 25 6
a 23 114 0 15 2
a 26 176 0 25 2
a 26 36 0 23 10
a 29 166 0 25 10
a 29 78 0 10 10
a 30 59 0 25 8
a 30 51 0 27 6
a 32 131 0 25 7
a 32 100 0 1 8
a 33 116 0 25 6
a 33 62 0 39 5
a 34 79 0 25 7
a 34 21 0 29 9
a 35 33 0 25 8
a 35 50 0 20 3
a 36 107 0 25 8
a 36 53 0 33 10
a 40 133 0 25 8
a 40 111 0 9 8
a 42 78 0 25 4
a 42 200 0 24 10
a 45 110 0 25 4
a 45 56 0 40 5
a 46 61 0 25 5
a 46 134 0 26 9
a 48 135 0 25 6
a 48 169 0 40 5
a 50 200 0 25 6
a 50 71 0 40 10
a 52 32 0 25 2
a 52 81 0 13 3
a 55 73 0 25 2
a 55 100 0 22 9
a 58 181 0 25 2
a 58 6 0 19 5
a 59 83 0 25 9
a 59 25 0 37 9
a 61 178 0 25 2
a 61 13 0 13 7
a 62 148 0 25 7
a 62 129 0 8 4
a 64 98 0 25 9
a 64 138 0 14 2
a 65 50 0 25 4
a 65 104 0 29 10
a 70 185 0 25 2
a 70 131 0 15 3
a 72 97 0 25 2
a 72 118 0 9 9
a 73 175 0 25 8
a 73 49 0 25 10
a 74 149 0 25 3
a 74 131 0 48 5
a 78 192 0 25 3
a 78 93 0 32 3
a 79 95 0 25 10
a 79 127 0 23 5
a 80 58 0 25 9
a 80 134 0 36 2
a 81 65 0 25 9
a 81 180 0 34 10
a 82 112 0 25 9
a 82 142 0 36 8
a 83 80 0 25 7
a 83 187 0 34 4
a 88 36 0 25 4
a 88 168 0 8 3
a 89 52 0 25 4
a 89 133 0 14 9
a 91 14 0 25 10
a 91 143 0 43 5
a 95 13 0 25 1
a 95 101 0 26 1
a 97 198 0 25 4
a 97 25 0 40 3
a 98 7 0 25 1
a 98 170 0 15 2
a 102 120 0 25 7
a 102 89 0 10 9
a 104 186 0 25 9
a 104 180 0 33 1
a 105 5 0 25 2
a 105 25 0 49 7
a 106 157 0 25 3
a 106 116 0 17 1
a 107 89 0 25 3
a 107 151 0 44 5
a 110 138 0 25 10
a 110 14 0 24 5
a 112 155 0 25 10
a 112 154 0 28 10
a 114 46 0 25 3
a 114 58 0 38 6
a 116 30 0 25 3
a 116 43 0 46 9
a 120 9 0 25 6
a 120 47 0 11 5
a 123 124 0 25 5
a 123 103 0 15 6
a 124 105 0 25 3
a 124 74 0 33 1
a 126 156 0 25 10
a 126 78 0 5 7
a 131 29 0 25 2
a 131 52 0 43 2
a 133 199 0 25 4
a 133 177 0 25 8
a 135 34 0 25 2
a 135 80 0 15 1
a 138 167 0 25 6
a 138 61 0 40 5
a 143 40 0 25 3
a 143 153 0 28 9
a 145 88 0 25 1
a 145 41 0 43 10
a 148 64 0 25 6
a 148 130 0 45 10
a 149 23 0 25 3
a 149 35 0 35 7
a 152 104 0 25 8
a 152 3 0 13 5
a 154 197 0 25 4
a 154 60 0 39 2
a 155 126 0 25 8
a 155 182 0 19 10
a 156 161 0 25 1
a 156 39 0 33 2
a 157 48 0 25 5
a 157 177 0 10 6
a 158 35 0 25 4
a 158 27 0 38 1
a 159 74 0 25 8
a 159 63 0 41 6
a 161 183 0 25 8
a 161 81 0 3 5
a 162 55 0 25 7
a 162 101 0 6 5
a 165 114 0 25 10
a 165 35 0 12 7
a 166 182 0 25 4
a 166 103 0 23 2
a 167 159 0 25 1
a 167 103 0 45 10
a 170 82 0 25 3
a 170 200 0 22 9
a 173 154 0 25 5
a 173 4 0 39 6
a 175 170 0 25 1
a 175 96 0 32 9
a 176 45 0 25 9
a 176 186 0 31 9
a 177 106 0 25 10
a 177 83 0 39 7
a 178 81 0 25 5
a 178 27 0 30 10
a 181 196 0 25 3
a 181 79 0 48 4
a 182 70 0 25 7
a 182 103 0 9 1
a 183 152 0 25 9
a 183 143 0 31 9
a 185 72 0 25 2
a 185 43 0 25 7
a 186 173 0 25 9
a 186 113 0 1 2
a 192 158 0 25 2
a 192 176 0 41 4
a 195 62 0 25 10
a 195 144 0 14 3
a 196 143 0 25 4
a 196 40 0 15 8
a 197 123 0 25 4
a 197 36 0 17 1
a 198 19 0 25 5
a 198 151 0 37 9
