c PyNETGEN v1.0.0
c $ pip install pynetgen
c
c  NETGEN flow network generation algorithm
c  Problem input parameters
c  -------------------------------------
c   Random seed:          5
c   Number of nodes:      200
c   Source nodes:         2
c   Sink nodes:           2
c   Number of arcs:       400
c   Minimum arc cost:     1
c   Maximum arc cost:     10
c   Total supply:         50
c   Transshipment -
c     Sources:            0
c     Sinks:              0
c   Skeleton arcs -
c     With max cost:      0
c     Capacitated:        100
c   Minimum arc capacity: 0
c   Maximum arc capacity: 50
c
c  *** Minimum cost flow ***
c
p min 200 400
n 1 11
n 2 39
n 199 -23
n 200 -27
a 1 60 0 11 8
a 1 197 0 45 6
a 1 127 0 36 10
a 3 80 0 11 10
a 3 101 0 12 9
a 3 200 0 33 2
a 4 148 0 11 4
a 4 37 0 38 3
a 4 6 0 10 9
a 6 147 0 11 9
a 6 37 0 35 9
a 6 43 0 37 4
a 8 172 0 11 9
a 8 192 0 40 10
a 9 6 0 11 7
a 9 113 0 26 10
a 12 162 0 11 3
a 12 177 0 31 2
a 15 38 0 11 9
a 15 62 0 29 8
a 16 142 0 11 5
a 16 185 0 49 5
a 17 85 0 11 7
a 17 102 0 26 10
a 21 110 0 11 7
a 21 15 0 24 10
a 24 188 0 11 7
a 24 156 0 15 4
a 25 16 0 11 5
a 25 45 0 7 4
a 26 157 0 11 1
a 26 151 0 32 6
a 30 108 0 11 10
a 30 19 0 7 2
a 32 50 0 11 4
a 32 80 0 42 9
a 34 129 0 11 7
a 34 4 0 15 2
a 36 196 0 11 10
a 36 11 0 50 6
a 38 66 0 11 10
a 38 189 0 8 8
a 39 183 0 11 9
a 39 171 0 27 10
a 42 121 0 11 9
a 42 199 0 1 2
a 43 175 0 11 2
a 43 165 0 42 8
a 45 42 0 11 6
a 45 92 0 37 4
a 48 139 0 11 7
a 48 140 0 41 6
a 49 134 0 11 7
a 49 175 0 24 9
a 50 89 0 11 5
a 50 97 0 37 8
a 51 9 0 11 8
a 51 129 0 48 6
a 57 107 0 11 10
a 57 27 0 22 9
a 58 143 0 11 9
a 58 121 0 29 9
a 60 48 0 11 2
a 60 112 0 47 9
a 61 179 0 11 10
a 61 101 0 27 5
a 66 144 0 11 10
a 66 40 0 9 9
a 68 99 0 11 2
a 68 183 0 31 2
a 70 101 0 11 4
a 70 199 0 32 2
a 71 163 0 11 7
a 71 12 0 7 6
a 74 182 0 11 5
a 74 136 0 23 9
a 76 150 0 11 8
a 76 16 0 12 5
a 78 15 0 11 6
a 78 106 0 19 9
a 80 113 0 11 10
a 80 73 0 10 9
a 81 8 0 11 2
a 81 157 0 35 1
a 84 4 0 11 5
a 84 124 0 18 7
a 85 30 0 11 3
a 85 26 0 39 1
a 86 51 0 11 2
a 86 70 0 30 2
a 87 170 0 11 8
a 87 111 0 43 6
a 89 17 0 11 7
a 89 12 0 45 5
a 91 71 0 11 5
a 91 102 0 10 4
a 97 151 0 11 1
a 97 101 0 12 1
a 99 39 0 11 8
a 99 64 0 7 10
a 100 104 0 11 7
a 100 96 0 4 2
a 101 115 0 11 6
a 101 176 0 45 2
a 104 194 0 11 6
a 104 118 0 6 7
a 105 58 0 11 4
a 105 141 0 45 5
a 106 81 0 11 7
a 106 98 0 23 7
a 107 173 0 11 2
a 107 86 0 0 2
a 108 21 0 11 2
a 108 98 0 45 8
a 109 174 0 11 1
a 109 153 0 39 8
a 110 70 0 11 9
a 110 75 0 35 10
a 113 34 0 11 10
a 113 32 0 3 10
a 114 119 0 11 6
a 114 101 0 40 3
a 115 12 0 11 4
a 115 125 0 23 1
a 116 3 0 11 8
a 116 200 0 11 5
a 119 91 0 11 8
a 119 43 0 50 6
a 121 26 0 11 8
a 121 31 0 47 2
a 126 87 0 11 2
a 126 115 0 43 8
a 129 109 0 11 5
a 129 83 0 38 3
a 134 164 0 11 1
a 134 190 0 30 8
a 137 126 0 11 10
a 137 161 0 2 9
a 139 180 0 11 6
a 139 23 0 2 4
a 142 106 0 11 5
a 142 175 0 1 10
a 143 25 0 11 7
a 143 54 0 42 8
a 144 153 0 11 1
a 144 23 0 25 3
a 147 176 0 11 1
a 147 97 0 5 7
a 148 86 0 11 4
a 148 20 0 46 3
a 149 191 0 11 8
a 149 141 0 44 7
a 150 149 0 11 10
a 150 199 0 18 4
a 151 185 0 11 4
a 151 197 0 22 10
a 152 74 0 11 9
a 152 153 0 38 8
a 153 168 0 11 1
a 153 110 0 12 5
a 157 61 0 11 7
a 157 114 0 49 10
a 162 100 0 11 2
a 162 143 0 39 2
a 163 184 0 11 3
a 163 116 0 20 2
a 164 84 0 11 5
a 164 172 0 35 2
a 168 57 0 11 1
a 168 106 0 5 5
a 170 78 0 11 8
a 170 10 0 19 5
a 172 97 0 11 8
a 172 11 0 43 7
a 173 24 0 11 3
a 173 98 0 26 6
a 174 49 0 11 3
a 174 90 0 49 8
a 175 76 0 11 8
a 175 112 0 24 6
a 176 199 0 11 10
a 176 59 0 26 8
a 178 152 0 11 6
a 178 135 0 33 1
a 179 36 0 11 4
a 179 199 0 34 9
a 180 197 0 11 1
a 180 78 0 49 10
a 182 32 0 11 3
a 182 200 0 43 9
a 183 114 0 11 3
a 183 40 0 8 4
a 184 137 0 11 1
a 184 49 0 25 6
a 185 68 0 11 10
a 185 200 0 14 5
a 188 45 0 11 9
a 188 51 0 16 10
a 190 43 0 11 6
a 190 9 0 28 10
a 191 116 0 11 4
a 191 154 0 5 5
a 194 105 0 11 2
a 194 32 0 47 10
a 196 190 0 11 9
a 196 92 0 27 10
a 197 178 0 11 7
a 197 15 0 0 3
a 2 169 0 39 10
a 2 166 0 20 6
a 5 37 0 39 10
a 5 138 0 10 10
a 7 165 0 39 4
a 7 52 0 24 4
a 10 146 0 39 8
a 10 33 0 8 9
a 11 120 0 39 10
a 11 42 0 22 7
a 13 128 0 39 4
a 13 39 0 50 10
a 14 132 0 39 8
a 14 68 0 25 6
a 18 98 0 39 4
a 18 46 0 21 9
a 19 177 0 39 6
a 19 3 0 8 8
a 20 56 0 39 8
a 20 40 0 45 2
a 22 141 0 39 8
a 22 34 0 46 8
a 23 200 0 39 8
a 23 62 0 26 9
a 27 62 0 39 2
a 27 133 0 19 3
a 28 130 0 39 4
a 28 151 0 28 6
a 29 181 0 39 5
a 29 183 0 1 1
a 31 155 0 39 7
a 31 56 0 30 9
a 33 127 0 39 3
a 33 170 0 31 7
a 35 90 0 39 3
a 35 140 0 9 7
a 37 135 0 39 9
a 37 20 0 9 5
a 40 47 0 39 10
a 40 179 0 30 9
a 41 10 0 39 10
a 41 166 0 46 1
a 44 82 0 39 2
a 44 188 0 30 1
a 46 187 0 39 8
a 46 82 0 6 8
a 47 19 0 39 10
a 47 110 0 44 7
a 52 123 0 39 2
a 52 127 0 40 5
a 53 31 0 39 6
a 53 138 0 20 5
a 54 63 0 39 3
a 54 149 0 37 7
a 55 64 0 39 7
a 55 110 0 39 6
a 56 54 0 39 1
a 56 34 0 26 10
a 59 96 0 39 9
a 59 199 0 39 7
a 62 44 0 39 10
a 62 120 0 38 6
a 63 29 0 39 3
a 63 174 0 8 1
a 64 18 0 39 2
a 64 150 0 50 3
a 65 5 0 39 10
a 65 59 0 30 9
a 67 41 0 39 8
a 67 153 0 41 9
a 69 156 0 39 8
a 69 42 0 46 5
a 72 131 0 39 9
a 72 84 0 20 1
a 73 7 0 39 6
a 73 176 0 10 2
a 75 14 0 39 3
a 75 113 0 0 3
a 77 94 0 39 1
a 77 18 0 45 7
a 79 67 0 39 6
a 79 155 0 42 2
a 82 159 0 39 3
a 82 81 0 33 10
a 83 138 0 39 7
a 83 31 0 48 9
a 88 171 0 39 3
a 88 155 0 5 10
a 90 195 0 39 2
a 90 194 0 28 9
a 92 11 0 39 5
a 92 178 0 25 2
a 93 69 0 39 8
a 93 112 0 2 3
a 94 40 0 39 9
a 94 49 0 24 5
a 95 35 0 39 4
a 95 40 0 48 9
a 96 186 0 39 4
a 96 103 0 37 3
a 98 13 0 39 3
a 98 111 0 12 9
a 102 53 0 39 7
a 102 129 0 42 3
a 103 189 0 39 10
a 103 127 0 49 3
a 111 73 0 39 4
a 111 67 0 18 5
a 112 154 0 39 1
a 112 97 0 41 4
a 117 95 0 39 2
a 117 130 0 5 5
a 118 198 0 39 7
a 118 158 0 6 7
a 120 111 0 39 1
a 120 6 0 24 8
a 122 193 0 39 9
a 122 181 0 49 5
a 123 75 0 39 8
a 123 64 0 19 9
a 124 28 0 39 4
a 124 180 0 23 9
a 125 46 0 39 7
a 125 61 0 8 3
a 127 77 0 39 3
a 127 159 0 3 2
a 128 79 0 39 4
a 128 28 0 17 4
a 130 160 0 39 5
a 130 37 0 47 7
a 131 20 0 39 6
a 131 130 0 10 1
a 132 92 0 39 2
a 132 137 0 44 10
a 133 140 0 39 9
a 133 7 0 33 4
a 135 161 0 39 9
a 135 26 0 36 10
a 136 59 0 39 2
a 136 171 0 31 9
a 138 93 0 39 8
a 138 9 0 22 3
a 140 112 0 39 7
a 140 48 0 34 6
a 141 33 0 39 9
a 141 44 0 27 4
a 145 27 0 39 3
a 145 108 0 26 2
a 146 103 0 39 3
a 146 83 0 30 2
a 154 55 0 39 2
a 154 22 0 23 1
a 155 166 0 39 5
a 155 7 0 40 9
a 156 136 0 39 2
a 156 10 0 23 10
a 158 133 0 39 9
a 158 94 0 10 8
a 159 118 0 39 1
a 159 42 0 20 8
a 160 158 0 39 10
a 160 20 0 32 5
a 161 88 0 39 5
a 161 125 0 41 7
a 165 102 0 39 7
a 165 117 0 13 7
a 166 192 0 39 6
a 166 122 0 16 10
a 167 124 0 39 3
a 167 48 0 20 1
a 169 72 0 39 5
a 169 58 0 22 7
a 171 117 0 39 3
a 171 10 0 42 7
a 177 125 0 39 8
a 177 188 0 9 6
a 181 122 0 39 5
a 181 178 0 48 10
a 186 65 0 39 8
a 186 11 0 22 10
a 187 52 0 39 7
a 187 56 0 45 8
a 189 23 0 39 9
a 189 70 0 27 3
a 192 145 0 39 3
a 192 56 0 12 2
a 193 22 0 39 1
a 193 127 0 17 8
a 195 167 0 39 3
a 195 114 0 10 2
a 198 83 0 39 10
a 198 130 0 37 6
