c PyNETGEN v1.0.0
c $ pip install pynetgen
c
c  NETGEN flow network generation algorithm
c  Problem input parameters
c  -------------------------------------
c   Random seed:          10
c   Number of nodes:      200
c   Source nodes:         2
c   Sink nodes:           2
c   Number of arcs:       400
c   Minimum arc cost:     1
c   Maximum arc cost:     10
c   Total supply:         50
c   Transshipment -
c     Sources:            0
c     Sinks:              0
c   Skeleton arcs -
c     With max cost:      0
c     Capacitated:        100
c   Minimum arc capacity: 0
c   Maximum arc capacity: 50
c
c  *** Minimum cost flow ***
c
p min 200 400
n 1 44
n 2 6
n 199 -42
n 200 -8
a 1 117 0 44 5
a 1 151 0 39 4
a 1 54 0 21 2
a 3 103 0 44 9
a 3 197 0 24 10
a 4 156 0 44 2
a 4 31 0 8 2
a 4 33 0 25 5
a 6 7 0 44 2
a 6 122 0 19 6
a 6 166 0 19 10
a 7 62 0 44 3
a 7 175 0 28 7
a 7 118 0 4 2
a 8 25 0 44 3
a 8 178 0 27 9
a 9 186 0 44 8
a 9 152 0 37 6
a 10 39 0 44 7
a 10 76 0 7 8
a 12 147 0 44 9
a 12 169 0 22 2
a 14 55 0 44 6
a 14 156 0 1 2
a 17 145 0 44 3
a 17 182 0 23 2
a 18 23 0 44 6
a 18 113 0 5 7
a 19 41 0 44 9
a 19 42 0 14 10
a 21 31 0 44 1
a 21 60 0 13 1
a 23 125 0 44 2
a 23 36 0 14 6
a 24 14 0 44 7
a 24 155 0 33 10
a 25 46 0 44 6
a 25 5 0 5 3
a 26 184 0 44 9
a 26 19 0 24 4
a 27 68 0 44 9
a 27 134 0 42 5
a 28 182 0 44 7
a 28 142 0 3 2
a 30 70 0 44 7
a 30 154 0 28 6
a 31 26 0 44 6
a 31 131 0 8 5
a 32 174 0 44 1
a 32 179 0 49 7
a 39 75 0 44 3
a 39 79 0 6 1
a 41 129 0 44 6
a 41 149 0 48 7
a 46 141 0 44 2
a 46 189 0 49 8
a 50 19 0 44 8
a 50 12 0 45 1
a 51 171 0 44 2
a 51 52 0 44 10
a 55 119 0 44 7
a 55 196 0 33 7
a 57 165 0 44 6
a 57 176 0 43 10
a 58 195 0 44 2
a 58 199 0 3 9
a 60 18 0 44 9
a 60 35 0 18 7
a 62 9 0 44 3
a 62 122 0 11 6
a 63 79 0 44 7
a 63 197 0 13 3
a 65 27 0 44 3
a 65 21 0 14 4
a 68 128 0 44 2
a 68 28 0 46 10
a 69 178 0 44 5
a 69 184 0 24 9
a 70 194 0 44 4
a 70 9 0 13 7
a 75 87 0 44 9
a 75 145 0 46 10
a 77 130 0 44 3
a 77 112 0 19 1
a 78 86 0 44 2
a 78 45 0 36 6
a 79 122 0 44 8
a 79 49 0 2 4
a 81 51 0 44 3
a 81 137 0 35 6
a 82 28 0 44 5
a 82 21 0 10 1
a 84 173 0 44 6
a 84 176 0 14 9
a 86 82 0 44 9
a 86 199 0 46 7
a 87 21 0 44 4
a 87 199 0 50 1
a 91 100 0 44 8
a 91 80 0 40 9
a 92 157 0 44 3
a 92 147 0 8 6
a 93 146 0 44 1
a 93 151 0 39 6
a 95 164 0 44 4
a 95 190 0 12 6
a 98 111 0 44 7
a 98 36 0 14 9
a 100 30 0 44 6
a 100 193 0 46 3
a 103 91 0 44 6
a 103 171 0 26 6
a 106 142 0 44 3
a 106 150 0 39 5
a 108 50 0 44 4
a 108 106 0 27 8
a 110 12 0 44 7
a 110 103 0 19 2
a 111 112 0 44 2
a 111 61 0 6 2
a 112 4 0 44 1
a 112 3 0 4 8
a 115 200 0 44 10
a 115 4 0 46 4
a 117 93 0 44 5
a 117 135 0 9 1
a 119 143 0 44 8
a 119 100 0 6 1
a 120 163 0 44 5
a 120 35 0 7 5
a 122 126 0 44 3
a 122 28 0 26 4
a 124 185 0 44 5
a 124 34 0 8 1
a 125 189 0 44 1
a 125 8 0 10 2
a 126 110 0 44 5
a 126 30 0 34 9
a 127 120 0 44 4
a 127 44 0 22 8
a 128 63 0 44 8
a 128 108 0 12 1
a 129 8 0 44 3
a 129 196 0 25 4
a 130 98 0 44 8
a 130 114 0 8 4
a 131 65 0 44 10
a 131 74 0 0 10
a 136 115 0 44 3
a 136 99 0 18 3
a 141 6 0 44 2
a 141 5 0 15 9
a 142 166 0 44 10
a 142 90 0 15 4
a 143 32 0 44 5
a 143 174 0 19 8
a 145 181 0 44 10
a 145 189 0 31 9
a 146 58 0 44 10
a 146 42 0 8 2
a 147 57 0 44 3
a 147 61 0 18 7
a 148 108 0 44 1
a 148 193 0 22 3
a 154 17 0 44 4
a 154 45 0 21 3
a 156 148 0 44 3
a 156 45 0 6 5
a 157 124 0 44 9
a 157 92 0 27 1
a 159 106 0 44 8
a 159 138 0 5 5
a 162 131 0 44 2
a 162 122 0 36 10
a 163 177 0 44 8
a 163 138 0 33 5
a 164 81 0 44 6
a 164 100 0 30 7
a 165 69 0 44 4
a 165 132 0 17 5
a 166 84 0 44 5
a 166 72 0 20 4
a 167 3 0 44 9
a 167 176 0 48 5
a 168 162 0 44 6
a 168 48 0 21 4
a 171 127 0 44 8
a 171 189 0 39 6
a 172 24 0 44 9
a 172 146 0 1 7
a 173 172 0 44 4
a 173 115 0 30 2
a 174 60 0 44 9
a 174 79 0 49 6
a 177 168 0 44 6
a 177 182 0 24 10
a 178 10 0 44 7
a 178 75 0 34 5
a 181 92 0 44 4
a 181 182 0 42 6
a 182 136 0 44 7
a 182 113 0 20 5
a 184 77 0 44 3
a 184 29 0 27 7
a 185 95 0 44 6
a 185 151 0 35 4
a 186 78 0 44 7
a 186 13 0 16 7
a 189 197 0 44 7
a 189 199 0 44 10
a 194 154 0 44 2
a 194 90 0 15 4
a 195 159 0 44 9
a 195 30 0 20 9
a 197 167 0 44 7
a 197 99 0 23 10
a 2 139 0 6 2
a 2 79 0 44 3
a 5 89 0 6 7
a 5 74 0 24 2
a 11 114 0 6 5
a 11 133 0 25 4
a 13 88 0 6 7
a 13 89 0 17 7
a 15 59 0 6 1
a 15 158 0 16 8
a 16 133 0 6 5
a 16 76 0 14 6
a 20 29 0 6 8
a 20 65 0 16 8
a 22 113 0 6 5
a 22 77 0 1 7
a 29 179 0 6 3
a 29 64 0 13 5
a 33 38 0 6 10
a 33 101 0 5 1
a 34 149 0 6 9
a 34 121 0 2 4
a 35 66 0 6 3
a 35 109 0 35 7
a 36 160 0 6 5
a 36 138 0 11 3
a 37 109 0 6 5
a 37 34 0 44 3
a 38 104 0 6 7
a 38 192 0 18 9
a 40 102 0 6 2
a 40 114 0 9 7
a 42 83 0 6 2
a 42 88 0 16 1
a 43 137 0 6 3
a 43 131 0 9 4
a 44 15 0 6 5
a 44 161 0 12 8
a 45 188 0 6 2
a 45 171 0 37 6
a 47 11 0 6 6
a 47 8 0 4 2
a 48 34 0 6 4
a 48 75 0 15 9
a 49 97 0 6 5
a 49 53 0 23 3
a 52 67 0 6 3
a 52 172 0 27 1
a 53 96 0 6 1
a 53 66 0 27 2
a 54 94 0 6 10
a 54 65 0 44 10
a 56 54 0 6 5
a 56 32 0 2 4
a 59 151 0 6 9
a 59 25 0 6 8
a 61 152 0 6 8
a 61 182 0 2 9
a 64 90 0 6 3
a 64 118 0 25 6
a 66 170 0 6 8
a 66 124 0 33 3
a 67 47 0 6 10
a 67 115 0 36 9
a 71 190 0 6 9
a 71 189 0 27 4
a 72 196 0 6 9
a 72 139 0 32 1
a 73 183 0 6 4
a 73 6 0 2 7
a 74 73 0 6 4
a 74 96 0 0 7
a 76 138 0 6 5
a 76 107 0 2 3
a 80 13 0 6 6
a 80 24 0 40 4
a 83 175 0 6 5
a 83 183 0 50 5
a 85 37 0 6 2
a 85 105 0 27 6
a 88 107 0 6 3
a 88 11 0 48 2
a 89 64 0 6 10
a 89 152 0 25 4
a 90 49 0 6 1
a 90 85 0 22 10
a 94 45 0 6 4
a 94 140 0 16 1
a 96 193 0 6 6
a 96 160 0 30 9
a 97 161 0 6 8
a 97 46 0 21 4
a 99 155 0 6 1
a 99 170 0 14 7
a 101 135 0 6 7
a 101 153 0 21 6
a 102 61 0 6 5
a 102 129 0 2 10
a 104 132 0 6 8
a 104 137 0 46 4
a 105 56 0 6 6
a 105 70 0 30 8
a 107 192 0 6 1
a 107 68 0 0 1
a 109 105 0 6 8
a 109 149 0 32 6
a 113 16 0 6 2
a 113 42 0 25 8
a 114 101 0 6 9
a 114 188 0 8 4
a 116 72 0 6 3
a 116 20 0 3 8
a 118 180 0 6 10
a 118 85 0 14 10
a 121 200 0 6 9
a 121 150 0 13 6
a 123 150 0 6 2
a 123 99 0 6 2
a 132 123 0 6 3
a 132 158 0 0 8
a 133 5 0 6 1
a 133 191 0 43 2
a 134 153 0 6 8
a 134 64 0 33 10
a 135 121 0 6 3
a 135 199 0 6 9
a 137 134 0 6 7
a 137 166 0 41 7
a 138 44 0 6 10
a 138 50 0 21 9
a 139 140 0 6 3
a 139 141 0 37 7
a 140 85 0 6 8
a 140 170 0 44 8
a 144 116 0 6 6
a 144 50 0 43 1
a 149 187 0 6 10
a 149 83 0 3 7
a 150 22 0 6 8
a 150 15 0 27 6
a 151 53 0 6 5
a 151 165 0 35 6
a 152 144 0 6 6
a 152 41 0 21 4
a 153 71 0 6 9
a 153 166 0 29 10
a 155 118 0 6 6
a 155 172 0 46 9
a 158 43 0 6 7
a 158 187 0 46 5
a 160 42 0 6 4
a 160 38 0 15 5
a 161 176 0 6 2
a 161 192 0 39 9
a 169 191 0 6 2
a 169 6 0 31 3
a 170 52 0 6 6
a 170 188 0 26 3
a 175 33 0 6 1
a 175 46 0 32 9
a 176 74 0 6 8
a 176 50 0 40 1
a 179 35 0 6 2
a 179 114 0 44 3
a 180 158 0 6 5
a 180 171 0 33 3
a 183 76 0 6 5
a 183 131 0 44 4
a 187 198 0 6 2
a 187 112 0 45 9
a 188 40 0 6 5
a 188 173 0 19 2
a 190 80 0 6 3
a 190 108 0 39 8
a 191 48 0 6 7
a 191 136 0 3 5
a 192 169 0 6 5
a 192 66 0 50 3
a 193 99 0 6 4
a 193 53 0 9 5
a 196 36 0 6 5
a 196 29 0 20 3
a 198 20 0 6 9
a 198 16 0 23 4
