c PyNETGEN v1.0.0
c $ pip install pynetgen
c
c  NETGEN flow network generation algorithm
c  Problem input parameters
c  -------------------------------------
c   Random seed:          4
c   Number of nodes:      200
c   Source nodes:         2
c   Sink nodes:           2
c   Number of arcs:       400
c   Minimum arc cost:     1
c   Maximum arc cost:     10
c   Total supply:         50
c   Transshipment -
c     Sources:            0
c     Sinks:              0
c   Skeleton arcs -
c     With max cost:      0
c     Capacitated:        100
c   Minimum arc capacity: 0
c   Maximum arc capacity: 50
c
c  *** Minimum cost flow ***
c
p min 200 400
n 1 25
n 2 25
n 199 -19
n 200 -31
a 1 83 0 25 6
a 1 167 0 5 9
a 4 131 0 25 7
a 4 26 0 50 1
a 4 125 0 50 4
a 5 21 0 25 10
a 5 55 0 49 1
a 10 172 0 25 6
a 10 119 0 18 8
a 10 44 0 33 5
a 11 128 0 25 10
a 11 134 0 14 4
a 11 103 0 6 2
a 14 57 0 25 7
a 14 191 0 32 4
a 17 101 0 25 9
a 17 162 0 9 3
a 18 67 0 25 3
a 18 39 0 24 9
a 19 18 0 25 2
a 19 85 0 25 6
a 19 41 0 29 3
a 21 188 0 25 3
a 21 51 0 26 10
a 22 183 0 25 4
a 22 92 0 45 9
a 23 51 0 25 7
a 23 7 0 7 7
a 24 56 0 25 3
a 24 59 0 31 4
a 26 126 0 25 1
a 26 25 0 15 7
a 28 184 0 25 1
a 28 56 0 41 1
a 30 197 0 25 6
a 30 42 0 13 8
a 31 50 0 25 9
a 31 132 0 7 4
a 33 19 0 25 9
a 33 129 0 45 1
a 34 109 0 25 7
a 34 135 0 32 10
a 39 103 0 25 6
a 39 108 0 11 10
a 40 11 0 25 8
a 40 121 0 11 5
a 41 117 0 25 7
a 41 173 0 49 4
a 44 168 0 25 1
a 44 20 0 4 8
a 49 23 0 25 6
a 49 91 0 28 9
a 50 80 0 25 9
a 50 119 0 29 5
a 51 133 0 25 1
a 51 157 0 50 2
a 56 40 0 25 4
a 56 87 0 33 9
a 57 194 0 25 8
a 57 48 0 2 8
a 58 142 0 25 3
a 58 89 0 18 4
a 64 145 0 25 7
a 64 191 0 12 10
a 65 58 0 25 1
a 65 50 0 47 3
a 67 146 0 25 1
a 67 134 0 12 5
a 76 22 0 25 8
a 76 68 0 40 7
a 77 91 0 25 3
a 77 32 0 46 10
a 78 96 0 25 4
a 78 81 0 41 3
a 79 180 0 25 4
a 79 189 0 49 4
a 80 34 0 25 10
a 80 111 0 35 3
a 82 135 0 25 3
a 82 124 0 10 5
a 83 65 0 25 9
a 83 126 0 18 2
a 84 159 0 25 6
a 84 95 0 43 5
a 87 139 0 25 6
a 87 148 0 14 3
a 88 119 0 25 6
a 88 30 0 16 5
a 89 179 0 25 10
a 89 73 0 14 3
a 90 92 0 25 6
a 90 169 0 14 1
a 91 93 0 25 1
a 91 191 0 46 1
a 92 196 0 25 5
a 92 160 0 13 9
a 93 147 0 25 5
a 93 138 0 40 3
a 95 41 0 25 4
a 95 74 0 31 1
a 96 187 0 25 10
a 96 86 0 39 5
a 99 177 0 25 5
a 99 158 0 0 9
a 101 132 0 25 7
a 101 33 0 15 5
a 102 106 0 25 1
a 102 64 0 26 9
a 103 82 0 25 5
a 103 17 0 13 4
a 104 4 0 25 5
a 104 167 0 10 9
a 106 10 0 25 8
a 106 172 0 46 4
a 107 79 0 25 7
a 107 194 0 21 8
a 109 24 0 25 2
a 109 123 0 43 5
a 111 199 0 25 6
a 111 52 0 28 10
a 117 84 0 25 9
a 117 68 0 32 8
a 119 90 0 25 4
a 119 100 0 49 3
a 126 78 0 25 10
a 126 121 0 29 5
a 127 107 0 25 2
a 127 192 0 33 5
a 128 102 0 25 10
a 128 144 0 18 6
a 131 141 0 25 10
a 131 167 0 46 7
a 132 171 0 25 8
a 132 89 0 49 1
a 133 64 0 25 5
a 133 5 0 9 6
a 135 5 0 25 2
a 135 32 0 39 9
a 136 111 0 25 1
a 136 93 0 24 10
a 137 28 0 25 2
a 137 14 0 30 1
a 139 30 0 25 8
a 139 155 0 15 3
a 141 186 0 25 6
a 141 3 0 49 3
a 142 39 0 25 4
a 142 97 0 15 6
a 145 31 0 25 6
a 145 200 0 25 6
a 146 44 0 25 4
a 146 168 0 25 10
a 147 155 0 25 9
a 147 32 0 40 10
a 148 193 0 25 4
a 148 126 0 38 9
a 150 127 0 25 10
a 150 154 0 5 4
a 153 95 0 25 3
a 153 80 0 15 1
a 155 161 0 25 3
a 155 157 0 19 9
a 159 150 0 25 10
a 159 75 0 41 5
a 161 136 0 25 6
a 161 15 0 21 9
a 162 137 0 25 3
a 162 84 0 43 3
a 168 88 0 25 1
a 168 142 0 45 3
a 171 162 0 25 6
a 171 176 0 0 5
a 172 148 0 25 8
a 172 105 0 9 3
a 177 14 0 25 8
a 177 127 0 36 9
a 179 49 0 25 10
a 179 134 0 34 4
a 180 87 0 25 4
a 180 11 0 14 7
a 183 104 0 25 3
a 183 175 0 26 6
a 184 77 0 25 3
a 184 166 0 47 5
a 186 89 0 25 4
a 186 142 0 27 10
a 187 99 0 25 1
a 187 151 0 29 9
a 188 33 0 25 10
a 188 138 0 29 6
a 193 17 0 25 2
a 193 112 0 42 7
a 194 76 0 25 1
a 194 57 0 20 1
a 196 153 0 25 5
a 196 182 0 6 1
a 197 26 0 25 10
a 197 76 0 33 3
a 2 175 0 25 2
a 2 36 0 24 1
a 3 156 0 25 9
a 3 53 0 12 6
a 6 105 0 25 8
a 6 58 0 47 2
a 7 59 0 25 2
a 7 48 0 0 8
a 8 121 0 25 8
a 8 61 0 21 6
a 9 47 0 25 10
a 9 79 0 21 7
a 12 32 0 25 3
a 12 9 0 13 9
a 13 7 0 25 9
a 13 161 0 45 10
a 15 100 0 25 6
a 15 97 0 32 4
a 16 55 0 25 8
a 16 21 0 48 2
a 20 68 0 25 4
a 20 9 0 40 8
a 25 61 0 25 4
a 25 191 0 15 9
a 27 129 0 25 5
a 27 116 0 32 1
a 29 45 0 25 9
a 29 3 0 42 4
a 32 190 0 25 8
a 32 159 0 31 5
a 35 43 0 25 6
a 35 94 0 47 6
a 36 20 0 25 2
a 36 147 0 0 5
a 37 167 0 25 6
a 37 27 0 0 2
a 38 178 0 25 4
a 38 138 0 48 7
a 42 48 0 25 1
a 42 178 0 26 9
a 43 158 0 25 8
a 43 124 0 24 4
a 45 42 0 25 2
a 45 26 0 40 6
a 46 38 0 25 2
a 46 113 0 2 8
a 47 113 0 25 7
a 47 184 0 12 1
a 48 154 0 25 7
a 48 16 0 29 2
a 52 35 0 25 2
a 52 195 0 32 3
a 53 8 0 25 10
a 53 95 0 29 3
a 54 164 0 25 4
a 54 52 0 10 6
a 55 170 0 25 9
a 55 22 0 35 9
a 59 53 0 25 3
a 59 159 0 37 8
a 60 185 0 25 3
a 60 184 0 11 3
a 61 165 0 25 4
a 61 80 0 9 4
a 62 149 0 25 4
a 62 176 0 16 5
a 63 144 0 25 5
a 63 45 0 21 7
a 66 60 0 25 4
a 66 147 0 48 8
a 68 63 0 25 6
a 68 160 0 26 5
a 69 166 0 25 9
a 69 117 0 48 10
a 70 199 0 25 4
a 70 92 0 21 9
a 71 16 0 25 8
a 71 185 0 25 5
a 72 9 0 25 10
a 72 118 0 18 8
a 73 176 0 25 10
a 73 135 0 14 5
a 74 181 0 25 1
a 74 55 0 31 3
a 75 46 0 25 9
a 75 146 0 28 3
a 81 73 0 25 9
a 81 30 0 21 1
a 85 37 0 25 9
a 85 49 0 15 3
a 86 116 0 25 6
a 86 70 0 21 2
a 94 81 0 25 1
a 94 76 0 21 5
a 97 69 0 25 6
a 97 35 0 35 4
a 98 198 0 25 1
a 98 109 0 36 7
a 100 169 0 25 2
a 100 76 0 19 6
a 105 124 0 25 6
a 105 79 0 10 5
a 108 163 0 25 1
a 108 154 0 29 8
a 110 114 0 25 1
a 110 146 0 47 3
a 112 13 0 25 3
a 112 97 0 27 7
a 113 125 0 25 4
a 113 68 0 44 1
a 114 120 0 25 9
a 114 180 0 36 6
a 115 192 0 25 4
a 115 110 0 49 7
a 116 112 0 25 10
a 116 87 0 6 8
a 118 191 0 25 6
a 118 161 0 13 5
a 120 122 0 25 9
a 120 38 0 22 10
a 121 70 0 25 9
a 121 95 0 5 3
a 122 182 0 25 10
a 122 95 0 28 7
a 123 110 0 25 2
a 123 177 0 10 10
a 124 74 0 25 5
a 124 103 0 8 7
a 125 3 0 25 6
a 125 6 0 1 6
a 129 123 0 25 8
a 129 164 0 36 8
a 130 54 0 25 1
a 130 181 0 0 9
a 134 143 0 25 8
a 134 28 0 2 1
a 138 75 0 25 6
a 138 113 0 10 4
a 140 85 0 25 9
a 140 200 0 25 4
a 143 94 0 25 1
a 143 34 0 49 5
a 144 152 0 25 10
a 144 56 0 30 1
a 149 134 0 25 4
a 149 142 0 47 10
a 151 118 0 25 2
a 151 52 0 3 3
a 152 52 0 25 2
a 152 177 0 35 9
a 154 71 0 25 8
a 154 158 0 43 6
a 156 151 0 25 1
a 156 61 0 27 3
a 157 189 0 25 8
a 157 144 0 47 5
a 158 130 0 25 2
a 158 157 0 41 1
a 160 115 0 25 2
a 160 67 0 29 9
a 163 138 0 25 7
a 163 44 0 39 3
a 164 98 0 25 1
a 164 187 0 27 2
a 165 160 0 25 5
a 165 109 0 3 1
a 166 66 0 25 7
a 166 28 0 44 8
a 167 174 0 25 7
a 167 126 0 11 10
a 169 173 0 25 4
a 169 184 0 31 9
a 170 72 0 25 2
a 170 162 0 48 10
a 173 29 0 25 1
a 173 38 0 46 4
a 174 6 0 25 3
a 174 60 0 33 9
a 175 157 0 25 6
a 175 171 0 16 5
a 176 140 0 25 2
a 176 157 0 33 6
a 178 195 0 25 10
a 178 22 0 18 2
a 181 15 0 25 6
a 181 159 0 2 7
a 182 36 0 25 8
a 182 39 0 33 9
a 185 86 0 25 8
a 185 62 0 38 10
a 189 108 0 25 4
a 189 101 0 0 4
a 190 27 0 25 9
a 190 96 0 42 6
a 191 97 0 25 10
a 191 186 0 35 10
a 192 62 0 25 1
a 192 23 0 29 2
a 195 12 0 25 6
a 195 23 0 23 2
a 198 25 0 25 3
a 198 122 0 9 9
