c PyNETGEN v1.0.0
c $ pip install pynetgen
c
c  NETGEN flow network generation algorithm
c  Problem input parameters
c  -------------------------------------
c   Random seed:          15
c   Number of nodes:      200
c   Source nodes:         2
c   Sink nodes:           2
c   Number of arcs:       400
c   Minimum arc cost:     1
c   Maximum arc cost:     10
c   Total supply:         50
c   Transshipment -
c     Sources:            0
c     Sinks:              0
c   Skeleton arcs -
c     With max cost:      0
c     Capacitated:        100
c   Minimum arc capacity: 0
c   Maximum arc capacity: 50
c
c  *** Minimum cost flow ***
c
p min 200 400
n 1 46
n 2 4
n 199 -23
n 200 -27
a 1 174 0 46 2
a 1 104 0 33 9
a 1 179 0 32 4
a 3 5 0 46 1
a 3 97 0 36 8
a 3 70 0 49 7
a 4 190 0 46 3
a 4 17 0 38 7
a 5 113 0 46 9
a 5 159 0 41 10
a 5 15 0 3 1
a 7 37 0 46 2
a 7 119 0 4 5
a 7 146 0 44 1
a 8 119 0 46 9
a 8 89 0 2 8
a 14 92 0 46 3
a 14 85 0 43 7
a 15 22 0 46 8
a 15 90 0 36 8
a 19 199 0 46 6
a 19 152 0 46 6
a 22 58 0 46 5
a 22 12 0 2 4
a 24 63 0 46 2
a 24 151 0 22 4
a 26 72 0 46 5
a 26 24 0 46 10
a 27 114 0 46 3
a 27 38 0 21 6
a 28 167 0 46 1
a 28 9 0 45 6
a 30 49 0 46 1
a 30 53 0 21 7
a 32 122 0 46 3
a 32 200 0 46 10
a 33 27 0 46 6
a 33 155 0 42 6
a 34 140 0 46 5
a 34 183 0 21 4
a 36 93 0 46 1
a 36 55 0 28 8
a 37 34 0 46 3
a 37 185 0 0 5
a 39 193 0 46 6
a 39 128 0 17 5
a 40 19 0 46 1
a 40 162 0 11 6
a 44 145 0 46 9
a 44 10 0 23 9
a 47 82 0 46 6
a 47 77 0 47 1
a 49 90 0 46 10
a 49 143 0 33 6
a 52 137 0 46 8
a 52 110 0 48 8
a 53 59 0 46 7
a 53 83 0 7 6
a 57 15 0 46 4
a 57 194 0 33 8
a 58 198 0 46 4
a 58 144 0 31 3
a 59 84 0 46 4
a 59 57 0 20 4
a 62 75 0 46 4
a 62 74 0 35 4
a 63 44 0 46 6
a 63 98 0 31 9
a 65 74 0 46 4
a 65 109 0 38 10
a 66 188 0 46 6
a 66 81 0 12 6
a 68 129 0 46 10
a 68 176 0 0 8
a 70 7 0 46 3
a 70 185 0 19 8
a 71 192 0 46 8
a 71 8 0 8 8
a 72 162 0 46 6
a 72 182 0 3 2
a 73 150 0 46 5
a 73 59 0 44 5
a 74 47 0 46 10
a 74 80 0 6 8
a 75 8 0 46 7
a 75 36 0 42 8
a 78 110 0 46 4
a 78 125 0 6 5
a 79 52 0 46 8
a 79 7 0 47 7
a 82 186 0 46 7
a 82 44 0 15 1
a 83 28 0 46 7
a 83 82 0 29 1
a 84 165 0 46 1
a 84 178 0 45 2
a 87 57 0 46 1
a 87 115 0 44 9
a 88 26 0 46 10
a 88 11 0 17 2
a 89 130 0 46 6
a 89 146 0 49 5
a 90 175 0 46 1
a 90 89 0 9 1
a 92 53 0 46 10
a 92 18 0 5 6
a 93 156 0 46 3
a 93 162 0 43 10
a 96 149 0 46 8
a 96 176 0 36 6
a 98 70 0 46 2
a 98 132 0 15 8
a 100 111 0 46 3
a 100 94 0 19 10
a 104 173 0 46 2
a 104 122 0 0 3
a 105 3 0 46 8
a 105 156 0 5 9
a 110 134 0 46 9
a 110 44 0 30 1
a 111 4 0 46 1
a 111 172 0 26 10
a 113 96 0 46 2
a 113 6 0 7 7
a 114 79 0 46 2
a 114 69 0 21 3
a 118 196 0 46 2
a 118 80 0 49 2
a 119 24 0 46 2
a 119 85 0 14 10
a 120 147 0 46 7
a 120 141 0 28 5
a 121 104 0 46 9
a 121 4 0 38 10
a 122 68 0 46 7
a 122 125 0 40 2
a 123 155 0 46 8
a 123 36 0 32 1
a 129 194 0 46 9
a 129 174 0 32 10
a 130 118 0 46 3
a 130 78 0 3 4
a 134 65 0 46 2
a 134 155 0 25 5
a 136 62 0 46 4
a 136 175 0 24 3
a 137 191 0 46 4
a 137 3 0 15 5
a 140 40 0 46 6
a 140 55 0 11 3
a 141 123 0 46 2
a 141 136 0 30 2
a 145 88 0 46 8
a 145 108 0 4 6
a 147 121 0 46 3
a 147 189 0 16 8
a 149 100 0 46 1
a 149 167 0 38 2
a 150 39 0 46 1
a 150 43 0 37 3
a 154 120 0 46 5
a 154 138 0 20 1
a 155 32 0 46 4
a 155 28 0 15 10
a 156 171 0 46 7
a 156 60 0 10 10
a 162 83 0 46 3
a 162 113 0 3 10
a 165 98 0 46 4
a 165 114 0 16 3
a 166 14 0 46 5
a 166 135 0 32 6
a 167 36 0 46 2
a 167 182 0 28 5
a 169 66 0 46 10
a 169 46 0 28 9
a 171 141 0 46 3
a 171 22 0 45 5
a 173 30 0 46 8
a 173 89 0 47 2
a 174 73 0 46 8
a 174 172 0 28 5
a 175 78 0 46 6
a 175 7 0 49 1
a 186 166 0 46 6
a 186 107 0 1 8
a 188 87 0 46 4
a 188 143 0 45 1
a 190 154 0 46 10
a 190 153 0 2 8
a 191 89 0 46 3
a 191 71 0 24 10
a 192 105 0 46 1
a 192 142 0 25 9
a 193 136 0 46 8
a 193 154 0 17 6
a 194 33 0 46 1
a 194 145 0 23 8
a 196 169 0 46 6
a 196 131 0 34 1
a 198 71 0 46 6
a 198 18 0 15 6
a 2 108 0 4 5
a 2 185 0 31 4
a 6 95 0 4 9
a 6 40 0 0 10
a 9 21 0 4 2
a 9 153 0 47 1
a 10 160 0 4 4
a 10 15 0 35 2
a 11 170 0 4 1
a 11 121 0 5 8
a 12 142 0 4 10
a 12 149 0 22 6
a 13 38 0 4 5
a 13 4 0 25 1
a 16 131 0 4 4
a 16 75 0 15 9
a 17 146 0 4 3
a 17 109 0 49 4
a 18 55 0 4 2
a 18 197 0 25 9
a 20 10 0 4 10
a 20 88 0 13 5
a 21 31 0 4 9
a 21 115 0 24 8
a 23 144 0 4 2
a 23 112 0 34 10
a 25 29 0 4 8
a 25 95 0 11 8
a 29 152 0 4 2
a 29 135 0 27 5
a 31 138 0 4 4
a 31 193 0 7 7
a 35 157 0 4 3
a 35 50 0 33 6
a 38 109 0 4 3
a 38 60 0 3 7
a 41 187 0 4 2
a 41 117 0 14 8
a 42 56 0 4 7
a 42 108 0 42 9
a 43 64 0 4 7
a 43 128 0 2 2
a 45 25 0 4 5
a 45 166 0 27 6
a 46 172 0 4 4
a 46 91 0 39 8
a 48 94 0 4 4
a 48 8 0 37 1
a 50 69 0 4 7
a 50 119 0 39 7
a 51 13 0 4 2
a 51 42 0 44 8
a 54 77 0 4 4
a 54 36 0 30 5
a 55 86 0 4 10
a 55 89 0 19 9
a 56 163 0 4 9
a 56 10 0 10 6
a 60 135 0 4 10
a 60 155 0 9 9
a 61 185 0 4 2
a 61 80 0 15 6
a 64 139 0 4 1
a 64 97 0 28 1
a 67 48 0 4 1
a 67 173 0 2 3
a 69 176 0 4 5
a 69 25 0 29 4
a 76 81 0 4 1
a 76 191 0 9 5
a 77 133 0 4 8
a 77 95 0 16 3
a 80 35 0 4 4
a 80 54 0 25 5
a 81 91 0 4 10
a 81 42 0 24 4
a 85 12 0 4 6
a 85 170 0 41 1
a 86 11 0 4 6
a 86 163 0 28 2
a 91 128 0 4 1
a 91 131 0 35 9
a 94 177 0 4 7
a 94 184 0 3 5
a 95 46 0 4 2
a 95 20 0 13 5
a 97 148 0 4 10
a 97 181 0 16 7
a 99 20 0 4 5
a 99 89 0 47 7
a 101 164 0 4 7
a 101 174 0 24 5
a 102 45 0 4 4
a 102 155 0 15 2
a 103 197 0 4 9
a 103 114 0 34 9
a 106 115 0 4 3
a 106 6 0 50 7
a 107 116 0 4 6
a 107 5 0 46 1
a 108 153 0 4 2
a 108 86 0 24 6
a 109 117 0 4 5
a 109 196 0 45 3
a 112 43 0 4 8
a 112 90 0 19 2
a 115 61 0 4 1
a 115 33 0 8 10
a 116 60 0 4 8
a 116 85 0 32 10
a 117 189 0 4 2
a 117 191 0 3 1
a 124 125 0 4 3
a 124 103 0 18 4
a 125 41 0 4 2
a 125 159 0 45 3
a 126 54 0 4 6
a 126 80 0 26 6
a 127 161 0 4 3
a 127 23 0 23 10
a 128 132 0 4 4
a 128 60 0 38 3
a 131 107 0 4 1
a 131 60 0 50 7
a 132 102 0 4 7
a 132 150 0 43 10
a 133 50 0 4 6
a 133 28 0 21 6
a 135 124 0 4 8
a 135 125 0 7 10
a 138 80 0 4 9
a 138 149 0 9 6
a 139 195 0 4 4
a 139 113 0 26 8
a 142 126 0 4 1
a 142 86 0 1 4
a 143 51 0 4 10
a 143 74 0 37 6
a 144 178 0 4 9
a 144 185 0 19 1
a 146 112 0 4 9
a 146 142 0 5 2
a 148 6 0 4 10
a 148 194 0 26 9
a 151 85 0 4 4
a 151 134 0 36 1
a 152 184 0 4 1
a 152 31 0 17 10
a 153 42 0 4 7
a 153 92 0 9 2
a 157 159 0 4 5
a 157 136 0 29 4
a 158 200 0 4 8
a 158 67 0 4 7
a 159 16 0 4 7
a 159 48 0 40 10
a 160 182 0 4 10
a 160 60 0 19 4
a 161 23 0 4 6
a 161 126 0 44 8
a 163 18 0 4 10
a 163 179 0 18 1
a 164 180 0 4 5
a 164 37 0 31 5
a 168 151 0 4 7
a 168 34 0 10 5
a 170 158 0 4 4
a 170 165 0 46 6
a 172 76 0 4 9
a 172 85 0 21 2
a 176 183 0 4 5
a 176 60 0 14 9
a 177 17 0 4 6
a 177 122 0 23 1
a 178 143 0 4 3
a 178 52 0 35 1
a 179 199 0 4 9
a 179 125 0 41 2
a 180 97 0 4 10
a 180 135 0 50 2
a 181 103 0 4 5
a 181 74 0 2 2
a 182 179 0 4 9
a 182 47 0 42 8
a 183 101 0 4 2
a 183 138 0 41 4
a 184 99 0 4 9
a 184 160 0 33 8
a 185 181 0 4 5
a 185 5 0 5 7
a 187 106 0 4 7
a 187 120 0 37 4
a 189 9 0 4 4
a 189 134 0 1 2
a 195 127 0 4 7
a 195 141 0 30 4
a 197 168 0 4 1
a 197 99 0 9 9
