c PyNETGEN v1.0.0
c $ pip install pynetgen
c
c  NETGEN flow network generation algorithm
c  Problem input parameters
c  -------------------------------------
c   Random seed:          3
c   Number of nodes:      200
c   Source nodes:         2
c   Sink nodes:           2
c   Number of arcs:       400
c   Minimum arc cost:     1
c   Maximum arc cost:     10
c   Total supply:         50
c   Transshipment -
c     Sources:            0
c     Sinks:              0
c   Skeleton arcs -
c     With max cost:      0
c     Capacitated:        100
c   Minimum arc capacity: 0
c   Maximum arc capacity: 50
c
c  *** Minimum cost flow ***
c
p min 200 400
n 1 22
n 2 28
n 199 -20
n 200 -30
a 1 63 0 22 4
a 1 137 0 42 2
a 1 194 0 37 5
a 3 25 0 22 7
a 3 141 0 12 6
a 3 175 0 25 3
a 4 125 0 22 5
a 4 63 0 38 9
a 5 85 0 22 6
a 5 52 0 18 5
a 5 137 0 36 3
a 6 47 0 22 8
a 6 22 0 11 2
a 6 112 0 29 5
a 10 187 0 22 4
a 10 173 0 41 6
a 11 81 0 22 9
a 11 178 0 44 9
a 12 59 0 22 2
a 12 87 0 12 4
a 13 103 0 22 6
a 13 90 0 9 4
a 15 5 0 22 6
a 15 198 0 0 7
a 17 174 0 22 4
a 17 168 0 40 1
a 19 110 0 22 4
a 19 56 0 50 3
a 23 86 0 22 1
a 23 116 0 4 4
a 25 29 0 22 1
a 25 141 0 24 8
a 26 53 0 22 5
a 26 93 0 50 7
a 27 44 0 22 5
a 27 159 0 10 4
a 28 77 0 22 8
a 28 61 0 50 9
a 29 148 0 22 1
a 29 48 0 40 6
a 31 15 0 22 4
a 31 124 0 5 2
a 33 137 0 22 10
a 33 43 0 21 7
a 34 35 0 22 4
a 34 43 0 21 5
a 35 177 0 22 9
a 35 180 0 5 10
a 38 107 0 22 6
a 38 104 0 22 9
a 43 178 0 22 8
a 43 195 0 40 2
a 44 79 0 22 8
a 44 62 0 9 4
a 45 163 0 22 10
a 45 19 0 12 6
a 47 52 0 22 10
a 47 88 0 44 2
a 49 10 0 22 3
a 49 27 0 8 4
a 52 200 0 22 10
a 52 28 0 22 5
a 53 89 0 22 1
a 53 31 0 14 1
a 54 78 0 22 9
a 54 17 0 22 9
a 55 185 0 22 2
a 55 57 0 11 4
a 56 93 0 22 1
a 56 41 0 33 5
a 57 91 0 22 8
a 57 5 0 48 8
a 59 176 0 22 3
a 59 173 0 15 2
a 61 118 0 22 1
a 61 128 0 24 2
a 62 182 0 22 6
a 62 179 0 22 2
a 63 17 0 22 2
a 63 136 0 21 6
a 64 97 0 22 6
a 64 173 0 29 8
a 67 45 0 22 9
a 67 107 0 1 10
a 68 145 0 22 5
a 68 18 0 49 6
a 69 167 0 22 1
a 69 181 0 1 2
a 72 184 0 22 10
a 72 21 0 40 1
a 73 69 0 22 3
a 73 148 0 3 5
a 77 170 0 22 7
a 77 163 0 26 3
a 78 198 0 22 3
a 78 117 0 9 6
a 79 67 0 22 1
a 79 3 0 19 4
a 81 31 0 22 3
a 81 150 0 44 10
a 82 169 0 22 2
a 82 167 0 40 10
a 83 6 0 22 3
a 83 69 0 32 5
a 84 151 0 22 1
a 84 182 0 1 4
a 85 12 0 22 9
a 85 22 0 29 1
a 86 135 0 22 10
a 86 174 0 17 10
a 89 64 0 22 2
a 89 15 0 23 2
a 90 161 0 22 5
a 90 69 0 19 9
a 91 23 0 22 4
a 91 84 0 15 3
a 93 4 0 22 8
a 93 148 0 11 4
a 97 165 0 22 10
a 97 59 0 11 5
a 99 126 0 22 1
a 99 156 0 5 1
a 100 84 0 22 4
a 100 82 0 42 3
a 103 100 0 22 4
a 103 42 0 50 7
a 104 43 0 22 8
a 104 5 0 25 2
a 107 73 0 22 6
a 107 156 0 28 1
a 109 83 0 22 3
a 109 39 0 31 2
a 110 82 0 22 6
a 110 29 0 28 9
a 112 109 0 22 1
a 112 116 0 23 8
a 113 173 0 22 8
a 113 154 0 42 7
a 114 68 0 22 8
a 114 15 0 37 1
a 116 104 0 22 3
a 116 83 0 31 1
a 118 49 0 22 4
a 118 122 0 10 8
a 121 160 0 22 7
a 121 191 0 30 1
a 122 193 0 22 5
a 122 3 0 8 4
a 124 61 0 22 4
a 124 62 0 43 9
a 125 166 0 22 10
a 125 38 0 6 6
a 126 129 0 22 8
a 126 63 0 11 6
a 127 114 0 22 1
a 127 57 0 3 8
a 129 134 0 22 1
a 129 155 0 48 10
a 134 127 0 22 5
a 134 50 0 43 7
a 135 121 0 22 6
a 135 158 0 14 1
a 137 112 0 22 1
a 137 8 0 18 5
a 140 149 0 22 9
a 140 110 0 22 3
a 141 34 0 22 1
a 141 153 0 26 1
a 145 27 0 22 1
a 145 179 0 8 1
a 146 124 0 22 4
a 146 143 0 6 8
a 148 62 0 22 8
a 148 158 0 26 6
a 149 146 0 22 3
a 149 157 0 46 2
a 151 38 0 22 7
a 151 24 0 19 10
a 160 26 0 22 10
a 160 108 0 4 8
a 161 140 0 22 6
a 161 93 0 26 4
a 163 19 0 22 10
a 163 197 0 35 9
a 165 113 0 22 4
a 165 129 0 46 8
a 166 90 0 22 1
a 166 26 0 9 1
a 167 57 0 22 7
a 167 33 0 41 10
a 169 141 0 22 1
a 169 184 0 25 3
a 170 116 0 22 1
a 170 65 0 15 6
a 173 54 0 22 10
a 173 11 0 49 10
a 174 11 0 22 1
a 174 58 0 25 6
a 176 13 0 22 8
a 176 86 0 22 9
a 177 33 0 22 10
a 177 159 0 18 10
a 178 55 0 22 3
a 178 29 0 28 9
a 182 99 0 22 4
a 182 65 0 16 1
a 184 3 0 22 10
a 184 37 0 0 3
a 185 122 0 22 2
a 185 177 0 9 3
a 187 199 0 22 7
a 187 31 0 22 8
a 193 56 0 22 9
a 193 35 0 16 8
a 198 72 0 22 7
a 198 71 0 40 6
a 2 181 0 28 3
a 2 152 0 23 10
a 7 152 0 28 1
a 7 178 0 30 3
a 8 108 0 28 10
a 8 117 0 5 2
a 9 71 0 28 9
a 9 187 0 43 6
a 14 7 0 28 2
a 14 3 0 25 10
a 16 30 0 28 8
a 16 83 0 17 5
a 18 32 0 28 4
a 18 110 0 48 4
a 20 98 0 28 6
a 20 188 0 0 4
a 21 9 0 28 3
a 21 121 0 32 1
a 22 186 0 28 1
a 22 126 0 42 8
a 24 65 0 28 7
a 24 173 0 26 7
a 30 48 0 28 2
a 30 193 0 18 6
a 32 70 0 28 1
a 32 82 0 49 8
a 36 92 0 28 1
a 36 85 0 46 2
a 37 195 0 28 8
a 37 149 0 41 10
a 39 8 0 28 7
a 39 96 0 28 2
a 40 39 0 28 1
a 40 71 0 43 5
a 41 133 0 28 1
a 41 200 0 28 7
a 42 153 0 28 3
a 42 188 0 8 3
a 46 147 0 28 10
a 46 21 0 7 3
a 48 196 0 28 6
a 48 37 0 43 5
a 50 197 0 28 2
a 50 28 0 48 9
a 51 132 0 28 3
a 51 39 0 24 8
a 58 164 0 28 5
a 58 18 0 46 6
a 60 16 0 28 9
a 60 38 0 41 10
a 65 18 0 28 9
a 65 77 0 11 8
a 66 138 0 28 7
a 66 50 0 43 10
a 70 96 0 28 3
a 70 137 0 20 7
a 71 131 0 28 1
a 71 68 0 30 3
a 74 154 0 28 2
a 74 124 0 18 6
a 75 87 0 28 10
a 75 111 0 50 2
a 76 58 0 28 8
a 76 168 0 7 2
a 80 101 0 28 8
a 80 162 0 12 1
a 87 95 0 28 10
a 87 99 0 21 7
a 88 150 0 28 7
a 88 108 0 10 1
a 92 24 0 28 9
a 92 12 0 17 6
a 94 156 0 28 8
a 94 71 0 25 3
a 95 157 0 28 9
a 95 178 0 35 7
a 96 192 0 28 2
a 96 37 0 39 4
a 98 111 0 28 3
a 98 85 0 8 7
a 101 158 0 28 9
a 101 8 0 42 8
a 102 60 0 28 7
a 102 15 0 15 5
a 105 21 0 28 4
a 105 29 0 47 3
a 106 159 0 28 6
a 106 30 0 35 9
a 108 175 0 28 4
a 108 192 0 3 4
a 111 180 0 28 7
a 111 159 0 27 9
a 115 74 0 28 3
a 115 147 0 43 4
a 117 172 0 28 4
a 117 64 0 25 3
a 119 120 0 28 1
a 119 94 0 24 7
a 120 22 0 28 9
a 120 139 0 26 3
a 123 130 0 28 5
a 123 68 0 4 7
a 128 194 0 28 1
a 128 78 0 13 8
a 130 14 0 28 4
a 130 193 0 39 8
a 131 191 0 28 1
a 131 154 0 45 4
a 132 40 0 28 4
a 132 181 0 19 4
a 133 168 0 28 4
a 133 9 0 37 5
a 136 105 0 28 7
a 136 131 0 34 8
a 138 41 0 28 10
a 138 152 0 15 1
a 139 102 0 28 5
a 139 127 0 17 5
a 142 119 0 28 9
a 142 105 0 41 7
a 143 51 0 28 10
a 143 142 0 18 4
a 144 80 0 28 6
a 144 136 0 11 9
a 147 117 0 28 1
a 147 131 0 16 5
a 150 179 0 28 6
a 150 36 0 35 3
a 152 76 0 28 5
a 152 122 0 47 6
a 153 136 0 28 5
a 153 183 0 39 2
a 154 94 0 28 8
a 154 108 0 13 9
a 155 36 0 28 2
a 155 118 0 46 10
a 156 88 0 28 7
a 156 93 0 16 9
a 157 162 0 28 1
a 157 52 0 31 7
a 158 199 0 28 1
a 158 51 0 28 3
a 159 123 0 28 9
a 159 23 0 29 5
a 162 37 0 28 10
a 162 14 0 39 2
a 164 144 0 28 5
a 164 55 0 34 5
a 168 139 0 28 8
a 168 5 0 1 8
a 171 115 0 28 3
a 171 57 0 2 2
a 172 189 0 28 5
a 172 148 0 4 6
a 175 183 0 28 6
a 175 45 0 4 6
a 179 42 0 28 2
a 179 199 0 28 4
a 180 128 0 28 10
a 180 194 0 25 1
a 181 190 0 28 9
a 181 139 0 12 9
a 183 46 0 28 6
a 183 102 0 18 8
a 186 155 0 28 7
a 186 77 0 20 10
a 188 106 0 28 4
a 188 131 0 46 8
a 189 171 0 28 8
a 189 138 0 44 8
a 190 50 0 28 8
a 190 157 0 3 7
a 191 66 0 28 4
a 191 148 0 32 10
a 192 20 0 28 2
a 192 122 0 6 9
a 194 143 0 28 7
a 194 162 0 7 1
a 195 142 0 28 1
a 195 116 0 41 6
a 196 188 0 28 9
a 196 126 0 11 5
a 197 75 0 28 9
a 197 70 0 32 2
