c PyNETGEN v1.0.0
c $ pip install pynetgen
c
c  NETGEN flow network generation algorithm
c  Problem input parameters
c  -------------------------------------
c   Random seed:          11
c   Number of nodes:      200
c   Source nodes:         2
c   Sink nodes:           2
c   Number of arcs:       400
c   Minimum arc cost:     1
c   Maximum arc cost:     10
c   Total supply:         50
c   Transshipment -
c     Sources:            0
c     Sinks:              0
c   Skeleton arcs -
c     With max cost:      0
c     Capacitated:        100
c   Minimum arc capacity: 0
c   Maximum arc capacity: 50
c
c  *** Minimum cost flow ***
c
p min 200 400
n 1 25
n 2 25
n 199 -11
n 200 -39
a 1 137 0 25 7
a 1 181 0 2 1
a 7 172 0 25 7
a 7 98 0 49 5
a 8 159 0 25 7
a 8 172 0 7 9
a 9 20 0 25 8
a 9 113 0 38 2
a 9 33 0 38 1
a 11 116 0 25 3
a 11 90 0 31 6
a 11 94 0 46 3
a 13 8 0 25 8
a 13 164 0 22 1
a 13 108 0 19 7
a 18 53 0 25 9
a 18 39 0 32 2
a 18 164 0 43 1
a 20 72 0 25 7
a 20 140 0 28 10
a 23 81 0 25 5
a 23 161 0 42 1
a 25 101 0 25 3
a 25 8 0 27 5
a 26 173 0 25 6
a 26 105 0 28 3
a 28 97 0 25 9
a 28 64 0 39 1
a 29 36 0 25 1
a 29 26 0 15 3
a 32 191 0 25 1
a 32 184 0 4 10
a 34 29 0 25 8
a 34 197 0 31 7
a 35 7 0 25 8
a 35 192 0 11 1
a 36 128 0 25 4
a 36 76 0 39 1
a 37 178 0 25 10
a 37 100 0 29 2
a 39 149 0 25 9
a 39 144 0 18 3
a 42 48 0 25 10
a 42 54 0 44 5
a 43 152 0 25 8
a 43 34 0 18 6
a 45 146 0 25 4
a 45 123 0 27 9
a 48 113 0 25 6
a 48 52 0 31 3
a 50 133 0 25 4
a 50 127 0 45 8
a 51 200 0 25 7
a 51 91 0 25 9
a 53 140 0 25 10
a 53 164 0 42 2
a 55 131 0 25 3
a 55 14 0 29 5
a 61 35 0 25 8
a 61 54 0 24 6
a 62 13 0 25 10
a 62 64 0 11 7
a 65 123 0 25 1
a 65 181 0 18 4
a 68 87 0 25 8
a 68 136 0 22 9
a 70 129 0 25 9
a 70 98 0 7 6
a 71 82 0 25 1
a 71 87 0 28 5
a 72 168 0 25 9
a 72 55 0 7 1
a 73 175 0 25 1
a 73 109 0 39 8
a 75 126 0 25 9
a 75 166 0 29 5
a 76 28 0 25 5
a 76 183 0 21 7
a 77 73 0 25 8
a 77 181 0 9 10
a 78 145 0 25 2
a 78 178 0 22 6
a 80 106 0 25 3
a 80 36 0 13 2
a 81 32 0 25 3
a 81 162 0 36 5
a 82 169 0 25 2
a 82 11 0 47 3
a 84 142 0 25 2
a 84 77 0 2 3
a 87 39 0 25 8
a 87 131 0 28 7
a 89 163 0 25 7
a 89 160 0 45 4
a 91 136 0 25 5
a 91 106 0 16 9
a 92 151 0 25 2
a 92 158 0 10 4
a 97 157 0 25 2
a 97 28 0 9 9
a 98 18 0 25 7
a 98 87 0 46 1
a 99 34 0 25 4
a 99 135 0 25 8
a 101 120 0 25 8
a 101 21 0 38 2
a 102 184 0 25 6
a 102 180 0 47 8
a 106 141 0 25 2
a 106 109 0 13 3
a 109 45 0 25 2
a 109 56 0 26 7
a 113 62 0 25 7
a 113 101 0 2 5
a 115 11 0 25 6
a 115 190 0 39 5
a 116 124 0 25 9
a 116 139 0 41 5
a 118 80 0 25 5
a 118 49 0 32 7
a 120 84 0 25 9
a 120 34 0 2 7
a 122 98 0 25 7
a 122 17 0 44 8
a 123 118 0 25 6
a 123 9 0 5 3
a 124 9 0 25 2
a 124 159 0 24 1
a 126 186 0 25 8
a 126 93 0 27 8
a 128 23 0 25 9
a 128 188 0 29 3
a 129 75 0 25 8
a 129 93 0 43 2
a 131 25 0 25 4
a 131 173 0 26 2
a 133 135 0 25 7
a 133 24 0 10 4
a 135 68 0 25 3
a 135 4 0 25 7
a 136 71 0 25 2
a 136 95 0 38 3
a 137 76 0 25 6
a 137 92 0 37 8
a 140 174 0 25 6
a 140 113 0 9 9
a 141 26 0 25 2
a 141 98 0 21 9
a 142 156 0 25 3
a 142 136 0 30 5
a 145 99 0 25 9
a 145 170 0 5 10
a 146 70 0 25 10
a 146 79 0 15 4
a 149 115 0 25 10
a 149 64 0 3 7
a 151 55 0 25 2
a 151 60 0 33 9
a 152 65 0 25 9
a 152 163 0 22 3
a 153 109 0 25 3
a 153 27 0 1 10
a 154 43 0 25 5
a 154 153 0 50 6
a 156 51 0 25 2
a 156 92 0 14 2
a 157 37 0 25 8
a 157 75 0 36 8
a 159 102 0 25 4
a 159 173 0 22 1
a 163 177 0 25 10
a 163 6 0 32 9
a 168 154 0 25 5
a 168 78 0 44 10
a 169 199 0 25 10
a 169 119 0 17 1
a 171 61 0 25 1
a 171 89 0 36 2
a 172 92 0 25 2
a 172 80 0 7 6
a 173 89 0 25 3
a 173 198 0 2 7
a 174 42 0 25 4
a 174 85 0 2 7
a 175 122 0 25 3
a 175 166 0 50 9
a 177 171 0 25 4
a 177 38 0 16 10
a 178 78 0 25 8
a 178 62 0 49 10
a 184 50 0 25 9
a 184 160 0 33 1
a 186 77 0 25 1
a 186 88 0 30 9
a 191 153 0 25 4
a 191 172 0 36 3
a 2 132 0 25 10
a 2 87 0 47 6
a 3 22 0 25 2
a 3 183 0 16 3
a 4 6 0 25 2
a 4 86 0 27 9
a 5 196 0 25 8
a 5 174 0 9 3
a 6 31 0 25 5
a 6 40 0 0 3
a 10 58 0 25 2
a 10 96 0 26 6
a 12 88 0 25 5
a 12 138 0 39 6
a 14 164 0 25 6
a 14 158 0 17 10
a 15 96 0 25 9
a 15 189 0 28 7
a 16 66 0 25 7
a 16 152 0 18 5
a 17 100 0 25 7
a 17 102 0 18 5
a 19 182 0 25 10
a 19 146 0 34 7
a 21 138 0 25 9
a 21 53 0 10 1
a 22 179 0 25 3
a 22 17 0 6 2
a 24 187 0 25 8
a 24 157 0 7 2
a 27 79 0 25 5
a 27 197 0 3 6
a 30 114 0 25 10
a 30 48 0 15 10
a 31 46 0 25 1
a 31 36 0 1 8
a 33 193 0 25 6
a 33 168 0 7 6
a 38 94 0 25 10
a 38 113 0 36 10
a 40 107 0 25 3
a 40 83 0 2 6
a 41 161 0 25 2
a 41 39 0 41 5
a 44 183 0 25 6
a 44 127 0 2 1
a 46 160 0 25 3
a 46 18 0 0 2
a 47 95 0 25 6
a 47 28 0 15 3
a 49 158 0 25 5
a 49 78 0 35 7
a 52 54 0 25 3
a 52 14 0 5 9
a 54 148 0 25 5
a 54 27 0 10 2
a 56 111 0 25 9
a 56 190 0 34 10
a 57 127 0 25 3
a 57 17 0 20 4
a 58 105 0 25 8
a 58 174 0 7 2
a 59 104 0 25 7
a 59 70 0 24 1
a 60 167 0 25 4
a 60 121 0 0 3
a 63 56 0 25 6
a 63 106 0 50 2
a 64 180 0 25 7
a 64 98 0 7 5
a 66 195 0 25 8
a 66 29 0 5 6
a 67 16 0 25 7
a 67 111 0 28 10
a 69 190 0 25 10
a 69 120 0 37 6
a 74 134 0 25 2
a 74 6 0 46 5
a 79 110 0 25 7
a 79 114 0 25 1
a 83 4 0 25 1
a 83 170 0 6 4
a 85 189 0 25 7
a 85 80 0 1 4
a 86 150 0 25 3
a 86 154 0 22 7
a 88 165 0 25 10
a 88 186 0 7 7
a 90 112 0 25 6
a 90 200 0 33 2
a 93 125 0 25 1
a 93 18 0 23 10
a 94 198 0 25 2
a 94 113 0 20 3
a 95 155 0 25 5
a 95 58 0 26 10
a 96 38 0 25 2
a 96 142 0 40 9
a 100 60 0 25 1
a 100 92 0 4 6
a 103 185 0 25 5
a 103 40 0 15 4
a 104 166 0 25 8
a 104 127 0 40 10
a 105 74 0 25 6
a 105 51 0 42 1
a 107 24 0 25 9
a 107 143 0 2 4
a 108 17 0 25 10
a 108 102 0 43 7
a 110 44 0 25 2
a 110 24 0 0 9
a 111 90 0 25 3
a 111 54 0 23 5
a 112 117 0 25 5
a 112 20 0 8 4
a 114 12 0 25 3
a 114 150 0 48 4
a 117 176 0 25 5
a 117 187 0 5 10
a 119 147 0 25 4
a 119 167 0 48 1
a 121 103 0 25 8
a 121 31 0 46 4
a 125 15 0 25 1
a 125 172 0 20 4
a 127 41 0 25 3
a 127 200 0 25 7
a 130 181 0 25 8
a 130 141 0 37 1
a 132 52 0 25 4
a 132 33 0 42 10
a 134 33 0 25 9
a 134 195 0 40 6
a 138 64 0 25 8
a 138 116 0 38 6
a 139 49 0 25 7
a 139 166 0 37 10
a 143 40 0 25 3
a 143 36 0 48 2
a 144 170 0 25 6
a 144 117 0 32 3
a 147 85 0 25 6
a 147 112 0 7 7
a 148 3 0 25 5
a 148 195 0 26 8
a 150 21 0 25 5
a 150 31 0 2 1
a 155 67 0 25 7
a 155 23 0 28 6
a 158 30 0 25 3
a 158 91 0 33 4
a 160 194 0 25 8
a 160 21 0 48 5
a 161 27 0 25 5
a 161 38 0 50 4
a 162 108 0 25 4
a 162 180 0 34 3
a 164 59 0 25 9
a 164 120 0 37 7
a 165 57 0 25 6
a 165 181 0 36 2
a 166 47 0 25 4
a 166 63 0 5 2
a 167 86 0 25 3
a 167 140 0 17 7
a 170 192 0 25 6
a 170 71 0 40 8
a 176 197 0 25 6
a 176 12 0 38 5
a 179 144 0 25 8
a 179 107 0 50 3
a 180 93 0 25 1
a 180 28 0 15 5
a 181 188 0 25 8
a 181 122 0 49 10
a 182 10 0 25 5
a 182 27 0 44 3
a 183 63 0 25 4
a 183 66 0 15 10
a 185 143 0 25 5
a 185 81 0 44 7
a 187 119 0 25 8
a 187 169 0 8 4
a 188 14 0 25 8
a 188 116 0 6 8
a 189 199 0 25 7
a 189 158 0 0 3
a 190 139 0 25 2
a 190 12 0 34 7
a 192 162 0 25 5
a 192 78 0 3 5
a 193 83 0 25 3
a 193 105 0 7 2
a 194 121 0 25 4
a 194 109 0 14 2
a 195 19 0 25 8
a 195 134 0 27 2
a 196 69 0 25 4
a 196 114 0 23 1
a 197 130 0 25 9
a 197 165 0 7 10
a 198 5 0 25 6
a 198 25 0 25 1
