c PyNETGEN v1.0.0
c $ pip install pynetgen
c
c  NETGEN flow network generation algorithm
c  Problem input parameters
c  -------------------------------------
c   Random seed:          9
c   Number of nodes:      200
c   Source nodes:         2
c   Sink nodes:           2
c   Number of arcs:       400
c   Minimum arc cost:     1
c   Maximum arc cost:     10
c   Total supply:         50
c   Transshipment -
c     Sources:            0
c     Sinks:              0
c   Skeleton arcs -
c     With max cost:      0
c     Capacitated:        100
c   Minimum arc capacity: 0
c   Maximum arc capacity: 50
c
c  *** Minimum cost flow ***
c
p min 200 400
n 1 49
n 2 1
n 199 -36
n 200 -14
a 1 140 0 49 3
a 1 120 0 25 4
a 5 83 0 49 4
a 5 88 0 24 10
a 5 79 0 37 2
a 6 199 0 49 4
a 6 160 0 49 10
a 6 91 0 5 5
a 7 90 0 49 9
a 7 33 0 38 4
a 7 169 0 21 8
a 8 187 0 49 9
a 8 175 0 12 5
a 9 47 0 49 9
a 9 57 0 40 3
a 9 94 0 35 10
a 10 126 0 49 6
a 10 51 0 42 4
a 11 79 0 49 9
a 11 44 0 16 10
a 12 43 0 49 9
a 12 88 0 6 6
a 15 196 0 49 10
a 15 78 0 0 10
a 16 134 0 49 10
a 16 107 0 10 9
a 18 49 0 49 5
a 18 71 0 26 8
a 25 162 0 49 4
a 25 198 0 13 9
a 26 100 0 49 4
a 26 104 0 30 8
a 34 77 0 49 3
a 34 175 0 20 7
a 35 39 0 49 4
a 35 111 0 13 8
a 36 185 0 49 5
a 36 13 0 39 10
a 37 84 0 49 6
a 37 77 0 20 1
a 38 9 0 49 5
a 38 160 0 4 7
a 39 34 0 49 5
a 39 88 0 28 7
a 40 120 0 49 6
a 40 35 0 5 3
a 42 18 0 49 2
a 42 114 0 21 10
a 43 136 0 49 1
a 43 93 0 39 9
a 44 178 0 49 9
a 44 106 0 33 9
a 45 65 0 49 5
a 45 123 0 0 6
a 46 184 0 49 3
a 46 114 0 28 6
a 47 80 0 49 6
a 47 30 0 15 6
a 48 35 0 49 2
a 48 97 0 1 9
a 49 11 0 49 8
a 49 17 0 1 4
a 58 64 0 49 8
a 58 41 0 24 1
a 59 130 0 49 10
a 59 166 0 3 5
a 63 97 0 49 9
a 63 198 0 44 6
a 64 103 0 49 2
a 64 70 0 26 8
a 65 122 0 49 3
a 65 137 0 3 3
a 66 36 0 49 5
a 66 135 0 43 5
a 67 157 0 49 9
a 67 140 0 43 4
a 69 182 0 49 3
a 69 155 0 19 5
a 77 165 0 49 6
a 77 32 0 32 6
a 79 180 0 49 2
a 79 34 0 49 9
a 80 40 0 49 9
a 80 70 0 31 4
a 83 46 0 49 3
a 83 15 0 19 5
a 84 38 0 49 6
a 84 10 0 41 2
a 89 5 0 49 1
a 89 35 0 32 5
a 90 107 0 49 2
a 90 37 0 18 7
a 94 58 0 49 7
a 94 138 0 3 7
a 97 113 0 49 7
a 97 156 0 32 8
a 98 169 0 49 9
a 98 148 0 3 10
a 100 94 0 49 8
a 100 140 0 50 8
a 103 188 0 49 3
a 103 144 0 40 4
a 107 127 0 49 5
a 107 29 0 30 3
a 108 161 0 49 6
a 108 41 0 30 8
a 109 25 0 49 2
a 109 123 0 44 1
a 111 8 0 49 8
a 111 28 0 15 1
a 113 128 0 49 8
a 113 70 0 28 9
a 116 142 0 49 8
a 116 86 0 16 3
a 117 69 0 49 5
a 117 167 0 28 10
a 120 26 0 49 8
a 120 114 0 20 5
a 122 37 0 49 9
a 122 200 0 9 5
a 124 189 0 49 7
a 124 97 0 29 5
a 126 137 0 49 7
a 126 94 0 11 7
a 127 159 0 49 9
a 127 95 0 19 2
a 128 146 0 49 5
a 128 92 0 50 7
a 129 200 0 49 2
a 129 47 0 46 8
a 130 109 0 49 2
a 130 148 0 44 6
a 131 197 0 49 1
a 131 188 0 2 10
a 134 117 0 49 2
a 134 154 0 20 1
a 135 181 0 49 4
a 135 147 0 18 1
a 136 98 0 49 10
a 136 112 0 31 10
a 137 192 0 49 7
a 137 88 0 5 7
a 140 45 0 49 3
a 140 75 0 43 4
a 142 129 0 49 10
a 142 58 0 49 5
a 146 198 0 49 10
a 146 10 0 13 1
a 155 44 0 49 1
a 155 35 0 28 4
a 157 135 0 49 6
a 157 150 0 32 9
a 158 173 0 49 2
a 158 177 0 21 7
a 159 167 0 49 2
a 159 174 0 10 9
a 160 116 0 49 3
a 160 99 0 5 4
a 161 124 0 49 3
a 161 169 0 4 5
a 162 131 0 49 8
a 162 146 0 18 8
a 165 89 0 49 2
a 165 142 0 19 8
a 167 66 0 49 9
a 167 155 0 43 1
a 169 155 0 49 9
a 169 146 0 10 1
a 171 158 0 49 5
a 171 190 0 19 8
a 173 7 0 49 10
a 173 57 0 42 6
a 178 63 0 49 3
a 178 164 0 17 1
a 180 67 0 49 2
a 180 128 0 2 1
a 181 111 0 49 6
a 181 143 0 19 5
a 182 42 0 49 3
a 182 120 0 47 10
a 184 16 0 49 6
a 184 53 0 8 7
a 185 59 0 49 8
a 185 90 0 3 2
a 187 6 0 49 10
a 187 32 0 7 6
a 188 15 0 49 9
a 188 129 0 39 1
a 189 12 0 49 8
a 189 5 0 4 10
a 192 48 0 49 4
a 192 94 0 8 1
a 193 171 0 49 7
a 193 28 0 26 3
a 196 108 0 49 10
a 196 51 0 39 4
a 197 10 0 49 2
a 197 95 0 4 10
a 198 193 0 49 1
a 198 87 0 15 7
a 2 145 0 1 8
a 2 78 0 35 4
a 3 91 0 1 3
a 3 4 0 15 4
a 4 156 0 1 3
a 4 33 0 28 10
a 13 68 0 1 7
a 13 91 0 36 2
a 14 87 0 1 3
a 14 197 0 20 3
a 17 55 0 1 1
a 17 195 0 46 8
a 19 168 0 1 1
a 19 171 0 3 5
a 20 52 0 1 2
a 20 96 0 27 5
a 21 57 0 1 4
a 21 190 0 36 5
a 22 53 0 1 2
a 22 29 0 27 6
a 23 186 0 1 1
a 23 82 0 2 8
a 24 139 0 1 3
a 24 9 0 7 7
a 27 93 0 1 5
a 27 41 0 22 7
a 28 119 0 1 10
a 28 14 0 10 7
a 29 33 0 1 8
a 29 68 0 40 8
a 30 121 0 1 7
a 30 107 0 1 10
a 31 191 0 1 6
a 31 149 0 11 1
a 32 118 0 1 8
a 32 99 0 48 4
a 33 200 0 1 4
a 33 30 0 26 10
a 41 29 0 1 9
a 41 67 0 7 3
a 50 71 0 1 7
a 50 179 0 23 7
a 51 143 0 1 7
a 51 122 0 38 2
a 52 75 0 1 1
a 52 44 0 6 4
a 53 4 0 1 3
a 53 169 0 46 3
a 54 152 0 1 1
a 54 112 0 24 8
a 55 194 0 1 10
a 55 78 0 38 7
a 56 62 0 1 6
a 56 113 0 25 4
a 57 170 0 1 2
a 57 163 0 44 2
a 60 72 0 1 8
a 60 145 0 23 7
a 61 32 0 1 8
a 61 101 0 42 7
a 62 19 0 1 4
a 62 4 0 48 9
a 68 3 0 1 4
a 68 35 0 18 1
a 70 141 0 1 4
a 70 38 0 9 5
a 71 164 0 1 4
a 71 70 0 31 9
a 72 101 0 1 1
a 72 168 0 21 3
a 73 61 0 1 9
a 73 83 0 13 1
a 74 174 0 1 9
a 74 48 0 4 10
a 75 78 0 1 4
a 75 48 0 46 1
a 76 86 0 1 7
a 76 130 0 33 5
a 78 154 0 1 3
a 78 6 0 33 8
a 81 21 0 1 9
a 81 17 0 38 1
a 82 179 0 1 2
a 82 56 0 12 2
a 85 114 0 1 3
a 85 116 0 17 8
a 86 115 0 1 2
a 86 152 0 1 2
a 87 176 0 1 5
a 87 82 0 44 8
a 88 183 0 1 4
a 88 87 0 32 7
a 91 163 0 1 3
a 91 172 0 37 10
a 92 153 0 1 8
a 92 5 0 38 8
a 93 76 0 1 6
a 93 168 0 39 5
a 95 28 0 1 5
a 95 83 0 41 6
a 96 23 0 1 7
a 96 199 0 42 2
a 99 54 0 1 1
a 99 29 0 27 10
a 101 112 0 1 6
a 101 148 0 37 5
a 102 50 0 1 10
a 102 47 0 35 3
a 104 199 0 1 2
a 104 190 0 1 2
a 105 102 0 1 8
a 105 107 0 23 6
a 106 110 0 1 1
a 106 162 0 49 3
a 110 81 0 1 8
a 110 184 0 31 10
a 112 123 0 1 8
a 112 10 0 10 3
a 114 73 0 1 10
a 114 8 0 30 3
a 115 151 0 1 1
a 115 7 0 10 3
a 118 132 0 1 7
a 118 56 0 32 8
a 119 82 0 1 8
a 119 172 0 27 9
a 121 166 0 1 5
a 121 18 0 30 2
a 123 13 0 1 9
a 123 178 0 34 4
a 125 20 0 1 4
a 125 75 0 50 10
a 132 105 0 1 6
a 132 10 0 15 10
a 133 147 0 1 5
a 133 67 0 4 7
a 138 60 0 1 4
a 138 4 0 18 4
a 139 41 0 1 9
a 139 117 0 27 3
a 141 106 0 1 4
a 141 123 0 15 10
a 143 133 0 1 9
a 143 81 0 43 4
a 144 125 0 1 1
a 144 44 0 10 6
a 145 172 0 1 7
a 145 200 0 35 9
a 147 24 0 1 10
a 147 27 0 28 8
a 148 150 0 1 4
a 148 109 0 33 9
a 149 85 0 1 1
a 149 76 0 19 1
a 150 92 0 1 6
a 150 34 0 26 6
a 151 95 0 1 10
a 151 195 0 46 6
a 152 30 0 1 9
a 152 157 0 41 2
a 153 56 0 1 4
a 153 141 0 28 7
a 154 104 0 1 8
a 154 76 0 36 6
a 156 195 0 1 7
a 156 133 0 29 7
a 163 96 0 1 2
a 163 117 0 50 8
a 164 175 0 1 7
a 164 76 0 39 3
a 166 27 0 1 7
a 166 104 0 35 4
a 168 14 0 1 8
a 168 9 0 6 5
a 170 177 0 1 5
a 170 104 0 27 3
a 172 144 0 1 7
a 172 25 0 0 1
a 174 99 0 1 10
a 174 11 0 20 3
a 175 148 0 1 3
a 175 54 0 41 5
a 176 88 0 1 5
a 176 105 0 32 7
a 177 74 0 1 5
a 177 191 0 1 8
a 179 17 0 1 5
a 179 12 0 20 1
a 183 51 0 1 9
a 183 122 0 4 1
a 186 149 0 1 2
a 186 179 0 14 9
a 190 31 0 1 6
a 190 87 0 42 3
a 191 22 0 1 10
a 191 114 0 38 1
a 194 138 0 1 6
a 194 80 0 39 9
a 195 70 0 1 3
a 195 30 0 47 5
