c PyNETGEN v1.0.0
c $ pip install pynetgen
c
c  NETGEN flow network generation algorithm
c  Problem input parameters
c  -------------------------------------
c   Random seed:          9
c   Number of nodes:      2000
c   Source nodes:         2
c   Sink nodes:           2
c   Number of arcs:       4000
c   Minimum arc cost:     1
c   Maximum arc cost:     10
c   Total supply:         50
c   Transshipment -
c     Sources:            0
c     Sinks:              0
c   Skeleton arcs -
c     With max cost:      0
c     Capacitated:        100
c   Minimum arc capacity: 0
c   Maximum arc capacity: 50
c
c  *** Minimum cost flow ***
c
p min 2000 4000
n 1 49
n 2 1
n 1999 -20
n 2000 -30
a 1 992 0 49 6
a 1 1787 0 7 8
a 1 1454 0 49 6
a 3 1015 0 49 1
a 3 1132 0 45 2
a 10 1767 0 49 5
a 10 602 0 41 6
a 11 100 0 49 3
a 11 1657 0 18 7
a 12 1800 0 49 3
a 12 1646 0 47 9
a 14 1124 0 49 9
a 14 1066 0 47 6
a 14 1961 0 20 7
a 17 280 0 49 9
a 17 398 0 29 1
a 17 1023 0 28 8
a 20 373 0 49 9
a 20 587 0 13 8
a 21 426 0 49 9
a 21 1511 0 42 5
a 21 392 0 35 1
a 22 1270 0 49 6
a 22 261 0 3 9
a 24 963 0 49 2
a 24 885 0 20 7
a 25 1413 0 49 2
a 25 53 0 30 7
a 26 50 0 49 4
a 26 1018 0 32 5
a 28 1238 0 49 1
a 28 218 0 9 6
a 30 1052 0 49 8
a 30 1731 0 46 4
a 34 1404 0 49 8
a 34 1496 0 22 4
a 36 2000 0 49 7
a 36 315 0 49 2
a 38 1890 0 49 2
a 38 891 0 14 6
a 44 237 0 49 7
a 44 479 0 48 3
a 50 820 0 49 4
a 50 363 0 10 3
a 51 1122 0 49 10
a 51 439 0 20 10
a 52 823 0 49 10
a 52 70 0 6 9
a 56 1858 0 49 6
a 56 374 0 18 6
a 58 1525 0 49 1
a 58 813 0 40 8
a 60 1748 0 49 1
a 60 63 0 22 8
a 70 802 0 49 6
a 70 118 0 17 8
a 75 14 0 49 7
a 75 99 0 11 9
a 78 886 0 49 5
a 78 548 0 25 1
a 79 1179 0 49 7
a 79 1665 0 0 3
a 81 1711 0 49 8
a 81 868 0 49 5
a 83 620 0 49 10
a 83 970 0 41 1
a 86 1768 0 49 3
a 86 649 0 8 2
a 87 1960 0 49 3
a 87 667 0 26 10
a 90 622 0 49 10
a 90 710 0 4 9
a 91 818 0 49 3
a 91 807 0 50 6
a 92 989 0 49 5
a 92 1492 0 4 7
a 94 1161 0 49 1
a 94 1283 0 33 1
a 95 1526 0 49 2
a 95 397 0 34 5
a 97 1704 0 49 4
a 97 649 0 10 1
a 100 1737 0 49 1
a 100 1512 0 6 5
a 101 1225 0 49 4
a 101 1732 0 16 5
a 102 1449 0 49 4
a 102 44 0 12 9
a 104 682 0 49 4
a 104 721 0 25 9
a 106 1936 0 49 4
a 106 208 0 37 8
a 113 461 0 49 5
a 113 685 0 44 9
a 114 780 0 49 6
a 114 1161 0 7 3
a 118 976 0 49 10
a 118 1571 0 48 4
a 120 1568 0 49 10
a 120 1388 0 27 8
a 121 494 0 49 8
a 121 1732 0 23 7
a 123 1742 0 49 7
a 123 1723 0 50 4
a 125 1189 0 49 4
a 125 1644 0 34 10
a 126 1774 0 49 8
a 126 765 0 43 2
a 131 428 0 49 9
a 131 1662 0 14 3
a 132 1310 0 49 3
a 132 1215 0 5 2
a 137 895 0 49 1
a 137 818 0 25 5
a 138 1554 0 49 2
a 138 1455 0 19 4
a 139 1243 0 49 5
a 139 670 0 9 4
a 140 672 0 49 6
a 140 307 0 18 3
a 142 1087 0 49 6
a 142 1913 0 4 8
a 144 999 0 49 1
a 144 25 0 5 5
a 146 362 0 49 5
a 146 1895 0 25 5
a 147 1731 0 49 4
a 147 1443 0 17 10
a 150 845 0 49 2
a 150 1071 0 27 3
a 152 1330 0 49 3
a 152 1099 0 50 8
a 153 1962 0 49 2
a 153 1455 0 35 4
a 154 1213 0 49 1
a 154 1101 0 23 8
a 158 835 0 49 8
a 158 20 0 47 5
a 164 1677 0 49 10
a 164 168 0 38 6
a 166 1669 0 49 7
a 166 147 0 41 4
a 169 1350 0 49 6
a 169 148 0 24 5
a 170 1113 0 49 5
a 170 734 0 25 1
a 171 1912 0 49 1
a 171 1810 0 6 10
a 173 1102 0 49 7
a 173 1256 0 12 5
a 175 1260 0 49 1
a 175 964 0 26 4
a 177 629 0 49 5
a 177 684 0 44 4
a 180 356 0 49 6
a 180 1720 0 45 6
a 181 1319 0 49 1
a 181 1637 0 43 2
a 182 921 0 49 9
a 182 148 0 29 4
a 184 988 0 49 6
a 184 1371 0 1 3
a 185 647 0 49 10
a 185 1594 0 35 7
a 188 1348 0 49 3
a 188 1413 0 20 10
a 189 1465 0 49 1
a 189 1070 0 40 7
a 191 605 0 49 10
a 191 1877 0 36 5
a 192 1783 0 49 7
a 192 1793 0 16 7
a 193 1928 0 49 5
a 193 1582 0 17 3
a 194 158 0 49 3
a 194 1716 0 35 4
a 195 903 0 49 8
a 195 1880 0 23 6
a 198 829 0 49 9
a 198 839 0 10 2
a 199 1224 0 49 2
a 199 1745 0 38 1
a 201 1598 0 49 5
a 201 1830 0 50 3
a 202 571 0 49 6
a 202 614 0 8 4
a 206 138 0 49 3
a 206 1187 0 29 6
a 207 630 0 49 5
a 207 806 0 16 9
a 209 787 0 49 4
a 209 1505 0 41 1
a 210 123 0 49 1
a 210 526 0 31 9
a 217 638 0 49 6
a 217 1060 0 40 7
a 218 231 0 49 10
a 218 1548 0 35 6
a 219 1077 0 49 5
a 219 1017 0 24 9
a 220 960 0 49 10
a 220 982 0 38 9
a 222 1957 0 49 5
a 222 964 0 32 6
a 224 837 0 49 2
a 224 662 0 48 5
a 227 1888 0 49 10
a 227 1818 0 17 9
a 230 1574 0 49 5
a 230 30 0 48 4
a 231 1112 0 49 2
a 231 141 0 7 6
a 233 1739 0 49 2
a 233 468 0 7 10
a 235 1830 0 49 4
a 235 854 0 41 2
a 236 1288 0 49 5
a 236 436 0 4 5
a 237 292 0 49 1
a 237 419 0 11 9
a 239 209 0 49 6
a 239 1616 0 47 8
a 240 1602 0 49 1
a 240 1584 0 43 5
a 241 322 0 49 1
a 241 496 0 49 2
a 242 1080 0 49 2
a 242 17 0 32 10
a 244 1759 0 49 10
a 244 1959 0 48 6
a 246 1036 0 49 7
a 246 782 0 7 8
a 247 623 0 49 8
a 247 810 0 16 7
a 248 1418 0 49 10
a 248 1744 0 2 5
a 252 574 0 49 3
a 252 716 0 3 3
a 253 1088 0 49 9
a 253 1928 0 25 6
a 256 1594 0 49 4
a 256 1375 0 16 1
a 257 1355 0 49 3
a 257 141 0 28 3
a 258 634 0 49 1
a 258 1258 0 42 5
a 260 1200 0 49 6
a 260 229 0 34 3
a 265 189 0 49 8
a 265 1320 0 7 1
a 266 1622 0 49 3
a 266 972 0 8 9
a 267 1216 0 49 6
a 267 1465 0 17 7
a 271 500 0 49 9
a 271 787 0 38 5
a 272 735 0 49 5
a 272 858 0 34 9
a 280 1411 0 49 9
a 280 1715 0 38 7
a 282 1788 0 49 5
a 282 487 0 33 10
a 283 386 0 49 7
a 283 1301 0 16 4
a 284 501 0 49 5
a 284 681 0 5 2
a 285 380 0 49 10
a 285 877 0 14 7
a 286 482 0 49 2
a 286 1643 0 3 6
a 287 457 0 49 4
a 287 68 0 6 1
a 291 1024 0 49 9
a 291 827 0 3 8
a 292 1523 0 49 6
a 292 1496 0 29 3
a 293 1884 0 49 5
a 293 232 0 7 9
a 295 844 0 49 6
a 295 466 0 38 9
a 297 1191 0 49 4
a 297 794 0 13 3
a 298 1790 0 49 8
a 298 1812 0 5 9
a 306 586 0 49 6
a 306 271 0 15 3
a 310 1066 0 49 8
a 310 1633 0 3 10
a 312 1172 0 49 1
a 312 24 0 38 2
a 314 1945 0 49 1
a 314 1661 0 40 6
a 315 1917 0 49 4
a 315 760 0 23 1
a 316 1997 0 49 8
a 316 1647 0 19 1
a 317 1343 0 49 3
a 317 1703 0 45 1
a 322 1023 0 49 3
a 322 1309 0 48 2
a 323 131 0 49 10
a 323 1225 0 47 8
a 324 1262 0 49 2
a 324 329 0 43 10
a 325 563 0 49 2
a 325 959 0 21 3
a 326 450 0 49 2
a 326 1379 0 24 6
a 330 953 0 49 7
a 330 427 0 1 1
a 331 1092 0 49 8
a 331 1710 0 46 4
a 336 1317 0 49 2
a 336 548 0 11 3
a 338 1123 0 49 2
a 338 1393 0 18 6
a 339 1461 0 49 4
a 339 1936 0 17 8
a 344 368 0 49 6
a 344 1769 0 27 4
a 351 704 0 49 7
a 351 401 0 28 8
a 352 1919 0 49 9
a 352 848 0 43 2
a 356 126 0 49 10
a 356 1793 0 15 10
a 360 1870 0 49 5
a 360 774 0 47 5
a 362 1840 0 49 2
a 362 1729 0 23 1
a 364 52 0 49 1
a 364 735 0 23 1
a 368 1391 0 49 1
a 368 326 0 31 4
a 373 106 0 49 7
a 373 1838 0 45 6
a 374 624 0 49 5
a 374 1784 0 23 4
a 377 1906 0 49 7
a 377 692 0 18 2
a 379 1863 0 49 1
a 379 1142 0 11 10
a 380 286 0 49 7
a 380 1929 0 36 5
a 384 1217 0 49 2
a 384 1031 0 18 10
a 385 379 0 49 2
a 385 994 0 39 5
a 386 75 0 49 1
a 386 1487 0 15 4
a 389 480 0 49 4
a 389 66 0 12 3
a 390 944 0 49 3
a 390 162 0 39 2
a 394 910 0 49 1
a 394 458 0 13 4
a 396 220 0 49 3
a 396 1469 0 35 2
a 398 1661 0 49 2
a 398 1995 0 31 4
a 400 514 0 49 4
a 400 1417 0 29 8
a 403 713 0 49 1
a 403 841 0 38 1
a 406 1994 0 49 10
a 406 538 0 17 4
a 407 271 0 49 2
a 407 917 0 20 4
a 411 1266 0 49 1
a 411 6 0 8 4
a 413 1335 0 49 10
a 413 1377 0 32 2
a 419 884 0 49 2
a 419 544 0 16 9
a 420 1450 0 49 5
a 420 1563 0 25 7
a 421 1939 0 49 7
a 421 1202 0 16 2
a 422 540 0 49 5
a 422 74 0 26 1
a 424 1394 0 49 8
a 424 1539 0 43 3
a 426 1546 0 49 4
a 426 1507 0 22 1
a 428 568 0 49 4
a 428 266 0 31 9
a 429 248 0 49 7
a 429 217 0 21 10
a 433 1751 0 49 7
a 433 997 0 24 10
a 436 287 0 49 3
a 436 1149 0 25 8
a 437 1495 0 49 3
a 437 1099 0 39 6
a 438 951 0 49 8
a 438 1463 0 50 1
a 439 1098 0 49 9
a 439 1580 0 50 1
a 441 285 0 49 5
a 441 411 0 23 7
a 442 819 0 49 7
a 442 300 0 32 7
a 443 86 0 49 7
a 443 1299 0 7 4
a 450 545 0 49 8
a 450 366 0 37 6
a 455 1590 0 49 2
a 455 1778 0 17 2
a 456 1125 0 49 10
a 456 83 0 24 6
a 457 171 0 49 1
a 457 96 0 49 9
a 458 907 0 49 7
a 458 1546 0 4 7
a 460 1581 0 49 1
a 460 1389 0 13 9
a 461 779 0 49 2
a 461 1345 0 29 8
a 462 1613 0 49 4
a 462 1338 0 47 8
a 463 1096 0 49 5
a 463 1438 0 45 9
a 464 1682 0 49 1
a 464 1025 0 9 7
a 466 1578 0 49 6
a 466 450 0 14 2
a 469 104 0 49 8
a 469 1605 0 48 8
a 470 1734 0 49 8
a 470 518 0 25 1
a 474 868 0 49 10
a 474 365 0 7 3
a 480 809 0 49 8
a 480 1056 0 29 2
a 482 1398 0 49 7
a 482 1002 0 33 3
a 484 1628 0 49 4
a 484 124 0 45 6
a 486 1351 0 49 6
a 486 530 0 8 10
a 488 36 0 49 6
a 488 1577 0 6 10
a 489 516 0 49 3
a 489 104 0 49 8
a 490 851 0 49 6
a 490 108 0 29 4
a 491 1575 0 49 8
a 491 1121 0 6 5
a 494 1286 0 49 4
a 494 1391 0 19 10
a 496 1239 0 49 3
a 496 988 0 26 9
a 497 1563 0 49 4
a 497 1230 0 8 8
a 500 532 0 49 8
a 500 469 0 22 3
a 501 118 0 49 10
a 501 1419 0 1 4
a 507 975 0 49 3
a 507 774 0 1 5
a 508 1864 0 49 4
a 508 1636 0 37 8
a 511 1937 0 49 3
a 511 430 0 38 4
a 512 267 0 49 4
a 512 320 0 10 8
a 514 1754 0 49 10
a 514 422 0 46 5
a 516 696 0 49 8
a 516 670 0 9 1
a 517 1556 0 49 8
a 517 1330 0 22 2
a 520 1615 0 49 8
a 520 627 0 35 10
a 522 1460 0 49 4
a 522 756 0 46 5
a 524 1459 0 49 10
a 524 55 0 18 4
a 528 419 0 49 2
a 528 1472 0 11 8
a 530 1049 0 49 7
a 530 531 0 40 5
a 532 1187 0 49 5
a 532 921 0 3 9
a 533 28 0 49 3
a 533 1985 0 15 3
a 536 326 0 49 3
a 536 386 0 46 7
a 537 604 0 49 6
a 537 1330 0 16 1
a 538 266 0 49 5
a 538 1238 0 9 7
a 540 1324 0 49 8
a 540 1806 0 29 4
a 541 610 0 49 10
a 541 140 0 27 6
a 544 1478 0 49 6
a 544 1375 0 38 2
a 545 888 0 49 2
a 545 1284 0 50 1
a 551 708 0 49 6
a 551 874 0 31 2
a 552 1232 0 49 3
a 552 7 0 4 9
a 555 1258 0 49 5
a 555 394 0 50 8
a 556 1318 0 49 3
a 556 1610 0 11 7
a 557 1638 0 49 10
a 557 1557 0 8 1
a 558 317 0 49 7
a 558 1886 0 33 4
a 561 1778 0 49 4
a 561 709 0 50 9
a 562 1033 0 49 8
a 562 725 0 35 8
a 563 235 0 49 6
a 563 1663 0 41 6
a 568 569 0 49 1
a 568 515 0 47 2
a 569 544 0 49 3
a 569 1117 0 42 8
a 570 663 0 49 7
a 570 298 0 9 5
a 571 411 0 49 7
a 571 144 0 46 3
a 574 175 0 49 8
a 574 553 0 14 6
a 577 1457 0 49 9
a 577 530 0 23 1
a 581 1035 0 49 2
a 581 395 0 40 2
a 582 91 0 49 2
a 582 1404 0 14 4
a 583 821 0 49 1
a 583 764 0 47 1
a 585 1894 0 49 9
a 585 949 0 44 3
a 586 1892 0 49 5
a 586 1877 0 28 6
a 589 442 0 49 3
a 589 1533 0 28 1
a 590 973 0 49 2
a 590 1050 0 50 5
a 592 1855 0 49 2
a 592 435 0 14 4
a 595 1856 0 49 6
a 595 1320 0 26 4
a 598 1494 0 49 6
a 598 366 0 31 7
a 601 589 0 49 9
a 601 1478 0 14 3
a 603 1120 0 49 5
a 603 291 0 1 8
a 604 1703 0 49 3
a 604 799 0 29 2
a 605 1932 0 49 8
a 605 1511 0 16 9
a 610 146 0 49 7
a 610 395 0 8 10
a 613 1636 0 49 8
a 613 1628 0 15 1
a 617 336 0 49 10
a 617 1808 0 7 6
a 620 1539 0 49 4
a 620 972 0 34 6
a 622 293 0 49 7
a 622 1102 0 27 8
a 623 1297 0 49 8
a 623 422 0 15 10
a 624 934 0 49 6
a 624 1440 0 47 8
a 625 470 0 49 4
a 625 777 0 43 3
a 629 12 0 49 2
a 629 1367 0 26 7
a 630 195 0 49 6
a 630 1987 0 12 4
a 631 577 0 49 5
a 631 1079 0 33 3
a 634 227 0 49 3
a 634 1930 0 0 10
a 638 81 0 49 7
a 638 1543 0 3 8
a 639 1929 0 49 3
a 639 913 0 10 5
a 646 1818 0 49 3
a 646 1124 0 19 1
a 647 1921 0 49 1
a 647 928 0 29 4
a 648 486 0 49 10
a 648 445 0 22 6
a 652 1244 0 49 5
a 652 1471 0 22 1
a 657 1014 0 49 7
a 657 1415 0 8 10
a 658 1946 0 49 3
a 658 1300 0 26 6
a 663 537 0 49 10
a 663 1929 0 28 10
a 664 862 0 49 4
a 664 1027 0 38 7
a 667 199 0 49 5
a 667 1308 0 46 8
a 671 1311 0 49 5
a 671 1279 0 15 2
a 672 1434 0 49 10
a 672 1660 0 48 8
a 675 700 0 49 3
a 675 492 0 39 5
a 678 1588 0 49 9
a 678 1835 0 34 3
a 680 312 0 49 7
a 680 1303 0 23 2
a 682 1878 0 49 2
a 682 1634 0 33 1
a 685 722 0 49 9
a 685 420 0 15 4
a 688 1045 0 49 3
a 688 1496 0 22 6
a 694 396 0 49 2
a 694 1586 0 22 2
a 696 1646 0 49 2
a 696 1729 0 7 4
a 700 390 0 49 7
a 700 46 0 40 8
a 703 1104 0 49 10
a 703 695 0 27 8
a 704 1626 0 49 4
a 704 1286 0 6 2
a 706 1211 0 49 10
a 706 498 0 18 6
a 707 1573 0 49 4
a 707 573 0 37 10
a 708 1551 0 49 4
a 708 790 0 27 3
a 712 1524 0 49 5
a 712 1327 0 18 5
a 713 781 0 49 3
a 713 1399 0 11 10
a 720 491 0 49 7
a 720 1690 0 16 1
a 721 1576 0 49 3
a 721 134 0 49 7
a 722 139 0 49 5
a 722 463 0 20 5
a 724 1151 0 49 6
a 724 172 0 5 3
a 727 283 0 49 4
a 727 824 0 1 6
a 728 1797 0 49 7
a 728 389 0 21 1
a 730 1220 0 49 9
a 730 450 0 49 5
a 734 1285 0 49 9
a 734 37 0 43 9
a 735 678 0 49 6
a 735 471 0 45 1
a 739 872 0 49 7
a 739 1222 0 10 2
a 740 1055 0 49 9
a 740 315 0 23 2
a 742 58 0 49 3
a 742 492 0 24 4
a 746 222 0 49 10
a 746 1838 0 0 5
a 750 1475 0 49 8
a 750 797 0 30 4
a 751 437 0 49 2
a 751 1481 0 45 1
a 754 1205 0 49 3
a 754 496 0 45 9
a 755 1094 0 49 10
a 755 1974 0 31 4
a 758 180 0 49 2
a 758 37 0 11 9
a 763 1027 0 49 8
a 763 1204 0 42 6
a 764 137 0 49 3
a 764 1585 0 39 4
a 766 1146 0 49 3
a 766 1998 0 21 10
a 767 1072 0 49 1
a 767 800 0 33 9
a 769 1086 0 49 8
a 769 1497 0 2 1
a 770 464 0 49 7
a 770 1736 0 32 1
a 771 777 0 49 9
a 771 201 0 10 7
a 777 1678 0 49 7
a 777 1872 0 14 2
a 778 1246 0 49 3
a 778 1363 0 4 1
a 779 144 0 49 10
a 779 273 0 8 9
a 780 1054 0 49 1
a 780 527 0 38 2
a 781 1406 0 49 4
a 781 1511 0 8 6
a 782 1352 0 49 3
a 782 1700 0 23 10
a 784 1886 0 49 10
a 784 1011 0 39 9
a 786 739 0 49 9
a 786 1423 0 10 2
a 787 839 0 49 1
a 787 1454 0 27 1
a 789 1794 0 49 9
a 789 24 0 37 8
a 793 1000 0 49 5
a 793 1237 0 39 10
a 795 1300 0 49 2
a 795 480 0 30 5
a 797 1130 0 49 9
a 797 846 0 12 1
a 800 770 0 49 1
a 800 1190 0 38 3
a 802 21 0 49 7
a 802 308 0 44 6
a 807 646 0 49 5
a 807 1834 0 23 7
a 809 188 0 49 1
a 809 865 0 46 5
a 810 1346 0 49 7
a 810 1427 0 12 6
a 811 858 0 49 7
a 811 849 0 33 7
a 812 210 0 49 8
a 812 1169 0 37 10
a 815 538 0 49 1
a 815 1300 0 37 6
a 818 830 0 49 9
a 818 971 0 37 3
a 819 1606 0 49 2
a 819 278 0 50 10
a 820 807 0 49 6
a 820 909 0 48 2
a 821 1609 0 49 8
a 821 905 0 23 2
a 823 859 0 49 2
a 823 1819 0 25 9
a 826 1067 0 49 4
a 826 836 0 27 6
a 827 462 0 49 3
a 827 597 0 13 1
a 829 1927 0 49 10
a 829 1677 0 33 2
a 830 1730 0 49 6
a 830 1697 0 19 7
a 832 769 0 49 8
a 832 1997 0 37 2
a 834 657 0 49 9
a 834 755 0 29 6
a 835 843 0 49 8
a 835 1488 0 6 4
a 837 592 0 49 10
a 837 795 0 3 7
a 839 978 0 49 2
a 839 336 0 37 8
a 843 385 0 49 4
a 843 1939 0 18 5
a 844 557 0 49 7
a 844 12 0 34 5
a 845 581 0 49 8
a 845 447 0 5 4
a 846 384 0 49 7
a 846 1863 0 50 7
a 847 1971 0 49 2
a 847 1847 0 23 1
a 849 1114 0 49 2
a 849 1400 0 29 2
a 851 1070 0 49 8
a 851 1234 0 3 7
a 853 466 0 49 5
a 853 1941 0 39 9
a 855 497 0 49 1
a 855 1817 0 31 5
a 856 298 0 49 10
a 856 1926 0 17 3
a 858 240 0 49 4
a 858 1027 0 25 9
a 859 1501 0 49 8
a 859 618 0 34 10
a 860 1362 0 49 5
a 860 600 0 43 7
a 861 879 0 49 1
a 861 38 0 48 10
a 862 490 0 49 10
a 862 467 0 50 4
a 864 524 0 49 9
a 864 1147 0 8 8
a 867 1496 0 49 4
a 867 90 0 17 2
a 868 1188 0 49 1
a 868 1502 0 14 4
a 870 1293 0 49 3
a 870 1289 0 43 1
a 872 1744 0 49 2
a 872 52 0 44 7
a 874 439 0 49 9
a 874 959 0 31 1
a 876 1364 0 49 10
a 876 1102 0 22 2
a 879 1316 0 49 1
a 879 1156 0 24 1
a 882 1287 0 49 6
a 882 532 0 36 1
a 884 182 0 49 6
a 884 1606 0 36 2
a 885 331 0 49 1
a 885 1326 0 49 9
a 886 1593 0 49 6
a 886 1373 0 33 5
a 888 706 0 49 2
a 888 869 0 30 8
a 889 1389 0 49 10
a 889 1390 0 21 4
a 890 217 0 49 9
a 890 1310 0 25 5
a 895 1234 0 49 3
a 895 124 0 3 10
a 896 1657 0 49 6
a 896 1898 0 30 8
a 897 306 0 49 6
a 897 1307 0 18 6
a 902 1527 0 49 9
a 902 1730 0 34 8
a 903 1426 0 49 1
a 903 1305 0 43 8
a 906 413 0 49 8
a 906 1007 0 38 9
a 907 1490 0 49 7
a 907 315 0 0 7
a 910 323 0 49 5
a 910 181 0 47 6
a 911 1028 0 49 4
a 911 1953 0 7 10
a 912 929 0 49 2
a 912 1124 0 18 4
a 913 152 0 49 6
a 913 1727 0 16 1
a 918 664 0 49 1
a 918 506 0 33 4
a 919 874 0 49 6
a 919 1992 0 46 4
a 921 198 0 49 1
a 921 977 0 42 6
a 922 1395 0 49 10
a 922 1415 0 3 10
a 924 184 0 49 10
a 924 1381 0 27 8
a 926 173 0 49 3
a 926 296 0 42 9
a 927 1982 0 49 1
a 927 741 0 33 6
a 929 1283 0 49 2
a 929 995 0 45 2
a 930 991 0 49 3
a 930 724 0 39 8
a 931 922 0 49 1
a 931 1755 0 34 10
a 934 1809 0 49 4
a 934 582 0 21 10
a 936 1891 0 49 7
a 936 890 0 34 5
a 937 377 0 49 7
a 937 200 0 6 7
a 939 849 0 49 10
a 939 70 0 1 10
a 940 1600 0 49 1
a 940 1282 0 35 2
a 944 1993 0 49 5
a 944 1625 0 15 6
a 950 206 0 49 10
a 950 171 0 45 7
a 951 827 0 49 3
a 951 1712 0 16 4
a 953 1940 0 49 1
a 953 1904 0 11 7
a 954 551 0 49 10
a 954 1325 0 31 7
a 960 1175 0 49 8
a 960 1777 0 8 7
a 963 1679 0 49 3
a 963 1051 0 0 1
a 964 389 0 49 7
a 964 345 0 18 2
a 968 166 0 49 8
a 968 997 0 7 5
a 970 1513 0 49 10
a 970 703 0 20 7
a 973 1792 0 49 9
a 973 1077 0 20 4
a 974 1214 0 49 3
a 974 1266 0 34 3
a 975 1733 0 49 1
a 975 304 0 34 5
a 976 561 0 49 9
a 976 1523 0 33 10
a 978 1752 0 49 7
a 978 1941 0 16 4
a 981 1020 0 49 6
a 981 1616 0 49 9
a 985 25 0 49 5
a 985 156 0 45 5
a 986 1651 0 49 1
a 986 196 0 8 3
a 987 456 0 49 3
a 987 341 0 9 3
a 988 265 0 49 3
a 988 1933 0 10 1
a 989 939 0 49 5
a 989 1891 0 21 8
a 991 201 0 49 10
a 991 246 0 24 1
a 992 1417 0 49 10
a 992 1962 0 47 3
a 993 721 0 49 2
a 993 79 0 25 2
a 994 121 0 49 8
a 994 1706 0 43 5
a 998 1963 0 49 5
a 998 158 0 30 10
a 999 648 0 49 8
a 999 415 0 11 8
a 1000 703 0 49 9
a 1000 1563 0 47 9
a 1002 1547 0 49 10
a 1002 1151 0 45 6
a 1004 140 0 49 6
a 1004 1494 0 41 1
a 1007 1883 0 49 4
a 1007 609 0 28 4
a 1010 1369 0 49 6
a 1010 22 0 30 7
a 1013 1116 0 49 8
a 1013 390 0 32 3
a 1014 113 0 49 4
a 1014 271 0 25 5
a 1015 102 0 49 1
a 1015 1835 0 14 5
a 1017 1221 0 49 4
a 1017 368 0 26 8
a 1018 316 0 49 4
a 1018 1948 0 45 9
a 1020 1327 0 49 2
a 1020 345 0 21 4
a 1022 876 0 49 4
a 1022 459 0 46 3
a 1023 1686 0 49 8
a 1023 1652 0 20 7
a 1024 154 0 49 5
a 1024 1338 0 23 7
a 1025 1558 0 49 9
a 1025 317 0 13 4
a 1026 1812 0 49 5
a 1026 485 0 12 5
a 1027 1625 0 49 4
a 1027 1362 0 48 8
a 1028 1775 0 49 7
a 1028 519 0 35 6
a 1029 1655 0 49 1
a 1029 1373 0 46 5
a 1030 374 0 49 4
a 1030 1602 0 33 1
a 1033 230 0 49 2
a 1033 777 0 11 7
a 1035 147 0 49 4
a 1035 855 0 37 8
a 1036 1705 0 49 7
a 1036 604 0 29 7
a 1037 1431 0 49 4
a 1037 1638 0 24 3
a 1039 1603 0 49 6
a 1039 175 0 30 3
a 1042 1667 0 49 5
a 1042 738 0 39 2
a 1044 981 0 49 6
a 1044 790 0 21 3
a 1045 246 0 49 10
a 1045 1241 0 6 1
a 1046 890 0 49 3
a 1046 228 0 48 5
a 1049 742 0 49 10
a 1049 1754 0 31 1
a 1051 750 0 49 8
a 1051 1309 0 4 2
a 1052 652 0 49 3
a 1052 664 0 10 1
a 1054 1828 0 49 2
a 1054 1628 0 18 1
a 1055 233 0 49 8
a 1055 1198 0 3 6
a 1061 364 0 49 9
a 1061 1817 0 25 9
a 1064 1538 0 49 5
a 1064 1396 0 8 6
a 1065 902 0 49 3
a 1065 406 0 27 4
a 1066 284 0 49 8
a 1066 463 0 43 9
a 1067 70 0 49 10
a 1067 129 0 7 6
a 1069 1430 0 49 9
a 1069 526 0 11 8
a 1070 60 0 49 3
a 1070 846 0 42 6
a 1071 282 0 49 6
a 1071 730 0 43 3
a 1072 870 0 49 1
a 1072 238 0 0 5
a 1075 177 0 49 3
a 1075 774 0 37 3
a 1077 193 0 49 3
a 1077 683 0 8 1
a 1080 150 0 49 6
a 1080 1729 0 25 10
a 1084 1961 0 49 8
a 1084 996 0 2 6
a 1086 1281 0 49 6
a 1086 631 0 24 7
a 1087 1860 0 49 8
a 1087 1726 0 48 10
a 1088 832 0 49 6
a 1088 1780 0 10 8
a 1090 927 0 49 10
a 1090 1330 0 49 7
a 1092 511 0 49 10
a 1092 1569 0 13 7
a 1094 1280 0 49 1
a 1094 1665 0 25 5
a 1095 1896 0 49 6
a 1095 1112 0 8 4
a 1096 1874 0 49 10
a 1096 1587 0 7 1
a 1097 793 0 49 10
a 1097 643 0 23 2
a 1098 528 0 49 5
a 1098 557 0 39 8
a 1099 1643 0 49 9
a 1099 903 0 30 7
a 1101 1498 0 49 4
a 1101 1896 0 23 8
a 1102 236 0 49 6
a 1102 1208 0 49 10
a 1104 1627 0 49 1
a 1104 1972 0 19 3
a 1108 1549 0 49 8
a 1108 315 0 32 7
a 1109 1533 0 49 9
a 1109 1038 0 48 2
a 1111 595 0 49 10
a 1111 1385 0 44 6
a 1112 38 0 49 1
a 1112 121 0 20 2
a 1113 164 0 49 3
a 1113 720 0 2 9
a 1114 1569 0 49 2
a 1114 1995 0 32 8
a 1115 1219 0 49 4
a 1115 1112 0 4 9
a 1116 617 0 49 2
a 1116 405 0 37 5
a 1117 1824 0 49 5
a 1117 670 0 23 4
a 1119 800 0 49 9
a 1119 1220 0 11 6
a 1120 1438 0 49 2
a 1120 381 0 50 5
a 1122 441 0 49 4
a 1122 1848 0 18 1
a 1123 639 0 49 2
a 1123 610 0 20 8
a 1124 17 0 49 2
a 1124 1937 0 20 2
a 1125 734 0 49 8
a 1125 1120 0 0 7
a 1130 185 0 49 2
a 1130 48 0 39 1
a 1133 1887 0 49 5
a 1133 1274 0 11 6
a 1134 125 0 49 5
a 1134 895 0 6 4
a 1135 930 0 49 5
a 1135 1539 0 47 8
a 1142 926 0 49 8
a 1142 140 0 41 3
a 1144 1519 0 49 1
a 1144 591 0 26 6
a 1146 406 0 49 10
a 1146 1111 0 30 10
a 1148 1051 0 49 2
a 1148 1305 0 8 9
a 1151 860 0 49 9
a 1151 1878 0 32 2
a 1155 1796 0 49 7
a 1155 1107 0 20 9
a 1161 763 0 49 4
a 1161 1724 0 15 8
a 1162 1037 0 49 2
a 1162 1469 0 7 7
a 1169 1621 0 49 10
a 1169 1907 0 48 7
a 1171 1656 0 49 9
a 1171 1120 0 10 4
a 1172 1064 0 49 3
a 1172 1780 0 34 9
a 1175 219 0 49 1
a 1175 1898 0 35 9
a 1176 1386 0 49 4
a 1176 583 0 30 1
a 1177 1397 0 49 5
a 1177 1148 0 24 4
a 1178 1084 0 49 3
a 1178 921 0 16 4
a 1179 1851 0 49 6
a 1179 321 0 28 2
a 1180 1477 0 49 2
a 1180 1348 0 3 9
a 1182 924 0 49 6
a 1182 205 0 30 3
a 1183 707 0 49 2
a 1183 1113 0 39 4
a 1187 1230 0 49 8
a 1187 1592 0 21 3
a 1188 101 0 49 4
a 1188 1518 0 43 6
a 1189 1022 0 49 3
a 1189 1717 0 44 5
a 1190 1046 0 49 1
a 1190 1252 0 33 2
a 1191 766 0 49 6
a 1191 1652 0 1 7
a 1192 994 0 49 8
a 1192 1335 0 43 5
a 1196 10 0 49 4
a 1196 327 0 13 8
a 1197 598 0 49 2
a 1197 281 0 20 3
a 1199 1925 0 49 4
a 1199 566 0 28 7
a 1200 688 0 49 4
a 1200 1229 0 24 9
a 1202 795 0 49 5
a 1202 1020 0 16 8
a 1203 786 0 49 2
a 1203 1415 0 6 9
a 1204 1861 0 49 2
a 1204 1714 0 46 10
a 1205 1415 0 49 8
a 1205 1449 0 50 3
a 1211 1451 0 49 4
a 1211 1326 0 38 3
a 1213 1428 0 49 5
a 1213 862 0 14 6
a 1214 1825 0 49 8
a 1214 674 0 28 1
a 1216 853 0 49 7
a 1216 1779 0 34 5
a 1217 1665 0 49 4
a 1217 1631 0 14 8
a 1219 847 0 49 7
a 1219 594 0 14 1
a 1220 889 0 49 4
a 1220 594 0 1 4
a 1221 885 0 49 2
a 1221 1195 0 27 1
a 1224 458 0 49 8
a 1224 641 0 45 3
a 1225 1425 0 49 1
a 1225 607 0 12 10
a 1228 1309 0 49 5
a 1228 1017 0 23 10
a 1230 1517 0 49 3
a 1230 607 0 24 2
a 1232 1510 0 49 8
a 1232 1261 0 40 2
a 1234 132 0 49 4
a 1234 1010 0 22 2
a 1238 746 0 49 1
a 1238 83 0 10 4
a 1239 344 0 49 3
a 1239 1670 0 33 9
a 1240 1302 0 49 4
a 1240 1418 0 45 9
a 1242 1409 0 49 5
a 1242 1923 0 25 5
a 1243 1944 0 49 7
a 1243 237 0 14 8
a 1244 1787 0 49 8
a 1244 429 0 26 6
a 1246 97 0 49 4
a 1246 1801 0 14 6
a 1251 1698 0 49 3
a 1251 1971 0 22 7
a 1252 1620 0 49 7
a 1252 1584 0 19 10
a 1256 1585 0 49 9
a 1256 1822 0 0 3
a 1258 295 0 49 2
a 1258 1707 0 20 9
a 1260 1614 0 49 6
a 1260 235 0 32 8
a 1261 1664 0 49 4
a 1261 624 0 34 7
a 1262 1899 0 49 7
a 1262 1485 0 24 8
a 1263 87 0 49 3
a 1263 145 0 12 2
a 1265 631 0 49 6
a 1265 1351 0 41 3
a 1266 20 0 49 8
a 1266 230 0 36 9
a 1268 931 0 49 2
a 1268 1285 0 45 5
a 1270 1251 0 49 5
a 1270 1194 0 13 9
a 1273 1374 0 49 3
a 1273 44 0 50 3
a 1275 1565 0 49 3
a 1275 467 0 11 4
a 1280 1955 0 49 7
a 1280 1796 0 50 1
a 1281 1889 0 49 1
a 1281 600 0 14 5
a 1283 1261 0 49 8
a 1283 1434 0 6 7
a 1285 906 0 49 3
a 1285 1833 0 34 2
a 1286 911 0 49 8
a 1286 305 0 30 4
a 1287 1379 0 49 8
a 1287 1864 0 17 7
a 1288 675 0 49 9
a 1288 504 0 12 10
a 1293 1817 0 49 3
a 1293 119 0 20 4
a 1295 1171 0 49 2
a 1295 1765 0 7 7
a 1297 1685 0 49 8
a 1297 1733 0 27 5
a 1300 558 0 49 9
a 1300 1000 0 44 5
a 1302 1002 0 49 7
a 1302 802 0 14 5
a 1304 1760 0 49 6
a 1304 291 0 16 10
a 1307 1605 0 49 10
a 1307 826 0 5 1
a 1309 1531 0 49 3
a 1309 37 0 25 9
a 1310 22 0 49 6
a 1310 1846 0 46 7
a 1311 855 0 49 3
a 1311 1005 0 12 1
a 1312 1631 0 49 6
a 1312 1832 0 43 7
a 1314 1429 0 49 10
a 1314 1023 0 23 9
a 1316 1026 0 49 7
a 1316 961 0 6 7
a 1317 583 0 49 1
a 1317 653 0 39 1
a 1318 815 0 49 10
a 1318 1099 0 8 1
a 1319 530 0 49 4
a 1319 1835 0 4 4
a 1320 407 0 49 10
a 1320 81 0 28 2
a 1321 1307 0 49 1
a 1321 192 0 10 6
a 1322 552 0 49 9
a 1322 982 0 10 3
a 1324 1134 0 49 2
a 1324 1761 0 34 8
a 1326 1135 0 49 5
a 1326 202 0 23 7
a 1327 555 0 49 8
a 1327 500 0 11 1
a 1330 1709 0 49 9
a 1330 1169 0 17 10
a 1331 755 0 49 5
a 1331 397 0 26 6
a 1335 1099 0 49 8
a 1335 1714 0 31 4
a 1339 913 0 49 3
a 1339 830 0 50 4
a 1341 26 0 49 4
a 1341 96 0 43 1
a 1343 1320 0 49 1
a 1343 1386 0 3 6
a 1346 1872 0 49 8
a 1346 142 0 2 3
a 1348 1866 0 49 5
a 1348 928 0 32 5
a 1349 291 0 49 10
a 1349 1023 0 3 5
a 1350 1908 0 49 1
a 1350 1580 0 38 10
a 1351 1432 0 49 1
a 1351 1209 0 29 2
a 1352 1952 0 49 2
a 1352 1090 0 9 3
a 1355 1144 0 49 7
a 1355 552 0 40 8
a 1358 1025 0 49 1
a 1358 365 0 10 9
a 1361 1859 0 49 2
a 1361 1839 0 42 8
a 1362 782 0 49 9
a 1362 1084 0 32 5
a 1364 224 0 49 6
a 1364 580 0 10 6
a 1366 272 0 49 4
a 1366 1288 0 44 6
a 1367 582 0 49 5
a 1367 91 0 26 4
a 1369 1065 0 49 8
a 1369 27 0 13 9
a 1373 474 0 49 10
a 1373 1424 0 11 3
a 1374 1196 0 49 1
a 1374 383 0 48 4
a 1378 810 0 49 9
a 1378 1301 0 6 10
a 1379 1090 0 49 4
a 1379 1930 0 44 1
a 1382 680 0 49 3
a 1382 1285 0 1 9
a 1383 1013 0 49 6
a 1383 1693 0 13 2
a 1386 1747 0 49 1
a 1386 890 0 48 7
a 1389 79 0 49 2
a 1389 690 0 14 9
a 1391 1199 0 49 8
a 1391 691 0 16 8
a 1394 1986 0 49 6
a 1394 311 0 50 1
a 1395 1373 0 49 8
a 1395 1141 0 37 7
a 1396 360 0 49 3
a 1396 1003 0 31 6
a 1397 438 0 49 1
a 1397 890 0 49 5
a 1398 488 0 49 8
a 1398 1701 0 22 8
a 1399 754 0 49 3
a 1399 1686 0 15 6
a 1404 1176 0 49 9
a 1404 1563 0 17 1
a 1406 1458 0 49 2
a 1406 1307 0 27 6
a 1408 1177 0 49 4
a 1408 285 0 23 5
a 1409 1367 0 49 2
a 1409 626 0 26 9
a 1411 1579 0 49 9
a 1411 1930 0 45 4
a 1413 1699 0 49 5
a 1413 1095 0 5 7
a 1415 968 0 49 6
a 1415 1974 0 11 7
a 1416 771 0 49 2
a 1416 496 0 48 10
a 1417 1508 0 49 10
a 1417 1239 0 11 10
a 1418 1069 0 49 2
a 1418 1150 0 47 3
a 1419 194 0 49 4
a 1419 586 0 36 6
a 1425 720 0 49 10
a 1425 1691 0 26 1
a 1426 1322 0 49 4
a 1426 1686 0 30 9
a 1428 1469 0 49 5
a 1428 706 0 46 9
a 1429 1520 0 49 4
a 1429 1827 0 49 7
a 1430 422 0 49 2
a 1430 627 0 2 5
a 1431 974 0 49 7
a 1431 1414 0 21 6
a 1432 324 0 49 1
a 1432 1782 0 8 3
a 1434 1479 0 49 3
a 1434 1895 0 17 4
a 1437 1869 0 49 10
a 1437 328 0 22 4
a 1438 1776 0 49 5
a 1438 1846 0 1 8
a 1439 95 0 49 2
a 1439 1210 0 9 7
a 1442 1728 0 49 8
a 1442 770 0 41 7
a 1445 56 0 49 10
a 1445 916 0 2 9
a 1449 912 0 49 5
a 1449 1267 0 13 4
a 1450 153 0 49 1
a 1450 1172 0 11 5
a 1451 1467 0 49 2
a 1451 1164 0 7 6
a 1454 1197 0 49 7
a 1454 1027 0 48 4
a 1455 460 0 49 4
a 1455 1321 0 10 9
a 1457 685 0 49 8
a 1457 712 0 21 9
a 1458 1923 0 49 2
a 1458 886 0 8 5
a 1459 1732 0 49 1
a 1459 588 0 11 5
a 1460 1763 0 49 3
a 1460 1374 0 41 10
a 1461 764 0 49 10
a 1461 668 0 16 10
a 1462 846 0 49 5
a 1462 61 0 2 10
a 1465 142 0 49 5
a 1465 1047 0 30 10
a 1467 671 0 49 4
a 1467 1302 0 16 5
a 1468 1442 0 49 7
a 1468 1704 0 2 8
a 1469 1706 0 49 10
a 1469 1473 0 28 5
a 1475 1522 0 49 9
a 1475 1649 0 35 9
a 1477 1584 0 49 6
a 1477 1173 0 4 1
a 1478 1623 0 49 4
a 1478 436 0 36 9
a 1479 867 0 49 7
a 1479 1157 0 41 1
a 1480 812 0 49 3
a 1480 966 0 14 7
a 1481 1798 0 49 7
a 1481 980 0 29 3
a 1482 114 0 49 6
a 1482 821 0 35 6
a 1484 1061 0 49 4
a 1484 204 0 40 4
a 1486 512 0 49 8
a 1486 162 0 49 1
a 1490 1252 0 49 2
a 1490 1923 0 15 6
a 1494 1148 0 49 8
a 1494 1062 0 37 3
a 1495 789 0 49 2
a 1495 446 0 25 3
a 1496 1331 0 49 6
a 1496 1016 0 29 2
a 1497 1010 0 49 7
a 1497 1691 0 22 1
a 1498 1439 0 49 5
a 1498 457 0 2 10
a 1500 1042 0 49 3
a 1500 1712 0 10 7
a 1501 1204 0 49 5
a 1501 169 0 46 2
a 1502 1841 0 49 7
a 1502 397 0 35 2
a 1508 351 0 49 9
a 1508 482 0 4 2
a 1509 170 0 49 2
a 1509 1592 0 42 4
a 1510 1827 0 49 1
a 1510 922 0 14 7
a 1513 556 0 49 6
a 1513 1454 0 17 4
a 1517 1879 0 49 3
a 1517 660 0 31 6
a 1519 1572 0 49 7
a 1519 928 0 50 8
a 1520 1263 0 49 7
a 1520 1769 0 50 6
a 1522 260 0 49 6
a 1522 1757 0 2 7
a 1523 1532 0 49 7
a 1523 212 0 44 2
a 1524 1717 0 49 1
a 1524 1723 0 1 7
a 1525 1178 0 49 1
a 1525 883 0 30 3
a 1526 1745 0 49 1
a 1526 1989 0 48 4
a 1527 834 0 49 2
a 1527 1862 0 31 3
a 1531 297 0 49 2
a 1531 622 0 19 9
a 1532 1133 0 49 6
a 1532 370 0 6 2
a 1533 242 0 49 5
a 1533 918 0 18 3
a 1538 1115 0 49 2
a 1538 1623 0 6 8
a 1539 1378 0 49 1
a 1539 1304 0 47 9
a 1546 508 0 49 3
a 1546 1451 0 2 4
a 1547 1004 0 49 9
a 1547 485 0 6 10
a 1549 1007 0 49 10
a 1549 848 0 20 2
a 1551 1095 0 49 6
a 1551 507 0 48 1
a 1554 864 0 49 10
a 1554 1630 0 45 1
a 1556 1039 0 49 9
a 1556 215 0 41 10
a 1558 257 0 49 8
a 1558 1456 0 39 8
a 1559 1607 0 49 1
a 1559 1870 0 48 6
a 1561 1455 0 49 9
a 1561 1348 0 31 6
a 1563 30 0 49 5
a 1563 620 0 8 3
a 1565 1914 0 49 6
a 1565 1201 0 41 6
a 1568 985 0 49 6
a 1568 1142 0 5 8
a 1569 730 0 49 7
a 1569 500 0 28 7
a 1572 1713 0 49 6
a 1572 599 0 41 5
a 1573 330 0 49 3
a 1573 678 0 36 10
a 1574 1111 0 49 9
a 1574 355 0 20 1
a 1575 1312 0 49 1
a 1575 234 0 43 9
a 1576 507 0 49 10
a 1576 1264 0 46 5
a 1578 522 0 49 2
a 1578 1185 0 4 6
a 1579 1275 0 49 4
a 1579 1515 0 20 3
a 1581 78 0 49 2
a 1581 1271 0 42 3
a 1583 667 0 49 10
a 1583 381 0 17 10
a 1584 1314 0 49 8
a 1584 275 0 7 3
a 1585 1029 0 49 5
a 1585 155 0 25 1
a 1588 1793 0 49 4
a 1588 820 0 27 5
a 1590 489 0 49 8
a 1590 16 0 50 7
a 1593 1829 0 49 5
a 1593 414 0 4 5
a 1594 247 0 49 4
a 1594 1005 0 5 3
a 1598 562 0 49 4
a 1598 1172 0 34 4
a 1600 1842 0 49 10
a 1600 1606 0 39 9
a 1602 421 0 49 7
a 1602 466 0 7 7
a 1603 24 0 49 10
a 1603 322 0 36 3
a 1605 1831 0 49 5
a 1605 703 0 43 4
a 1606 1559 0 49 10
a 1606 955 0 37 3
a 1607 403 0 49 6
a 1607 906 0 13 8
a 1609 1268 0 49 5
a 1609 1984 0 11 6
a 1610 1030 0 49 3
a 1610 1882 0 17 1
a 1611 1875 0 49 10
a 1611 1901 0 43 4
a 1613 1108 0 49 6
a 1613 1365 0 36 3
a 1614 1408 0 49 7
a 1614 668 0 38 4
a 1615 954 0 49 5
a 1615 95 0 12 5
a 1617 1930 0 49 6
a 1617 745 0 13 9
a 1619 1481 0 49 2
a 1619 64 0 4 5
a 1620 241 0 49 5
a 1620 1655 0 3 3
a 1621 207 0 49 7
a 1621 757 0 46 5
a 1622 1382 0 49 8
a 1622 1497 0 19 4
a 1623 484 0 49 9
a 1623 1331 0 16 9
a 1625 400 0 49 5
a 1625 688 0 38 4
a 1626 1445 0 49 9
a 1626 1278 0 14 6
a 1627 1480 0 49 2
a 1627 454 0 13 6
a 1628 1662 0 49 6
a 1628 320 0 12 7
a 1631 310 0 49 4
a 1631 1565 0 42 9
a 1633 1904 0 49 10
a 1633 1849 0 20 9
a 1636 1772 0 49 9
a 1636 933 0 31 5
a 1638 1900 0 49 3
a 1638 773 0 26 1
a 1643 1953 0 49 10
a 1643 1159 0 48 8
a 1646 1610 0 49 8
a 1646 871 0 20 6
a 1650 1240 0 49 4
a 1650 642 0 34 2
a 1651 1326 0 49 4
a 1651 288 0 8 8
a 1655 1980 0 49 2
a 1655 423 0 39 6
a 1656 1044 0 49 1
a 1656 1438 0 46 6
a 1657 1190 0 49 10
a 1657 1423 0 3 7
a 1661 1844 0 49 10
a 1661 1729 0 28 3
a 1662 258 0 49 8
a 1662 1484 0 8 5
a 1664 1358 0 49 4
a 1664 735 0 15 6
a 1665 517 0 49 4
a 1665 1544 0 15 8
a 1667 1018 0 49 4
a 1667 127 0 45 6
a 1669 897 0 49 10
a 1669 981 0 32 8
a 1677 1155 0 49 2
a 1677 928 0 30 2
a 1678 1814 0 49 2
a 1678 1455 0 7 4
a 1679 424 0 49 4
a 1679 1429 0 43 9
a 1682 1437 0 49 9
a 1682 1998 0 13 8
a 1683 727 0 49 1
a 1683 1796 0 15 3
a 1685 1242 0 49 1
a 1685 661 0 45 6
a 1686 191 0 49 6
a 1686 423 0 45 10
a 1687 1416 0 49 10
a 1687 761 0 30 5
a 1689 896 0 49 6
a 1689 109 0 28 1
a 1693 192 0 49 7
a 1693 499 0 10 10
a 1694 601 0 49 8
a 1694 450 0 34 8
a 1698 1228 0 49 10
a 1698 1309 0 4 6
a 1699 585 0 49 9
a 1699 1053 0 11 7
a 1703 436 0 49 2
a 1703 1565 0 19 4
a 1704 1192 0 49 5
a 1704 177 0 12 1
a 1705 1295 0 49 2
a 1705 1874 0 25 5
a 1706 94 0 49 9
a 1706 1842 0 17 3
a 1709 1650 0 49 2
a 1709 384 0 13 5
a 1710 1169 0 49 5
a 1710 548 0 36 8
a 1711 1935 0 49 3
a 1711 1951 0 6 10
a 1713 1865 0 49 6
a 1713 1820 0 10 10
a 1717 1383 0 49 1
a 1717 854 0 14 10
a 1719 986 0 49 6
a 1719 602 0 22 5
a 1728 1202 0 49 4
a 1728 274 0 46 1
a 1730 1142 0 49 2
a 1730 913 0 33 7
a 1731 625 0 49 5
a 1731 1167 0 26 9
a 1732 758 0 49 8
a 1732 427 0 10 2
a 1733 1633 0 49 4
a 1733 335 0 45 7
a 1734 1990 0 49 7
a 1734 498 0 0 8
a 1737 51 0 49 1
a 1737 1683 0 40 6
a 1739 1097 0 49 1
a 1739 1323 0 41 5
a 1740 1180 0 49 10
a 1740 1589 0 14 4
a 1742 1119 0 49 8
a 1742 294 0 12 9
a 1744 1839 0 49 8
a 1744 821 0 20 1
a 1745 1881 0 49 4
a 1745 394 0 8 9
a 1747 1509 0 49 10
a 1747 1774 0 19 4
a 1748 1999 0 49 5
a 1748 604 0 47 9
a 1751 1880 0 49 4
a 1751 1110 0 20 6
a 1752 253 0 49 4
a 1752 531 0 42 3
a 1754 590 0 49 1
a 1754 96 0 26 9
a 1759 767 0 49 10
a 1759 942 0 45 1
a 1760 998 0 49 10
a 1760 1050 0 8 7
a 1761 420 0 49 6
a 1761 169 0 32 1
a 1762 728 0 49 2
a 1762 1998 0 8 4
a 1763 252 0 49 10
a 1763 179 0 32 5
a 1767 1341 0 49 3
a 1767 151 0 15 9
a 1768 1849 0 49 9
a 1768 1644 0 39 7
a 1770 712 0 49 4
a 1770 1193 0 23 4
a 1772 1710 0 49 7
a 1772 1385 0 36 3
a 1774 936 0 49 7
a 1774 1880 0 41 2
a 1775 658 0 49 10
a 1775 381 0 36 6
a 1776 1117 0 49 8
a 1776 65 0 29 9
a 1778 1740 0 49 10
a 1778 1562 0 36 10
a 1783 1683 0 49 4
a 1783 1501 0 50 5
a 1787 919 0 49 5
a 1787 1987 0 32 3
a 1788 1101 0 49 2
a 1788 396 0 12 6
a 1790 1902 0 49 4
a 1790 1172 0 13 10
a 1792 1807 0 49 6
a 1792 1245 0 38 2
a 1793 751 0 49 6
a 1793 1856 0 37 10
a 1794 1583 0 49 6
a 1794 720 0 42 3
a 1796 603 0 49 4
a 1796 1459 0 11 3
a 1797 1454 0 49 10
a 1797 1564 0 34 2
a 1798 536 0 49 5
a 1798 165 0 39 5
a 1800 338 0 49 7
a 1800 1586 0 42 4
a 1807 1988 0 49 9
a 1807 237 0 42 5
a 1809 1265 0 49 2
a 1809 1634 0 49 10
a 1812 987 0 49 9
a 1812 1714 0 4 9
a 1813 1482 0 49 7
a 1813 1157 0 13 1
a 1814 1561 0 49 4
a 1814 1290 0 24 2
a 1817 1958 0 49 5
a 1817 1535 0 39 4
a 1818 1975 0 49 9
a 1818 1192 0 29 7
a 1824 11 0 49 7
a 1824 1550 0 13 3
a 1825 44 0 49 5
a 1825 1799 0 30 3
a 1827 1304 0 49 7
a 1827 365 0 0 2
a 1828 394 0 49 9
a 1828 1038 0 33 9
a 1829 1693 0 49 8
a 1829 1376 0 28 2
a 1830 92 0 49 2
a 1830 959 0 46 2
a 1831 239 0 49 10
a 1831 1966 0 24 8
a 1832 1915 0 49 4
a 1832 208 0 2 1
a 1839 1687 0 49 9
a 1839 468 0 43 1
a 1840 1882 0 49 6
a 1840 1206 0 36 5
a 1841 83 0 49 3
a 1841 367 0 6 4
a 1842 937 0 49 1
a 1842 1076 0 16 4
a 1844 429 0 49 5
a 1844 507 0 14 2
a 1849 784 0 49 9
a 1849 1491 0 11 2
a 1851 202 0 49 5
a 1851 238 0 39 3
a 1854 1486 0 49 5
a 1854 465 0 25 8
a 1855 218 0 49 1
a 1855 1493 0 0 7
a 1856 724 0 49 5
a 1856 1447 0 48 3
a 1858 541 0 49 4
a 1858 881 0 7 8
a 1859 1770 0 49 6
a 1859 1021 0 25 4
a 1860 1109 0 49 9
a 1860 185 0 7 2
a 1861 1183 0 49 3
a 1861 1746 0 46 4
a 1862 256 0 49 2
a 1862 544 0 7 10
a 1863 964 0 49 1
a 1863 1102 0 48 6
a 1864 120 0 49 5
a 1864 902 0 6 10
a 1865 1349 0 49 4
a 1865 1212 0 13 1
a 1866 940 0 49 3
a 1866 1128 0 1 3
a 1867 1893 0 49 5
a 1867 141 0 15 4
a 1869 1399 0 49 3
a 1869 114 0 32 5
a 1870 826 0 49 5
a 1870 1008 0 0 9
a 1871 1468 0 49 4
a 1871 456 0 20 1
a 1872 1719 0 49 1
a 1872 1967 0 19 1
a 1874 797 0 49 3
a 1874 5 0 37 4
a 1875 1366 0 49 1
a 1875 1359 0 11 6
a 1878 1619 0 49 5
a 1878 500 0 24 3
a 1879 533 0 49 9
a 1879 825 0 30 8
a 1880 90 0 49 2
a 1880 166 0 17 5
a 1881 1854 0 49 3
a 1881 321 0 30 4
a 1882 1617 0 49 4
a 1882 915 0 37 9
a 1883 993 0 49 9
a 1883 942 0 2 3
a 1884 1762 0 49 6
a 1884 979 0 16 6
a 1886 1162 0 49 5
a 1886 400 0 40 8
a 1887 314 0 49 6
a 1887 1070 0 14 5
a 1888 1273 0 49 9
a 1888 1522 0 25 4
a 1889 694 0 49 7
a 1889 588 0 28 10
a 1890 1500 0 49 5
a 1890 1211 0 32 4
a 1891 1931 0 49 1
a 1891 1479 0 29 1
a 1892 463 0 49 10
a 1892 797 0 44 4
a 1893 1941 0 49 6
a 1893 365 0 28 3
a 1894 1689 0 49 9
a 1894 693 0 28 4
a 1896 1862 0 49 4
a 1896 1388 0 12 6
a 1899 740 0 49 1
a 1899 749 0 44 7
a 1900 1203 0 49 6
a 1900 356 0 35 6
a 1901 169 0 49 3
a 1901 1998 0 12 4
a 1902 1361 0 49 9
a 1902 859 0 41 10
a 1904 882 0 49 8
a 1904 340 0 24 8
a 1906 1694 0 49 6
a 1906 392 0 41 4
a 1908 34 0 49 1
a 1908 1626 0 20 4
a 1912 455 0 49 1
a 1912 1507 0 16 8
a 1914 1761 0 49 10
a 1914 1504 0 50 4
a 1915 1075 0 49 5
a 1915 598 0 45 5
a 1917 496 0 49 1
a 1917 1260 0 47 9
a 1919 1462 0 49 3
a 1919 180 0 34 3
a 1921 352 0 49 1
a 1921 1726 0 16 2
a 1923 433 0 49 9
a 1923 79 0 20 2
a 1925 918 0 49 2
a 1925 1450 0 46 7
a 1927 811 0 49 7
a 1927 612 0 15 2
a 1928 1182 0 49 4
a 1928 121 0 16 3
a 1929 1502 0 49 2
a 1929 1325 0 34 5
a 1930 1071 0 49 3
a 1930 1684 0 0 4
a 1931 520 0 49 5
a 1931 275 0 21 10
a 1932 181 0 49 5
a 1932 1564 0 21 10
a 1935 1419 0 49 5
a 1935 467 0 35 7
a 1936 1871 0 49 7
a 1936 245 0 40 9
a 1937 1813 0 49 5
a 1937 1665 0 31 7
a 1939 1611 0 49 2
a 1939 1886 0 23 2
a 1940 3 0 49 5
a 1940 230 0 11 7
a 1941 1256 0 49 2
a 1941 286 0 27 9
a 1944 339 0 49 5
a 1944 1021 0 44 9
a 1945 1867 0 49 6
a 1945 785 0 37 7
a 1946 1998 0 49 8
a 1946 644 0 2 10
a 1952 861 0 49 4
a 1952 1006 0 35 5
a 1953 1497 0 49 3
a 1953 655 0 27 8
a 1955 1017 0 49 6
a 1955 562 0 24 4
a 1957 1832 0 49 8
a 1957 907 0 0 9
a 1958 1396 0 49 4
a 1958 1312 0 19 9
a 1960 469 0 49 4
a 1960 659 0 35 8
a 1961 443 0 49 1
a 1961 534 0 7 2
a 1962 613 0 49 6
a 1962 1295 0 15 10
a 1963 778 0 49 4
a 1963 1764 0 4 4
a 1971 856 0 49 5
a 1971 1138 0 19 7
a 1975 244 0 49 2
a 1975 76 0 26 8
a 1980 398 0 49 7
a 1980 967 0 1 7
a 1982 950 0 49 1
a 1982 208 0 23 8
a 1986 570 0 49 2
a 1986 942 0 41 2
a 1988 325 0 49 7
a 1988 296 0 13 1
a 1990 970 0 49 1
a 1990 1328 0 20 1
a 1993 1339 0 49 2
a 1993 928 0 27 6
a 1994 1321 0 49 1
a 1994 999 0 41 4
a 1997 1901 0 49 2
a 1997 612 0 11 5
a 1998 1484 0 49 1
a 1998 628 0 36 1
a 2 714 0 1 7
a 2 1338 0 22 5
a 4 852 0 1 5
a 4 891 0 23 3
a 5 863 0 1 1
a 5 1439 0 1 4
a 6 223 0 1 7
a 6 344 0 5 1
a 7 259 0 1 5
a 7 440 0 11 5
a 8 449 0 1 1
a 8 1111 0 18 7
a 9 1372 0 1 2
a 9 832 0 47 5
a 13 1529 0 1 6
a 13 958 0 6 5
a 15 618 0 1 9
a 15 1824 0 43 1
a 16 677 0 1 6
a 16 1273 0 18 8
a 18 412 0 1 4
a 18 963 0 14 6
a 19 1537 0 1 5
a 19 373 0 13 2
a 23 1456 0 1 8
a 23 1664 0 8 2
a 27 1557 0 1 4
a 27 1866 0 22 7
a 29 281 0 1 8
a 29 302 0 31 4
a 31 546 0 1 1
a 31 1944 0 15 6
a 32 96 0 1 2
a 32 790 0 50 10
a 33 361 0 1 3
a 33 1744 0 18 6
a 35 836 0 1 2
a 35 20 0 22 3
a 37 1967 0 1 5
a 37 946 0 47 5
a 39 1136 0 1 10
a 39 1357 0 24 6
a 40 393 0 1 7
a 40 1768 0 2 2
a 41 831 0 1 7
a 41 1102 0 44 1
a 42 1296 0 1 5
a 42 31 0 47 7
a 43 313 0 1 10
a 43 1867 0 24 5
a 45 476 0 1 4
a 45 1807 0 46 9
a 46 432 0 1 10
a 46 698 0 47 3
a 47 1009 0 1 6
a 47 1173 0 31 8
a 48 1186 0 1 9
a 48 181 0 20 3
a 49 1666 0 1 7
a 49 888 0 32 6
a 53 995 0 1 7
a 53 1659 0 36 7
a 54 527 0 1 3
a 54 682 0 5 5
a 55 479 0 1 7
a 55 293 0 18 9
a 57 499 0 1 5
a 57 957 0 1 10
a 59 66 0 1 8
a 59 1737 0 45 2
a 61 1835 0 1 7
a 61 399 0 42 5
a 62 37 0 1 2
a 62 1946 0 26 2
a 63 48 0 1 8
a 63 1949 0 29 8
a 64 85 0 1 5
a 64 101 0 7 7
a 65 1724 0 1 4
a 65 1677 0 31 7
a 66 1876 0 1 9
a 66 26 0 23 5
a 67 5 0 1 7
a 67 1304 0 11 4
a 68 808 0 1 2
a 68 481 0 34 8
a 69 894 0 1 9
a 69 518 0 4 5
a 71 1514 0 1 10
a 71 1705 0 25 10
a 72 105 0 1 10
a 72 745 0 38 3
a 73 1193 0 1 6
a 73 1841 0 38 3
a 74 1808 0 1 1
a 74 1951 0 6 7
a 76 32 0 1 8
a 76 1468 0 39 2
a 77 1735 0 1 8
a 77 1953 0 24 7
a 80 869 0 1 5
a 80 1045 0 22 2
a 82 1640 0 1 2
a 82 1628 0 45 2
a 84 1121 0 1 1
a 84 828 0 49 1
a 85 640 0 1 10
a 85 1604 0 41 9
a 88 710 0 1 4
a 88 271 0 10 6
a 89 39 0 1 2
a 89 1258 0 21 7
a 93 842 0 1 6
a 93 1739 0 13 9
a 96 1765 0 1 9
a 96 600 0 15 2
a 98 61 0 1 5
a 98 1880 0 17 4
a 99 168 0 1 2
a 99 1015 0 38 8
a 103 42 0 1 4
a 103 1427 0 25 9
a 105 1050 0 1 7
a 105 771 0 36 6
a 107 502 0 1 4
a 107 473 0 16 8
a 108 1970 0 1 1
a 108 1698 0 12 1
a 109 760 0 1 6
a 109 457 0 46 3
a 110 1707 0 1 8
a 110 805 0 47 5
a 111 347 0 1 10
a 111 1018 0 50 3
a 112 1337 0 1 7
a 112 580 0 1 9
a 115 904 0 1 5
a 115 452 0 44 3
a 116 1805 0 1 8
a 116 219 0 47 6
a 117 1948 0 1 8
a 117 1391 0 6 5
a 119 1016 0 1 1
a 119 1978 0 15 5
a 122 1160 0 1 5
a 122 329 0 15 5
a 124 176 0 1 9
a 124 439 0 42 6
a 127 1163 0 1 8
a 127 1936 0 2 1
a 128 1938 0 1 2
a 128 1594 0 48 3
a 129 468 0 1 3
a 129 229 0 50 9
a 130 6 0 1 10
a 130 1401 0 44 2
a 133 1903 0 1 6
a 133 1961 0 27 7
a 134 644 0 1 7
a 134 1371 0 49 6
a 135 1596 0 1 8
a 135 857 0 12 8
a 136 1528 0 1 1
a 136 1001 0 10 3
a 141 1233 0 1 2
a 141 1652 0 6 2
a 143 510 0 1 2
a 143 1640 0 32 6
a 145 370 0 1 5
a 145 1446 0 46 3
a 148 687 0 1 6
a 148 1743 0 41 6
a 149 1058 0 1 8
a 149 1208 0 36 8
a 151 1645 0 1 9
a 151 621 0 43 6
a 155 1671 0 1 5
a 155 1470 0 4 1
a 156 357 0 1 6
a 156 1024 0 35 1
a 157 952 0 1 3
a 157 355 0 33 6
a 159 559 0 1 1
a 159 943 0 29 3
a 160 399 0 1 3
a 160 40 0 40 3
a 161 119 0 1 8
a 161 1945 0 20 8
a 162 1757 0 1 4
a 162 1133 0 23 9
a 163 1803 0 1 9
a 163 1105 0 42 1
a 165 1843 0 1 9
a 165 578 0 29 1
a 167 899 0 1 5
a 167 42 0 8 3
a 168 1652 0 1 7
a 168 77 0 26 5
a 172 948 0 1 1
a 172 1263 0 36 2
a 174 1127 0 1 7
a 174 583 0 10 6
a 176 865 0 1 7
a 176 771 0 4 8
a 178 1750 0 1 5
a 178 336 0 17 3
a 179 709 0 1 3
a 179 1405 0 4 8
a 183 214 0 1 6
a 183 450 0 28 3
a 186 1063 0 1 9
a 186 333 0 22 3
a 187 584 0 1 6
a 187 498 0 38 6
a 190 1126 0 1 8
a 190 1373 0 18 1
a 196 543 0 1 3
a 196 465 0 48 7
a 197 669 0 1 9
a 197 1226 0 11 2
a 200 1474 0 1 1
a 200 1378 0 7 4
a 203 1668 0 1 8
a 203 1760 0 23 6
a 204 509 0 1 3
a 204 1170 0 14 8
a 205 1592 0 1 5
a 205 1834 0 16 6
a 208 1488 0 1 10
a 208 1455 0 7 8
a 211 1690 0 1 2
a 211 186 0 44 3
a 212 148 0 1 1
a 212 1056 0 25 7
a 213 1110 0 1 7
a 213 697 0 11 3
a 214 1795 0 1 7
a 214 415 0 13 10
a 215 642 0 1 5
a 215 1389 0 22 10
a 216 1422 0 1 10
a 216 1409 0 13 9
a 221 1140 0 1 9
a 221 1691 0 8 5
a 223 493 0 1 9
a 223 957 0 13 4
a 225 1433 0 1 7
a 225 1447 0 11 7
a 226 1487 0 1 6
a 226 304 0 11 10
a 228 69 0 1 8
a 228 1218 0 2 4
a 229 1918 0 1 6
a 229 1930 0 44 8
a 232 946 0 1 2
a 232 1842 0 43 1
a 234 816 0 1 3
a 234 1094 0 40 5
a 238 273 0 1 4
a 238 1615 0 21 1
a 243 854 0 1 3
a 243 1879 0 17 8
a 245 1400 0 1 4
a 245 1733 0 50 6
a 249 1168 0 1 7
a 249 1888 0 11 8
a 250 1412 0 1 8
a 250 1853 0 22 2
a 251 141 0 1 9
a 251 1947 0 47 3
a 254 1857 0 1 5
a 254 528 0 27 3
a 255 649 0 1 1
a 255 751 0 17 7
a 259 841 0 1 4
a 259 1074 0 44 2
a 261 1779 0 1 3
a 261 758 0 8 3
a 262 892 0 1 5
a 262 719 0 12 10
a 263 1853 0 1 4
a 263 1780 0 48 5
a 264 887 0 1 9
a 264 1251 0 39 4
a 268 234 0 1 3
a 268 707 0 46 6
a 269 1012 0 1 9
a 269 1056 0 38 6
a 270 898 0 1 8
a 270 999 0 32 7
a 273 263 0 1 9
a 273 934 0 33 10
a 274 376 0 1 6
a 274 756 0 8 9
a 275 1254 0 1 3
a 275 1977 0 0 2
a 276 1405 0 1 4
a 276 402 0 3 8
a 277 1359 0 1 3
a 277 842 0 5 8
a 278 615 0 1 2
a 278 1323 0 28 10
a 279 1976 0 1 5
a 279 469 0 3 2
a 281 984 0 1 1
a 281 1487 0 13 4
a 288 1700 0 1 7
a 288 138 0 23 6
a 289 1873 0 1 5
a 289 1684 0 17 8
a 290 1107 0 1 9
a 290 1324 0 39 3
a 294 1209 0 1 5
a 294 118 0 44 9
a 296 1595 0 1 7
a 296 1676 0 2 5
a 299 1485 0 1 8
a 299 523 0 6 4
a 300 49 0 1 9
a 300 1920 0 10 5
a 301 1334 0 1 9
a 301 147 0 42 3
a 302 1446 0 1 1
a 302 742 0 50 5
a 303 1691 0 1 6
a 303 930 0 32 10
a 304 1586 0 1 7
a 304 1953 0 34 1
a 305 1076 0 1 9
a 305 615 0 42 9
a 307 1624 0 1 7
a 307 1978 0 30 5
a 308 165 0 1 5
a 308 52 0 44 6
a 309 46 0 1 2
a 309 100 0 26 5
a 311 333 0 1 6
a 311 1164 0 28 8
a 313 668 0 1 8
a 313 680 0 24 10
a 318 221 0 1 10
a 318 1439 0 21 9
a 319 1388 0 1 2
a 319 877 0 26 4
a 320 289 0 1 1
a 320 355 0 43 3
a 321 1712 0 1 4
a 321 1374 0 11 1
a 327 1542 0 1 4
a 327 1259 0 41 2
a 328 116 0 1 3
a 328 1217 0 7 1
a 329 1392 0 1 1
a 329 1903 0 26 6
a 332 1802 0 1 9
a 332 44 0 21 1
a 333 725 0 1 3
a 333 619 0 46 7
a 334 40 0 1 4
a 334 1894 0 9 1
a 335 459 0 1 6
a 335 1070 0 26 2
a 337 68 0 1 2
a 337 92 0 0 8
a 340 660 0 1 9
a 340 613 0 1 3
a 341 1255 0 1 8
a 341 1490 0 39 7
a 342 701 0 1 6
a 342 1773 0 40 8
a 343 435 0 1 10
a 343 193 0 11 2
a 345 1085 0 1 1
a 345 512 0 0 2
a 346 341 0 1 10
a 346 1736 0 22 1
a 347 309 0 1 8
a 347 1780 0 47 4
a 348 515 0 1 9
a 348 452 0 36 7
a 349 320 0 1 8
a 349 1729 0 13 6
a 350 1766 0 1 5
a 350 788 0 22 8
a 353 1836 0 1 1
a 353 1207 0 8 6
a 354 343 0 1 1
a 354 214 0 38 7
a 355 71 0 1 2
a 355 1324 0 14 9
a 357 122 0 1 10
a 357 1524 0 11 3
a 358 1696 0 1 6
a 358 207 0 25 7
a 359 196 0 1 4
a 359 939 0 34 3
a 361 814 0 1 7
a 361 1259 0 3 4
a 363 1725 0 1 2
a 363 230 0 17 3
a 365 1647 0 1 8
a 365 991 0 40 3
a 366 250 0 1 1
a 366 1192 0 48 8
a 367 319 0 1 4
a 367 1388 0 41 4
a 369 576 0 1 7
a 369 189 0 44 3
a 370 1720 0 1 6
a 370 130 0 47 2
a 371 1371 0 1 9
a 371 1830 0 17 6
a 372 208 0 1 2
a 372 617 0 15 8
a 375 1194 0 1 1
a 375 632 0 1 2
a 376 1145 0 1 4
a 376 1301 0 20 6
a 378 1031 0 1 1
a 378 154 0 25 2
a 381 542 0 1 6
a 381 1352 0 9 3
a 382 1771 0 1 9
a 382 1021 0 15 4
a 383 408 0 1 7
a 383 4 0 4 5
a 387 167 0 1 1
a 387 566 0 43 5
a 388 305 0 1 3
a 388 890 0 40 2
a 391 353 0 1 10
a 391 931 0 4 2
a 392 1008 0 1 6
a 392 523 0 1 10
a 393 935 0 1 2
a 393 1420 0 36 7
a 395 99 0 1 3
a 395 1465 0 43 7
a 397 745 0 1 3
a 397 170 0 41 7
a 399 645 0 1 9
a 399 975 0 22 6
a 401 288 0 1 10
a 401 560 0 42 7
a 402 1642 0 1 8
a 402 1945 0 3 8
a 404 19 0 1 1
a 404 783 0 49 6
a 405 1329 0 1 9
a 405 506 0 46 4
a 408 1634 0 1 8
a 408 1456 0 8 5
a 409 641 0 1 9
a 409 1045 0 5 8
a 410 596 0 1 4
a 410 1720 0 41 1
a 412 1548 0 1 4
a 412 761 0 36 5
a 414 1278 0 1 2
a 414 1680 0 3 6
a 415 417 0 1 6
a 415 931 0 3 10
a 416 1356 0 1 9
a 416 799 0 14 4
a 417 155 0 1 5
a 417 185 0 3 10
a 418 1791 0 1 10
a 418 626 0 7 6
a 423 1452 0 1 1
a 423 1091 0 18 4
a 425 1530 0 1 4
a 425 1263 0 31 10
a 427 29 0 1 4
a 427 119 0 36 4
a 430 567 0 1 3
a 430 1703 0 24 8
a 431 699 0 1 2
a 431 1486 0 4 4
a 432 1834 0 1 1
a 432 729 0 1 8
a 434 679 0 1 4
a 434 29 0 18 7
a 435 1333 0 1 8
a 435 148 0 41 4
a 440 1387 0 1 8
a 440 375 0 5 9
a 444 531 0 1 4
a 444 1814 0 22 5
a 445 957 0 1 7
a 445 1945 0 28 10
a 446 600 0 1 4
a 446 664 0 21 10
a 447 1237 0 1 3
a 447 726 0 30 7
a 448 498 0 1 6
a 448 1458 0 7 9
a 449 277 0 1 8
a 449 603 0 49 9
a 451 1305 0 1 4
a 451 1159 0 28 5
a 452 932 0 1 2
a 452 1115 0 45 5
a 453 301 0 1 9
a 453 1752 0 33 5
a 454 1342 0 1 2
a 454 563 0 0 7
a 459 560 0 1 1
a 459 1175 0 42 2
a 465 925 0 1 9
a 465 441 0 27 7
a 467 594 0 1 2
a 467 1873 0 32 2
a 468 791 0 1 8
a 468 1654 0 9 1
a 471 637 0 1 3
a 471 1524 0 46 9
a 472 1082 0 1 2
a 472 383 0 7 7
a 473 824 0 1 2
a 473 28 0 35 1
a 475 1933 0 1 2
a 475 662 0 24 7
a 476 378 0 1 4
a 476 767 0 38 2
a 477 776 0 1 3
a 477 1652 0 14 2
a 478 1781 0 1 6
a 478 381 0 42 9
a 479 825 0 1 7
a 479 1703 0 37 5
a 481 340 0 1 7
a 481 1620 0 17 5
a 483 124 0 1 1
a 483 366 0 32 2
a 485 255 0 1 9
a 485 1285 0 29 6
a 487 1885 0 1 9
a 487 737 0 19 8
a 492 877 0 1 5
a 492 1014 0 9 1
a 493 719 0 1 8
a 493 967 0 44 9
a 495 1152 0 1 4
a 495 1313 0 8 7
a 498 243 0 1 4
a 498 1711 0 7 7
a 499 1489 0 1 2
a 499 943 0 14 4
a 502 387 0 1 6
a 502 379 0 1 1
a 503 1289 0 1 4
a 503 1763 0 23 3
a 504 670 0 1 4
a 504 1143 0 44 2
a 505 369 0 1 10
a 505 1543 0 50 10
a 506 299 0 1 9
a 506 909 0 29 6
a 509 1368 0 1 10
a 509 218 0 45 10
a 510 392 0 1 6
a 510 177 0 19 9
a 513 366 0 1 7
a 513 1908 0 1 7
a 515 215 0 1 8
a 515 941 0 14 2
a 518 1149 0 1 8
a 518 1923 0 29 7
a 519 1323 0 1 5
a 519 550 0 2 6
a 521 187 0 1 9
a 521 1792 0 37 6
a 523 715 0 1 7
a 523 1268 0 37 7
a 525 328 0 1 2
a 525 1646 0 44 5
a 526 418 0 1 2
a 526 1788 0 23 2
a 527 178 0 1 5
a 527 711 0 1 7
a 529 1181 0 1 10
a 529 599 0 43 7
a 531 891 0 1 2
a 531 1381 0 9 4
a 534 232 0 1 6
a 534 608 0 18 10
a 535 183 0 1 9
a 535 1008 0 28 2
a 539 1589 0 1 9
a 539 130 0 38 6
a 542 1147 0 1 1
a 542 479 0 30 7
a 543 564 0 1 5
a 543 876 0 3 2
a 546 633 0 1 6
a 546 486 0 34 1
a 547 8 0 1 4
a 547 926 0 13 8
a 548 1470 0 1 3
a 548 1525 0 20 9
a 549 1820 0 1 4
a 549 1374 0 12 7
a 550 1184 0 1 10
a 550 1610 0 23 9
a 553 1674 0 1 4
a 553 601 0 12 9
a 554 1782 0 1 7
a 554 685 0 25 4
a 559 1756 0 1 5
a 559 1999 0 1 5
a 560 651 0 1 1
a 560 728 0 7 2
a 564 1068 0 1 10
a 564 256 0 4 6
a 565 597 0 1 5
a 565 486 0 37 3
a 566 1848 0 1 10
a 566 1873 0 5 8
a 567 467 0 1 6
a 567 80 0 29 9
a 572 547 0 1 2
a 572 1128 0 34 7
a 573 901 0 1 2
a 573 1490 0 0 8
a 575 928 0 1 2
a 575 693 0 10 1
a 576 1815 0 1 1
a 576 1664 0 50 2
a 578 249 0 1 2
a 578 418 0 43 9
a 579 526 0 1 5
a 579 1586 0 8 5
a 580 848 0 1 10
a 580 1348 0 48 8
a 584 307 0 1 3
a 584 147 0 25 3
a 587 1716 0 1 4
a 587 708 0 42 1
a 588 573 0 1 3
a 588 1191 0 50 1
a 591 275 0 1 4
a 591 15 0 36 8
a 593 349 0 1 5
a 593 1221 0 47 1
a 594 857 0 1 7
a 594 744 0 40 3
a 596 773 0 1 1
a 596 1820 0 9 10
a 597 391 0 1 1
a 597 1991 0 17 5
a 599 145 0 1 4
a 599 964 0 44 8
a 600 1910 0 1 3
a 600 497 0 47 3
a 602 1618 0 1 3
a 602 1478 0 45 7
a 606 1978 0 1 2
a 606 108 0 1 7
a 607 294 0 1 2
a 607 1535 0 29 10
a 608 35 0 1 6
a 608 213 0 40 5
a 609 1959 0 1 5
a 609 1194 0 7 10
a 611 1353 0 1 10
a 611 816 0 8 8
a 612 1681 0 1 5
a 612 1471 0 9 1
a 614 1811 0 1 6
a 614 612 0 30 7
a 615 980 0 1 7
a 615 1703 0 37 2
a 616 983 0 1 10
a 616 531 0 29 4
a 618 1089 0 1 9
a 618 1424 0 50 5
a 619 1764 0 1 8
a 619 1964 0 7 2
a 621 1541 0 1 2
a 621 1375 0 17 4
a 626 1969 0 1 10
a 626 950 0 2 10
a 627 1143 0 1 10
a 627 666 0 21 6
a 628 1443 0 1 7
a 628 1073 0 22 4
a 632 1577 0 1 6
a 632 744 0 29 2
a 633 1105 0 1 6
a 633 263 0 18 7
a 635 1954 0 1 10
a 635 664 0 13 5
a 636 666 0 1 2
a 636 1560 0 48 5
a 637 729 0 1 6
a 637 439 0 25 3
a 640 72 0 1 2
a 640 1005 0 33 1
a 641 1985 0 1 1
a 641 328 0 46 10
a 642 89 0 1 1
a 642 1735 0 33 7
a 643 662 0 1 8
a 643 1336 0 28 8
a 644 1995 0 1 10
a 644 1446 0 14 5
a 645 276 0 1 1
a 645 1407 0 46 1
a 649 741 0 1 1
a 649 1133 0 14 3
a 650 342 0 1 9
a 650 942 0 10 3
a 651 80 0 1 1
a 651 562 0 21 1
a 653 553 0 1 8
a 653 1772 0 26 10
a 654 1173 0 1 7
a 654 878 0 31 8
a 655 1118 0 1 3
a 655 156 0 26 4
a 656 1271 0 1 5
a 656 1939 0 34 1
a 659 1235 0 1 6
a 659 806 0 47 7
a 660 472 0 1 9
a 660 1964 0 32 2
a 661 878 0 1 9
a 661 1677 0 45 3
a 662 726 0 1 9
a 662 1346 0 33 7
a 665 1644 0 1 6
a 665 1037 0 12 2
a 666 405 0 1 5
a 666 1886 0 7 4
a 668 593 0 1 4
a 668 1677 0 40 1
a 669 1005 0 1 2
a 669 1430 0 9 6
a 670 749 0 1 10
a 670 1278 0 27 10
a 673 1806 0 1 6
a 673 1654 0 10 10
a 674 1441 0 1 5
a 674 514 0 36 3
a 676 1473 0 1 7
a 676 1333 0 15 8
a 677 45 0 1 6
a 677 755 0 44 9
a 679 279 0 1 6
a 679 1956 0 21 3
a 681 1599 0 1 2
a 681 3 0 5 2
a 683 128 0 1 7
a 683 255 0 16 4
a 684 626 0 1 10
a 684 983 0 7 6
a 686 1006 0 1 6
a 686 167 0 44 5
a 687 1676 0 1 6
a 687 323 0 13 4
a 689 1207 0 1 9
a 689 441 0 30 6
a 690 1920 0 1 8
a 690 1929 0 17 3
a 691 1048 0 1 2
a 691 1735 0 42 4
a 692 1472 0 1 6
a 692 1823 0 37 10
a 693 1138 0 1 10
a 693 306 0 35 10
a 695 1911 0 1 2
a 695 1559 0 38 5
a 697 1785 0 1 6
a 697 1543 0 42 7
a 698 1401 0 1 6
a 698 1358 0 50 3
a 699 179 0 1 4
a 699 1357 0 23 10
a 701 318 0 1 9
a 701 804 0 21 2
a 702 1804 0 1 10
a 702 794 0 47 6
a 705 107 0 1 7
a 705 849 0 26 7
a 709 1170 0 1 1
a 709 1042 0 37 9
a 710 1493 0 1 8
a 710 1449 0 31 8
a 711 359 0 1 7
a 711 1596 0 27 10
a 714 775 0 1 3
a 714 857 0 47 1
a 715 264 0 1 8
a 715 256 0 30 1
a 716 367 0 1 7
a 716 46 0 21 1
a 717 425 0 1 6
a 717 1792 0 4 7
a 718 1555 0 1 8
a 718 324 0 0 10
a 719 1545 0 1 6
a 719 1502 0 33 7
a 723 1714 0 1 8
a 723 404 0 40 5
a 725 1247 0 1 4
a 725 266 0 10 3
a 726 614 0 1 10
a 726 1674 0 48 3
a 729 82 0 1 3
a 729 373 0 9 9
a 731 1354 0 1 8
a 731 472 0 5 1
a 732 1338 0 1 8
a 732 1102 0 27 5
a 733 481 0 1 7
a 733 1131 0 49 2
a 736 1056 0 1 9
a 736 1234 0 19 1
a 737 111 0 1 9
a 737 395 0 33 7
a 738 866 0 1 9
a 738 1571 0 32 4
a 741 334 0 1 2
a 741 487 0 22 8
a 743 653 0 1 1
a 743 181 0 28 10
a 744 1453 0 1 8
a 744 1390 0 44 10
a 745 756 0 1 10
a 745 273 0 11 1
a 747 372 0 1 9
a 747 1789 0 38 5
a 748 487 0 1 5
a 748 1873 0 16 6
a 749 792 0 1 3
a 749 831 0 43 5
a 752 1491 0 1 8
a 752 1650 0 35 4
a 753 1229 0 1 9
a 753 1545 0 9 9
a 756 446 0 1 5
a 756 203 0 32 10
a 757 1973 0 1 5
a 757 1942 0 35 4
a 759 822 0 1 4
a 759 1568 0 40 1
a 760 966 0 1 3
a 760 850 0 43 9
a 761 1043 0 1 7
a 761 1233 0 21 3
a 762 203 0 1 3
a 762 1230 0 36 9
a 765 1021 0 1 6
a 765 482 0 2 2
a 768 355 0 1 6
a 768 262 0 37 5
a 772 692 0 1 10
a 772 285 0 6 3
a 773 796 0 1 9
a 773 1205 0 40 10
a 774 806 0 1 3
a 774 1882 0 21 2
a 775 76 0 1 9
a 775 1085 0 40 8
a 776 676 0 1 8
a 776 1168 0 29 2
a 783 962 0 1 9
a 783 955 0 42 2
a 785 1059 0 1 4
a 785 25 0 26 5
a 788 711 0 1 5
a 788 139 0 11 5
a 790 757 0 1 3
a 790 1541 0 48 6
a 791 650 0 1 2
a 791 911 0 34 4
a 792 1544 0 1 7
a 792 625 0 34 1
a 794 1103 0 1 3
a 794 997 0 47 10
a 796 321 0 1 2
a 796 1039 0 36 7
a 798 1185 0 1 2
a 798 784 0 28 10
a 799 1284 0 1 2
a 799 1901 0 39 5
a 801 110 0 1 7
a 801 1888 0 48 2
a 803 382 0 1 3
a 803 1462 0 2 4
a 804 1616 0 1 7
a 804 462 0 47 8
a 805 1236 0 1 6
a 805 1402 0 44 7
a 806 1810 0 1 10
a 806 1730 0 44 1
a 808 1424 0 1 6
a 808 930 0 15 1
a 813 1447 0 1 8
a 813 1363 0 37 10
a 814 1384 0 1 7
a 814 1064 0 47 2
a 816 345 0 1 6
a 816 37 0 12 3
a 817 134 0 1 6
a 817 1656 0 27 5
a 822 1635 0 1 10
a 822 622 0 20 2
a 824 63 0 1 4
a 824 78 0 18 7
a 825 1749 0 1 3
a 825 1802 0 21 5
a 828 575 0 1 4
a 828 26 0 45 7
a 831 1370 0 1 3
a 831 66 0 15 6
a 833 1267 0 1 5
a 833 313 0 41 4
a 836 108 0 1 6
a 836 1965 0 17 7
a 838 1414 0 1 5
a 838 993 0 17 4
a 840 923 0 1 8
a 840 1742 0 41 3
a 841 1325 0 1 3
a 841 569 0 37 3
a 842 588 0 1 7
a 842 1876 0 7 4
a 848 1916 0 1 1
a 848 87 0 28 6
a 850 1290 0 1 6
a 850 116 0 12 9
a 852 1274 0 1 2
a 852 1139 0 26 8
a 854 947 0 1 5
a 854 278 0 2 9
a 857 416 0 1 5
a 857 1662 0 22 4
a 863 62 0 1 8
a 863 1401 0 5 5
a 865 1738 0 1 3
a 865 29 0 40 6
a 866 1100 0 1 7
a 866 483 0 20 1
a 869 909 0 1 3
a 869 619 0 38 3
a 871 47 0 1 9
a 871 226 0 48 9
a 873 156 0 1 5
a 873 775 0 15 6
a 875 1789 0 1 5
a 875 719 0 40 2
a 877 905 0 1 9
a 877 1792 0 2 4
a 878 1503 0 1 4
a 878 310 0 9 1
a 880 1375 0 1 1
a 880 1311 0 23 10
a 881 1131 0 1 5
a 881 531 0 32 8
a 883 762 0 1 9
a 883 694 0 21 5
a 887 1675 0 1 1
a 887 501 0 15 9
a 891 1692 0 1 6
a 891 5 0 50 1
a 892 77 0 1 1
a 892 1435 0 23 4
a 893 1407 0 1 10
a 893 1001 0 6 9
a 894 1248 0 1 5
a 894 712 0 5 7
a 898 1821 0 1 1
a 898 510 0 10 1
a 899 1550 0 1 8
a 899 1495 0 40 10
a 900 1165 0 1 3
a 900 525 0 5 4
a 901 304 0 1 5
a 901 1637 0 40 9
a 904 415 0 1 9
a 904 715 0 49 3
a 905 1673 0 1 1
a 905 1793 0 21 10
a 908 943 0 1 3
a 908 1384 0 9 7
a 909 636 0 1 7
a 909 1145 0 17 7
a 914 492 0 1 7
a 914 1142 0 11 2
a 915 1715 0 1 6
a 915 127 0 48 3
a 916 982 0 1 5
a 916 964 0 34 8
a 917 635 0 1 7
a 917 1293 0 13 6
a 920 1909 0 1 8
a 920 749 0 26 2
a 923 423 0 1 8
a 923 887 0 34 7
a 925 608 0 1 5
a 925 651 0 19 4
a 928 1992 0 1 3
a 928 1679 0 30 9
a 932 900 0 1 10
a 932 462 0 11 10
a 933 737 0 1 3
a 933 1052 0 14 2
a 935 1003 0 1 8
a 935 1816 0 28 5
a 938 1641 0 1 9
a 938 1188 0 40 2
a 941 1660 0 1 6
a 941 1619 0 37 5
a 942 348 0 1 6
a 942 1076 0 18 4
a 943 127 0 1 1
a 943 771 0 28 1
a 945 1463 0 1 1
a 945 1444 0 46 7
a 946 914 0 1 3
a 946 571 0 3 1
a 947 693 0 1 9
a 947 1807 0 8 6
a 948 1365 0 1 7
a 948 328 0 29 7
a 949 1658 0 1 3
a 949 612 0 47 4
a 952 628 0 1 2
a 952 1431 0 42 10
a 955 444 0 1 9
a 955 1336 0 38 8
a 956 1630 0 1 1
a 956 201 0 9 5
a 957 945 0 1 10
a 957 1597 0 0 7
a 958 1466 0 1 7
a 958 464 0 46 4
a 959 1746 0 1 10
a 959 1130 0 18 4
a 961 74 0 1 6
a 961 222 0 14 5
a 962 1253 0 1 4
a 962 216 0 36 1
a 965 518 0 1 3
a 965 1194 0 32 3
a 966 933 0 1 3
a 966 385 0 38 6
a 967 1174 0 1 8
a 967 1757 0 8 10
a 969 1534 0 1 10
a 969 1168 0 50 9
a 971 591 0 1 10
a 971 1087 0 42 2
a 972 1128 0 1 7
a 972 883 0 3 8
a 977 261 0 1 8
a 977 1421 0 42 2
a 979 1688 0 1 6
a 979 190 0 24 5
a 980 410 0 1 2
a 980 1539 0 28 8
a 982 23 0 1 2
a 982 1123 0 22 5
a 983 990 0 1 10
a 983 514 0 8 3
a 984 395 0 1 6
a 984 102 0 6 3
a 990 365 0 1 8
a 990 1516 0 9 2
a 995 1336 0 1 7
a 995 1183 0 35 2
a 996 375 0 1 3
a 996 516 0 19 3
a 997 1215 0 1 6
a 997 814 0 21 7
a 1001 1697 0 1 10
a 1001 1249 0 46 3
a 1003 602 0 1 1
a 1003 1508 0 5 8
a 1005 1966 0 1 5
a 1005 1744 0 49 1
a 1006 329 0 1 5
a 1006 1634 0 26 7
a 1008 363 0 1 8
a 1008 1920 0 6 1
a 1009 774 0 1 4
a 1009 262 0 40 4
a 1011 274 0 1 8
a 1011 407 0 46 5
a 1012 1249 0 1 4
a 1012 1456 0 34 8
a 1016 1222 0 1 7
a 1016 58 0 19 1
a 1019 673 0 1 3
a 1019 1498 0 25 4
a 1021 162 0 1 1
a 1021 1492 0 46 1
a 1031 1701 0 1 3
a 1031 89 0 21 10
a 1032 1819 0 1 8
a 1032 1863 0 9 9
a 1034 738 0 1 10
a 1034 564 0 45 1
a 1038 13 0 1 8
a 1038 705 0 9 8
a 1040 799 0 1 1
a 1040 229 0 17 2
a 1041 1780 0 1 9
a 1041 702 0 26 5
a 1043 447 0 1 7
a 1043 1892 0 32 2
a 1047 1505 0 1 8
a 1047 1582 0 27 8
a 1048 1934 0 1 2
a 1048 568 0 10 1
a 1050 1672 0 1 3
a 1050 785 0 43 7
a 1053 534 0 1 5
a 1053 1200 0 20 5
a 1056 1079 0 1 5
a 1056 133 0 6 7
a 1057 238 0 1 4
a 1057 344 0 42 5
a 1058 1376 0 1 2
a 1058 1181 0 38 4
a 1059 1245 0 1 8
a 1059 76 0 49 3
a 1060 785 0 1 5
a 1060 1728 0 16 7
a 1062 1226 0 1 5
a 1062 861 0 6 8
a 1063 1515 0 1 5
a 1063 258 0 48 7
a 1068 383 0 1 8
a 1068 1310 0 10 5
a 1073 1195 0 1 4
a 1073 288 0 5 6
a 1074 1427 0 1 5
a 1074 1033 0 21 8
a 1076 611 0 1 3
a 1076 350 0 32 9
a 1078 1727 0 1 8
a 1078 331 0 8 8
a 1079 686 0 1 5
a 1079 235 0 10 10
a 1081 1659 0 1 8
a 1081 1717 0 44 1
a 1082 1201 0 1 4
a 1082 1679 0 32 2
a 1083 1996 0 1 10
a 1083 434 0 39 1
a 1085 1847 0 1 1
a 1085 1234 0 22 10
a 1089 690 0 1 7
a 1089 918 0 50 3
a 1091 143 0 1 4
a 1091 1607 0 22 4
a 1093 1723 0 1 6
a 1093 1315 0 18 3
a 1100 579 0 1 3
a 1100 1120 0 50 1
a 1103 1571 0 1 6
a 1103 293 0 10 7
a 1105 1543 0 1 1
a 1105 1027 0 14 7
a 1106 1729 0 1 3
a 1106 518 0 23 6
a 1107 1313 0 1 5
a 1107 1952 0 19 4
a 1110 1654 0 1 4
a 1110 990 0 1 7
a 1118 920 0 1 5
a 1118 853 0 4 5
a 1121 1492 0 1 4
a 1121 659 0 43 10
a 1126 269 0 1 9
a 1126 1282 0 15 5
a 1127 1983 0 1 2
a 1127 1683 0 7 6
a 1128 505 0 1 10
a 1128 1588 0 28 10
a 1129 1198 0 1 10
a 1129 1580 0 25 6
a 1131 64 0 1 4
a 1131 569 0 47 10
a 1132 1308 0 1 9
a 1132 1138 0 35 8
a 1136 1838 0 1 7
a 1136 1054 0 8 8
a 1137 1670 0 1 4
a 1137 536 0 0 6
a 1138 1897 0 1 1
a 1138 1364 0 40 8
a 1139 549 0 1 6
a 1139 1959 0 47 8
a 1140 332 0 1 9
a 1140 1913 0 30 8
a 1141 109 0 1 8
a 1141 1950 0 16 4
a 1143 254 0 1 7
a 1143 79 0 41 4
a 1145 1949 0 1 8
a 1145 361 0 35 8
a 1147 893 0 1 8
a 1147 1269 0 16 5
a 1149 731 0 1 1
a 1149 825 0 47 9
a 1150 1504 0 1 1
a 1150 515 0 7 2
a 1152 229 0 1 2
a 1152 1267 0 28 7
a 1153 938 0 1 6
a 1153 1477 0 2 8
a 1154 1591 0 1 7
a 1154 1926 0 39 2
a 1156 772 0 1 3
a 1156 1431 0 0 1
a 1157 840 0 1 4
a 1157 1433 0 15 5
a 1158 157 0 1 3
a 1158 324 0 41 9
a 1159 1227 0 1 1
a 1159 556 0 32 1
a 1160 1210 0 1 6
a 1160 290 0 7 5
a 1163 1837 0 1 5
a 1163 1508 0 32 6
a 1164 1516 0 1 4
a 1164 1969 0 16 8
a 1165 1535 0 1 5
a 1165 1680 0 20 7
a 1166 941 0 1 1
a 1166 323 0 15 4
a 1167 1718 0 1 8
a 1167 1462 0 27 7
a 1168 149 0 1 10
a 1168 988 0 20 6
a 1170 1448 0 1 4
a 1170 1017 0 32 10
a 1173 697 0 1 1
a 1173 598 0 39 4
a 1174 661 0 1 6
a 1174 1004 0 1 6
a 1181 619 0 1 9
a 1181 1447 0 29 1
a 1184 1381 0 1 5
a 1184 1294 0 22 4
a 1185 1132 0 1 6
a 1185 18 0 29 9
a 1186 1153 0 1 8
a 1186 1965 0 36 2
a 1193 151 0 1 10
a 1193 153 0 34 4
a 1194 186 0 1 10
a 1194 1063 0 2 4
a 1195 733 0 1 10
a 1195 147 0 35 7
a 1198 1769 0 1 10
a 1198 1837 0 15 5
a 1201 1164 0 1 5
a 1201 1097 0 34 6
a 1206 1845 0 1 1
a 1206 1859 0 0 10
a 1207 1653 0 1 2
a 1207 1545 0 21 1
a 1208 1141 0 1 2
a 1208 424 0 44 6
a 1209 1390 0 1 8
a 1209 42 0 25 5
a 1210 337 0 1 3
a 1210 355 0 20 8
a 1212 27 0 1 1
a 1212 1220 0 36 9
a 1215 1241 0 1 2
a 1215 1274 0 37 4
a 1218 1269 0 1 3
a 1218 1219 0 39 7
a 1222 401 0 1 3
a 1222 804 0 3 3
a 1223 1206 0 1 3
a 1223 1559 0 3 8
a 1226 1279 0 1 7
a 1226 577 0 15 5
a 1227 752 0 1 3
a 1227 1115 0 26 7
a 1229 103 0 1 5
a 1229 1592 0 42 6
a 1231 54 0 1 10
a 1231 1611 0 24 2
a 1233 346 0 1 5
a 1233 593 0 29 2
a 1235 1357 0 1 2
a 1235 1004 0 23 2
a 1236 1499 0 1 1
a 1236 1490 0 12 3
a 1237 445 0 1 4
a 1237 579 0 12 8
a 1241 465 0 1 3
a 1241 1802 0 38 3
a 1245 1328 0 1 7
a 1245 330 0 42 1
a 1247 506 0 1 1
a 1247 406 0 49 8
a 1248 801 0 1 2
a 1248 157 0 45 1
a 1249 225 0 1 1
a 1249 942 0 50 5
a 1250 1773 0 1 9
a 1250 1563 0 35 1
a 1253 1632 0 1 10
a 1253 704 0 8 5
a 1254 350 0 1 9
a 1254 1582 0 24 6
a 1255 1150 0 1 1
a 1255 1269 0 49 10
a 1257 1440 0 1 4
a 1257 166 0 26 5
a 1259 1081 0 1 4
a 1259 1469 0 42 5
a 1264 1032 0 1 7
a 1264 29 0 23 5
a 1267 129 0 1 2
a 1267 1779 0 1 4
a 1269 753 0 1 6
a 1269 303 0 20 10
a 1271 1570 0 1 4
a 1271 607 0 1 9
a 1272 1758 0 1 4
a 1272 533 0 47 4
a 1274 251 0 1 6
a 1274 240 0 22 1
a 1276 828 0 1 7
a 1276 709 0 29 1
a 1277 1540 0 1 2
a 1277 1162 0 33 5
a 1278 1786 0 1 7
a 1278 417 0 0 7
a 1279 1680 0 1 2
a 1279 1502 0 34 3
a 1282 1507 0 1 10
a 1282 173 0 41 9
a 1284 1129 0 1 3
a 1284 819 0 6 5
a 1289 427 0 1 3
a 1289 1460 0 36 1
a 1290 1380 0 1 8
a 1290 1961 0 32 8
a 1291 979 0 1 4
a 1291 1429 0 17 1
a 1292 1223 0 1 6
a 1292 1987 0 5 1
a 1294 525 0 1 5
a 1294 558 0 35 1
a 1296 1250 0 1 10
a 1296 1076 0 45 2
a 1298 160 0 1 10
a 1298 775 0 23 10
a 1299 404 0 1 3
a 1299 664 0 7 2
a 1301 161 0 1 8
a 1301 1395 0 20 2
a 1303 1702 0 1 1
a 1303 1431 0 2 1
a 1305 65 0 1 4
a 1305 946 0 22 6
a 1306 717 0 1 7
a 1306 770 0 5 8
a 1308 698 0 1 2
a 1308 672 0 10 4
a 1313 308 0 1 3
a 1313 1406 0 16 2
a 1315 226 0 1 5
a 1315 46 0 35 9
a 1323 228 0 1 2
a 1323 41 0 19 5
a 1325 1511 0 1 1
a 1325 1676 0 13 6
a 1328 873 0 1 8
a 1328 1511 0 43 6
a 1329 270 0 1 2
a 1329 147 0 45 2
a 1332 1212 0 1 7
a 1332 1024 0 37 6
a 1333 880 0 1 5
a 1333 212 0 6 5
a 1334 949 0 1 3
a 1334 1114 0 21 7
a 1336 1722 0 1 3
a 1336 1151 0 32 4
a 1337 1518 0 1 4
a 1337 1935 0 27 4
a 1338 961 0 1 10
a 1338 1444 0 31 3
a 1340 1943 0 1 8
a 1340 82 0 48 8
a 1342 1345 0 1 1
a 1342 216 0 24 2
a 1344 967 0 1 5
a 1344 256 0 19 7
a 1345 747 0 1 10
a 1345 941 0 48 3
a 1347 135 0 1 4
a 1347 1640 0 12 7
a 1353 1057 0 1 3
a 1353 352 0 8 4
a 1354 1597 0 1 2
a 1354 197 0 27 1
a 1356 88 0 1 1
a 1356 1139 0 46 7
a 1357 1062 0 1 7
a 1357 652 0 26 4
a 1359 881 0 1 7
a 1359 1805 0 33 5
a 1360 1816 0 1 8
a 1360 584 0 0 1
a 1363 453 0 1 9
a 1363 1091 0 2 1
a 1365 1648 0 1 2
a 1365 1068 0 38 8
a 1368 817 0 1 8
a 1368 1314 0 11 8
a 1370 1053 0 1 2
a 1370 218 0 16 5
a 1371 1093 0 1 8
a 1371 1905 0 31 10
a 1372 335 0 1 9
a 1372 308 0 2 2
a 1375 689 0 1 6
a 1375 649 0 32 8
a 1376 213 0 1 10
a 1376 1824 0 7 8
a 1377 1799 0 1 7
a 1377 1484 0 49 3
a 1380 1208 0 1 5
a 1380 939 0 4 6
a 1381 43 0 1 7
a 1381 763 0 35 2
a 1384 115 0 1 6
a 1384 675 0 15 9
a 1385 163 0 1 2
a 1385 686 0 41 3
a 1387 1402 0 1 2
a 1387 1200 0 41 9
a 1388 833 0 1 1
a 1388 1564 0 35 6
a 1390 1360 0 1 7
a 1390 108 0 12 1
a 1392 1907 0 1 7
a 1392 729 0 19 9
a 1393 1483 0 1 6
a 1393 1715 0 9 3
a 1400 972 0 1 9
a 1400 1201 0 13 8
a 1401 1956 0 1 8
a 1401 1414 0 36 9
a 1402 519 0 1 6
a 1402 1997 0 31 9
a 1403 996 0 1 4
a 1403 161 0 7 3
a 1405 296 0 1 8
a 1405 479 0 21 10
a 1407 616 0 1 7
a 1407 620 0 6 4
a 1410 656 0 1 8
a 1410 1715 0 14 1
a 1412 1684 0 1 9
a 1412 150 0 41 5
a 1414 112 0 1 2
a 1414 867 0 23 10
a 1420 1601 0 1 10
a 1420 1389 0 19 7
a 1421 1612 0 1 3
a 1421 2000 0 32 5
a 1422 9 0 1 3
a 1422 1414 0 19 2
a 1423 93 0 1 9
a 1423 1449 0 2 9
a 1424 478 0 1 10
a 1424 349 0 31 3
a 1427 969 0 1 7
a 1427 1512 0 37 6
a 1433 1536 0 1 2
a 1433 1596 0 21 5
a 1435 513 0 1 7
a 1435 302 0 37 3
a 1436 1011 0 1 7
a 1436 1060 0 1 6
a 1440 327 0 1 1
a 1440 270 0 28 5
a 1441 197 0 1 9
a 1441 803 0 38 2
a 1443 1073 0 1 4
a 1443 1173 0 41 6
a 1444 67 0 1 1
a 1444 1866 0 41 6
a 1446 1158 0 1 9
a 1446 1330 0 45 5
a 1447 798 0 1 8
a 1447 1615 0 2 5
a 1448 684 0 1 9
a 1448 1870 0 3 4
a 1452 1877 0 1 5
a 1452 497 0 34 9
a 1453 503 0 1 6
a 1453 1068 0 10 6
a 1456 1038 0 1 2
a 1456 1830 0 32 6
a 1463 977 0 1 8
a 1463 1563 0 43 8
a 1464 204 0 1 10
a 1464 137 0 49 5
a 1466 1582 0 1 8
a 1466 1414 0 25 5
a 1470 965 0 1 2
a 1470 1417 0 18 1
a 1471 1074 0 1 6
a 1471 1441 0 21 5
a 1472 33 0 1 10
a 1472 1934 0 42 4
a 1473 1410 0 1 5
a 1473 1884 0 8 9
a 1474 504 0 1 8
a 1474 491 0 1 5
a 1476 1291 0 1 5
a 1476 308 0 15 3
a 1483 57 0 1 4
a 1483 751 0 1 10
a 1485 1989 0 1 3
a 1485 594 0 14 3
a 1487 1040 0 1 7
a 1487 1046 0 34 1
a 1488 1166 0 1 9
a 1488 1919 0 44 3
a 1489 1562 0 1 4
a 1489 1836 0 42 3
a 1491 1801 0 1 1
a 1491 1684 0 15 2
a 1492 1435 0 1 5
a 1492 226 0 45 6
a 1493 1420 0 1 10
a 1493 1292 0 1 1
a 1499 1826 0 1 3
a 1499 1095 0 11 5
a 1503 788 0 1 5
a 1503 752 0 29 9
a 1504 523 0 1 8
a 1504 1826 0 4 8
a 1505 643 0 1 8
a 1505 328 0 14 9
a 1506 7 0 1 3
a 1506 548 0 40 5
a 1507 521 0 1 1
a 1507 323 0 47 7
a 1511 971 0 1 6
a 1511 1934 0 35 4
a 1512 358 0 1 6
a 1512 895 0 41 1
a 1514 621 0 1 5
a 1514 780 0 22 1
a 1515 1708 0 1 9
a 1515 1626 0 16 9
a 1516 718 0 1 4
a 1516 368 0 13 9
a 1518 205 0 1 1
a 1518 1346 0 50 9
a 1521 917 0 1 8
a 1521 691 0 6 9
a 1528 1753 0 1 6
a 1528 1271 0 42 6
a 1529 31 0 1 1
a 1529 331 0 48 8
a 1530 245 0 1 8
a 1530 1891 0 48 5
a 1534 1078 0 1 9
a 1534 352 0 31 6
a 1535 1587 0 1 1
a 1535 1576 0 43 5
a 1536 1922 0 1 8
a 1536 1422 0 3 6
a 1537 813 0 1 8
a 1537 1642 0 34 9
a 1540 473 0 1 6
a 1540 1641 0 31 1
a 1541 761 0 1 6
a 1541 1799 0 48 7
a 1542 1041 0 1 10
a 1542 1987 0 46 2
a 1543 278 0 1 1
a 1543 1593 0 50 2
a 1544 190 0 1 1
a 1544 1058 0 20 1
a 1545 1091 0 1 2
a 1545 149 0 5 8
a 1548 452 0 1 3
a 1548 1958 0 9 10
a 1550 1034 0 1 9
a 1550 220 0 5 9
a 1552 1083 0 1 7
a 1552 1125 0 13 1
a 1553 1344 0 1 5
a 1553 321 0 8 5
a 1555 659 0 1 3
a 1555 1744 0 41 8
a 1557 1913 0 1 4
a 1557 1023 0 29 10
a 1560 430 0 1 3
a 1560 735 0 0 3
a 1562 599 0 1 2
a 1562 829 0 5 10
a 1564 200 0 1 4
a 1564 717 0 4 6
a 1566 1965 0 1 2
a 1566 917 0 33 7
a 1567 1663 0 1 10
a 1567 1613 0 43 7
a 1570 117 0 1 7
a 1570 888 0 41 7
a 1571 572 0 1 7
a 1571 748 0 21 7
a 1577 1060 0 1 7
a 1577 1811 0 15 4
a 1580 1299 0 1 2
a 1580 345 0 24 10
a 1582 955 0 1 4
a 1582 1703 0 33 2
a 1586 388 0 1 5
a 1586 1342 0 47 4
a 1587 1157 0 1 4
a 1587 1428 0 15 4
a 1589 1421 0 1 5
a 1589 1548 0 26 7
a 1591 958 0 1 1
a 1591 1706 0 20 5
a 1592 1846 0 1 1
a 1592 1216 0 2 5
a 1595 548 0 1 10
a 1595 1278 0 26 2
a 1596 1303 0 1 7
a 1596 1010 0 9 8
a 1597 1736 0 1 2
a 1597 1882 0 14 4
a 1599 744 0 1 2
a 1599 1608 0 3 4
a 1601 55 0 1 1
a 1601 525 0 44 5
a 1604 130 0 1 2
a 1604 1658 0 17 6
a 1608 1649 0 1 7
a 1608 1693 0 50 2
a 1612 606 0 1 7
a 1612 444 0 0 10
a 1616 535 0 1 3
a 1616 1320 0 37 6
a 1618 1553 0 1 4
a 1618 1944 0 47 10
a 1624 1608 0 1 5
a 1624 150 0 15 10
a 1629 1292 0 1 5
a 1629 1616 0 36 8
a 1630 18 0 1 1
a 1630 386 0 49 4
a 1632 1264 0 1 6
a 1632 1172 0 39 6
a 1634 1464 0 1 3
a 1634 425 0 22 8
a 1635 838 0 1 1
a 1635 491 0 38 1
a 1637 683 0 1 5
a 1637 255 0 11 9
a 1639 1347 0 1 4
a 1639 1885 0 37 5
a 1640 1822 0 1 9
a 1640 291 0 32 6
a 1641 216 0 1 7
a 1641 1366 0 10 5
a 1642 1637 0 1 10
a 1642 555 0 15 1
a 1644 1277 0 1 8
a 1644 64 0 22 3
a 1645 1852 0 1 7
a 1645 336 0 14 8
a 1647 431 0 1 9
a 1647 492 0 11 10
a 1648 1580 0 1 2
a 1648 717 0 48 7
a 1649 1377 0 1 10
a 1649 1182 0 12 5
a 1652 98 0 1 6
a 1652 1345 0 16 10
a 1653 1294 0 1 3
a 1653 311 0 34 9
a 1654 268 0 1 6
a 1654 1023 0 13 9
a 1658 1947 0 1 6
a 1658 1899 0 35 8
a 1659 1560 0 1 9
a 1659 646 0 9 5
a 1660 1001 0 1 9
a 1660 45 0 18 9
a 1663 211 0 1 10
a 1663 936 0 19 10
a 1666 691 0 1 5
a 1666 126 0 45 2
a 1668 434 0 1 10
a 1668 738 0 2 8
a 1670 451 0 1 6
a 1670 1822 0 29 9
a 1671 440 0 1 10
a 1671 1411 0 46 4
a 1672 736 0 1 6
a 1672 1442 0 28 8
a 1673 959 0 1 1
a 1673 265 0 25 3
a 1674 454 0 1 3
a 1674 431 0 21 10
a 1675 1159 0 1 9
a 1675 1876 0 41 8
a 1676 1315 0 1 7
a 1676 735 0 24 5
a 1680 1604 0 1 8
a 1680 1062 0 43 6
a 1681 632 0 1 1
a 1681 1453 0 3 4
a 1684 1726 0 1 7
a 1684 175 0 26 6
a 1688 303 0 1 6
a 1688 233 0 11 7
a 1690 681 0 1 4
a 1690 1642 0 6 7
a 1691 871 0 1 4
a 1691 1004 0 41 3
a 1692 1784 0 1 10
a 1692 1479 0 37 7
a 1695 875 0 1 1
a 1695 1792 0 21 7
a 1696 1154 0 1 5
a 1696 1237 0 12 3
a 1697 654 0 1 2
a 1697 1397 0 41 5
a 1700 1156 0 1 2
a 1700 405 0 16 5
a 1701 539 0 1 9
a 1701 66 0 43 8
a 1702 783 0 1 9
a 1702 437 0 15 9
a 1707 1444 0 1 6
a 1707 1324 0 41 10
a 1708 554 0 1 9
a 1708 806 0 18 10
a 1712 1332 0 1 3
a 1712 1740 0 12 4
a 1714 768 0 1 4
a 1714 1163 0 42 3
a 1715 908 0 1 4
a 1715 40 0 0 10
a 1716 1721 0 1 7
a 1716 1354 0 8 6
a 1718 916 0 1 1
a 1718 620 0 8 3
a 1720 475 0 1 9
a 1720 923 0 41 9
a 1721 16 0 1 4
a 1721 1796 0 28 4
a 1722 705 0 1 10
a 1722 690 0 34 7
a 1723 1476 0 1 10
a 1723 722 0 47 4
a 1724 1924 0 1 9
a 1724 820 0 13 10
a 1725 414 0 1 6
a 1725 930 0 22 3
a 1726 1777 0 1 4
a 1726 185 0 3 2
a 1727 580 0 1 4
a 1727 62 0 15 5
a 1729 1298 0 1 3
a 1729 922 0 39 9
a 1735 1272 0 1 1
a 1735 755 0 47 4
a 1736 1972 0 1 4
a 1736 1757 0 14 2
a 1738 1471 0 1 6
a 1738 1997 0 49 3
a 1741 1276 0 1 9
a 1741 646 0 35 5
a 1743 136 0 1 8
a 1743 222 0 35 6
a 1746 1385 0 1 10
a 1746 1069 0 31 6
a 1749 397 0 1 9
a 1749 804 0 34 8
a 1750 1137 0 1 7
a 1750 1970 0 40 9
a 1753 1984 0 1 1
a 1753 182 0 35 10
a 1755 612 0 1 3
a 1755 1204 0 35 2
a 1756 15 0 1 10
a 1756 638 0 24 6
a 1757 354 0 1 10
a 1757 1277 0 32 1
a 1758 883 0 1 6
a 1758 576 0 17 6
a 1764 402 0 1 8
a 1764 969 0 48 8
a 1765 805 0 1 10
a 1765 1915 0 35 5
a 1766 1552 0 1 8
a 1766 30 0 38 2
a 1769 743 0 1 10
a 1769 538 0 23 10
a 1771 84 0 1 1
a 1771 1751 0 17 5
a 1773 1363 0 1 4
a 1773 1592 0 36 1
a 1777 1974 0 1 10
a 1777 1938 0 39 9
a 1779 311 0 1 1
a 1779 1660 0 16 2
a 1780 477 0 1 10
a 1780 172 0 5 2
a 1781 716 0 1 7
a 1781 1500 0 30 9
a 1782 1850 0 1 8
a 1782 1333 0 24 10
a 1784 495 0 1 3
a 1784 1798 0 20 1
a 1785 302 0 1 1
a 1785 1150 0 2 4
a 1786 1868 0 1 3
a 1786 1345 0 11 6
a 1789 759 0 1 8
a 1789 1839 0 50 4
a 1791 1259 0 1 2
a 1791 1761 0 16 10
a 1795 448 0 1 2
a 1795 1700 0 45 9
a 1799 1639 0 1 8
a 1799 231 0 48 6
a 1801 732 0 1 4
a 1801 506 0 6 8
a 1802 1895 0 1 6
a 1802 1619 0 10 8
a 1803 565 0 1 1
a 1803 1195 0 30 10
a 1804 765 0 1 9
a 1804 188 0 30 3
a 1805 1167 0 1 8
a 1805 1370 0 22 2
a 1806 997 0 1 9
a 1806 416 0 30 7
a 1808 41 0 1 5
a 1808 985 0 10 8
a 1810 381 0 1 3
a 1810 618 0 34 7
a 1811 1991 0 1 8
a 1811 1514 0 7 9
a 1815 695 0 1 10
a 1815 1336 0 9 3
a 1816 1257 0 1 5
a 1816 1055 0 30 7
a 1819 850 0 1 5
a 1819 995 0 17 5
a 1820 409 0 1 5
a 1820 1150 0 39 6
a 1821 1942 0 1 7
a 1821 565 0 24 2
a 1822 1393 0 1 4
a 1822 504 0 13 6
a 1823 1987 0 1 7
a 1823 1802 0 29 10
a 1826 1106 0 1 4
a 1826 572 0 32 6
a 1833 587 0 1 6
a 1833 1164 0 3 7
a 1834 1521 0 1 2
a 1834 427 0 27 7
a 1835 371 0 1 6
a 1835 1810 0 39 10
a 1836 471 0 1 6
a 1836 1561 0 48 4
a 1837 1282 0 1 9
a 1837 775 0 12 1
a 1838 1695 0 1 10
a 1838 465 0 35 4
a 1843 1950 0 1 9
a 1843 1988 0 35 10
a 1845 174 0 1 2
a 1845 282 0 18 2
a 1846 1512 0 1 9
a 1846 137 0 22 7
a 1847 1741 0 1 4
a 1847 1061 0 41 7
a 1848 1981 0 1 9
a 1848 801 0 30 3
a 1850 159 0 1 5
a 1850 966 0 33 6
a 1852 1926 0 1 7
a 1852 1693 0 42 8
a 1853 665 0 1 10
a 1853 1999 0 3 5
a 1857 1436 0 1 3
a 1857 1182 0 5 10
a 1868 1301 0 1 3
a 1868 1084 0 29 8
a 1873 1964 0 1 4
a 1873 1982 0 7 1
a 1876 1629 0 1 7
a 1876 1150 0 39 8
a 1877 655 0 1 6
a 1877 1299 0 33 1
a 1885 1306 0 1 2
a 1885 1843 0 40 6
a 1895 2000 0 1 10
a 1895 1852 0 32 1
a 1897 73 0 1 9
a 1897 456 0 0 1
a 1898 915 0 1 5
a 1898 1747 0 11 1
a 1903 1567 0 1 9
a 1903 1076 0 46 1
a 1905 1968 0 1 7
a 1905 298 0 21 7
a 1907 1905 0 1 2
a 1907 1616 0 21 10
a 1909 1977 0 1 5
a 1909 522 0 25 3
a 1910 804 0 1 3
a 1910 1663 0 47 1
a 1911 1755 0 1 8
a 1911 781 0 36 2
a 1913 566 0 1 2
a 1913 1985 0 46 7
a 1916 1743 0 1 5
a 1916 1614 0 0 7
a 1918 1898 0 1 2
a 1918 268 0 46 2
a 1920 1506 0 1 9
a 1920 853 0 13 2
a 1922 1423 0 1 10
a 1922 987 0 34 9
a 1924 172 0 1 10
a 1924 1320 0 41 2
a 1926 627 0 1 1
a 1926 528 0 35 4
a 1933 1833 0 1 5
a 1933 1351 0 3 4
a 1934 702 0 1 7
a 1934 516 0 2 7
a 1938 723 0 1 8
a 1938 385 0 24 7
a 1942 1823 0 1 1
a 1942 1665 0 2 9
a 1943 1951 0 1 10
a 1943 1537 0 17 5
a 1947 1564 0 1 6
a 1947 1089 0 2 6
a 1948 483 0 1 1
a 1948 1976 0 40 3
a 1949 262 0 1 9
a 1949 1483 0 32 5
a 1950 956 0 1 9
a 1950 104 0 43 6
a 1951 300 0 1 10
a 1951 702 0 15 1
a 1954 748 0 1 5
a 1954 94 0 46 5
a 1956 1047 0 1 7
a 1956 1129 0 37 1
a 1959 942 0 1 5
a 1959 418 0 47 1
a 1964 4 0 1 3
a 1964 1330 0 17 7
a 1965 212 0 1 2
a 1965 1648 0 40 7
a 1966 485 0 1 10
a 1966 1514 0 28 3
a 1967 1139 0 1 5
a 1967 1132 0 45 1
a 1968 1019 0 1 10
a 1968 1178 0 38 4
a 1969 1218 0 1 10
a 1969 540 0 13 5
a 1970 607 0 1 8
a 1970 747 0 35 10
a 1972 1566 0 1 6
a 1972 1433 0 40 1
a 1973 1979 0 1 3
a 1973 302 0 16 5
a 1974 59 0 1 2
a 1974 1244 0 2 6
a 1976 133 0 1 1
a 1976 381 0 50 8
a 1977 529 0 1 10
a 1977 33 0 0 2
a 1978 290 0 1 4
a 1978 1697 0 29 3
a 1979 550 0 1 8
a 1979 695 0 0 2
a 1981 609 0 1 7
a 1981 656 0 23 9
a 1983 578 0 1 10
a 1983 1976 0 25 4
a 1984 53 0 1 1
a 1984 18 0 16 9
a 1985 1403 0 1 1
a 1985 522 0 45 3
a 1987 1231 0 1 1
a 1987 541 0 44 6
a 1989 794 0 1 1
a 1989 1987 0 24 2
a 1991 803 0 1 7
a 1991 329 0 9 7
a 1992 1340 0 1 1
a 1992 1986 0 29 5
a 1995 790 0 1 7
a 1995 1596 0 27 7
a 1996 674 0 1 4
a 1996 679 0 2 4
