c PyNETGEN v1.0.0
c $ pip install pynetgen
c
c  NETGEN flow network generation algorithm
c  Problem input parameters
c  -------------------------------------
c   Random seed:          11
c   Number of nodes:      2000
c   Source nodes:         2
c   Sink nodes:           2
c   Number of arcs:       4000
c   Minimum arc cost:     1
c   Maximum arc cost:     10
c   Total supply:         50
c   Transshipment -
c     Sources:            0
c     Sinks:              0
c   Skeleton arcs -
c     With max cost:      0
c     Capacitated:        100
c   Minimum arc capacity: 0
c   Maximum arc capacity: 50
c
c  *** Minimum cost flow ***
c
p min 2000 4000
n 1 25
n 2 25
n 1999 -7
n 2000 -43
a 1 929 0 25 5
a 1 1506 0 28 7
a 1 1312 0 23 2
a 3 333 0 25 5
a 3 1826 0 35 10
a 3 1157 0 46 9
a 4 528 0 25 7
a 4 476 0 47 7
a 5 428 0 25 9
a 5 1600 0 27 8
a 6 1707 0 25 8
a 6 904 0 41 4
a 8 1343 0 25 9
a 8 1245 0 16 9
a 12 994 0 25 6
a 12 977 0 47 4
a 15 401 0 25 3
a 15 1096 0 35 9
a 15 1838 0 10 7
a 17 915 0 25 7
a 17 1094 0 29 7
a 18 585 0 25 3
a 18 532 0 8 7
a 21 619 0 25 7
a 21 432 0 13 3
a 22 688 0 25 6
a 22 1810 0 11 4
a 22 1070 0 0 7
a 25 621 0 25 4
a 25 355 0 25 10
a 26 886 0 25 5
a 26 981 0 31 10
a 27 1240 0 25 9
a 27 1091 0 14 3
a 30 49 0 25 4
a 30 263 0 47 5
a 31 77 0 25 9
a 31 369 0 9 3
a 33 738 0 25 3
a 33 995 0 9 3
a 37 1634 0 25 9
a 37 805 0 50 3
a 38 980 0 25 8
a 38 1430 0 24 9
a 41 1715 0 25 3
a 41 1031 0 32 2
a 45 120 0 25 1
a 45 1518 0 0 8
a 46 1730 0 25 5
a 46 1004 0 7 4
a 49 464 0 25 5
a 49 468 0 27 1
a 53 1794 0 25 3
a 53 1730 0 46 8
a 54 170 0 25 1
a 54 364 0 32 6
a 56 1202 0 25 5
a 56 852 0 39 6
a 59 1328 0 25 2
a 59 18 0 39 5
a 62 215 0 25 6
a 62 280 0 38 3
a 63 45 0 25 5
a 63 628 0 0 10
a 65 1746 0 25 10
a 65 812 0 22 7
a 66 1359 0 25 7
a 66 314 0 49 7
a 68 241 0 25 5
a 68 891 0 25 6
a 72 1817 0 25 7
a 72 1269 0 17 4
a 74 1915 0 25 7
a 74 803 0 28 5
a 76 257 0 25 7
a 76 1032 0 26 4
a 77 1521 0 25 7
a 77 1098 0 6 5
a 78 224 0 25 1
a 78 1691 0 15 4
a 83 1128 0 25 4
a 83 593 0 2 3
a 84 1480 0 25 7
a 84 546 0 6 5
a 86 182 0 25 7
a 86 1582 0 37 5
a 87 1228 0 25 3
a 87 217 0 14 10
a 88 101 0 25 1
a 88 1507 0 28 5
a 89 1825 0 25 7
a 89 705 0 47 7
a 93 1081 0 25 8
a 93 1905 0 50 9
a 94 662 0 25 10
a 94 1356 0 14 1
a 95 1125 0 25 9
a 95 982 0 50 5
a 98 126 0 25 8
a 98 780 0 30 8
a 99 1472 0 25 4
a 99 1956 0 36 2
a 100 1923 0 25 6
a 100 1501 0 30 1
a 101 157 0 25 6
a 101 1202 0 14 1
a 105 1718 0 25 10
a 105 595 0 36 6
a 106 635 0 25 4
a 106 199 0 37 8
a 109 815 0 25 4
a 109 1552 0 0 3
a 115 681 0 25 1
a 115 1683 0 15 8
a 117 1069 0 25 4
a 117 1039 0 12 5
a 118 1920 0 25 4
a 118 1076 0 33 3
a 120 701 0 25 9
a 120 645 0 6 1
a 123 1448 0 25 1
a 123 23 0 37 10
a 124 1268 0 25 4
a 124 966 0 24 10
a 126 1072 0 25 10
a 126 1394 0 26 1
a 127 308 0 25 7
a 127 590 0 8 4
a 129 859 0 25 7
a 129 1511 0 44 8
a 130 871 0 25 10
a 130 140 0 32 2
a 133 1022 0 25 4
a 133 674 0 31 3
a 137 1519 0 25 2
a 137 626 0 48 8
a 138 517 0 25 6
a 138 1606 0 6 4
a 139 26 0 25 5
a 139 448 0 37 2
a 140 1957 0 25 7
a 140 1916 0 47 8
a 141 1252 0 25 8
a 141 1530 0 6 4
a 143 1745 0 25 5
a 143 1895 0 22 2
a 144 352 0 25 7
a 144 1929 0 15 7
a 148 507 0 25 3
a 148 399 0 38 5
a 152 798 0 25 4
a 152 1470 0 0 2
a 155 953 0 25 6
a 155 362 0 27 5
a 156 1785 0 25 8
a 156 1988 0 43 7
a 157 299 0 25 6
a 157 822 0 16 2
a 158 1507 0 25 1
a 158 1045 0 49 5
a 159 1846 0 25 2
a 159 1322 0 44 4
a 160 1424 0 25 7
a 160 1834 0 5 7
a 162 1568 0 25 1
a 162 1069 0 43 7
a 163 1945 0 25 6
a 163 131 0 7 1
a 166 62 0 25 3
a 166 523 0 42 1
a 167 607 0 25 5
a 167 1916 0 34 3
a 170 1327 0 25 3
a 170 1497 0 31 8
a 171 1762 0 25 8
a 171 661 0 44 6
a 174 1324 0 25 5
a 174 866 0 49 8
a 176 1536 0 25 5
a 176 1014 0 39 8
a 177 887 0 25 2
a 177 571 0 43 3
a 181 1743 0 25 5
a 181 435 0 20 5
a 182 459 0 25 1
a 182 1771 0 33 10
a 185 271 0 25 4
a 185 1008 0 33 8
a 186 655 0 25 4
a 186 574 0 19 4
a 187 500 0 25 8
a 187 1384 0 40 9
a 188 1320 0 25 1
a 188 1070 0 11 4
a 190 781 0 25 4
a 190 740 0 46 10
a 191 418 0 25 5
a 191 1582 0 46 8
a 194 138 0 25 2
a 194 1673 0 15 10
a 195 985 0 25 5
a 195 895 0 49 1
a 196 1876 0 25 9
a 196 1750 0 19 1
a 198 56 0 25 8
a 198 309 0 16 8
a 200 520 0 25 1
a 200 1643 0 27 1
a 203 810 0 25 3
a 203 920 0 10 10
a 205 1441 0 25 4
a 205 1672 0 14 5
a 208 568 0 25 4
a 208 1424 0 14 2
a 209 1301 0 25 7
a 209 1369 0 4 3
a 211 1545 0 25 5
a 211 317 0 49 8
a 213 1446 0 25 1
a 213 1574 0 20 7
a 215 756 0 25 9
a 215 1248 0 3 6
a 216 1447 0 25 6
a 216 1952 0 30 3
a 220 1224 0 25 4
a 220 1921 0 25 4
a 221 1236 0 25 3
a 221 551 0 15 7
a 223 1539 0 25 10
a 223 943 0 42 5
a 224 1104 0 25 9
a 224 1239 0 32 5
a 225 221 0 25 2
a 225 945 0 50 3
a 226 1870 0 25 4
a 226 341 0 33 2
a 227 972 0 25 6
a 227 156 0 4 4
a 231 342 0 25 5
a 231 1398 0 47 5
a 233 1673 0 25 5
a 233 1197 0 45 5
a 234 811 0 25 3
a 234 770 0 44 4
a 237 109 0 25 1
a 237 232 0 50 1
a 238 191 0 25 3
a 238 810 0 21 5
a 240 837 0 25 8
a 240 631 0 18 4
a 241 1841 0 25 10
a 241 1003 0 39 3
a 242 855 0 25 6
a 242 277 0 28 3
a 243 1266 0 25 1
a 243 529 0 9 7
a 244 1501 0 25 9
a 244 1327 0 21 8
a 245 1043 0 25 6
a 245 1701 0 9 2
a 249 1543 0 25 1
a 249 1790 0 38 5
a 253 919 0 25 2
a 253 605 0 26 4
a 257 1593 0 25 7
a 257 6 0 32 9
a 260 1055 0 25 8
a 260 1249 0 35 6
a 261 1511 0 25 8
a 261 912 0 15 3
a 262 1892 0 25 8
a 262 399 0 48 10
a 265 1238 0 25 5
a 265 1971 0 1 7
a 267 166 0 25 4
a 267 1645 0 10 9
a 270 144 0 25 9
a 270 1456 0 38 1
a 271 763 0 25 7
a 271 1140 0 18 5
a 272 1903 0 25 2
a 272 959 0 24 8
a 274 648 0 25 5
a 274 863 0 48 3
a 277 1636 0 25 2
a 277 507 0 2 5
a 278 744 0 25 10
a 278 222 0 45 5
a 282 190 0 25 5
a 282 96 0 17 1
a 283 1868 0 25 7
a 283 859 0 6 5
a 286 818 0 25 10
a 286 129 0 8 10
a 287 1305 0 25 4
a 287 1716 0 50 2
a 289 185 0 25 7
a 289 1183 0 22 10
a 290 454 0 25 7
a 290 1667 0 14 10
a 291 278 0 25 10
a 291 1975 0 50 6
a 294 1270 0 25 1
a 294 968 0 10 4
a 298 1038 0 25 1
a 298 506 0 41 6
a 299 277 0 25 7
a 299 1856 0 9 6
a 303 650 0 25 1
a 303 542 0 9 2
a 305 567 0 25 8
a 305 314 0 21 8
a 307 1060 0 25 10
a 307 9 0 44 3
a 308 1226 0 25 8
a 308 1720 0 1 5
a 310 1690 0 25 9
a 310 1844 0 24 3
a 311 1451 0 25 10
a 311 814 0 5 4
a 314 1873 0 25 2
a 314 456 0 11 6
a 315 1071 0 25 2
a 315 162 0 10 8
a 316 828 0 25 5
a 316 765 0 20 9
a 322 1700 0 25 2
a 322 704 0 12 3
a 323 158 0 25 1
a 323 318 0 2 6
a 325 806 0 25 6
a 325 263 0 12 2
a 331 366 0 25 7
a 331 1687 0 6 7
a 333 124 0 25 2
a 333 1945 0 0 7
a 335 1101 0 25 6
a 335 57 0 45 5
a 339 1888 0 25 9
a 339 1996 0 47 8
a 342 1127 0 25 4
a 342 1536 0 41 9
a 343 1741 0 25 6
a 343 1894 0 31 6
a 347 200 0 25 5
a 347 6 0 0 4
a 348 1326 0 25 10
a 348 1854 0 0 1
a 349 943 0 25 1
a 349 571 0 25 1
a 350 1596 0 25 8
a 350 1673 0 16 3
a 351 870 0 25 8
a 351 1483 0 34 1
a 352 1663 0 25 6
a 352 1072 0 35 3
a 353 1009 0 25 10
a 353 1912 0 41 1
a 358 1486 0 25 5
a 358 1940 0 17 8
a 360 1444 0 25 10
a 360 736 0 7 5
a 363 508 0 25 5
a 363 1952 0 43 8
a 366 916 0 25 5
a 366 1950 0 37 7
a 371 491 0 25 8
a 371 1956 0 46 10
a 373 1247 0 25 2
a 373 1950 0 31 10
a 375 1390 0 25 7
a 375 970 0 32 3
a 376 1278 0 25 7
a 376 14 0 30 2
a 378 627 0 25 9
a 378 1584 0 24 6
a 379 912 0 25 10
a 379 1350 0 17 6
a 381 129 0 25 5
a 381 1731 0 20 2
a 382 1517 0 25 1
a 382 151 0 13 4
a 383 965 0 25 4
a 383 756 0 28 3
a 387 1341 0 25 1
a 387 1283 0 31 5
a 389 692 0 25 7
a 389 1269 0 49 3
a 392 678 0 25 10
a 392 1730 0 39 4
a 393 1981 0 25 3
a 393 430 0 2 2
a 400 358 0 25 3
a 400 724 0 34 5
a 401 416 0 25 7
a 401 1932 0 26 4
a 402 1191 0 25 8
a 402 133 0 5 9
a 404 1189 0 25 6
a 404 1957 0 37 9
a 406 1572 0 25 9
a 406 364 0 18 9
a 407 1433 0 25 7
a 407 1675 0 8 7
a 408 99 0 25 3
a 408 193 0 36 2
a 410 829 0 25 3
a 410 253 0 44 6
a 411 1555 0 25 9
a 411 335 0 40 1
a 413 902 0 25 4
a 413 1864 0 25 9
a 414 1919 0 25 9
a 414 538 0 29 10
a 415 373 0 25 5
a 415 557 0 23 6
a 416 576 0 25 4
a 416 642 0 15 9
a 417 469 0 25 4
a 417 832 0 13 8
a 418 274 0 25 7
a 418 1544 0 22 7
a 419 740 0 25 3
a 419 357 0 27 9
a 420 1556 0 25 10
a 420 443 0 31 8
a 422 516 0 25 9
a 422 647 0 43 1
a 426 30 0 25 7
a 426 198 0 5 6
a 428 1233 0 25 9
a 428 326 0 30 6
a 429 1808 0 25 1
a 429 1897 0 12 1
a 433 1849 0 25 7
a 433 742 0 49 3
a 437 894 0 25 9
a 437 1323 0 14 9
a 438 41 0 25 5
a 438 1347 0 46 5
a 440 1464 0 25 6
a 440 1002 0 33 9
a 441 572 0 25 2
a 441 923 0 7 1
a 442 315 0 25 10
a 442 1728 0 43 10
a 443 1823 0 25 10
a 443 1340 0 34 2
a 444 1307 0 25 4
a 444 1763 0 20 4
a 445 72 0 25 2
a 445 1761 0 23 4
a 449 260 0 25 7
a 449 368 0 11 3
a 454 176 0 25 7
a 454 1002 0 49 6
a 455 1623 0 25 2
a 455 768 0 33 8
a 458 486 0 25 8
a 458 1158 0 44 4
a 459 1776 0 25 1
a 459 222 0 43 1
a 462 1604 0 25 4
a 462 1756 0 21 7
a 464 310 0 25 6
a 464 354 0 46 4
a 465 1134 0 25 4
a 465 1668 0 4 6
a 466 130 0 25 10
a 466 727 0 42 7
a 467 705 0 25 5
a 467 1260 0 48 4
a 469 1212 0 25 2
a 469 445 0 23 6
a 471 1796 0 25 10
a 471 1779 0 37 10
a 473 1643 0 25 8
a 473 707 0 1 5
a 475 685 0 25 10
a 475 157 0 0 8
a 478 1018 0 25 8
a 478 240 0 2 5
a 481 1100 0 25 9
a 481 913 0 23 5
a 486 1213 0 25 3
a 486 1903 0 25 10
a 489 1968 0 25 1
a 489 1467 0 41 10
a 491 1744 0 25 5
a 491 529 0 11 1
a 493 307 0 25 7
a 493 619 0 24 3
a 496 1567 0 25 7
a 496 963 0 1 2
a 498 1658 0 25 9
a 498 1427 0 23 9
a 499 1542 0 25 5
a 499 1879 0 4 3
a 500 156 0 25 7
a 500 1209 0 38 7
a 504 908 0 25 4
a 504 1366 0 23 5
a 506 1586 0 25 9
a 506 1346 0 4 1
a 507 1332 0 25 7
a 507 1487 0 1 8
a 508 1203 0 25 10
a 508 10 0 32 10
a 512 1405 0 25 5
a 512 1722 0 24 7
a 513 1788 0 25 8
a 513 62 0 1 6
a 515 225 0 25 3
a 515 560 0 30 5
a 516 1764 0 25 7
a 516 934 0 23 6
a 517 1338 0 25 4
a 517 1226 0 18 7
a 520 462 0 25 1
a 520 1089 0 36 6
a 521 245 0 25 2
a 521 908 0 29 8
a 525 298 0 25 6
a 525 65 0 5 1
a 528 1949 0 25 10
a 528 757 0 5 2
a 529 704 0 25 3
a 529 183 0 1 2
a 530 1975 0 25 8
a 530 601 0 23 4
a 532 907 0 25 5
a 532 1322 0 33 3
a 538 1835 0 25 3
a 538 262 0 13 3
a 542 1884 0 25 3
a 542 330 0 16 7
a 543 408 0 25 2
a 543 1866 0 19 5
a 544 1075 0 25 10
a 544 476 0 5 7
a 546 1375 0 25 5
a 546 903 0 45 9
a 551 348 0 25 8
a 551 247 0 30 7
a 561 1187 0 25 9
a 561 1737 0 41 5
a 562 764 0 25 4
a 562 1152 0 19 3
a 563 363 0 25 3
a 563 1250 0 5 3
a 564 1008 0 25 7
a 564 514 0 0 6
a 565 1023 0 25 5
a 565 1865 0 30 5
a 567 530 0 25 8
a 567 982 0 19 2
a 568 1526 0 25 2
a 568 770 0 38 4
a 570 181 0 25 2
a 570 364 0 4 2
a 571 1735 0 25 1
a 571 233 0 9 2
a 572 1996 0 25 7
a 572 1410 0 8 5
a 574 677 0 25 5
a 574 655 0 39 3
a 576 1508 0 25 7
a 576 1476 0 41 1
a 580 1959 0 25 6
a 580 1516 0 32 5
a 582 1298 0 25 7
a 582 985 0 14 2
a 583 1932 0 25 6
a 583 1296 0 41 5
a 584 1161 0 25 9
a 584 984 0 21 1
a 585 234 0 25 2
a 585 181 0 32 5
a 587 105 0 25 5
a 587 508 0 48 4
a 589 1229 0 25 9
a 589 346 0 20 6
a 590 1443 0 25 8
a 590 457 0 30 1
a 591 1833 0 25 10
a 591 1977 0 24 9
a 595 17 0 25 4
a 595 226 0 21 3
a 596 1871 0 25 4
a 596 230 0 22 8
a 597 1070 0 25 1
a 597 1639 0 11 9
a 598 1838 0 25 8
a 598 261 0 9 7
a 599 233 0 25 2
a 599 1904 0 30 3
a 600 499 0 25 4
a 600 1881 0 27 8
a 602 429 0 25 1
a 602 1608 0 16 5
a 603 1913 0 25 7
a 603 537 0 35 4
a 607 231 0 25 1
a 607 1259 0 4 4
a 609 1615 0 25 9
a 609 1435 0 28 4
a 610 411 0 25 1
a 610 856 0 22 6
a 611 1435 0 25 10
a 611 398 0 27 6
a 616 596 0 25 6
a 616 703 0 20 1
a 617 610 0 25 5
a 617 1013 0 48 5
a 619 1851 0 25 5
a 619 728 0 33 5
a 620 1094 0 25 7
a 620 888 0 23 9
a 621 167 0 25 6
a 621 117 0 32 4
a 623 1193 0 25 6
a 623 430 0 1 9
a 627 674 0 25 8
a 627 1916 0 38 9
a 635 133 0 25 10
a 635 1363 0 13 4
a 640 314 0 25 2
a 640 1523 0 4 5
a 643 1379 0 25 6
a 643 308 0 42 3
a 648 1273 0 25 4
a 648 975 0 4 9
a 650 1668 0 25 3
a 650 1192 0 26 7
a 654 623 0 25 5
a 654 516 0 15 6
a 655 1612 0 25 7
a 655 1094 0 6 2
a 656 1487 0 25 3
a 656 364 0 29 3
a 660 1312 0 25 5
a 660 765 0 35 3
a 661 1912 0 25 4
a 661 1161 0 45 8
a 662 1310 0 25 10
a 662 1431 0 1 7
a 663 1006 0 25 2
a 663 931 0 48 5
a 666 807 0 25 5
a 666 417 0 35 4
a 670 1818 0 25 10
a 670 1915 0 43 2
a 671 410 0 25 3
a 671 1186 0 23 7
a 674 990 0 25 3
a 674 992 0 16 3
a 675 901 0 25 4
a 675 847 0 32 9
a 677 833 0 25 6
a 677 1376 0 32 8
a 678 898 0 25 7
a 678 1996 0 16 6
a 679 952 0 25 6
a 679 1563 0 10 10
a 680 426 0 25 9
a 680 1168 0 33 4
a 681 1350 0 25 8
a 681 1436 0 50 8
a 682 758 0 25 7
a 682 641 0 9 1
a 685 666 0 25 3
a 685 1202 0 23 10
a 688 864 0 25 9
a 688 1952 0 43 8
a 691 1908 0 25 4
a 691 551 0 22 3
a 692 734 0 25 10
a 692 1340 0 23 10
a 695 1790 0 25 4
a 695 1282 0 37 10
a 698 1901 0 25 6
a 698 1208 0 49 5
a 701 656 0 25 9
a 701 1278 0 15 2
a 704 1751 0 25 8
a 704 1017 0 50 3
a 705 762 0 25 1
a 705 32 0 3 1
a 706 1420 0 25 2
a 706 395 0 30 5
a 707 265 0 25 8
a 707 395 0 0 8
a 709 393 0 25 10
a 709 363 0 44 5
a 711 1164 0 25 9
a 711 1671 0 31 2
a 712 1467 0 25 8
a 712 1842 0 33 4
a 714 891 0 25 9
a 714 397 0 12 7
a 715 959 0 25 3
a 715 1972 0 48 6
a 718 1753 0 25 7
a 718 812 0 19 10
a 719 1708 0 25 10
a 719 1801 0 44 5
a 722 1347 0 25 8
a 722 480 0 0 4
a 723 981 0 25 8
a 723 1200 0 2 5
a 725 22 0 25 8
a 725 919 0 5 6
a 728 885 0 25 5
a 728 684 0 20 10
a 730 159 0 25 2
a 730 233 0 16 2
a 734 139 0 25 10
a 734 419 0 7 8
a 737 343 0 25 6
a 737 1066 0 11 6
a 738 786 0 25 5
a 738 718 0 40 8
a 739 1657 0 25 1
a 739 300 0 3 3
a 740 1180 0 25 7
a 740 849 0 22 8
a 744 1151 0 25 2
a 744 1426 0 46 5
a 745 1211 0 25 9
a 745 1578 0 18 6
a 750 845 0 25 10
a 750 1266 0 10 9
a 752 353 0 25 9
a 752 927 0 5 4
a 753 4 0 25 10
a 753 1829 0 39 3
a 754 493 0 25 4
a 754 969 0 19 6
a 756 737 0 25 7
a 756 785 0 49 6
a 757 590 0 25 5
a 757 432 0 16 5
a 758 1389 0 25 9
a 758 1655 0 18 2
a 759 1693 0 25 4
a 759 572 0 46 5
a 762 196 0 25 9
a 762 192 0 45 10
a 763 1489 0 25 10
a 763 1368 0 28 1
a 764 360 0 25 6
a 764 1762 0 2 7
a 772 1218 0 25 6
a 772 1494 0 34 4
a 776 1594 0 25 9
a 776 1893 0 6 1
a 778 378 0 25 1
a 778 946 0 4 5
a 779 1417 0 25 5
a 779 673 0 38 8
a 780 1779 0 25 9
a 780 692 0 18 10
a 781 1303 0 25 2
a 781 1198 0 42 10
a 783 244 0 25 8
a 783 345 0 18 10
a 786 155 0 25 8
a 786 398 0 43 6
a 788 947 0 25 8
a 788 533 0 30 1
a 791 1049 0 25 9
a 791 700 0 45 9
a 797 455 0 25 9
a 797 1903 0 23 2
a 798 1330 0 25 7
a 798 723 0 13 8
a 801 844 0 25 6
a 801 720 0 18 5
a 802 1046 0 25 5
a 802 296 0 25 9
a 804 532 0 25 3
a 804 1730 0 26 4
a 806 1183 0 25 3
a 806 67 0 36 7
a 807 1765 0 25 1
a 807 252 0 49 3
a 809 513 0 25 8
a 809 431 0 11 4
a 810 1102 0 25 6
a 810 1308 0 21 2
a 811 1951 0 25 3
a 811 1374 0 16 2
a 813 616 0 25 5
a 813 859 0 1 6
a 814 1898 0 25 7
a 814 758 0 46 3
a 815 1802 0 25 6
a 815 1095 0 13 10
a 818 802 0 25 2
a 818 73 0 9 2
a 821 83 0 25 3
a 821 1756 0 11 2
a 823 1256 0 25 6
a 823 1300 0 22 3
a 825 1840 0 25 3
a 825 826 0 37 7
a 828 95 0 25 1
a 828 501 0 38 9
a 829 1396 0 25 10
a 829 751 0 40 2
a 831 1269 0 25 7
a 831 1368 0 16 6
a 833 1548 0 25 5
a 833 194 0 21 8
a 836 1977 0 25 5
a 836 1753 0 11 10
a 837 640 0 25 5
a 837 1342 0 3 5
a 842 267 0 25 4
a 842 507 0 20 10
a 843 1198 0 25 10
a 843 393 0 8 3
a 844 1459 0 25 9
a 844 262 0 31 9
a 845 1861 0 25 2
a 845 1821 0 44 10
a 847 287 0 25 10
a 847 1478 0 11 5
a 848 525 0 25 3
a 848 1742 0 23 5
a 851 98 0 25 8
a 851 623 0 38 3
a 854 1571 0 25 10
a 854 1332 0 0 1
a 855 1985 0 25 5
a 855 1407 0 46 5
a 857 400 0 25 3
a 857 378 0 34 4
a 858 187 0 25 4
a 858 368 0 6 6
a 859 714 0 25 9
a 859 1367 0 20 9
a 862 322 0 25 2
a 862 458 0 43 1
a 864 140 0 25 10
a 864 452 0 45 1
a 865 562 0 25 3
a 865 1221 0 2 3
a 870 801 0 25 7
a 870 752 0 17 1
a 871 208 0 25 6
a 871 758 0 36 6
a 877 203 0 25 2
a 877 882 0 36 4
a 881 1992 0 25 2
a 881 54 0 11 8
a 882 84 0 25 5
a 882 179 0 43 10
a 884 1476 0 25 10
a 884 1570 0 16 7
a 885 999 0 25 8
a 885 448 0 26 7
a 886 1509 0 25 1
a 886 1264 0 9 2
a 887 1652 0 25 3
a 887 1670 0 50 7
a 889 1677 0 25 2
a 889 1314 0 5 2
a 891 1759 0 25 6
a 891 88 0 1 3
a 893 848 0 25 10
a 893 1442 0 11 2
a 894 1815 0 25 1
a 894 680 0 3 5
a 895 1484 0 25 4
a 895 1628 0 15 2
a 898 18 0 25 6
a 898 595 0 16 3
a 901 924 0 25 2
a 901 1382 0 31 8
a 902 1561 0 25 2
a 902 608 0 32 10
a 906 1241 0 25 10
a 906 186 0 1 2
a 907 443 0 25 9
a 907 1932 0 36 7
a 908 1097 0 25 3
a 908 927 0 46 10
a 910 1407 0 25 7
a 910 1173 0 7 3
a 911 414 0 25 10
a 911 1716 0 32 4
a 912 882 0 25 7
a 912 1085 0 40 10
a 915 750 0 25 6
a 915 1488 0 37 9
a 916 1366 0 25 9
a 916 815 0 34 5
a 918 407 0 25 10
a 918 1477 0 27 5
a 919 1633 0 25 3
a 919 1320 0 25 4
a 921 1157 0 25 3
a 921 1216 0 24 8
a 922 587 0 25 2
a 922 315 0 30 5
a 924 1478 0 25 2
a 924 1204 0 5 10
a 926 595 0 25 5
a 926 1484 0 13 1
a 929 1116 0 25 9
a 929 1360 0 30 6
a 933 1007 0 25 1
a 933 1694 0 21 8
a 935 957 0 25 3
a 935 969 0 29 6
a 936 1810 0 25 5
a 936 1366 0 0 4
a 942 675 0 25 1
a 942 638 0 9 6
a 943 551 0 25 8
a 943 132 0 13 6
a 947 895 0 25 1
a 947 1087 0 29 4
a 949 12 0 25 7
a 949 442 0 36 6
a 952 1552 0 25 5
a 952 337 0 5 4
a 953 1410 0 25 6
a 953 1752 0 30 4
a 956 1999 0 25 7
a 956 969 0 25 8
a 957 1204 0 25 2
a 957 571 0 34 5
a 959 889 0 25 1
a 959 507 0 17 7
a 962 544 0 25 9
a 962 415 0 22 10
a 965 663 0 25 9
a 965 1342 0 25 6
a 966 1986 0 25 10
a 966 1748 0 17 8
a 969 261 0 25 10
a 969 1301 0 29 4
a 971 1197 0 25 7
a 971 160 0 4 3
a 972 529 0 25 3
a 972 681 0 9 5
a 977 776 0 25 10
a 977 413 0 42 3
a 978 38 0 25 1
a 978 762 0 33 6
a 980 433 0 25 10
a 980 956 0 31 6
a 981 599 0 25 2
a 981 1904 0 47 7
a 982 467 0 25 2
a 982 605 0 9 7
a 983 564 0 25 3
a 983 1702 0 25 2
a 985 389 0 25 10
a 985 1560 0 14 10
a 989 160 0 25 3
a 989 1001 0 31 9
a 990 1784 0 25 6
a 990 8 0 46 10
a 992 1580 0 25 3
a 992 1565 0 22 8
a 994 542 0 25 10
a 994 1316 0 6 8
a 997 289 0 25 3
a 997 1393 0 4 1
a 999 1227 0 25 7
a 999 631 0 21 2
a 1003 444 0 25 6
a 1003 695 0 37 10
a 1004 1315 0 25 2
a 1004 815 0 0 3
a 1006 420 0 25 1
a 1006 1915 0 17 2
a 1007 1528 0 25 1
a 1007 503 0 13 6
a 1008 1004 0 25 7
a 1008 278 0 39 5
a 1009 591 0 25 5
a 1009 811 0 1 6
a 1013 305 0 25 2
a 1013 1118 0 5 8
a 1015 598 0 25 4
a 1015 378 0 24 10
a 1017 854 0 25 6
a 1017 1460 0 25 9
a 1018 1147 0 25 4
a 1018 1932 0 9 2
a 1020 174 0 25 1
a 1020 1468 0 48 2
a 1021 935 0 25 4
a 1021 1879 0 4 4
a 1022 1605 0 25 6
a 1022 1470 0 50 6
a 1023 1627 0 25 5
a 1023 625 0 24 8
a 1024 823 0 25 10
a 1024 254 0 40 4
a 1029 1847 0 25 6
a 1029 1444 0 19 2
a 1033 311 0 25 8
a 1033 725 0 26 9
a 1035 1611 0 25 2
a 1035 1644 0 10 3
a 1036 1421 0 25 8
a 1036 1351 0 43 2
a 1038 877 0 25 5
a 1038 316 0 3 9
a 1040 272 0 25 2
a 1040 822 0 30 9
a 1043 1656 0 25 2
a 1043 1544 0 39 2
a 1044 1672 0 25 5
a 1044 1045 0 11 1
a 1045 1581 0 25 8
a 1045 327 0 21 5
a 1046 1879 0 25 6
a 1046 1357 0 16 10
a 1047 1354 0 25 6
a 1047 1780 0 35 10
a 1049 1050 0 25 5
a 1049 1748 0 23 1
a 1050 1669 0 25 3
a 1050 633 0 7 9
a 1052 571 0 25 4
a 1052 1763 0 39 3
a 1055 1767 0 25 5
a 1055 1580 0 21 1
a 1056 1918 0 25 1
a 1056 1977 0 3 1
a 1060 335 0 25 9
a 1060 947 0 42 10
a 1061 1148 0 25 4
a 1061 1568 0 25 3
a 1064 1047 0 25 8
a 1064 463 0 6 4
a 1065 936 0 25 4
a 1065 1319 0 28 9
a 1069 1955 0 25 1
a 1069 1067 0 43 10
a 1070 237 0 25 10
a 1070 363 0 29 8
a 1071 1462 0 25 10
a 1071 39 0 16 8
a 1072 1799 0 25 5
a 1072 110 0 2 7
a 1075 331 0 25 5
a 1075 360 0 3 8
a 1077 1883 0 25 1
a 1077 1564 0 5 4
a 1081 211 0 25 7
a 1081 251 0 48 5
a 1082 1984 0 25 9
a 1082 341 0 14 6
a 1088 1231 0 25 2
a 1088 1804 0 33 1
a 1089 481 0 25 8
a 1089 1309 0 48 9
a 1092 711 0 25 1
a 1092 1880 0 48 4
a 1094 1589 0 25 3
a 1094 1428 0 5 2
a 1095 698 0 25 9
a 1095 725 0 13 10
a 1096 1962 0 25 2
a 1096 913 0 2 5
a 1097 1024 0 25 5
a 1097 1634 0 13 5
a 1099 213 0 25 8
a 1099 1960 0 44 6
a 1100 54 0 25 9
a 1100 1048 0 6 2
a 1101 1200 0 25 2
a 1101 1736 0 34 3
a 1102 227 0 25 4
a 1102 1779 0 8 6
a 1104 584 0 25 4
a 1104 1871 0 30 2
a 1107 316 0 25 5
a 1107 1029 0 9 6
a 1109 21 0 25 9
a 1109 36 0 39 8
a 1110 772 0 25 5
a 1110 1328 0 49 2
a 1115 1052 0 25 4
a 1115 1098 0 11 2
a 1116 1159 0 25 5
a 1116 1582 0 44 1
a 1119 1660 0 25 5
a 1119 1036 0 39 1
a 1120 1830 0 25 4
a 1120 1206 0 33 6
a 1122 831 0 25 7
a 1122 169 0 27 1
a 1125 983 0 25 7
a 1125 1967 0 20 8
a 1126 982 0 25 4
a 1126 357 0 19 3
a 1127 788 0 25 8
a 1127 173 0 7 5
a 1128 1158 0 25 9
a 1128 361 0 36 4
a 1134 956 0 25 2
a 1134 987 0 12 7
a 1137 471 0 25 8
a 1137 1860 0 31 10
a 1139 194 0 25 9
a 1139 1330 0 4 9
a 1143 1089 0 25 10
a 1143 1965 0 17 6
a 1147 1768 0 25 5
a 1147 1317 0 43 10
a 1148 757 0 25 9
a 1148 1414 0 24 9
a 1151 1496 0 25 2
a 1151 238 0 45 1
a 1154 911 0 25 6
a 1154 1164 0 8 1
a 1157 1092 0 25 6
a 1157 673 0 29 5
a 1158 671 0 25 6
a 1158 1817 0 24 6
a 1159 93 0 25 4
a 1159 1444 0 11 6
a 1161 1163 0 25 5
a 1161 899 0 43 4
a 1163 351 0 25 6
a 1163 1180 0 4 4
a 1164 1717 0 25 2
a 1164 926 0 38 7
a 1165 86 0 25 9
a 1165 1854 0 33 7
a 1166 290 0 25 8
a 1166 1540 0 16 3
a 1171 1477 0 25 1
a 1171 1222 0 6 2
a 1172 1755 0 25 3
a 1172 1821 0 1 8
a 1174 1831 0 25 2
a 1174 1863 0 34 2
a 1176 1665 0 25 3
a 1176 1061 0 33 9
a 1180 1706 0 25 2
a 1180 996 0 45 6
a 1183 270 0 25 6
a 1183 721 0 30 2
a 1184 1944 0 25 5
a 1184 1718 0 1 4
a 1185 294 0 25 6
a 1185 1424 0 23 8
a 1187 371 0 25 2
a 1187 1614 0 6 1
a 1189 33 0 25 9
a 1189 916 0 47 2
a 1191 162 0 25 6
a 1191 909 0 17 9
a 1193 966 0 25 10
a 1193 1738 0 17 9
a 1194 437 0 25 4
a 1194 1418 0 41 1
a 1195 739 0 25 6
a 1195 1486 0 25 9
a 1197 1470 0 25 10
a 1197 1115 0 41 8
a 1198 1836 0 25 5
a 1198 1223 0 23 6
a 1200 933 0 25 3
a 1200 1478 0 37 10
a 1202 1398 0 25 2
a 1202 1161 0 38 1
a 1203 1510 0 25 4
a 1203 1133 0 49 4
a 1204 1044 0 25 7
a 1204 789 0 27 5
a 1205 186 0 25 2
a 1205 1877 0 35 4
a 1207 262 0 25 10
a 1207 302 0 23 10
a 1209 1194 0 25 10
a 1209 1473 0 27 5
a 1211 15 0 25 5
a 1211 1992 0 39 10
a 1212 163 0 25 4
a 1212 1388 0 6 5
a 1213 574 0 25 6
a 1213 931 0 18 1
a 1217 465 0 25 5
a 1217 1831 0 45 2
a 1218 1535 0 25 1
a 1218 977 0 47 9
a 1220 778 0 25 10
a 1220 1048 0 37 2
a 1224 475 0 25 4
a 1224 906 0 17 3
a 1226 1631 0 25 8
a 1226 1468 0 2 4
a 1227 521 0 25 8
a 1227 1002 0 2 3
a 1228 1911 0 25 3
a 1228 1281 0 42 10
a 1229 413 0 25 6
a 1229 1507 0 15 6
a 1230 1207 0 25 4
a 1230 348 0 9 8
a 1231 1970 0 25 7
a 1231 502 0 16 5
a 1233 971 0 25 1
a 1233 1081 0 24 7
a 1236 1082 0 25 7
a 1236 594 0 44 6
a 1237 8 0 25 10
a 1237 769 0 47 10
a 1238 515 0 25 1
a 1238 324 0 13 3
a 1240 1774 0 25 9
a 1240 323 0 11 2
a 1241 1370 0 25 1
a 1241 1579 0 10 9
a 1243 865 0 25 2
a 1243 1339 0 26 3
a 1247 3 0 25 2
a 1247 210 0 2 5
a 1250 1110 0 25 7
a 1250 1042 0 33 7
a 1251 1401 0 25 7
a 1251 64 0 28 8
a 1252 473 0 25 6
a 1252 1390 0 18 9
a 1254 382 0 25 3
a 1254 1887 0 9 3
a 1256 1497 0 25 8
a 1256 1921 0 50 8
a 1257 1230 0 25 9
a 1257 1528 0 17 4
a 1259 1950 0 25 2
a 1259 637 0 33 8
a 1262 1174 0 25 3
a 1262 296 0 0 7
a 1266 682 0 25 5
a 1266 277 0 3 1
a 1268 1991 0 25 2
a 1268 1773 0 34 5
a 1269 906 0 25 6
a 1269 738 0 29 1
a 1270 543 0 25 3
a 1270 439 0 2 7
a 1273 1983 0 25 9
a 1273 269 0 8 1
a 1278 422 0 25 3
a 1278 1672 0 23 4
a 1279 152 0 25 10
a 1279 1079 0 30 7
a 1280 821 0 25 6
a 1280 757 0 48 1
a 1282 814 0 25 1
a 1282 1804 0 13 3
a 1284 753 0 25 5
a 1284 439 0 22 3
a 1286 1781 0 25 5
a 1286 1774 0 21 2
a 1292 249 0 25 10
a 1292 1551 0 2 3
a 1297 1740 0 25 1
a 1297 1430 0 9 10
a 1298 1165 0 25 2
a 1298 752 0 43 9
a 1301 1403 0 25 8
a 1301 792 0 12 2
a 1303 1172 0 25 8
a 1303 634 0 22 9
a 1304 1936 0 25 1
a 1304 1886 0 20 10
a 1305 220 0 25 2
a 1305 1055 0 39 3
a 1307 992 0 25 8
a 1307 221 0 35 10
a 1309 1440 0 25 7
a 1309 1199 0 49 5
a 1310 881 0 25 8
a 1310 972 0 4 8
a 1312 59 0 25 6
a 1312 473 0 24 1
a 1314 660 0 25 8
a 1314 559 0 19 2
a 1315 1109 0 25 9
a 1315 582 0 21 1
a 1316 88 0 25 3
a 1316 1382 0 31 6
a 1317 1632 0 25 9
a 1317 1850 0 25 6
a 1320 1960 0 25 5
a 1320 793 0 18 7
a 1323 745 0 25 2
a 1323 673 0 1 5
a 1324 1800 0 25 4
a 1324 258 0 30 4
a 1325 1642 0 25 6
a 1325 629 0 31 7
a 1326 1217 0 25 10
a 1326 156 0 1 7
a 1327 31 0 25 7
a 1327 52 0 49 3
a 1328 498 0 25 8
a 1328 1126 0 15 7
a 1330 1518 0 25 7
a 1330 805 0 39 6
a 1332 1982 0 25 6
a 1332 67 0 35 5
a 1338 1725 0 25 5
a 1338 1747 0 37 3
a 1339 1119 0 25 2
a 1339 185 0 38 8
a 1341 1757 0 25 4
a 1341 1104 0 39 4
a 1343 1887 0 25 2
a 1343 1591 0 22 2
a 1347 1939 0 25 10
a 1347 911 0 33 4
a 1350 1565 0 25 4
a 1350 1170 0 13 9
a 1354 89 0 25 5
a 1354 1877 0 28 7
a 1359 404 0 25 10
a 1359 1077 0 38 2
a 1363 1257 0 25 10
a 1363 21 0 50 10
a 1364 1956 0 25 7
a 1364 200 0 39 3
a 1365 1176 0 25 10
a 1365 127 0 17 9
a 1366 349 0 25 2
a 1366 376 0 17 4
a 1368 1279 0 25 4
a 1368 244 0 13 1
a 1370 1573 0 25 4
a 1370 285 0 40 2
a 1375 1099 0 25 4
a 1375 904 0 46 6
a 1378 339 0 25 5
a 1378 236 0 9 3
a 1379 68 0 25 10
a 1379 130 0 16 9
a 1382 1220 0 25 5
a 1382 197 0 21 10
a 1384 1807 0 25 2
a 1384 133 0 27 2
a 1386 74 0 25 6
a 1386 1895 0 2 2
a 1389 706 0 25 4
a 1389 114 0 28 7
a 1390 243 0 25 10
a 1390 889 0 20 3
a 1392 1893 0 25 2
a 1392 717 0 38 7
a 1393 723 0 25 9
a 1393 1487 0 23 3
a 1396 1988 0 25 5
a 1396 549 0 8 8
a 1398 1282 0 25 1
a 1398 101 0 30 1
a 1401 1413 0 25 6
a 1401 1021 0 8 10
a 1402 87 0 25 8
a 1402 1553 0 12 2
a 1403 1973 0 25 2
a 1403 1467 0 38 3
a 1405 506 0 25 2
a 1405 1374 0 18 6
a 1407 1259 0 25 10
a 1407 1096 0 45 5
a 1409 1122 0 25 8
a 1409 185 0 19 8
a 1410 53 0 25 8
a 1410 1122 0 9 6
a 1413 752 0 25 3
a 1413 1987 0 45 7
a 1417 538 0 25 10
a 1417 742 0 40 5
a 1420 118 0 25 5
a 1420 1067 0 27 6
a 1421 1056 0 25 4
a 1421 317 0 4 9
a 1422 617 0 25 5
a 1422 1202 0 41 6
a 1424 1205 0 25 6
a 1424 1306 0 7 2
a 1432 291 0 25 5
a 1432 1158 0 17 3
a 1433 216 0 25 7
a 1433 806 0 5 1
a 1435 1698 0 25 10
a 1435 625 0 25 10
a 1437 1402 0 25 7
a 1437 1635 0 13 9
a 1440 921 0 25 7
a 1440 1888 0 25 9
a 1441 1713 0 25 4
a 1441 1682 0 0 5
a 1443 1564 0 25 6
a 1443 1070 0 36 2
a 1444 1699 0 25 6
a 1444 23 0 32 6
a 1446 478 0 25 4
a 1446 1622 0 3 4
a 1447 1154 0 25 2
a 1447 466 0 27 2
a 1448 496 0 25 1
a 1448 719 0 48 9
a 1450 442 0 25 4
a 1450 28 0 27 4
a 1451 387 0 25 10
a 1451 595 0 37 2
a 1457 661 0 25 10
a 1457 1023 0 8 8
a 1459 1880 0 25 9
a 1459 477 0 11 9
a 1462 5 0 25 10
a 1462 617 0 45 10
a 1464 117 0 25 4
a 1464 1638 0 48 2
a 1465 643 0 25 9
a 1465 1985 0 23 5
a 1467 563 0 25 4
a 1467 1089 0 23 8
a 1468 63 0 25 10
a 1468 1373 0 19 9
a 1470 376 0 25 7
a 1470 755 0 7 10
a 1472 440 0 25 10
a 1472 1315 0 16 3
a 1476 1120 0 25 2
a 1476 1797 0 34 5
a 1477 813 0 25 3
a 1477 371 0 10 4
a 1478 1758 0 25 1
a 1478 558 0 34 9
a 1479 1437 0 25 6
a 1479 76 0 26 5
a 1480 1003 0 25 4
a 1480 1270 0 9 1
a 1481 1711 0 25 9
a 1481 1733 0 13 2
a 1483 580 0 25 10
a 1483 1471 0 3 3
a 1484 379 0 25 8
a 1484 669 0 11 3
a 1485 804 0 25 2
a 1485 873 0 47 8
a 1486 1386 0 25 6
a 1486 1634 0 13 6
a 1487 1250 0 25 1
a 1487 1446 0 14 10
a 1489 1422 0 25 3
a 1489 1363 0 41 4
a 1494 949 0 25 8
a 1494 453 0 25 1
a 1496 1686 0 25 8
a 1496 1138 0 49 6
a 1497 1874 0 25 10
a 1497 550 0 5 6
a 1498 417 0 25 7
a 1498 1451 0 43 8
a 1501 809 0 25 9
a 1501 510 0 26 3
a 1507 1065 0 25 10
a 1507 1679 0 35 6
a 1508 1954 0 25 10
a 1508 1126 0 1 4
a 1509 1314 0 25 5
a 1509 111 0 27 4
a 1510 754 0 25 8
a 1510 422 0 2 2
a 1511 1064 0 25 9
a 1511 900 0 31 9
a 1517 1325 0 25 3
a 1517 1542 0 40 3
a 1518 458 0 25 3
a 1518 1242 0 18 6
a 1519 1465 0 25 9
a 1519 1214 0 42 4
a 1521 1137 0 25 10
a 1521 420 0 22 8
a 1524 37 0 25 10
a 1524 684 0 41 2
a 1526 1820 0 25 5
a 1526 1510 0 46 2
a 1528 1761 0 25 2
a 1528 1166 0 41 6
a 1535 1036 0 25 9
a 1535 751 0 8 9
a 1536 561 0 25 9
a 1536 1798 0 39 6
a 1539 46 0 25 7
a 1539 128 0 35 4
a 1542 546 0 25 10
a 1542 490 0 14 7
a 1543 1107 0 25 4
a 1543 1443 0 27 10
a 1545 512 0 25 8
a 1545 815 0 5 6
a 1546 406 0 25 4
a 1546 1519 0 33 2
a 1548 1839 0 25 2
a 1548 1102 0 41 2
a 1552 843 0 25 2
a 1552 213 0 25 7
a 1555 1562 0 25 2
a 1555 127 0 28 9
a 1556 1468 0 25 5
a 1556 669 0 19 3
a 1560 680 0 25 5
a 1560 1377 0 7 5
a 1561 722 0 25 1
a 1561 1004 0 44 3
a 1562 1021 0 25 9
a 1562 592 0 30 10
a 1563 76 0 25 6
a 1563 545 0 43 4
a 1564 143 0 25 5
a 1564 735 0 0 4
a 1565 862 0 25 10
a 1565 1237 0 16 7
a 1567 847 0 25 2
a 1567 1765 0 50 7
a 1568 441 0 25 7
a 1568 76 0 8 7
a 1570 1243 0 25 1
a 1570 138 0 7 10
a 1571 1778 0 25 7
a 1571 65 0 48 6
a 1572 1316 0 25 2
a 1572 214 0 25 10
a 1573 123 0 25 8
a 1573 1370 0 44 8
a 1580 1789 0 25 4
a 1580 788 0 6 9
a 1581 445 0 25 8
a 1581 527 0 29 4
a 1586 1607 0 25 9
a 1586 200 0 23 9
a 1589 1450 0 25 4
a 1589 805 0 33 7
a 1593 415 0 25 6
a 1593 1397 0 27 2
a 1594 392 0 25 3
a 1594 968 0 16 8
a 1595 1457 0 25 2
a 1595 678 0 19 10
a 1596 1821 0 25 1
a 1596 1411 0 43 7
a 1604 1980 0 25 4
a 1604 149 0 30 2
a 1605 609 0 25 10
a 1605 163 0 39 9
a 1607 654 0 25 9
a 1607 1493 0 45 4
a 1611 137 0 25 9
a 1611 220 0 30 2
a 1612 779 0 25 5
a 1612 415 0 47 5
a 1615 1485 0 25 5
a 1615 1241 0 48 7
a 1616 1998 0 25 3
a 1616 1870 0 47 4
a 1620 715 0 25 6
a 1620 982 0 28 5
a 1623 1045 0 25 4
a 1623 1091 0 49 7
a 1627 1029 0 25 2
a 1627 238 0 50 9
a 1630 857 0 25 9
a 1630 1593 0 24 2
a 1631 918 0 25 5
a 1631 1754 0 1 5
a 1632 893 0 25 9
a 1632 1200 0 49 1
a 1633 1166 0 25 6
a 1633 639 0 50 3
a 1634 1479 0 25 4
a 1634 1310 0 19 9
a 1636 583 0 25 9
a 1636 690 0 26 1
a 1641 1286 0 25 2
a 1641 837 0 14 7
a 1642 504 0 25 8
a 1642 128 0 23 1
a 1643 978 0 25 1
a 1643 455 0 3 9
a 1646 1171 0 25 2
a 1646 1098 0 1 7
a 1650 1284 0 25 9
a 1650 637 0 17 7
a 1652 780 0 25 2
a 1652 1356 0 10 10
a 1654 65 0 25 4
a 1654 774 0 26 5
a 1656 712 0 25 5
a 1656 543 0 6 10
a 1657 1928 0 25 4
a 1657 3 0 36 3
a 1658 1990 0 25 10
a 1658 1485 0 1 8
a 1660 1378 0 25 1
a 1660 57 0 43 10
a 1663 1864 0 25 10
a 1663 825 0 22 8
a 1665 1017 0 25 10
a 1665 1953 0 44 10
a 1667 238 0 25 7
a 1667 1623 0 36 8
a 1668 282 0 25 8
a 1668 265 0 49 5
a 1669 1088 0 25 1
a 1669 1849 0 14 7
a 1672 1894 0 25 5
a 1672 684 0 45 2
a 1673 842 0 25 10
a 1673 1652 0 9 3
a 1676 66 0 25 5
a 1676 350 0 40 8
a 1677 1013 0 25 4
a 1677 1024 0 33 2
a 1680 1942 0 25 10
a 1680 923 0 24 10
a 1683 1689 0 25 1
a 1683 949 0 24 7
a 1686 1563 0 25 3
a 1686 869 0 21 10
a 1689 565 0 25 8
a 1689 570 0 14 5
a 1690 730 0 25 5
a 1690 111 0 0 9
a 1693 1035 0 25 6
a 1693 1866 0 17 1
a 1697 1719 0 25 2
a 1697 1833 0 21 2
a 1698 195 0 25 3
a 1698 1972 0 50 5
a 1699 1096 0 25 8
a 1699 1294 0 10 9
a 1700 600 0 25 7
a 1700 710 0 27 2
a 1702 1811 0 25 10
a 1702 786 0 49 10
a 1703 1732 0 25 10
a 1703 1571 0 48 1
a 1706 1852 0 25 8
a 1706 527 0 3 3
a 1707 1498 0 25 1
a 1707 1187 0 35 3
a 1708 1095 0 25 5
a 1708 463 0 47 4
a 1709 797 0 25 6
a 1709 1859 0 22 2
a 1711 1392 0 25 8
a 1711 916 0 36 7
a 1713 1297 0 25 6
a 1713 162 0 37 7
a 1714 611 0 25 10
a 1714 623 0 20 8
a 1715 603 0 25 6
a 1715 1883 0 5 7
a 1717 570 0 25 8
a 1717 1633 0 46 4
a 1718 1040 0 25 2
a 1718 1974 0 16 5
a 1719 679 0 25 10
a 1719 620 0 10 7
a 1720 1195 0 25 4
a 1720 1348 0 19 6
a 1725 1481 0 25 10
a 1725 42 0 46 7
a 1727 910 0 25 4
a 1727 476 0 31 7
a 1730 1432 0 25 8
a 1730 168 0 13 2
a 1732 141 0 25 6
a 1732 1975 0 45 8
a 1733 78 0 25 4
a 1733 241 0 35 1
a 1735 325 0 25 1
a 1735 1870 0 15 5
a 1737 1834 0 25 2
a 1737 423 0 15 7
a 1740 27 0 25 3
a 1740 188 0 41 4
a 1741 1737 0 25 10
a 1741 1705 0 0 6
a 1743 709 0 25 9
a 1743 1367 0 46 1
a 1744 691 0 25 8
a 1744 1049 0 5 5
a 1745 1989 0 25 1
a 1745 166 0 12 2
a 1746 602 0 25 9
a 1746 125 0 12 10
a 1748 94 0 25 2
a 1748 1620 0 10 1
a 1751 1995 0 25 5
a 1751 1566 0 18 3
a 1752 1384 0 25 5
a 1752 1019 0 15 8
a 1753 466 0 25 3
a 1753 874 0 38 6
a 1755 1865 0 25 3
a 1755 1615 0 22 5
a 1757 1752 0 25 4
a 1757 1695 0 46 10
a 1758 728 0 25 4
a 1758 203 0 12 2
a 1759 1938 0 25 3
a 1759 1273 0 38 7
a 1761 205 0 25 2
a 1761 1986 0 1 2
a 1762 1676 0 25 9
a 1762 1413 0 5 4
a 1764 582 0 25 8
a 1764 1011 0 10 10
a 1765 1143 0 25 1
a 1765 809 0 8 9
a 1767 323 0 25 10
a 1767 752 0 44 8
a 1768 718 0 25 3
a 1768 999 0 22 10
a 1774 695 0 25 6
a 1774 1679 0 8 8
a 1776 25 0 25 3
a 1776 1126 0 44 3
a 1777 1364 0 25 1
a 1777 385 0 33 4
a 1778 597 0 25 9
a 1778 1884 0 41 10
a 1779 836 0 25 10
a 1779 436 0 44 1
a 1781 1382 0 25 8
a 1781 1774 0 41 6
a 1784 1748 0 25 5
a 1784 725 0 41 2
a 1785 1115 0 25 6
a 1785 35 0 50 8
a 1788 1262 0 25 3
a 1788 1754 0 12 8
a 1789 989 0 25 6
a 1789 372 0 24 1
a 1790 1946 0 25 6
a 1790 942 0 4 4
a 1794 997 0 25 4
a 1794 1281 0 37 8
a 1795 1714 0 25 1
a 1795 214 0 12 6
a 1796 1709 0 25 9
a 1796 1436 0 2 9
a 1797 1139 0 25 1
a 1797 579 0 5 2
a 1799 240 0 25 2
a 1799 781 0 28 3
a 1800 1546 0 25 5
a 1800 975 0 23 8
a 1802 100 0 25 8
a 1802 1128 0 43 7
a 1805 1886 0 25 10
a 1805 739 0 49 2
a 1807 1697 0 25 3
a 1807 1194 0 16 4
a 1808 1993 0 25 9
a 1808 120 0 33 8
a 1810 1795 0 25 1
a 1810 1515 0 35 9
a 1811 1777 0 25 2
a 1811 1679 0 34 1
a 1815 1702 0 25 2
a 1815 840 0 10 1
a 1817 1524 0 25 3
a 1817 550 0 36 7
a 1818 1365 0 25 8
a 1818 1149 0 34 8
a 1820 1837 0 25 1
a 1820 1988 0 3 9
a 1821 1494 0 25 8
a 1821 405 0 40 4
a 1823 1209 0 25 10
a 1823 1053 0 29 8
a 1825 419 0 25 5
a 1825 1393 0 22 8
a 1827 106 0 25 3
a 1827 1539 0 15 7
a 1830 1805 0 25 3
a 1830 1547 0 45 3
a 1831 719 0 25 9
a 1831 226 0 47 7
a 1833 858 0 25 7
a 1833 808 0 50 8
a 1834 383 0 25 1
a 1834 1433 0 16 6
a 1835 1185 0 25 4
a 1835 1536 0 11 1
a 1836 253 0 25 4
a 1836 1814 0 6 6
a 1837 209 0 25 7
a 1837 1747 0 8 1
a 1838 1905 0 25 8
a 1838 289 0 42 8
a 1839 1727 0 25 9
a 1839 14 0 28 1
a 1840 1126 0 25 9
a 1840 1553 0 20 7
a 1841 1020 0 25 5
a 1841 177 0 16 5
a 1846 223 0 25 3
a 1846 1323 0 34 10
a 1847 1560 0 25 8
a 1847 311 0 22 4
a 1849 1483 0 25 3
a 1849 410 0 0 3
a 1851 926 0 25 8
a 1851 148 0 11 2
a 1852 1863 0 25 1
a 1852 84 0 40 1
a 1861 381 0 25 1
a 1861 508 0 36 1
a 1863 198 0 25 10
a 1863 139 0 19 4
a 1864 1304 0 25 8
a 1864 668 0 30 1
a 1865 1797 0 25 4
a 1865 576 0 7 8
a 1868 1620 0 25 2
a 1868 258 0 30 10
a 1870 1680 0 25 8
a 1870 1444 0 25 6
a 1871 1251 0 25 1
a 1871 1181 0 0 6
a 1873 791 0 25 10
a 1873 643 0 19 3
a 1874 303 0 25 1
a 1874 1885 0 15 5
a 1876 1827 0 25 2
a 1876 1028 0 31 9
a 1877 1570 0 25 4
a 1877 355 0 5 5
a 1879 1184 0 25 4
a 1879 475 0 32 8
a 1880 350 0 25 1
a 1880 933 0 23 4
a 1883 1683 0 25 8
a 1883 1940 0 24 10
a 1884 962 0 25 1
a 1884 1897 0 6 7
a 1885 589 0 25 3
a 1885 1784 0 17 4
a 1886 2000 0 25 6
a 1886 1816 0 25 6
a 1887 1292 0 25 1
a 1887 87 0 0 6
a 1888 1931 0 25 3
a 1888 710 0 29 8
a 1891 1368 0 25 6
a 1891 136 0 43 2
a 1892 1616 0 25 8
a 1892 553 0 22 4
a 1893 242 0 25 7
a 1893 399 0 20 6
a 1894 1254 0 25 6
a 1894 1925 0 19 1
a 1898 1077 0 25 7
a 1898 1808 0 30 1
a 1900 759 0 25 1
a 1900 615 0 14 6
a 1901 375 0 25 9
a 1901 829 0 26 5
a 1903 1969 0 25 1
a 1903 1278 0 37 8
a 1905 438 0 25 1
a 1905 637 0 43 9
a 1908 1363 0 25 7
a 1908 1370 0 48 7
a 1911 115 0 25 2
a 1911 1077 0 14 1
a 1912 1900 0 25 1
a 1912 690 0 26 7
a 1913 1877 0 25 6
a 1913 1789 0 50 3
a 1914 1650 0 25 8
a 1914 1821 0 38 1
a 1915 177 0 25 1
a 1915 862 0 30 2
a 1918 670 0 25 5
a 1918 1272 0 19 7
a 1919 922 0 25 6
a 1919 362 0 3 9
a 1920 226 0 25 10
a 1920 1975 0 7 7
a 1923 1033 0 25 9
a 1923 114 0 7 6
a 1928 1339 0 25 1
a 1928 72 0 21 1
a 1931 1393 0 25 8
a 1931 712 0 42 5
a 1932 1667 0 25 9
a 1932 1356 0 48 4
a 1936 851 0 25 8
a 1936 1502 0 44 6
a 1937 1914 0 25 8
a 1937 1166 0 17 9
a 1938 1703 0 25 2
a 1938 143 0 18 7
a 1939 171 0 25 9
a 1939 49 0 28 7
a 1942 1317 0 25 7
a 1942 1077 0 2 6
a 1944 1015 0 25 6
a 1944 1651 0 20 5
a 1945 283 0 25 10
a 1945 1938 0 26 1
a 1946 347 0 25 1
a 1946 61 0 37 8
a 1949 1891 0 25 9
a 1949 201 0 9 8
a 1950 884 0 25 10
a 1950 336 0 9 1
a 1951 188 0 25 3
a 1951 1568 0 38 4
a 1954 783 0 25 3
a 1954 1429 0 17 4
a 1955 942 0 25 5
a 1955 1919 0 39 6
a 1956 286 0 25 6
a 1956 658 0 44 1
a 1957 1885 0 25 3
a 1957 1185 0 34 9
a 1959 977 0 25 5
a 1959 1576 0 0 1
a 1960 1630 0 25 4
a 1960 1230 0 31 10
a 1962 1641 0 25 10
a 1962 1375 0 3 4
a 1967 449 0 25 4
a 1967 270 0 5 10
a 1968 1409 0 25 7
a 1968 588 0 44 10
a 1969 1733 0 25 10
a 1969 1737 0 17 6
a 1970 148 0 25 7
a 1970 1653 0 15 1
a 1973 1237 0 25 5
a 1973 939 0 0 7
a 1975 725 0 25 7
a 1975 170 0 43 9
a 1977 1646 0 25 6
a 1977 213 0 47 1
a 1980 1061 0 25 1
a 1980 109 0 36 2
a 1981 825 0 25 4
a 1981 810 0 46 2
a 1982 1595 0 25 9
a 1982 893 0 26 10
a 1983 1654 0 25 4
a 1983 1180 0 38 3
a 1984 402 0 25 5
a 1984 69 0 28 2
a 1985 127 0 25 9
a 1985 1853 0 11 1
a 1986 1280 0 25 2
a 1986 952 0 13 7
a 1988 489 0 25 9
a 1988 1844 0 19 4
a 1989 1309 0 25 3
a 1989 1849 0 16 7
a 1990 6 0 25 9
a 1990 815 0 19 10
a 1991 1720 0 25 4
a 1991 661 0 13 3
a 1992 1967 0 25 1
a 1992 557 0 38 5
a 1993 707 0 25 9
a 1993 234 0 8 1
a 1995 620 0 25 10
a 1995 401 0 21 7
a 1996 1323 0 25 6
a 1996 1456 0 0 3
a 1998 1937 0 25 4
a 1998 166 0 38 6
a 2 207 0 25 6
a 2 363 0 39 7
a 7 522 0 25 3
a 7 815 0 16 8
a 9 1726 0 25 5
a 9 1077 0 26 2
a 10 169 0 25 4
a 10 592 0 47 9
a 11 523 0 25 5
a 11 392 0 27 7
a 13 1306 0 25 4
a 13 1333 0 22 1
a 14 1782 0 25 2
a 14 325 0 31 3
a 16 830 0 25 7
a 16 455 0 10 4
a 19 1388 0 25 4
a 19 960 0 47 7
a 20 1557 0 25 3
a 20 1256 0 41 5
a 23 1011 0 25 7
a 23 885 0 1 2
a 24 1505 0 25 9
a 24 107 0 35 8
a 28 1813 0 25 1
a 28 1987 0 47 4
a 29 1647 0 25 1
a 29 638 0 39 6
a 32 1357 0 25 10
a 32 382 0 10 10
a 34 1625 0 25 10
a 34 749 0 26 10
a 35 1769 0 25 10
a 35 1781 0 18 2
a 36 755 0 25 7
a 36 261 0 45 6
a 39 142 0 25 6
a 39 1444 0 45 1
a 40 824 0 25 9
a 40 260 0 18 7
a 42 254 0 25 9
a 42 1160 0 10 5
a 43 1826 0 25 4
a 43 593 0 22 6
a 44 1675 0 25 1
a 44 272 0 21 7
a 47 746 0 25 6
a 47 1507 0 21 3
a 48 136 0 25 7
a 48 1293 0 47 9
a 50 1895 0 25 5
a 50 1208 0 11 9
a 51 1531 0 25 8
a 51 363 0 44 10
a 52 727 0 25 8
a 52 376 0 37 2
a 55 1170 0 25 7
a 55 1677 0 25 5
a 57 341 0 25 4
a 57 1624 0 41 2
a 58 55 0 25 8
a 58 373 0 27 5
a 60 1756 0 25 7
a 60 1164 0 6 3
a 61 628 0 25 6
a 61 1651 0 15 3
a 64 1442 0 25 3
a 64 63 0 19 3
a 67 377 0 25 2
a 67 1133 0 9 8
a 69 357 0 25 7
a 69 1828 0 29 10
a 70 1608 0 25 9
a 70 1980 0 14 9
a 71 91 0 25 9
a 71 460 0 36 5
a 73 1664 0 25 6
a 73 7 0 16 9
a 75 180 0 25 2
a 75 1373 0 8 8
a 79 300 0 25 1
a 79 1282 0 8 10
a 80 835 0 25 2
a 80 1033 0 44 7
a 81 1695 0 25 10
a 81 1929 0 15 5
a 82 172 0 25 7
a 82 511 0 33 10
a 85 642 0 25 2
a 85 5 0 42 7
a 90 1156 0 25 9
a 90 956 0 7 6
a 91 1716 0 25 4
a 91 1485 0 24 2
a 92 1124 0 25 4
a 92 1460 0 41 8
a 96 1638 0 25 9
a 96 1480 0 23 6
a 97 324 0 25 8
a 97 1812 0 50 5
a 102 1397 0 25 7
a 102 823 0 7 1
a 103 1925 0 25 10
a 103 501 0 0 3
a 104 1381 0 25 4
a 104 559 0 19 7
a 107 1002 0 25 6
a 107 1177 0 21 2
a 108 816 0 25 7
a 108 905 0 21 7
a 110 385 0 25 4
a 110 1744 0 18 1
a 111 1728 0 25 8
a 111 1163 0 33 4
a 112 1063 0 25 9
a 112 1127 0 13 2
a 113 1881 0 25 6
a 113 1378 0 45 6
a 114 1150 0 25 1
a 114 1361 0 23 1
a 116 1333 0 25 6
a 116 385 0 31 4
a 119 948 0 25 2
a 119 1182 0 35 7
a 121 697 0 25 10
a 121 874 0 10 8
a 122 1182 0 25 10
a 122 1547 0 41 1
a 125 819 0 25 3
a 125 1785 0 45 9
a 128 108 0 25 2
a 128 305 0 9 10
a 131 1522 0 25 6
a 131 702 0 16 1
a 132 502 0 25 4
a 132 864 0 7 2
a 134 1731 0 25 8
a 134 1461 0 27 2
a 135 369 0 25 3
a 135 1817 0 43 7
a 136 354 0 25 4
a 136 381 0 45 4
a 142 1093 0 25 6
a 142 1603 0 19 8
a 145 1809 0 25 2
a 145 1956 0 30 10
a 146 537 0 25 8
a 146 515 0 31 6
a 147 613 0 25 5
a 147 1583 0 50 9
a 149 1867 0 25 10
a 149 651 0 12 5
a 150 1039 0 25 10
a 150 84 0 29 8
a 151 184 0 25 8
a 151 1359 0 4 6
a 153 1592 0 25 6
a 153 920 0 2 3
a 154 1144 0 25 2
a 154 499 0 45 3
a 161 1014 0 25 9
a 161 1409 0 8 2
a 164 1192 0 25 2
a 164 1772 0 39 4
a 165 484 0 25 8
a 165 1069 0 30 8
a 168 955 0 25 1
a 168 450 0 50 7
a 169 1691 0 25 2
a 169 995 0 2 2
a 172 581 0 25 8
a 172 16 0 0 8
a 173 644 0 25 1
a 173 1912 0 26 3
a 175 1030 0 25 9
a 175 177 0 41 10
a 178 808 0 25 3
a 178 11 0 12 4
a 179 1152 0 25 8
a 179 650 0 13 10
a 180 784 0 25 2
a 180 15 0 34 3
a 183 1190 0 25 6
a 183 598 0 46 3
a 184 1123 0 25 8
a 184 1680 0 4 2
a 189 1221 0 25 4
a 189 976 0 30 4
a 192 374 0 25 2
a 192 478 0 9 5
a 193 483 0 25 6
a 193 1678 0 41 2
a 197 932 0 25 1
a 197 539 0 18 8
a 199 1167 0 25 3
a 199 1386 0 39 10
a 201 1842 0 25 10
a 201 1926 0 4 1
a 202 1142 0 25 2
a 202 569 0 16 3
a 204 1780 0 25 10
a 204 277 0 37 10
a 206 1358 0 25 2
a 206 936 0 10 6
a 207 1692 0 25 8
a 207 965 0 7 1
a 210 43 0 25 2
a 210 1357 0 39 4
a 212 1466 0 25 1
a 212 1850 0 2 2
a 214 1471 0 25 10
a 214 190 0 19 10
a 217 975 0 25 6
a 217 118 0 43 6
a 218 1618 0 25 4
a 218 793 0 8 7
a 219 875 0 25 7
a 219 59 0 6 10
a 222 1729 0 25 10
a 222 687 0 25 7
a 228 1832 0 25 3
a 228 1383 0 37 9
a 229 652 0 25 3
a 229 253 0 17 8
a 230 284 0 25 8
a 230 266 0 39 1
a 232 23 0 25 8
a 232 852 0 2 4
a 235 1265 0 25 5
a 235 938 0 50 6
a 236 1671 0 25 2
a 236 1191 0 44 6
a 239 1387 0 25 7
a 239 205 0 50 8
a 246 805 0 25 9
a 246 414 0 15 6
a 247 1736 0 25 5
a 247 404 0 47 5
a 248 793 0 25 2
a 248 1312 0 36 1
a 250 1103 0 25 8
a 250 1036 0 5 10
a 251 1722 0 25 7
a 251 784 0 8 4
a 252 1311 0 25 3
a 252 977 0 3 10
a 254 370 0 25 6
a 254 1055 0 13 6
a 255 822 0 25 4
a 255 817 0 1 6
a 256 878 0 25 6
a 256 73 0 3 7
a 258 47 0 25 7
a 258 1840 0 32 3
a 259 1943 0 25 6
a 259 180 0 10 9
a 263 50 0 25 4
a 263 1912 0 22 1
a 264 573 0 25 2
a 264 933 0 10 3
a 266 1434 0 25 9
a 266 776 0 18 10
a 268 1308 0 25 7
a 268 1088 0 33 2
a 269 1090 0 25 1
a 269 114 0 18 2
a 273 726 0 25 6
a 273 868 0 40 10
a 275 979 0 25 5
a 275 222 0 18 1
a 276 954 0 25 8
a 276 927 0 43 2
a 279 817 0 25 10
a 279 845 0 2 7
a 280 665 0 25 1
a 280 1836 0 25 10
a 281 1869 0 25 5
a 281 542 0 8 2
a 284 782 0 25 1
a 284 1166 0 38 8
a 285 297 0 25 9
a 285 690 0 48 9
a 288 336 0 25 4
a 288 1523 0 9 6
a 292 1181 0 25 3
a 292 712 0 24 7
a 293 1533 0 25 4
a 293 320 0 34 7
a 295 193 0 25 5
a 295 1194 0 18 9
a 296 1629 0 25 7
a 296 991 0 12 1
a 297 52 0 25 7
a 297 1025 0 9 9
a 300 1283 0 25 9
a 300 1386 0 35 10
a 301 1738 0 25 7
a 301 1729 0 39 7
a 302 1806 0 25 7
a 302 748 0 45 1
a 304 1319 0 25 9
a 304 1133 0 4 4
a 306 1051 0 25 8
a 306 1568 0 14 10
a 309 1601 0 25 3
a 309 1957 0 31 10
a 312 729 0 25 8
a 312 742 0 11 10
a 313 876 0 25 3
a 313 1330 0 19 9
a 317 1773 0 25 2
a 317 1002 0 15 9
a 318 1246 0 25 9
a 318 378 0 6 10
a 319 699 0 25 9
a 319 67 0 2 5
a 320 1974 0 25 2
a 320 914 0 42 3
a 321 1550 0 25 10
a 321 1856 0 5 6
a 324 1281 0 25 4
a 324 1047 0 20 2
a 326 222 0 25 2
a 326 284 0 45 6
a 327 555 0 25 9
a 327 1851 0 34 6
a 328 1177 0 25 3
a 328 934 0 6 9
a 329 1129 0 25 10
a 329 1755 0 23 2
a 330 487 0 25 10
a 330 1409 0 4 2
a 332 1579 0 25 7
a 332 1905 0 12 3
a 334 1909 0 25 1
a 334 232 0 9 8
a 336 1754 0 25 1
a 336 1566 0 10 3
a 337 1541 0 25 5
a 337 1223 0 19 6
a 338 452 0 25 9
a 338 429 0 30 5
a 340 1534 0 25 1
a 340 240 0 31 5
a 341 9 0 25 2
a 341 1783 0 6 10
a 344 251 0 25 9
a 344 1423 0 17 6
a 345 1291 0 25 7
a 345 1422 0 17 10
a 346 330 0 25 3
a 346 1772 0 11 9
a 354 477 0 25 4
a 354 1393 0 23 1
a 355 57 0 25 8
a 355 1726 0 20 3
a 356 853 0 25 7
a 356 1821 0 7 6
a 357 1760 0 25 6
a 357 600 0 28 1
a 359 987 0 25 7
a 359 1316 0 12 8
a 361 1662 0 25 8
a 361 519 0 42 6
a 362 1287 0 25 6
a 362 1513 0 37 10
a 364 724 0 25 8
a 364 1049 0 38 7
a 365 425 0 25 9
a 365 1719 0 21 1
a 367 165 0 25 5
a 367 947 0 19 6
a 368 128 0 25 8
a 368 1484 0 19 4
a 369 1829 0 25 9
a 369 544 0 7 7
a 370 1353 0 25 4
a 370 489 0 21 2
a 372 1822 0 25 2
a 372 570 0 1 9
a 374 1041 0 25 3
a 374 729 0 40 7
a 377 217 0 25 9
a 377 839 0 36 5
a 380 1621 0 25 2
a 380 685 0 5 4
a 384 1661 0 25 9
a 384 1540 0 16 9
a 385 900 0 25 2
a 385 1106 0 35 8
a 386 1313 0 25 5
a 386 405 0 49 7
a 388 1455 0 25 10
a 388 224 0 32 2
a 390 1966 0 25 4
a 390 974 0 2 10
a 391 927 0 25 3
a 391 450 0 22 3
a 394 1906 0 25 5
a 394 83 0 20 8
a 395 601 0 25 2
a 395 1159 0 12 1
a 396 946 0 25 7
a 396 954 0 12 4
a 397 359 0 25 7
a 397 1332 0 41 9
a 398 1674 0 25 8
a 398 846 0 18 6
a 399 80 0 25 10
a 399 690 0 33 4
a 403 230 0 25 2
a 403 3 0 11 6
a 405 1812 0 25 4
a 405 1244 0 28 7
a 409 556 0 25 6
a 409 669 0 47 5
a 412 716 0 25 8
a 412 1066 0 39 5
a 421 1953 0 25 4
a 421 517 0 44 10
a 423 1084 0 25 6
a 423 654 0 6 2
a 424 1855 0 25 7
a 424 655 0 19 2
a 425 192 0 25 9
a 425 232 0 4 9
a 427 1958 0 25 7
a 427 1339 0 30 5
a 430 1275 0 25 3
a 430 1135 0 33 8
a 431 1845 0 25 1
a 431 677 0 19 7
a 432 1431 0 25 1
a 432 1325 0 7 9
a 434 592 0 25 10
a 434 16 0 40 6
a 435 533 0 25 8
a 435 1230 0 1 5
a 436 569 0 25 2
a 436 1843 0 23 8
a 439 1639 0 25 3
a 439 173 0 42 6
a 446 1114 0 25 9
a 446 188 0 50 7
a 447 1569 0 25 2
a 447 326 0 46 3
a 448 1997 0 25 3
a 448 1472 0 33 8
a 450 536 0 25 7
a 450 893 0 27 9
a 451 1344 0 25 8
a 451 1115 0 32 4
a 452 1771 0 25 1
a 452 594 0 12 4
a 453 641 0 25 2
a 453 1642 0 0 1
a 456 700 0 25 1
a 456 1804 0 1 7
a 457 1473 0 25 7
a 457 925 0 40 1
a 460 1179 0 25 5
a 460 1728 0 11 4
a 461 1155 0 25 2
a 461 1901 0 1 4
a 463 696 0 25 3
a 463 799 0 33 5
a 468 747 0 25 9
a 468 1095 0 18 1
a 470 1385 0 25 1
a 470 1125 0 2 9
a 472 121 0 25 4
a 472 2000 0 21 2
a 474 368 0 25 9
a 474 1811 0 5 10
a 476 1488 0 25 6
a 476 402 0 50 8
a 477 548 0 25 10
a 477 607 0 6 1
a 479 424 0 25 4
a 479 1896 0 30 1
a 480 1902 0 25 4
a 480 329 0 31 6
a 482 1267 0 25 2
a 482 1772 0 20 8
a 483 1644 0 25 4
a 483 1589 0 34 8
a 484 588 0 25 7
a 484 1769 0 14 10
a 485 114 0 25 1
a 485 1623 0 20 10
a 487 1648 0 25 1
a 487 923 0 12 8
a 488 1019 0 25 9
a 488 1707 0 13 4
a 490 986 0 25 6
a 490 1143 0 40 3
a 492 1138 0 25 9
a 492 909 0 17 4
a 494 104 0 25 8
a 494 536 0 43 10
a 495 1406 0 25 9
a 495 1032 0 33 5
a 497 1206 0 25 7
a 497 562 0 19 7
a 501 113 0 25 3
a 501 1885 0 28 10
a 502 1763 0 25 2
a 502 777 0 0 5
a 503 651 0 25 10
a 503 12 0 3 4
a 505 1285 0 25 1
a 505 230 0 3 9
a 509 550 0 25 2
a 509 1031 0 32 1
a 510 1628 0 25 3
a 510 529 0 18 7
a 511 317 0 25 1
a 511 1119 0 23 1
a 514 1416 0 25 8
a 514 404 0 26 3
a 518 145 0 25 2
a 518 1674 0 8 8
a 519 1028 0 25 6
a 519 610 0 15 7
a 522 1348 0 25 1
a 522 1668 0 25 4
a 523 296 0 25 1
a 523 15 0 30 2
a 524 206 0 25 6
a 524 950 0 32 3
a 526 175 0 25 1
a 526 561 0 39 3
a 527 1016 0 25 7
a 527 1797 0 31 9
a 531 1934 0 25 9
a 531 1049 0 44 6
a 533 79 0 25 4
a 533 364 0 40 7
a 534 1786 0 25 5
a 534 1558 0 43 4
a 535 501 0 25 3
a 535 539 0 4 4
a 536 107 0 25 9
a 536 243 0 28 3
a 537 1073 0 25 8
a 537 26 0 48 10
a 539 1048 0 25 5
a 539 1343 0 27 4
a 540 909 0 25 7
a 540 838 0 38 9
a 541 632 0 25 4
a 541 1204 0 35 8
a 545 605 0 25 9
a 545 562 0 43 9
a 547 771 0 25 7
a 547 963 0 4 6
a 548 39 0 25 5
a 548 1088 0 17 3
a 549 1793 0 25 4
a 549 55 0 30 9
a 550 1681 0 25 3
a 550 585 0 28 3
a 552 1614 0 25 2
a 552 1362 0 3 4
a 553 1878 0 25 2
a 553 1055 0 34 4
a 554 1331 0 25 10
a 554 99 0 42 6
a 555 495 0 25 10
a 555 408 0 45 3
a 556 1091 0 25 1
a 556 1755 0 7 4
a 557 1922 0 25 8
a 557 1273 0 7 10
a 558 1232 0 25 2
a 558 46 0 11 10
a 559 1408 0 25 6
a 559 1519 0 8 6
a 560 476 0 25 10
a 560 1539 0 37 6
a 566 16 0 25 1
a 566 1220 0 44 4
a 569 1373 0 25 4
a 569 1523 0 17 4
a 573 840 0 25 2
a 573 1205 0 12 7
a 575 789 0 25 9
a 575 1347 0 2 6
a 577 672 0 25 6
a 577 1278 0 30 5
a 578 731 0 25 4
a 578 161 0 30 4
a 579 1404 0 25 1
a 579 705 0 29 10
a 581 1512 0 25 6
a 581 833 0 42 3
a 586 785 0 25 1
a 586 240 0 29 1
a 588 439 0 25 2
a 588 751 0 8 5
a 592 625 0 25 10
a 592 1643 0 34 9
a 593 397 0 25 8
a 593 805 0 47 7
a 594 147 0 25 2
a 594 1524 0 49 7
a 601 427 0 25 9
a 601 174 0 34 9
a 604 40 0 25 2
a 604 698 0 8 6
a 605 1223 0 25 9
a 605 881 0 38 10
a 606 488 0 25 3
a 606 1632 0 33 3
a 608 1083 0 25 7
a 608 1713 0 10 7
a 612 777 0 25 10
a 612 1634 0 26 8
a 613 119 0 25 1
a 613 1016 0 0 4
a 614 1334 0 25 6
a 614 874 0 21 10
a 615 634 0 25 6
a 615 1815 0 8 3
a 618 1429 0 25 6
a 618 1309 0 30 2
a 622 110 0 25 8
a 622 1124 0 34 3
a 624 606 0 25 4
a 624 150 0 48 5
a 625 1600 0 25 6
a 625 768 0 46 3
a 626 925 0 25 3
a 626 1761 0 46 10
a 628 430 0 25 5
a 628 463 0 10 3
a 629 1964 0 25 6
a 629 1037 0 44 5
a 630 1775 0 25 3
a 630 1994 0 13 5
a 631 527 0 25 1
a 631 956 0 35 7
a 632 472 0 25 9
a 632 1019 0 24 8
a 633 1602 0 25 7
a 633 631 0 6 5
a 634 321 0 25 1
a 634 192 0 16 8
a 636 1814 0 25 3
a 636 866 0 19 4
a 637 306 0 25 7
a 637 1789 0 43 7
a 638 659 0 25 6
a 638 1229 0 49 5
a 639 860 0 25 6
a 639 980 0 40 7
a 641 1926 0 25 8
a 641 1263 0 1 7
a 642 624 0 25 6
a 642 1571 0 36 2
a 644 721 0 25 10
a 644 928 0 21 3
a 645 456 0 25 1
a 645 1922 0 40 4
a 646 326 0 25 7
a 646 708 0 26 6
a 647 337 0 25 6
a 647 779 0 4 2
a 649 667 0 25 3
a 649 1036 0 37 10
a 651 689 0 25 10
a 651 985 0 5 7
a 652 657 0 25 5
a 652 1354 0 4 1
a 653 1411 0 25 8
a 653 624 0 16 4
a 657 451 0 25 8
a 657 496 0 41 4
a 658 1527 0 25 8
a 658 181 0 14 5
a 659 391 0 25 5
a 659 1258 0 13 7
a 664 1500 0 25 1
a 664 769 0 4 10
a 665 687 0 25 8
a 665 552 0 41 3
a 667 1454 0 25 10
a 667 1145 0 19 8
a 668 490 0 25 5
a 668 1165 0 12 7
a 669 1659 0 25 6
a 669 827 0 49 3
a 672 204 0 25 3
a 672 385 0 45 6
a 673 122 0 25 5
a 673 353 0 49 6
a 676 1704 0 25 1
a 676 828 0 38 8
a 683 1086 0 25 2
a 683 1100 0 7 1
a 684 60 0 25 2
a 684 1045 0 29 4
a 686 1651 0 25 1
a 686 911 0 0 7
a 687 964 0 25 10
a 687 1672 0 43 8
a 689 920 0 25 8
a 689 495 0 6 4
a 690 559 0 25 8
a 690 83 0 7 8
a 693 838 0 25 8
a 693 568 0 41 2
a 694 629 0 25 3
a 694 1885 0 33 9
a 696 967 0 25 10
a 696 50 0 28 5
a 697 1739 0 25 9
a 697 1931 0 32 2
a 699 1828 0 25 8
a 699 1954 0 43 3
a 700 1274 0 25 10
a 700 1372 0 40 10
a 702 535 0 25 9
a 702 780 0 31 4
a 703 1215 0 25 8
a 703 1457 0 12 6
a 708 229 0 25 5
a 708 1644 0 14 10
a 710 531 0 25 5
a 710 635 0 47 7
a 713 252 0 25 4
a 713 1549 0 46 1
a 716 1653 0 25 3
a 716 1570 0 35 6
a 717 792 0 25 2
a 717 898 0 40 8
a 720 1566 0 25 10
a 720 46 0 5 9
a 721 1162 0 25 7
a 721 364 0 7 4
a 724 852 0 25 7
a 724 1519 0 1 7
a 726 694 0 25 9
a 726 245 0 29 2
a 727 1098 0 25 1
a 727 1299 0 47 9
a 729 874 0 25 1
a 729 1621 0 19 5
a 731 1272 0 25 4
a 731 1479 0 8 4
a 732 1214 0 25 2
a 732 1417 0 14 9
a 733 618 0 25 5
a 733 1976 0 21 2
a 735 760 0 25 9
a 735 1074 0 23 2
a 736 24 0 25 8
a 736 1806 0 47 3
a 741 720 0 25 8
a 741 1333 0 24 3
a 742 494 0 25 8
a 742 631 0 46 10
a 743 1394 0 25 5
a 743 452 0 4 7
a 746 201 0 25 9
a 746 1882 0 12 7
a 747 1624 0 25 1
a 747 71 0 38 7
a 748 1772 0 25 5
a 748 815 0 10 4
a 749 735 0 25 6
a 749 764 0 44 6
a 751 950 0 25 3
a 751 111 0 39 2
a 755 1930 0 25 10
a 755 1449 0 21 2
a 760 868 0 25 4
a 760 666 0 9 1
a 761 511 0 25 9
a 761 1607 0 46 9
a 765 1244 0 25 6
a 765 727 0 20 7
a 766 1216 0 25 7
a 766 299 0 14 8
a 767 1889 0 25 6
a 767 884 0 20 8
a 768 482 0 25 7
a 768 1024 0 11 7
a 769 396 0 25 4
a 769 733 0 4 5
a 770 1866 0 25 10
a 770 284 0 16 10
a 771 558 0 25 6
a 771 1629 0 7 5
a 773 432 0 25 5
a 773 1237 0 49 6
a 774 309 0 25 1
a 774 343 0 20 7
a 775 766 0 25 4
a 775 945 0 28 8
a 777 10 0 25 10
a 777 743 0 26 6
a 782 394 0 25 7
a 782 417 0 26 8
a 784 765 0 25 6
a 784 1469 0 8 3
a 785 960 0 25 10
a 785 536 0 28 3
a 787 1935 0 25 3
a 787 354 0 44 6
a 789 279 0 25 10
a 789 557 0 34 10
a 790 534 0 25 9
a 790 173 0 8 8
a 792 280 0 25 6
a 792 353 0 13 8
a 793 1963 0 25 1
a 793 981 0 7 3
a 794 1590 0 25 6
a 794 1715 0 17 6
a 795 1626 0 25 10
a 795 587 0 23 7
a 796 1264 0 25 2
a 796 1355 0 21 8
a 799 1921 0 25 10
a 799 1052 0 12 4
a 800 1824 0 25 6
a 800 1072 0 19 1
a 803 524 0 25 3
a 803 1245 0 25 4
a 805 945 0 25 2
a 805 1044 0 0 2
a 808 514 0 25 9
a 808 670 0 47 4
a 812 405 0 25 4
a 812 1014 0 18 8
a 816 938 0 25 10
a 816 1807 0 49 8
a 817 914 0 25 10
a 817 41 0 7 2
a 819 312 0 25 2
a 819 1318 0 36 4
a 820 1907 0 25 8
a 820 1669 0 0 3
a 822 32 0 25 10
a 822 1833 0 7 2
a 824 890 0 25 10
a 824 1162 0 37 10
a 826 292 0 25 10
a 826 202 0 8 1
a 827 799 0 25 5
a 827 1205 0 46 8
a 830 421 0 25 10
a 830 33 0 50 7
a 832 1583 0 25 4
a 832 870 0 34 9
a 834 1492 0 25 8
a 834 1154 0 34 1
a 835 761 0 25 8
a 835 1725 0 32 1
a 838 1976 0 25 10
a 838 642 0 20 4
a 839 710 0 25 9
a 839 1160 0 39 2
a 840 1175 0 25 3
a 840 1371 0 37 4
a 841 268 0 25 6
a 841 1312 0 33 3
a 846 1857 0 25 5
a 846 1295 0 16 1
a 849 14 0 25 10
a 849 1027 0 11 5
a 850 1678 0 25 4
a 850 1404 0 7 2
a 852 403 0 25 5
a 852 1264 0 40 10
a 853 1296 0 25 5
a 853 885 0 14 8
a 856 1361 0 25 3
a 856 235 0 49 8
a 860 832 0 25 3
a 860 353 0 23 10
a 861 790 0 25 2
a 861 1482 0 33 3
a 863 1288 0 25 9
a 863 1098 0 6 8
a 866 993 0 25 7
a 866 1800 0 19 5
a 867 214 0 25 4
a 867 31 0 41 3
a 868 319 0 25 10
a 868 1492 0 41 6
a 869 295 0 25 4
a 869 1292 0 40 3
a 872 1057 0 25 3
a 872 1003 0 15 9
a 873 1679 0 25 6
a 873 1674 0 26 8
a 874 1383 0 25 1
a 874 1439 0 12 1
a 875 293 0 25 6
a 875 1994 0 41 8
a 876 917 0 25 9
a 876 926 0 50 4
a 878 803 0 25 5
a 878 1719 0 31 10
a 879 1349 0 25 2
a 879 542 0 42 7
a 880 1376 0 25 6
a 880 314 0 38 5
a 883 1400 0 25 7
a 883 737 0 22 7
a 888 275 0 25 5
a 888 940 0 27 5
a 890 1682 0 25 7
a 890 85 0 43 5
a 892 102 0 25 10
a 892 1313 0 7 10
a 896 111 0 25 5
a 896 1393 0 36 1
a 897 248 0 25 1
a 897 66 0 14 4
a 899 968 0 25 9
a 899 1114 0 40 6
a 900 367 0 25 7
a 900 1402 0 18 8
a 903 1290 0 25 8
a 903 1097 0 4 6
a 904 1258 0 25 1
a 904 745 0 14 10
a 905 1816 0 25 2
a 905 839 0 4 10
a 909 20 0 25 10
a 909 248 0 46 3
a 913 13 0 25 6
a 913 1562 0 26 6
a 914 1360 0 25 1
a 914 1357 0 10 6
a 917 1302 0 25 2
a 917 130 0 34 3
a 920 362 0 25 6
a 920 1807 0 14 9
a 923 1415 0 25 8
a 923 939 0 3 7
a 925 973 0 25 5
a 925 1372 0 45 6
a 927 1346 0 25 5
a 927 114 0 22 8
a 928 228 0 25 4
a 928 1012 0 23 7
a 930 1515 0 25 10
a 930 1352 0 26 2
a 931 92 0 25 10
a 931 306 0 38 9
a 932 1917 0 25 4
a 932 1670 0 40 8
a 934 578 0 25 10
a 934 469 0 50 5
a 937 1696 0 25 4
a 937 708 0 48 3
a 938 1971 0 25 4
a 938 1868 0 10 6
a 939 1219 0 25 8
a 939 932 0 13 8
a 940 1371 0 25 8
a 940 1408 0 49 6
a 941 485 0 25 9
a 941 998 0 31 4
a 944 264 0 25 7
a 944 811 0 25 7
a 945 1239 0 25 2
a 945 735 0 46 6
a 946 7 0 25 5
a 946 996 0 28 3
a 948 668 0 25 7
a 948 914 0 47 2
a 950 1261 0 25 5
a 950 1222 0 37 6
a 951 1355 0 25 9
a 951 1897 0 11 5
a 954 1721 0 25 9
a 954 618 0 13 6
a 955 1133 0 25 4
a 955 489 0 27 9
a 958 631 0 25 6
a 958 1174 0 37 3
a 960 1351 0 25 8
a 960 11 0 16 5
a 961 743 0 25 2
a 961 485 0 15 9
a 963 899 0 25 9
a 963 33 0 21 5
a 964 769 0 25 1
a 964 1856 0 5 5
a 967 604 0 25 2
a 967 1459 0 43 4
a 968 1414 0 25 1
a 968 890 0 42 3
a 970 1948 0 25 1
a 970 1697 0 32 6
a 973 1146 0 25 3
a 973 909 0 1 8
a 974 1141 0 25 10
a 974 597 0 31 2
a 975 1426 0 25 6
a 975 1049 0 38 6
a 976 1412 0 25 5
a 976 870 0 34 4
a 979 1005 0 25 5
a 979 566 0 17 5
a 984 1062 0 25 3
a 984 1471 0 36 9
a 986 164 0 25 9
a 986 117 0 40 1
a 987 1074 0 25 2
a 987 916 0 20 10
a 988 930 0 25 5
a 988 432 0 3 2
a 991 1858 0 25 3
a 991 437 0 32 4
a 993 134 0 25 4
a 993 1933 0 13 3
a 995 1145 0 25 8
a 995 1809 0 23 9
a 996 1000 0 25 3
a 996 1612 0 9 9
a 998 974 0 25 4
a 998 1474 0 29 10
a 1000 526 0 25 1
a 1000 1104 0 48 2
a 1001 1897 0 25 2
a 1001 911 0 42 7
a 1002 1263 0 25 2
a 1002 71 0 19 6
a 1005 304 0 25 8
a 1005 1794 0 39 8
a 1010 1635 0 25 7
a 1010 622 0 37 10
a 1011 846 0 25 2
a 1011 1407 0 30 9
a 1012 285 0 25 8
a 1012 576 0 31 4
a 1014 1875 0 25 8
a 1014 646 0 17 3
a 1016 1253 0 25 3
a 1016 1838 0 25 9
a 1019 1277 0 25 4
a 1019 1948 0 7 3
a 1025 1890 0 25 1
a 1025 422 0 32 1
a 1026 1576 0 25 2
a 1026 803 0 16 6
a 1027 1637 0 25 3
a 1027 1651 0 50 5
a 1028 1068 0 25 6
a 1028 1864 0 32 5
a 1030 866 0 25 10
a 1030 371 0 12 9
a 1031 1135 0 25 6
a 1031 1532 0 50 5
a 1032 1329 0 25 3
a 1032 1548 0 49 5
a 1034 1336 0 25 10
a 1034 954 0 38 8
a 1037 941 0 25 10
a 1037 1783 0 50 4
a 1039 686 0 25 3
a 1039 743 0 28 6
a 1041 1798 0 25 8
a 1041 996 0 47 9
a 1042 1860 0 25 2
a 1042 1851 0 29 2
a 1048 2000 0 25 6
a 1048 434 0 25 10
a 1051 1503 0 25 4
a 1051 638 0 49 2
a 1053 474 0 25 5
a 1053 1643 0 2 4
a 1054 1300 0 25 1
a 1054 516 0 46 1
a 1057 1502 0 25 5
a 1057 631 0 42 2
a 1058 1854 0 25 5
a 1058 1322 0 36 4
a 1059 856 0 25 9
a 1059 1452 0 6 4
a 1062 684 0 25 3
a 1062 1349 0 5 3
a 1063 1529 0 25 1
a 1063 329 0 11 1
a 1066 1899 0 25 2
a 1066 638 0 20 6
a 1067 259 0 25 9
a 1067 1746 0 31 10
a 1068 372 0 25 4
a 1068 1035 0 32 7
a 1073 281 0 25 6
a 1073 59 0 34 7
a 1074 1856 0 25 7
a 1074 1920 0 35 5
a 1076 1606 0 25 2
a 1076 512 0 35 10
a 1078 1106 0 25 5
a 1078 486 0 11 6
a 1079 390 0 25 7
a 1079 1858 0 47 3
a 1080 1666 0 25 4
a 1080 1409 0 18 8
a 1083 1294 0 25 6
a 1083 1577 0 10 4
a 1084 70 0 25 9
a 1084 1601 0 50 10
a 1085 273 0 25 3
a 1085 1050 0 27 3
a 1086 116 0 25 9
a 1086 753 0 46 1
a 1087 1694 0 25 10
a 1087 1838 0 44 8
a 1090 1559 0 25 6
a 1090 1092 0 6 10
a 1091 153 0 25 3
a 1091 742 0 20 5
a 1093 409 0 25 8
a 1093 1399 0 50 7
a 1098 1168 0 25 2
a 1098 1820 0 19 4
a 1103 197 0 25 9
a 1103 1600 0 32 5
a 1105 1538 0 25 5
a 1105 6 0 43 2
a 1106 1153 0 25 5
a 1106 1252 0 14 8
a 1108 931 0 25 4
a 1108 378 0 28 3
a 1111 579 0 25 8
a 1111 133 0 47 4
a 1112 519 0 25 1
a 1112 102 0 41 3
a 1113 1460 0 25 4
a 1113 1443 0 3 4
a 1114 146 0 25 5
a 1114 1792 0 45 7
a 1117 1495 0 25 10
a 1117 1727 0 31 8
a 1118 276 0 25 3
a 1118 1742 0 41 1
a 1121 944 0 25 10
a 1121 1134 0 10 5
a 1123 1947 0 25 10
a 1123 1642 0 38 3
a 1124 970 0 25 7
a 1124 1582 0 36 2
a 1129 1058 0 25 4
a 1129 565 0 10 3
a 1130 435 0 25 8
a 1130 741 0 29 4
a 1131 399 0 25 5
a 1131 1651 0 48 5
a 1132 35 0 25 8
a 1132 1077 0 34 6
a 1133 612 0 25 10
a 1133 1313 0 29 3
a 1135 239 0 25 4
a 1135 224 0 38 10
a 1136 1474 0 25 6
a 1136 1412 0 25 4
a 1138 61 0 25 10
a 1138 1743 0 33 2
a 1140 1430 0 25 10
a 1140 763 0 27 8
a 1141 258 0 25 8
a 1141 1749 0 34 8
a 1142 235 0 25 7
a 1142 1459 0 34 4
a 1144 1506 0 25 9
a 1144 1869 0 5 10
a 1145 384 0 25 9
a 1145 510 0 29 3
a 1146 1619 0 25 6
a 1146 231 0 6 6
a 1149 937 0 25 7
a 1149 783 0 47 7
a 1150 669 0 25 9
a 1150 1679 0 0 9
a 1152 446 0 25 8
a 1152 1249 0 40 7
a 1153 1766 0 25 4
a 1153 617 0 46 5
a 1155 1862 0 25 9
a 1155 598 0 0 8
a 1156 615 0 25 9
a 1156 1705 0 11 1
a 1160 255 0 25 9
a 1160 1244 0 33 10
a 1162 463 0 25 10
a 1162 1995 0 46 10
a 1167 1701 0 25 8
a 1167 1598 0 25 1
a 1168 995 0 25 3
a 1168 1772 0 12 6
a 1169 189 0 25 9
a 1169 1826 0 17 8
a 1170 28 0 25 2
a 1170 832 0 6 9
a 1173 327 0 25 4
a 1173 1176 0 14 2
a 1175 1425 0 25 9
a 1175 1823 0 25 1
a 1177 1742 0 25 2
a 1177 1217 0 3 5
a 1178 1026 0 25 8
a 1178 824 0 7 9
a 1179 593 0 25 1
a 1179 25 0 36 5
a 1181 246 0 25 4
a 1181 1568 0 22 10
a 1182 1225 0 25 8
a 1182 970 0 20 6
a 1186 549 0 25 9
a 1186 1486 0 8 2
a 1188 1979 0 25 6
a 1188 531 0 48 3
a 1190 594 0 25 10
a 1190 856 0 39 8
a 1192 996 0 25 4
a 1192 25 0 30 1
a 1196 748 0 25 3
a 1196 627 0 5 3
a 1199 751 0 25 7
a 1199 1034 0 36 7
a 1201 998 0 25 7
a 1201 1737 0 14 6
a 1206 340 0 25 3
a 1206 1792 0 28 3
a 1208 219 0 25 7
a 1208 610 0 1 4
a 1210 923 0 25 5
a 1210 731 0 44 10
a 1214 541 0 25 4
a 1214 829 0 1 9
a 1215 1117 0 25 8
a 1215 1354 0 44 6
a 1216 1087 0 25 1
a 1216 736 0 16 9
a 1219 1961 0 25 7
a 1219 1295 0 8 9
a 1221 850 0 25 3
a 1221 1151 0 25 10
a 1222 1321 0 25 6
a 1222 1598 0 23 8
a 1223 398 0 25 6
a 1223 716 0 30 8
a 1225 151 0 25 10
a 1225 713 0 19 2
a 1232 178 0 25 7
a 1232 792 0 0 5
a 1234 1032 0 25 5
a 1234 14 0 3 2
a 1235 1482 0 25 3
a 1235 912 0 6 7
a 1239 1523 0 25 10
a 1239 716 0 25 6
a 1242 1859 0 25 7
a 1242 1912 0 36 2
a 1244 1705 0 25 5
a 1244 909 0 41 4
a 1245 1436 0 25 5
a 1245 1296 0 11 6
a 1246 1271 0 25 5
a 1246 1229 0 34 7
a 1248 1372 0 25 3
a 1248 180 0 29 10
a 1249 1208 0 25 5
a 1249 399 0 49 6
a 1253 1553 0 25 6
a 1253 1680 0 30 5
a 1255 19 0 25 2
a 1255 1671 0 15 10
a 1258 951 0 25 7
a 1258 612 0 0 8
a 1260 1513 0 25 7
a 1260 1116 0 1 7
a 1261 1112 0 25 7
a 1261 1612 0 41 1
a 1263 510 0 25 8
a 1263 1733 0 25 1
a 1264 302 0 25 2
a 1264 625 0 46 2
a 1265 388 0 25 8
a 1265 1324 0 49 3
a 1267 774 0 25 9
a 1267 696 0 46 8
a 1271 1499 0 25 5
a 1271 489 0 0 8
a 1272 199 0 25 5
a 1272 1211 0 6 6
a 1274 132 0 25 5
a 1274 1252 0 35 8
a 1275 560 0 25 5
a 1275 1854 0 13 1
a 1276 1684 0 25 6
a 1276 356 0 23 4
a 1277 1734 0 25 1
a 1277 120 0 38 4
a 1281 861 0 25 1
a 1281 1538 0 24 6
a 1283 82 0 25 10
a 1283 699 0 46 10
a 1285 470 0 25 6
a 1285 165 0 6 6
a 1287 736 0 25 6
a 1287 1906 0 29 7
a 1288 1248 0 25 5
a 1288 392 0 34 3
a 1289 168 0 25 3
a 1289 1816 0 47 5
a 1290 626 0 25 6
a 1290 1875 0 25 2
a 1291 266 0 25 1
a 1291 644 0 18 2
a 1293 1978 0 25 8
a 1293 1786 0 35 4
a 1294 1850 0 25 6
a 1294 1278 0 24 8
a 1295 1299 0 25 2
a 1295 16 0 7 3
a 1296 827 0 25 4
a 1296 1496 0 1 6
a 1299 480 0 25 1
a 1299 769 0 26 1
a 1300 1201 0 25 7
a 1300 664 0 22 9
a 1302 1578 0 25 9
a 1302 568 0 39 7
a 1306 364 0 25 10
a 1306 595 0 16 4
a 1308 1597 0 25 1
a 1308 1376 0 47 2
a 1311 1118 0 25 8
a 1311 743 0 22 9
a 1313 1929 0 25 5
a 1313 1288 0 15 5
a 1318 81 0 25 6
a 1318 1194 0 20 9
a 1319 320 0 25 9
a 1319 1471 0 23 7
a 1321 1356 0 25 5
a 1321 1179 0 15 9
a 1322 639 0 25 5
a 1322 1440 0 34 1
a 1329 1603 0 25 10
a 1329 637 0 17 8
a 1331 1456 0 25 6
a 1331 14 0 33 9
a 1333 269 0 25 5
a 1333 1700 0 11 9
a 1334 1655 0 25 1
a 1334 1389 0 21 2
a 1335 1345 0 25 10
a 1335 64 0 26 1
a 1336 1276 0 25 3
a 1336 1747 0 38 6
a 1337 1537 0 25 1
a 1337 471 0 31 6
a 1340 1293 0 25 3
a 1340 1610 0 43 7
a 1342 913 0 25 7
a 1342 752 0 9 3
a 1344 649 0 25 9
a 1344 161 0 27 9
a 1345 800 0 25 3
a 1345 254 0 24 9
a 1346 1335 0 25 7
a 1346 1918 0 41 1
a 1348 703 0 25 2
a 1348 1820 0 34 9
a 1349 683 0 25 4
a 1349 123 0 27 3
a 1351 247 0 25 10
a 1351 289 0 3 2
a 1352 1445 0 25 1
a 1352 1938 0 5 6
a 1353 733 0 25 1
a 1353 34 0 19 6
a 1355 1598 0 25 9
a 1355 382 0 4 7
a 1356 658 0 25 3
a 1356 1974 0 22 2
a 1357 768 0 25 3
a 1357 1077 0 18 1
a 1358 1067 0 25 3
a 1358 1114 0 12 2
a 1360 1585 0 25 1
a 1360 471 0 8 8
a 1361 1131 0 25 5
a 1361 1077 0 49 9
a 1362 1640 0 25 8
a 1362 1404 0 24 1
a 1367 1610 0 25 8
a 1367 709 0 19 10
a 1369 653 0 25 5
a 1369 1873 0 31 2
a 1371 1260 0 25 6
a 1371 1919 0 40 2
a 1372 1199 0 25 5
a 1372 527 0 40 8
a 1373 1551 0 25 8
a 1373 1763 0 17 2
a 1374 637 0 25 2
a 1374 950 0 34 4
a 1376 795 0 25 5
a 1376 1072 0 18 2
a 1377 149 0 25 6
a 1377 398 0 19 6
a 1380 1520 0 25 10
a 1380 1462 0 11 2
a 1381 1340 0 25 4
a 1381 1650 0 15 8
a 1383 232 0 25 10
a 1383 1893 0 42 6
a 1385 1749 0 25 6
a 1385 1829 0 14 7
a 1387 1588 0 25 6
a 1387 970 0 48 3
a 1388 1391 0 25 9
a 1388 1282 0 46 2
a 1391 250 0 25 1
a 1391 1728 0 36 1
a 1394 1395 0 25 8
a 1394 499 0 37 7
a 1395 904 0 25 7
a 1395 1873 0 24 8
a 1397 1342 0 25 10
a 1397 713 0 25 1
a 1399 1927 0 25 5
a 1399 1986 0 22 4
a 1400 1362 0 25 1
a 1400 1194 0 43 8
a 1404 1245 0 25 5
a 1404 365 0 43 2
a 1406 557 0 25 9
a 1406 484 0 26 4
a 1408 1374 0 25 7
a 1408 356 0 28 10
a 1411 1076 0 25 4
a 1411 49 0 33 3
a 1412 161 0 25 4
a 1412 483 0 13 6
a 1414 1399 0 25 10
a 1414 1305 0 24 8
a 1415 775 0 25 4
a 1415 1245 0 23 4
a 1416 448 0 25 6
a 1416 1559 0 23 8
a 1418 1530 0 25 6
a 1418 744 0 16 5
a 1419 1491 0 25 4
a 1419 356 0 3 8
a 1423 896 0 25 9
a 1423 1688 0 11 8
a 1425 863 0 25 5
a 1425 1935 0 14 3
a 1426 1295 0 25 6
a 1426 219 0 12 5
a 1427 1085 0 25 2
a 1427 1519 0 36 10
a 1428 1584 0 25 4
a 1428 1061 0 43 6
a 1429 961 0 25 1
a 1429 1239 0 31 7
a 1430 64 0 25 8
a 1430 1314 0 4 5
a 1431 770 0 25 7
a 1431 675 0 17 6
a 1434 1493 0 25 6
a 1434 666 0 17 3
a 1436 608 0 25 4
a 1436 1133 0 34 1
a 1438 545 0 25 10
a 1438 1702 0 27 1
a 1439 431 0 25 9
a 1439 1921 0 9 3
a 1442 1222 0 25 8
a 1442 277 0 4 1
a 1445 505 0 25 1
a 1445 1471 0 25 4
a 1449 702 0 25 2
a 1449 997 0 19 10
a 1452 903 0 25 5
a 1452 1132 0 38 4
a 1453 361 0 25 7
a 1453 1110 0 8 8
a 1454 1965 0 25 10
a 1454 1309 0 32 1
a 1455 1587 0 25 5
a 1455 1804 0 8 8
a 1456 34 0 25 6
a 1456 10 0 15 10
a 1458 436 0 25 4
a 1458 114 0 45 3
a 1460 1149 0 25 9
a 1460 1231 0 41 7
a 1461 1186 0 25 10
a 1461 1943 0 46 9
a 1463 1591 0 25 9
a 1463 446 0 19 3
a 1466 67 0 25 10
a 1466 1732 0 36 4
a 1469 1787 0 25 7
a 1469 256 0 40 2
a 1471 135 0 25 6
a 1471 1550 0 0 8
a 1473 1449 0 25 2
a 1473 119 0 41 8
a 1474 1710 0 25 1
a 1474 144 0 32 4
a 1475 773 0 25 8
a 1475 672 0 38 9
a 1482 1113 0 25 8
a 1482 1497 0 44 9
a 1488 1670 0 25 3
a 1488 319 0 34 4
a 1490 328 0 25 7
a 1490 575 0 13 3
a 1491 732 0 25 6
a 1491 1938 0 20 7
a 1492 1337 0 25 2
a 1492 1652 0 20 6
a 1493 103 0 25 1
a 1493 1652 0 41 1
a 1495 796 0 25 8
a 1495 1311 0 35 10
a 1499 976 0 25 1
a 1499 803 0 1 10
a 1500 1582 0 25 1
a 1500 1104 0 39 10
a 1502 334 0 25 2
a 1502 784 0 30 9
a 1503 646 0 25 2
a 1503 1997 0 2 6
a 1504 1234 0 25 5
a 1504 1461 0 20 7
a 1505 841 0 25 2
a 1505 77 0 26 10
a 1506 1034 0 25 8
a 1506 1764 0 1 1
a 1512 518 0 25 7
a 1512 1809 0 23 4
a 1513 812 0 25 6
a 1513 254 0 47 8
a 1514 1173 0 25 1
a 1514 237 0 44 1
a 1515 1549 0 25 8
a 1515 1913 0 5 10
a 1516 1853 0 25 1
a 1516 1559 0 7 7
a 1520 97 0 25 10
a 1520 449 0 30 9
a 1522 1012 0 25 4
a 1522 893 0 30 1
a 1523 1289 0 25 7
a 1523 813 0 6 1
a 1525 614 0 25 7
a 1525 1389 0 8 8
a 1527 338 0 25 2
a 1527 1102 0 42 6
a 1529 479 0 25 3
a 1529 505 0 21 6
a 1530 1933 0 25 6
a 1530 101 0 33 1
a 1531 869 0 25 2
a 1531 1851 0 1 1
a 1532 647 0 25 2
a 1532 1723 0 33 6
a 1533 1352 0 25 9
a 1533 919 0 35 2
a 1534 1367 0 25 1
a 1534 286 0 2 8
a 1537 202 0 25 10
a 1537 1133 0 31 10
a 1538 1078 0 25 3
a 1538 1354 0 13 9
a 1540 622 0 25 3
a 1540 1255 0 44 2
a 1541 179 0 25 8
a 1541 367 0 37 3
a 1544 1770 0 25 4
a 1544 333 0 11 4
a 1547 1380 0 25 4
a 1547 1328 0 43 10
a 1549 645 0 25 6
a 1549 1646 0 30 4
a 1550 1685 0 25 1
a 1550 417 0 44 5
a 1551 236 0 25 2
a 1551 897 0 8 7
a 1553 1438 0 25 10
a 1553 437 0 18 3
a 1554 1255 0 25 9
a 1554 1280 0 0 7
a 1557 1940 0 25 8
a 1557 1245 0 29 4
a 1558 1987 0 25 2
a 1558 1578 0 42 3
a 1559 423 0 25 5
a 1559 1972 0 46 1
a 1566 1178 0 25 2
a 1566 886 0 33 2
a 1569 690 0 25 4
a 1569 1590 0 16 10
a 1574 11 0 25 5
a 1574 1147 0 3 8
a 1575 1418 0 25 8
a 1575 387 0 38 1
a 1576 749 0 25 9
a 1576 101 0 7 3
a 1577 1469 0 25 4
a 1577 514 0 23 6
a 1578 794 0 25 10
a 1578 1813 0 21 3
a 1579 1724 0 25 2
a 1579 1029 0 24 9
a 1582 1525 0 25 4
a 1582 683 0 40 2
a 1583 1516 0 25 9
a 1583 665 0 50 3
a 1584 457 0 25 8
a 1584 464 0 0 10
a 1585 820 0 25 10
a 1585 1512 0 6 3
a 1587 928 0 25 10
a 1587 1913 0 3 3
a 1588 1377 0 25 9
a 1588 831 0 0 9
a 1590 453 0 25 4
a 1590 1668 0 4 5
a 1591 1322 0 25 2
a 1591 1837 0 17 7
a 1592 1554 0 25 4
a 1592 1680 0 35 5
a 1597 883 0 25 2
a 1597 21 0 36 8
a 1598 1910 0 25 7
a 1598 1961 0 3 9
a 1599 1999 0 25 8
a 1599 59 0 25 7
a 1600 1031 0 25 8
a 1600 45 0 32 8
a 1601 1712 0 25 6
a 1601 1107 0 7 9
a 1602 212 0 25 4
a 1602 1358 0 24 2
a 1603 1994 0 25 10
a 1603 717 0 26 8
a 1606 313 0 25 9
a 1606 693 0 19 1
a 1608 566 0 25 8
a 1608 358 0 33 8
a 1609 742 0 25 1
a 1609 1562 0 41 5
a 1610 69 0 25 2
a 1610 830 0 39 4
a 1613 1791 0 25 3
a 1613 982 0 28 6
a 1614 1688 0 25 7
a 1614 355 0 11 2
a 1617 380 0 25 2
a 1617 1756 0 38 5
a 1618 958 0 25 8
a 1618 764 0 30 6
a 1619 1140 0 25 7
a 1619 1051 0 24 7
a 1621 787 0 25 4
a 1621 1829 0 9 2
a 1622 1747 0 25 8
a 1622 982 0 50 8
a 1624 1622 0 25 8
a 1624 1023 0 2 5
a 1625 461 0 25 5
a 1625 225 0 12 4
a 1626 826 0 25 6
a 1626 1903 0 37 6
a 1628 1783 0 25 5
a 1628 823 0 25 6
a 1629 873 0 25 10
a 1629 534 0 27 6
a 1635 963 0 25 5
a 1635 1174 0 17 2
a 1637 633 0 25 6
a 1637 1418 0 22 7
a 1638 497 0 25 6
a 1638 227 0 14 4
a 1639 1453 0 25 1
a 1639 255 0 23 10
a 1640 1609 0 25 3
a 1640 1545 0 18 5
a 1644 460 0 25 10
a 1644 13 0 28 1
a 1645 1575 0 25 6
a 1645 6 0 41 7
a 1647 940 0 25 10
a 1647 331 0 8 4
a 1648 1419 0 25 3
a 1648 159 0 3 8
a 1649 1080 0 25 1
a 1649 1384 0 39 10
a 1651 991 0 25 7
a 1651 1896 0 48 3
a 1653 767 0 25 10
a 1653 1231 0 8 3
a 1655 1054 0 25 4
a 1655 405 0 12 7
a 1659 365 0 25 2
a 1659 1212 0 30 7
a 1661 872 0 25 1
a 1661 937 0 49 3
a 1662 1130 0 25 9
a 1662 115 0 29 6
a 1664 1872 0 25 1
a 1664 1591 0 36 8
a 1666 664 0 25 4
a 1666 1687 0 41 2
a 1670 1318 0 25 1
a 1670 1448 0 36 6
a 1671 1105 0 25 3
a 1671 649 0 17 9
a 1674 540 0 25 4
a 1674 142 0 37 6
a 1675 356 0 25 9
a 1675 1450 0 20 6
a 1678 1369 0 25 3
a 1678 683 0 22 1
a 1679 125 0 25 9
a 1679 927 0 31 8
a 1681 318 0 25 1
a 1681 980 0 16 3
a 1682 673 0 25 10
a 1682 719 0 24 10
a 1684 1904 0 25 6
a 1684 1433 0 8 9
a 1685 717 0 25 9
a 1685 1206 0 5 2
a 1687 210 0 25 9
a 1687 1361 0 26 8
a 1688 173 0 25 1
a 1688 398 0 12 9
a 1691 1750 0 25 8
a 1691 1948 0 48 3
a 1692 1532 0 25 6
a 1692 718 0 21 4
a 1694 939 0 25 3
a 1694 449 0 4 5
a 1695 879 0 25 6
a 1695 1929 0 33 2
a 1696 1242 0 25 4
a 1696 257 0 17 4
a 1701 553 0 25 5
a 1701 152 0 47 10
a 1704 450 0 25 7
a 1704 1438 0 49 10
a 1705 892 0 25 7
a 1705 1397 0 19 3
a 1710 1452 0 25 5
a 1710 334 0 1 4
a 1712 905 0 25 3
a 1712 1447 0 38 8
a 1716 1972 0 25 5
a 1716 1443 0 38 9
a 1721 468 0 25 4
a 1721 1090 0 42 7
a 1722 1169 0 25 5
a 1722 1194 0 18 4
a 1723 263 0 25 10
a 1723 1963 0 0 7
a 1724 1108 0 25 7
a 1724 1687 0 40 3
a 1726 492 0 25 9
a 1726 1937 0 23 2
a 1728 1066 0 25 6
a 1728 972 0 29 4
a 1729 1079 0 25 9
a 1729 1875 0 29 7
a 1731 713 0 25 4
a 1731 500 0 50 7
a 1734 1458 0 25 3
a 1734 236 0 26 6
a 1736 1188 0 25 1
a 1736 1097 0 37 6
a 1738 96 0 25 10
a 1738 658 0 9 3
a 1739 834 0 25 4
a 1739 446 0 1 5
a 1742 1059 0 25 8
a 1742 1029 0 39 2
a 1747 1463 0 25 2
a 1747 617 0 15 4
a 1749 503 0 25 5
a 1749 530 0 33 4
a 1750 586 0 25 2
a 1750 1884 0 26 6
a 1754 75 0 25 3
a 1754 296 0 32 10
a 1756 1210 0 25 2
a 1756 66 0 28 8
a 1760 332 0 25 8
a 1760 1523 0 29 8
a 1763 73 0 25 9
a 1763 577 0 41 8
a 1766 1547 0 25 7
a 1766 149 0 39 6
a 1769 1649 0 25 1
a 1769 31 0 48 6
a 1770 1010 0 25 3
a 1770 863 0 40 4
a 1771 1427 0 25 7
a 1771 1957 0 42 10
a 1772 44 0 25 4
a 1772 866 0 32 3
a 1773 218 0 25 3
a 1773 643 0 47 6
a 1775 447 0 25 6
a 1775 912 0 37 5
a 1780 1042 0 25 7
a 1780 1027 0 25 1
a 1782 1723 0 25 3
a 1782 1222 0 13 2
a 1783 1475 0 25 1
a 1783 857 0 3 3
a 1786 1136 0 25 8
a 1786 1547 0 35 3
a 1787 346 0 25 8
a 1787 48 0 8 5
a 1791 42 0 25 8
a 1791 138 0 36 1
a 1792 1941 0 25 9
a 1792 1670 0 21 7
a 1793 395 0 25 10
a 1793 1867 0 14 9
a 1798 1617 0 25 8
a 1798 1919 0 17 4
a 1801 301 0 25 4
a 1801 331 0 33 1
a 1803 509 0 25 8
a 1803 1384 0 14 9
a 1804 1132 0 25 1
a 1804 684 0 12 7
a 1806 58 0 25 1
a 1806 1976 0 2 4
a 1809 1804 0 25 3
a 1809 1049 0 31 8
a 1812 90 0 25 7
a 1812 1892 0 39 4
a 1813 288 0 25 9
a 1813 229 0 11 8
a 1814 1952 0 25 8
a 1814 1177 0 4 9
a 1816 36 0 25 6
a 1816 74 0 28 1
a 1819 1249 0 25 4
a 1819 99 0 4 10
a 1822 888 0 25 6
a 1822 468 0 10 10
a 1824 1687 0 25 1
a 1824 1401 0 13 10
a 1826 1235 0 25 2
a 1826 822 0 14 7
a 1828 1196 0 25 3
a 1828 1459 0 49 5
a 1829 1439 0 25 1
a 1829 423 0 39 5
a 1832 1504 0 25 7
a 1832 1607 0 45 3
a 1842 1514 0 25 6
a 1842 428 0 25 8
a 1843 412 0 25 1
a 1843 1922 0 20 3
a 1844 1574 0 25 1
a 1844 913 0 43 10
a 1845 547 0 25 8
a 1845 1997 0 46 8
a 1848 934 0 25 3
a 1848 1219 0 8 8
a 1850 1121 0 25 6
a 1850 1683 0 16 8
a 1853 636 0 25 7
a 1853 89 0 19 8
a 1854 386 0 25 4
a 1854 313 0 31 5
a 1855 131 0 25 2
a 1855 958 0 32 3
a 1856 1613 0 25 7
a 1856 985 0 6 6
a 1857 1882 0 25 7
a 1857 974 0 1 7
a 1858 630 0 25 5
a 1858 606 0 15 5
a 1859 85 0 25 8
a 1859 130 0 7 7
a 1860 1053 0 25 6
a 1860 1694 0 34 1
a 1862 150 0 25 2
a 1862 1714 0 22 5
a 1866 1599 0 25 1
a 1866 1685 0 15 2
a 1867 577 0 25 6
a 1867 1820 0 4 7
a 1869 1896 0 25 4
a 1869 1154 0 25 3
a 1872 708 0 25 3
a 1872 1518 0 20 5
a 1875 880 0 25 3
a 1875 1408 0 2 4
a 1878 1843 0 25 5
a 1878 600 0 31 9
a 1881 71 0 25 7
a 1881 1079 0 6 9
a 1882 1577 0 25 5
a 1882 163 0 20 3
a 1889 1037 0 25 8
a 1889 810 0 19 6
a 1890 1803 0 25 9
a 1890 182 0 38 10
a 1895 1001 0 25 5
a 1895 1522 0 30 5
a 1896 575 0 25 2
a 1896 1007 0 11 5
a 1897 112 0 25 4
a 1897 617 0 40 2
a 1899 1111 0 25 5
a 1899 635 0 39 7
a 1902 552 0 25 3
a 1902 451 0 16 5
a 1904 1916 0 25 4
a 1904 1934 0 10 5
a 1906 1801 0 25 8
a 1906 1476 0 16 9
a 1907 1844 0 25 9
a 1907 1051 0 20 4
a 1909 1848 0 25 10
a 1909 887 0 15 10
a 1910 1924 0 25 2
a 1910 1468 0 28 1
a 1916 849 0 25 3
a 1916 1938 0 1 10
a 1917 638 0 25 1
a 1917 1370 0 31 8
a 1921 1027 0 25 8
a 1921 129 0 12 2
a 1922 676 0 25 9
a 1922 86 0 45 9
a 1924 693 0 25 10
a 1924 996 0 26 9
a 1925 355 0 25 6
a 1925 1898 0 14 10
a 1926 1540 0 25 8
a 1926 250 0 33 9
a 1927 1461 0 25 4
a 1927 1386 0 10 5
a 1929 1819 0 25 3
a 1929 77 0 19 7
a 1930 1645 0 25 4
a 1930 799 0 0 9
a 1933 1025 0 25 10
a 1933 473 0 32 10
a 1934 988 0 25 4
a 1934 1711 0 18 2
a 1935 183 0 25 10
a 1935 708 0 15 4
a 1940 554 0 25 7
a 1940 766 0 26 1
a 1941 897 0 25 4
a 1941 1753 0 4 2
a 1943 29 0 25 6
a 1943 589 0 18 8
a 1947 51 0 25 6
a 1947 315 0 27 3
a 1948 345 0 25 9
a 1948 604 0 37 2
a 1952 329 0 25 6
a 1952 692 0 26 6
a 1953 1558 0 25 3
a 1953 751 0 11 10
a 1958 1428 0 25 5
a 1958 1853 0 31 9
a 1961 539 0 25 7
a 1961 563 0 13 10
a 1963 1423 0 25 3
a 1963 1025 0 0 2
a 1964 154 0 25 3
a 1964 558 0 30 2
a 1965 1160 0 25 9
a 1965 1822 0 26 7
a 1966 984 0 25 2
a 1966 1947 0 11 4
a 1971 1544 0 25 8
a 1971 1157 0 25 7
a 1972 256 0 25 5
a 1972 454 0 39 8
a 1974 867 0 25 7
a 1974 1969 0 35 5
a 1976 344 0 25 7
a 1976 1056 0 14 8
a 1978 839 0 25 6
a 1978 258 0 44 1
a 1979 1490 0 25 5
a 1979 784 0 42 2
a 1987 1792 0 25 4
a 1987 873 0 10 3
a 1994 48 0 25 3
a 1994 570 0 16 2
a 1997 741 0 25 4
a 1997 249 0 28 1
