c PyNETGEN v1.0.0
c $ pip install pynetgen
c
c  NETGEN flow network generation algorithm
c  Problem input parameters
c  -------------------------------------
c   Random seed:          2
c   Number of nodes:      2000
c   Source nodes:         2
c   Sink nodes:           2
c   Number of arcs:       4000
c   Minimum arc cost:     1
c   Maximum arc cost:     10
c   Total supply:         50
c   Transshipment -
c     Sources:            0
c     Sinks:              0
c   Skeleton arcs -
c     With max cost:      0
c     Capacitated:        100
c   Minimum arc capacity: 0
c   Maximum arc capacity: 50
c
c  *** Minimum cost flow ***
c
p min 2000 4000
n 1 25
n 2 25
n 1999 -36
n 2000 -14
a 1 1159 0 25 10
a 1 941 0 21 7
a 1 1858 0 25 7
a 5 131 0 25 2
a 5 699 0 41 9
a 5 15 0 29 1
a 6 879 0 25 7
a 6 281 0 22 7
a 7 990 0 25 3
a 7 132 0 7 3
a 8 1988 0 25 3
a 8 1014 0 21 7
a 10 172 0 25 5
a 10 613 0 47 10
a 10 1992 0 4 1
a 14 1237 0 25 10
a 14 696 0 23 7
a 14 178 0 41 8
a 16 1891 0 25 3
a 16 820 0 40 6
a 17 623 0 25 8
a 17 512 0 16 8
a 18 1071 0 25 8
a 18 1750 0 29 7
a 19 1265 0 25 10
a 19 1136 0 27 9
a 24 1759 0 25 8
a 24 1222 0 46 8
a 25 190 0 25 8
a 25 1339 0 18 6
a 28 1295 0 25 2
a 28 766 0 47 2
a 29 829 0 25 2
a 29 1362 0 44 10
a 31 280 0 25 7
a 31 1987 0 50 9
a 34 1065 0 25 3
a 34 947 0 34 9
a 35 494 0 25 8
a 35 800 0 27 2
a 37 1995 0 25 10
a 37 845 0 23 5
a 40 611 0 25 4
a 40 162 0 32 1
a 41 1026 0 25 10
a 41 483 0 29 6
a 43 53 0 25 4
a 43 643 0 7 1
a 47 195 0 25 9
a 47 227 0 38 5
a 49 1413 0 25 5
a 49 1267 0 49 3
a 50 670 0 25 8
a 50 1125 0 1 5
a 51 1385 0 25 9
a 51 694 0 1 8
a 53 1665 0 25 9
a 53 1499 0 2 2
a 54 411 0 25 2
a 54 299 0 9 6
a 56 1579 0 25 1
a 56 971 0 39 5
a 57 342 0 25 2
a 57 1509 0 39 5
a 60 1116 0 25 8
a 60 1623 0 13 4
a 64 1670 0 25 5
a 64 433 0 2 5
a 67 771 0 25 5
a 67 1295 0 25 5
a 70 1790 0 25 10
a 70 1615 0 33 10
a 71 569 0 25 1
a 71 7 0 49 1
a 73 628 0 25 10
a 73 1401 0 7 5
a 74 863 0 25 7
a 74 606 0 8 4
a 77 474 0 25 5
a 77 946 0 0 8
a 78 1359 0 25 7
a 78 9 0 42 10
a 79 675 0 25 8
a 79 284 0 8 9
a 80 600 0 25 1
a 80 1652 0 11 9
a 81 646 0 25 2
a 81 951 0 30 2
a 82 1746 0 25 9
a 82 176 0 21 3
a 84 717 0 25 3
a 84 1483 0 13 10
a 87 1702 0 25 2
a 87 934 0 23 2
a 92 622 0 25 9
a 92 1248 0 14 5
a 95 1778 0 25 6
a 95 1452 0 4 7
a 98 709 0 25 4
a 98 851 0 31 2
a 99 1789 0 25 7
a 99 1882 0 34 6
a 101 458 0 25 1
a 101 690 0 10 3
a 102 1607 0 25 2
a 102 917 0 28 1
a 106 295 0 25 4
a 106 1614 0 41 4
a 107 196 0 25 1
a 107 927 0 18 10
a 108 1262 0 25 6
a 108 1061 0 46 2
a 109 1126 0 25 6
a 109 1125 0 42 1
a 110 756 0 25 7
a 110 605 0 25 1
a 112 1945 0 25 8
a 112 904 0 50 5
a 113 644 0 25 10
a 113 1371 0 31 3
a 114 1989 0 25 1
a 114 1933 0 18 5
a 116 1916 0 25 2
a 116 1650 0 41 6
a 117 1854 0 25 1
a 117 1971 0 2 9
a 118 1316 0 25 10
a 118 1249 0 36 2
a 123 1578 0 25 3
a 123 620 0 8 7
a 124 472 0 25 7
a 124 321 0 22 8
a 127 1122 0 25 5
a 127 1235 0 17 1
a 131 447 0 25 7
a 131 167 0 6 10
a 133 340 0 25 5
a 133 1274 0 1 4
a 136 107 0 25 9
a 136 1033 0 18 6
a 140 5 0 25 7
a 140 1814 0 27 2
a 142 1748 0 25 10
a 142 139 0 10 2
a 143 1823 0 25 10
a 143 1194 0 43 4
a 144 985 0 25 3
a 144 696 0 35 1
a 145 1367 0 25 2
a 145 1498 0 9 9
a 147 1704 0 25 5
a 147 1409 0 16 2
a 148 694 0 25 6
a 148 1350 0 7 2
a 149 49 0 25 8
a 149 698 0 26 6
a 150 1047 0 25 1
a 150 1867 0 47 8
a 151 1630 0 25 3
a 151 203 0 11 5
a 156 679 0 25 6
a 156 1242 0 17 4
a 158 29 0 25 3
a 158 1134 0 24 4
a 159 1946 0 25 6
a 159 429 0 10 1
a 163 220 0 25 8
a 163 1570 0 36 4
a 167 117 0 25 6
a 167 1893 0 49 6
a 168 291 0 25 9
a 168 1703 0 43 8
a 169 1660 0 25 3
a 169 285 0 33 1
a 170 1567 0 25 9
a 170 1474 0 10 8
a 172 1713 0 25 1
a 172 1835 0 11 10
a 173 1701 0 25 3
a 173 1185 0 37 3
a 175 37 0 25 10
a 175 5 0 24 1
a 178 1695 0 25 10
a 178 455 0 8 9
a 179 1846 0 25 6
a 179 1454 0 36 3
a 181 911 0 25 9
a 181 257 0 43 8
a 182 127 0 25 1
a 182 1106 0 10 5
a 185 1575 0 25 1
a 185 82 0 49 4
a 187 1043 0 25 10
a 187 1771 0 2 5
a 188 1263 0 25 2
a 188 944 0 22 6
a 190 1847 0 25 9
a 190 734 0 6 1
a 192 82 0 25 1
a 192 318 0 28 2
a 194 483 0 25 4
a 194 1084 0 48 10
a 195 1632 0 25 3
a 195 1824 0 24 4
a 196 725 0 25 10
a 196 68 0 28 7
a 197 43 0 25 6
a 197 1260 0 49 5
a 198 564 0 25 1
a 198 1925 0 13 3
a 200 659 0 25 4
a 200 1124 0 7 1
a 201 1124 0 25 1
a 201 715 0 37 4
a 202 765 0 25 3
a 202 1321 0 47 4
a 205 966 0 25 8
a 205 1997 0 32 5
a 207 1593 0 25 6
a 207 147 0 43 3
a 211 194 0 25 10
a 211 1763 0 21 9
a 212 1966 0 25 5
a 212 1739 0 31 1
a 213 1887 0 25 7
a 213 1189 0 32 8
a 215 1236 0 25 5
a 215 537 0 14 2
a 218 227 0 25 3
a 218 1083 0 12 2
a 219 1005 0 25 10
a 219 1066 0 1 7
a 220 1114 0 25 3
a 220 265 0 18 6
a 221 1037 0 25 6
a 221 1770 0 29 3
a 224 500 0 25 4
a 224 374 0 42 4
a 227 1355 0 25 6
a 227 1649 0 20 8
a 228 1721 0 25 1
a 228 8 0 29 9
a 230 1835 0 25 6
a 230 1534 0 45 4
a 232 1952 0 25 8
a 232 781 0 4 2
a 233 721 0 25 4
a 233 1905 0 34 1
a 234 927 0 25 8
a 234 1500 0 31 7
a 235 169 0 25 5
a 235 1648 0 30 2
a 240 662 0 25 8
a 240 1214 0 35 6
a 241 1321 0 25 10
a 241 1753 0 4 9
a 242 50 0 25 6
a 242 880 0 50 1
a 243 957 0 25 1
a 243 534 0 13 6
a 246 1252 0 25 9
a 246 812 0 9 6
a 248 1869 0 25 4
a 248 587 0 0 2
a 249 356 0 25 7
a 249 802 0 38 7
a 258 1325 0 25 5
a 258 794 0 4 3
a 259 110 0 25 7
a 259 533 0 14 3
a 260 1213 0 25 4
a 260 1649 0 48 2
a 261 513 0 25 1
a 261 1249 0 35 10
a 263 1783 0 25 9
a 263 564 0 13 1
a 265 286 0 25 6
a 265 924 0 2 5
a 268 1241 0 25 1
a 268 1350 0 24 1
a 271 1082 0 25 8
a 271 1176 0 32 6
a 272 512 0 25 9
a 272 1078 0 11 9
a 273 1598 0 25 6
a 273 1911 0 44 9
a 275 936 0 25 7
a 275 386 0 24 5
a 279 1557 0 25 5
a 279 424 0 19 6
a 280 1064 0 25 2
a 280 279 0 38 7
a 283 677 0 25 8
a 283 1197 0 43 5
a 286 1399 0 25 7
a 286 62 0 25 4
a 290 1148 0 25 1
a 290 1862 0 20 3
a 291 1589 0 25 5
a 291 1032 0 35 5
a 292 586 0 25 3
a 292 8 0 2 5
a 293 1592 0 25 9
a 293 1570 0 48 7
a 294 1696 0 25 5
a 294 104 0 21 6
a 295 1228 0 25 4
a 295 522 0 6 5
a 298 1808 0 25 7
a 298 1826 0 43 1
a 301 860 0 25 5
a 301 898 0 8 8
a 303 361 0 25 5
a 303 1901 0 24 4
a 305 392 0 25 1
a 305 1587 0 37 4
a 308 495 0 25 5
a 308 1478 0 39 5
a 311 1694 0 25 6
a 311 312 0 3 7
a 312 19 0 25 4
a 312 197 0 9 1
a 316 820 0 25 9
a 316 122 0 25 7
a 319 1909 0 25 2
a 319 515 0 8 9
a 320 1611 0 25 3
a 320 1987 0 9 8
a 321 992 0 25 3
a 321 261 0 49 10
a 322 1860 0 25 2
a 322 1907 0 25 6
a 323 780 0 25 3
a 323 36 0 8 5
a 324 807 0 25 8
a 324 184 0 44 10
a 326 1267 0 25 9
a 326 53 0 29 5
a 332 1424 0 25 6
a 332 1435 0 41 5
a 337 1419 0 25 2
a 337 504 0 12 10
a 338 898 0 25 10
a 338 1235 0 38 9
a 340 116 0 25 10
a 340 337 0 7 4
a 341 80 0 25 9
a 341 1833 0 2 4
a 342 699 0 25 3
a 342 621 0 2 9
a 344 1324 0 25 8
a 344 1397 0 33 8
a 346 1948 0 25 4
a 346 1946 0 20 7
a 349 661 0 25 1
a 349 308 0 11 8
a 350 1211 0 25 1
a 350 178 0 26 8
a 352 876 0 25 3
a 352 1929 0 49 5
a 353 349 0 25 1
a 353 1267 0 15 3
a 355 919 0 25 3
a 355 1891 0 26 1
a 356 1145 0 25 4
a 356 1820 0 39 7
a 358 158 0 25 5
a 358 35 0 50 5
a 361 1621 0 25 7
a 361 589 0 47 2
a 365 1254 0 25 10
a 365 1340 0 8 9
a 368 326 0 25 7
a 368 1388 0 47 1
a 369 54 0 25 8
a 369 806 0 25 9
a 370 1204 0 25 7
a 370 581 0 17 6
a 371 1766 0 25 4
a 371 206 0 8 6
a 373 979 0 25 5
a 373 1201 0 0 9
a 379 585 0 25 1
a 379 1200 0 26 5
a 380 1843 0 25 1
a 380 1799 0 1 9
a 383 933 0 25 7
a 383 1505 0 4 6
a 384 1524 0 25 4
a 384 1164 0 30 8
a 388 891 0 25 9
a 388 1282 0 14 3
a 389 102 0 25 5
a 389 1043 0 22 10
a 390 1232 0 25 8
a 390 425 0 30 4
a 391 1691 0 25 3
a 391 1187 0 10 5
a 392 457 0 25 1
a 392 763 0 48 3
a 395 777 0 25 7
a 395 1230 0 10 3
a 396 1347 0 25 1
a 396 1003 0 8 4
a 399 430 0 25 2
a 399 1944 0 34 4
a 401 1588 0 25 2
a 401 1551 0 3 2
a 402 906 0 25 10
a 402 588 0 7 1
a 405 875 0 25 3
a 405 493 0 37 7
a 407 868 0 25 9
a 407 615 0 26 6
a 408 232 0 25 5
a 408 1244 0 20 7
a 410 1160 0 25 3
a 410 1077 0 28 7
a 411 1494 0 25 5
a 411 1293 0 44 1
a 414 298 0 25 5
a 414 627 0 48 3
a 416 1833 0 25 6
a 416 592 0 23 1
a 417 249 0 25 5
a 417 123 0 10 8
a 420 322 0 25 6
a 420 1029 0 33 1
a 423 99 0 25 6
a 423 1280 0 45 1
a 425 18 0 25 9
a 425 507 0 24 1
a 426 791 0 25 2
a 426 1881 0 9 5
a 430 1655 0 25 6
a 430 1015 0 25 9
a 431 391 0 25 4
a 431 789 0 21 7
a 432 243 0 25 10
a 432 1015 0 15 4
a 434 667 0 25 4
a 434 3 0 36 7
a 436 1977 0 25 2
a 436 1189 0 36 4
a 439 501 0 25 7
a 439 326 0 31 1
a 441 8 0 25 9
a 441 1881 0 43 2
a 447 701 0 25 4
a 447 1171 0 8 1
a 450 263 0 25 3
a 450 333 0 20 7
a 452 1647 0 25 2
a 452 331 0 9 6
a 455 1908 0 25 5
a 455 810 0 41 4
a 457 25 0 25 9
a 457 233 0 45 9
a 458 1546 0 25 1
a 458 293 0 24 9
a 460 1171 0 25 2
a 460 1768 0 31 8
a 465 930 0 25 1
a 465 392 0 36 3
a 467 1772 0 25 9
a 467 1065 0 15 10
a 470 1581 0 25 2
a 470 1143 0 12 4
a 472 323 0 25 6
a 472 1527 0 33 6
a 474 1633 0 25 7
a 474 494 0 6 6
a 475 1683 0 25 6
a 475 1072 0 25 4
a 479 1400 0 25 10
a 479 1537 0 32 8
a 480 1025 0 25 8
a 480 171 0 28 2
a 482 383 0 25 8
a 482 1716 0 39 6
a 483 441 0 25 4
a 483 864 0 28 9
a 484 1245 0 25 7
a 484 178 0 41 7
a 489 1859 0 25 6
a 489 1780 0 44 4
a 490 1703 0 25 4
a 490 420 0 49 9
a 491 294 0 25 5
a 491 1602 0 11 6
a 494 1305 0 25 2
a 494 1729 0 32 1
a 495 1829 0 25 10
a 495 1015 0 9 6
a 497 1190 0 25 2
a 497 1170 0 34 6
a 499 1915 0 25 5
a 499 939 0 40 6
a 500 1680 0 25 7
a 500 1543 0 0 1
a 501 1051 0 25 6
a 501 523 0 41 10
a 505 1376 0 25 1
a 505 701 0 19 4
a 507 1714 0 25 3
a 507 1624 0 30 8
a 510 751 0 25 2
a 510 1861 0 22 8
a 511 2000 0 25 1
a 511 563 0 25 1
a 512 1478 0 25 5
a 512 482 0 13 3
a 513 615 0 25 8
a 513 827 0 8 6
a 514 95 0 25 7
a 514 1027 0 47 5
a 516 181 0 25 3
a 516 1716 0 46 2
a 517 1489 0 25 4
a 517 795 0 36 5
a 518 1167 0 25 5
a 518 1940 0 49 10
a 520 969 0 25 4
a 520 1684 0 2 2
a 525 1973 0 25 1
a 525 1686 0 44 5
a 526 1361 0 25 3
a 526 186 0 3 2
a 527 1711 0 25 4
a 527 1291 0 19 3
a 529 1719 0 25 10
a 529 1520 0 23 1
a 530 934 0 25 8
a 530 1782 0 6 1
a 531 272 0 25 2
a 531 481 0 33 7
a 539 1839 0 25 1
a 539 1113 0 21 10
a 540 531 0 25 4
a 540 1801 0 26 9
a 547 200 0 25 5
a 547 479 0 26 6
a 550 716 0 25 9
a 550 457 0 42 4
a 552 853 0 25 5
a 552 1000 0 6 7
a 555 1816 0 25 2
a 555 221 0 11 9
a 556 1356 0 25 7
a 556 490 0 49 7
a 559 182 0 25 7
a 559 1724 0 34 2
a 560 1509 0 25 1
a 560 128 0 34 3
a 562 414 0 25 10
a 562 7 0 32 8
a 563 733 0 25 3
a 563 968 0 12 2
a 564 1147 0 25 4
a 564 1299 0 47 9
a 567 79 0 25 7
a 567 155 0 26 1
a 568 605 0 25 2
a 568 1132 0 38 7
a 569 1708 0 25 9
a 569 230 0 44 6
a 571 1092 0 25 2
a 571 605 0 40 10
a 572 283 0 25 5
a 572 1268 0 20 6
a 578 1406 0 25 5
a 578 371 0 50 10
a 580 1687 0 25 2
a 580 371 0 32 9
a 581 1692 0 25 10
a 581 713 0 20 7
a 582 201 0 25 4
a 582 950 0 28 7
a 583 1079 0 25 1
a 583 389 0 7 2
a 585 101 0 25 6
a 585 1628 0 31 4
a 586 1158 0 25 9
a 586 443 0 12 7
a 589 831 0 25 10
a 589 1685 0 5 4
a 591 1436 0 25 3
a 591 881 0 35 3
a 593 355 0 25 4
a 593 1023 0 15 5
a 595 1053 0 25 6
a 595 644 0 30 1
a 600 1583 0 25 5
a 600 427 0 50 10
a 602 1491 0 25 9
a 602 1069 0 16 4
a 604 1078 0 25 9
a 604 612 0 20 9
a 605 614 0 25 8
a 605 566 0 6 9
a 606 1141 0 25 8
a 606 501 0 14 2
a 608 369 0 25 10
a 608 429 0 13 10
a 609 10 0 25 2
a 609 781 0 40 9
a 610 1747 0 25 2
a 610 469 0 22 2
a 611 497 0 25 4
a 611 840 0 3 6
a 614 1139 0 25 6
a 614 557 0 10 6
a 615 1296 0 25 1
a 615 736 0 5 10
a 616 993 0 25 8
a 616 1747 0 44 5
a 617 308 0 25 6
a 617 1342 0 26 4
a 618 530 0 25 3
a 618 1408 0 13 7
a 622 802 0 25 6
a 622 849 0 47 4
a 623 370 0 25 4
a 623 659 0 24 3
a 625 1693 0 25 2
a 625 1566 0 3 2
a 628 965 0 25 7
a 628 1415 0 34 2
a 629 1011 0 25 1
a 629 1756 0 21 7
a 631 1940 0 25 3
a 631 1592 0 32 9
a 635 1274 0 25 3
a 635 1696 0 25 6
a 636 893 0 25 8
a 636 1485 0 6 7
a 638 1488 0 25 8
a 638 938 0 32 5
a 639 1428 0 25 1
a 639 991 0 19 8
a 640 1980 0 25 10
a 640 1401 0 9 3
a 644 491 0 25 10
a 644 44 0 5 1
a 645 739 0 25 6
a 645 1006 0 27 7
a 646 1042 0 25 8
a 646 1656 0 15 6
a 648 1024 0 25 1
a 648 826 0 34 5
a 652 692 0 25 9
a 652 187 0 47 7
a 653 1584 0 25 7
a 653 336 0 5 3
a 654 748 0 25 3
a 654 1626 0 1 8
a 657 346 0 25 4
a 657 107 0 38 1
a 659 417 0 25 5
a 659 719 0 33 8
a 660 1755 0 25 4
a 660 1404 0 22 4
a 661 525 0 25 10
a 661 1456 0 28 6
a 662 1485 0 25 10
a 662 1804 0 45 4
a 663 518 0 25 8
a 663 1561 0 46 3
a 667 877 0 25 9
a 667 1811 0 38 7
a 668 198 0 25 10
a 668 1728 0 7 1
a 669 978 0 25 4
a 669 1477 0 32 9
a 670 185 0 25 5
a 670 208 0 39 4
a 671 1052 0 25 7
a 671 1034 0 29 6
a 672 567 0 25 5
a 672 947 0 20 8
a 675 1955 0 25 4
a 675 495 0 47 2
a 677 279 0 25 6
a 677 550 0 30 10
a 678 1825 0 25 8
a 678 1629 0 26 10
a 679 1216 0 25 1
a 679 535 0 18 2
a 682 371 0 25 10
a 682 1466 0 33 3
a 683 1834 0 25 2
a 683 467 0 48 9
a 685 865 0 25 9
a 685 1563 0 15 8
a 686 1636 0 25 6
a 686 1320 0 41 4
a 687 395 0 25 4
a 687 304 0 8 2
a 692 207 0 25 6
a 692 486 0 13 6
a 693 595 0 25 4
a 693 1367 0 16 9
a 694 1248 0 25 5
a 694 584 0 37 7
a 696 1877 0 25 8
a 696 1748 0 39 5
a 699 1525 0 25 6
a 699 1225 0 20 9
a 700 1954 0 25 10
a 700 994 0 22 7
a 701 729 0 25 9
a 701 1535 0 14 8
a 702 1548 0 25 2
a 702 750 0 15 2
a 704 1498 0 25 6
a 704 1621 0 48 6
a 708 77 0 25 4
a 708 1919 0 28 9
a 709 1411 0 25 2
a 709 1945 0 21 10
a 710 723 0 25 1
a 710 594 0 25 4
a 712 1645 0 25 4
a 712 786 0 30 9
a 716 290 0 25 10
a 716 1220 0 42 7
a 717 668 0 25 1
a 717 1129 0 27 4
a 718 872 0 25 2
a 718 990 0 11 6
a 721 1317 0 25 9
a 721 1808 0 5 9
a 722 1615 0 25 3
a 722 945 0 5 8
a 723 849 0 25 9
a 723 1495 0 45 8
a 725 1384 0 25 6
a 725 1992 0 16 6
a 726 1982 0 25 7
a 726 166 0 42 7
a 727 1294 0 25 9
a 727 418 0 42 8
a 729 989 0 25 7
a 729 1138 0 20 9
a 730 78 0 25 9
a 730 814 0 45 9
a 731 1984 0 25 1
a 731 733 0 13 6
a 732 218 0 25 2
a 732 1502 0 38 4
a 733 1152 0 25 3
a 733 593 0 25 5
a 736 402 0 25 3
a 736 219 0 12 9
a 739 1264 0 25 3
a 739 1048 0 18 8
a 740 316 0 25 9
a 740 1955 0 12 8
a 745 1021 0 25 8
a 745 1557 0 28 6
a 747 396 0 25 8
a 747 211 0 32 8
a 748 1626 0 25 1
a 748 325 0 47 1
a 751 1927 0 25 2
a 751 188 0 49 1
a 753 233 0 25 5
a 753 466 0 8 9
a 755 856 0 25 9
a 755 1708 0 33 4
a 756 1202 0 25 1
a 756 893 0 15 4
a 757 1667 0 25 7
a 757 288 0 26 3
a 761 1382 0 25 3
a 761 655 0 17 2
a 763 1878 0 25 10
a 763 1392 0 32 2
a 765 7 0 25 1
a 765 1898 0 12 9
a 766 1077 0 25 7
a 766 242 0 8 1
a 771 1658 0 25 2
a 771 546 0 33 9
a 774 1360 0 25 8
a 774 1702 0 35 4
a 775 1027 0 25 7
a 775 688 0 5 1
a 777 547 0 25 6
a 777 1857 0 39 4
a 778 114 0 25 7
a 778 936 0 47 10
a 780 1975 0 25 7
a 780 1933 0 46 4
a 787 246 0 25 10
a 787 743 0 31 7
a 788 1426 0 25 7
a 788 1843 0 1 10
a 791 1364 0 25 6
a 791 642 0 38 10
a 794 1142 0 25 10
a 794 1375 0 38 2
a 796 1318 0 25 6
a 796 308 0 47 9
a 800 1276 0 25 6
a 800 1678 0 28 2
a 802 571 0 25 9
a 802 1675 0 25 7
a 805 625 0 25 9
a 805 1876 0 5 10
a 806 390 0 25 2
a 806 1272 0 22 7
a 807 1733 0 25 4
a 807 11 0 30 4
a 820 1547 0 25 9
a 820 158 0 29 4
a 823 124 0 25 10
a 823 730 0 33 7
a 829 948 0 25 6
a 829 1773 0 45 3
a 831 1319 0 25 8
a 831 979 0 26 8
a 832 31 0 25 4
a 832 1411 0 29 8
a 834 1479 0 25 4
a 834 1365 0 4 7
a 838 1964 0 25 4
a 838 1718 0 44 1
a 839 1684 0 25 1
a 839 822 0 35 8
a 841 834 0 25 10
a 841 893 0 42 8
a 842 580 0 25 9
a 842 1146 0 11 1
a 843 1408 0 25 9
a 843 498 0 36 7
a 844 388 0 25 3
a 844 1386 0 41 7
a 849 1663 0 25 1
a 849 918 0 38 10
a 853 858 0 25 10
a 853 792 0 12 7
a 855 1527 0 25 2
a 855 1311 0 41 2
a 856 1331 0 25 10
a 856 1160 0 41 4
a 857 350 0 25 6
a 857 1958 0 12 5
a 858 1731 0 25 5
a 858 550 0 46 6
a 860 593 0 25 5
a 860 667 0 0 8
a 861 1370 0 25 2
a 861 1536 0 12 3
a 863 242 0 25 2
a 863 747 0 27 3
a 864 34 0 25 3
a 864 766 0 44 9
a 865 17 0 25 3
a 865 447 0 20 2
a 866 1156 0 25 10
a 866 1921 0 47 7
a 868 1040 0 25 3
a 868 218 0 10 9
a 870 1217 0 25 5
a 870 730 0 33 1
a 872 426 0 25 10
a 872 985 0 41 10
a 874 373 0 25 10
a 874 1806 0 0 10
a 875 1109 0 25 10
a 875 928 0 16 2
a 876 899 0 25 6
a 876 1227 0 40 4
a 877 722 0 25 10
a 877 274 0 41 8
a 878 1591 0 25 7
a 878 616 0 43 6
a 879 1729 0 25 9
a 879 1227 0 8 7
a 886 1939 0 25 2
a 886 530 0 35 2
a 887 258 0 25 2
a 887 1594 0 27 4
a 888 589 0 25 2
a 888 1482 0 11 2
a 889 1185 0 25 10
a 889 140 0 4 4
a 891 1111 0 25 2
a 891 667 0 38 4
a 893 211 0 25 2
a 893 35 0 7 4
a 896 1740 0 25 1
a 896 167 0 44 8
a 898 1001 0 25 3
a 898 246 0 27 10
a 899 839 0 25 10
a 899 378 0 50 9
a 903 730 0 25 3
a 903 1155 0 24 9
a 904 938 0 25 9
a 904 1815 0 6 4
a 906 800 0 25 7
a 906 361 0 5 7
a 910 1365 0 25 3
a 910 974 0 4 9
a 911 1192 0 25 1
a 911 1834 0 33 2
a 913 702 0 25 3
a 913 1250 0 19 8
a 914 1394 0 25 1
a 914 37 0 50 4
a 919 910 0 25 10
a 919 693 0 44 2
a 921 602 0 25 6
a 921 414 0 11 4
a 925 1416 0 25 6
a 925 228 0 27 3
a 927 727 0 25 8
a 927 328 0 45 7
a 930 1651 0 25 8
a 930 701 0 46 3
a 931 520 0 25 6
a 931 802 0 12 1
a 932 1422 0 25 10
a 932 809 0 45 8
a 933 1327 0 25 10
a 933 891 0 30 9
a 934 886 0 25 5
a 934 1147 0 44 10
a 936 1609 0 25 7
a 936 703 0 12 8
a 937 755 0 25 6
a 937 1963 0 6 2
a 938 507 0 25 6
a 938 1709 0 12 1
a 940 1709 0 25 9
a 940 1248 0 41 8
a 942 1455 0 25 3
a 942 296 0 25 2
a 944 179 0 25 10
a 944 1138 0 3 1
a 948 1225 0 25 7
a 948 934 0 28 7
a 950 358 0 25 4
a 950 213 0 10 5
a 952 305 0 25 9
a 952 1559 0 13 2
a 953 312 0 25 7
a 953 1178 0 47 8
a 954 610 0 25 4
a 954 332 0 38 10
a 955 1678 0 25 6
a 955 841 0 33 7
a 957 401 0 25 1
a 957 1590 0 34 1
a 959 1392 0 25 5
a 959 122 0 48 3
a 960 60 0 25 7
a 960 1563 0 2 2
a 961 1258 0 25 1
a 961 265 0 30 2
a 962 1030 0 25 3
a 962 849 0 10 2
a 964 682 0 25 10
a 964 407 0 13 10
a 965 133 0 25 2
a 965 14 0 11 2
a 966 1306 0 25 7
a 966 463 0 45 8
a 969 1002 0 25 4
a 969 13 0 26 2
a 971 1195 0 25 4
a 971 995 0 22 10
a 973 235 0 25 1
a 973 1743 0 32 5
a 978 106 0 25 8
a 978 80 0 37 2
a 979 1996 0 25 3
a 979 1127 0 47 10
a 983 324 0 25 9
a 983 1265 0 7 6
a 985 1482 0 25 2
a 985 53 0 16 8
a 988 1937 0 25 6
a 988 1058 0 21 6
a 989 1675 0 25 2
a 989 1810 0 26 4
a 990 696 0 25 2
a 990 1716 0 39 7
a 992 439 0 25 5
a 992 1832 0 32 6
a 993 995 0 25 7
a 993 1958 0 6 7
a 994 338 0 25 10
a 994 1652 0 48 4
a 995 1668 0 25 10
a 995 1706 0 47 6
a 996 248 0 25 1
a 996 290 0 23 10
a 997 685 0 25 8
a 997 166 0 32 10
a 1001 1705 0 25 8
a 1001 129 0 7 6
a 1002 1767 0 25 8
a 1002 920 0 8 2
a 1003 1330 0 25 6
a 1003 1880 0 9 1
a 1005 159 0 25 7
a 1005 139 0 18 8
a 1006 1837 0 25 5
a 1006 338 0 17 8
a 1007 1006 0 25 10
a 1007 765 0 42 7
a 1009 1328 0 25 10
a 1009 1363 0 47 6
a 1011 1930 0 25 4
a 1011 1816 0 14 3
a 1013 1284 0 25 5
a 1013 51 0 9 3
a 1015 416 0 25 3
a 1015 1697 0 22 9
a 1016 1297 0 25 6
a 1016 1632 0 19 1
a 1018 1473 0 25 1
a 1018 3 0 50 10
a 1021 636 0 25 3
a 1021 1642 0 25 5
a 1022 230 0 25 1
a 1022 1067 0 45 10
a 1024 560 0 25 4
a 1024 1322 0 14 9
a 1025 24 0 25 7
a 1025 472 0 13 8
a 1026 6 0 25 9
a 1026 1613 0 21 1
a 1027 1958 0 25 10
a 1027 1526 0 19 9
a 1030 51 0 25 7
a 1030 1014 0 37 6
a 1036 1346 0 25 7
a 1036 782 0 1 5
a 1037 240 0 25 8
a 1037 646 0 5 9
a 1038 932 0 25 6
a 1038 1085 0 19 8
a 1039 944 0 25 7
a 1039 1612 0 35 3
a 1040 757 0 25 10
a 1040 1725 0 35 2
a 1041 1231 0 25 7
a 1041 294 0 5 3
a 1042 997 0 25 6
a 1042 975 0 35 3
a 1043 1976 0 25 1
a 1043 1447 0 10 10
a 1047 452 0 25 5
a 1047 754 0 20 7
a 1049 1901 0 25 8
a 1049 1567 0 7 9
a 1050 56 0 25 6
a 1050 694 0 29 10
a 1051 648 0 25 4
a 1051 906 0 11 5
a 1052 1107 0 25 4
a 1052 434 0 50 1
a 1053 1113 0 25 5
a 1053 1433 0 19 7
a 1054 638 0 25 8
a 1054 1567 0 14 3
a 1056 1768 0 25 6
a 1056 289 0 35 2
a 1059 510 0 25 1
a 1059 1026 0 44 5
a 1061 1951 0 25 4
a 1061 1246 0 24 2
a 1062 1861 0 25 2
a 1062 1151 0 31 3
a 1064 332 0 25 8
a 1064 913 0 20 3
a 1065 1299 0 25 7
a 1065 507 0 22 1
a 1069 1625 0 25 7
a 1069 201 0 24 6
a 1071 1503 0 25 1
a 1071 713 0 13 9
a 1075 1560 0 25 9
a 1075 1896 0 23 3
a 1077 1438 0 25 2
a 1077 1959 0 48 7
a 1078 582 0 25 2
a 1078 1988 0 32 3
a 1079 796 0 25 1
a 1079 1501 0 10 10
a 1080 609 0 25 7
a 1080 382 0 7 7
a 1082 591 0 25 8
a 1082 1322 0 13 8
a 1088 1246 0 25 4
a 1088 446 0 37 1
a 1089 1690 0 25 6
a 1089 1722 0 38 2
a 1090 1151 0 25 2
a 1090 1672 0 22 4
a 1092 1444 0 25 10
a 1092 1052 0 22 2
a 1096 514 0 25 7
a 1096 583 0 27 6
a 1097 1089 0 25 9
a 1097 1090 0 2 6
a 1098 1782 0 25 5
a 1098 501 0 1 10
a 1099 420 0 25 5
a 1099 183 0 5 3
a 1105 1520 0 25 8
a 1105 268 0 26 3
a 1107 1672 0 25 10
a 1107 221 0 40 9
a 1109 1830 0 25 8
a 1109 1288 0 46 1
a 1110 652 0 25 7
a 1110 1257 0 15 6
a 1111 1105 0 25 5
a 1111 1274 0 20 5
a 1113 151 0 25 6
a 1113 1083 0 33 10
a 1114 1725 0 25 10
a 1114 302 0 32 1
a 1115 527 0 25 9
a 1115 1728 0 18 2
a 1116 1198 0 25 2
a 1116 871 0 10 10
a 1117 1196 0 25 1
a 1117 1529 0 3 8
a 1120 170 0 25 2
a 1120 1594 0 46 3
a 1122 1827 0 25 3
a 1122 752 0 45 10
a 1123 319 0 25 4
a 1123 1262 0 47 8
a 1124 484 0 25 5
a 1124 1879 0 3 3
a 1126 1628 0 25 10
a 1126 595 0 28 7
a 1128 1886 0 25 8
a 1128 68 0 43 5
a 1129 775 0 25 2
a 1129 1649 0 1 8
a 1130 123 0 25 8
a 1130 1284 0 24 4
a 1133 1757 0 25 9
a 1133 1273 0 5 7
a 1135 410 0 25 2
a 1135 395 0 14 9
a 1139 1929 0 25 9
a 1139 563 0 34 3
a 1141 1784 0 25 5
a 1141 164 0 3 1
a 1142 1298 0 25 3
a 1142 360 0 13 8
a 1145 1115 0 25 3
a 1145 500 0 3 2
a 1146 1774 0 25 4
a 1146 368 0 3 6
a 1147 1290 0 25 1
a 1147 48 0 14 8
a 1148 823 0 25 2
a 1148 1514 0 23 9
a 1151 150 0 25 3
a 1151 1699 0 21 6
a 1152 92 0 25 2
a 1152 1839 0 11 4
a 1153 1193 0 25 9
a 1153 462 0 39 8
a 1154 1309 0 25 7
a 1154 1778 0 39 7
a 1156 407 0 25 4
a 1156 1096 0 34 10
a 1158 1153 0 25 1
a 1158 1781 0 30 1
a 1159 1698 0 25 9
a 1159 1797 0 50 8
a 1160 352 0 25 5
a 1160 1853 0 41 9
a 1166 568 0 25 4
a 1166 58 0 7 4
a 1167 147 0 25 8
a 1167 72 0 14 6
a 1168 1293 0 25 8
a 1168 375 0 17 5
a 1171 380 0 25 9
a 1171 505 0 17 3
a 1178 1736 0 25 2
a 1178 1253 0 31 7
a 1179 1061 0 25 9
a 1179 230 0 50 10
a 1185 1582 0 25 1
a 1185 1464 0 18 3
a 1188 1128 0 25 3
a 1188 1084 0 17 8
a 1190 1881 0 25 4
a 1190 1762 0 7 3
a 1192 1332 0 25 3
a 1192 769 0 21 6
a 1193 931 0 25 10
a 1193 1880 0 33 4
a 1195 499 0 25 7
a 1195 24 0 42 6
a 1196 108 0 25 9
a 1196 1428 0 48 4
a 1198 1207 0 25 2
a 1198 1152 0 26 10
a 1199 143 0 25 1
a 1199 855 0 39 6
a 1200 1715 0 25 3
a 1200 1311 0 24 9
a 1202 1926 0 25 6
a 1202 1574 0 34 2
a 1204 1423 0 25 9
a 1204 283 0 14 8
a 1206 320 0 25 7
a 1206 1857 0 25 6
a 1207 516 0 25 2
a 1207 1783 0 11 9
a 1211 529 0 25 9
a 1211 1961 0 37 6
a 1213 855 0 25 2
a 1213 776 0 21 9
a 1215 1664 0 25 2
a 1215 1210 0 50 6
a 1216 98 0 25 10
a 1216 1760 0 49 2
a 1217 562 0 25 6
a 1217 1527 0 1 10
a 1225 192 0 25 2
a 1225 608 0 48 1
a 1228 1311 0 25 3
a 1228 1805 0 30 5
a 1229 1640 0 25 5
a 1229 985 0 10 5
a 1231 973 0 25 2
a 1231 128 0 6 1
a 1232 1793 0 25 5
a 1232 1297 0 7 3
a 1236 678 0 25 9
a 1236 1476 0 40 4
a 1237 1310 0 25 4
a 1237 1486 0 43 6
a 1241 1154 0 25 7
a 1241 1134 0 49 1
a 1242 1431 0 25 8
a 1242 1626 0 28 6
a 1244 1666 0 25 4
a 1244 424 0 13 5
a 1245 450 0 25 8
a 1245 670 0 11 4
a 1246 188 0 25 2
a 1246 471 0 12 1
a 1248 389 0 25 4
a 1248 957 0 50 10
a 1249 301 0 25 5
a 1249 845 0 7 4
a 1252 1133 0 25 2
a 1252 1788 0 34 10
a 1253 555 0 25 6
a 1253 1899 0 13 9
a 1254 794 0 25 7
a 1254 1717 0 49 10
a 1255 1335 0 25 9
a 1255 1353 0 6 9
a 1258 1090 0 25 2
a 1258 1784 0 33 4
a 1259 1178 0 25 10
a 1259 1033 0 2 10
a 1260 321 0 25 7
a 1260 97 0 13 2
a 1262 275 0 25 4
a 1262 1688 0 22 4
a 1263 1458 0 25 5
a 1263 557 0 2 10
a 1264 1474 0 25 7
a 1264 274 0 43 1
a 1265 1504 0 25 3
a 1265 805 0 48 7
a 1267 740 0 25 8
a 1267 481 0 49 5
a 1274 629 0 25 1
a 1274 865 0 25 5
a 1276 273 0 25 2
a 1276 468 0 1 9
a 1278 455 0 25 6
a 1278 1198 0 43 3
a 1282 983 0 25 6
a 1282 1242 0 3 1
a 1284 1463 0 25 2
a 1284 923 0 44 2
a 1290 942 0 25 6
a 1290 994 0 40 3
a 1293 1366 0 25 9
a 1293 316 0 14 6
a 1294 1050 0 25 4
a 1294 271 0 26 10
a 1295 903 0 25 2
a 1295 1540 0 47 5
a 1296 878 0 25 4
a 1296 1605 0 37 10
a 1297 700 0 25 7
a 1297 1687 0 39 5
a 1298 774 0 25 4
a 1298 509 0 49 10
a 1299 861 0 25 6
a 1299 1723 0 7 2
a 1300 1018 0 25 8
a 1300 710 0 50 7
a 1301 482 0 25 2
a 1301 1682 0 18 8
a 1303 156 0 25 5
a 1303 1318 0 37 5
a 1305 1618 0 25 7
a 1305 1080 0 0 3
a 1306 470 0 25 3
a 1306 1392 0 36 10
a 1308 1554 0 25 7
a 1308 531 0 36 1
a 1309 539 0 25 3
a 1309 1093 0 7 10
a 1310 712 0 25 2
a 1310 1948 0 35 7
a 1311 1573 0 25 5
a 1311 1014 0 37 4
a 1312 1522 0 25 2
a 1312 1550 0 11 9
a 1316 1850 0 25 4
a 1316 1309 0 16 7
a 1317 874 0 25 9
a 1317 660 0 3 1
a 1318 1923 0 25 5
a 1318 1684 0 26 7
a 1319 660 0 25 6
a 1319 1156 0 14 1
a 1321 753 0 25 7
a 1321 1144 0 28 6
a 1324 399 0 25 9
a 1324 1125 0 15 1
a 1325 639 0 25 2
a 1325 569 0 36 9
a 1327 64 0 25 3
a 1327 430 0 19 2
a 1328 1807 0 25 3
a 1328 512 0 6 2
a 1330 1016 0 25 1
a 1330 571 0 35 9
a 1331 1959 0 25 5
a 1331 1809 0 0 7
a 1332 145 0 25 8
a 1332 1052 0 5 10
a 1333 1795 0 25 9
a 1333 1485 0 45 5
a 1335 964 0 25 1
a 1335 788 0 44 1
a 1336 57 0 25 5
a 1336 394 0 18 4
a 1337 1550 0 25 10
a 1337 576 0 22 2
a 1338 788 0 25 7
a 1338 828 0 33 2
a 1340 1972 0 25 4
a 1340 1004 0 22 1
a 1343 271 0 25 4
a 1343 406 0 16 10
a 1345 187 0 25 6
a 1345 107 0 2 8
a 1346 704 0 25 3
a 1346 1685 0 17 3
a 1347 144 0 25 4
a 1347 1413 0 15 7
a 1355 552 0 25 4
a 1355 702 0 24 10
a 1356 260 0 25 2
a 1356 1296 0 36 7
a 1358 517 0 25 9
a 1358 586 0 17 3
a 1359 1022 0 25 1
a 1359 550 0 44 7
a 1360 806 0 25 2
a 1360 1286 0 44 4
a 1361 1049 0 25 2
a 1361 423 0 12 6
a 1363 1563 0 25 6
a 1363 876 0 19 3
a 1364 635 0 25 2
a 1364 684 0 31 5
a 1365 47 0 25 1
a 1365 1171 0 33 7
a 1366 1009 0 25 10
a 1366 38 0 40 5
a 1367 241 0 25 8
a 1367 933 0 23 2
a 1370 1301 0 25 3
a 1370 1591 0 0 3
a 1376 1253 0 25 4
a 1376 718 0 39 5
a 1382 887 0 25 10
a 1382 1741 0 44 10
a 1384 687 0 25 7
a 1384 1266 0 39 9
a 1385 844 0 25 10
a 1385 702 0 22 5
a 1387 87 0 25 7
a 1387 913 0 33 6
a 1388 425 0 25 1
a 1388 1581 0 44 8
a 1392 467 0 25 1
a 1392 133 0 11 2
a 1394 1569 0 25 9
a 1394 1874 0 37 2
a 1395 1130 0 25 8
a 1395 1927 0 46 3
a 1397 1576 0 25 6
a 1397 964 0 6 9
a 1399 224 0 25 2
a 1399 654 0 32 10
a 1400 1787 0 25 7
a 1400 1314 0 29 6
a 1406 657 0 25 5
a 1406 1935 0 20 5
a 1407 1215 0 25 7
a 1407 514 0 20 8
a 1408 1098 0 25 3
a 1408 1442 0 39 10
a 1410 1457 0 25 2
a 1410 1422 0 15 6
a 1411 1619 0 25 4
a 1411 321 0 22 9
a 1413 1427 0 25 1
a 1413 1380 0 26 10
a 1416 1340 0 25 10
a 1416 56 0 20 9
a 1419 732 0 25 4
a 1419 1391 0 6 9
a 1421 212 0 25 3
a 1421 1739 0 50 4
a 1422 1003 0 25 10
a 1422 1873 0 37 2
a 1423 35 0 25 7
a 1423 1111 0 36 1
a 1424 710 0 25 5
a 1424 1811 0 23 7
a 1426 1358 0 25 3
a 1426 1632 0 42 8
a 1427 726 0 25 4
a 1427 1446 0 11 8
a 1428 842 0 25 7
a 1428 1079 0 43 4
a 1431 168 0 25 10
a 1431 1944 0 16 3
a 1432 961 0 25 4
a 1432 992 0 37 8
a 1434 708 0 25 8
a 1434 876 0 5 5
a 1435 914 0 25 4
a 1435 1508 0 30 7
a 1436 686 0 25 2
a 1436 1965 0 39 5
a 1438 84 0 25 9
a 1438 72 0 26 2
a 1444 1963 0 25 3
a 1444 1082 0 26 5
a 1454 988 0 25 9
a 1454 1589 0 37 4
a 1455 1059 0 25 2
a 1455 1447 0 18 10
a 1457 1088 0 25 8
a 1457 469 0 21 6
a 1458 1858 0 25 9
a 1458 1182 0 28 7
a 1462 1432 0 25 2
a 1462 1875 0 28 4
a 1463 1549 0 25 4
a 1463 367 0 3 10
a 1465 1912 0 25 4
a 1465 554 0 21 2
a 1466 1612 0 25 10
a 1466 742 0 17 7
a 1473 1555 0 25 6
a 1473 334 0 12 2
a 1474 460 0 25 7
a 1474 1653 0 50 5
a 1476 654 0 25 9
a 1476 823 0 35 10
a 1478 1706 0 25 1
a 1478 115 0 1 4
a 1479 365 0 25 7
a 1479 800 0 35 5
a 1480 841 0 25 5
a 1480 1057 0 15 7
a 1482 608 0 25 8
a 1482 1398 0 7 6
a 1485 337 0 25 7
a 1485 823 0 13 6
a 1486 1732 0 25 5
a 1486 1039 0 37 4
a 1488 1792 0 25 3
a 1488 960 0 21 8
a 1489 631 0 25 6
a 1489 1967 0 10 5
a 1491 1054 0 25 6
a 1491 1014 0 36 9
a 1494 1585 0 25 3
a 1494 1473 0 21 9
a 1498 1978 0 25 1
a 1498 1220 0 9 8
a 1500 718 0 25 5
a 1500 1892 0 14 9
a 1503 73 0 25 2
a 1503 23 0 22 8
a 1504 1062 0 25 4
a 1504 1251 0 1 10
a 1506 1421 0 25 4
a 1506 1608 0 10 1
a 1508 1260 0 25 4
a 1508 1391 0 40 2
a 1509 1188 0 25 1
a 1509 625 0 12 7
a 1517 311 0 25 6
a 1517 1457 0 23 8
a 1520 118 0 25 5
a 1520 641 0 26 3
a 1521 857 0 25 10
a 1521 1090 0 39 8
a 1522 962 0 25 6
a 1522 1722 0 13 7
a 1523 1229 0 25 1
a 1523 1126 0 15 9
a 1524 368 0 25 8
a 1524 24 0 27 2
a 1525 197 0 25 8
a 1525 1030 0 46 2
a 1527 292 0 25 5
a 1527 1856 0 24 6
a 1537 1338 0 25 10
a 1537 740 0 15 7
a 1539 353 0 25 6
a 1539 148 0 12 5
a 1545 747 0 25 9
a 1545 1926 0 41 7
a 1546 669 0 25 10
a 1546 1874 0 8 4
a 1547 1069 0 25 10
a 1547 1800 0 0 8
a 1548 1780 0 25 6
a 1548 954 0 42 2
a 1549 778 0 25 8
a 1549 1487 0 15 3
a 1550 1968 0 25 8
a 1550 410 0 38 2
a 1553 1614 0 25 8
a 1553 977 0 47 6
a 1554 384 0 25 8
a 1554 1778 0 0 8
a 1555 175 0 25 10
a 1555 254 0 38 8
a 1557 434 0 25 10
a 1557 1899 0 19 10
a 1560 1096 0 25 8
a 1560 1713 0 29 2
a 1562 1465 0 25 6
a 1562 1509 0 11 5
a 1563 1007 0 25 8
a 1563 967 0 34 7
a 1565 1517 0 25 2
a 1565 221 0 42 10
a 1566 202 0 25 2
a 1566 433 0 32 7
a 1567 731 0 25 3
a 1567 338 0 32 3
a 1569 1848 0 25 4
a 1569 231 0 39 10
a 1572 215 0 25 9
a 1572 1088 0 14 2
a 1573 952 0 25 5
a 1573 1108 0 11 4
a 1575 955 0 25 1
a 1575 1117 0 11 5
a 1576 489 0 25 3
a 1576 472 0 15 2
a 1578 344 0 25 5
a 1578 1036 0 23 6
a 1579 1888 0 25 6
a 1579 84 0 44 10
a 1580 205 0 25 8
a 1580 1852 0 4 8
a 1581 766 0 25 10
a 1581 347 0 12 8
a 1582 1199 0 25 5
a 1582 1635 0 14 4
a 1583 1797 0 25 1
a 1583 1358 0 3 9
a 1584 1308 0 25 8
a 1584 904 0 48 2
a 1585 1508 0 25 9
a 1585 1677 0 14 9
a 1588 1259 0 25 9
a 1588 978 0 15 9
a 1589 1343 0 25 2
a 1589 154 0 41 2
a 1590 341 0 25 2
a 1590 1776 0 21 1
a 1591 572 0 25 9
a 1591 1284 0 17 7
a 1592 67 0 25 8
a 1592 889 0 50 8
a 1593 1466 0 25 3
a 1593 1083 0 24 2
a 1595 583 0 25 1
a 1595 206 0 27 4
a 1596 1638 0 25 5
a 1596 1978 0 41 5
a 1598 672 0 25 7
a 1598 1428 0 0 2
a 1605 423 0 25 2
a 1605 470 0 24 7
a 1606 1965 0 25 1
a 1606 232 0 6 4
a 1607 1659 0 25 6
a 1607 620 0 37 6
a 1609 1179 0 25 7
a 1609 1540 0 50 8
a 1611 1244 0 25 7
a 1611 1411 0 9 2
a 1612 971 0 25 8
a 1612 628 0 9 10
a 1614 1744 0 25 7
a 1614 745 0 27 5
a 1615 480 0 25 9
a 1615 812 0 7 8
a 1618 996 0 25 1
a 1618 1183 0 46 8
a 1619 1537 0 25 5
a 1619 1633 0 10 8
a 1620 408 0 25 6
a 1620 1627 0 29 4
a 1621 1015 0 25 5
a 1621 1975 0 11 5
a 1623 1333 0 25 5
a 1623 721 0 20 7
a 1624 1947 0 25 7
a 1624 1270 0 7 4
a 1625 213 0 25 2
a 1625 368 0 4 8
a 1626 896 0 25 8
a 1626 36 0 18 4
a 1628 1410 0 25 10
a 1628 1642 0 26 3
a 1630 1462 0 25 2
a 1630 692 0 50 1
a 1632 736 0 25 8
a 1632 16 0 13 7
a 1633 1242 0 25 4
a 1633 1773 0 43 4
a 1636 1387 0 25 10
a 1636 1086 0 25 1
a 1638 921 0 25 5
a 1638 1818 0 18 1
a 1640 1879 0 25 6
a 1640 448 0 8 8
a 1645 74 0 25 5
a 1645 1232 0 31 3
a 1646 113 0 25 7
a 1646 1793 0 29 2
a 1647 1521 0 25 8
a 1647 814 0 28 1
a 1648 1970 0 25 3
a 1648 1294 0 25 10
a 1651 163 0 25 2
a 1651 621 0 38 4
a 1655 1249 0 25 2
a 1655 1442 0 36 5
a 1658 431 0 25 1
a 1658 1622 0 17 5
a 1659 1697 0 25 3
a 1659 1565 0 16 5
a 1660 1777 0 25 10
a 1660 1703 0 24 8
a 1661 1206 0 25 3
a 1661 1327 0 27 2
a 1663 1590 0 25 4
a 1663 705 0 14 4
a 1664 1624 0 25 5
a 1664 1218 0 5 3
a 1665 1454 0 25 7
a 1665 1853 0 21 8
a 1666 559 0 25 1
a 1666 433 0 0 9
a 1667 618 0 25 6
a 1667 907 0 6 3
a 1668 265 0 25 8
a 1668 1727 0 40 1
a 1669 937 0 25 2
a 1669 577 0 23 6
a 1670 1817 0 25 2
a 1670 1053 0 25 9
a 1672 1146 0 25 2
a 1672 24 0 41 1
a 1675 761 0 25 9
a 1675 398 0 10 5
a 1678 1166 0 25 6
a 1678 1247 0 21 5
a 1680 1565 0 25 9
a 1680 272 0 16 5
a 1683 293 0 25 7
a 1683 1729 0 27 10
a 1684 763 0 25 1
a 1684 391 0 29 5
a 1687 1041 0 25 1
a 1687 110 0 11 4
a 1690 1407 0 25 1
a 1690 1555 0 44 4
a 1691 1336 0 25 3
a 1691 161 0 44 6
a 1692 1312 0 25 4
a 1692 1247 0 24 4
a 1693 1769 0 25 7
a 1693 236 0 27 4
a 1694 904 0 25 2
a 1694 633 0 1 2
a 1695 1278 0 25 5
a 1695 1824 0 3 7
a 1696 1605 0 25 5
a 1696 1353 0 34 4
a 1697 1434 0 25 10
a 1697 489 0 36 5
a 1698 1730 0 25 4
a 1698 1741 0 8 8
a 1701 1129 0 25 5
a 1701 506 0 43 10
a 1702 913 0 25 10
a 1702 727 0 5 2
a 1703 14 0 25 3
a 1703 375 0 15 10
a 1704 1831 0 25 6
a 1704 1433 0 5 4
a 1705 1435 0 25 9
a 1705 1223 0 42 5
a 1706 178 0 25 2
a 1706 49 0 18 6
a 1708 1255 0 25 2
a 1708 583 0 25 10
a 1709 953 0 25 10
a 1709 1200 0 11 9
a 1711 268 0 25 1
a 1711 920 0 42 10
a 1713 693 0 25 6
a 1713 648 0 25 9
a 1714 1303 0 25 6
a 1714 1494 0 46 1
a 1715 578 0 25 3
a 1715 1979 0 42 7
a 1716 959 0 25 2
a 1716 1016 0 47 1
a 1719 581 0 25 5
a 1719 619 0 14 9
a 1721 28 0 25 9
a 1721 1390 0 32 5
a 1725 219 0 25 10
a 1725 116 0 26 3
a 1729 954 0 25 9
a 1729 328 0 25 10
a 1730 1742 0 25 5
a 1730 703 0 12 3
a 1731 1562 0 25 10
a 1731 185 0 45 5
a 1732 1506 0 25 8
a 1732 1447 0 11 8
a 1733 1967 0 25 5
a 1733 1366 0 20 5
a 1736 832 0 25 4
a 1736 1648 0 32 2
a 1738 234 0 25 4
a 1738 223 0 48 2
a 1740 1999 0 25 1
a 1740 1350 0 29 3
a 1742 379 0 25 5
a 1742 848 0 28 8
a 1744 866 0 25 7
a 1744 590 0 7 3
a 1746 606 0 25 3
a 1746 900 0 26 7
a 1747 1918 0 25 1
a 1747 437 0 27 4
a 1748 1863 0 25 1
a 1748 796 0 42 10
a 1751 1363 0 25 10
a 1751 1342 0 43 10
a 1752 550 0 25 1
a 1752 1759 0 29 7
a 1755 1864 0 25 9
a 1755 1601 0 39 1
a 1757 940 0 25 6
a 1757 1070 0 35 3
a 1759 1345 0 25 4
a 1759 463 0 46 5
a 1766 1395 0 25 10
a 1766 1310 0 17 5
a 1767 1038 0 25 6
a 1767 259 0 22 7
a 1768 556 0 25 1
a 1768 55 0 3 6
a 1769 1880 0 25 2
a 1769 771 0 28 4
a 1772 653 0 25 6
a 1772 1283 0 45 8
a 1773 1539 0 25 8
a 1773 730 0 19 3
a 1774 148 0 25 10
a 1774 1665 0 27 3
a 1777 71 0 25 3
a 1777 513 0 48 1
a 1778 616 0 25 5
a 1778 228 0 44 2
a 1780 1282 0 25 6
a 1780 402 0 41 6
a 1782 490 0 25 7
a 1782 1541 0 7 2
a 1783 889 0 25 1
a 1783 1406 0 39 3
a 1784 1500 0 25 6
a 1784 1237 0 38 5
a 1787 617 0 25 5
a 1787 679 0 17 1
a 1789 259 0 25 9
a 1789 1449 0 31 3
a 1790 1752 0 25 5
a 1790 1339 0 40 4
a 1792 1580 0 25 6
a 1792 1333 0 44 2
a 1793 1056 0 25 4
a 1793 1397 0 0 8
a 1795 1337 0 25 7
a 1795 1410 0 24 3
a 1797 1986 0 25 1
a 1797 1918 0 21 2
a 1798 1852 0 25 7
a 1798 1026 0 45 3
a 1799 1553 0 25 1
a 1799 218 0 45 7
a 1800 604 0 25 10
a 1800 1198 0 8 6
a 1807 432 0 25 3
a 1807 111 0 18 7
a 1808 1300 0 25 4
a 1808 1777 0 32 3
a 1816 16 0 25 9
a 1816 801 0 1 1
a 1817 70 0 25 10
a 1817 872 0 5 3
a 1822 1773 0 25 8
a 1822 877 0 23 4
a 1823 1842 0 25 6
a 1823 1107 0 9 1
a 1824 843 0 25 9
a 1824 313 0 40 8
a 1825 683 0 25 1
a 1825 289 0 3 5
a 1827 1200 0 25 10
a 1827 254 0 48 1
a 1829 41 0 25 8
a 1829 1033 0 43 4
a 1830 261 0 25 2
a 1830 716 0 38 8
a 1831 1117 0 25 4
a 1831 331 0 26 1
a 1833 1135 0 25 9
a 1833 1819 0 21 10
a 1834 173 0 25 1
a 1834 1686 0 23 3
a 1835 40 0 25 10
a 1835 1808 0 9 5
a 1837 142 0 25 8
a 1837 1248 0 31 4
a 1838 1738 0 25 4
a 1838 624 0 4 1
a 1839 540 0 25 4
a 1839 1944 0 30 3
a 1842 1994 0 25 6
a 1842 1913 0 14 4
a 1843 1566 0 25 5
a 1843 156 0 9 1
a 1845 1097 0 25 8
a 1845 706 0 39 1
a 1846 950 0 25 6
a 1846 1692 0 40 9
a 1847 1648 0 25 5
a 1847 868 0 24 4
a 1848 671 0 25 3
a 1848 78 0 12 9
a 1850 1620 0 25 8
a 1850 472 0 8 4
a 1852 1110 0 25 5
a 1852 1516 0 38 2
a 1854 994 0 25 1
a 1854 812 0 50 3
a 1858 1838 0 25 3
a 1858 535 0 33 3
a 1859 1039 0 25 6
a 1859 1631 0 6 10
a 1860 1123 0 25 7
a 1860 648 0 24 5
a 1861 303 0 25 4
a 1861 1717 0 47 10
a 1863 1914 0 25 6
a 1863 1530 0 3 3
a 1864 1798 0 25 6
a 1864 1150 0 12 2
a 1869 1545 0 25 6
a 1869 974 0 44 9
a 1877 1716 0 25 4
a 1877 1189 0 45 9
a 1878 140 0 25 3
a 1878 1666 0 30 2
a 1879 526 0 25 7
a 1879 497 0 16 6
a 1880 1661 0 25 5
a 1880 956 0 50 2
a 1881 475 0 25 1
a 1881 1314 0 20 3
a 1886 1800 0 25 9
a 1886 1124 0 32 8
a 1887 1896 0 25 2
a 1887 1542 0 19 10
a 1888 838 0 25 8
a 1888 916 0 2 10
a 1891 1595 0 25 5
a 1891 374 0 17 3
a 1896 864 0 25 9
a 1896 1388 0 41 8
a 1901 1036 0 25 10
a 1901 16 0 39 5
a 1908 1099 0 25 7
a 1908 589 0 3 8
a 1909 465 0 25 4
a 1909 373 0 19 7
a 1912 1606 0 25 9
a 1912 1615 0 3 3
a 1914 745 0 25 9
a 1914 1249 0 45 7
a 1915 136 0 25 3
a 1915 833 0 17 8
a 1916 960 0 25 4
a 1916 343 0 21 3
a 1918 1596 0 25 2
a 1918 284 0 16 10
a 1923 1486 0 25 4
a 1923 1637 0 10 5
a 1926 1397 0 25 1
a 1926 918 0 6 9
a 1927 149 0 25 8
a 1927 1565 0 32 9
a 1929 870 0 25 7
a 1929 1673 0 1 3
a 1930 1080 0 25 5
a 1930 820 0 0 3
a 1936 1572 0 25 8
a 1936 217 0 37 4
a 1937 1799 0 25 2
a 1937 1083 0 5 2
a 1939 1669 0 25 5
a 1939 137 0 46 7
a 1940 1168 0 25 6
a 1940 659 0 0 7
a 1945 436 0 25 6
a 1945 520 0 24 4
a 1946 1013 0 25 2
a 1946 923 0 40 9
a 1947 1997 0 25 9
a 1947 1037 0 29 7
a 1948 109 0 25 10
a 1948 52 0 2 9
a 1951 1822 0 25 1
a 1951 1929 0 2 2
a 1952 479 0 25 1
a 1952 1880 0 43 7
a 1954 167 0 25 1
a 1954 1064 0 50 3
a 1955 663 0 25 9
a 1955 569 0 2 8
a 1956 1388 0 25 4
a 1956 728 0 37 10
a 1958 888 0 25 1
a 1958 892 0 4 8
a 1959 1476 0 25 9
a 1959 1924 0 28 3
a 1963 1075 0 25 10
a 1963 926 0 49 2
a 1964 1120 0 25 4
a 1964 248 0 30 5
a 1965 1845 0 25 9
a 1965 1632 0 41 2
a 1966 805 0 25 4
a 1966 1788 0 35 7
a 1967 1623 0 25 6
a 1967 63 0 4 1
a 1968 505 0 25 6
a 1968 586 0 17 8
a 1970 1646 0 25 3
a 1970 85 0 48 10
a 1972 405 0 25 7
a 1972 520 0 13 3
a 1973 1751 0 25 7
a 1973 613 0 19 9
a 1975 925 0 25 10
a 1975 1807 0 21 6
a 1976 1523 0 25 9
a 1976 1382 0 20 3
a 1977 1936 0 25 7
a 1977 1200 0 22 2
a 1978 1824 0 25 9
a 1978 894 0 21 1
a 1980 787 0 25 9
a 1980 364 0 13 5
a 1982 112 0 25 6
a 1982 1026 0 30 3
a 1984 1991 0 25 1
a 1984 1646 0 45 7
a 1986 1480 0 25 1
a 1986 493 0 17 2
a 1988 645 0 25 7
a 1988 345 0 1 1
a 1989 81 0 25 2
a 1989 232 0 47 8
a 1991 1956 0 25 7
a 1991 515 0 11 1
a 1994 640 0 25 8
a 1994 9 0 27 8
a 1995 221 0 25 9
a 1995 798 0 50 2
a 1996 228 0 25 1
a 1996 1557 0 15 6
a 1997 511 0 25 6
a 1997 1115 0 27 7
a 2 1492 0 25 2
a 2 1924 0 8 4
a 3 208 0 25 3
a 3 919 0 32 8
a 4 867 0 25 1
a 4 610 0 32 4
a 9 1761 0 25 10
a 9 671 0 14 3
a 11 506 0 25 8
a 11 1856 0 7 4
a 12 330 0 25 8
a 12 770 0 15 9
a 13 1512 0 25 2
a 13 928 0 14 9
a 15 1230 0 25 6
a 15 1336 0 15 6
a 20 574 0 25 5
a 20 259 0 27 2
a 21 754 0 25 1
a 21 154 0 49 4
a 22 836 0 25 8
a 22 1180 0 42 5
a 23 269 0 25 3
a 23 380 0 25 2
a 26 217 0 25 5
a 26 751 0 33 2
a 27 300 0 25 4
a 27 81 0 29 4
a 30 210 0 25 2
a 30 1578 0 8 8
a 32 715 0 25 3
a 32 1512 0 31 2
a 33 1532 0 25 2
a 33 1311 0 28 3
a 36 579 0 25 4
a 36 1780 0 1 1
a 38 798 0 25 2
a 38 1759 0 3 6
a 39 554 0 25 9
a 39 227 0 8 10
a 42 1378 0 25 7
a 42 1665 0 2 8
a 44 1987 0 25 10
a 44 1831 0 21 4
a 45 454 0 25 6
a 45 1876 0 25 3
a 46 1627 0 25 9
a 46 1431 0 9 7
a 48 1279 0 25 1
a 48 556 0 22 3
a 52 488 0 25 6
a 52 467 0 30 4
a 55 1226 0 25 9
a 55 43 0 31 6
a 58 1368 0 25 5
a 58 580 0 6 8
a 59 811 0 25 3
a 59 248 0 29 1
a 61 1974 0 25 10
a 61 733 0 31 1
a 62 1526 0 25 5
a 62 960 0 8 6
a 63 1072 0 25 10
a 63 359 0 2 4
a 65 1950 0 25 10
a 65 909 0 29 6
a 66 1760 0 25 1
a 66 885 0 11 1
a 68 697 0 25 1
a 68 1929 0 10 9
a 69 1223 0 25 2
a 69 1600 0 13 3
a 72 421 0 25 8
a 72 1080 0 11 6
a 75 304 0 25 1
a 75 193 0 14 3
a 76 924 0 25 6
a 76 559 0 1 7
a 83 797 0 25 2
a 83 1309 0 13 5
a 85 1686 0 25 9
a 85 534 0 35 4
a 86 1283 0 25 4
a 86 886 0 43 8
a 88 382 0 25 1
a 88 359 0 37 5
a 89 128 0 25 5
a 89 606 0 26 9
a 90 277 0 25 7
a 90 446 0 17 4
a 91 837 0 25 5
a 91 11 0 22 3
a 93 1820 0 25 10
a 93 953 0 5 9
a 94 770 0 25 9
a 94 1116 0 38 5
a 96 565 0 25 10
a 96 846 0 23 10
a 97 658 0 25 1
a 97 1282 0 39 10
a 100 1529 0 25 3
a 100 1228 0 42 8
a 103 274 0 25 8
a 103 362 0 19 1
a 104 1017 0 25 2
a 104 1270 0 21 2
a 105 923 0 25 8
a 105 860 0 38 8
a 111 848 0 25 5
a 111 1187 0 13 10
a 115 1639 0 25 7
a 115 1252 0 23 9
a 119 1440 0 25 8
a 119 1084 0 19 8
a 120 929 0 25 10
a 120 1830 0 32 9
a 121 847 0 25 5
a 121 1526 0 49 9
a 122 445 0 25 3
a 122 995 0 16 8
a 125 1273 0 25 6
a 125 1561 0 44 5
a 126 1389 0 25 9
a 126 1235 0 12 5
a 128 1066 0 25 8
a 128 1972 0 23 9
a 129 1344 0 25 8
a 129 706 0 44 3
a 130 1541 0 25 6
a 130 883 0 36 5
a 132 176 0 25 8
a 132 1494 0 29 10
a 134 785 0 25 10
a 134 328 0 26 9
a 135 404 0 25 7
a 135 160 0 47 9
a 137 1681 0 25 6
a 137 1622 0 34 8
a 138 134 0 25 6
a 138 420 0 5 8
a 139 1404 0 25 2
a 139 1957 0 33 10
a 141 486 0 25 4
a 141 619 0 9 3
a 146 1872 0 25 3
a 146 1593 0 12 6
a 152 1277 0 25 10
a 152 1165 0 12 6
a 153 1137 0 25 2
a 153 1051 0 9 8
a 154 1304 0 25 4
a 154 1827 0 13 4
a 155 1898 0 25 3
a 155 471 0 45 6
a 157 1892 0 25 2
a 157 1207 0 21 4
a 160 1610 0 25 6
a 160 611 0 5 6
a 161 958 0 25 9
a 161 189 0 8 9
a 162 1373 0 25 3
a 162 1961 0 10 10
a 164 544 0 25 7
a 164 1035 0 36 9
a 165 945 0 25 2
a 165 891 0 17 3
a 166 846 0 25 6
a 166 855 0 9 2
a 171 1266 0 25 1
a 171 1929 0 4 2
a 174 508 0 25 2
a 174 1290 0 24 6
a 176 1272 0 25 8
a 176 1211 0 14 5
a 177 1728 0 25 2
a 177 157 0 42 9
a 180 39 0 25 9
a 180 1747 0 11 4
a 183 772 0 25 8
a 183 1027 0 47 4
a 184 799 0 25 8
a 184 19 0 11 7
a 186 1534 0 25 1
a 186 1944 0 7 9
a 189 281 0 25 7
a 189 672 0 34 2
a 191 782 0 25 6
a 191 1089 0 25 5
a 193 1164 0 25 10
a 193 736 0 45 1
a 199 1629 0 25 10
a 199 1567 0 6 1
a 203 762 0 25 5
a 203 271 0 35 10
a 204 473 0 25 2
a 204 1214 0 46 3
a 206 154 0 25 9
a 206 1725 0 37 2
a 208 1720 0 25 10
a 208 460 0 33 4
a 209 1519 0 25 2
a 209 1184 0 15 6
a 210 1913 0 25 10
a 210 449 0 11 4
a 214 394 0 25 5
a 214 27 0 36 4
a 216 225 0 25 2
a 216 1081 0 13 2
a 217 89 0 25 1
a 217 52 0 47 8
a 222 827 0 25 3
a 222 564 0 6 10
a 223 1656 0 25 1
a 223 588 0 26 3
a 225 262 0 25 10
a 225 1795 0 21 9
a 226 264 0 25 10
a 226 1466 0 10 6
a 229 1086 0 25 1
a 229 211 0 31 3
a 231 1634 0 25 4
a 231 1064 0 5 3
a 236 1616 0 25 10
a 236 1809 0 37 4
a 237 982 0 25 3
a 237 1060 0 13 7
a 238 1256 0 25 10
a 238 113 0 0 3
a 239 951 0 25 9
a 239 1692 0 41 10
a 244 1776 0 25 3
a 244 1813 0 27 4
a 245 1348 0 25 8
a 245 1958 0 16 6
a 247 1302 0 25 9
a 247 1564 0 34 6
a 250 20 0 25 9
a 250 17 0 40 9
a 251 398 0 25 5
a 251 152 0 32 4
a 252 375 0 25 6
a 252 926 0 6 7
a 253 348 0 25 5
a 253 921 0 6 9
a 254 46 0 25 4
a 254 247 0 0 1
a 255 695 0 25 8
a 255 613 0 22 3
a 256 986 0 25 2
a 256 1450 0 12 7
a 257 27 0 25 10
a 257 1468 0 0 5
a 262 1430 0 25 9
a 262 1064 0 38 9
a 264 1163 0 25 2
a 264 289 0 9 6
a 266 138 0 25 6
a 266 32 0 38 3
a 267 1102 0 25 4
a 267 306 0 5 5
a 269 789 0 25 1
a 269 1454 0 15 5
a 270 1464 0 25 6
a 270 1326 0 28 8
a 274 444 0 25 4
a 274 1985 0 35 1
a 276 1453 0 25 1
a 276 1904 0 47 6
a 277 588 0 25 3
a 277 1656 0 29 4
a 278 1749 0 25 3
a 278 307 0 15 9
a 281 238 0 25 5
a 281 1802 0 41 1
a 282 1841 0 25 2
a 282 838 0 31 2
a 284 1068 0 25 2
a 284 1815 0 20 2
a 285 656 0 25 3
a 285 734 0 5 3
a 287 1559 0 25 8
a 287 470 0 16 5
a 288 1048 0 25 7
a 288 1357 0 34 5
a 289 1906 0 25 1
a 289 439 0 18 8
a 296 1161 0 25 2
a 296 1072 0 8 3
a 297 1642 0 25 3
a 297 1170 0 40 1
a 299 883 0 25 6
a 299 1026 0 24 2
a 300 549 0 25 9
a 300 1104 0 31 5
a 302 424 0 25 1
a 302 605 0 47 6
a 304 462 0 25 2
a 304 807 0 47 1
a 306 26 0 25 10
a 306 1102 0 2 6
a 307 204 0 25 6
a 307 1547 0 48 10
a 309 587 0 25 4
a 309 1638 0 45 3
a 310 764 0 25 6
a 310 1212 0 31 1
a 313 1775 0 25 9
a 313 334 0 14 5
a 314 1889 0 25 9
a 314 766 0 23 8
a 315 1187 0 25 9
a 315 329 0 5 5
a 317 803 0 25 3
a 317 1005 0 11 9
a 318 1020 0 25 6
a 318 536 0 16 7
a 325 1352 0 25 2
a 325 1162 0 50 8
a 327 125 0 25 4
a 327 1718 0 8 7
a 328 946 0 25 1
a 328 979 0 31 9
a 329 907 0 25 5
a 329 980 0 36 10
a 330 1449 0 25 4
a 330 505 0 13 7
a 331 793 0 25 9
a 331 359 0 14 10
a 333 1447 0 25 2
a 333 1406 0 0 6
a 334 1882 0 25 10
a 334 538 0 25 3
a 335 191 0 25 4
a 335 1701 0 31 8
a 336 1055 0 25 6
a 336 1826 0 33 7
a 339 52 0 25 6
a 339 1848 0 6 5
a 343 1010 0 25 1
a 343 1398 0 32 5
a 345 1134 0 25 3
a 345 457 0 17 10
a 347 1961 0 25 4
a 347 1783 0 5 3
a 348 1391 0 25 7
a 348 1063 0 6 7
a 351 397 0 25 9
a 351 1118 0 1 6
a 354 62 0 25 7
a 354 254 0 16 10
a 357 1597 0 25 6
a 357 1124 0 46 9
a 359 23 0 25 6
a 359 720 0 26 2
a 360 1174 0 25 5
a 360 1438 0 17 5
a 362 577 0 25 7
a 362 613 0 38 6
a 363 1285 0 25 9
a 363 1072 0 11 5
a 364 1813 0 25 6
a 364 1116 0 19 2
a 366 32 0 25 8
a 366 1648 0 6 2
a 367 1499 0 25 2
a 367 286 0 9 8
a 372 1921 0 25 1
a 372 1953 0 1 6
a 374 1753 0 25 1
a 374 1766 0 17 1
a 375 1884 0 25 5
a 375 1725 0 15 1
a 376 1895 0 25 4
a 376 932 0 3 7
a 377 1032 0 25 6
a 377 1921 0 19 9
a 378 1074 0 25 8
a 378 1672 0 15 2
a 381 334 0 25 6
a 381 1730 0 3 8
a 382 830 0 25 10
a 382 354 0 36 1
a 385 673 0 25 1
a 385 1459 0 49 7
a 386 941 0 25 8
a 386 1286 0 23 5
a 387 347 0 25 9
a 387 1065 0 25 10
a 393 522 0 25 5
a 393 1669 0 47 10
a 394 1470 0 25 2
a 394 733 0 16 3
a 397 100 0 25 1
a 397 507 0 15 6
a 398 1699 0 25 7
a 398 976 0 43 5
a 400 1220 0 25 4
a 400 134 0 42 2
a 403 1865 0 25 7
a 403 659 0 29 6
a 404 561 0 25 3
a 404 888 0 9 2
a 406 840 0 25 4
a 406 847 0 37 5
a 409 1073 0 25 4
a 409 845 0 23 8
a 412 372 0 25 8
a 412 1523 0 7 6
a 413 1998 0 25 2
a 413 1859 0 18 8
a 415 1718 0 25 6
a 415 641 0 21 5
a 418 357 0 25 10
a 418 1903 0 22 2
a 419 792 0 25 7
a 419 615 0 45 4
a 421 991 0 25 7
a 421 863 0 49 3
a 422 1867 0 25 4
a 422 1274 0 20 2
a 424 1586 0 25 6
a 424 1785 0 38 4
a 427 1250 0 25 6
a 427 257 0 9 5
a 428 1826 0 25 3
a 428 233 0 1 10
a 429 738 0 25 1
a 429 1306 0 33 4
a 433 1045 0 25 5
a 433 1606 0 3 4
a 435 1516 0 25 6
a 435 334 0 50 9
a 437 1538 0 25 9
a 437 89 0 29 9
a 438 363 0 25 9
a 438 1535 0 7 2
a 440 1962 0 25 1
a 440 1024 0 22 9
a 442 1857 0 25 8
a 442 987 0 9 1
a 443 1467 0 25 8
a 443 1816 0 44 10
a 444 935 0 25 8
a 444 614 0 7 9
a 445 1540 0 25 8
a 445 349 0 17 8
a 446 1920 0 25 8
a 446 584 0 26 9
a 448 1862 0 25 1
a 448 594 0 6 9
a 449 1100 0 25 6
a 449 690 0 38 6
a 451 1564 0 25 6
a 451 1454 0 19 7
a 453 558 0 25 10
a 453 477 0 30 7
a 454 783 0 25 9
a 454 853 0 21 8
a 456 1251 0 25 7
a 456 205 0 19 6
a 459 1493 0 25 1
a 459 371 0 8 5
a 461 1934 0 25 7
a 461 986 0 31 6
a 462 1342 0 25 9
a 462 690 0 34 7
a 463 266 0 25 3
a 463 1247 0 9 5
a 464 880 0 25 3
a 464 1195 0 22 4
a 466 744 0 25 10
a 466 992 0 49 3
a 468 537 0 25 1
a 468 528 0 18 10
a 469 1044 0 25 10
a 469 732 0 26 7
a 471 1902 0 25 8
a 471 215 0 38 6
a 473 1876 0 25 4
a 473 770 0 30 3
a 476 1441 0 25 7
a 476 56 0 38 1
a 477 481 0 25 6
a 477 961 0 10 10
a 478 680 0 25 1
a 478 654 0 7 8
a 481 869 0 25 1
a 481 619 0 3 1
a 485 980 0 25 8
a 485 1382 0 3 4
a 486 1739 0 25 3
a 486 480 0 5 8
a 487 1093 0 25 5
a 487 885 0 4 6
a 488 543 0 25 6
a 488 1024 0 28 5
a 492 282 0 25 6
a 492 1154 0 9 4
a 493 72 0 25 5
a 493 989 0 41 9
a 496 1450 0 25 1
a 496 1608 0 24 8
a 498 698 0 25 1
a 498 1056 0 3 7
a 502 317 0 25 5
a 502 1371 0 3 2
a 503 1046 0 25 7
a 503 133 0 26 10
a 504 1362 0 25 6
a 504 38 0 26 5
a 506 1604 0 25 1
a 506 1571 0 42 6
a 508 634 0 25 3
a 508 1012 0 22 5
a 509 916 0 25 9
a 509 1675 0 49 9
a 515 1815 0 25 9
a 515 622 0 22 2
a 519 590 0 25 4
a 519 1049 0 31 8
a 521 254 0 25 6
a 521 679 0 15 1
a 522 1925 0 25 1
a 522 667 0 2 4
a 523 1501 0 25 1
a 523 137 0 15 4
a 524 1743 0 25 2
a 524 535 0 9 2
a 528 1818 0 25 10
a 528 314 0 31 6
a 532 619 0 25 1
a 532 1047 0 12 8
a 533 231 0 25 8
a 533 333 0 9 6
a 534 915 0 25 4
a 534 85 0 44 3
a 535 1810 0 25 3
a 535 355 0 17 5
a 536 1971 0 25 9
a 536 1857 0 10 6
a 537 1992 0 25 8
a 537 1331 0 42 4
a 538 1414 0 25 4
a 538 446 0 19 2
a 541 1717 0 25 8
a 541 863 0 42 3
a 542 647 0 25 3
a 542 68 0 8 2
a 543 963 0 25 6
a 543 1573 0 22 1
a 544 75 0 25 10
a 544 421 0 34 5
a 545 570 0 25 4
a 545 1309 0 46 7
a 546 135 0 25 6
a 546 701 0 50 7
a 548 477 0 25 4
a 548 1512 0 13 5
a 549 1288 0 25 7
a 549 1515 0 44 10
a 551 1371 0 25 10
a 551 1106 0 43 10
a 553 61 0 25 6
a 553 1565 0 18 8
a 554 676 0 25 8
a 554 1329 0 23 3
a 557 713 0 25 9
a 557 227 0 30 9
a 558 129 0 25 7
a 558 1342 0 50 7
a 561 1599 0 25 5
a 561 1311 0 8 7
a 565 977 0 25 4
a 565 1331 0 47 4
a 566 174 0 25 6
a 566 177 0 50 8
a 570 1456 0 25 1
a 570 938 0 18 6
a 573 1210 0 25 6
a 573 394 0 50 8
a 574 1543 0 25 5
a 574 483 0 8 7
a 575 1238 0 25 2
a 575 823 0 6 2
a 576 724 0 25 1
a 576 999 0 17 3
a 577 821 0 25 5
a 577 1828 0 7 1
a 579 1727 0 25 10
a 579 428 0 20 5
a 584 1214 0 25 3
a 584 409 0 41 7
a 587 1953 0 25 2
a 587 530 0 15 1
a 588 1448 0 25 1
a 588 1491 0 19 9
a 590 2000 0 25 2
a 590 1521 0 8 7
a 592 576 0 25 3
a 592 1468 0 26 7
a 594 88 0 25 4
a 594 711 0 48 3
a 596 1657 0 25 5
a 596 655 0 7 5
a 597 947 0 25 1
a 597 636 0 37 5
a 598 209 0 25 7
a 598 268 0 18 3
a 599 1990 0 25 7
a 599 1593 0 43 5
a 601 343 0 25 1
a 601 837 0 37 1
a 603 790 0 25 7
a 603 1090 0 21 1
a 607 1502 0 25 4
a 607 587 0 42 8
a 612 160 0 25 6
a 612 161 0 23 2
a 613 1372 0 25 2
a 613 1826 0 31 2
a 619 419 0 25 2
a 619 107 0 12 6
a 620 65 0 25 2
a 620 1751 0 33 2
a 621 21 0 25 9
a 621 1445 0 14 3
a 624 1189 0 25 10
a 624 1175 0 35 7
a 626 171 0 25 10
a 626 1503 0 37 2
a 627 1393 0 25 7
a 627 192 0 47 8
a 630 1008 0 25 8
a 630 1526 0 26 10
a 632 728 0 25 4
a 632 482 0 10 4
a 633 743 0 25 8
a 633 1849 0 25 9
a 634 1794 0 25 1
a 634 1151 0 41 8
a 637 633 0 25 5
a 637 233 0 29 2
a 641 599 0 25 9
a 641 338 0 46 6
a 642 381 0 25 4
a 642 961 0 32 9
a 643 1094 0 25 3
a 643 717 0 50 2
a 647 335 0 25 2
a 647 1323 0 33 1
a 649 1531 0 25 2
a 649 1187 0 16 9
a 650 440 0 25 8
a 650 671 0 24 10
a 651 981 0 25 7
a 651 526 0 15 3
a 655 403 0 25 5
a 655 653 0 15 4
a 656 166 0 25 6
a 656 702 0 28 9
a 658 1415 0 25 9
a 658 1768 0 29 7
a 664 121 0 25 10
a 664 31 0 19 2
a 665 719 0 25 4
a 665 768 0 45 4
a 666 30 0 25 6
a 666 883 0 19 9
a 673 429 0 25 4
a 673 585 0 5 2
a 674 126 0 25 4
a 674 1930 0 31 7
a 676 624 0 25 8
a 676 1650 0 2 3
a 680 826 0 25 3
a 680 1684 0 30 6
a 681 85 0 25 10
a 681 1027 0 13 3
a 684 1471 0 25 2
a 684 112 0 1 4
a 688 1076 0 25 8
a 688 1650 0 43 5
a 689 1269 0 25 9
a 689 538 0 7 10
a 690 1949 0 25 9
a 690 353 0 17 4
a 691 908 0 25 3
a 691 1683 0 8 10
a 695 1999 0 25 10
a 695 801 0 25 8
a 697 463 0 25 5
a 697 64 0 46 5
a 698 289 0 25 4
a 698 1576 0 46 4
a 703 1941 0 25 5
a 703 1613 0 21 9
a 705 1201 0 25 3
a 705 1063 0 21 6
a 706 1745 0 25 7
a 706 1764 0 34 8
a 707 104 0 25 1
a 707 1494 0 32 9
a 711 815 0 25 8
a 711 888 0 49 9
a 713 535 0 25 5
a 713 1473 0 15 10
a 714 422 0 25 9
a 714 1567 0 42 9
a 715 1380 0 25 4
a 715 1464 0 33 10
a 719 1851 0 25 2
a 719 545 0 42 5
a 720 1208 0 25 6
a 720 925 0 43 3
a 724 1762 0 25 6
a 724 94 0 8 8
a 728 406 0 25 2
a 728 229 0 36 4
a 734 1181 0 25 1
a 734 1735 0 27 2
a 735 1243 0 25 5
a 735 55 0 47 3
a 737 1271 0 25 5
a 737 1165 0 0 4
a 738 119 0 25 10
a 738 962 0 28 4
a 741 534 0 25 6
a 741 1755 0 15 3
a 742 521 0 25 1
a 742 814 0 0 5
a 743 1452 0 25 3
a 743 1845 0 16 9
a 744 244 0 25 10
a 744 22 0 29 8
a 746 162 0 25 7
a 746 1887 0 27 9
a 749 161 0 25 5
a 749 1831 0 29 6
a 750 1349 0 25 3
a 750 1727 0 0 8
a 752 1942 0 25 3
a 752 126 0 27 10
a 754 1771 0 25 6
a 754 1843 0 6 6
a 758 1194 0 25 8
a 758 1085 0 39 3
a 759 1969 0 25 8
a 759 1262 0 50 1
a 760 502 0 25 9
a 760 1245 0 47 4
a 762 920 0 25 6
a 762 1809 0 18 9
a 764 532 0 25 1
a 764 568 0 6 2
a 767 1085 0 25 10
a 767 1055 0 5 10
a 768 267 0 25 4
a 768 1966 0 24 3
a 769 892 0 25 10
a 769 1878 0 24 1
a 770 759 0 25 5
a 770 412 0 21 7
a 772 1868 0 25 10
a 772 1503 0 19 1
a 773 1487 0 25 2
a 773 1658 0 43 3
a 776 1234 0 25 6
a 776 1211 0 18 2
a 779 1083 0 25 8
a 779 1223 0 25 2
a 781 1377 0 25 9
a 781 844 0 34 7
a 782 523 0 25 8
a 782 430 0 46 3
a 783 1960 0 25 9
a 783 1222 0 12 2
a 784 385 0 25 5
a 784 1664 0 19 1
a 785 318 0 25 7
a 785 308 0 2 5
a 786 471 0 25 3
a 786 1651 0 7 10
a 789 1874 0 25 4
a 789 1161 0 50 3
a 790 97 0 25 4
a 790 845 0 37 2
a 792 1849 0 25 2
a 792 511 0 32 8
a 793 795 0 25 7
a 793 1744 0 33 3
a 795 1650 0 25 8
a 795 1657 0 8 6
a 797 812 0 25 3
a 797 553 0 23 4
a 798 94 0 25 9
a 798 517 0 39 4
a 799 1924 0 25 3
a 799 1311 0 18 8
a 801 642 0 25 9
a 801 1516 0 40 2
a 803 1165 0 25 3
a 803 1012 0 44 8
a 804 1779 0 25 1
a 804 1402 0 0 3
a 808 1917 0 25 10
a 808 705 0 29 1
a 809 1811 0 25 4
a 809 1546 0 15 2
a 810 469 0 25 10
a 810 897 0 0 4
a 811 1469 0 25 5
a 811 1414 0 25 9
a 812 741 0 25 4
a 812 1159 0 19 3
a 813 177 0 25 1
a 813 1019 0 16 3
a 814 769 0 25 6
a 814 1005 0 50 9
a 815 464 0 25 5
a 815 1211 0 50 6
a 816 742 0 25 10
a 816 1171 0 39 10
a 817 1033 0 25 2
a 817 1213 0 6 3
a 818 339 0 25 2
a 818 659 0 34 10
a 819 650 0 25 3
a 819 1446 0 33 8
a 821 1931 0 25 6
a 821 1523 0 3 2
a 822 684 0 25 5
a 822 105 0 50 5
a 824 1723 0 25 5
a 824 1398 0 1 10
a 825 1240 0 25 3
a 825 1941 0 18 1
a 826 884 0 25 3
a 826 1406 0 3 1
a 827 1121 0 25 2
a 827 885 0 8 1
a 828 428 0 25 10
a 828 1214 0 10 7
a 830 1162 0 25 1
a 830 466 0 28 9
a 833 1518 0 25 8
a 833 1319 0 17 9
a 835 1505 0 25 9
a 835 856 0 41 3
a 836 1866 0 25 7
a 836 1043 0 38 10
a 837 627 0 25 5
a 837 1156 0 10 3
a 840 749 0 25 5
a 840 1759 0 10 3
a 845 1081 0 25 5
a 845 17 0 37 8
a 846 1631 0 25 3
a 846 1280 0 40 8
a 847 825 0 25 3
a 847 315 0 35 9
a 848 1070 0 25 8
a 848 641 0 32 10
a 850 374 0 25 5
a 850 1869 0 46 9
a 851 448 0 25 2
a 851 487 0 39 3
a 852 412 0 25 5
a 852 518 0 21 2
a 854 1374 0 25 6
a 854 1267 0 20 6
a 859 1233 0 25 10
a 859 1718 0 31 3
a 862 1819 0 25 8
a 862 1057 0 17 2
a 867 1175 0 25 7
a 867 1236 0 6 4
a 869 1402 0 25 9
a 869 1753 0 47 8
a 871 130 0 25 4
a 871 1116 0 21 1
a 873 1814 0 25 2
a 873 1525 0 23 4
a 880 1551 0 25 5
a 880 836 0 44 3
a 881 255 0 25 1
a 881 1090 0 14 10
a 882 1000 0 25 2
a 882 1705 0 39 2
a 883 504 0 25 8
a 883 1568 0 43 3
a 884 236 0 25 4
a 884 1014 0 3 5
a 885 1334 0 25 1
a 885 92 0 37 5
a 890 285 0 25 1
a 890 34 0 2 10
a 892 1186 0 25 6
a 892 1638 0 22 8
a 894 1477 0 25 8
a 894 872 0 27 6
a 895 621 0 25 4
a 895 1193 0 50 8
a 897 1513 0 25 7
a 897 1420 0 40 2
a 900 943 0 25 2
a 900 1028 0 45 8
a 901 768 0 25 3
a 901 1259 0 2 6
a 902 859 0 25 1
a 902 1840 0 7 1
a 905 1057 0 25 6
a 905 875 0 1 8
a 907 1459 0 25 2
a 907 263 0 36 9
a 908 433 0 25 5
a 908 569 0 20 1
a 909 1885 0 25 7
a 909 180 0 32 6
a 912 612 0 25 4
a 912 452 0 40 10
a 915 152 0 25 8
a 915 1321 0 8 8
a 916 1676 0 25 6
a 916 893 0 47 4
a 917 270 0 25 3
a 917 495 0 47 9
a 918 466 0 25 2
a 918 1650 0 43 2
a 920 1375 0 25 1
a 920 403 0 2 2
a 922 1791 0 25 8
a 922 166 0 33 5
a 923 786 0 25 6
a 923 970 0 30 3
a 924 1754 0 25 2
a 924 1670 0 45 3
a 926 1662 0 25 3
a 926 526 0 37 1
a 928 1381 0 25 4
a 928 1581 0 44 10
a 929 1275 0 25 7
a 929 1344 0 7 6
a 935 1322 0 25 2
a 935 597 0 49 7
a 939 1060 0 25 2
a 939 1585 0 39 10
a 941 1104 0 25 2
a 941 1802 0 3 2
a 943 1671 0 25 9
a 943 1750 0 23 1
a 945 183 0 25 2
a 945 1697 0 17 5
a 946 306 0 25 5
a 946 1571 0 8 6
a 947 226 0 25 4
a 947 1401 0 49 7
a 949 1635 0 25 10
a 949 99 0 9 3
a 951 1209 0 25 9
a 951 643 0 24 4
a 956 546 0 25 10
a 956 1511 0 40 6
a 958 1724 0 25 6
a 958 1168 0 50 3
a 963 1014 0 25 4
a 963 1457 0 12 8
a 967 626 0 25 4
a 967 113 0 13 4
a 968 1205 0 25 5
a 968 1788 0 12 1
a 970 1770 0 25 6
a 970 977 0 45 6
a 972 1429 0 25 6
a 972 47 0 36 5
a 974 1103 0 25 4
a 974 1874 0 14 3
a 975 1644 0 25 2
a 975 1968 0 47 8
a 976 1608 0 25 2
a 976 1116 0 21 4
a 977 1218 0 25 10
a 977 1136 0 37 3
a 980 681 0 25 9
a 980 1383 0 42 9
a 981 862 0 25 8
a 981 1908 0 27 3
a 982 1905 0 25 3
a 982 457 0 34 7
a 984 1357 0 25 9
a 984 47 0 44 2
a 986 1307 0 25 2
a 986 668 0 28 7
a 987 1922 0 25 2
a 987 1587 0 12 2
a 991 813 0 25 4
a 991 75 0 43 6
a 998 598 0 25 2
a 998 145 0 32 2
a 999 1127 0 25 2
a 999 1599 0 39 9
a 1000 974 0 25 7
a 1000 1233 0 3 8
a 1004 967 0 25 1
a 1004 116 0 13 4
a 1008 901 0 25 3
a 1008 252 0 33 5
a 1010 377 0 25 6
a 1010 86 0 7 2
a 1012 1023 0 25 1
a 1012 696 0 13 2
a 1014 689 0 25 4
a 1014 1425 0 50 4
a 1017 1801 0 25 5
a 1017 474 0 7 9
a 1019 310 0 25 9
a 1019 1885 0 10 7
a 1020 1108 0 25 5
a 1020 1006 0 27 10
a 1023 1403 0 25 2
a 1023 1817 0 38 9
a 1028 737 0 25 5
a 1028 1956 0 42 7
a 1029 1281 0 25 7
a 1029 1005 0 48 6
a 1031 1101 0 25 5
a 1031 1724 0 21 4
a 1032 1785 0 25 8
a 1032 257 0 6 8
a 1033 1700 0 25 8
a 1033 228 0 47 5
a 1034 750 0 25 2
a 1034 1091 0 27 7
a 1035 256 0 25 10
a 1035 1397 0 38 4
a 1044 1528 0 25 8
a 1044 1852 0 31 7
a 1045 998 0 25 1
a 1045 838 0 41 8
a 1046 1840 0 25 7
a 1046 1772 0 50 4
a 1048 553 0 25 9
a 1048 1884 0 47 2
a 1055 1351 0 25 5
a 1055 1694 0 38 7
a 1057 485 0 25 6
a 1057 1356 0 50 10
a 1058 45 0 25 7
a 1058 916 0 18 1
a 1060 926 0 25 4
a 1060 1811 0 34 6
a 1063 1911 0 25 9
a 1063 1815 0 4 2
a 1066 1257 0 25 10
a 1066 279 0 20 3
a 1067 928 0 25 10
a 1067 843 0 33 5
a 1068 1418 0 25 4
a 1068 16 0 18 8
a 1070 1903 0 25 5
a 1070 404 0 30 6
a 1072 890 0 25 9
a 1072 920 0 21 7
a 1073 703 0 25 3
a 1073 1633 0 29 4
a 1074 1472 0 25 9
a 1074 1880 0 31 2
a 1076 345 0 25 9
a 1076 241 0 8 5
a 1081 157 0 25 6
a 1081 1015 0 29 9
a 1083 524 0 25 1
a 1083 1760 0 18 7
a 1084 1763 0 25 5
a 1084 786 0 22 5
a 1085 917 0 25 2
a 1085 293 0 22 8
a 1086 38 0 25 9
a 1086 1719 0 12 7
a 1087 331 0 25 8
a 1087 1441 0 44 8
a 1091 956 0 25 9
a 1091 1252 0 21 5
a 1093 4 0 25 8
a 1093 1025 0 13 7
a 1094 378 0 25 4
a 1094 1090 0 5 1
a 1095 1183 0 25 7
a 1095 1728 0 35 4
a 1100 451 0 25 9
a 1100 116 0 38 6
a 1101 758 0 25 8
a 1101 517 0 17 5
a 1102 1138 0 25 3
a 1102 510 0 19 2
a 1103 1722 0 25 4
a 1103 218 0 11 3
a 1104 86 0 25 7
a 1104 1260 0 16 10
a 1106 852 0 25 9
a 1106 269 0 18 10
a 1108 299 0 25 2
a 1108 670 0 11 10
a 1112 1786 0 25 3
a 1112 1670 0 19 8
a 1118 329 0 25 2
a 1118 1846 0 34 9
a 1119 328 0 25 6
a 1119 562 0 36 1
a 1121 229 0 25 6
a 1121 584 0 35 7
a 1125 1495 0 25 1
a 1125 456 0 37 4
a 1127 468 0 25 9
a 1127 562 0 46 10
a 1131 851 0 25 7
a 1131 1086 0 15 3
a 1132 1944 0 25 2
a 1132 705 0 37 1
a 1134 885 0 25 4
a 1134 68 0 27 10
a 1136 707 0 25 5
a 1136 1872 0 6 5
a 1137 199 0 25 10
a 1137 1513 0 31 2
a 1138 987 0 25 3
a 1138 1165 0 33 1
a 1140 1571 0 25 5
a 1140 316 0 47 9
a 1143 302 0 25 1
a 1143 952 0 13 10
a 1144 354 0 25 3
a 1144 1146 0 0 1
a 1149 822 0 25 8
a 1149 1107 0 0 10
a 1150 1875 0 25 9
a 1150 659 0 50 5
a 1155 894 0 25 8
a 1155 1907 0 46 1
a 1157 909 0 25 2
a 1157 978 0 46 5
a 1161 804 0 25 10
a 1161 389 0 43 4
a 1162 496 0 25 10
a 1162 1637 0 36 3
a 1163 251 0 25 8
a 1163 334 0 9 4
a 1164 760 0 25 3
a 1164 950 0 16 8
a 1165 939 0 25 6
a 1165 1314 0 10 4
a 1169 122 0 25 8
a 1169 789 0 3 10
a 1170 1386 0 25 6
a 1170 921 0 37 2
a 1172 9 0 25 10
a 1172 1898 0 37 7
a 1173 584 0 25 10
a 1173 1788 0 28 2
a 1174 1510 0 25 5
a 1174 1393 0 43 2
a 1175 1894 0 25 6
a 1175 924 0 46 7
a 1176 58 0 25 1
a 1176 1014 0 41 10
a 1177 835 0 25 3
a 1177 1904 0 38 9
a 1180 1653 0 25 2
a 1180 1978 0 1 4
a 1181 1900 0 25 10
a 1181 1783 0 6 6
a 1182 515 0 25 6
a 1182 1177 0 44 2
a 1183 409 0 25 4
a 1183 925 0 40 8
a 1184 1221 0 25 6
a 1184 388 0 3 7
a 1186 155 0 25 5
a 1186 49 0 41 2
a 1187 1883 0 25 1
a 1187 721 0 7 4
a 1189 1957 0 25 10
a 1189 418 0 14 7
a 1191 1106 0 25 9
a 1191 1607 0 0 6
a 1194 366 0 25 4
a 1194 509 0 15 7
a 1197 1511 0 25 10
a 1197 1536 0 30 6
a 1201 11 0 25 3
a 1201 1339 0 40 8
a 1203 528 0 25 4
a 1203 1993 0 5 8
a 1205 1451 0 25 8
a 1205 1145 0 50 6
a 1208 296 0 25 1
a 1208 1312 0 23 7
a 1209 493 0 25 4
a 1209 1454 0 13 2
a 1210 1490 0 25 4
a 1210 102 0 40 1
a 1212 284 0 25 3
a 1212 838 0 10 7
a 1214 257 0 25 7
a 1214 156 0 0 6
a 1218 1442 0 25 1
a 1218 1690 0 33 9
a 1219 592 0 25 2
a 1219 1712 0 38 2
a 1220 519 0 25 3
a 1220 678 0 25 2
a 1221 91 0 25 2
a 1221 1561 0 41 5
a 1222 223 0 25 2
a 1222 914 0 5 3
a 1223 1031 0 25 1
a 1223 26 0 25 3
a 1224 1197 0 25 3
a 1224 14 0 20 1
a 1226 93 0 25 8
a 1226 1378 0 26 5
a 1227 1383 0 25 3
a 1227 841 0 46 6
a 1230 607 0 25 10
a 1230 1105 0 40 8
a 1233 720 0 25 10
a 1233 558 0 14 1
a 1234 90 0 25 3
a 1234 1022 0 9 3
a 1235 247 0 25 5
a 1235 730 0 28 6
a 1238 1617 0 25 10
a 1238 1021 0 12 7
a 1239 1836 0 25 4
a 1239 730 0 2 10
a 1240 146 0 25 2
a 1240 1135 0 8 10
a 1243 1613 0 25 5
a 1243 1968 0 11 6
a 1247 1983 0 25 4
a 1247 895 0 8 3
a 1250 1726 0 25 9
a 1250 1382 0 9 8
a 1251 776 0 25 2
a 1251 808 0 8 9
a 1256 364 0 25 1
a 1256 320 0 41 8
a 1257 1227 0 25 2
a 1257 137 0 14 4
a 1261 276 0 25 8
a 1261 794 0 13 4
a 1266 1029 0 25 9
a 1266 1417 0 30 10
a 1268 1180 0 25 10
a 1268 1957 0 25 1
a 1269 1515 0 25 7
a 1269 653 0 22 8
a 1270 1149 0 25 10
a 1270 2000 0 31 2
a 1271 1320 0 25 10
a 1271 1661 0 12 3
a 1272 1910 0 25 9
a 1272 366 0 36 9
a 1273 1118 0 25 2
a 1273 40 0 20 9
a 1275 1570 0 25 1
a 1275 796 0 30 3
a 1277 278 0 25 5
a 1277 1259 0 17 4
a 1279 1577 0 25 5
a 1279 478 0 13 1
a 1280 141 0 25 1
a 1280 1042 0 2 5
a 1281 55 0 25 3
a 1281 530 0 29 10
a 1283 1844 0 25 10
a 1283 1555 0 44 9
a 1285 1750 0 25 5
a 1285 1574 0 0 2
a 1286 1157 0 25 6
a 1286 385 0 13 7
a 1287 1707 0 25 10
a 1287 398 0 23 9
a 1288 809 0 25 8
a 1288 998 0 35 7
a 1289 459 0 25 9
a 1289 1140 0 36 9
a 1291 548 0 25 1
a 1291 6 0 41 2
a 1292 478 0 25 2
a 1292 1084 0 49 2
a 1302 557 0 25 1
a 1302 1208 0 15 9
a 1304 1600 0 25 5
a 1304 138 0 39 4
a 1307 1401 0 25 3
a 1307 106 0 21 5
a 1313 1136 0 25 6
a 1313 667 0 36 2
a 1314 688 0 25 5
a 1314 1975 0 10 4
a 1315 1460 0 25 9
a 1315 620 0 13 8
a 1320 1637 0 25 2
a 1320 1491 0 34 6
a 1322 1497 0 25 8
a 1322 446 0 50 7
a 1323 1350 0 25 4
a 1323 1294 0 46 4
a 1326 808 0 25 2
a 1326 299 0 2 10
a 1329 1685 0 25 6
a 1329 289 0 40 5
a 1334 15 0 25 9
a 1334 1567 0 33 9
a 1339 164 0 25 6
a 1339 1935 0 41 6
a 1341 1809 0 25 9
a 1341 1706 0 14 4
a 1342 1507 0 25 3
a 1342 744 0 32 4
a 1344 1741 0 25 3
a 1344 1774 0 21 10
a 1348 327 0 25 6
a 1348 20 0 22 4
a 1349 1561 0 25 7
a 1349 1133 0 21 9
a 1350 972 0 25 8
a 1350 397 0 33 3
a 1351 1412 0 25 9
a 1351 11 0 24 10
a 1352 1173 0 25 8
a 1352 1320 0 17 10
a 1353 1556 0 25 7
a 1353 162 0 49 2
a 1354 1622 0 25 6
a 1354 1895 0 50 5
a 1357 814 0 25 3
a 1357 864 0 45 10
a 1362 413 0 25 9
a 1362 861 0 18 6
a 1368 1125 0 25 2
a 1368 753 0 36 6
a 1369 222 0 25 2
a 1369 1440 0 11 10
a 1371 1943 0 25 6
a 1371 277 0 41 8
a 1372 845 0 25 7
a 1372 1736 0 17 10
a 1373 613 0 25 2
a 1373 1957 0 10 6
a 1374 976 0 25 10
a 1374 1269 0 14 6
a 1375 1289 0 25 6
a 1375 723 0 7 1
a 1377 767 0 25 8
a 1377 403 0 17 9
a 1378 1405 0 25 1
a 1378 1860 0 6 4
a 1379 1802 0 25 1
a 1379 1225 0 31 2
a 1380 1182 0 25 9
a 1380 306 0 8 9
a 1381 509 0 25 9
a 1381 469 0 46 8
a 1383 1985 0 25 7
a 1383 967 0 35 9
a 1386 824 0 25 2
a 1386 1588 0 40 5
a 1389 1530 0 25 1
a 1389 1181 0 7 10
a 1390 1919 0 25 4
a 1390 370 0 41 3
a 1391 818 0 25 10
a 1391 1800 0 22 10
a 1393 1552 0 25 4
a 1393 790 0 32 3
a 1396 186 0 25 2
a 1396 1738 0 2 3
a 1398 253 0 25 9
a 1398 424 0 9 10
a 1401 1673 0 25 9
a 1401 31 0 9 9
a 1402 1652 0 25 1
a 1402 10 0 6 3
a 1403 970 0 25 1
a 1403 854 0 33 3
a 1404 1417 0 25 9
a 1404 260 0 31 2
a 1405 1832 0 25 10
a 1405 977 0 7 3
a 1409 968 0 25 9
a 1409 1863 0 19 5
a 1412 1938 0 25 6
a 1412 848 0 45 3
a 1414 601 0 25 7
a 1414 1069 0 2 8
a 1415 1933 0 25 2
a 1415 532 0 18 7
a 1417 503 0 25 1
a 1417 309 0 41 9
a 1418 333 0 25 9
a 1418 1083 0 27 6
a 1420 1654 0 25 7
a 1420 1347 0 35 9
a 1425 313 0 25 7
a 1425 1863 0 14 5
a 1429 449 0 25 1
a 1429 763 0 46 1
a 1430 984 0 25 4
a 1430 293 0 16 1
a 1433 1587 0 25 4
a 1433 52 0 18 9
a 1437 105 0 25 10
a 1437 1520 0 4 3
a 1439 193 0 25 9
a 1439 1649 0 24 5
a 1440 180 0 25 10
a 1440 1792 0 3 6
a 1441 288 0 25 9
a 1441 968 0 49 3
a 1442 1804 0 25 1
a 1442 387 0 5 1
a 1443 12 0 25 2
a 1443 1072 0 47 9
a 1445 1155 0 25 8
a 1445 833 0 22 9
a 1446 1177 0 25 1
a 1446 644 0 0 3
a 1447 1483 0 25 9
a 1447 875 0 6 9
a 1448 711 0 25 10
a 1448 1476 0 42 7
a 1449 1315 0 25 8
a 1449 1521 0 9 6
a 1450 1169 0 25 9
a 1450 1131 0 3 5
a 1451 1087 0 25 7
a 1451 1024 0 44 7
a 1452 1420 0 25 10
a 1452 718 0 6 1
a 1453 1932 0 25 2
a 1453 1440 0 29 8
a 1456 1935 0 25 1
a 1456 1308 0 50 7
a 1459 1481 0 25 1
a 1459 165 0 5 2
a 1460 594 0 25 10
a 1460 285 0 38 5
a 1461 1323 0 25 9
a 1461 891 0 49 10
a 1464 1354 0 25 8
a 1464 1809 0 22 2
a 1467 437 0 25 2
a 1467 1032 0 45 9
a 1468 1764 0 25 9
a 1468 317 0 18 1
a 1469 1280 0 25 9
a 1469 815 0 44 8
a 1470 1602 0 25 4
a 1470 838 0 9 5
a 1471 649 0 25 8
a 1471 1456 0 7 7
a 1472 453 0 25 1
a 1472 876 0 31 7
a 1475 1270 0 25 4
a 1475 1588 0 23 7
a 1477 1353 0 25 5
a 1477 748 0 17 10
a 1481 68 0 25 1
a 1481 948 0 20 9
a 1483 184 0 25 1
a 1483 1530 0 30 10
a 1484 1398 0 25 8
a 1484 1241 0 1 2
a 1487 33 0 25 6
a 1487 1039 0 29 1
a 1490 1341 0 25 1
a 1490 1189 0 26 7
a 1492 918 0 25 1
a 1492 1088 0 41 2
a 1493 36 0 25 2
a 1493 734 0 0 10
a 1495 542 0 25 9
a 1495 1232 0 28 3
a 1496 1542 0 25 5
a 1496 34 0 26 1
a 1497 1993 0 25 2
a 1497 1393 0 49 9
a 1499 1379 0 25 5
a 1499 358 0 31 6
a 1501 1603 0 25 10
a 1501 752 0 37 6
a 1502 1313 0 25 5
a 1502 665 0 30 5
a 1505 1261 0 25 9
a 1505 1097 0 39 1
a 1507 216 0 25 1
a 1507 1360 0 6 8
a 1510 1641 0 25 4
a 1510 680 0 47 1
a 1511 1853 0 25 10
a 1511 289 0 40 2
a 1512 1674 0 25 8
a 1512 1193 0 45 6
a 1513 1475 0 25 7
a 1513 1102 0 5 1
a 1514 498 0 25 7
a 1514 205 0 24 10
a 1515 1734 0 25 9
a 1515 1542 0 15 6
a 1516 83 0 25 7
a 1516 1062 0 36 8
a 1518 690 0 25 5
a 1518 434 0 19 9
a 1519 1890 0 25 5
a 1519 1374 0 15 1
a 1526 22 0 25 6
a 1526 1746 0 15 4
a 1528 706 0 25 2
a 1528 1651 0 23 3
a 1529 387 0 25 2
a 1529 1304 0 50 8
a 1530 237 0 25 4
a 1530 503 0 4 9
a 1531 1544 0 25 3
a 1531 1709 0 5 2
a 1532 882 0 25 1
a 1532 369 0 10 6
a 1533 1735 0 25 10
a 1533 984 0 39 8
a 1534 871 0 25 3
a 1534 200 0 24 9
a 1535 1758 0 25 4
a 1535 220 0 32 3
a 1536 1291 0 25 9
a 1536 1597 0 2 5
a 1538 1058 0 25 3
a 1538 334 0 38 9
a 1540 446 0 25 10
a 1540 524 0 17 4
a 1541 666 0 25 4
a 1541 1319 0 10 8
a 1542 902 0 25 10
a 1542 1154 0 43 7
a 1543 360 0 25 4
a 1543 637 0 40 1
a 1544 1329 0 25 7
a 1544 1769 0 0 5
a 1551 819 0 25 4
a 1551 420 0 49 5
a 1552 1710 0 25 6
a 1552 87 0 12 8
a 1556 949 0 25 4
a 1556 1057 0 13 5
a 1558 1203 0 25 3
a 1558 496 0 15 6
a 1559 487 0 25 8
a 1559 705 0 26 1
a 1561 245 0 25 9
a 1561 403 0 33 2
a 1564 900 0 25 2
a 1564 1798 0 23 5
a 1568 1339 0 25 5
a 1568 978 0 8 1
a 1570 1496 0 25 1
a 1570 35 0 41 5
a 1571 1805 0 25 6
a 1571 1693 0 50 7
a 1574 779 0 25 6
a 1574 825 0 9 3
a 1577 1409 0 25 10
a 1577 358 0 14 6
a 1586 541 0 25 9
a 1586 961 0 4 6
a 1587 1222 0 25 8
a 1587 1247 0 23 6
a 1594 735 0 25 1
a 1594 1457 0 31 9
a 1597 665 0 25 1
a 1597 905 0 19 6
a 1599 1677 0 25 8
a 1599 173 0 37 3
a 1600 817 0 25 10
a 1600 63 0 26 9
a 1601 999 0 25 9
a 1601 537 0 49 3
a 1602 1712 0 25 10
a 1602 25 0 18 10
a 1603 1150 0 25 3
a 1603 1549 0 11 4
a 1604 596 0 25 8
a 1604 1519 0 28 7
a 1608 1084 0 25 3
a 1608 739 0 39 9
a 1610 386 0 25 2
a 1610 1322 0 10 9
a 1613 752 0 25 9
a 1613 183 0 43 7
a 1616 637 0 25 10
a 1616 1743 0 39 2
a 1617 922 0 25 10
a 1617 1555 0 2 5
a 1622 315 0 25 4
a 1622 1520 0 31 6
a 1627 1292 0 25 6
a 1627 1934 0 36 8
a 1629 1514 0 25 1
a 1629 296 0 28 2
a 1631 120 0 25 8
a 1631 1798 0 28 3
a 1634 1170 0 25 7
a 1634 1098 0 42 2
a 1635 912 0 25 6
a 1635 67 0 4 4
a 1637 1897 0 25 6
a 1637 1611 0 2 8
a 1639 873 0 25 9
a 1639 1432 0 40 3
a 1641 362 0 25 10
a 1641 213 0 2 2
a 1642 1445 0 25 8
a 1642 717 0 20 2
a 1643 461 0 25 7
a 1643 1715 0 39 9
a 1644 1907 0 25 4
a 1644 309 0 5 9
a 1649 165 0 25 6
a 1649 266 0 25 10
a 1650 492 0 25 1
a 1650 1781 0 46 4
a 1652 1828 0 25 3
a 1652 515 0 16 5
a 1653 1390 0 25 2
a 1653 734 0 14 8
a 1654 833 0 25 10
a 1654 1275 0 33 2
a 1656 538 0 25 8
a 1656 775 0 13 3
a 1657 1558 0 25 8
a 1657 1404 0 21 6
a 1662 1756 0 25 9
a 1662 1319 0 4 8
a 1671 442 0 25 9
a 1671 1423 0 24 4
a 1673 1235 0 25 8
a 1673 1276 0 0 1
a 1674 897 0 25 1
a 1674 185 0 12 6
a 1676 573 0 25 1
a 1676 143 0 13 1
a 1677 1063 0 25 5
a 1677 1938 0 26 8
a 1679 714 0 25 1
a 1679 344 0 14 5
a 1681 476 0 25 2
a 1681 690 0 27 1
a 1682 1140 0 25 2
a 1682 1356 0 43 6
a 1685 545 0 25 8
a 1685 893 0 39 3
a 1686 443 0 25 5
a 1686 152 0 12 2
a 1688 1806 0 25 1
a 1688 1483 0 46 7
a 1689 48 0 25 10
a 1689 1163 0 3 1
a 1699 438 0 25 3
a 1699 585 0 25 2
a 1700 816 0 25 8
a 1700 1267 0 35 6
a 1707 664 0 25 8
a 1707 447 0 20 4
a 1710 1682 0 25 1
a 1710 392 0 5 10
a 1712 895 0 25 1
a 1712 1571 0 16 10
a 1717 1369 0 25 5
a 1717 1436 0 8 4
a 1718 1568 0 25 9
a 1718 1286 0 6 4
a 1720 325 0 25 5
a 1720 1745 0 40 4
a 1722 309 0 25 10
a 1722 917 0 49 3
a 1723 111 0 25 9
a 1723 285 0 9 9
a 1724 1112 0 25 1
a 1724 1332 0 43 7
a 1726 1437 0 25 8
a 1726 403 0 38 3
a 1727 810 0 25 4
a 1727 845 0 14 5
a 1728 206 0 25 8
a 1728 1235 0 46 7
a 1734 1067 0 25 5
a 1734 1133 0 48 1
a 1735 1439 0 25 7
a 1735 586 0 13 6
a 1737 597 0 25 3
a 1737 1830 0 47 3
a 1739 314 0 25 8
a 1739 1009 0 43 1
a 1741 359 0 25 1
a 1741 463 0 40 8
a 1743 139 0 25 3
a 1743 1462 0 13 4
a 1745 1781 0 25 8
a 1745 1939 0 27 7
a 1749 1536 0 25 6
a 1749 1800 0 31 4
a 1750 575 0 25 7
a 1750 1405 0 30 2
a 1753 1326 0 25 7
a 1753 487 0 9 4
a 1754 3 0 25 9
a 1754 608 0 23 5
a 1756 1928 0 25 9
a 1756 170 0 3 6
a 1758 854 0 25 2
a 1758 441 0 47 8
a 1760 674 0 25 4
a 1760 1428 0 37 6
a 1761 632 0 25 2
a 1761 1691 0 42 8
a 1762 784 0 25 1
a 1762 515 0 39 5
a 1763 1679 0 25 6
a 1763 1975 0 19 9
a 1764 643 0 25 10
a 1764 30 0 49 2
a 1765 96 0 25 6
a 1765 1697 0 16 10
a 1770 705 0 25 4
a 1770 267 0 37 8
a 1771 1765 0 25 1
a 1771 141 0 2 4
a 1775 1796 0 25 5
a 1775 676 0 50 2
a 1776 1119 0 25 2
a 1776 1031 0 28 10
a 1779 1184 0 25 9
a 1779 1753 0 7 9
a 1781 1247 0 25 7
a 1781 44 0 49 6
a 1785 905 0 25 5
a 1785 1561 0 36 7
a 1786 1803 0 25 3
a 1786 1191 0 16 2
a 1788 189 0 25 6
a 1788 1488 0 45 9
a 1791 351 0 25 3
a 1791 751 0 5 9
a 1794 1873 0 25 8
a 1794 1771 0 12 1
a 1796 1433 0 25 6
a 1796 984 0 5 5
a 1801 203 0 25 8
a 1801 212 0 0 8
a 1802 66 0 25 1
a 1802 372 0 6 5
a 1803 1856 0 25 1
a 1803 1915 0 35 10
a 1804 1870 0 25 8
a 1804 1678 0 12 9
a 1805 1688 0 25 4
a 1805 754 0 8 4
a 1806 551 0 25 8
a 1806 846 0 27 6
a 1809 1132 0 25 3
a 1809 984 0 9 2
a 1810 153 0 25 5
a 1810 1682 0 39 3
a 1811 1314 0 25 3
a 1811 1385 0 39 6
a 1812 1594 0 25 7
a 1812 319 0 12 4
a 1813 1689 0 25 7
a 1813 1848 0 41 5
a 1814 850 0 25 8
a 1814 1040 0 36 7
a 1815 1649 0 25 5
a 1815 1630 0 4 4
a 1818 1533 0 25 4
a 1818 54 0 36 10
a 1819 297 0 25 7
a 1819 675 0 35 7
a 1820 415 0 25 10
a 1820 1733 0 12 2
a 1821 975 0 25 4
a 1821 183 0 36 7
a 1826 336 0 25 7
a 1826 193 0 35 10
a 1828 734 0 25 4
a 1828 1700 0 2 10
a 1832 1893 0 25 6
a 1832 583 0 44 5
a 1836 1871 0 25 6
a 1836 757 0 24 10
a 1840 427 0 25 5
a 1840 1778 0 30 9
a 1841 418 0 25 5
a 1841 1174 0 32 2
a 1844 1443 0 25 1
a 1844 186 0 12 2
a 1849 59 0 25 9
a 1849 924 0 14 6
a 1851 63 0 25 8
a 1851 757 0 5 9
a 1853 1904 0 25 3
a 1853 1186 0 48 5
a 1855 1144 0 25 5
a 1855 821 0 9 8
a 1856 1219 0 25 6
a 1856 1473 0 7 9
a 1857 536 0 25 5
a 1857 1518 0 46 9
a 1862 1268 0 25 7
a 1862 1218 0 37 9
a 1865 307 0 25 9
a 1865 1797 0 31 1
a 1866 1396 0 25 1
a 1866 90 0 2 2
a 1867 1191 0 25 10
a 1867 371 0 8 10
a 1868 603 0 25 9
a 1868 1671 0 33 7
a 1870 641 0 25 10
a 1870 12 0 36 9
a 1871 1855 0 25 2
a 1871 163 0 15 4
a 1872 1143 0 25 8
a 1872 1549 0 19 2
a 1873 367 0 25 4
a 1873 250 0 29 2
a 1874 1535 0 25 3
a 1874 1511 0 1 3
a 1875 655 0 25 8
a 1875 1993 0 24 8
a 1876 400 0 25 8
a 1876 515 0 15 6
a 1882 1601 0 25 8
a 1882 199 0 23 3
a 1883 1812 0 25 3
a 1883 1423 0 35 6
a 1884 1019 0 25 6
a 1884 1045 0 29 7
a 1885 1821 0 25 10
a 1885 935 0 27 1
a 1889 44 0 25 6
a 1889 567 0 34 5
a 1890 1461 0 25 6
a 1890 389 0 7 9
a 1892 1012 0 25 5
a 1892 1978 0 40 9
a 1893 250 0 25 2
a 1893 1302 0 18 10
a 1894 1286 0 25 5
a 1894 288 0 45 2
a 1895 630 0 25 6
a 1895 884 0 42 4
a 1897 393 0 25 7
a 1897 747 0 10 9
a 1898 691 0 25 8
a 1898 784 0 10 10
a 1899 132 0 25 1
a 1899 547 0 50 1
a 1900 1979 0 25 1
a 1900 1510 0 45 4
a 1902 42 0 25 7
a 1902 520 0 16 10
a 1903 1574 0 25 5
a 1903 1964 0 19 1
a 1904 1737 0 25 8
a 1904 1022 0 41 9
a 1905 214 0 25 10
a 1905 1002 0 14 3
a 1906 1446 0 25 4
a 1906 1590 0 44 3
a 1907 1091 0 25 5
a 1907 820 0 28 1
a 1910 1004 0 25 5
a 1910 948 0 27 4
a 1911 103 0 25 9
a 1911 161 0 26 5
a 1913 435 0 25 6
a 1913 527 0 36 1
a 1917 1899 0 25 6
a 1917 758 0 12 7
a 1919 828 0 25 6
a 1919 178 0 0 5
a 1920 137 0 25 6
a 1920 1555 0 28 1
a 1921 620 0 25 1
a 1921 1704 0 3 10
a 1922 13 0 25 9
a 1922 1811 0 46 5
a 1924 1788 0 25 4
a 1924 996 0 17 4
a 1925 1484 0 25 10
a 1925 1020 0 37 7
a 1928 1239 0 25 8
a 1928 418 0 7 3
a 1931 115 0 25 10
a 1931 1369 0 15 4
a 1932 287 0 25 2
a 1932 1908 0 20 2
a 1933 1028 0 25 9
a 1933 1984 0 24 10
a 1934 456 0 25 8
a 1934 1671 0 39 9
a 1935 773 0 25 6
a 1935 58 0 36 10
a 1938 651 0 25 9
a 1938 1604 0 26 3
a 1941 881 0 25 9
a 1941 282 0 0 8
a 1942 1468 0 25 5
a 1942 474 0 23 6
a 1943 239 0 25 10
a 1943 624 0 10 2
a 1944 1212 0 25 4
a 1944 633 0 31 5
a 1949 1095 0 25 4
a 1949 1774 0 14 6
a 1950 1172 0 25 9
a 1950 1857 0 2 3
a 1953 533 0 25 1
a 1953 1258 0 37 3
a 1957 1981 0 25 8
a 1957 1671 0 46 6
a 1960 566 0 25 1
a 1960 1832 0 3 4
a 1961 1643 0 25 7
a 1961 185 0 39 3
a 1962 1176 0 25 1
a 1962 995 0 0 1
a 1969 76 0 25 10
a 1969 84 0 26 10
a 1971 69 0 25 9
a 1971 354 0 0 6
a 1974 376 0 25 6
a 1974 518 0 39 3
a 1979 1035 0 25 6
a 1979 404 0 25 4
a 1981 1425 0 25 2
a 1981 1658 0 23 7
a 1983 1131 0 25 7
a 1983 1450 0 41 3
a 1985 252 0 25 7
a 1985 1737 0 21 3
a 1987 1287 0 25 3
a 1987 271 0 45 7
a 1990 746 0 25 9
a 1990 1678 0 33 6
a 1992 781 0 25 4
a 1992 888 0 6 9
a 1993 1034 0 25 4
a 1993 196 0 40 3
a 1998 1224 0 25 1
a 1998 793 0 26 8
