c PyNETGEN v1.0.0
c $ pip install pynetgen
c
c  NETGEN flow network generation algorithm
c  Problem input parameters
c  -------------------------------------
c   Random seed:          3
c   Number of nodes:      2000
c   Source nodes:         2
c   Sink nodes:           2
c   Number of arcs:       4000
c   Minimum arc cost:     1
c   Maximum arc cost:     10
c   Total supply:         50
c   Transshipment -
c     Sources:            0
c     Sinks:              0
c   Skeleton arcs -
c     With max cost:      0
c     Capacitated:        100
c   Minimum arc capacity: 0
c   Maximum arc capacity: 50
c
c  *** Minimum cost flow ***
c
p min 2000 4000
n 1 22
n 2 28
n 1999 -25
n 2000 -25
a 1 739 0 22 6
a 1 1411 0 19 10
a 1 1693 0 50 5
a 4 1057 0 22 9
a 4 1045 0 49 8
a 6 330 0 22 8
a 6 1017 0 39 5
a 6 846 0 8 10
a 7 94 0 22 2
a 7 1972 0 49 4
a 10 707 0 22 4
a 10 521 0 32 10
a 11 1893 0 22 7
a 11 1693 0 32 1
a 11 988 0 44 1
a 13 647 0 22 6
a 13 44 0 9 10
a 14 1151 0 22 5
a 14 198 0 21 10
a 18 61 0 22 6
a 18 1985 0 31 9
a 20 62 0 22 2
a 20 1066 0 2 2
a 20 1580 0 18 5
a 22 1556 0 22 6
a 22 704 0 15 3
a 23 151 0 22 8
a 23 834 0 44 3
a 24 1849 0 22 10
a 24 1007 0 2 7
a 26 1298 0 22 9
a 26 1147 0 20 4
a 28 1527 0 22 9
a 28 1652 0 15 1
a 29 131 0 22 10
a 29 1980 0 24 1
a 30 1333 0 22 2
a 30 1030 0 0 8
a 32 1730 0 22 5
a 32 1807 0 2 6
a 33 1255 0 22 1
a 33 656 0 9 5
a 35 1610 0 22 7
a 35 1239 0 48 6
a 36 966 0 22 1
a 36 334 0 18 2
a 38 1115 0 22 7
a 38 961 0 23 9
a 42 1606 0 22 3
a 42 1335 0 32 2
a 45 1066 0 22 10
a 45 291 0 35 7
a 47 312 0 22 5
a 47 1685 0 40 2
a 48 1532 0 22 3
a 48 40 0 27 5
a 51 1914 0 22 3
a 51 860 0 29 6
a 52 1844 0 22 9
a 52 58 0 1 2
a 53 23 0 22 4
a 53 846 0 8 5
a 56 432 0 22 9
a 56 264 0 46 5
a 59 943 0 22 3
a 59 1213 0 20 2
a 60 267 0 22 2
a 60 1037 0 41 2
a 61 1263 0 22 10
a 61 941 0 25 7
a 62 738 0 22 8
a 62 35 0 37 6
a 64 1435 0 22 1
a 64 9 0 35 9
a 67 187 0 22 8
a 67 1101 0 23 2
a 68 693 0 22 10
a 68 1906 0 50 7
a 69 610 0 22 2
a 69 807 0 13 3
a 72 263 0 22 10
a 72 1012 0 12 1
a 73 1607 0 22 3
a 73 1422 0 50 3
a 75 983 0 22 1
a 75 1866 0 17 1
a 77 590 0 22 6
a 77 425 0 20 6
a 78 1031 0 22 3
a 78 1261 0 19 4
a 80 1353 0 22 9
a 80 1223 0 45 8
a 81 1150 0 22 1
a 81 1400 0 9 9
a 82 69 0 22 6
a 82 1260 0 8 2
a 84 589 0 22 10
a 84 1179 0 32 5
a 89 107 0 22 7
a 89 1053 0 8 1
a 90 1726 0 22 10
a 90 435 0 26 10
a 91 845 0 22 6
a 91 422 0 15 7
a 93 1464 0 22 6
a 93 1984 0 29 9
a 94 1753 0 22 2
a 94 1809 0 49 2
a 97 1913 0 22 1
a 97 168 0 40 6
a 101 1656 0 22 5
a 101 980 0 44 6
a 102 569 0 22 5
a 102 77 0 25 9
a 104 994 0 22 10
a 104 296 0 38 6
a 105 1920 0 22 3
a 105 1133 0 11 5
a 107 677 0 22 3
a 107 835 0 34 7
a 108 834 0 22 1
a 108 1512 0 40 5
a 110 320 0 22 4
a 110 1255 0 11 7
a 112 1905 0 22 1
a 112 1956 0 16 3
a 113 1507 0 22 8
a 113 1262 0 16 4
a 114 1708 0 22 9
a 114 707 0 12 5
a 117 339 0 22 10
a 117 90 0 20 8
a 122 81 0 22 2
a 122 631 0 13 4
a 123 1315 0 22 5
a 123 1636 0 22 6
a 124 1384 0 22 7
a 124 521 0 27 9
a 126 174 0 22 3
a 126 1547 0 40 2
a 131 492 0 22 10
a 131 1111 0 15 1
a 135 760 0 22 6
a 135 208 0 41 4
a 136 1513 0 22 3
a 136 791 0 1 7
a 138 1930 0 22 9
a 138 821 0 27 1
a 140 915 0 22 6
a 140 1635 0 1 1
a 142 598 0 22 2
a 142 1503 0 37 9
a 144 1154 0 22 10
a 144 1413 0 49 9
a 150 1779 0 22 8
a 150 434 0 14 5
a 151 675 0 22 4
a 151 1800 0 32 8
a 158 1378 0 22 4
a 158 691 0 4 10
a 159 1286 0 22 2
a 159 1250 0 0 9
a 169 229 0 22 7
a 169 1310 0 36 2
a 170 809 0 22 5
a 170 1031 0 28 1
a 171 538 0 22 5
a 171 745 0 41 7
a 173 90 0 22 7
a 173 620 0 23 5
a 174 1850 0 22 3
a 174 1553 0 39 5
a 176 1745 0 22 9
a 176 814 0 50 9
a 177 221 0 22 3
a 177 1212 0 28 5
a 184 101 0 22 6
a 184 754 0 4 6
a 185 998 0 22 4
a 185 1167 0 43 4
a 187 724 0 22 3
a 187 1006 0 23 4
a 188 890 0 22 6
a 188 1070 0 12 1
a 189 725 0 22 5
a 189 1182 0 41 9
a 190 262 0 22 3
a 190 1992 0 39 8
a 191 1090 0 22 1
a 191 1046 0 28 2
a 192 1141 0 22 9
a 192 1510 0 48 4
a 193 1648 0 22 6
a 193 1656 0 3 2
a 194 872 0 22 4
a 194 1415 0 8 7
a 199 1876 0 22 1
a 199 1099 0 47 9
a 204 1160 0 22 6
a 204 862 0 4 6
a 205 649 0 22 7
a 205 1014 0 34 6
a 206 213 0 22 2
a 206 126 0 49 9
a 207 1840 0 22 6
a 207 490 0 4 8
a 210 1047 0 22 5
a 210 279 0 35 2
a 213 749 0 22 4
a 213 1666 0 7 9
a 214 448 0 22 9
a 214 74 0 36 6
a 216 1289 0 22 1
a 216 1460 0 43 7
a 217 1319 0 22 9
a 217 1758 0 45 2
a 218 1362 0 22 8
a 218 1995 0 48 10
a 219 1567 0 22 5
a 219 220 0 26 9
a 221 1398 0 22 3
a 221 645 0 19 8
a 222 1072 0 22 7
a 222 221 0 8 4
a 225 64 0 22 10
a 225 396 0 23 3
a 226 52 0 22 7
a 226 416 0 34 4
a 229 1803 0 22 9
a 229 623 0 18 9
a 230 1519 0 22 1
a 230 208 0 27 5
a 231 1089 0 22 4
a 231 784 0 2 7
a 233 1186 0 22 5
a 233 1266 0 18 2
a 235 1877 0 22 2
a 235 338 0 38 9
a 236 733 0 22 2
a 236 474 0 43 8
a 237 1732 0 22 6
a 237 1619 0 5 3
a 238 1928 0 22 7
a 238 303 0 42 9
a 241 732 0 22 10
a 241 1559 0 32 1
a 242 1478 0 22 2
a 242 858 0 38 9
a 244 226 0 22 8
a 244 1859 0 21 10
a 245 1895 0 22 5
a 245 861 0 45 6
a 247 60 0 22 5
a 247 1430 0 40 10
a 253 67 0 22 6
a 253 410 0 44 6
a 254 287 0 22 10
a 254 708 0 24 9
a 255 1045 0 22 4
a 255 799 0 7 2
a 258 1705 0 22 3
a 258 995 0 1 2
a 259 1279 0 22 7
a 259 1489 0 0 4
a 260 1727 0 22 10
a 260 811 0 32 5
a 262 1463 0 22 10
a 262 968 0 44 2
a 263 593 0 22 5
a 263 797 0 34 9
a 265 1747 0 22 7
a 265 252 0 34 6
a 266 1625 0 22 6
a 266 651 0 14 8
a 267 1104 0 22 3
a 267 1843 0 7 6
a 268 588 0 22 10
a 268 995 0 3 2
a 269 1426 0 22 1
a 269 1412 0 23 9
a 272 815 0 22 8
a 272 1152 0 48 5
a 273 1395 0 22 1
a 273 1004 0 29 8
a 277 654 0 22 2
a 277 868 0 28 3
a 278 45 0 22 10
a 278 357 0 49 10
a 279 1834 0 22 10
a 279 1632 0 16 5
a 282 1562 0 22 4
a 282 1416 0 6 5
a 283 1460 0 22 3
a 283 1793 0 39 5
a 287 361 0 22 10
a 287 703 0 25 7
a 288 48 0 22 1
a 288 184 0 43 9
a 289 1816 0 22 5
a 289 1546 0 27 5
a 291 1516 0 22 9
a 291 400 0 16 7
a 293 1626 0 22 3
a 293 357 0 21 10
a 294 813 0 22 2
a 294 544 0 32 10
a 296 1078 0 22 9
a 296 1780 0 9 7
a 301 1799 0 22 8
a 301 129 0 14 6
a 305 1183 0 22 2
a 305 1954 0 38 8
a 306 532 0 22 5
a 306 853 0 49 2
a 310 1152 0 22 9
a 310 1380 0 30 7
a 311 1259 0 22 7
a 311 1605 0 46 7
a 312 1218 0 22 7
a 312 1244 0 43 8
a 319 1608 0 22 4
a 319 903 0 26 6
a 320 253 0 22 1
a 320 572 0 12 8
a 321 1737 0 22 9
a 321 1159 0 12 1
a 329 273 0 22 2
a 329 1980 0 26 3
a 330 289 0 22 4
a 330 169 0 35 1
a 331 1937 0 22 9
a 331 1859 0 38 2
a 335 584 0 22 7
a 335 442 0 50 2
a 337 1814 0 22 8
a 337 1662 0 2 8
a 338 283 0 22 8
a 338 1078 0 5 10
a 339 217 0 22 10
a 339 1929 0 36 10
a 342 660 0 22 4
a 342 755 0 18 3
a 345 864 0 22 1
a 345 630 0 6 8
a 346 371 0 22 6
a 346 1891 0 23 9
a 347 1261 0 22 8
a 347 1749 0 16 7
a 349 1177 0 22 7
a 349 1319 0 16 3
a 352 335 0 22 8
a 352 95 0 11 3
a 353 190 0 22 7
a 353 922 0 30 8
a 354 1080 0 22 4
a 354 1071 0 42 3
a 355 392 0 22 1
a 355 1654 0 39 10
a 357 656 0 22 4
a 357 1893 0 23 2
a 359 646 0 22 1
a 359 900 0 48 4
a 360 1067 0 22 4
a 360 837 0 14 9
a 361 1271 0 22 7
a 361 1119 0 33 10
a 362 1304 0 22 10
a 362 1050 0 24 5
a 364 704 0 22 5
a 364 1271 0 20 4
a 369 345 0 22 8
a 369 1619 0 25 8
a 371 1350 0 22 10
a 371 1691 0 45 6
a 372 623 0 22 5
a 372 818 0 25 8
a 374 570 0 22 10
a 374 1480 0 0 10
a 375 28 0 22 7
a 375 919 0 12 10
a 378 33 0 22 2
a 378 1799 0 38 3
a 382 1966 0 22 1
a 382 410 0 26 5
a 384 1003 0 22 9
a 384 1311 0 27 3
a 385 1729 0 22 10
a 385 1256 0 6 10
a 389 990 0 22 2
a 389 1524 0 45 3
a 392 880 0 22 8
a 392 533 0 21 4
a 393 406 0 22 5
a 393 564 0 46 6
a 394 1277 0 22 3
a 394 246 0 7 9
a 395 621 0 22 4
a 395 1391 0 15 7
a 398 1394 0 22 6
a 398 142 0 47 2
a 403 489 0 22 3
a 403 1454 0 28 2
a 406 472 0 22 1
a 406 115 0 25 2
a 407 1617 0 22 6
a 407 1305 0 26 7
a 408 1429 0 22 6
a 408 1716 0 5 9
a 411 1689 0 22 1
a 411 1657 0 11 1
a 414 1662 0 22 7
a 414 348 0 30 3
a 420 310 0 22 8
a 420 533 0 26 7
a 421 372 0 22 10
a 421 1254 0 43 3
a 422 354 0 22 7
a 422 5 0 4 5
a 426 1030 0 22 2
a 426 1329 0 15 9
a 428 1117 0 22 2
a 428 716 0 8 9
a 429 883 0 22 10
a 429 1664 0 35 6
a 430 1599 0 22 5
a 430 1182 0 15 10
a 431 752 0 22 10
a 431 542 0 37 1
a 432 1701 0 22 5
a 432 1528 0 29 6
a 443 218 0 22 1
a 443 758 0 36 6
a 445 663 0 22 4
a 445 823 0 1 2
a 447 665 0 22 5
a 447 1910 0 25 8
a 448 761 0 22 4
a 448 181 0 6 5
a 449 465 0 22 3
a 449 522 0 10 7
a 451 110 0 22 4
a 451 1003 0 41 5
a 454 1182 0 22 9
a 454 1394 0 41 9
a 455 709 0 22 10
a 455 878 0 21 1
a 458 1061 0 22 8
a 458 1821 0 39 9
a 459 1815 0 22 9
a 459 755 0 12 1
a 460 1043 0 22 2
a 460 886 0 43 8
a 462 1230 0 22 4
a 462 1495 0 26 10
a 465 1633 0 22 5
a 465 214 0 11 2
a 467 1530 0 22 1
a 467 736 0 4 3
a 469 1946 0 22 9
a 469 438 0 49 3
a 471 583 0 22 1
a 471 42 0 21 10
a 472 765 0 22 1
a 472 198 0 29 7
a 473 750 0 22 8
a 473 987 0 10 8
a 474 789 0 22 4
a 474 325 0 31 2
a 476 1691 0 22 7
a 476 1068 0 37 7
a 478 1142 0 22 5
a 478 1738 0 22 5
a 479 758 0 22 10
a 479 608 0 50 4
a 481 184 0 22 1
a 481 1305 0 10 3
a 484 1552 0 22 10
a 484 1254 0 42 9
a 485 974 0 22 3
a 485 963 0 46 5
a 486 866 0 22 7
a 486 1682 0 42 3
a 487 171 0 22 3
a 487 656 0 11 5
a 488 691 0 22 7
a 488 450 0 2 2
a 489 585 0 22 7
a 489 240 0 48 8
a 490 1437 0 22 10
a 490 1791 0 42 5
a 492 597 0 22 4
a 492 1372 0 48 4
a 493 510 0 22 8
a 493 133 0 14 2
a 496 451 0 22 9
a 496 756 0 13 10
a 500 720 0 22 10
a 500 1796 0 47 10
a 501 199 0 22 10
a 501 706 0 38 1
a 503 1773 0 22 5
a 503 172 0 11 6
a 504 1554 0 22 6
a 504 1438 0 3 7
a 506 1009 0 22 7
a 506 1437 0 7 8
a 508 554 0 22 4
a 508 1791 0 20 3
a 510 1497 0 22 6
a 510 481 0 18 3
a 512 1725 0 22 8
a 512 382 0 42 4
a 514 1777 0 22 8
a 514 376 0 29 6
a 517 1280 0 22 7
a 517 337 0 43 2
a 518 1415 0 22 4
a 518 962 0 23 1
a 519 1368 0 22 6
a 519 379 0 35 10
a 522 1251 0 22 3
a 522 1491 0 17 4
a 529 1538 0 22 2
a 529 1655 0 29 5
a 532 1889 0 22 10
a 532 117 0 36 7
a 538 1559 0 22 2
a 538 567 0 37 2
a 541 1943 0 22 8
a 541 357 0 20 10
a 542 823 0 22 5
a 542 776 0 18 6
a 546 1211 0 22 6
a 546 305 0 36 2
a 550 976 0 22 6
a 550 970 0 2 2
a 551 553 0 22 9
a 551 996 0 19 2
a 553 508 0 22 9
a 553 1968 0 15 6
a 554 1257 0 22 3
a 554 662 0 42 5
a 555 949 0 22 2
a 555 1019 0 36 7
a 556 469 0 22 10
a 556 1616 0 48 8
a 557 214 0 22 7
a 557 1124 0 26 5
a 558 1126 0 22 10
a 558 1594 0 50 9
a 567 1589 0 22 4
a 567 515 0 0 4
a 569 927 0 22 9
a 569 56 0 8 7
a 570 1908 0 22 3
a 570 1772 0 33 6
a 571 1856 0 22 8
a 571 1533 0 47 6
a 572 1674 0 22 6
a 572 979 0 8 9
a 574 247 0 22 6
a 574 975 0 44 4
a 577 1838 0 22 4
a 577 1274 0 9 8
a 579 255 0 22 8
a 579 1432 0 43 9
a 580 1161 0 22 8
a 580 374 0 27 4
a 583 680 0 22 2
a 583 1103 0 11 1
a 584 1294 0 22 1
a 584 755 0 20 4
a 585 1798 0 22 4
a 585 113 0 11 4
a 588 802 0 22 9
a 588 897 0 8 9
a 589 1430 0 22 9
a 589 1000 0 4 5
a 590 113 0 22 9
a 590 1191 0 34 9
a 593 1439 0 22 3
a 593 894 0 10 2
a 595 1036 0 22 5
a 595 1399 0 36 4
a 596 1265 0 22 4
a 596 1500 0 46 6
a 597 1457 0 22 3
a 597 1314 0 38 7
a 598 1536 0 22 7
a 598 1386 0 1 3
a 599 449 0 22 3
a 599 65 0 47 5
a 600 1165 0 22 5
a 600 1980 0 21 10
a 601 874 0 22 2
a 601 1692 0 50 4
a 602 374 0 22 3
a 602 596 0 7 8
a 604 78 0 22 1
a 604 1470 0 18 7
a 605 1901 0 22 10
a 605 845 0 42 10
a 609 522 0 22 10
a 609 32 0 31 3
a 610 352 0 22 7
a 610 101 0 47 3
a 611 237 0 22 4
a 611 599 0 29 3
a 612 1983 0 22 4
a 612 1019 0 19 7
a 613 1959 0 22 3
a 613 718 0 26 5
a 614 1972 0 22 3
a 614 66 0 43 2
a 620 650 0 22 4
a 620 635 0 39 4
a 621 1408 0 22 8
a 621 607 0 6 1
a 623 1356 0 22 10
a 623 1467 0 20 3
a 625 1246 0 22 7
a 625 1007 0 35 8
a 632 443 0 22 4
a 632 1705 0 38 3
a 635 1693 0 22 8
a 635 131 0 36 10
a 637 1663 0 22 1
a 637 1648 0 24 4
a 638 688 0 22 5
a 638 1429 0 23 6
a 644 1841 0 22 6
a 644 924 0 38 2
a 645 277 0 22 2
a 645 630 0 35 9
a 646 159 0 22 10
a 646 1929 0 27 1
a 647 122 0 22 7
a 647 776 0 27 2
a 649 1098 0 22 2
a 649 1454 0 47 3
a 650 1684 0 22 2
a 650 695 0 14 9
a 651 1842 0 22 5
a 651 954 0 33 2
a 652 1212 0 22 3
a 652 180 0 42 8
a 653 1717 0 22 10
a 653 296 0 50 5
a 654 126 0 22 1
a 654 55 0 7 9
a 656 595 0 22 1
a 656 778 0 37 10
a 658 1526 0 22 1
a 658 1142 0 6 5
a 659 782 0 22 3
a 659 686 0 4 7
a 660 1823 0 22 1
a 660 1252 0 13 1
a 661 1743 0 22 6
a 661 1083 0 20 7
a 663 1397 0 22 9
a 663 698 0 46 8
a 665 395 0 22 10
a 665 65 0 28 2
a 668 1942 0 22 10
a 668 431 0 32 1
a 671 1650 0 22 3
a 671 868 0 2 5
a 672 1919 0 22 5
a 672 1408 0 44 7
a 675 349 0 22 2
a 675 916 0 34 10
a 677 1890 0 22 2
a 677 1603 0 16 1
a 678 359 0 22 8
a 678 890 0 1 7
a 679 1679 0 22 10
a 679 1346 0 34 2
a 680 53 0 22 7
a 680 534 0 24 7
a 681 762 0 22 7
a 681 402 0 41 5
a 685 620 0 22 1
a 685 1078 0 18 2
a 688 80 0 22 5
a 688 906 0 11 10
a 689 216 0 22 8
a 689 1182 0 40 6
a 691 1245 0 22 2
a 691 816 0 43 10
a 693 1465 0 22 3
a 693 39 0 23 5
a 697 1157 0 22 5
a 697 514 0 21 6
a 702 645 0 22 2
a 702 1296 0 41 4
a 704 1007 0 22 5
a 704 1887 0 32 9
a 705 1202 0 22 1
a 705 231 0 17 4
a 707 550 0 22 10
a 707 1892 0 29 7
a 708 319 0 22 8
a 708 1677 0 19 9
a 709 1122 0 22 1
a 709 1452 0 0 6
a 710 1784 0 22 7
a 710 1112 0 9 6
a 712 863 0 22 4
a 712 1036 0 28 6
a 713 1238 0 22 9
a 713 727 0 6 1
a 718 1977 0 22 1
a 718 1863 0 10 1
a 720 808 0 22 7
a 720 35 0 25 7
a 721 1406 0 22 10
a 721 1761 0 32 5
a 724 1748 0 22 9
a 724 1897 0 40 2
a 725 1306 0 22 6
a 725 1732 0 13 1
a 727 867 0 22 7
a 727 1920 0 40 10
a 731 1073 0 22 4
a 731 1284 0 38 2
a 732 1392 0 22 5
a 732 1188 0 47 3
a 733 1962 0 22 1
a 733 119 0 44 8
a 734 1040 0 22 2
a 734 1054 0 42 4
a 737 282 0 22 1
a 737 1143 0 15 9
a 738 1486 0 22 10
a 738 621 0 45 10
a 739 1805 0 22 4
a 739 1285 0 35 3
a 740 1060 0 22 2
a 740 659 0 41 6
a 741 1442 0 22 8
a 741 1038 0 11 9
a 746 1085 0 22 1
a 746 1069 0 42 1
a 749 1489 0 22 5
a 749 1954 0 10 1
a 750 727 0 22 4
a 750 387 0 5 6
a 752 1393 0 22 3
a 752 677 0 26 10
a 755 579 0 22 3
a 755 1512 0 14 7
a 758 459 0 22 7
a 758 925 0 16 4
a 759 478 0 22 7
a 759 1538 0 43 3
a 760 734 0 22 2
a 760 806 0 24 9
a 761 1022 0 22 10
a 761 781 0 8 2
a 762 790 0 22 5
a 762 1211 0 44 3
a 763 51 0 22 6
a 763 1177 0 32 10
a 765 382 0 22 10
a 765 1015 0 49 9
a 768 414 0 22 4
a 768 848 0 23 3
a 773 907 0 22 6
a 773 1863 0 15 1
a 774 820 0 22 4
a 774 92 0 5 9
a 776 242 0 22 9
a 776 1833 0 36 2
a 778 1138 0 22 9
a 778 270 0 31 3
a 780 97 0 22 9
a 780 1299 0 30 1
a 782 1484 0 22 2
a 782 486 0 16 3
a 783 1348 0 22 2
a 783 1362 0 16 3
a 784 1665 0 22 10
a 784 1523 0 35 7
a 786 1872 0 22 5
a 786 1543 0 32 10
a 789 613 0 22 7
a 789 1029 0 5 8
a 790 708 0 22 4
a 790 1348 0 38 4
a 794 924 0 22 2
a 794 1225 0 32 10
a 795 1680 0 22 2
a 795 639 0 30 2
a 796 1522 0 22 2
a 796 1228 0 10 7
a 797 804 0 22 6
a 797 169 0 45 3
a 799 925 0 22 8
a 799 687 0 16 10
a 802 768 0 22 8
a 802 349 0 3 4
a 804 1612 0 22 1
a 804 3 0 6 2
a 807 108 0 22 6
a 807 955 0 24 6
a 808 245 0 22 2
a 808 472 0 1 9
a 809 842 0 22 2
a 809 975 0 6 5
a 811 268 0 22 7
a 811 1737 0 2 10
a 813 1989 0 22 10
a 813 418 0 24 7
a 815 1621 0 22 6
a 815 1712 0 47 2
a 816 447 0 22 1
a 816 914 0 17 8
a 817 1005 0 22 6
a 817 1321 0 3 7
a 820 1391 0 22 4
a 820 180 0 9 4
a 823 980 0 22 8
a 823 1850 0 29 1
a 824 1307 0 22 7
a 824 832 0 49 2
a 826 635 0 22 8
a 826 384 0 47 6
a 827 84 0 22 5
a 827 1224 0 20 5
a 828 933 0 22 3
a 828 980 0 22 1
a 830 1295 0 22 1
a 830 476 0 30 2
a 831 1964 0 22 8
a 831 466 0 31 2
a 833 1114 0 22 3
a 833 1498 0 23 2
a 834 541 0 22 10
a 834 1193 0 43 6
a 835 817 0 22 9
a 835 1878 0 24 1
a 836 816 0 22 3
a 836 631 0 16 7
a 840 1400 0 22 9
a 840 1921 0 35 7
a 842 329 0 22 1
a 842 1496 0 12 7
a 845 193 0 22 4
a 845 1298 0 37 2
a 846 977 0 22 5
a 846 138 0 5 2
a 851 737 0 22 3
a 851 1585 0 5 5
a 853 1794 0 22 3
a 853 269 0 12 3
a 859 136 0 22 6
a 859 960 0 16 5
a 861 1639 0 22 4
a 861 1702 0 32 7
a 863 681 0 22 10
a 863 33 0 37 7
a 864 1953 0 22 9
a 864 125 0 16 10
a 865 773 0 22 5
a 865 507 0 25 8
a 866 921 0 22 5
a 866 1602 0 43 5
a 867 721 0 22 1
a 867 1207 0 7 10
a 872 689 0 22 6
a 872 951 0 5 6
a 873 902 0 22 9
a 873 1500 0 3 10
a 874 1237 0 22 4
a 874 1758 0 27 6
a 879 1347 0 22 1
a 879 1344 0 18 4
a 880 331 0 22 3
a 880 712 0 6 5
a 881 903 0 22 8
a 881 470 0 41 10
a 882 1751 0 22 6
a 882 607 0 5 2
a 883 1603 0 22 4
a 883 95 0 12 4
a 886 1660 0 22 3
a 886 1163 0 17 5
a 887 269 0 22 9
a 887 665 0 25 6
a 890 231 0 22 1
a 890 1933 0 41 7
a 891 1828 0 22 6
a 891 781 0 6 3
a 893 932 0 22 10
a 893 1296 0 12 10
a 894 241 0 22 3
a 894 1728 0 7 7
a 895 1434 0 22 5
a 895 1606 0 21 9
a 899 1054 0 22 8
a 899 1069 0 25 7
a 902 1566 0 22 8
a 902 1877 0 11 2
a 903 831 0 22 6
a 903 1834 0 17 5
a 907 18 0 22 9
a 907 957 0 22 8
a 908 1490 0 22 9
a 908 1860 0 45 2
a 912 1199 0 22 6
a 912 1624 0 1 6
a 915 1702 0 22 2
a 915 242 0 8 1
a 919 1312 0 22 7
a 919 1901 0 26 8
a 921 1986 0 22 7
a 921 1726 0 23 5
a 922 1014 0 22 10
a 922 1357 0 30 9
a 924 1017 0 22 4
a 924 1834 0 38 4
a 925 741 0 22 4
a 925 46 0 1 9
a 926 1686 0 22 10
a 926 1474 0 26 8
a 927 204 0 22 5
a 927 1225 0 43 3
a 928 571 0 22 6
a 928 298 0 45 5
a 929 1389 0 22 6
a 929 897 0 34 2
a 932 210 0 22 6
a 932 489 0 18 2
a 933 853 0 22 8
a 933 1037 0 46 8
a 941 428 0 22 3
a 941 1081 0 2 10
a 943 784 0 22 1
a 943 1728 0 33 3
a 944 501 0 22 5
a 944 1853 0 29 10
a 946 1669 0 22 8
a 946 1315 0 10 7
a 949 1123 0 22 4
a 949 1207 0 3 6
a 953 279 0 22 9
a 953 343 0 19 7
a 956 1553 0 22 9
a 956 1990 0 48 9
a 958 1846 0 22 1
a 958 1818 0 1 7
a 960 1471 0 22 4
a 960 1307 0 25 5
a 961 207 0 22 9
a 961 1915 0 26 7
a 966 799 0 22 10
a 966 675 0 30 1
a 967 881 0 22 5
a 967 235 0 42 10
a 968 1413 0 22 9
a 968 1155 0 11 10
a 974 1900 0 22 10
a 974 309 0 47 5
a 975 1761 0 22 1
a 975 136 0 13 10
a 976 362 0 22 6
a 976 364 0 33 3
a 977 1572 0 22 5
a 977 1932 0 47 4
a 979 420 0 22 6
a 979 694 0 4 6
a 980 1335 0 22 8
a 980 1379 0 30 4
a 981 1721 0 22 1
a 981 1203 0 24 10
a 982 89 0 22 10
a 982 1691 0 27 9
a 983 1987 0 22 6
a 983 666 0 45 1
a 985 774 0 22 5
a 985 1147 0 50 6
a 989 1302 0 22 2
a 989 1546 0 22 6
a 990 991 0 22 2
a 990 675 0 33 6
a 991 1715 0 22 7
a 991 76 0 18 5
a 992 859 0 22 8
a 992 1477 0 39 3
a 994 780 0 22 3
a 994 1642 0 37 9
a 995 1456 0 22 8
a 995 1335 0 1 2
a 997 185 0 22 3
a 997 1691 0 49 1
a 998 293 0 22 9
a 998 1797 0 17 3
a 999 1063 0 22 3
a 999 965 0 30 5
a 1002 1476 0 22 6
a 1002 1192 0 27 10
a 1003 824 0 22 6
a 1003 1887 0 26 6
a 1004 1423 0 22 2
a 1004 1796 0 48 4
a 1005 112 0 22 7
a 1005 90 0 23 2
a 1006 928 0 22 8
a 1006 991 0 36 1
a 1007 836 0 22 10
a 1007 1637 0 37 8
a 1008 653 0 22 7
a 1008 1082 0 29 9
a 1009 1058 0 22 8
a 1009 1138 0 39 7
a 1014 1428 0 22 3
a 1014 1575 0 10 9
a 1015 652 0 22 1
a 1015 480 0 28 8
a 1017 1492 0 22 9
a 1017 611 0 42 1
a 1022 1354 0 22 9
a 1022 1343 0 38 1
a 1023 13 0 22 1
a 1023 534 0 2 5
a 1024 1758 0 22 1
a 1024 1150 0 18 4
a 1025 604 0 22 2
a 1025 1343 0 1 4
a 1028 1731 0 22 5
a 1028 389 0 35 10
a 1029 1514 0 22 5
a 1029 1991 0 18 4
a 1030 506 0 22 6
a 1030 103 0 36 8
a 1031 1293 0 22 10
a 1031 285 0 4 10
a 1036 14 0 22 6
a 1036 726 0 28 2
a 1040 1452 0 22 1
a 1040 1044 0 50 6
a 1041 946 0 22 6
a 1041 1194 0 20 2
a 1043 1209 0 22 4
a 1043 1410 0 28 2
a 1045 975 0 22 4
a 1045 1036 0 41 3
a 1047 600 0 22 5
a 1047 543 0 8 2
a 1049 555 0 22 2
a 1049 581 0 45 5
a 1052 1105 0 22 7
a 1052 1495 0 3 6
a 1054 1630 0 22 9
a 1054 1859 0 1 7
a 1057 1466 0 22 9
a 1057 114 0 18 1
a 1058 580 0 22 8
a 1058 1021 0 9 4
a 1059 235 0 22 6
a 1059 1428 0 17 7
a 1060 778 0 22 5
a 1060 649 0 24 3
a 1061 1221 0 22 2
a 1061 156 0 50 8
a 1063 258 0 22 1
a 1063 1709 0 34 3
a 1066 602 0 22 3
a 1066 743 0 19 8
a 1067 429 0 22 4
a 1067 282 0 32 2
a 1071 1024 0 22 4
a 1071 1915 0 7 10
a 1072 138 0 22 5
a 1072 1379 0 17 5
a 1073 1190 0 22 6
a 1073 947 0 43 5
a 1075 490 0 22 7
a 1075 1812 0 6 2
a 1076 1025 0 22 3
a 1076 1374 0 50 6
a 1078 1002 0 22 6
a 1078 1201 0 16 4
a 1080 1845 0 22 9
a 1080 354 0 25 5
a 1081 851 0 22 7
a 1081 285 0 34 2
a 1083 479 0 22 4
a 1083 1702 0 7 8
a 1085 1825 0 22 10
a 1085 623 0 12 10
a 1086 1683 0 22 5
a 1086 438 0 28 8
a 1089 254 0 22 6
a 1089 1051 0 10 5
a 1090 1801 0 22 9
a 1090 1590 0 17 9
a 1091 305 0 22 6
a 1091 1425 0 8 4
a 1092 542 0 22 5
a 1092 854 0 11 3
a 1093 426 0 22 1
a 1093 976 0 40 3
a 1095 651 0 22 4
a 1095 1397 0 47 8
a 1096 1629 0 22 2
a 1096 312 0 30 6
a 1098 718 0 22 10
a 1098 1524 0 34 2
a 1099 982 0 22 9
a 1099 901 0 39 9
a 1101 173 0 22 8
a 1101 224 0 39 2
a 1104 1793 0 22 9
a 1104 1673 0 29 7
a 1105 445 0 22 3
a 1105 823 0 15 7
a 1114 346 0 22 5
a 1114 901 0 34 5
a 1115 1671 0 22 9
a 1115 287 0 15 2
a 1117 1311 0 22 6
a 1117 346 0 28 5
a 1119 102 0 22 10
a 1119 382 0 33 8
a 1120 658 0 22 8
a 1120 1455 0 36 8
a 1122 1616 0 22 10
a 1122 379 0 22 6
a 1123 1706 0 22 10
a 1123 1812 0 12 7
a 1124 879 0 22 3
a 1124 1840 0 42 5
a 1125 24 0 22 5
a 1125 111 0 5 5
a 1126 1568 0 22 5
a 1126 205 0 34 8
a 1133 1595 0 22 8
a 1133 1384 0 45 3
a 1134 567 0 22 7
a 1134 913 0 29 1
a 1136 1137 0 22 3
a 1136 983 0 5 9
a 1137 828 0 22 9
a 1137 97 0 42 6
a 1138 1166 0 22 7
a 1138 545 0 46 10
a 1139 1887 0 22 10
a 1139 279 0 48 9
a 1141 1771 0 22 1
a 1141 1974 0 40 5
a 1142 1548 0 22 7
a 1142 403 0 32 1
a 1143 960 0 22 8
a 1143 1268 0 30 6
a 1145 833 0 22 9
a 1145 1399 0 20 9
a 1146 1714 0 22 5
a 1146 625 0 40 4
a 1149 685 0 22 2
a 1149 41 0 11 6
a 1150 826 0 22 5
a 1150 1522 0 5 2
a 1151 1143 0 22 10
a 1151 530 0 37 2
a 1152 1272 0 22 2
a 1152 1063 0 7 1
a 1154 1451 0 22 10
a 1154 1098 0 18 1
a 1155 1677 0 22 5
a 1155 944 0 14 4
a 1156 460 0 22 8
a 1156 5 0 5 9
a 1157 1313 0 22 2
a 1157 330 0 3 2
a 1159 1918 0 22 8
a 1159 895 0 10 2
a 1160 1291 0 22 3
a 1160 643 0 17 4
a 1161 1861 0 22 1
a 1161 550 0 32 5
a 1165 384 0 22 8
a 1165 448 0 40 2
a 1166 1911 0 22 4
a 1166 1129 0 27 8
a 1168 710 0 22 10
a 1168 1347 0 26 7
a 1173 389 0 22 5
a 1173 1211 0 23 9
a 1174 1600 0 22 3
a 1174 1563 0 17 6
a 1175 1594 0 22 9
a 1175 1048 0 8 7
a 1176 1496 0 22 6
a 1176 1422 0 33 3
a 1177 272 0 22 1
a 1177 1283 0 30 3
a 1178 783 0 22 7
a 1178 289 0 16 1
a 1182 1915 0 22 6
a 1182 668 0 29 9
a 1183 1925 0 22 2
a 1183 568 0 11 9
a 1186 1421 0 22 2
a 1186 1041 0 5 5
a 1190 1273 0 22 10
a 1190 82 0 26 1
a 1192 697 0 22 8
a 1192 1888 0 10 5
a 1193 967 0 22 1
a 1193 630 0 8 1
a 1194 644 0 22 7
a 1194 335 0 27 2
a 1195 702 0 22 3
a 1195 814 0 39 10
a 1196 26 0 22 1
a 1196 382 0 25 8
a 1198 1454 0 22 9
a 1198 1666 0 0 3
a 1199 1322 0 22 6
a 1199 1817 0 21 3
a 1202 1419 0 22 8
a 1202 1510 0 23 10
a 1207 846 0 22 7
a 1207 27 0 43 10
a 1209 1052 0 22 5
a 1209 177 0 34 5
a 1210 1029 0 22 9
a 1210 386 0 30 1
a 1211 596 0 22 3
a 1211 991 0 42 10
a 1212 233 0 22 8
a 1212 1455 0 3 1
a 1217 992 0 22 7
a 1217 1407 0 18 7
a 1218 1707 0 22 5
a 1218 1765 0 38 10
a 1219 1028 0 22 9
a 1219 887 0 37 6
a 1221 1932 0 22 1
a 1221 1788 0 9 4
a 1223 1778 0 22 3
a 1223 204 0 4 3
a 1225 189 0 22 6
a 1225 1312 0 45 10
a 1227 1318 0 22 4
a 1227 1807 0 5 10
a 1230 1787 0 22 6
a 1230 111 0 34 2
a 1232 6 0 22 5
a 1232 597 0 8 7
a 1237 1455 0 22 7
a 1237 288 0 22 2
a 1238 1253 0 22 2
a 1238 1763 0 48 5
a 1239 42 0 22 4
a 1239 1050 0 7 9
a 1241 678 0 22 3
a 1241 883 0 25 7
a 1242 462 0 22 1
a 1242 534 0 31 1
a 1245 30 0 22 9
a 1245 899 0 40 10
a 1246 1422 0 22 10
a 1246 327 0 40 4
a 1247 899 0 22 6
a 1247 700 0 34 6
a 1249 659 0 22 1
a 1249 1956 0 9 1
a 1251 893 0 22 4
a 1251 1229 0 47 3
a 1253 1366 0 22 5
a 1253 1526 0 19 5
a 1254 47 0 22 1
a 1254 1791 0 16 1
a 1255 500 0 22 7
a 1255 925 0 1 1
a 1257 1217 0 22 6
a 1257 729 0 0 5
a 1258 38 0 22 10
a 1258 1611 0 50 10
a 1259 487 0 22 10
a 1259 660 0 17 9
a 1261 431 0 22 8
a 1261 184 0 3 9
a 1263 759 0 22 1
a 1263 1489 0 5 3
a 1264 887 0 22 7
a 1264 1291 0 10 10
a 1265 123 0 22 2
a 1265 71 0 5 6
a 1268 68 0 22 10
a 1268 1980 0 34 6
a 1270 1800 0 22 5
a 1270 1054 0 36 7
a 1271 599 0 22 8
a 1271 1045 0 4 2
a 1272 1739 0 22 7
a 1272 67 0 22 8
a 1273 259 0 22 7
a 1273 791 0 2 5
a 1274 1360 0 22 8
a 1274 1150 0 7 5
a 1277 1176 0 22 8
a 1277 1849 0 48 3
a 1278 1623 0 22 2
a 1278 1780 0 30 5
a 1279 672 0 22 10
a 1279 1434 0 28 7
a 1280 1041 0 22 1
a 1280 1676 0 39 6
a 1281 11 0 22 7
a 1281 1758 0 50 3
a 1284 1678 0 22 7
a 1284 1151 0 6 6
a 1286 1274 0 22 1
a 1286 1972 0 9 9
a 1289 961 0 22 5
a 1289 1523 0 27 5
a 1290 144 0 22 8
a 1290 1736 0 22 6
a 1291 1438 0 22 5
a 1291 1669 0 45 9
a 1293 1974 0 22 4
a 1293 511 0 29 2
a 1294 609 0 22 4
a 1294 907 0 31 7
a 1295 1851 0 22 4
a 1295 1777 0 40 10
a 1296 393 0 22 5
a 1296 1317 0 35 2
a 1297 10 0 22 2
a 1297 244 0 23 9
a 1298 705 0 22 3
a 1298 941 0 20 1
a 1302 1210 0 22 6
a 1302 914 0 35 2
a 1304 1881 0 22 10
a 1304 333 0 23 1
a 1306 1091 0 22 9
a 1306 1876 0 40 3
a 1307 1081 0 22 3
a 1307 1844 0 6 2
a 1308 471 0 22 9
a 1308 1785 0 1 9
a 1310 517 0 22 4
a 1310 880 0 0 7
a 1311 529 0 22 8
a 1311 1276 0 14 8
a 1312 1227 0 22 3
a 1312 40 0 6 7
a 1313 929 0 22 5
a 1313 1158 0 8 9
a 1315 1896 0 22 1
a 1315 86 0 39 1
a 1316 347 0 22 7
a 1316 1660 0 47 7
a 1317 1483 0 22 10
a 1317 264 0 32 8
a 1318 1125 0 22 3
a 1318 618 0 5 6
a 1319 104 0 22 2
a 1319 358 0 12 5
a 1320 1134 0 22 1
a 1320 1483 0 48 1
a 1322 1173 0 22 9
a 1322 1070 0 27 9
a 1327 1232 0 22 9
a 1327 460 0 8 3
a 1332 995 0 22 8
a 1332 481 0 10 7
a 1333 150 0 22 10
a 1333 52 0 13 2
a 1335 1756 0 22 10
a 1335 1629 0 6 3
a 1339 981 0 22 8
a 1339 1437 0 44 3
a 1347 1290 0 22 5
a 1347 1992 0 19 9
a 1348 1207 0 22 8
a 1348 704 0 33 3
a 1350 177 0 22 2
a 1350 378 0 9 3
a 1351 296 0 22 6
a 1351 1317 0 36 9
a 1353 1902 0 22 7
a 1353 162 0 22 9
a 1354 1734 0 22 4
a 1354 1458 0 10 1
a 1355 1120 0 22 9
a 1355 1886 0 17 10
a 1356 114 0 22 2
a 1356 156 0 21 9
a 1357 1976 0 22 5
a 1357 621 0 19 6
a 1359 260 0 22 5
a 1359 1952 0 1 4
a 1360 142 0 22 1
a 1360 1397 0 49 1
a 1362 375 0 22 8
a 1362 85 0 48 3
a 1366 776 0 22 6
a 1366 420 0 1 8
a 1368 1195 0 22 5
a 1368 1193 0 37 8
a 1372 953 0 22 6
a 1372 1052 0 29 1
a 1373 1242 0 22 6
a 1373 518 0 39 4
a 1378 1581 0 22 7
a 1378 1698 0 26 10
a 1383 840 0 22 6
a 1383 1953 0 3 10
a 1384 668 0 22 7
a 1384 1936 0 1 5
a 1385 1075 0 22 6
a 1385 847 0 18 9
a 1386 278 0 22 5
a 1386 404 0 15 6
a 1387 1690 0 22 1
a 1387 105 0 10 5
a 1388 865 0 22 3
a 1388 1821 0 29 1
a 1389 1225 0 22 8
a 1389 880 0 41 4
a 1391 1440 0 22 8
a 1391 1375 0 15 3
a 1392 454 0 22 3
a 1392 1307 0 39 6
a 1393 1735 0 22 8
a 1393 642 0 41 5
a 1394 1502 0 22 2
a 1394 1569 0 40 3
a 1395 807 0 22 9
a 1395 933 0 23 5
a 1397 408 0 22 7
a 1397 47 0 38 1
a 1398 222 0 22 4
a 1398 1660 0 49 8
a 1400 1654 0 22 2
a 1400 1948 0 8 4
a 1405 1774 0 22 3
a 1405 488 0 41 5
a 1406 1807 0 22 10
a 1406 990 0 14 3
a 1408 1584 0 22 6
a 1408 390 0 46 5
a 1410 488 0 22 10
a 1410 1892 0 37 3
a 1412 291 0 22 3
a 1412 1308 0 46 4
a 1413 713 0 22 2
a 1413 1530 0 31 2
a 1415 4 0 22 8
a 1415 511 0 47 4
a 1417 73 0 22 5
a 1417 1564 0 19 5
a 1419 1444 0 22 5
a 1419 1784 0 50 4
a 1420 421 0 22 1
a 1420 1039 0 18 5
a 1421 294 0 22 7
a 1421 826 0 40 3
a 1422 1316 0 22 9
a 1422 543 0 9 9
a 1423 1653 0 22 6
a 1423 1497 0 49 6
a 1425 1508 0 22 5
a 1425 456 0 4 8
a 1426 1076 0 22 2
a 1426 912 0 9 9
a 1428 1590 0 22 4
a 1428 1890 0 49 8
a 1429 1770 0 22 1
a 1429 1122 0 26 1
a 1430 1101 0 22 3
a 1430 1735 0 13 6
a 1432 1095 0 22 6
a 1432 433 0 2 2
a 1434 1297 0 22 2
a 1434 1295 0 19 7
a 1435 1086 0 22 7
a 1435 933 0 43 2
a 1437 1700 0 22 3
a 1437 1607 0 9 9
a 1438 827 0 22 3
a 1438 577 0 31 9
a 1439 1004 0 22 8
a 1439 1352 0 23 2
a 1440 1387 0 22 10
a 1440 1717 0 49 10
a 1442 794 0 22 1
a 1442 36 0 39 4
a 1444 1059 0 22 3
a 1444 344 0 6 4
a 1449 72 0 22 3
a 1449 532 0 0 5
a 1451 1981 0 22 3
a 1451 77 0 7 6
a 1452 679 0 22 7
a 1452 1993 0 13 9
a 1454 1410 0 22 5
a 1454 267 0 22 8
a 1455 355 0 22 2
a 1455 1678 0 39 7
a 1456 1956 0 22 10
a 1456 996 0 43 8
a 1457 369 0 22 10
a 1457 1012 0 41 6
a 1458 1641 0 22 9
a 1458 1108 0 29 4
a 1460 238 0 22 10
a 1460 1046 0 17 7
a 1462 1083 0 22 7
a 1462 1919 0 4 6
a 1463 1822 0 22 8
a 1463 110 0 6 6
a 1464 1521 0 22 3
a 1464 1223 0 20 8
a 1465 194 0 22 4
a 1465 1427 0 47 2
a 1466 1372 0 22 1
a 1466 1516 0 15 5
a 1468 170 0 22 9
a 1468 93 0 21 9
a 1471 1505 0 22 9
a 1471 1609 0 27 3
a 1476 219 0 22 2
a 1476 1521 0 3 2
a 1477 93 0 22 10
a 1477 236 0 2 6
a 1478 1351 0 22 2
a 1478 1447 0 12 7
a 1481 1178 0 22 1
a 1481 551 0 40 9
a 1483 1954 0 22 4
a 1483 1385 0 45 7
a 1484 712 0 22 4
a 1484 946 0 13 1
a 1486 979 0 22 3
a 1486 803 0 8 9
a 1487 385 0 22 5
a 1487 528 0 1 2
a 1488 614 0 22 10
a 1488 47 0 6 5
a 1489 1383 0 22 3
a 1489 111 0 6 2
a 1490 135 0 22 6
a 1490 1478 0 44 9
a 1492 551 0 22 4
a 1492 1312 0 34 3
a 1496 1853 0 22 10
a 1496 876 0 35 7
a 1497 82 0 22 2
a 1497 1818 0 13 2
a 1502 572 0 22 10
a 1502 1716 0 13 2
a 1505 1949 0 22 4
a 1505 954 0 35 6
a 1507 1249 0 22 3
a 1507 1167 0 44 10
a 1508 1649 0 22 8
a 1508 1189 0 36 1
a 1511 105 0 22 3
a 1511 1195 0 6 5
a 1513 873 0 22 3
a 1513 1694 0 40 6
a 1514 311 0 22 3
a 1514 135 0 47 8
a 1516 731 0 22 8
a 1516 1559 0 32 10
a 1519 504 0 22 7
a 1519 1496 0 40 4
a 1521 321 0 22 5
a 1521 1854 0 39 9
a 1522 191 0 22 6
a 1522 1817 0 16 4
a 1523 740 0 22 7
a 1523 822 0 49 4
a 1526 1168 0 22 8
a 1526 1195 0 7 9
a 1527 661 0 22 3
a 1527 1767 0 41 10
a 1530 403 0 22 3
a 1530 3 0 14 2
a 1532 830 0 22 9
a 1532 622 0 26 8
a 1533 1544 0 22 6
a 1533 470 0 1 10
a 1534 1533 0 22 8
a 1534 1798 0 27 10
a 1535 1644 0 22 9
a 1535 867 0 42 1
a 1536 75 0 22 9
a 1536 916 0 19 7
a 1538 1139 0 22 10
a 1538 1855 0 31 6
a 1539 1355 0 22 8
a 1539 1865 0 16 8
a 1540 29 0 22 9
a 1540 1774 0 6 6
a 1544 394 0 22 4
a 1544 933 0 35 6
a 1546 1619 0 22 2
a 1546 219 0 0 6
a 1548 1878 0 22 6
a 1548 450 0 29 3
a 1551 1223 0 22 5
a 1551 1873 0 10 9
a 1552 1258 0 22 9
a 1552 168 0 49 5
a 1553 1008 0 22 9
a 1553 460 0 7 9
a 1554 577 0 22 8
a 1554 310 0 46 10
a 1556 1809 0 22 2
a 1556 944 0 8 10
a 1559 797 0 22 9
a 1559 1344 0 46 5
a 1562 1681 0 22 3
a 1562 1784 0 33 9
a 1563 999 0 22 2
a 1563 475 0 5 6
a 1566 1092 0 22 1
a 1566 1331 0 24 4
a 1567 1999 0 22 5
a 1567 586 0 32 6
a 1568 1875 0 22 7
a 1568 251 0 2 8
a 1572 473 0 22 7
a 1572 1077 0 15 3
a 1581 1425 0 22 8
a 1581 535 0 24 7
a 1584 484 0 22 8
a 1584 112 0 35 10
a 1589 486 0 22 3
a 1589 906 0 1 7
a 1590 378 0 22 4
a 1590 1446 0 3 2
a 1594 1540 0 22 9
a 1594 1625 0 20 1
a 1595 518 0 22 5
a 1595 401 0 43 7
a 1599 337 0 22 4
a 1599 626 0 49 9
a 1600 1386 0 22 8
a 1600 684 0 13 7
a 1603 811 0 22 9
a 1603 1083 0 48 5
a 1604 1764 0 22 4
a 1604 953 0 5 9
a 1606 430 0 22 1
a 1606 1196 0 22 4
a 1607 1239 0 22 8
a 1607 1879 0 12 1
a 1608 1551 0 22 6
a 1608 878 0 4 5
a 1609 1373 0 22 4
a 1609 807 0 38 1
a 1610 1615 0 22 8
a 1610 654 0 45 10
a 1612 205 0 22 10
a 1612 1307 0 33 5
a 1615 1254 0 22 1
a 1615 1245 0 1 10
a 1616 886 0 22 6
a 1616 1572 0 26 9
a 1617 1488 0 22 1
a 1617 1430 0 5 2
a 1619 1136 0 22 8
a 1619 1516 0 33 9
a 1621 265 0 22 6
a 1621 561 0 19 4
a 1623 20 0 22 7
a 1623 473 0 2 4
a 1625 1698 0 22 9
a 1625 1876 0 28 10
a 1626 1929 0 22 2
a 1626 736 0 6 5
a 1629 985 0 22 6
a 1629 1502 0 22 9
a 1630 1281 0 22 1
a 1630 694 0 40 2
a 1633 612 0 22 6
a 1633 1301 0 36 8
a 1636 244 0 22 6
a 1636 1011 0 18 10
a 1639 59 0 22 8
a 1639 1781 0 33 2
a 1641 1133 0 22 7
a 1641 364 0 48 2
a 1642 637 0 22 6
a 1642 1591 0 44 10
a 1644 1023 0 22 3
a 1644 1530 0 2 5
a 1648 1310 0 22 6
a 1648 1420 0 28 10
a 1649 1449 0 22 2
a 1649 929 0 47 6
a 1650 1196 0 22 8
a 1650 1531 0 0 1
a 1653 1192 0 22 7
a 1653 636 0 26 6
a 1654 632 0 22 1
a 1654 8 0 44 6
a 1656 338 0 22 8
a 1656 1103 0 21 5
a 1660 574 0 22 4
a 1660 533 0 29 10
a 1662 176 0 22 2
a 1662 833 0 49 2
a 1663 1692 0 22 5
a 1663 309 0 35 3
a 1665 1462 0 22 9
a 1665 344 0 32 10
a 1669 455 0 22 2
a 1669 441 0 29 1
a 1670 422 0 22 7
a 1670 290 0 9 8
a 1671 458 0 22 7
a 1671 1598 0 16 5
a 1674 1847 0 22 7
a 1674 1725 0 23 2
a 1677 22 0 22 9
a 1677 1153 0 15 9
a 1678 625 0 22 8
a 1678 756 0 13 10
a 1679 1546 0 22 8
a 1679 648 0 32 3
a 1680 1979 0 22 10
a 1680 136 0 47 10
a 1681 1432 0 22 9
a 1681 1644 0 50 2
a 1683 169 0 22 5
a 1683 1888 0 17 2
a 1684 474 0 22 10
a 1684 1638 0 42 2
a 1686 493 0 22 5
a 1686 731 0 36 5
a 1689 1534 0 22 7
a 1689 219 0 17 8
a 1690 1780 0 22 1
a 1690 1882 0 26 10
a 1691 1198 0 22 10
a 1691 1882 0 25 6
a 1692 1194 0 22 7
a 1692 1655 0 32 4
a 1693 1124 0 22 5
a 1693 621 0 36 1
a 1698 476 0 22 4
a 1698 1891 0 32 10
a 1700 1468 0 22 1
a 1700 463 0 0 7
a 1701 407 0 22 8
a 1701 1935 0 49 1
a 1702 746 0 22 6
a 1702 580 0 1 3
a 1705 1940 0 22 7
a 1705 924 0 12 3
a 1706 1775 0 22 9
a 1706 1342 0 49 1
a 1707 1049 0 22 9
a 1707 1253 0 50 5
a 1708 301 0 22 1
a 1708 1222 0 37 6
a 1714 1071 0 22 5
a 1714 1290 0 12 7
a 1715 342 0 22 5
a 1715 1735 0 10 4
a 1717 364 0 22 9
a 1717 1370 0 42 3
a 1721 225 0 22 9
a 1721 486 0 25 4
a 1723 546 0 22 5
a 1723 1488 0 18 10
a 1725 763 0 22 7
a 1725 932 0 21 8
a 1726 1296 0 22 1
a 1726 1963 0 36 6
a 1727 1339 0 22 6
a 1727 911 0 33 1
a 1728 1767 0 22 9
a 1728 1233 0 8 5
a 1729 1145 0 22 3
a 1729 548 0 6 3
a 1730 481 0 22 6
a 1730 1920 0 13 5
a 1731 514 0 22 4
a 1731 1109 0 10 1
a 1732 496 0 22 2
a 1732 250 0 46 6
a 1734 485 0 22 8
a 1734 1097 0 32 4
a 1735 835 0 22 4
a 1735 879 0 43 8
a 1737 1535 0 22 8
a 1737 1148 0 25 9
a 1739 192 0 22 2
a 1739 1662 0 14 9
a 1743 755 0 22 5
a 1743 146 0 6 2
a 1745 1824 0 22 5
a 1745 878 0 5 2
a 1747 556 0 22 8
a 1747 851 0 41 8
a 1748 1278 0 22 9
a 1748 1715 0 8 3
a 1751 1405 0 22 7
a 1751 28 0 33 8
a 1753 512 0 22 6
a 1753 1643 0 17 9
a 1756 1772 0 22 8
a 1756 698 0 9 7
a 1757 1897 0 22 4
a 1757 168 0 38 1
a 1758 1923 0 22 3
a 1758 91 0 10 4
a 1761 1938 0 22 3
a 1761 228 0 33 5
a 1764 1642 0 22 10
a 1764 983 0 0 9
a 1767 1829 0 22 4
a 1767 739 0 38 8
a 1770 1308 0 22 4
a 1770 1369 0 31 1
a 1771 1477 0 22 1
a 1771 611 0 23 8
a 1772 941 0 22 10
a 1772 623 0 25 8
a 1773 1268 0 22 6
a 1773 532 0 23 10
a 1774 1723 0 22 2
a 1774 1302 0 45 3
a 1775 1997 0 22 9
a 1775 325 0 47 10
a 1776 1099 0 22 1
a 1776 1080 0 27 5
a 1777 1994 0 22 9
a 1777 1084 0 7 3
a 1778 1523 0 22 3
a 1778 583 0 9 1
a 1779 997 0 22 5
a 1779 1709 0 23 8
a 1780 1776 0 22 3
a 1780 1851 0 23 3
a 1783 91 0 22 5
a 1783 1323 0 21 10
a 1784 1511 0 22 8
a 1784 1123 0 0 2
a 1785 1975 0 22 9
a 1785 156 0 6 1
a 1787 1924 0 22 3
a 1787 1244 0 17 1
a 1791 288 0 22 7
a 1791 1877 0 35 9
a 1793 36 0 22 6
a 1793 807 0 29 9
a 1794 1996 0 22 3
a 1794 1576 0 27 8
a 1796 1563 0 22 4
a 1796 374 0 31 10
a 1798 922 0 22 10
a 1798 1557 0 12 2
a 1799 1604 0 22 9
a 1799 1817 0 17 9
a 1800 894 0 22 7
a 1800 847 0 50 2
a 1801 1783 0 22 9
a 1801 989 0 41 8
a 1803 360 0 22 9
a 1803 1025 0 46 9
a 1805 558 0 22 3
a 1805 1311 0 31 1
a 1807 467 0 22 2
a 1807 1524 0 33 7
a 1809 353 0 22 3
a 1809 891 0 8 2
a 1814 1957 0 22 5
a 1814 410 0 28 6
a 1815 1320 0 22 5
a 1815 1023 0 36 5
a 1816 1317 0 22 1
a 1816 700 0 50 4
a 1822 398 0 22 10
a 1822 666 0 10 4
a 1823 1219 0 22 9
a 1823 674 0 6 2
a 1824 944 0 22 2
a 1824 391 0 3 5
a 1825 1871 0 22 1
a 1825 507 0 11 3
a 1828 1785 0 22 9
a 1828 1636 0 42 7
a 1829 958 0 22 6
a 1829 617 0 29 1
a 1834 230 0 22 8
a 1834 1203 0 45 8
a 1838 1327 0 22 5
a 1838 966 0 43 7
a 1840 124 0 22 2
a 1840 368 0 34 5
a 1841 1670 0 22 7
a 1841 107 0 23 5
a 1842 1096 0 22 5
a 1842 985 0 50 10
a 1844 1193 0 22 9
a 1844 248 0 34 10
a 1845 956 0 22 3
a 1845 1914 0 25 10
a 1846 611 0 22 4
a 1846 1596 0 41 5
a 1847 908 0 22 8
a 1847 1972 0 40 3
a 1849 1015 0 22 10
a 1849 1132 0 18 9
a 1850 1944 0 22 7
a 1850 1112 0 26 5
a 1851 895 0 22 10
a 1851 1041 0 29 7
a 1853 557 0 22 9
a 1853 1562 0 34 2
a 1856 1155 0 22 7
a 1856 1478 0 5 7
a 1861 601 0 22 5
a 1861 1782 0 26 7
a 1871 306 0 22 2
a 1871 2000 0 22 3
a 1872 1636 0 22 6
a 1872 1703 0 16 6
a 1875 1149 0 22 8
a 1875 1151 0 29 1
a 1876 1609 0 22 7
a 1876 1169 0 26 7
a 1877 1264 0 22 8
a 1877 83 0 23 5
a 1878 236 0 22 6
a 1878 412 0 46 2
a 1881 1156 0 22 10
a 1881 882 0 43 3
a 1882 1093 0 22 2
a 1882 337 0 3 8
a 1886 1175 0 22 3
a 1886 1033 0 43 9
a 1887 35 0 22 6
a 1887 1262 0 42 10
a 1889 206 0 22 9
a 1889 1636 0 0 5
a 1890 1791 0 22 2
a 1890 1511 0 6 7
a 1893 1420 0 22 1
a 1893 1034 0 37 8
a 1895 1458 0 22 9
a 1895 845 0 2 7
a 1896 861 0 22 6
a 1896 1765 0 22 3
a 1897 117 0 22 10
a 1897 738 0 35 1
a 1900 1385 0 22 8
a 1900 122 0 40 2
a 1901 1757 0 22 7
a 1901 840 0 0 9
a 1902 1882 0 22 3
a 1902 324 0 17 2
a 1905 786 0 22 9
a 1905 1403 0 33 9
a 1908 32 0 22 7
a 1908 982 0 5 8
a 1911 1270 0 22 2
a 1911 766 0 38 10
a 1913 188 0 22 10
a 1913 1776 0 49 9
a 1914 1481 0 22 6
a 1914 1383 0 9 6
a 1915 1119 0 22 1
a 1915 335 0 5 10
a 1918 796 0 22 6
a 1918 1685 0 29 8
a 1919 1539 0 22 1
a 1919 1283 0 29 9
a 1920 795 0 22 6
a 1920 1599 0 39 8
a 1923 1412 0 22 1
a 1923 595 0 24 9
a 1924 77 0 22 8
a 1924 1630 0 16 3
a 1925 989 0 22 9
a 1925 481 0 17 1
a 1928 1284 0 22 1
a 1928 116 0 44 10
a 1929 1146 0 22 8
a 1929 1886 0 29 9
a 1930 1388 0 22 1
a 1930 778 0 23 1
a 1931 503 0 22 7
a 1931 1758 0 7 7
a 1932 1417 0 22 6
a 1932 62 0 36 9
a 1937 1241 0 22 7
a 1937 1682 0 14 10
a 1938 1332 0 22 5
a 1938 1091 0 6 9
a 1940 1985 0 22 10
a 1940 1653 0 13 5
a 1942 7 0 22 9
a 1942 127 0 21 6
a 1943 1728 0 22 10
a 1943 556 0 45 7
a 1944 882 0 22 10
a 1944 1696 0 41 3
a 1946 1174 0 22 8
a 1946 102 0 44 10
a 1949 56 0 22 1
a 1949 1463 0 5 4
a 1953 158 0 22 8
a 1953 413 0 8 4
a 1954 411 0 22 3
a 1954 731 0 6 6
a 1956 891 0 22 8
a 1956 156 0 7 5
a 1957 1359 0 22 7
a 1957 317 0 7 9
a 1959 1357 0 22 4
a 1959 860 0 42 5
a 1962 968 0 22 1
a 1962 738 0 26 6
a 1964 1886 0 22 3
a 1964 516 0 40 1
a 1966 926 0 22 9
a 1966 1344 0 7 3
a 1972 1159 0 22 3
a 1972 771 0 42 9
a 1974 519 0 22 10
a 1974 1011 0 15 5
a 1975 671 0 22 3
a 1975 1972 0 24 4
a 1976 357 0 22 6
a 1976 1724 0 10 10
a 1977 266 0 22 5
a 1977 62 0 15 5
a 1979 1006 0 22 3
a 1979 704 0 19 6
a 1981 1796 0 22 1
a 1981 1886 0 12 2
a 1983 1931 0 22 4
a 1983 376 0 10 8
a 1985 919 0 22 1
a 1985 912 0 23 7
a 1986 912 0 22 8
a 1986 1393 0 34 4
a 1987 140 0 22 8
a 1987 1394 0 49 7
a 1989 1247 0 22 3
a 1989 541 0 48 8
a 1994 605 0 22 6
a 1994 391 0 34 8
a 1996 1487 0 22 10
a 1996 392 0 35 10
a 1997 638 0 22 7
a 1997 1773 0 2 1
a 2 240 0 28 5
a 2 158 0 50 7
a 3 1592 0 28 2
a 3 178 0 12 1
a 5 252 0 28 7
a 5 1901 0 11 9
a 8 838 0 28 7
a 8 1507 0 18 7
a 9 149 0 28 4
a 9 978 0 25 3
a 12 1283 0 28 4
a 12 657 0 21 4
a 15 1880 0 28 4
a 15 357 0 4 4
a 16 1341 0 28 9
a 16 1059 0 2 1
a 17 618 0 28 9
a 17 640 0 30 7
a 19 1618 0 28 8
a 19 1726 0 25 1
a 21 1947 0 28 8
a 21 498 0 41 8
a 25 16 0 28 6
a 25 1359 0 32 7
a 27 1910 0 28 10
a 27 426 0 50 9
a 31 1696 0 28 3
a 31 537 0 39 5
a 34 582 0 28 1
a 34 1831 0 20 4
a 37 1102 0 28 7
a 37 1087 0 7 2
a 39 179 0 28 6
a 39 64 0 21 5
a 40 869 0 28 7
a 40 868 0 22 8
a 41 1755 0 28 9
a 41 370 0 31 1
a 43 1336 0 28 6
a 43 488 0 21 9
a 44 1837 0 28 2
a 44 219 0 25 5
a 46 772 0 28 1
a 46 926 0 29 4
a 49 1754 0 28 1
a 49 973 0 5 10
a 50 1666 0 28 1
a 50 716 0 4 1
a 54 165 0 28 6
a 54 1893 0 15 3
a 55 1365 0 28 9
a 55 11 0 7 9
a 57 1493 0 28 3
a 57 1007 0 42 5
a 58 1768 0 28 1
a 58 1674 0 34 7
a 63 1628 0 28 7
a 63 1225 0 40 5
a 65 1524 0 28 9
a 65 741 0 7 5
a 66 1635 0 28 8
a 66 1798 0 2 7
a 70 1260 0 28 9
a 70 1328 0 39 8
a 71 766 0 28 9
a 71 926 0 5 7
a 74 1863 0 28 7
a 74 296 0 14 6
a 76 494 0 28 10
a 76 1055 0 26 9
a 79 351 0 28 7
a 79 15 0 33 4
a 83 822 0 28 3
a 83 1817 0 8 6
a 85 1495 0 28 3
a 85 1282 0 6 7
a 86 2000 0 28 6
a 86 656 0 9 1
a 87 1321 0 28 1
a 87 1532 0 33 6
a 88 1256 0 28 9
a 88 1620 0 38 8
a 92 1839 0 28 10
a 92 1149 0 3 4
a 95 1309 0 28 6
a 95 294 0 19 6
a 96 505 0 28 8
a 96 290 0 19 5
a 98 327 0 28 7
a 98 1557 0 32 3
a 99 1978 0 28 5
a 99 1655 0 22 6
a 100 405 0 28 8
a 100 406 0 29 8
a 103 1404 0 28 6
a 103 357 0 48 6
a 106 1087 0 28 7
a 106 899 0 35 1
a 109 747 0 28 4
a 109 491 0 37 10
a 111 1358 0 28 5
a 111 121 0 28 5
a 115 1740 0 28 1
a 115 464 0 18 5
a 116 1364 0 28 3
a 116 1347 0 47 3
a 118 1370 0 28 8
a 118 1057 0 15 9
a 119 1990 0 28 10
a 119 1711 0 16 7
a 120 1998 0 28 5
a 120 1849 0 31 1
a 121 366 0 28 6
a 121 1268 0 1 1
a 125 648 0 28 8
a 125 16 0 45 3
a 127 1982 0 28 2
a 127 435 0 0 8
a 128 1892 0 28 10
a 128 1236 0 46 8
a 129 788 0 28 1
a 129 1935 0 37 6
a 130 54 0 28 2
a 130 926 0 1 9
a 132 1624 0 28 9
a 132 780 0 31 5
a 133 1191 0 28 3
a 133 1136 0 18 10
a 134 1543 0 28 4
a 134 965 0 26 3
a 137 1450 0 28 7
a 137 520 0 7 4
a 139 1491 0 28 4
a 139 316 0 4 5
a 141 438 0 28 9
a 141 201 0 6 9
a 143 559 0 28 5
a 143 305 0 33 2
a 145 1446 0 28 6
a 145 1890 0 12 8
a 146 1647 0 28 9
a 146 1941 0 2 1
a 147 1100 0 28 10
a 147 330 0 16 6
a 148 243 0 28 4
a 148 1724 0 13 9
a 149 95 0 28 7
a 149 1280 0 39 4
a 152 1314 0 28 4
a 152 894 0 19 9
a 153 1068 0 28 6
a 153 1544 0 23 5
a 154 1749 0 28 10
a 154 1426 0 8 2
a 155 1216 0 28 1
a 155 235 0 12 3
a 156 1346 0 28 3
a 156 1620 0 4 2
a 157 286 0 28 8
a 157 1538 0 7 2
a 160 1699 0 28 3
a 160 1804 0 4 5
a 161 363 0 28 6
a 161 307 0 11 8
a 162 792 0 28 5
a 162 1394 0 38 1
a 163 1112 0 28 2
a 163 632 0 12 2
a 164 1013 0 28 6
a 164 103 0 29 4
a 165 769 0 28 8
a 165 1740 0 9 1
a 166 1688 0 28 5
a 166 793 0 40 8
a 167 951 0 28 6
a 167 1430 0 31 9
a 168 617 0 28 3
a 168 367 0 30 9
a 172 1763 0 28 1
a 172 688 0 24 9
a 175 1506 0 28 4
a 175 776 0 48 10
a 178 533 0 28 1
a 178 61 0 42 4
a 179 1790 0 28 2
a 179 1038 0 29 9
a 180 9 0 28 9
a 180 621 0 7 6
a 181 1140 0 28 6
a 181 1465 0 7 3
a 182 1967 0 28 9
a 182 844 0 9 3
a 183 12 0 28 1
a 183 660 0 14 2
a 186 1916 0 28 1
a 186 1691 0 6 8
a 195 1577 0 28 3
a 195 1587 0 28 5
a 196 358 0 28 9
a 196 1315 0 21 4
a 197 586 0 28 2
a 197 597 0 33 9
a 198 1215 0 28 6
a 198 1492 0 30 2
a 200 456 0 28 4
a 200 1976 0 32 5
a 201 457 0 28 6
a 201 1168 0 38 4
a 202 703 0 28 8
a 202 1149 0 36 1
a 203 386 0 28 7
a 203 721 0 28 2
a 208 812 0 28 5
a 208 1327 0 11 5
a 209 1323 0 28 3
a 209 1734 0 0 7
a 211 303 0 28 1
a 211 803 0 35 8
a 212 343 0 28 5
a 212 1615 0 10 9
a 215 888 0 28 7
a 215 1775 0 9 3
a 220 344 0 28 7
a 220 158 0 35 8
a 223 1107 0 28 9
a 223 1977 0 38 1
a 224 482 0 28 3
a 224 1528 0 33 4
a 227 686 0 28 9
a 227 564 0 31 10
a 228 1891 0 28 6
a 228 591 0 13 5
a 232 1738 0 28 8
a 232 1373 0 6 6
a 234 409 0 28 1
a 234 42 0 26 7
a 239 539 0 28 10
a 239 1656 0 19 2
a 240 261 0 28 7
a 240 1456 0 20 7
a 243 684 0 28 6
a 243 1790 0 48 5
a 246 940 0 28 10
a 246 1988 0 42 8
a 248 1000 0 28 4
a 248 978 0 2 4
a 249 1224 0 28 1
a 249 1467 0 45 10
a 250 564 0 28 7
a 250 874 0 31 7
a 251 655 0 28 2
a 251 1069 0 10 8
a 252 1504 0 28 7
a 252 1092 0 23 6
a 256 1722 0 28 6
a 256 35 0 34 9
a 257 1050 0 28 4
a 257 1722 0 43 9
a 261 694 0 28 9
a 261 1708 0 8 4
a 264 381 0 28 3
a 264 483 0 24 7
a 270 295 0 28 8
a 270 35 0 0 2
a 271 178 0 28 1
a 271 268 0 14 3
a 274 1108 0 28 1
a 274 608 0 12 9
a 275 232 0 28 2
a 275 1754 0 22 6
a 276 63 0 28 5
a 276 149 0 36 9
a 280 1716 0 28 1
a 280 1043 0 34 5
a 281 390 0 28 6
a 281 684 0 7 10
a 284 25 0 28 4
a 284 209 0 32 1
a 285 1782 0 28 1
a 285 1040 0 3 10
a 286 153 0 28 5
a 286 99 0 34 6
a 290 1494 0 28 7
a 290 846 0 17 9
a 292 304 0 28 5
a 292 206 0 34 4
a 295 1181 0 28 8
a 295 499 0 47 2
a 297 118 0 28 6
a 297 1925 0 47 8
a 298 1288 0 28 3
a 298 880 0 46 7
a 299 1377 0 28 9
a 299 1505 0 17 8
a 300 850 0 28 2
a 300 581 0 24 10
a 302 1164 0 28 9
a 302 743 0 24 10
a 303 1984 0 28 7
a 303 966 0 12 3
a 304 200 0 28 9
a 304 1245 0 21 6
a 307 1503 0 28 7
a 307 1078 0 41 8
a 308 1326 0 28 9
a 308 145 0 45 5
a 309 1631 0 28 1
a 309 1146 0 21 1
a 313 1632 0 28 6
a 313 1109 0 13 5
a 314 1806 0 28 3
a 314 1582 0 12 4
a 315 1226 0 28 4
a 315 1551 0 8 3
a 316 561 0 28 10
a 316 1129 0 11 5
a 317 1275 0 28 2
a 317 162 0 35 2
a 318 264 0 28 6
a 318 487 0 48 5
a 322 1927 0 28 9
a 322 73 0 13 3
a 323 452 0 28 9
a 323 1066 0 33 9
a 324 1324 0 28 10
a 324 205 0 22 10
a 325 1147 0 28 3
a 325 65 0 40 5
a 326 491 0 28 5
a 326 1378 0 24 6
a 327 1512 0 28 5
a 327 1685 0 31 6
a 328 197 0 28 7
a 328 1687 0 39 9
a 332 198 0 28 10
a 332 1545 0 0 7
a 333 1634 0 28 10
a 333 1915 0 32 5
a 334 1331 0 28 1
a 334 1386 0 42 7
a 336 175 0 28 5
a 336 454 0 3 4
a 340 923 0 28 5
a 340 83 0 22 1
a 341 692 0 28 1
a 341 818 0 1 8
a 343 1371 0 28 1
a 343 1929 0 14 7
a 344 909 0 28 4
a 344 39 0 13 6
a 348 1646 0 28 2
a 348 978 0 35 6
a 350 1995 0 28 4
a 350 176 0 17 3
a 351 972 0 28 7
a 351 882 0 29 3
a 356 1955 0 28 3
a 356 897 0 48 1
a 358 31 0 28 5
a 358 207 0 5 3
a 363 400 0 28 6
a 363 1141 0 41 6
a 365 832 0 28 4
a 365 188 0 48 3
a 366 764 0 28 8
a 366 1317 0 35 10
a 367 1936 0 28 1
a 367 1594 0 50 6
a 368 1016 0 28 7
a 368 1503 0 32 1
a 370 415 0 28 9
a 370 489 0 11 9
a 373 892 0 28 6
a 373 757 0 10 10
a 376 318 0 28 10
a 376 1242 0 39 10
a 377 195 0 28 2
a 377 1588 0 12 9
a 379 606 0 28 8
a 379 1376 0 18 5
a 380 1213 0 28 4
a 380 719 0 1 4
a 381 1655 0 28 7
a 381 268 0 30 2
a 383 563 0 28 7
a 383 878 0 35 3
a 386 1250 0 28 3
a 386 1284 0 36 5
a 387 58 0 28 9
a 387 1180 0 40 10
a 388 315 0 28 10
a 388 572 0 44 2
a 390 1082 0 28 1
a 390 855 0 46 1
a 391 1205 0 28 5
a 391 310 0 42 9
a 396 930 0 28 8
a 396 904 0 35 2
a 397 1664 0 28 9
a 397 911 0 17 9
a 399 1338 0 28 10
a 399 678 0 6 2
a 400 701 0 28 10
a 400 1384 0 39 2
a 401 212 0 28 9
a 401 127 0 27 6
a 402 1515 0 28 1
a 402 347 0 24 7
a 404 1055 0 28 2
a 404 798 0 43 2
a 405 413 0 28 10
a 405 890 0 24 3
a 409 1062 0 28 3
a 409 910 0 44 3
a 410 1197 0 28 6
a 410 1302 0 36 6
a 412 274 0 28 9
a 412 1535 0 33 6
a 413 424 0 28 10
a 413 1868 0 26 9
a 415 202 0 28 8
a 415 114 0 15 8
a 416 1480 0 28 5
a 416 1918 0 11 8
a 417 1873 0 28 8
a 417 1521 0 0 3
a 418 1885 0 28 10
a 418 1872 0 14 8
a 419 918 0 28 6
a 419 1888 0 9 3
a 423 676 0 28 7
a 423 1034 0 19 7
a 424 931 0 28 10
a 424 961 0 3 10
a 425 821 0 28 3
a 425 1324 0 32 5
a 427 401 0 28 8
a 427 277 0 19 3
a 433 1325 0 28 8
a 433 1084 0 3 10
a 434 947 0 28 6
a 434 1555 0 25 2
a 435 1409 0 28 10
a 435 257 0 21 7
a 436 433 0 28 3
a 436 34 0 13 8
a 437 868 0 28 4
a 437 1868 0 14 7
a 438 280 0 28 2
a 438 571 0 46 7
a 439 1576 0 28 1
a 439 1874 0 48 9
a 440 626 0 28 1
a 440 791 0 2 6
a 441 470 0 28 6
a 441 1097 0 1 5
a 442 292 0 28 5
a 442 1321 0 6 10
a 444 1560 0 28 7
a 444 1153 0 20 9
a 446 628 0 28 10
a 446 472 0 6 6
a 450 1862 0 28 10
a 450 439 0 28 1
a 452 1053 0 28 1
a 452 979 0 36 3
a 453 594 0 28 6
a 453 316 0 30 1
a 456 156 0 28 5
a 456 1461 0 17 9
a 457 1658 0 28 2
a 457 330 0 33 3
a 461 1744 0 28 2
a 461 1714 0 6 7
a 463 281 0 28 2
a 463 924 0 42 2
a 464 290 0 28 5
a 464 1119 0 1 4
a 466 1578 0 28 2
a 466 482 0 49 3
a 468 1537 0 28 6
a 468 1800 0 23 5
a 470 1574 0 28 1
a 470 1970 0 17 3
a 475 1352 0 28 10
a 475 56 0 30 6
a 477 1573 0 28 10
a 477 1975 0 1 1
a 480 743 0 28 7
a 480 1665 0 26 5
a 482 1941 0 28 6
a 482 747 0 12 5
a 483 314 0 28 2
a 483 1904 0 46 2
a 491 862 0 28 8
a 491 291 0 23 8
a 494 1162 0 28 8
a 494 1930 0 33 6
a 495 938 0 28 7
a 495 1571 0 34 3
a 497 509 0 28 2
a 497 1016 0 48 1
a 498 1084 0 28 6
a 498 610 0 3 2
a 499 1593 0 28 6
a 499 204 0 23 2
a 502 513 0 28 6
a 502 1411 0 26 6
a 505 376 0 28 6
a 505 860 0 21 5
a 507 531 0 28 1
a 507 570 0 44 3
a 509 1220 0 28 8
a 509 1107 0 1 7
a 511 1605 0 28 4
a 511 1903 0 28 9
a 513 639 0 28 2
a 513 310 0 38 10
a 515 1300 0 28 3
a 515 1176 0 15 5
a 516 37 0 28 10
a 516 609 0 38 2
a 520 146 0 28 2
a 520 280 0 16 6
a 521 1968 0 28 10
a 521 1681 0 38 7
a 523 1267 0 28 2
a 523 1710 0 25 1
a 524 870 0 28 7
a 524 1359 0 46 6
a 525 1453 0 28 6
a 525 19 0 38 2
a 526 1587 0 28 4
a 526 1961 0 18 10
a 527 1411 0 28 10
a 527 1048 0 37 5
a 528 1858 0 28 7
a 528 1877 0 32 7
a 530 1206 0 28 3
a 530 1272 0 15 1
a 531 223 0 28 1
a 531 1658 0 39 1
a 533 1711 0 28 7
a 533 1125 0 14 3
a 534 1703 0 28 3
a 534 1991 0 35 4
a 535 562 0 28 3
a 535 1339 0 7 6
a 536 1285 0 28 3
a 536 401 0 24 10
a 537 1645 0 28 7
a 537 578 0 25 10
a 539 627 0 28 2
a 539 1994 0 45 4
a 540 1033 0 28 5
a 540 873 0 37 3
a 543 829 0 28 1
a 543 406 0 27 2
a 544 781 0 28 10
a 544 1201 0 24 3
a 545 521 0 28 7
a 545 1502 0 38 10
a 547 1565 0 28 9
a 547 1622 0 35 6
a 548 622 0 28 4
a 548 1496 0 0 4
a 549 897 0 28 5
a 549 1132 0 36 6
a 552 1019 0 28 6
a 552 1252 0 30 2
a 559 1069 0 28 2
a 559 613 0 11 5
a 560 1627 0 28 4
a 560 184 0 48 9
a 561 1766 0 28 1
a 561 236 0 41 3
a 562 1172 0 28 6
a 562 1671 0 12 8
a 563 1819 0 28 9
a 563 1589 0 14 10
a 564 952 0 28 2
a 564 64 0 34 4
a 565 1048 0 28 7
a 565 1591 0 36 5
a 566 106 0 28 9
a 566 1951 0 30 2
a 568 1135 0 28 3
a 568 178 0 40 4
a 573 785 0 28 10
a 573 1779 0 1 7
a 575 1865 0 28 1
a 575 253 0 43 1
a 576 1396 0 28 10
a 576 23 0 44 6
a 578 1797 0 28 2
a 578 880 0 38 8
a 581 340 0 28 10
a 581 850 0 47 4
a 582 1733 0 28 4
a 582 129 0 8 4
a 586 1252 0 28 9
a 586 159 0 31 5
a 587 986 0 28 1
a 587 1626 0 11 4
a 591 27 0 28 3
a 591 1167 0 34 7
a 592 607 0 28 6
a 592 1152 0 27 5
a 594 1427 0 28 3
a 594 1253 0 43 4
a 603 771 0 28 8
a 603 1675 0 45 3
a 606 1833 0 28 8
a 606 1676 0 39 1
a 607 1027 0 28 2
a 607 112 0 28 7
a 608 1342 0 28 8
a 608 1773 0 38 6
a 615 1855 0 28 6
a 615 1115 0 11 5
a 616 1992 0 28 7
a 616 1126 0 5 9
a 617 1051 0 28 1
a 617 1894 0 18 10
a 618 1852 0 28 7
a 618 1438 0 10 3
a 619 757 0 28 2
a 619 685 0 11 4
a 622 818 0 28 9
a 622 984 0 24 1
a 624 119 0 28 4
a 624 1391 0 37 6
a 626 1827 0 28 3
a 626 1003 0 23 6
a 627 1597 0 28 8
a 627 399 0 48 7
a 628 837 0 28 10
a 628 367 0 48 7
a 629 1328 0 28 2
a 629 1439 0 4 1
a 630 744 0 28 8
a 630 1263 0 18 5
a 631 1788 0 28 1
a 631 823 0 3 9
a 633 1596 0 28 4
a 633 538 0 4 7
a 634 1330 0 28 5
a 634 101 0 16 8
a 636 1903 0 28 2
a 636 265 0 20 4
a 639 729 0 28 4
a 639 285 0 34 10
a 640 728 0 28 8
a 640 86 0 3 9
a 641 1542 0 28 4
a 641 137 0 20 7
a 642 121 0 28 6
a 642 539 0 45 7
a 643 333 0 28 4
a 643 1555 0 40 7
a 648 1144 0 28 3
a 648 1863 0 14 7
a 655 889 0 28 1
a 655 1196 0 11 6
a 657 145 0 28 8
a 657 308 0 13 4
a 662 276 0 28 9
a 662 1303 0 25 8
a 664 548 0 28 8
a 664 821 0 42 6
a 666 1867 0 28 1
a 666 1451 0 45 5
a 667 913 0 28 4
a 667 1678 0 38 3
a 669 1344 0 28 7
a 669 423 0 40 4
a 670 1742 0 28 9
a 670 556 0 18 3
a 673 1939 0 28 3
a 673 438 0 27 2
a 674 971 0 28 9
a 674 1339 0 10 1
a 676 125 0 28 10
a 676 780 0 50 7
a 682 250 0 28 10
a 682 1222 0 36 4
a 683 641 0 28 4
a 683 1546 0 41 6
a 684 896 0 28 8
a 684 942 0 3 8
a 686 1035 0 28 1
a 686 1478 0 17 7
a 687 234 0 28 4
a 687 1535 0 40 5
a 690 109 0 28 6
a 690 971 0 38 6
a 692 1588 0 28 9
a 692 1869 0 21 4
a 694 55 0 28 6
a 694 1593 0 35 5
a 695 1750 0 28 9
a 695 769 0 36 2
a 696 1382 0 28 6
a 696 912 0 38 3
a 698 502 0 28 5
a 698 1143 0 7 10
a 699 1792 0 28 8
a 699 1146 0 10 3
a 700 1720 0 28 1
a 700 1250 0 33 3
a 701 803 0 28 1
a 701 1144 0 6 4
a 703 166 0 28 10
a 703 1475 0 24 9
a 706 1907 0 28 2
a 706 1300 0 19 7
a 711 1403 0 28 2
a 711 1927 0 17 8
a 714 1379 0 28 10
a 714 776 0 2 4
a 715 615 0 28 10
a 715 851 0 2 10
a 716 696 0 28 1
a 716 26 0 18 6
a 717 576 0 28 10
a 717 1599 0 33 5
a 719 631 0 28 10
a 719 1098 0 26 4
a 722 1558 0 28 9
a 722 1618 0 16 2
a 723 1111 0 28 6
a 723 963 0 30 10
a 726 1046 0 28 9
a 726 1493 0 25 5
a 728 536 0 28 7
a 728 57 0 19 9
a 729 549 0 28 6
a 729 694 0 19 6
a 730 844 0 28 3
a 730 810 0 39 3
a 735 779 0 28 1
a 735 271 0 30 1
a 736 380 0 28 2
a 736 512 0 1 8
a 742 1667 0 28 7
a 742 1773 0 18 9
a 743 1611 0 28 10
a 743 843 0 30 4
a 744 1231 0 28 10
a 744 1404 0 29 9
a 745 130 0 28 5
a 745 634 0 17 4
a 747 1601 0 28 2
a 747 1247 0 17 3
a 748 1945 0 28 3
a 748 455 0 5 8
a 751 1034 0 28 10
a 751 1220 0 18 8
a 753 914 0 28 7
a 753 1740 0 2 5
a 754 1214 0 28 6
a 754 881 0 22 1
a 756 948 0 28 5
a 756 1772 0 21 4
a 757 793 0 28 9
a 757 767 0 20 4
a 764 495 0 28 1
a 764 1920 0 4 7
a 766 1883 0 28 3
a 766 724 0 35 2
a 767 1244 0 28 3
a 767 821 0 16 10
a 769 1020 0 28 8
a 769 835 0 2 2
a 770 439 0 28 3
a 770 1570 0 26 1
a 771 468 0 28 7
a 771 532 0 23 4
a 772 560 0 28 3
a 772 1259 0 40 9
a 775 1203 0 28 4
a 775 122 0 32 3
a 777 1762 0 28 2
a 777 37 0 23 10
a 779 15 0 28 2
a 779 1014 0 23 10
a 781 1952 0 28 2
a 781 987 0 18 8
a 785 898 0 28 9
a 785 1570 0 24 3
a 787 1912 0 28 6
a 787 469 0 20 4
a 788 326 0 28 3
a 788 1174 0 17 6
a 791 1585 0 28 3
a 791 16 0 48 5
a 792 1276 0 28 10
a 792 405 0 2 8
a 793 698 0 28 10
a 793 1342 0 47 8
a 798 619 0 28 2
a 798 274 0 20 1
a 800 1971 0 28 10
a 800 104 0 13 1
a 801 877 0 28 8
a 801 102 0 13 7
a 803 916 0 28 6
a 803 540 0 32 8
a 805 201 0 28 5
a 805 684 0 50 2
a 806 1531 0 28 4
a 806 1829 0 4 3
a 810 1813 0 28 3
a 810 674 0 50 1
a 812 955 0 28 9
a 812 1593 0 49 6
a 814 1685 0 28 8
a 814 1787 0 32 1
a 818 1402 0 28 8
a 818 893 0 25 3
a 819 1965 0 28 8
a 819 1887 0 6 7
a 821 1860 0 28 2
a 821 861 0 6 5
a 822 211 0 28 2
a 822 1660 0 28 8
a 825 1187 0 28 3
a 825 1676 0 24 3
a 829 878 0 28 5
a 829 364 0 32 8
a 832 591 0 28 3
a 832 365 0 39 10
a 837 939 0 28 1
a 837 289 0 15 8
a 838 1622 0 28 4
a 838 1532 0 46 7
a 839 1704 0 28 9
a 839 279 0 15 10
a 841 257 0 28 1
a 841 466 0 6 9
a 843 96 0 28 1
a 843 561 0 35 6
a 844 751 0 28 6
a 844 1015 0 35 1
a 847 1906 0 28 7
a 847 339 0 39 6
a 848 208 0 28 6
a 848 1633 0 12 6
a 849 172 0 28 1
a 849 1816 0 29 9
a 850 444 0 28 4
a 850 124 0 36 9
a 852 19 0 28 8
a 852 536 0 28 10
a 854 722 0 28 8
a 854 816 0 8 7
a 855 87 0 28 3
a 855 730 0 20 1
a 856 1479 0 28 3
a 856 1765 0 3 5
a 857 209 0 28 1
a 857 1936 0 40 9
a 858 1991 0 28 1
a 858 1124 0 16 10
a 860 723 0 28 7
a 860 674 0 7 4
a 862 499 0 28 7
a 862 583 0 44 3
a 868 934 0 28 2
a 868 313 0 20 6
a 869 1652 0 28 5
a 869 711 0 47 6
a 870 1369 0 28 2
a 870 416 0 49 8
a 871 348 0 28 6
a 871 1124 0 50 4
a 875 1950 0 28 5
a 875 974 0 6 5
a 876 849 0 28 6
a 876 602 0 37 9
a 877 1375 0 28 4
a 877 1539 0 3 10
a 878 1070 0 28 8
a 878 679 0 6 6
a 884 970 0 28 7
a 884 644 0 16 3
a 885 575 0 28 2
a 885 205 0 6 7
a 888 1233 0 28 6
a 888 1965 0 12 2
a 889 325 0 28 3
a 889 1861 0 22 2
a 892 128 0 28 8
a 892 1385 0 18 7
a 896 497 0 28 9
a 896 1848 0 13 5
a 897 1868 0 28 5
a 897 1504 0 9 2
a 898 624 0 28 2
a 898 434 0 10 5
a 900 959 0 28 5
a 900 1051 0 35 9
a 901 39 0 28 10
a 901 1594 0 45 2
a 904 841 0 28 6
a 904 446 0 24 2
a 905 1859 0 28 1
a 905 1902 0 10 6
a 906 220 0 28 2
a 906 615 0 15 9
a 909 1012 0 28 9
a 909 1700 0 42 10
a 910 249 0 28 4
a 910 49 0 40 1
a 911 285 0 28 4
a 911 1801 0 18 9
a 913 1812 0 28 3
a 913 1486 0 25 4
a 914 876 0 28 7
a 914 1807 0 24 5
a 916 1200 0 28 9
a 916 1467 0 36 7
a 917 44 0 28 4
a 917 1349 0 30 5
a 918 418 0 28 8
a 918 800 0 25 7
a 920 1528 0 28 5
a 920 1524 0 25 5
a 923 1765 0 28 1
a 923 1067 0 28 4
a 930 350 0 28 1
a 930 1235 0 29 1
a 931 511 0 28 8
a 931 742 0 24 10
a 934 399 0 28 5
a 934 1441 0 2 8
a 935 1079 0 28 10
a 935 25 0 30 10
a 936 1575 0 28 9
a 936 745 0 5 5
a 937 246 0 28 6
a 937 1780 0 27 3
a 938 1482 0 28 7
a 938 1786 0 47 4
a 939 993 0 28 5
a 939 271 0 47 10
a 940 391 0 28 5
a 940 495 0 20 7
a 942 1248 0 28 9
a 942 569 0 36 7
a 945 275 0 28 7
a 945 1414 0 6 1
a 947 1582 0 28 7
a 947 1531 0 21 6
a 948 1591 0 28 3
a 948 1716 0 31 8
a 950 111 0 28 9
a 950 898 0 36 4
a 951 1037 0 28 2
a 951 795 0 44 2
a 952 446 0 28 2
a 952 354 0 28 7
a 954 498 0 28 2
a 954 279 0 50 10
a 955 480 0 28 7
a 955 980 0 19 10
a 957 1637 0 28 1
a 957 1374 0 24 7
a 959 442 0 28 5
a 959 1078 0 6 9
a 962 578 0 28 5
a 962 1783 0 37 10
a 963 1445 0 28 2
a 963 755 0 37 3
a 964 436 0 28 3
a 964 937 0 32 9
a 965 148 0 28 2
a 965 1208 0 20 4
a 969 1234 0 28 4
a 969 181 0 16 5
a 970 945 0 28 7
a 970 1159 0 16 10
a 971 1586 0 28 4
a 971 1579 0 25 7
a 972 1469 0 28 8
a 972 1092 0 3 3
a 973 100 0 28 2
a 973 390 0 25 5
a 978 1064 0 28 6
a 978 1081 0 18 5
a 984 847 0 28 9
a 984 484 0 29 6
a 986 1898 0 28 7
a 986 1961 0 32 8
a 987 1163 0 28 4
a 987 1618 0 47 1
a 988 1169 0 28 8
a 988 1999 0 38 10
a 993 141 0 28 10
a 993 951 0 10 8
a 996 1808 0 28 10
a 996 1209 0 3 5
a 1000 954 0 28 9
a 1000 730 0 47 7
a 1001 674 0 28 4
a 1001 1759 0 12 3
a 1010 88 0 28 3
a 1010 1835 0 48 6
a 1011 1894 0 28 6
a 1011 1678 0 26 2
a 1012 642 0 28 4
a 1012 621 0 50 1
a 1013 525 0 28 3
a 1013 1936 0 14 3
a 1016 515 0 28 6
a 1016 683 0 3 5
a 1018 534 0 28 10
a 1018 1875 0 22 4
a 1019 1266 0 28 4
a 1019 846 0 3 5
a 1020 1843 0 28 5
a 1020 1946 0 17 1
a 1021 875 0 28 9
a 1021 507 0 47 9
a 1026 984 0 28 1
a 1026 1699 0 9 9
a 1027 662 0 28 8
a 1027 1840 0 22 5
a 1032 1334 0 28 2
a 1032 90 0 33 7
a 1033 1904 0 28 4
a 1033 497 0 43 5
a 1034 182 0 28 2
a 1034 1578 0 1 4
a 1035 1826 0 28 1
a 1035 1620 0 25 8
a 1037 1909 0 28 1
a 1037 1933 0 3 7
a 1038 545 0 28 6
a 1038 1463 0 23 7
a 1039 1301 0 28 7
a 1039 571 0 21 1
a 1042 1407 0 28 5
a 1042 1368 0 18 2
a 1044 1541 0 28 6
a 1044 635 0 20 8
a 1046 450 0 28 2
a 1046 1050 0 26 10
a 1048 377 0 28 2
a 1048 1145 0 15 7
a 1050 313 0 28 6
a 1050 173 0 42 6
a 1051 547 0 28 6
a 1051 739 0 14 10
a 1053 1381 0 28 6
a 1053 1046 0 1 8
a 1055 1470 0 28 6
a 1055 507 0 34 10
a 1056 1555 0 28 7
a 1056 1480 0 44 7
a 1062 1831 0 28 10
a 1062 884 0 33 6
a 1064 714 0 28 7
a 1064 1069 0 38 2
a 1065 640 0 28 5
a 1065 1050 0 14 6
a 1068 1130 0 28 10
a 1068 188 0 22 10
a 1069 910 0 28 5
a 1069 1501 0 23 6
a 1070 1337 0 28 3
a 1070 186 0 9 2
a 1074 1899 0 28 4
a 1074 1870 0 19 1
a 1077 736 0 28 2
a 1077 1462 0 12 8
a 1079 167 0 28 6
a 1079 65 0 7 10
a 1082 127 0 28 7
a 1082 1384 0 23 5
a 1084 1781 0 28 1
a 1084 593 0 4 10
a 1087 396 0 28 6
a 1087 59 0 41 7
a 1088 1598 0 28 9
a 1088 1746 0 22 9
a 1094 520 0 28 4
a 1094 1268 0 16 4
a 1097 906 0 28 8
a 1097 1145 0 17 1
a 1100 322 0 28 1
a 1100 1798 0 43 3
a 1102 162 0 28 3
a 1102 246 0 8 5
a 1103 900 0 28 8
a 1103 1988 0 34 9
a 1106 271 0 28 5
a 1106 950 0 39 4
a 1107 427 0 28 2
a 1107 1723 0 39 4
a 1108 1132 0 28 6
a 1108 108 0 2 10
a 1109 996 0 28 1
a 1109 1975 0 49 1
a 1110 1459 0 28 6
a 1110 297 0 22 1
a 1111 302 0 28 1
a 1111 1756 0 40 7
a 1112 1131 0 28 5
a 1112 559 0 7 3
a 1113 1848 0 28 8
a 1113 1407 0 10 4
a 1116 1922 0 28 9
a 1116 208 0 20 2
a 1118 1056 0 28 5
a 1118 549 0 35 1
a 1121 1262 0 28 3
a 1121 1372 0 23 1
a 1127 365 0 28 6
a 1127 263 0 25 5
a 1128 1602 0 28 5
a 1128 1554 0 9 2
a 1129 700 0 28 9
a 1129 620 0 41 2
a 1130 527 0 28 2
a 1130 1556 0 12 6
a 1131 726 0 28 2
a 1131 529 0 26 6
a 1132 1472 0 28 2
a 1132 262 0 33 3
a 1135 537 0 28 9
a 1135 723 0 8 7
a 1140 535 0 28 9
a 1140 1559 0 25 7
a 1144 1879 0 28 8
a 1144 1999 0 28 8
a 1147 695 0 28 3
a 1147 1293 0 17 9
a 1148 1509 0 28 2
a 1148 479 0 39 9
a 1153 309 0 28 5
a 1153 776 0 5 5
a 1158 1001 0 28 1
a 1158 1520 0 36 1
a 1162 819 0 28 4
a 1162 246 0 19 8
a 1163 1713 0 28 9
a 1163 1577 0 2 4
a 1164 1933 0 28 1
a 1164 1064 0 22 10
a 1167 629 0 28 7
a 1167 1376 0 15 1
a 1169 1229 0 28 9
a 1169 775 0 22 10
a 1170 1810 0 28 10
a 1170 1969 0 43 3
a 1171 540 0 28 2
a 1171 72 0 49 4
a 1172 775 0 28 1
a 1172 82 0 36 2
a 1179 1127 0 28 1
a 1179 1014 0 47 10
a 1180 1433 0 28 6
a 1180 1409 0 0 5
a 1181 1390 0 28 7
a 1181 1149 0 35 10
a 1184 969 0 28 8
a 1184 1913 0 7 10
a 1185 592 0 28 4
a 1185 8 0 35 5
a 1187 1817 0 28 9
a 1187 1989 0 46 8
a 1188 801 0 28 3
a 1188 718 0 11 10
a 1189 379 0 28 4
a 1189 356 0 9 10
a 1191 901 0 28 2
a 1191 1790 0 20 1
a 1197 942 0 28 2
a 1197 761 0 22 9
a 1200 719 0 28 9
a 1200 1034 0 28 5
a 1201 805 0 28 10
a 1201 621 0 0 2
a 1203 690 0 28 6
a 1203 924 0 24 1
a 1204 1958 0 28 6
a 1204 956 0 6 4
a 1205 461 0 28 9
a 1205 16 0 25 9
a 1206 387 0 28 4
a 1206 120 0 49 10
a 1208 1888 0 28 9
a 1208 149 0 46 7
a 1213 1431 0 28 6
a 1213 426 0 12 2
a 1214 181 0 28 4
a 1214 409 0 30 1
a 1215 1613 0 28 3
a 1215 676 0 1 5
a 1216 1094 0 28 4
a 1216 262 0 18 10
a 1220 299 0 28 1
a 1220 1268 0 22 8
a 1222 1204 0 28 3
a 1222 1447 0 34 1
a 1224 848 0 28 9
a 1224 532 0 14 4
a 1226 1668 0 28 2
a 1226 1871 0 42 7
a 1228 215 0 28 8
a 1228 1532 0 18 8
a 1229 858 0 28 7
a 1229 484 0 16 6
a 1231 120 0 28 9
a 1231 1313 0 38 3
a 1233 203 0 28 2
a 1233 343 0 4 10
a 1234 666 0 28 4
a 1234 343 0 38 4
a 1235 154 0 28 3
a 1235 1851 0 14 10
a 1236 699 0 28 9
a 1236 1210 0 50 8
a 1240 307 0 28 6
a 1240 868 0 49 10
a 1243 634 0 28 9
a 1243 982 0 8 7
a 1244 1724 0 28 5
a 1244 1188 0 20 9
a 1248 137 0 28 3
a 1248 903 0 45 8
a 1250 129 0 28 6
a 1250 936 0 25 6
a 1252 464 0 28 10
a 1252 1757 0 33 3
a 1256 1802 0 28 1
a 1256 1389 0 34 9
a 1260 706 0 28 1
a 1260 491 0 31 9
a 1262 1363 0 28 3
a 1262 159 0 16 8
a 1266 528 0 28 6
a 1266 1668 0 17 1
a 1267 753 0 28 6
a 1267 1583 0 32 4
a 1269 1517 0 28 2
a 1269 1277 0 0 7
a 1275 1077 0 28 2
a 1275 327 0 7 1
a 1276 70 0 28 6
a 1276 1562 0 41 10
a 1282 1579 0 28 2
a 1282 1570 0 18 1
a 1283 152 0 28 6
a 1283 1722 0 28 8
a 1285 756 0 28 2
a 1285 141 0 0 1
a 1287 987 0 28 7
a 1287 1576 0 45 5
a 1288 735 0 28 3
a 1288 207 0 22 6
a 1292 1746 0 28 3
a 1292 275 0 2 8
a 1299 1303 0 28 3
a 1299 488 0 29 1
a 1300 1475 0 28 9
a 1300 396 0 36 9
a 1301 1676 0 28 1
a 1301 625 0 48 9
a 1303 1292 0 28 6
a 1303 811 0 10 1
a 1305 466 0 28 7
a 1305 595 0 20 9
a 1309 978 0 28 4
a 1309 767 0 32 7
a 1314 1836 0 28 2
a 1314 1999 0 16 4
a 1321 99 0 28 5
a 1321 1962 0 2 7
a 1323 435 0 28 8
a 1323 1540 0 32 8
a 1324 643 0 28 9
a 1324 626 0 26 10
a 1325 814 0 28 10
a 1325 58 0 24 5
a 1326 964 0 28 2
a 1326 1332 0 44 9
a 1328 341 0 28 6
a 1328 226 0 3 1
a 1329 1170 0 28 5
a 1329 211 0 22 7
a 1330 1520 0 28 8
a 1330 1349 0 37 6
a 1331 1499 0 28 7
a 1331 681 0 23 7
a 1334 1963 0 28 1
a 1334 560 0 21 4
a 1336 1129 0 28 9
a 1336 505 0 48 4
a 1337 475 0 28 7
a 1337 51 0 32 6
a 1338 1993 0 28 2
a 1338 1416 0 46 4
a 1340 573 0 28 8
a 1340 479 0 19 8
a 1341 1718 0 28 3
a 1341 373 0 24 2
a 1342 1571 0 28 3
a 1342 792 0 36 1
a 1343 334 0 28 10
a 1343 1979 0 26 1
a 1344 682 0 28 3
a 1344 630 0 10 4
a 1345 1561 0 28 10
a 1345 842 0 50 10
a 1346 284 0 28 9
a 1346 74 0 42 6
a 1349 1759 0 28 8
a 1349 900 0 40 2
a 1352 1934 0 28 4
a 1352 1128 0 16 5
a 1358 1651 0 28 1
a 1358 548 0 4 1
a 1361 1661 0 28 5
a 1361 1191 0 11 10
a 1363 79 0 28 8
a 1363 216 0 26 1
a 1364 316 0 28 9
a 1364 1714 0 15 2
a 1365 1921 0 28 1
a 1365 1291 0 34 10
a 1367 1158 0 28 2
a 1367 85 0 11 9
a 1369 132 0 28 8
a 1369 604 0 0 1
a 1370 1970 0 28 6
a 1370 1178 0 9 9
a 1371 770 0 28 6
a 1371 1838 0 21 9
a 1374 1969 0 28 8
a 1374 846 0 12 8
a 1375 71 0 28 8
a 1375 482 0 5 8
a 1376 664 0 28 10
a 1376 1451 0 27 3
a 1377 1620 0 28 6
a 1377 770 0 9 7
a 1379 1367 0 28 6
a 1379 1551 0 36 8
a 1380 74 0 28 2
a 1380 1942 0 36 9
a 1381 717 0 28 1
a 1381 1310 0 33 3
a 1382 98 0 28 7
a 1382 1795 0 35 4
a 1390 1830 0 28 1
a 1390 1995 0 3 7
a 1396 1010 0 28 6
a 1396 633 0 39 6
a 1399 168 0 28 8
a 1399 1044 0 39 3
a 1401 1697 0 28 6
a 1401 402 0 22 7
a 1402 196 0 28 1
a 1402 671 0 37 4
a 1403 871 0 28 3
a 1403 1777 0 21 9
a 1404 1299 0 28 1
a 1404 245 0 23 7
a 1407 1343 0 28 6
a 1407 573 0 3 5
a 1409 856 0 28 5
a 1409 1882 0 4 9
a 1411 1282 0 28 10
a 1411 214 0 29 5
a 1414 1109 0 28 4
a 1414 408 0 27 5
a 1416 616 0 28 1
a 1416 462 0 36 3
a 1418 397 0 28 8
a 1418 1234 0 41 2
a 1424 957 0 28 3
a 1424 1022 0 2 1
a 1427 544 0 28 10
a 1427 574 0 47 10
a 1431 1416 0 28 6
a 1431 1532 0 5 9
a 1433 843 0 28 7
a 1433 438 0 50 4
a 1436 1961 0 28 2
a 1436 465 0 40 3
a 1441 1401 0 28 3
a 1441 668 0 19 9
a 1443 423 0 28 3
a 1443 474 0 23 7
a 1445 1736 0 28 6
a 1445 1297 0 43 5
a 1446 317 0 28 3
a 1446 1451 0 10 4
a 1447 1547 0 28 1
a 1447 1579 0 46 6
a 1448 1709 0 28 6
a 1448 1606 0 7 8
a 1450 133 0 28 3
a 1450 251 0 46 3
a 1453 50 0 28 1
a 1453 356 0 0 4
a 1459 1695 0 28 1
a 1459 92 0 9 8
a 1461 17 0 28 6
a 1461 1602 0 38 8
a 1467 139 0 28 10
a 1467 1059 0 39 5
a 1469 1032 0 28 1
a 1469 1697 0 5 5
a 1470 1039 0 28 5
a 1470 1925 0 15 8
a 1472 1638 0 28 8
a 1472 687 0 9 9
a 1473 1474 0 28 6
a 1473 772 0 18 10
a 1474 1874 0 28 9
a 1474 574 0 11 5
a 1475 1820 0 28 6
a 1475 1023 0 20 4
a 1479 49 0 28 6
a 1479 1425 0 19 5
a 1480 324 0 28 8
a 1480 1336 0 48 8
a 1482 1926 0 28 3
a 1482 713 0 33 9
a 1485 1287 0 28 9
a 1485 1547 0 42 8
a 1491 581 0 28 8
a 1491 474 0 40 1
a 1493 1380 0 28 6
a 1493 223 0 41 8
a 1494 1917 0 28 2
a 1494 646 0 14 2
a 1495 1550 0 28 8
a 1495 1962 0 11 5
a 1498 806 0 28 9
a 1498 313 0 34 8
a 1499 298 0 28 7
a 1499 771 0 22 5
a 1500 419 0 28 2
a 1500 1732 0 0 3
a 1501 1448 0 28 4
a 1501 200 0 30 3
a 1503 434 0 28 1
a 1503 1683 0 45 1
a 1504 917 0 28 5
a 1504 641 0 40 4
a 1506 1305 0 28 10
a 1506 1946 0 31 4
a 1509 1769 0 28 1
a 1509 563 0 39 8
a 1510 368 0 28 9
a 1510 1409 0 49 4
a 1512 1026 0 28 4
a 1512 1099 0 0 1
a 1515 300 0 28 3
a 1515 1847 0 29 9
a 1517 1228 0 28 7
a 1517 659 0 1 6
a 1518 332 0 28 9
a 1518 92 0 35 8
a 1520 1171 0 28 10
a 1520 924 0 47 5
a 1524 1018 0 28 3
a 1524 1516 0 30 7
a 1525 1097 0 28 10
a 1525 775 0 7 2
a 1528 157 0 28 6
a 1528 647 0 20 1
a 1529 904 0 28 6
a 1529 41 0 22 10
a 1531 524 0 28 7
a 1531 409 0 7 1
a 1537 116 0 28 6
a 1537 1210 0 22 6
a 1541 1869 0 28 10
a 1541 790 0 4 5
a 1542 754 0 28 10
a 1542 1264 0 8 6
a 1543 1269 0 28 10
a 1543 1305 0 36 6
a 1545 308 0 28 6
a 1545 1092 0 48 5
a 1547 1498 0 28 10
a 1547 1592 0 16 8
a 1549 155 0 28 10
a 1549 1039 0 16 8
a 1550 1042 0 28 7
a 1550 1451 0 10 6
a 1555 103 0 28 10
a 1555 9 0 48 7
a 1557 1659 0 28 9
a 1557 476 0 35 4
a 1558 160 0 28 9
a 1558 956 0 11 5
a 1560 1180 0 28 4
a 1560 1362 0 44 1
a 1561 1789 0 28 4
a 1561 342 0 33 1
a 1564 1557 0 28 4
a 1564 1329 0 15 7
a 1565 1866 0 28 1
a 1565 1864 0 8 8
a 1569 477 0 28 9
a 1569 1687 0 49 1
a 1570 1011 0 28 7
a 1570 717 0 10 9
a 1571 134 0 28 3
a 1571 396 0 3 2
a 1573 742 0 28 7
a 1573 889 0 44 6
a 1574 745 0 28 1
a 1574 784 0 38 9
a 1575 388 0 28 7
a 1575 1589 0 28 8
a 1576 1179 0 28 3
a 1576 730 0 39 10
a 1577 1345 0 28 2
a 1577 343 0 35 4
a 1578 1760 0 28 5
a 1578 653 0 0 5
a 1579 669 0 28 7
a 1579 19 0 10 2
a 1580 1461 0 28 10
a 1580 906 0 18 5
a 1582 437 0 28 7
a 1582 974 0 45 2
a 1583 1201 0 28 4
a 1583 1353 0 48 2
a 1585 1752 0 28 3
a 1585 445 0 39 1
a 1586 636 0 28 3
a 1586 1990 0 24 1
a 1587 441 0 28 1
a 1587 87 0 22 2
a 1588 516 0 28 7
a 1588 1856 0 25 4
a 1591 1443 0 28 1
a 1591 51 0 11 7
a 1592 1580 0 28 7
a 1592 1929 0 24 10
a 1593 1884 0 28 10
a 1593 625 0 39 2
a 1596 143 0 28 8
a 1596 925 0 34 2
a 1597 336 0 28 1
a 1597 52 0 32 7
a 1598 186 0 28 10
a 1598 1480 0 9 7
a 1601 224 0 28 4
a 1601 576 0 34 8
a 1602 1243 0 28 1
a 1602 745 0 3 10
a 1605 180 0 28 8
a 1605 1036 0 30 2
a 1611 936 0 28 6
a 1611 1870 0 1 1
a 1613 767 0 28 1
a 1613 583 0 23 9
a 1614 370 0 28 6
a 1614 36 0 14 6
a 1618 683 0 28 2
a 1618 714 0 42 7
a 1620 963 0 28 3
a 1620 1889 0 17 3
a 1622 1153 0 28 4
a 1622 1107 0 46 6
a 1624 630 0 28 1
a 1624 1982 0 41 3
a 1627 1374 0 28 8
a 1627 52 0 39 3
a 1628 3 0 28 8
a 1628 1613 0 46 9
a 1631 1436 0 28 1
a 1631 943 0 16 2
a 1632 76 0 28 4
a 1632 1059 0 47 5
a 1634 417 0 28 5
a 1634 291 0 41 8
a 1635 297 0 28 1
a 1635 832 0 4 9
a 1637 777 0 28 8
a 1637 87 0 29 7
a 1638 687 0 28 10
a 1638 1037 0 12 9
a 1640 1473 0 28 5
a 1640 99 0 19 4
a 1643 1832 0 28 2
a 1643 198 0 3 8
a 1645 1418 0 28 3
a 1645 1926 0 22 9
a 1646 1694 0 28 8
a 1646 1095 0 41 4
a 1647 1340 0 28 3
a 1647 1853 0 30 9
a 1651 973 0 28 5
a 1651 572 0 46 3
a 1652 251 0 28 7
a 1652 241 0 33 3
a 1655 1549 0 28 2
a 1655 396 0 38 8
a 1657 1821 0 28 6
a 1657 450 0 5 2
a 1658 965 0 28 4
a 1658 771 0 11 7
a 1659 855 0 28 4
a 1659 490 0 21 5
a 1661 1121 0 28 6
a 1661 1301 0 37 9
a 1664 839 0 28 5
a 1664 1549 0 20 9
a 1666 1235 0 28 5
a 1666 1496 0 6 5
a 1667 950 0 28 3
a 1667 980 0 6 3
a 1668 715 0 28 8
a 1668 1523 0 49 7
a 1672 857 0 28 3
a 1672 914 0 26 9
a 1673 183 0 28 6
a 1673 1275 0 18 5
a 1675 1189 0 28 4
a 1675 213 0 32 1
a 1676 239 0 28 5
a 1676 1296 0 26 8
a 1682 568 0 28 1
a 1682 904 0 8 5
a 1685 404 0 28 4
a 1685 812 0 41 4
a 1687 1583 0 28 6
a 1687 1033 0 39 10
a 1688 1441 0 28 3
a 1688 1727 0 8 9
a 1694 1786 0 28 10
a 1694 1836 0 31 4
a 1695 1614 0 28 1
a 1695 227 0 18 10
a 1696 21 0 28 1
a 1696 1133 0 17 6
a 1697 791 0 28 4
a 1697 486 0 12 1
a 1699 800 0 28 10
a 1699 290 0 2 2
a 1703 1088 0 28 10
a 1703 1668 0 5 4
a 1704 248 0 28 4
a 1704 1975 0 46 1
a 1709 716 0 28 1
a 1709 747 0 24 1
a 1710 1184 0 28 7
a 1710 155 0 38 4
a 1711 1167 0 28 8
a 1711 1540 0 22 7
a 1712 905 0 28 7
a 1712 1616 0 22 7
a 1713 1960 0 28 6
a 1713 1762 0 48 9
a 1716 1980 0 28 6
a 1716 813 0 39 6
a 1718 1525 0 28 6
a 1718 1776 0 39 3
a 1719 1074 0 28 5
a 1719 1602 0 6 4
a 1720 270 0 28 4
a 1720 1654 0 21 2
a 1722 1021 0 28 10
a 1722 1462 0 31 5
a 1724 884 0 28 2
a 1724 1088 0 34 4
a 1733 228 0 28 3
a 1733 1267 0 45 5
a 1736 1672 0 28 9
a 1736 356 0 45 4
a 1738 730 0 28 5
a 1738 1123 0 39 6
a 1740 1795 0 28 1
a 1740 82 0 9 10
a 1741 1424 0 28 4
a 1741 1971 0 45 2
a 1742 657 0 28 3
a 1742 909 0 41 10
a 1744 1044 0 28 5
a 1744 1089 0 21 2
a 1746 8 0 28 5
a 1746 719 0 7 4
a 1749 1361 0 28 10
a 1749 729 0 1 7
a 1750 1329 0 28 1
a 1750 688 0 22 7
a 1752 1545 0 28 3
a 1752 1641 0 30 5
a 1754 83 0 28 9
a 1754 661 0 7 10
a 1755 1854 0 28 2
a 1755 1920 0 30 7
a 1759 1208 0 28 4
a 1759 149 0 50 3
a 1760 810 0 28 6
a 1760 1549 0 20 7
a 1762 1951 0 28 10
a 1762 741 0 3 6
a 1763 787 0 28 3
a 1763 1431 0 10 4
a 1765 1687 0 28 5
a 1765 935 0 11 8
a 1766 412 0 28 2
a 1766 399 0 30 5
a 1768 483 0 28 1
a 1768 210 0 3 2
a 1769 1103 0 28 5
a 1769 403 0 37 6
a 1781 57 0 28 4
a 1781 1546 0 42 6
a 1782 440 0 28 3
a 1782 1241 0 36 1
a 1786 1485 0 28 5
a 1786 1673 0 48 5
a 1788 860 0 28 10
a 1788 731 0 16 10
a 1789 1110 0 28 4
a 1789 787 0 37 9
a 1790 1835 0 28 10
a 1790 12 0 4 8
a 1792 1148 0 28 4
a 1792 1513 0 33 3
a 1795 402 0 28 10
a 1795 1658 0 31 9
a 1797 1349 0 28 10
a 1797 1865 0 46 10
a 1802 911 0 28 3
a 1802 1314 0 13 5
a 1804 854 0 28 1
a 1804 555 0 22 7
a 1806 566 0 28 4
a 1806 873 0 27 6
a 1808 667 0 28 3
a 1808 909 0 44 6
a 1810 85 0 28 9
a 1810 1519 0 25 2
a 1811 66 0 28 3
a 1811 1267 0 15 10
a 1812 425 0 28 9
a 1812 1865 0 26 1
a 1813 1988 0 28 5
a 1813 1522 0 46 4
a 1817 164 0 28 9
a 1817 1687 0 8 10
a 1818 526 0 28 8
a 1818 1255 0 5 2
a 1819 565 0 28 8
a 1819 1382 0 49 7
a 1820 356 0 28 8
a 1820 1558 0 16 5
a 1821 323 0 28 2
a 1821 837 0 19 9
a 1826 1467 0 28 4
a 1826 689 0 3 8
a 1827 633 0 28 10
a 1827 400 0 27 3
a 1830 328 0 28 6
a 1830 212 0 44 4
a 1831 920 0 28 9
a 1831 1272 0 41 8
a 1832 463 0 28 5
a 1832 288 0 27 1
a 1833 852 0 28 7
a 1833 330 0 3 8
a 1835 227 0 28 5
a 1835 874 0 28 2
a 1836 1038 0 28 10
a 1836 913 0 36 6
a 1837 1864 0 28 2
a 1837 447 0 20 3
a 1839 1710 0 28 7
a 1839 760 0 10 1
a 1843 383 0 28 9
a 1843 1665 0 31 9
a 1848 1065 0 28 8
a 1848 385 0 47 5
a 1852 161 0 28 3
a 1852 1522 0 8 8
a 1854 43 0 28 2
a 1854 171 0 21 5
a 1855 1185 0 28 2
a 1855 1009 0 1 3
a 1857 670 0 28 10
a 1857 599 0 36 6
a 1858 1529 0 28 5
a 1858 1055 0 18 3
a 1859 608 0 28 8
a 1859 1217 0 43 3
a 1860 92 0 28 6
a 1860 87 0 47 4
a 1862 507 0 28 6
a 1862 523 0 16 1
a 1863 1222 0 28 6
a 1863 1333 0 38 1
a 1864 1510 0 28 3
a 1864 1896 0 37 10
a 1865 256 0 28 6
a 1865 406 0 3 3
a 1866 1675 0 28 6
a 1866 243 0 23 7
a 1867 1643 0 28 5
a 1867 713 0 41 1
a 1868 1106 0 28 2
a 1868 762 0 5 1
a 1869 552 0 28 7
a 1869 269 0 27 4
a 1870 1240 0 28 8
a 1870 989 0 11 5
a 1873 163 0 28 3
a 1873 1380 0 48 10
a 1874 1236 0 28 3
a 1874 1074 0 35 9
a 1879 1640 0 28 4
a 1879 137 0 27 2
a 1880 1518 0 28 5
a 1880 1176 0 18 10
a 1883 1657 0 28 1
a 1883 403 0 2 1
a 1884 147 0 28 2
a 1884 1458 0 13 10
a 1885 1935 0 28 5
a 1885 582 0 11 1
a 1888 1414 0 28 7
a 1888 357 0 47 6
a 1891 673 0 28 4
a 1891 1952 0 2 1
a 1892 798 0 28 7
a 1892 820 0 17 9
a 1894 1399 0 28 7
a 1894 325 0 12 9
a 1898 115 0 28 5
a 1898 509 0 15 1
a 1899 603 0 28 3
a 1899 1174 0 41 1
a 1903 1570 0 28 6
a 1903 1206 0 24 4
a 1904 416 0 28 9
a 1904 1655 0 42 4
a 1906 748 0 28 5
a 1906 556 0 24 1
a 1907 46 0 28 10
a 1907 1335 0 29 6
a 1909 1973 0 28 8
a 1909 145 0 49 3
a 1910 1682 0 28 8
a 1910 281 0 34 2
a 1912 1500 0 28 7
a 1912 1163 0 15 7
a 1916 711 0 28 7
a 1916 1618 0 4 6
a 1917 410 0 28 2
a 1917 1810 0 28 7
a 1921 935 0 28 3
a 1921 848 0 39 7
a 1922 373 0 28 10
a 1922 178 0 3 1
a 1926 1948 0 28 7
a 1926 1524 0 18 10
a 1927 1569 0 28 2
a 1927 1653 0 26 2
a 1933 5 0 28 10
a 1933 944 0 42 1
a 1934 587 0 28 1
a 1934 557 0 43 6
a 1935 825 0 28 3
a 1935 1328 0 31 7
a 1936 453 0 28 4
a 1936 106 0 26 4
a 1939 1564 0 28 1
a 1939 142 0 30 5
a 1941 41 0 28 5
a 1941 238 0 36 9
a 1945 86 0 28 6
a 1945 444 0 48 4
a 1947 1501 0 28 4
a 1947 642 0 5 9
a 1948 1804 0 28 8
a 1948 1364 0 49 8
a 1950 1447 0 28 3
a 1950 119 0 46 1
a 1951 1712 0 28 7
a 1951 1472 0 41 1
a 1952 543 0 28 3
a 1952 186 0 14 2
a 1955 1113 0 28 8
a 1955 33 0 13 3
a 1958 1818 0 28 2
a 1958 1319 0 9 5
a 1960 367 0 28 8
a 1960 1711 0 15 9
a 1961 1741 0 28 2
a 1961 1725 0 21 2
a 1963 988 0 28 2
a 1963 1661 0 21 7
a 1965 34 0 28 8
a 1965 399 0 3 4
a 1967 1870 0 28 6
a 1967 886 0 30 9
a 1968 530 0 28 3
a 1968 509 0 5 7
a 1969 962 0 28 6
a 1969 1748 0 43 4
a 1970 1128 0 28 10
a 1970 276 0 8 9
a 1971 40 0 28 4
a 1971 1492 0 0 6
a 1973 1188 0 28 1
a 1973 1899 0 1 3
a 1978 65 0 28 8
a 1978 1306 0 0 7
a 1980 523 0 28 2
a 1980 1552 0 33 7
a 1982 1857 0 28 2
a 1982 1993 0 25 2
a 1984 885 0 28 9
a 1984 1487 0 22 5
a 1988 937 0 28 10
a 1988 176 0 49 4
a 1990 1673 0 28 10
a 1990 995 0 6 4
a 1991 1118 0 28 9
a 1991 405 0 42 8
a 1992 1811 0 28 3
a 1992 518 0 37 2
a 1993 1719 0 28 9
a 1993 1329 0 35 8
a 1995 1376 0 28 2
a 1995 681 0 9 2
a 1998 1116 0 28 1
a 1998 1966 0 26 10
