c PyNETGEN v1.0.0
c $ pip install pynetgen
c
c  NETGEN flow network generation algorithm
c  Problem input parameters
c  -------------------------------------
c   Random seed:          6
c   Number of nodes:      2000
c   Source nodes:         2
c   Sink nodes:           2
c   Number of arcs:       4000
c   Minimum arc cost:     1
c   Maximum arc cost:     10
c   Total supply:         50
c   Transshipment -
c     Sources:            0
c     Sinks:              0
c   Skeleton arcs -
c     With max cost:      0
c     Capacitated:        100
c   Minimum arc capacity: 0
c   Maximum arc capacity: 50
c
c  *** Minimum cost flow ***
c
p min 2000 4000
n 1 49
n 2 1
n 1999 -25
n 2000 -25
a 1 256 0 49 1
a 1 1599 0 13 9
a 3 673 0 49 10
a 3 1930 0 37 10
a 7 1738 0 49 7
a 7 1862 0 11 4
a 9 175 0 49 9
a 9 1613 0 16 9
a 10 592 0 49 3
a 10 1943 0 47 10
a 10 438 0 23 2
a 14 293 0 49 3
a 14 972 0 23 1
a 15 1310 0 49 8
a 15 1311 0 12 4
a 15 1539 0 28 10
a 17 1184 0 49 10
a 17 1578 0 21 2
a 18 187 0 49 10
a 18 1234 0 19 6
a 19 52 0 49 5
a 19 310 0 49 2
a 20 763 0 49 2
a 20 1248 0 36 2
a 22 683 0 49 4
a 22 1405 0 5 5
a 22 1729 0 20 5
a 23 831 0 49 1
a 23 11 0 9 2
a 24 1954 0 49 9
a 24 527 0 37 2
a 24 1598 0 40 10
a 28 1322 0 49 7
a 28 83 0 5 1
a 36 1966 0 49 9
a 36 739 0 23 1
a 37 1217 0 49 3
a 37 837 0 26 5
a 38 837 0 49 2
a 38 393 0 30 4
a 39 1695 0 49 4
a 39 1308 0 18 9
a 40 430 0 49 6
a 40 1256 0 20 4
a 46 1408 0 49 1
a 46 1442 0 36 6
a 51 1645 0 49 6
a 51 1919 0 21 7
a 52 1964 0 49 5
a 52 670 0 13 6
a 54 1906 0 49 9
a 54 1355 0 45 3
a 55 760 0 49 2
a 55 149 0 4 3
a 58 557 0 49 8
a 58 856 0 29 2
a 60 467 0 49 5
a 60 498 0 7 4
a 61 1286 0 49 10
a 61 889 0 28 6
a 64 1205 0 49 7
a 64 1687 0 16 9
a 65 1152 0 49 10
a 65 1302 0 16 9
a 66 924 0 49 8
a 66 424 0 40 3
a 68 1977 0 49 6
a 68 72 0 6 6
a 69 1486 0 49 9
a 69 1879 0 25 3
a 71 399 0 49 8
a 71 846 0 23 4
a 74 1860 0 49 4
a 74 793 0 45 7
a 76 429 0 49 8
a 76 978 0 21 6
a 77 1887 0 49 9
a 77 1810 0 24 3
a 81 987 0 49 3
a 81 389 0 1 5
a 82 905 0 49 9
a 82 799 0 24 1
a 84 1493 0 49 5
a 84 844 0 24 5
a 85 1139 0 49 4
a 85 511 0 34 1
a 86 1551 0 49 4
a 86 846 0 40 4
a 91 854 0 49 8
a 91 1298 0 13 10
a 92 301 0 49 7
a 92 1224 0 14 8
a 94 244 0 49 4
a 94 1576 0 18 7
a 97 1438 0 49 1
a 97 1295 0 42 6
a 100 58 0 49 2
a 100 357 0 13 2
a 101 1998 0 49 6
a 101 104 0 42 4
a 104 1167 0 49 9
a 104 1644 0 1 2
a 108 332 0 49 1
a 108 1618 0 30 3
a 112 196 0 49 4
a 112 748 0 33 7
a 113 912 0 49 3
a 113 397 0 22 6
a 115 861 0 49 1
a 115 332 0 4 1
a 117 814 0 49 9
a 117 737 0 37 4
a 118 1176 0 49 9
a 118 929 0 50 7
a 121 1003 0 49 9
a 121 1366 0 25 4
a 124 1225 0 49 5
a 124 266 0 48 9
a 127 513 0 49 8
a 127 1665 0 17 3
a 129 37 0 49 1
a 129 1800 0 29 9
a 131 774 0 49 7
a 131 508 0 22 6
a 132 419 0 49 4
a 132 692 0 7 8
a 133 1814 0 49 8
a 133 1301 0 32 7
a 134 747 0 49 7
a 134 1411 0 24 2
a 135 788 0 49 2
a 135 956 0 15 5
a 139 391 0 49 6
a 139 1257 0 26 7
a 140 1130 0 49 9
a 140 1271 0 19 1
a 141 1606 0 49 3
a 141 1816 0 3 10
a 142 1439 0 49 5
a 142 1092 0 4 6
a 143 1191 0 49 9
a 143 220 0 30 4
a 144 764 0 49 1
a 144 412 0 31 7
a 146 1331 0 49 8
a 146 359 0 28 3
a 150 835 0 49 7
a 150 1639 0 29 4
a 152 431 0 49 4
a 152 1269 0 2 1
a 153 572 0 49 6
a 153 1782 0 23 10
a 155 1530 0 49 9
a 155 824 0 47 10
a 156 269 0 49 8
a 156 865 0 28 2
a 158 1989 0 49 7
a 158 379 0 39 5
a 160 1369 0 49 10
a 160 1379 0 8 9
a 161 1103 0 49 6
a 161 1278 0 26 10
a 162 858 0 49 3
a 162 1396 0 21 3
a 163 807 0 49 9
a 163 838 0 5 4
a 168 210 0 49 2
a 168 266 0 6 6
a 169 289 0 49 6
a 169 1235 0 46 9
a 175 1630 0 49 5
a 175 1884 0 2 2
a 178 1807 0 49 10
a 178 1624 0 49 7
a 179 1077 0 49 5
a 179 1200 0 31 2
a 180 977 0 49 4
a 180 1503 0 8 1
a 181 178 0 49 7
a 181 1110 0 35 10
a 183 1067 0 49 8
a 183 787 0 21 7
a 184 1621 0 49 1
a 184 137 0 50 1
a 185 453 0 49 9
a 185 362 0 6 7
a 186 890 0 49 8
a 186 763 0 27 8
a 187 902 0 49 1
a 187 869 0 31 6
a 189 1328 0 49 7
a 189 1018 0 45 10
a 193 163 0 49 4
a 193 90 0 6 6
a 196 1318 0 49 7
a 196 1606 0 16 6
a 198 1589 0 49 1
a 198 975 0 18 7
a 202 220 0 49 4
a 202 1721 0 8 4
a 203 1479 0 49 3
a 203 25 0 43 4
a 204 756 0 49 3
a 204 1028 0 22 10
a 208 1312 0 49 1
a 208 976 0 34 5
a 209 213 0 49 9
a 209 555 0 45 3
a 210 692 0 49 7
a 210 1331 0 40 7
a 212 1332 0 49 10
a 212 923 0 47 4
a 213 668 0 49 1
a 213 1696 0 10 3
a 215 36 0 49 7
a 215 1515 0 39 6
a 220 416 0 49 8
a 220 770 0 45 9
a 223 1690 0 49 9
a 223 1213 0 27 7
a 228 426 0 49 8
a 228 66 0 13 8
a 229 755 0 49 3
a 229 1218 0 42 7
a 230 1941 0 49 9
a 230 1563 0 46 5
a 231 1454 0 49 3
a 231 1604 0 43 10
a 232 146 0 49 7
a 232 1243 0 11 10
a 233 1413 0 49 4
a 233 1191 0 29 2
a 235 1132 0 49 7
a 235 345 0 4 6
a 237 686 0 49 2
a 237 1308 0 11 3
a 238 1220 0 49 6
a 238 672 0 25 10
a 240 19 0 49 6
a 240 1722 0 35 8
a 242 406 0 49 4
a 242 18 0 36 5
a 244 598 0 49 6
a 244 1380 0 33 10
a 245 352 0 49 2
a 245 1117 0 13 4
a 246 1304 0 49 6
a 246 493 0 0 7
a 249 1545 0 49 8
a 249 497 0 42 9
a 250 693 0 49 9
a 250 1719 0 14 4
a 251 1133 0 49 2
a 251 1636 0 29 9
a 254 713 0 49 1
a 254 815 0 12 1
a 255 1051 0 49 2
a 255 190 0 23 7
a 256 1611 0 49 7
a 256 375 0 14 6
a 258 964 0 49 8
a 258 1987 0 2 6
a 259 1478 0 49 3
a 259 1754 0 0 7
a 260 761 0 49 2
a 260 399 0 13 9
a 263 461 0 49 9
a 263 1933 0 12 3
a 264 563 0 49 2
a 264 1589 0 43 10
a 268 1008 0 49 6
a 268 502 0 17 4
a 269 249 0 49 4
a 269 1299 0 3 8
a 274 383 0 49 8
a 274 466 0 40 4
a 276 1370 0 49 2
a 276 765 0 32 3
a 279 55 0 49 4
a 279 1602 0 21 7
a 282 1240 0 49 5
a 282 1079 0 20 9
a 286 1342 0 49 1
a 286 7 0 33 5
a 287 574 0 49 6
a 287 1731 0 31 5
a 289 1599 0 49 2
a 289 708 0 22 9
a 292 1090 0 49 9
a 292 1265 0 32 9
a 293 1625 0 49 10
a 293 1609 0 38 2
a 294 908 0 49 8
a 294 365 0 2 9
a 296 282 0 49 9
a 296 180 0 25 3
a 299 1368 0 49 4
a 299 364 0 35 7
a 300 230 0 49 9
a 300 1093 0 3 9
a 301 1662 0 49 7
a 301 796 0 32 6
a 302 1813 0 49 8
a 302 1487 0 17 9
a 303 286 0 49 3
a 303 1085 0 13 9
a 304 1204 0 49 10
a 304 1559 0 44 3
a 305 46 0 49 5
a 305 1034 0 28 4
a 307 602 0 49 3
a 307 688 0 25 8
a 309 791 0 49 9
a 309 481 0 47 3
a 310 1847 0 49 7
a 310 758 0 35 3
a 311 1572 0 49 6
a 311 1208 0 41 3
a 312 559 0 49 6
a 312 486 0 35 5
a 313 1844 0 49 10
a 313 583 0 27 1
a 315 312 0 49 1
a 315 1916 0 24 5
a 316 468 0 49 10
a 316 318 0 50 1
a 317 546 0 49 3
a 317 1959 0 27 8
a 321 1967 0 49 10
a 321 336 0 45 4
a 323 1745 0 49 7
a 323 1718 0 25 6
a 326 1992 0 49 3
a 326 1657 0 24 6
a 327 851 0 49 5
a 327 1325 0 30 8
a 328 536 0 49 8
a 328 153 0 36 9
a 332 560 0 49 9
a 332 1857 0 21 9
a 333 74 0 49 7
a 333 1505 0 36 8
a 335 1634 0 49 4
a 335 1256 0 38 8
a 336 1272 0 49 1
a 336 1781 0 21 10
a 337 326 0 49 5
a 337 1497 0 7 6
a 338 1343 0 49 3
a 338 636 0 32 8
a 340 511 0 49 8
a 340 187 0 48 8
a 344 933 0 49 3
a 344 1839 0 9 5
a 349 84 0 49 7
a 349 920 0 33 8
a 351 1613 0 49 4
a 351 1306 0 27 2
a 352 1386 0 49 7
a 352 565 0 46 3
a 357 1365 0 49 4
a 357 1795 0 20 7
a 359 255 0 49 7
a 359 452 0 28 7
a 360 1896 0 49 3
a 360 237 0 41 2
a 362 606 0 49 9
a 362 99 0 48 9
a 363 264 0 49 9
a 363 1318 0 40 10
a 364 321 0 49 8
a 364 16 0 50 5
a 367 1098 0 49 2
a 367 160 0 14 4
a 373 1580 0 49 2
a 373 411 0 50 8
a 375 816 0 49 2
a 375 1736 0 0 9
a 378 1229 0 49 3
a 378 613 0 50 2
a 380 1063 0 49 3
a 380 376 0 0 8
a 383 1443 0 49 1
a 383 1594 0 27 9
a 384 947 0 49 7
a 384 1398 0 3 5
a 385 520 0 49 9
a 385 512 0 38 9
a 388 859 0 49 3
a 388 1047 0 14 5
a 390 1364 0 49 5
a 390 1840 0 17 7
a 391 1428 0 49 9
a 391 1122 0 16 1
a 393 1206 0 49 5
a 393 1268 0 14 10
a 395 629 0 49 10
a 395 1558 0 5 6
a 396 1899 0 49 1
a 396 281 0 43 3
a 399 208 0 49 5
a 399 1684 0 5 3
a 402 1879 0 49 4
a 402 1005 0 25 3
a 406 1783 0 49 4
a 406 1387 0 1 3
a 407 1029 0 49 4
a 407 210 0 10 7
a 412 1400 0 49 4
a 412 1314 0 22 1
a 413 841 0 49 3
a 413 1472 0 9 5
a 414 85 0 49 8
a 414 1838 0 27 6
a 415 1963 0 49 9
a 415 1283 0 10 5
a 416 380 0 49 3
a 416 7 0 8 9
a 419 1619 0 49 6
a 419 1433 0 30 7
a 421 473 0 49 6
a 421 1429 0 42 7
a 422 104 0 49 9
a 422 1327 0 19 1
a 423 86 0 49 9
a 423 364 0 5 2
a 424 367 0 49 2
a 424 1081 0 49 1
a 426 1462 0 49 2
a 426 1834 0 33 1
a 429 736 0 49 1
a 429 290 0 21 1
a 430 779 0 49 7
a 430 420 0 2 3
a 431 470 0 49 2
a 431 1819 0 50 5
a 433 3 0 49 10
a 433 360 0 12 9
a 435 1848 0 49 8
a 435 1815 0 46 3
a 436 1577 0 49 10
a 436 3 0 6 9
a 438 493 0 49 10
a 438 1564 0 6 10
a 440 124 0 49 2
a 440 1751 0 42 4
a 443 1410 0 49 5
a 443 1641 0 2 7
a 446 77 0 49 10
a 446 287 0 50 1
a 449 1261 0 49 3
a 449 1769 0 10 5
a 451 581 0 49 10
a 451 1766 0 27 9
a 452 1779 0 49 9
a 452 1203 0 22 6
a 453 1095 0 49 1
a 453 248 0 34 5
a 454 1496 0 49 7
a 454 1652 0 47 8
a 457 915 0 49 4
a 457 859 0 42 2
a 461 373 0 49 1
a 461 1172 0 7 3
a 463 577 0 49 8
a 463 750 0 46 8
a 464 115 0 49 7
a 464 1426 0 37 6
a 465 1199 0 49 6
a 465 135 0 23 6
a 467 853 0 49 2
a 467 254 0 19 9
a 468 651 0 49 2
a 468 1990 0 24 10
a 469 1673 0 49 1
a 469 1385 0 20 8
a 470 533 0 49 2
a 470 508 0 33 10
a 473 1302 0 49 8
a 473 703 0 16 9
a 474 1560 0 49 3
a 474 142 0 8 5
a 477 1135 0 49 5
a 477 1307 0 22 2
a 479 1196 0 49 6
a 479 898 0 30 3
a 481 817 0 49 6
a 481 1256 0 20 5
a 485 1100 0 49 9
a 485 360 0 8 9
a 487 1866 0 49 10
a 487 742 0 20 7
a 488 1193 0 49 8
a 488 1041 0 28 6
a 489 1953 0 49 7
a 489 1506 0 26 2
a 493 488 0 49 9
a 493 1591 0 18 9
a 495 937 0 49 9
a 495 1407 0 0 4
a 496 1686 0 49 2
a 496 1119 0 22 1
a 503 251 0 49 4
a 503 1654 0 32 6
a 508 54 0 49 3
a 508 1650 0 14 8
a 510 1045 0 49 10
a 510 1581 0 15 8
a 511 925 0 49 4
a 511 1738 0 36 5
a 512 1296 0 49 8
a 512 762 0 33 10
a 513 438 0 49 5
a 513 751 0 7 1
a 515 1138 0 49 3
a 515 672 0 10 6
a 516 156 0 49 7
a 516 702 0 21 4
a 517 1784 0 49 4
a 517 1533 0 45 9
a 518 1131 0 49 8
a 518 980 0 34 10
a 520 1456 0 49 6
a 520 1308 0 33 9
a 521 139 0 49 2
a 521 1010 0 21 6
a 522 333 0 49 6
a 522 1131 0 49 3
a 525 1293 0 49 8
a 525 1490 0 15 9
a 529 1269 0 49 2
a 529 328 0 11 4
a 530 1626 0 49 4
a 530 1385 0 21 6
a 531 1716 0 49 4
a 531 1937 0 4 3
a 533 1283 0 49 10
a 533 767 0 38 6
a 536 1360 0 49 7
a 536 715 0 5 1
a 537 1078 0 49 8
a 537 100 0 8 9
a 538 1502 0 49 3
a 538 35 0 21 3
a 539 1265 0 49 2
a 539 10 0 20 8
a 540 240 0 49 3
a 540 246 0 1 9
a 541 1999 0 49 9
a 541 1963 0 49 10
a 543 864 0 49 10
a 543 1806 0 0 10
a 546 803 0 49 10
a 546 888 0 42 3
a 547 1279 0 49 5
a 547 324 0 15 4
a 549 1709 0 49 5
a 549 1844 0 18 4
a 554 1505 0 49 4
a 554 735 0 16 10
a 557 407 0 49 1
a 557 1945 0 37 7
a 558 1918 0 49 10
a 558 1325 0 18 5
a 559 1820 0 49 8
a 559 1639 0 35 10
a 560 479 0 49 8
a 560 747 0 29 10
a 561 349 0 49 6
a 561 203 0 22 1
a 562 1648 0 49 4
a 562 286 0 40 7
a 563 1393 0 49 7
a 563 1001 0 22 7
a 564 246 0 49 7
a 564 570 0 16 7
a 565 1568 0 49 10
a 565 1997 0 8 2
a 567 1025 0 49 7
a 567 379 0 17 10
a 572 997 0 49 8
a 572 1785 0 20 3
a 574 1521 0 49 2
a 574 796 0 21 10
a 576 198 0 49 7
a 576 1776 0 41 1
a 577 1187 0 49 5
a 577 1406 0 0 6
a 579 328 0 49 3
a 579 1550 0 28 8
a 581 1520 0 49 8
a 581 905 0 43 9
a 585 155 0 49 2
a 585 740 0 42 9
a 589 759 0 49 6
a 589 162 0 49 7
a 590 414 0 49 8
a 590 1966 0 40 8
a 592 92 0 49 4
a 592 1716 0 11 3
a 596 926 0 49 9
a 596 466 0 33 9
a 597 1350 0 49 2
a 597 839 0 37 5
a 598 1776 0 49 6
a 598 199 0 43 5
a 599 1740 0 49 10
a 599 1194 0 7 5
a 601 1243 0 49 10
a 601 37 0 38 3
a 602 567 0 49 5
a 602 212 0 27 9
a 605 699 0 49 5
a 605 129 0 10 6
a 606 309 0 49 10
a 606 1267 0 27 7
a 607 1358 0 49 8
a 607 1212 0 38 4
a 609 1287 0 49 9
a 609 1710 0 15 5
a 612 1902 0 49 6
a 612 791 0 19 5
a 613 1068 0 49 10
a 613 188 0 0 8
a 615 274 0 49 5
a 615 1038 0 21 9
a 616 949 0 49 1
a 616 1297 0 23 7
a 619 117 0 49 2
a 619 857 0 46 4
a 620 1944 0 49 1
a 620 1844 0 0 3
a 622 412 0 49 6
a 622 36 0 19 7
a 625 422 0 49 9
a 625 1857 0 29 4
a 627 433 0 49 3
a 627 1547 0 3 6
a 628 287 0 49 6
a 628 907 0 18 8
a 629 1446 0 49 6
a 629 166 0 28 10
a 632 186 0 49 9
a 632 686 0 15 3
a 633 876 0 49 8
a 633 1136 0 33 8
a 638 978 0 49 2
a 638 589 0 24 2
a 639 150 0 49 1
a 639 886 0 40 10
a 651 378 0 49 4
a 651 1551 0 49 2
a 660 202 0 49 1
a 660 1062 0 38 2
a 666 65 0 49 8
a 666 149 0 34 3
a 668 344 0 49 1
a 668 504 0 1 1
a 669 922 0 49 1
a 669 944 0 15 6
a 672 1623 0 49 7
a 672 1392 0 41 8
a 673 184 0 49 9
a 673 127 0 5 3
a 674 1289 0 49 2
a 674 860 0 39 1
a 676 539 0 49 8
a 676 1733 0 4 2
a 678 1106 0 49 9
a 678 816 0 12 6
a 681 565 0 49 6
a 681 1827 0 17 2
a 682 1371 0 49 3
a 682 1984 0 7 4
a 683 1465 0 49 5
a 683 554 0 28 3
a 686 1575 0 49 2
a 686 692 0 17 3
a 688 590 0 49 3
a 688 1065 0 48 6
a 690 474 0 49 6
a 690 803 0 31 2
a 691 1192 0 49 1
a 691 153 0 36 6
a 692 846 0 49 9
a 692 586 0 48 9
a 693 64 0 49 5
a 693 362 0 4 4
a 695 1319 0 49 6
a 695 408 0 35 9
a 697 1683 0 49 5
a 697 75 0 46 9
a 698 540 0 49 9
a 698 1804 0 17 1
a 699 541 0 49 3
a 699 590 0 31 7
a 700 1874 0 49 9
a 700 1772 0 39 10
a 701 1385 0 49 1
a 701 1237 0 9 10
a 703 1667 0 49 2
a 703 1783 0 33 3
a 704 1230 0 49 8
a 704 1353 0 38 10
a 706 100 0 49 4
a 706 1680 0 26 1
a 707 1249 0 49 3
a 707 223 0 44 4
a 713 1320 0 49 10
a 713 847 0 31 4
a 714 1463 0 49 7
a 714 1450 0 12 4
a 716 1854 0 49 1
a 716 1726 0 20 4
a 717 1395 0 49 6
a 717 67 0 25 3
a 722 1911 0 49 2
a 722 1520 0 13 2
a 728 579 0 49 10
a 728 572 0 29 6
a 729 465 0 49 1
a 729 242 0 1 4
a 731 1835 0 49 3
a 731 618 0 4 9
a 732 1689 0 49 10
a 732 565 0 0 3
a 733 168 0 49 9
a 733 376 0 18 8
a 734 121 0 49 4
a 734 1014 0 12 8
a 736 1088 0 49 3
a 736 883 0 33 10
a 737 1777 0 49 4
a 737 1061 0 5 10
a 739 956 0 49 2
a 739 20 0 14 9
a 741 889 0 49 7
a 741 569 0 45 5
a 744 554 0 49 3
a 744 96 0 31 1
a 745 969 0 49 8
a 745 853 0 48 7
a 747 393 0 49 4
a 747 137 0 33 1
a 748 809 0 49 2
a 748 686 0 46 1
a 754 748 0 49 10
a 754 773 0 36 4
a 755 521 0 49 8
a 755 132 0 1 2
a 756 18 0 49 5
a 756 1800 0 3 6
a 759 914 0 49 3
a 759 624 0 7 7
a 760 1940 0 49 6
a 760 1074 0 10 8
a 761 847 0 49 3
a 761 1607 0 23 10
a 762 1076 0 49 9
a 762 338 0 16 3
a 763 1988 0 49 9
a 763 419 0 12 8
a 764 1414 0 49 4
a 764 1129 0 39 2
a 765 1483 0 49 2
a 765 805 0 47 7
a 768 784 0 49 10
a 768 470 0 21 5
a 771 1376 0 49 1
a 771 1725 0 5 1
a 772 531 0 49 10
a 772 960 0 36 7
a 774 1663 0 49 7
a 774 1665 0 47 6
a 775 60 0 49 7
a 775 538 0 37 5
a 776 24 0 49 10
a 776 1374 0 35 1
a 777 1897 0 49 6
a 777 970 0 32 8
a 779 872 0 49 3
a 779 1500 0 7 5
a 780 1544 0 49 9
a 780 1824 0 45 6
a 783 390 0 49 9
a 783 1864 0 13 2
a 784 71 0 49 6
a 784 55 0 36 5
a 788 327 0 49 7
a 788 694 0 25 7
a 791 1770 0 49 6
a 791 1225 0 13 9
a 794 1928 0 49 6
a 794 1276 0 35 6
a 795 238 0 49 3
a 795 456 0 46 3
a 796 1981 0 49 1
a 796 1113 0 14 8
a 798 597 0 49 5
a 798 152 0 7 2
a 799 1010 0 49 5
a 799 1474 0 6 7
a 801 1976 0 49 4
a 801 780 0 12 6
a 803 144 0 49 4
a 803 1905 0 48 1
a 804 953 0 49 3
a 804 940 0 2 7
a 805 1635 0 49 3
a 805 1945 0 38 9
a 806 1111 0 49 6
a 806 252 0 4 9
a 807 1680 0 49 9
a 807 834 0 23 6
a 809 682 0 49 1
a 809 1423 0 43 3
a 812 307 0 49 1
a 812 1823 0 34 8
a 813 1234 0 49 1
a 813 1418 0 6 6
a 814 1194 0 49 10
a 814 357 0 18 7
a 815 996 0 49 8
a 815 1699 0 33 4
a 816 1711 0 49 3
a 816 1660 0 47 3
a 817 1314 0 49 5
a 817 1544 0 43 4
a 818 1867 0 49 2
a 818 1223 0 15 2
a 820 676 0 49 5
a 820 1955 0 44 1
a 823 1629 0 49 1
a 823 950 0 9 3
a 826 1154 0 49 8
a 826 1708 0 11 6
a 827 1934 0 49 8
a 827 1771 0 46 6
a 829 860 0 49 9
a 829 383 0 10 1
a 831 1746 0 49 7
a 831 534 0 48 4
a 835 336 0 49 8
a 835 1261 0 7 6
a 837 1890 0 49 7
a 837 620 0 45 6
a 839 1974 0 49 1
a 839 990 0 24 6
a 841 1121 0 49 10
a 841 593 0 23 3
a 842 1156 0 49 2
a 842 273 0 10 6
a 846 101 0 49 8
a 846 1169 0 36 2
a 847 1598 0 49 8
a 847 535 0 50 5
a 848 616 0 49 4
a 848 1915 0 7 9
a 849 1014 0 49 10
a 849 1403 0 13 6
a 850 495 0 49 9
a 850 841 0 49 3
a 851 1587 0 49 10
a 851 247 0 7 9
a 853 263 0 49 2
a 853 1790 0 25 8
a 854 530 0 49 9
a 854 1203 0 35 9
a 857 203 0 49 1
a 857 1190 0 40 2
a 858 1987 0 49 1
a 858 676 0 36 4
a 859 1930 0 49 7
a 859 998 0 6 9
a 860 1441 0 49 7
a 860 1515 0 29 4
a 861 135 0 49 4
a 861 1466 0 11 7
a 863 558 0 49 8
a 863 1421 0 12 2
a 864 887 0 49 5
a 864 1716 0 6 2
a 865 1128 0 49 4
a 865 1990 0 10 3
a 866 672 0 49 10
a 866 187 0 24 10
a 869 842 0 49 8
a 869 325 0 9 9
a 872 1351 0 49 7
a 872 106 0 50 4
a 876 585 0 49 4
a 876 645 0 31 3
a 878 1503 0 49 1
a 878 340 0 38 5
a 879 943 0 49 9
a 879 1368 0 50 2
a 881 1785 0 49 8
a 881 234 0 14 3
a 885 771 0 49 9
a 885 1211 0 17 10
a 886 1052 0 49 5
a 886 913 0 25 3
a 887 1043 0 49 5
a 887 532 0 48 3
a 889 909 0 49 4
a 889 1667 0 9 2
a 890 1900 0 49 10
a 890 688 0 19 5
a 891 1321 0 49 10
a 891 1719 0 14 3
a 897 1396 0 49 1
a 897 26 0 28 4
a 898 1707 0 49 6
a 898 481 0 16 4
a 899 360 0 49 6
a 899 1801 0 27 8
a 902 359 0 49 3
a 902 1453 0 46 9
a 904 732 0 49 2
a 904 1490 0 35 7
a 905 700 0 49 10
a 905 446 0 0 10
a 906 1514 0 49 10
a 906 89 0 2 10
a 907 76 0 49 9
a 907 1726 0 1 8
a 908 23 0 49 2
a 908 448 0 35 8
a 909 61 0 49 1
a 909 594 0 14 2
a 910 1313 0 49 1
a 910 572 0 43 6
a 912 1324 0 49 4
a 912 1752 0 11 3
a 914 1618 0 49 5
a 914 71 0 16 5
a 915 435 0 49 8
a 915 159 0 30 2
a 917 538 0 49 4
a 917 234 0 15 5
a 919 229 0 49 2
a 919 1705 0 33 9
a 921 1222 0 49 5
a 921 629 0 46 3
a 922 351 0 49 7
a 922 412 0 6 4
a 924 1170 0 49 7
a 924 681 0 13 3
a 925 1172 0 49 7
a 925 758 0 45 10
a 926 311 0 49 1
a 926 1637 0 28 6
a 927 316 0 49 10
a 927 614 0 50 2
a 928 1258 0 49 7
a 928 608 0 27 3
a 931 180 0 49 9
a 931 1349 0 9 1
a 933 1299 0 49 9
a 933 467 0 33 9
a 937 794 0 49 7
a 937 309 0 48 2
a 939 1691 0 49 2
a 939 1393 0 43 9
a 940 1980 0 49 4
a 940 269 0 1 2
a 943 1223 0 49 4
a 943 1502 0 41 5
a 946 209 0 49 9
a 946 643 0 18 10
a 947 1451 0 49 4
a 947 1384 0 8 1
a 948 1071 0 49 5
a 948 755 0 35 10
a 949 516 0 49 1
a 949 405 0 48 9
a 953 364 0 49 2
a 953 1381 0 29 10
a 956 547 0 49 4
a 956 1331 0 14 4
a 959 1417 0 49 2
a 959 291 0 24 4
a 960 457 0 49 3
a 960 1091 0 44 1
a 964 1898 0 49 3
a 964 128 0 15 4
a 966 1922 0 49 3
a 966 926 0 11 9
a 969 1737 0 49 5
a 969 1729 0 2 5
a 975 1097 0 49 8
a 975 1283 0 49 7
a 977 1020 0 49 8
a 977 669 0 2 3
a 978 1038 0 49 8
a 978 160 0 47 1
a 987 1877 0 49 10
a 987 1592 0 34 5
a 993 1959 0 49 5
a 993 1928 0 9 9
a 996 1188 0 49 4
a 996 1161 0 3 2
a 997 1802 0 49 4
a 997 552 0 27 4
a 999 1982 0 49 6
a 999 1590 0 45 10
a 1003 1209 0 49 6
a 1003 177 0 21 3
a 1004 796 0 49 5
a 1004 758 0 21 1
a 1008 1724 0 49 2
a 1008 1272 0 49 8
a 1010 1345 0 49 3
a 1010 938 0 33 10
a 1013 919 0 49 8
a 1013 1052 0 27 3
a 1014 815 0 49 8
a 1014 1926 0 46 7
a 1016 1797 0 49 1
a 1016 1735 0 5 5
a 1017 1597 0 49 7
a 1017 1220 0 33 4
a 1020 765 0 49 10
a 1020 685 0 25 4
a 1021 363 0 49 1
a 1021 1842 0 4 2
a 1024 10 0 49 1
a 1024 1078 0 11 7
a 1025 1208 0 49 3
a 1025 1462 0 28 10
a 1028 268 0 49 2
a 1028 1554 0 19 9
a 1029 20 0 49 9
a 1029 1981 0 11 10
a 1030 706 0 49 1
a 1030 981 0 21 5
a 1031 780 0 49 2
a 1031 567 0 34 2
a 1033 1226 0 49 1
a 1033 1449 0 31 6
a 1035 1082 0 49 4
a 1035 87 0 24 1
a 1038 1882 0 49 1
a 1038 385 0 15 6
a 1040 1978 0 49 7
a 1040 1595 0 31 6
a 1042 1449 0 49 10
a 1042 848 0 31 5
a 1043 1993 0 49 2
a 1043 1084 0 16 6
a 1044 181 0 49 6
a 1044 1159 0 39 2
a 1045 212 0 49 3
a 1045 1766 0 32 4
a 1051 127 0 49 10
a 1051 497 0 2 6
a 1052 1362 0 49 7
a 1052 1002 0 11 1
a 1056 1759 0 49 8
a 1056 818 0 44 10
a 1061 337 0 49 1
a 1061 1632 0 34 3
a 1063 1282 0 49 9
a 1063 76 0 23 8
a 1067 161 0 49 6
a 1067 310 0 24 5
a 1068 1752 0 49 4
a 1068 1416 0 17 5
a 1071 899 0 49 5
a 1071 262 0 13 5
a 1073 1971 0 49 10
a 1073 561 0 13 3
a 1076 707 0 49 7
a 1076 1829 0 40 9
a 1077 1553 0 49 9
a 1077 755 0 9 9
a 1078 1309 0 49 4
a 1078 1893 0 10 2
a 1082 323 0 49 6
a 1082 1623 0 38 6
a 1083 443 0 49 5
a 1083 1524 0 24 4
a 1087 1830 0 49 1
a 1087 399 0 32 7
a 1088 143 0 49 7
a 1088 706 0 25 2
a 1089 28 0 49 6
a 1089 1346 0 17 6
a 1090 717 0 49 10
a 1090 182 0 40 8
a 1092 1242 0 49 9
a 1092 1245 0 50 2
a 1094 564 0 49 2
a 1094 1652 0 31 8
a 1095 731 0 49 1
a 1095 101 0 46 9
a 1097 1948 0 49 7
a 1097 1958 0 9 7
a 1098 827 0 49 4
a 1098 848 0 42 7
a 1100 622 0 49 2
a 1100 484 0 48 8
a 1103 878 0 49 4
a 1103 1949 0 29 5
a 1104 1087 0 49 10
a 1104 1570 0 18 8
a 1106 1169 0 49 3
a 1106 1400 0 9 1
a 1108 1016 0 49 9
a 1108 1824 0 17 6
a 1111 829 0 49 7
a 1111 1801 0 2 7
a 1114 1602 0 49 5
a 1114 443 0 2 6
a 1118 142 0 49 10
a 1118 126 0 33 3
a 1120 1892 0 49 5
a 1120 422 0 5 6
a 1121 108 0 49 2
a 1121 1799 0 43 2
a 1123 1617 0 49 10
a 1123 571 0 30 6
a 1128 183 0 49 4
a 1128 690 0 31 2
a 1129 722 0 49 2
a 1129 760 0 15 8
a 1130 518 0 49 5
a 1130 1686 0 21 8
a 1131 607 0 49 9
a 1131 756 0 19 1
a 1132 946 0 49 9
a 1132 1623 0 50 6
a 1133 1692 0 49 5
a 1133 458 0 33 2
a 1135 1108 0 49 9
a 1135 994 0 10 2
a 1136 1750 0 49 2
a 1136 1185 0 17 5
a 1138 777 0 49 8
a 1138 1546 0 14 5
a 1139 1470 0 49 3
a 1139 602 0 33 1
a 1141 1714 0 49 8
a 1141 1965 0 36 10
a 1144 9 0 49 10
a 1144 969 0 8 1
a 1148 388 0 49 3
a 1148 1088 0 16 2
a 1149 508 0 49 9
a 1149 1334 0 20 10
a 1152 1632 0 49 4
a 1152 1947 0 4 2
a 1153 940 0 49 6
a 1153 1582 0 13 1
a 1154 775 0 49 5
a 1154 1312 0 9 1
a 1156 690 0 49 10
a 1156 1574 0 15 10
a 1162 1180 0 49 9
a 1162 28 0 4 7
a 1165 1995 0 49 6
a 1165 79 0 48 1
a 1166 1433 0 49 2
a 1166 1041 0 36 3
a 1167 1210 0 49 2
a 1167 1836 0 49 3
a 1168 1308 0 49 6
a 1168 127 0 14 4
a 1169 1659 0 49 9
a 1169 197 0 11 4
a 1170 1218 0 49 9
a 1170 1887 0 28 10
a 1172 823 0 49 5
a 1172 784 0 10 7
a 1174 959 0 49 6
a 1174 657 0 32 6
a 1176 612 0 49 5
a 1176 568 0 46 6
a 1177 305 0 49 5
a 1177 64 0 9 7
a 1180 525 0 49 1
a 1180 1876 0 39 9
a 1181 904 0 49 5
a 1181 891 0 4 3
a 1182 1529 0 49 7
a 1182 259 0 29 8
a 1184 848 0 49 2
a 1184 1470 0 1 6
a 1187 1591 0 49 2
a 1187 1197 0 46 7
a 1188 1489 0 49 5
a 1188 1904 0 34 1
a 1189 69 0 49 7
a 1189 98 0 42 3
a 1191 463 0 49 4
a 1191 1622 0 41 8
a 1192 605 0 49 1
a 1192 1342 0 9 8
a 1193 66 0 49 3
a 1193 576 0 32 4
a 1194 1262 0 49 1
a 1194 114 0 33 10
a 1196 1596 0 49 3
a 1196 1133 0 22 7
a 1199 300 0 49 3
a 1199 861 0 36 9
a 1204 1969 0 49 2
a 1204 161 0 1 4
a 1205 1213 0 49 8
a 1205 1775 0 20 2
a 1206 94 0 49 1
a 1206 1259 0 16 1
a 1208 1334 0 49 6
a 1208 667 0 29 3
a 1209 669 0 49 8
a 1209 1625 0 27 9
a 1210 762 0 49 1
a 1210 1538 0 25 5
a 1213 485 0 49 7
a 1213 110 0 26 8
a 1214 703 0 49 1
a 1214 412 0 42 5
a 1217 141 0 49 5
a 1217 1018 0 21 2
a 1218 818 0 49 6
a 1218 829 0 35 9
a 1220 561 0 49 9
a 1220 351 0 43 9
a 1221 625 0 49 10
a 1221 1548 0 35 1
a 1222 1859 0 49 8
a 1222 1979 0 33 2
a 1223 754 0 49 5
a 1223 1686 0 6 4
a 1224 537 0 49 6
a 1224 812 0 11 6
a 1225 599 0 49 9
a 1225 308 0 25 2
a 1226 1136 0 49 7
a 1226 552 0 23 1
a 1227 1921 0 49 1
a 1227 1576 0 18 10
a 1229 806 0 49 5
a 1229 1183 0 8 8
a 1230 1148 0 49 1
a 1230 1400 0 14 2
a 1232 695 0 49 10
a 1232 392 0 10 9
a 1233 276 0 49 4
a 1233 997 0 43 6
a 1234 975 0 49 2
a 1234 1968 0 16 6
a 1236 865 0 49 3
a 1236 1352 0 44 3
a 1239 596 0 49 3
a 1239 1525 0 45 9
a 1240 939 0 49 10
a 1240 876 0 14 10
a 1242 132 0 49 8
a 1242 1763 0 25 3
a 1243 242 0 49 1
a 1243 1064 0 11 4
a 1245 1466 0 49 10
a 1245 1795 0 4 2
a 1249 885 0 49 2
a 1249 1430 0 4 10
a 1250 1760 0 49 1
a 1250 178 0 17 1
a 1257 881 0 49 1
a 1257 690 0 44 1
a 1258 1394 0 49 7
a 1258 1234 0 18 5
a 1259 515 0 49 9
a 1259 1828 0 38 2
a 1261 1061 0 49 1
a 1261 360 0 7 1
a 1262 1670 0 49 6
a 1262 626 0 2 4
a 1265 1174 0 49 1
a 1265 1457 0 0 2
a 1268 303 0 49 2
a 1268 1220 0 24 2
a 1269 776 0 49 9
a 1269 96 0 9 7
a 1272 1372 0 49 8
a 1272 1142 0 6 10
a 1274 232 0 49 4
a 1274 976 0 36 5
a 1275 1294 0 49 3
a 1275 1358 0 46 2
a 1276 1725 0 49 3
a 1276 139 0 36 4
a 1279 1829 0 49 2
a 1279 1959 0 17 4
a 1281 619 0 49 2
a 1281 887 0 21 6
a 1282 737 0 49 8
a 1282 89 0 8 6
a 1283 469 0 49 3
a 1283 131 0 44 5
a 1286 1281 0 49 3
a 1286 358 0 4 2
a 1287 1141 0 49 5
a 1287 301 0 40 2
a 1288 17 0 49 5
a 1288 477 0 45 8
a 1289 454 0 49 6
a 1289 338 0 35 2
a 1293 1444 0 49 2
a 1293 865 0 31 3
a 1294 1316 0 49 1
a 1294 1351 0 27 4
a 1296 863 0 49 6
a 1296 294 0 49 5
a 1297 1702 0 49 6
a 1297 1080 0 38 4
a 1299 666 0 49 1
a 1299 723 0 18 7
a 1301 1550 0 49 9
a 1301 1822 0 29 2
a 1302 1658 0 49 5
a 1302 1470 0 19 1
a 1304 620 0 49 9
a 1304 1337 0 39 10
a 1308 898 0 49 10
a 1308 1020 0 7 6
a 1309 335 0 49 7
a 1309 1811 0 37 3
a 1310 424 0 49 10
a 1310 334 0 29 9
a 1311 1657 0 49 2
a 1311 1409 0 45 6
a 1312 812 0 49 3
a 1312 483 0 46 7
a 1313 362 0 49 8
a 1313 1879 0 40 1
a 1314 1458 0 49 1
a 1314 606 0 45 3
a 1316 421 0 49 9
a 1316 1442 0 21 1
a 1317 1997 0 49 7
a 1317 530 0 4 8
a 1318 839 0 49 5
a 1318 466 0 12 6
a 1319 1153 0 49 7
a 1319 348 0 2 10
a 1320 1144 0 49 7
a 1320 536 0 26 3
a 1321 440 0 49 8
a 1321 552 0 28 5
a 1322 1083 0 49 5
a 1322 854 0 12 6
a 1324 1761 0 49 9
a 1324 315 0 42 7
a 1327 1021 0 49 4
a 1327 169 0 27 1
a 1328 1182 0 49 6
a 1328 1318 0 18 3
a 1331 1791 0 49 2
a 1331 525 0 39 8
a 1332 907 0 49 5
a 1332 1234 0 10 4
a 1334 258 0 49 6
a 1334 1490 0 24 9
a 1338 169 0 49 4
a 1338 964 0 20 4
a 1339 1913 0 49 10
a 1339 918 0 29 10
a 1342 1858 0 49 7
a 1342 917 0 16 5
a 1343 1653 0 49 5
a 1343 959 0 46 3
a 1345 310 0 49 9
a 1345 879 0 26 3
a 1346 910 0 49 9
a 1346 1258 0 38 8
a 1350 1945 0 49 8
a 1350 1649 0 37 5
a 1351 1588 0 49 9
a 1351 762 0 38 10
a 1356 160 0 49 5
a 1356 1407 0 41 5
a 1358 869 0 49 6
a 1358 751 0 18 8
a 1360 729 0 49 1
a 1360 633 0 47 10
a 1362 1259 0 49 3
a 1362 321 0 44 10
a 1364 317 0 49 10
a 1364 1694 0 46 1
a 1365 396 0 49 10
a 1365 551 0 9 9
a 1366 701 0 49 6
a 1366 307 0 42 7
a 1368 1239 0 49 2
a 1368 20 0 38 4
a 1369 1728 0 49 2
a 1369 1903 0 28 7
a 1370 1327 0 49 1
a 1370 1570 0 47 1
a 1371 522 0 49 5
a 1371 945 0 20 8
a 1372 1056 0 49 1
a 1372 1616 0 2 8
a 1376 799 0 49 9
a 1376 387 0 49 5
a 1385 452 0 49 1
a 1385 881 0 33 1
a 1386 436 0 49 4
a 1386 1034 0 2 7
a 1387 1837 0 49 3
a 1387 174 0 27 2
a 1389 487 0 49 1
a 1389 685 0 6 9
a 1393 375 0 49 6
a 1393 1871 0 28 2
a 1394 1177 0 49 1
a 1394 472 0 36 7
a 1395 1694 0 49 2
a 1395 1581 0 5 1
a 1396 1165 0 49 1
a 1396 207 0 20 9
a 1400 1633 0 49 8
a 1400 420 0 33 1
a 1401 813 0 49 5
a 1401 538 0 6 10
a 1403 928 0 49 5
a 1403 1530 0 5 8
a 1408 1437 0 49 5
a 1408 1390 0 2 4
a 1410 7 0 49 8
a 1410 63 0 31 2
a 1412 153 0 49 3
a 1412 1136 0 4 5
a 1413 697 0 49 10
a 1413 1863 0 21 9
a 1414 795 0 49 6
a 1414 91 0 0 4
a 1417 189 0 49 10
a 1417 1318 0 47 5
a 1420 744 0 49 3
a 1420 1895 0 16 10
a 1428 1497 0 49 8
a 1428 1752 0 31 9
a 1429 1114 0 49 9
a 1429 758 0 28 5
a 1433 38 0 49 1
a 1433 778 0 16 9
a 1434 1469 0 49 2
a 1434 562 0 49 8
a 1437 279 0 49 8
a 1437 1393 0 41 7
a 1438 1739 0 49 3
a 1438 1057 0 11 6
a 1439 1956 0 49 5
a 1439 1795 0 43 10
a 1441 1735 0 49 9
a 1441 1904 0 38 2
a 1443 1250 0 49 2
a 1443 346 0 49 7
a 1444 1666 0 49 4
a 1444 854 0 36 2
a 1446 601 0 49 6
a 1446 428 0 29 5
a 1449 801 0 49 7
a 1449 1862 0 44 10
a 1451 464 0 49 4
a 1451 994 0 47 4
a 1454 517 0 49 2
a 1454 1688 0 34 5
a 1456 384 0 49 6
a 1456 603 0 44 7
a 1457 1792 0 49 10
a 1457 558 0 47 5
a 1458 1548 0 49 4
a 1458 245 0 1 4
a 1459 1245 0 49 5
a 1459 248 0 1 4
a 1460 1013 0 49 1
a 1460 863 0 4 3
a 1462 1665 0 49 6
a 1462 1368 0 13 6
a 1463 1189 0 49 6
a 1463 644 0 10 6
a 1465 966 0 49 8
a 1465 1214 0 44 10
a 1466 1460 0 49 8
a 1466 1151 0 11 7
a 1467 1786 0 49 5
a 1467 1481 0 21 6
a 1468 1181 0 49 9
a 1468 212 0 22 2
a 1469 1401 0 49 1
a 1469 69 0 27 7
a 1470 1472 0 49 5
a 1470 685 0 38 10
a 1472 1149 0 49 5
a 1472 1059 0 0 9
a 1478 231 0 49 8
a 1478 151 0 14 4
a 1479 1888 0 49 6
a 1479 764 0 1 7
a 1483 529 0 49 9
a 1483 532 0 44 5
a 1484 1356 0 49 3
a 1484 134 0 27 6
a 1486 296 0 49 9
a 1486 1991 0 10 8
a 1489 1317 0 49 9
a 1489 23 0 31 4
a 1493 948 0 49 10
a 1493 995 0 33 10
a 1496 728 0 49 2
a 1496 91 0 34 3
a 1497 638 0 49 6
a 1497 1837 0 34 1
a 1499 1571 0 49 8
a 1499 994 0 38 1
a 1502 1537 0 49 8
a 1502 447 0 15 5
a 1503 260 0 49 7
a 1503 854 0 18 6
a 1505 245 0 49 1
a 1505 1030 0 5 9
a 1508 1775 0 49 10
a 1508 960 0 17 10
a 1511 1861 0 49 10
a 1511 1215 0 3 8
a 1513 477 0 49 6
a 1513 1040 0 32 3
a 1514 22 0 49 2
a 1514 1245 0 4 4
a 1520 1457 0 49 3
a 1520 1672 0 24 3
a 1521 129 0 49 1
a 1521 1878 0 4 7
a 1525 1224 0 49 10
a 1525 1550 0 14 6
a 1527 1499 0 49 7
a 1527 1889 0 26 1
a 1529 1275 0 49 8
a 1529 1605 0 16 10
a 1530 51 0 49 2
a 1530 1052 0 2 3
a 1537 1581 0 49 2
a 1537 868 0 38 2
a 1544 134 0 49 8
a 1544 997 0 38 6
a 1545 931 0 49 4
a 1545 956 0 37 10
a 1548 338 0 49 10
a 1548 1401 0 17 8
a 1550 1366 0 49 2
a 1550 530 0 19 6
a 1551 259 0 49 3
a 1551 415 0 1 6
a 1553 1726 0 49 2
a 1553 210 0 26 6
a 1554 91 0 49 10
a 1554 1907 0 19 1
a 1560 783 0 49 5
a 1560 1113 0 37 2
a 1568 1610 0 49 5
a 1568 379 0 47 1
a 1570 1073 0 49 5
a 1570 1167 0 38 9
a 1571 152 0 49 5
a 1571 167 0 4 4
a 1572 1227 0 49 8
a 1572 1044 0 43 5
a 1573 1893 0 49 5
a 1573 1894 0 39 9
a 1574 733 0 49 6
a 1574 1770 0 4 10
a 1575 1681 0 49 2
a 1575 486 0 2 10
a 1577 1031 0 49 1
a 1577 1633 0 7 7
a 1580 891 0 49 6
a 1580 1641 0 47 7
a 1581 857 0 49 5
a 1581 389 0 14 7
a 1585 1044 0 49 8
a 1585 312 0 31 9
a 1587 1554 0 49 5
a 1587 780 0 28 3
a 1588 193 0 49 7
a 1588 1242 0 1 5
a 1589 68 0 49 4
a 1589 1716 0 28 9
a 1591 866 0 49 5
a 1591 374 0 3 2
a 1596 179 0 49 10
a 1596 513 0 33 1
a 1597 1846 0 49 7
a 1597 1828 0 13 3
a 1598 768 0 49 9
a 1598 1709 0 37 4
a 1599 1232 0 49 8
a 1599 508 0 32 8
a 1600 1094 0 49 10
a 1600 1546 0 38 4
a 1602 849 0 49 7
a 1602 1863 0 45 4
a 1605 292 0 49 3
a 1605 1213 0 26 1
a 1606 549 0 49 4
a 1606 1676 0 7 5
a 1610 223 0 49 9
a 1610 1745 0 46 10
a 1611 1033 0 49 7
a 1611 333 0 22 2
a 1613 1703 0 49 7
a 1613 917 0 40 7
a 1617 906 0 49 8
a 1617 1395 0 16 2
a 1618 609 0 49 6
a 1618 1887 0 16 9
a 1619 820 0 49 7
a 1619 687 0 41 9
a 1621 112 0 49 5
a 1621 347 0 15 10
a 1623 1927 0 49 6
a 1623 947 0 10 4
a 1625 745 0 49 1
a 1625 1439 0 23 10
a 1626 1525 0 49 2
a 1626 1948 0 13 4
a 1628 395 0 49 6
a 1628 500 0 30 5
a 1629 1970 0 49 6
a 1629 153 0 5 8
a 1630 1042 0 49 5
a 1630 1068 0 23 3
a 1632 140 0 49 5
a 1632 999 0 19 2
a 1633 1926 0 49 8
a 1633 1808 0 28 6
a 1634 798 0 49 7
a 1634 1670 0 32 6
a 1635 1723 0 49 7
a 1635 28 0 40 1
a 1637 1104 0 49 9
a 1637 1577 0 35 6
a 1644 886 0 49 10
a 1644 2000 0 49 9
a 1645 215 0 49 9
a 1645 1367 0 47 10
a 1648 1697 0 49 10
a 1648 1095 0 13 8
a 1651 1268 0 49 5
a 1651 102 0 3 6
a 1652 704 0 49 1
a 1652 480 0 27 10
a 1653 118 0 49 4
a 1653 74 0 49 7
a 1654 678 0 49 8
a 1654 42 0 14 9
a 1656 133 0 49 6
a 1656 874 0 28 10
a 1657 302 0 49 1
a 1657 37 0 24 4
a 1658 1339 0 49 3
a 1658 1451 0 4 4
a 1659 627 0 49 6
a 1659 119 0 25 2
a 1662 1730 0 49 6
a 1662 1249 0 42 7
a 1663 741 0 49 2
a 1663 1376 0 11 7
a 1665 1311 0 49 5
a 1665 1996 0 34 7
a 1666 254 0 49 7
a 1666 1439 0 24 8
a 1667 1420 0 49 7
a 1667 635 0 38 6
a 1670 1403 0 49 10
a 1670 1881 0 32 6
a 1673 294 0 49 1
a 1673 1643 0 26 6
a 1674 1901 0 49 10
a 1674 1474 0 23 6
a 1680 1412 0 49 4
a 1680 1108 0 22 2
a 1681 204 0 49 3
a 1681 758 0 5 4
a 1683 1628 0 49 6
a 1683 113 0 43 3
a 1684 415 0 49 9
a 1684 1211 0 15 3
a 1686 81 0 49 2
a 1686 1556 0 13 5
a 1689 1891 0 49 4
a 1689 74 0 0 8
a 1690 402 0 49 2
a 1690 717 0 18 10
a 1691 1903 0 49 2
a 1691 1956 0 19 7
a 1692 15 0 49 7
a 1692 1727 0 18 2
a 1694 340 0 49 7
a 1694 1936 0 25 1
a 1695 1123 0 49 10
a 1695 1621 0 47 1
a 1697 1654 0 49 1
a 1697 1188 0 5 3
a 1701 423 0 49 6
a 1701 518 0 38 3
a 1702 451 0 49 5
a 1702 811 0 23 3
a 1703 681 0 49 2
a 1703 742 0 5 1
a 1707 589 0 49 1
a 1707 1946 0 11 9
a 1708 921 0 49 1
a 1708 324 0 34 3
a 1709 1214 0 49 7
a 1709 222 0 30 10
a 1711 97 0 49 7
a 1711 35 0 5 6
a 1714 1276 0 49 10
a 1714 520 0 21 10
a 1716 1570 0 49 5
a 1716 1479 0 31 3
a 1723 613 0 49 7
a 1723 1452 0 4 7
a 1724 1781 0 49 9
a 1724 249 0 10 2
a 1725 1346 0 49 3
a 1725 838 0 26 3
a 1726 660 0 49 4
a 1726 1462 0 32 3
a 1728 1162 0 49 3
a 1728 1998 0 24 8
a 1730 185 0 49 3
a 1730 1513 0 27 4
a 1735 1429 0 49 8
a 1735 1734 0 41 10
a 1737 235 0 49 7
a 1737 1117 0 45 4
a 1738 1644 0 49 6
a 1738 1857 0 41 6
a 1739 628 0 49 1
a 1739 1668 0 50 6
a 1740 82 0 49 7
a 1740 142 0 4 9
a 1745 1914 0 49 4
a 1745 524 0 25 1
a 1746 1943 0 49 4
a 1746 376 0 34 8
a 1750 299 0 49 1
a 1750 314 0 25 4
a 1752 228 0 49 2
a 1752 1497 0 50 5
a 1753 162 0 49 9
a 1753 482 0 11 7
a 1755 674 0 49 3
a 1755 715 0 24 9
a 1759 698 0 49 7
a 1759 1044 0 14 4
a 1760 1166 0 49 6
a 1760 1850 0 43 5
a 1761 158 0 49 5
a 1761 1724 0 45 3
a 1770 233 0 49 1
a 1770 1898 0 28 7
a 1775 237 0 49 5
a 1775 1756 0 24 8
a 1776 1708 0 49 3
a 1776 884 0 11 3
a 1777 1118 0 49 4
a 1777 107 0 34 9
a 1779 503 0 49 2
a 1779 1121 0 33 5
a 1781 1120 0 49 6
a 1781 100 0 9 3
a 1783 1508 0 49 3
a 1783 943 0 45 4
a 1784 850 0 49 3
a 1784 1441 0 17 10
a 1785 688 0 49 7
a 1785 1607 0 37 10
a 1786 1573 0 49 3
a 1786 1316 0 34 5
a 1790 734 0 49 2
a 1790 1765 0 22 3
a 1791 1753 0 49 7
a 1791 253 0 27 5
a 1792 1004 0 49 4
a 1792 1306 0 5 6
a 1797 1684 0 49 7
a 1797 386 0 50 8
a 1802 113 0 49 1
a 1802 806 0 27 1
a 1807 1600 0 49 4
a 1807 54 0 37 9
a 1811 615 0 49 1
a 1811 806 0 41 7
a 1813 1257 0 49 9
a 1813 1984 0 4 3
a 1814 805 0 49 10
a 1814 1384 0 36 3
a 1820 1092 0 49 8
a 1820 1930 0 26 6
a 1824 1030 0 49 2
a 1824 329 0 16 5
a 1826 960 0 49 7
a 1826 159 0 9 9
a 1827 927 0 49 7
a 1827 311 0 8 10
a 1829 1236 0 49 9
a 1829 1403 0 34 5
a 1830 1301 0 49 8
a 1830 965 0 32 7
a 1835 1755 0 49 1
a 1835 994 0 30 10
a 1837 1467 0 49 10
a 1837 1088 0 42 4
a 1844 1585 0 49 3
a 1844 1455 0 30 4
a 1846 1484 0 49 9
a 1846 1979 0 22 2
a 1847 1811 0 49 5
a 1847 622 0 47 7
a 1848 304 0 49 1
a 1848 217 0 15 10
a 1854 1674 0 49 6
a 1854 1267 0 38 6
a 1858 496 0 49 3
a 1858 810 0 0 1
a 1859 1168 0 49 8
a 1859 346 0 43 10
a 1860 1889 0 49 6
a 1860 1573 0 44 3
a 1861 632 0 49 9
a 1861 1556 0 30 7
a 1866 1605 0 49 6
a 1866 1745 0 0 2
a 1867 1017 0 49 2
a 1867 1784 0 22 10
a 1874 562 0 49 1
a 1874 1312 0 38 10
a 1876 897 0 49 9
a 1876 1077 0 33 3
a 1877 772 0 49 1
a 1877 648 0 33 2
a 1878 250 0 49 8
a 1878 1148 0 50 9
a 1879 357 0 49 3
a 1879 1883 0 3 9
a 1882 1288 0 49 3
a 1882 111 0 20 7
a 1887 1338 0 49 8
a 1887 1954 0 3 4
a 1888 1878 0 49 1
a 1888 611 0 16 3
a 1889 633 0 49 2
a 1889 629 0 18 10
a 1890 413 0 49 9
a 1890 1320 0 2 1
a 1891 1035 0 49 5
a 1891 933 0 18 8
a 1892 993 0 49 1
a 1892 1639 0 35 6
a 1893 1513 0 49 1
a 1893 756 0 42 4
a 1896 1920 0 49 5
a 1896 1871 0 27 6
a 1897 510 0 49 7
a 1897 143 0 38 2
a 1898 40 0 49 10
a 1898 988 0 28 1
a 1899 1459 0 49 8
a 1899 1456 0 38 4
a 1900 1933 0 49 1
a 1900 1834 0 44 7
a 1901 1089 0 49 4
a 1901 204 0 27 3
a 1902 1040 0 49 2
a 1902 1740 0 42 10
a 1903 1434 0 49 10
a 1903 647 0 12 4
a 1906 1511 0 49 10
a 1906 1829 0 40 10
a 1911 1826 0 49 9
a 1911 1738 0 42 3
a 1913 716 0 49 3
a 1913 1240 0 27 7
a 1914 512 0 49 8
a 1914 894 0 16 7
a 1918 1651 0 49 9
a 1918 1853 0 44 1
a 1920 543 0 49 9
a 1920 160 0 22 3
a 1921 489 0 49 10
a 1921 1006 0 36 8
a 1922 1790 0 49 5
a 1922 1410 0 50 3
a 1926 1876 0 49 6
a 1926 547 0 13 7
a 1927 385 0 49 1
a 1927 435 0 23 3
a 1928 739 0 49 10
a 1928 1600 0 48 7
a 1930 1824 0 49 9
a 1930 892 0 19 4
a 1933 1233 0 49 2
a 1933 719 0 47 3
a 1934 315 0 49 6
a 1934 709 0 39 4
a 1940 999 0 49 6
a 1940 150 0 10 3
a 1941 1973 0 49 2
a 1941 1006 0 36 10
a 1942 1389 0 49 6
a 1942 1698 0 31 8
a 1943 804 0 49 10
a 1943 1124 0 34 1
a 1944 446 0 49 7
a 1944 998 0 14 7
a 1945 1129 0 49 5
a 1945 1043 0 48 6
a 1948 313 0 49 6
a 1948 1644 0 49 4
a 1953 714 0 49 4
a 1953 1496 0 35 3
a 1954 639 0 49 5
a 1954 1371 0 46 5
a 1956 131 0 49 4
a 1956 1406 0 7 4
a 1959 917 0 49 8
a 1959 301 0 7 4
a 1963 1028 0 49 3
a 1963 1117 0 1 3
a 1964 1637 0 49 8
a 1964 940 0 21 2
a 1966 14 0 49 1
a 1966 1597 0 16 3
a 1967 1468 0 49 9
a 1967 1762 0 10 8
a 1969 481 0 49 3
a 1969 672 0 6 5
a 1970 1527 0 49 8
a 1970 844 0 35 7
a 1971 1221 0 49 1
a 1971 1301 0 33 2
a 1973 1991 0 49 7
a 1973 1271 0 0 2
a 1974 449 0 49 3
a 1974 1024 0 38 3
a 1976 1827 0 49 4
a 1976 846 0 23 8
a 1977 1387 0 49 10
a 1977 1688 0 30 6
a 1978 1701 0 49 1
a 1978 1529 0 44 8
a 1980 576 0 49 2
a 1980 252 0 45 1
a 1981 1574 0 49 5
a 1981 1018 0 4 3
a 1982 1652 0 49 6
a 1982 458 0 0 7
a 1987 1024 0 49 5
a 1987 645 0 9 6
a 1988 1297 0 49 10
a 1988 805 0 15 10
a 1989 879 0 49 6
a 1989 1960 0 36 5
a 1991 1656 0 49 6
a 1991 1529 0 0 9
a 1992 39 0 49 2
a 1992 1552 0 22 10
a 1993 1942 0 49 4
a 1993 767 0 18 1
a 1995 1274 0 49 1
a 1995 667 0 36 2
a 1997 826 0 49 4
a 1997 150 0 7 5
a 1998 691 0 49 1
a 1998 567 0 7 10
a 2 478 0 1 4
a 2 1965 0 23 7
a 4 1278 0 1 8
a 4 1260 0 7 8
a 5 1231 0 1 10
a 5 960 0 9 4
a 6 308 0 1 4
a 6 230 0 12 2
a 8 1101 0 1 8
a 8 1773 0 33 7
a 11 1676 0 1 1
a 11 335 0 46 4
a 12 379 0 1 3
a 12 297 0 14 6
a 13 1838 0 1 1
a 13 899 0 21 7
a 16 386 0 1 3
a 16 145 0 3 2
a 21 1037 0 1 2
a 21 184 0 12 7
a 25 505 0 1 2
a 25 1309 0 26 2
a 26 646 0 1 7
a 26 250 0 17 4
a 27 1475 0 1 9
a 27 1110 0 14 3
a 29 1202 0 1 2
a 29 1393 0 6 5
a 30 247 0 1 8
a 30 202 0 12 2
a 31 1492 0 1 1
a 31 1704 0 10 10
a 32 640 0 1 5
a 32 1600 0 16 7
a 33 484 0 1 8
a 33 239 0 12 1
a 34 5 0 1 5
a 34 1088 0 40 9
a 35 1284 0 1 6
a 35 632 0 14 7
a 41 1323 0 1 7
a 41 499 0 33 9
a 42 297 0 1 4
a 42 255 0 1 4
a 43 883 0 1 5
a 43 1808 0 29 1
a 44 1950 0 1 7
a 44 688 0 14 5
a 45 26 0 1 5
a 45 322 0 33 7
a 47 573 0 1 2
a 47 800 0 5 2
a 48 372 0 1 8
a 48 1945 0 23 10
a 49 283 0 1 1
a 49 1449 0 46 9
a 50 1273 0 1 2
a 50 122 0 5 9
a 53 786 0 1 5
a 53 187 0 38 1
a 56 1244 0 1 4
a 56 1773 0 24 3
a 57 1127 0 1 10
a 57 1528 0 20 5
a 59 578 0 1 4
a 59 604 0 46 3
a 62 236 0 1 8
a 62 787 0 43 7
a 63 1762 0 1 8
a 63 1565 0 47 3
a 67 1561 0 1 5
a 67 1080 0 45 5
a 70 353 0 1 4
a 70 1558 0 17 5
a 72 1819 0 1 9
a 72 782 0 45 9
a 73 1951 0 1 6
a 73 1546 0 30 4
a 75 1512 0 1 4
a 75 454 0 46 3
a 78 1113 0 1 2
a 78 1091 0 24 6
a 79 504 0 1 3
a 79 1130 0 24 4
a 80 1924 0 1 3
a 80 1800 0 48 7
a 83 637 0 1 3
a 83 1013 0 11 6
a 87 499 0 1 7
a 87 732 0 25 8
a 88 548 0 1 7
a 88 91 0 17 10
a 89 526 0 1 10
a 89 1488 0 8 7
a 90 568 0 1 10
a 90 118 0 4 4
a 93 1594 0 1 10
a 93 54 0 9 6
a 95 569 0 1 8
a 95 1451 0 50 4
a 96 1315 0 1 5
a 96 1770 0 6 5
a 98 1643 0 1 4
a 98 1493 0 13 6
a 99 27 0 1 2
a 99 1626 0 24 10
a 102 757 0 1 5
a 102 1071 0 2 2
a 103 1426 0 1 4
a 103 441 0 15 10
a 105 1569 0 1 6
a 105 174 0 14 6
a 106 116 0 1 1
a 106 902 0 17 2
a 107 730 0 1 3
a 107 1733 0 44 5
a 109 225 0 1 7
a 109 1514 0 37 4
a 110 455 0 1 4
a 110 1750 0 42 7
a 111 188 0 1 3
a 111 435 0 25 2
a 114 400 0 1 4
a 114 1847 0 7 10
a 116 191 0 1 4
a 116 724 0 36 9
a 119 945 0 1 1
a 119 209 0 8 1
a 120 1782 0 1 1
a 120 1785 0 5 8
a 122 634 0 1 7
a 122 798 0 40 7
a 123 404 0 1 8
a 123 13 0 33 9
a 125 1501 0 1 4
a 125 129 0 43 3
a 126 506 0 1 6
a 126 1228 0 29 9
a 128 410 0 1 10
a 128 1479 0 14 9
a 130 1693 0 1 8
a 130 1594 0 4 6
a 136 42 0 1 10
a 136 655 0 27 5
a 137 1406 0 1 7
a 137 627 0 10 6
a 138 341 0 1 3
a 138 1366 0 28 1
a 145 1266 0 1 9
a 145 107 0 1 10
a 147 1947 0 1 3
a 147 805 0 15 10
a 148 743 0 1 8
a 148 413 0 16 1
a 149 130 0 1 8
a 149 1342 0 38 3
a 151 1593 0 1 1
a 151 1308 0 18 4
a 154 1238 0 1 4
a 154 1840 0 41 1
a 157 658 0 1 7
a 157 1239 0 25 8
a 159 833 0 1 2
a 159 1076 0 32 7
a 164 1749 0 1 4
a 164 584 0 38 4
a 165 441 0 1 5
a 165 577 0 13 2
a 166 1047 0 1 6
a 166 1113 0 39 8
a 167 1840 0 1 2
a 167 1310 0 19 1
a 170 787 0 1 8
a 170 807 0 7 8
a 171 1678 0 1 4
a 171 1487 0 20 1
a 172 509 0 1 6
a 172 576 0 45 1
a 173 1251 0 1 10
a 173 1756 0 23 2
a 174 1881 0 1 9
a 174 238 0 5 9
a 176 21 0 1 1
a 176 1702 0 36 9
a 177 222 0 1 8
a 177 695 0 18 8
a 182 80 0 1 8
a 182 114 0 30 10
a 188 1546 0 1 2
a 188 1422 0 7 3
a 190 980 0 1 2
a 190 479 0 11 1
a 191 89 0 1 1
a 191 535 0 2 1
a 192 1102 0 1 5
a 192 29 0 14 8
a 194 1705 0 1 6
a 194 1643 0 0 5
a 195 951 0 1 9
a 195 1250 0 41 5
a 197 769 0 1 4
a 197 1869 0 49 1
a 199 955 0 1 3
a 199 1847 0 28 7
a 200 785 0 1 7
a 200 1557 0 37 9
a 201 466 0 1 8
a 201 272 0 11 9
a 205 319 0 1 10
a 205 708 0 27 8
a 206 41 0 1 3
a 206 1037 0 40 10
a 207 810 0 1 10
a 207 1406 0 34 9
a 211 1586 0 1 10
a 211 398 0 12 10
a 214 1212 0 1 9
a 214 1384 0 15 6
a 216 35 0 1 1
a 216 560 0 24 5
a 217 523 0 1 10
a 217 662 0 30 4
a 218 1506 0 1 9
a 218 656 0 32 1
a 219 409 0 1 7
a 219 1447 0 1 7
a 221 339 0 1 6
a 221 559 0 2 10
a 222 916 0 1 7
a 222 1785 0 13 7
a 224 587 0 1 4
a 224 1864 0 21 9
a 225 1603 0 1 2
a 225 1630 0 42 6
a 226 1822 0 1 4
a 226 466 0 24 8
a 227 752 0 1 5
a 227 18 0 34 6
a 234 172 0 1 5
a 234 1852 0 40 6
a 236 1007 0 1 5
a 236 1607 0 34 2
a 239 1912 0 1 1
a 239 1387 0 22 8
a 241 1270 0 1 2
a 241 1564 0 0 4
a 243 1720 0 1 6
a 243 40 0 24 6
a 247 33 0 1 1
a 247 204 0 33 7
a 248 1361 0 1 8
a 248 1479 0 18 1
a 252 624 0 1 9
a 252 363 0 4 8
a 253 1774 0 1 4
a 253 1635 0 37 10
a 257 1158 0 1 8
a 257 730 0 35 7
a 261 322 0 1 1
a 261 152 0 48 10
a 262 241 0 1 10
a 262 330 0 45 9
a 265 1836 0 1 4
a 265 897 0 33 10
a 266 1145 0 1 6
a 266 75 0 7 10
a 267 90 0 1 10
a 267 1237 0 40 4
a 270 873 0 1 1
a 270 1706 0 14 8
a 271 1886 0 1 7
a 271 1684 0 18 8
a 272 1515 0 1 1
a 272 1314 0 28 3
a 273 44 0 1 1
a 273 1383 0 38 5
a 275 1005 0 1 8
a 275 1173 0 5 9
a 277 164 0 1 7
a 277 629 0 42 7
a 278 1671 0 1 3
a 278 1188 0 15 7
a 280 47 0 1 4
a 280 983 0 9 3
a 281 432 0 1 7
a 281 1951 0 39 9
a 283 434 0 1 4
a 283 1112 0 0 10
a 284 450 0 1 8
a 284 1074 0 47 4
a 285 1002 0 1 3
a 285 216 0 5 6
a 288 417 0 1 2
a 288 653 0 48 2
a 290 976 0 1 8
a 290 246 0 0 6
a 291 34 0 1 1
a 291 1601 0 19 8
a 295 1803 0 1 9
a 295 1228 0 20 10
a 297 1398 0 1 6
a 297 1549 0 44 5
a 298 157 0 1 6
a 298 315 0 19 5
a 306 1198 0 1 10
a 306 733 0 0 4
a 308 182 0 1 5
a 308 1832 0 15 10
a 314 482 0 1 7
a 314 1125 0 37 9
a 318 1538 0 1 1
a 318 1956 0 26 9
a 319 1059 0 1 8
a 319 746 0 12 1
a 320 1091 0 1 4
a 320 859 0 27 6
a 322 723 0 1 9
a 322 90 0 38 3
a 324 832 0 1 3
a 324 1688 0 15 6
a 325 221 0 1 1
a 325 360 0 45 9
a 329 56 0 1 2
a 329 756 0 8 8
a 330 884 0 1 10
a 330 1953 0 4 7
a 331 1552 0 1 4
a 331 1710 0 14 9
a 334 1688 0 1 3
a 334 1743 0 11 3
a 339 492 0 1 3
a 339 914 0 20 8
a 341 497 0 1 6
a 341 183 0 21 1
a 342 1490 0 1 4
a 342 67 0 17 7
a 343 1883 0 1 10
a 343 1442 0 10 10
a 345 194 0 1 7
a 345 195 0 16 7
a 346 1237 0 1 5
a 346 960 0 48 3
a 347 1972 0 1 5
a 347 67 0 0 3
a 348 491 0 1 1
a 348 1310 0 3 8
a 350 1592 0 1 4
a 350 1990 0 24 10
a 353 1084 0 1 3
a 353 1507 0 44 4
a 354 1682 0 1 9
a 354 1071 0 47 10
a 355 1936 0 1 1
a 355 85 0 17 9
a 356 166 0 1 1
a 356 1363 0 14 9
a 358 1186 0 1 10
a 358 414 0 39 4
a 361 1612 0 1 1
a 361 857 0 6 2
a 365 782 0 1 2
a 365 195 0 17 4
a 366 1839 0 1 6
a 366 469 0 34 10
a 368 1979 0 1 2
a 368 410 0 43 7
a 369 1919 0 1 8
a 369 994 0 43 6
a 370 6 0 1 1
a 370 1849 0 18 8
a 371 1404 0 1 5
a 371 537 0 41 6
a 372 1201 0 1 10
a 372 1008 0 34 5
a 374 685 0 1 6
a 374 1159 0 23 9
a 376 1384 0 1 7
a 376 262 0 23 2
a 377 855 0 1 3
a 377 709 0 24 5
a 379 257 0 1 7
a 379 489 0 17 1
a 381 1865 0 1 6
a 381 933 0 6 8
a 382 1524 0 1 10
a 382 1065 0 14 9
a 386 252 0 1 1
a 386 1070 0 17 4
a 387 1440 0 1 4
a 387 217 0 1 2
a 389 1768 0 1 8
a 389 1164 0 50 10
a 392 950 0 1 10
a 392 1878 0 42 5
a 394 154 0 1 2
a 394 1034 0 48 9
a 397 405 0 1 6
a 397 321 0 19 3
a 398 1418 0 1 4
a 398 968 0 45 9
a 400 1609 0 1 7
a 400 921 0 1 8
a 401 1731 0 1 10
a 401 129 0 15 7
a 403 528 0 1 2
a 403 1186 0 19 2
a 404 476 0 1 5
a 404 127 0 4 9
a 405 1203 0 1 9
a 405 754 0 48 4
a 408 500 0 1 2
a 408 1369 0 11 1
a 409 1140 0 1 6
a 409 152 0 27 7
a 410 1012 0 1 9
a 410 1089 0 26 6
a 411 1195 0 1 2
a 411 609 0 13 2
a 417 1710 0 1 1
a 417 770 0 8 3
a 418 1856 0 1 2
a 418 902 0 6 10
a 420 1541 0 1 2
a 420 941 0 44 4
a 425 630 0 1 4
a 425 410 0 28 8
a 427 442 0 1 1
a 427 1857 0 3 6
a 428 591 0 1 7
a 428 75 0 1 4
a 432 1640 0 1 6
a 432 1953 0 45 4
a 434 1733 0 1 10
a 434 349 0 9 5
a 437 838 0 1 6
a 437 1761 0 7 5
a 439 1335 0 1 8
a 439 1791 0 20 4
a 441 1050 0 1 9
a 441 1188 0 10 5
a 442 1769 0 1 4
a 442 1057 0 6 1
a 444 694 0 1 7
a 444 373 0 45 5
a 445 603 0 1 8
a 445 633 0 19 9
a 447 1353 0 1 1
a 447 1188 0 24 1
a 448 145 0 1 3
a 448 1005 0 39 4
a 450 1559 0 1 7
a 450 972 0 48 7
a 455 1700 0 1 4
a 455 290 0 46 9
a 456 1074 0 1 2
a 456 482 0 27 9
a 458 970 0 1 3
a 458 1175 0 24 7
a 459 1806 0 1 5
a 459 1527 0 36 2
a 460 324 0 1 10
a 460 214 0 2 7
a 462 1382 0 1 3
a 462 534 0 35 3
a 466 1060 0 1 6
a 466 531 0 19 5
a 471 1271 0 1 5
a 471 1344 0 47 9
a 472 1039 0 1 10
a 472 1136 0 29 2
a 475 1425 0 1 2
a 475 1916 0 12 6
a 476 675 0 1 1
a 476 487 0 41 4
a 478 519 0 1 9
a 478 619 0 33 10
a 480 824 0 1 5
a 480 585 0 45 3
a 482 1660 0 1 10
a 482 1819 0 9 10
a 483 903 0 1 2
a 483 1353 0 12 3
a 484 1161 0 1 9
a 484 766 0 27 3
a 486 1049 0 1 7
a 486 251 0 3 4
a 490 123 0 1 1
a 490 693 0 23 6
a 491 825 0 1 6
a 491 372 0 10 6
a 492 1062 0 1 2
a 492 1775 0 48 5
a 494 48 0 1 8
a 494 1817 0 37 5
a 497 936 0 1 1
a 497 1380 0 47 4
a 498 535 0 1 7
a 498 1069 0 41 1
a 499 1935 0 1 2
a 499 515 0 27 7
a 500 1122 0 1 5
a 500 1003 0 30 8
a 501 852 0 1 2
a 501 1835 0 22 5
a 502 1880 0 1 5
a 502 1042 0 0 5
a 504 1955 0 1 2
a 504 525 0 28 5
a 505 1407 0 1 4
a 505 1775 0 18 5
a 506 1391 0 1 6
a 506 65 0 38 6
a 507 472 0 1 9
a 507 1917 0 6 2
a 509 1009 0 1 8
a 509 1424 0 39 2
a 514 1349 0 1 5
a 514 1329 0 13 5
a 519 1383 0 1 5
a 519 167 0 6 9
a 523 1532 0 1 4
a 523 1108 0 50 3
a 524 1399 0 1 2
a 524 511 0 42 6
a 526 1125 0 1 8
a 526 843 0 26 5
a 527 1983 0 1 10
a 527 514 0 28 3
a 528 401 0 1 3
a 528 1137 0 16 6
a 532 126 0 1 4
a 532 1747 0 45 7
a 534 1402 0 1 1
a 534 1577 0 4 4
a 535 571 0 1 4
a 535 191 0 28 9
a 542 87 0 1 2
a 542 641 0 38 9
a 544 1216 0 1 6
a 544 1083 0 40 10
a 545 555 0 1 9
a 545 1718 0 12 1
a 548 1341 0 1 2
a 548 876 0 31 4
a 550 177 0 1 1
a 550 736 0 47 5
a 551 507 0 1 4
a 551 631 0 35 1
a 552 345 0 1 2
a 552 921 0 9 10
a 553 621 0 1 3
a 553 1436 0 15 8
a 555 684 0 1 3
a 555 1429 0 12 6
a 556 618 0 1 6
a 556 624 0 33 6
a 566 1285 0 1 2
a 566 1013 0 2 10
a 568 1965 0 1 6
a 568 960 0 47 5
a 569 892 0 1 1
a 569 378 0 21 2
a 570 1727 0 1 4
a 570 1939 0 9 5
a 571 968 0 1 9
a 571 887 0 35 4
a 573 670 0 1 9
a 573 1949 0 28 4
a 575 934 0 1 6
a 575 108 0 27 9
a 578 1474 0 1 4
a 578 270 0 50 2
a 580 45 0 1 3
a 580 588 0 16 6
a 582 544 0 1 5
a 582 580 0 46 8
a 583 1986 0 1 5
a 583 1858 0 15 4
a 584 334 0 1 6
a 584 1141 0 43 5
a 586 483 0 1 6
a 586 808 0 20 4
a 587 958 0 1 4
a 587 1994 0 6 3
a 588 971 0 1 1
a 588 405 0 46 6
a 591 1929 0 1 4
a 591 1597 0 27 4
a 593 614 0 1 4
a 593 494 0 17 9
a 594 709 0 1 1
a 594 1135 0 37 5
a 595 1254 0 1 5
a 595 991 0 2 6
a 600 1291 0 1 10
a 600 1805 0 31 10
a 603 584 0 1 3
a 603 619 0 0 9
a 604 641 0 1 8
a 604 351 0 30 2
a 608 403 0 1 2
a 608 1990 0 25 3
a 610 200 0 1 6
a 610 1334 0 32 4
a 611 1105 0 1 2
a 611 142 0 25 3
a 614 1916 0 1 3
a 614 198 0 25 4
a 617 1549 0 1 6
a 617 716 0 16 1
a 618 1650 0 1 1
a 618 813 0 0 6
a 621 1949 0 1 10
a 621 701 0 36 9
a 623 1246 0 1 2
a 623 873 0 23 9
a 624 288 0 1 3
a 624 533 0 39 3
a 626 1732 0 1 5
a 626 1319 0 30 1
a 630 653 0 1 1
a 630 94 0 2 1
a 631 439 0 1 6
a 631 249 0 3 5
a 634 545 0 1 8
a 634 762 0 19 10
a 635 542 0 1 8
a 635 677 0 14 1
a 636 974 0 1 5
a 636 1578 0 23 2
a 637 793 0 1 3
a 637 1930 0 25 2
a 640 1340 0 1 6
a 640 1987 0 14 10
a 641 1487 0 1 9
a 641 522 0 23 8
a 642 1093 0 1 1
a 642 810 0 3 6
a 643 1480 0 1 9
a 643 1177 0 48 8
a 644 248 0 1 3
a 644 1003 0 25 2
a 645 1985 0 1 10
a 645 1242 0 19 4
a 646 1422 0 1 7
a 646 1768 0 26 7
a 647 834 0 1 9
a 647 261 0 21 4
a 648 710 0 1 1
a 648 1280 0 35 6
a 649 1117 0 1 3
a 649 1223 0 22 2
a 650 277 0 1 10
a 650 1144 0 45 7
a 652 49 0 1 1
a 652 470 0 6 5
a 653 790 0 1 4
a 653 120 0 50 5
a 654 679 0 1 7
a 654 1956 0 28 9
a 655 1336 0 1 6
a 655 903 0 43 7
a 656 1798 0 1 3
a 656 1958 0 47 9
a 657 59 0 1 7
a 657 1901 0 35 6
a 658 1857 0 1 5
a 658 353 0 29 7
a 659 696 0 1 2
a 659 1557 0 2 3
a 661 397 0 1 1
a 661 1282 0 10 1
a 662 580 0 1 9
a 662 822 0 12 1
a 663 1070 0 1 6
a 663 536 0 25 5
a 664 636 0 1 9
a 664 474 0 18 10
a 665 1608 0 1 10
a 665 255 0 42 10
a 667 524 0 1 10
a 667 1094 0 11 9
a 670 868 0 1 4
a 670 1251 0 48 7
a 671 1595 0 1 5
a 671 1109 0 43 3
a 675 594 0 1 1
a 675 1080 0 3 2
a 677 811 0 1 8
a 677 505 0 35 7
a 679 1851 0 1 5
a 679 128 0 39 5
a 680 1054 0 1 8
a 680 1353 0 27 1
a 684 1374 0 1 3
a 684 999 0 31 6
a 685 1253 0 1 8
a 685 1545 0 25 1
a 687 1357 0 1 1
a 687 1007 0 22 2
a 689 75 0 1 3
a 689 252 0 36 7
a 694 1796 0 1 1
a 694 566 0 36 9
a 696 329 0 1 6
a 696 1654 0 46 5
a 702 11 0 1 3
a 702 147 0 48 7
a 705 534 0 1 10
a 705 744 0 23 1
a 708 361 0 1 7
a 708 1558 0 23 1
a 709 1895 0 1 8
a 709 5 0 21 1
a 710 394 0 1 5
a 710 1574 0 45 3
a 711 502 0 1 9
a 711 1510 0 20 3
a 712 1909 0 1 6
a 712 1653 0 34 1
a 715 1849 0 1 8
a 715 1301 0 11 9
a 718 1075 0 1 1
a 718 1643 0 6 10
a 719 911 0 1 10
a 719 1852 0 8 3
a 720 149 0 1 9
a 720 200 0 7 5
a 721 1085 0 1 3
a 721 527 0 15 10
a 723 800 0 1 10
a 723 567 0 17 9
a 724 1179 0 1 8
a 724 947 0 32 10
a 725 952 0 1 7
a 725 1050 0 40 6
a 726 984 0 1 1
a 726 1075 0 14 3
a 727 1649 0 1 7
a 727 1108 0 4 6
a 730 1843 0 1 8
a 730 504 0 28 6
a 735 272 0 1 1
a 735 390 0 22 1
a 738 173 0 1 5
a 738 612 0 26 10
a 740 486 0 1 7
a 740 604 0 50 8
a 742 1099 0 1 8
a 742 1637 0 33 1
a 743 1235 0 1 4
a 743 902 0 39 9
a 746 1778 0 1 7
a 746 134 0 0 5
a 749 721 0 1 6
a 749 1622 0 29 7
a 750 270 0 1 10
a 750 1888 0 11 8
a 751 1764 0 1 8
a 751 1651 0 3 3
a 752 459 0 1 10
a 752 676 0 46 1
a 753 1831 0 1 9
a 753 334 0 24 3
a 757 1036 0 1 9
a 757 441 0 21 7
a 758 1564 0 1 10
a 758 1868 0 6 4
a 766 552 0 1 8
a 766 1879 0 32 8
a 767 1828 0 1 1
a 767 954 0 9 3
a 769 556 0 1 10
a 769 1069 0 4 2
a 770 680 0 1 4
a 770 1937 0 25 1
a 773 929 0 1 7
a 773 516 0 17 7
a 778 462 0 1 1
a 778 1185 0 19 2
a 781 631 0 1 10
a 781 1535 0 21 6
a 782 650 0 1 4
a 782 1821 0 25 8
a 785 1894 0 1 2
a 785 1061 0 14 2
a 786 985 0 1 8
a 786 1070 0 46 5
a 787 278 0 1 4
a 787 500 0 41 5
a 789 1264 0 1 4
a 789 285 0 12 10
a 790 1756 0 1 9
a 790 948 0 48 7
a 792 1957 0 1 6
a 792 599 0 13 3
a 793 1390 0 1 6
a 793 632 0 9 8
a 797 1627 0 1 2
a 797 1548 0 4 7
a 800 1932 0 1 9
a 800 1696 0 4 9
a 802 1150 0 1 1
a 802 827 0 36 1
a 808 957 0 1 2
a 808 1974 0 41 2
a 810 1841 0 1 9
a 810 193 0 1 10
a 811 1884 0 1 10
a 811 1234 0 7 3
a 819 1137 0 1 1
a 819 702 0 35 2
a 821 211 0 1 10
a 821 985 0 25 9
a 822 1430 0 1 6
a 822 889 0 38 10
a 824 98 0 1 4
a 824 165 0 38 1
a 825 608 0 1 8
a 825 1617 0 2 8
a 828 1344 0 1 4
a 828 539 0 9 4
a 830 1326 0 1 6
a 830 1798 0 28 8
a 832 490 0 1 6
a 832 324 0 11 10
a 833 880 0 1 9
a 833 462 0 9 10
a 834 253 0 1 2
a 834 806 0 33 7
a 836 494 0 1 9
a 836 44 0 9 10
a 838 1668 0 1 3
a 838 1271 0 9 8
a 840 356 0 1 5
a 840 1686 0 10 5
a 843 871 0 1 9
a 843 437 0 11 8
a 844 1333 0 1 3
a 844 1479 0 30 9
a 845 1799 0 1 1
a 845 1758 0 44 4
a 852 119 0 1 2
a 852 1543 0 17 10
a 855 986 0 1 7
a 855 310 0 15 10
a 856 1115 0 1 4
a 856 618 0 34 3
a 862 1818 0 1 8
a 862 1446 0 45 6
a 867 1034 0 1 8
a 867 1639 0 7 2
a 868 1539 0 1 5
a 868 1667 0 4 3
a 870 1741 0 1 8
a 870 1916 0 27 4
a 871 1722 0 1 6
a 871 1060 0 46 7
a 873 1197 0 1 8
a 873 1294 0 4 7
a 874 1423 0 1 7
a 874 241 0 13 5
a 875 1557 0 1 6
a 875 848 0 21 2
a 877 705 0 1 3
a 877 803 0 46 2
a 880 72 0 1 3
a 880 1971 0 36 5
a 882 1252 0 1 7
a 882 1916 0 48 8
a 883 635 0 1 1
a 883 937 0 40 7
a 884 1679 0 1 5
a 884 345 0 34 4
a 888 1863 0 1 5
a 888 806 0 20 9
a 892 106 0 1 9
a 892 1586 0 4 5
a 893 553 0 1 2
a 893 682 0 43 8
a 894 318 0 1 6
a 894 546 0 15 1
a 895 1685 0 1 9
a 895 983 0 1 4
a 896 1267 0 1 5
a 896 201 0 26 6
a 900 420 0 1 4
a 900 1079 0 13 8
a 901 16 0 1 2
a 901 1365 0 24 3
a 903 1173 0 1 7
a 903 1657 0 34 8
a 911 1960 0 1 5
a 911 126 0 24 4
a 913 893 0 1 7
a 913 1962 0 22 1
a 916 1411 0 1 8
a 916 1573 0 13 1
a 918 1528 0 1 8
a 918 562 0 50 5
a 920 1687 0 1 8
a 920 1775 0 38 3
a 923 1241 0 1 6
a 923 1719 0 38 2
a 929 1875 0 1 6
a 929 1318 0 5 8
a 930 932 0 1 8
a 930 130 0 48 8
a 932 284 0 1 2
a 932 726 0 13 8
a 934 1455 0 1 8
a 934 727 0 27 9
a 935 583 0 1 1
a 935 575 0 5 8
a 936 1704 0 1 7
a 936 1064 0 16 6
a 938 1518 0 1 10
a 938 1333 0 30 9
a 941 1615 0 1 4
a 941 1706 0 12 7
a 942 1219 0 1 1
a 942 1896 0 45 4
a 944 1046 0 1 1
a 944 804 0 19 1
a 945 657 0 1 6
a 945 1454 0 27 1
a 950 604 0 1 4
a 950 44 0 24 4
a 951 840 0 1 4
a 951 410 0 33 10
a 952 1744 0 1 10
a 952 245 0 47 10
a 954 1873 0 1 8
a 954 1068 0 5 9
a 955 1531 0 1 8
a 955 408 0 16 3
a 957 1526 0 1 8
a 957 236 0 40 1
a 958 1795 0 1 8
a 958 308 0 32 9
a 961 370 0 1 1
a 961 651 0 4 10
a 962 1072 0 1 4
a 962 247 0 7 9
a 963 845 0 1 6
a 963 126 0 40 7
a 965 190 0 1 6
a 965 1163 0 37 8
a 967 1713 0 1 6
a 967 623 0 40 1
a 968 1825 0 1 9
a 968 200 0 43 1
a 970 689 0 1 6
a 970 830 0 22 8
a 971 1207 0 1 1
a 971 245 0 49 10
a 972 1112 0 1 2
a 972 1945 0 38 9
a 973 888 0 1 4
a 973 1980 0 49 10
a 974 1263 0 1 7
a 974 1076 0 32 9
a 976 1471 0 1 5
a 976 1356 0 38 1
a 979 428 0 1 6
a 979 66 0 32 8
a 980 291 0 1 6
a 980 1186 0 12 3
a 981 1604 0 1 4
a 981 1929 0 24 6
a 982 1300 0 1 5
a 982 1721 0 44 3
a 983 1055 0 1 5
a 983 1546 0 36 3
a 984 918 0 1 7
a 984 474 0 26 2
a 985 664 0 1 2
a 985 1009 0 18 6
a 986 1994 0 1 6
a 986 1643 0 46 2
a 988 844 0 1 2
a 988 877 0 45 10
a 989 1601 0 1 9
a 989 1186 0 14 3
a 990 1809 0 1 1
a 990 889 0 48 6
a 991 1461 0 1 4
a 991 1803 0 20 4
a 992 1788 0 1 3
a 992 1226 0 30 7
a 994 962 0 1 10
a 994 1399 0 33 2
a 995 1842 0 1 10
a 995 872 0 4 1
a 998 1337 0 1 10
a 998 380 0 11 7
a 1000 979 0 1 8
a 1000 1750 0 50 10
a 1001 1833 0 1 6
a 1001 392 0 23 2
a 1002 1375 0 1 10
a 1002 1710 0 21 3
a 1005 1540 0 1 7
a 1005 695 0 35 2
a 1006 1736 0 1 5
a 1006 376 0 25 3
a 1007 527 0 1 9
a 1007 1826 0 50 2
a 1009 447 0 1 1
a 1009 911 0 5 10
a 1011 1027 0 1 4
a 1011 1246 0 33 1
a 1012 1699 0 1 8
a 1012 260 0 23 9
a 1015 266 0 1 2
a 1015 880 0 30 5
a 1018 95 0 1 9
a 1018 825 0 9 9
a 1019 1435 0 1 10
a 1019 268 0 36 9
a 1022 1305 0 1 1
a 1022 1559 0 3 8
a 1023 983 0 1 6
a 1023 350 0 18 10
a 1026 727 0 1 2
a 1026 1318 0 43 2
a 1027 991 0 1 9
a 1027 1764 0 15 3
a 1032 1146 0 1 10
a 1032 1136 0 21 3
a 1034 1751 0 1 6
a 1034 1603 0 38 4
a 1036 1086 0 1 3
a 1036 1062 0 42 1
a 1037 1248 0 1 5
a 1037 1431 0 11 5
a 1039 1442 0 1 10
a 1039 572 0 47 10
a 1041 79 0 1 3
a 1041 1589 0 37 3
a 1046 226 0 1 3
a 1046 706 0 31 3
a 1047 961 0 1 3
a 1047 555 0 49 2
a 1048 389 0 1 6
a 1048 735 0 13 2
a 1049 1805 0 1 1
a 1049 1525 0 23 6
a 1050 1543 0 1 2
a 1050 930 0 12 10
a 1053 1556 0 1 9
a 1053 1565 0 23 9
a 1054 1110 0 1 6
a 1054 1509 0 23 5
a 1055 770 0 1 8
a 1055 1871 0 13 10
a 1057 1509 0 1 3
a 1057 413 0 15 10
a 1058 267 0 1 7
a 1058 360 0 32 2
a 1059 387 0 1 3
a 1059 1094 0 32 9
a 1060 1787 0 1 10
a 1060 1936 0 50 3
a 1062 1126 0 1 8
a 1062 960 0 32 8
a 1064 314 0 1 6
a 1064 776 0 25 2
a 1065 2000 0 1 4
a 1065 159 0 36 2
a 1066 1495 0 1 7
a 1066 965 0 7 1
a 1069 1143 0 1 6
a 1069 700 0 13 8
a 1070 1432 0 1 7
a 1070 1234 0 43 4
a 1072 53 0 1 8
a 1072 777 0 0 2
a 1074 1870 0 1 9
a 1074 678 0 46 5
a 1075 1631 0 1 9
a 1075 1195 0 32 2
a 1079 711 0 1 7
a 1079 238 0 43 6
a 1080 227 0 1 7
a 1080 1517 0 50 5
a 1081 1431 0 1 5
a 1081 448 0 45 1
a 1084 331 0 1 4
a 1084 136 0 1 3
a 1085 1419 0 1 10
a 1085 20 0 49 1
a 1086 348 0 1 8
a 1086 651 0 3 8
a 1091 1771 0 1 1
a 1091 142 0 32 9
a 1093 418 0 1 2
a 1093 529 0 44 10
a 1096 830 0 1 7
a 1096 1691 0 32 9
a 1099 1647 0 1 2
a 1099 1891 0 9 1
a 1101 1381 0 1 10
a 1101 1011 0 43 7
a 1102 1476 0 1 4
a 1102 1396 0 44 7
a 1105 1562 0 1 5
a 1105 458 0 19 9
a 1107 8 0 1 6
a 1107 955 0 15 6
a 1109 1079 0 1 10
a 1109 1770 0 35 2
a 1110 1409 0 1 3
a 1110 1154 0 2 7
a 1112 1485 0 1 1
a 1112 20 0 25 8
a 1113 1096 0 1 4
a 1113 644 0 32 6
a 1115 67 0 1 4
a 1115 1702 0 46 6
a 1116 1789 0 1 3
a 1116 1140 0 17 1
a 1117 1041 0 1 9
a 1117 735 0 36 6
a 1119 1159 0 1 4
a 1119 48 0 15 5
a 1122 1923 0 1 3
a 1122 874 0 27 9
a 1124 165 0 1 3
a 1124 1065 0 5 6
a 1125 665 0 1 4
a 1125 343 0 33 1
a 1126 96 0 1 4
a 1126 1475 0 3 2
a 1127 368 0 1 1
a 1127 871 0 28 5
a 1134 1292 0 1 4
a 1134 1011 0 43 2
a 1137 365 0 1 6
a 1137 960 0 12 3
a 1140 1473 0 1 2
a 1140 546 0 41 4
a 1142 1464 0 1 6
a 1142 912 0 0 6
a 1143 1163 0 1 9
a 1143 876 0 3 1
a 1145 62 0 1 9
a 1145 1152 0 19 9
a 1146 1448 0 1 9
a 1146 1778 0 21 1
a 1147 1405 0 1 5
a 1147 369 0 44 3
a 1150 1534 0 1 7
a 1150 520 0 38 1
a 1151 781 0 1 3
a 1151 922 0 24 5
a 1155 99 0 1 4
a 1155 905 0 14 9
a 1157 366 0 1 3
a 1157 766 0 46 9
a 1158 894 0 1 1
a 1158 1185 0 8 2
a 1159 913 0 1 4
a 1159 892 0 31 3
a 1160 458 0 1 10
a 1160 1491 0 19 7
a 1161 836 0 1 7
a 1161 1312 0 7 7
a 1163 271 0 1 5
a 1163 1065 0 34 4
a 1164 514 0 1 4
a 1164 374 0 35 8
a 1171 73 0 1 5
a 1171 1266 0 16 2
a 1173 1048 0 1 5
a 1173 754 0 43 7
a 1175 644 0 1 9
a 1175 1897 0 2 7
a 1178 967 0 1 6
a 1178 224 0 27 7
a 1179 1155 0 1 1
a 1179 990 0 30 2
a 1183 1582 0 1 4
a 1183 728 0 47 4
a 1185 550 0 1 1
a 1185 592 0 19 1
a 1186 1215 0 1 4
a 1186 1511 0 29 3
a 1190 1864 0 1 2
a 1190 1894 0 40 5
a 1195 715 0 1 8
a 1195 814 0 46 10
a 1197 1533 0 1 10
a 1197 1190 0 40 3
a 1198 1862 0 1 9
a 1198 1095 0 45 4
a 1200 50 0 1 5
a 1200 742 0 21 1
a 1201 874 0 1 4
a 1201 1302 0 50 9
a 1202 1378 0 1 9
a 1202 1107 0 18 6
a 1203 1510 0 1 7
a 1203 18 0 6 6
a 1207 1584 0 1 3
a 1207 1888 0 24 4
a 1211 1910 0 1 6
a 1211 1055 0 1 4
a 1212 988 0 1 6
a 1212 1300 0 41 5
a 1215 239 0 1 10
a 1215 222 0 42 6
a 1216 1804 0 1 7
a 1216 1894 0 25 6
a 1219 192 0 1 8
a 1219 1371 0 5 9
a 1228 1719 0 1 8
a 1228 713 0 47 1
a 1231 990 0 1 5
a 1231 421 0 47 4
a 1235 214 0 1 7
a 1235 1394 0 9 1
a 1237 973 0 1 1
a 1237 1295 0 40 7
a 1238 1614 0 1 10
a 1238 1417 0 18 3
a 1241 1330 0 1 6
a 1241 213 0 46 9
a 1244 802 0 1 4
a 1244 1886 0 46 7
a 1246 1280 0 1 6
a 1246 46 0 4 3
a 1247 1453 0 1 3
a 1247 937 0 46 1
a 1248 649 0 1 6
a 1248 529 0 39 6
a 1251 1747 0 1 9
a 1251 794 0 43 9
a 1252 1661 0 1 3
a 1252 1138 0 39 2
a 1253 1566 0 1 8
a 1253 1366 0 14 9
a 1254 1907 0 1 7
a 1254 422 0 21 8
a 1255 724 0 1 7
a 1255 1119 0 44 9
a 1256 78 0 1 8
a 1256 801 0 35 9
a 1260 593 0 1 9
a 1260 1945 0 45 9
a 1263 1355 0 1 5
a 1263 1971 0 23 2
a 1264 285 0 1 3
a 1264 595 0 8 5
a 1266 1578 0 1 7
a 1266 1672 0 31 5
a 1267 1669 0 1 4
a 1267 1853 0 3 5
a 1270 930 0 1 6
a 1270 137 0 49 8
a 1271 867 0 1 3
a 1271 1754 0 7 1
a 1273 1066 0 1 3
a 1273 751 0 28 10
a 1277 667 0 1 8
a 1277 710 0 45 2
a 1278 656 0 1 2
a 1278 1804 0 8 2
a 1280 1931 0 1 3
a 1280 652 0 40 10
a 1284 1718 0 1 3
a 1284 1392 0 27 6
a 1285 1962 0 1 9
a 1285 1320 0 4 7
a 1290 1498 0 1 7
a 1290 1670 0 42 1
a 1291 1303 0 1 5
a 1291 1179 0 31 6
a 1292 1793 0 1 6
a 1292 1654 0 31 9
a 1295 1542 0 1 1
a 1295 1869 0 21 4
a 1298 1057 0 1 10
a 1298 59 0 18 8
a 1300 792 0 1 6
a 1300 145 0 49 1
a 1303 1616 0 1 3
a 1303 845 0 8 1
a 1305 600 0 1 9
a 1305 481 0 2 7
a 1306 1352 0 1 9
a 1306 791 0 3 8
a 1307 1522 0 1 6
a 1307 1261 0 44 2
a 1315 460 0 1 8
a 1315 113 0 47 2
a 1323 358 0 1 4
a 1323 1467 0 34 6
a 1325 750 0 1 8
a 1325 693 0 13 7
a 1326 207 0 1 1
a 1326 890 0 3 3
a 1329 1065 0 1 7
a 1329 1598 0 48 2
a 1330 1563 0 1 6
a 1330 1583 0 0 2
a 1333 1567 0 1 7
a 1333 948 0 10 9
a 1335 206 0 1 1
a 1335 732 0 6 9
a 1336 1832 0 1 7
a 1336 773 0 35 7
a 1337 281 0 1 7
a 1337 1775 0 25 6
a 1340 343 0 1 1
a 1340 264 0 45 5
a 1341 642 0 1 1
a 1341 1745 0 36 3
a 1344 350 0 1 7
a 1344 1338 0 45 8
a 1347 243 0 1 4
a 1347 1017 0 46 4
a 1348 1363 0 1 8
a 1348 1164 0 44 5
a 1349 875 0 1 4
a 1349 1710 0 34 4
a 1352 216 0 1 10
a 1352 28 0 7 3
a 1353 111 0 1 10
a 1353 12 0 23 6
a 1354 972 0 1 2
a 1354 1283 0 9 7
a 1355 1447 0 1 1
a 1355 1077 0 3 9
a 1357 797 0 1 7
a 1357 167 0 11 7
a 1359 1019 0 1 7
a 1359 679 0 46 5
a 1361 1488 0 1 8
a 1361 1429 0 35 6
a 1363 954 0 1 2
a 1363 902 0 34 9
a 1367 147 0 1 7
a 1367 1939 0 45 4
a 1373 437 0 1 3
a 1373 900 0 42 3
a 1374 1477 0 1 2
a 1374 205 0 15 6
a 1375 13 0 1 4
a 1375 1026 0 1 8
a 1377 1808 0 1 6
a 1377 927 0 32 8
a 1378 1298 0 1 8
a 1378 1216 0 28 2
a 1379 114 0 1 8
a 1379 1775 0 36 9
a 1380 1850 0 1 7
a 1380 1009 0 23 4
a 1381 1712 0 1 1
a 1381 1274 0 15 6
a 1382 1721 0 1 6
a 1382 1016 0 11 2
a 1383 107 0 1 10
a 1383 31 0 11 6
a 1384 856 0 1 7
a 1384 420 0 47 2
a 1388 626 0 1 7
a 1388 774 0 19 9
a 1390 445 0 1 3
a 1390 136 0 47 10
a 1391 1801 0 1 1
a 1391 66 0 21 2
a 1392 1780 0 1 1
a 1392 1669 0 21 3
a 1397 371 0 1 1
a 1397 939 0 17 9
a 1398 280 0 1 5
a 1398 1940 0 0 7
a 1399 1717 0 1 7
a 1399 1726 0 2 5
a 1402 30 0 1 3
a 1402 1697 0 9 2
a 1404 746 0 1 6
a 1404 1408 0 37 4
a 1405 1011 0 1 7
a 1405 1276 0 48 6
a 1406 1325 0 1 7
a 1406 1033 0 7 9
a 1407 661 0 1 9
a 1407 1468 0 33 3
a 1409 1996 0 1 1
a 1409 893 0 15 6
a 1411 1500 0 1 8
a 1411 118 0 49 8
a 1415 1812 0 1 4
a 1415 1594 0 23 1
a 1416 778 0 1 9
a 1416 1629 0 34 8
a 1418 1277 0 1 4
a 1418 548 0 38 7
a 1419 1388 0 1 6
a 1419 969 0 5 7
a 1421 719 0 1 5
a 1421 1158 0 15 9
a 1422 1026 0 1 5
a 1422 623 0 3 10
a 1423 738 0 1 2
a 1423 1284 0 9 7
a 1424 120 0 1 3
a 1424 271 0 31 2
a 1425 1558 0 1 7
a 1425 1813 0 10 5
a 1426 726 0 1 8
a 1426 1314 0 5 4
a 1427 687 0 1 6
a 1427 429 0 2 3
a 1430 1655 0 1 2
a 1430 708 0 28 1
a 1431 1757 0 1 4
a 1431 759 0 38 7
a 1432 1436 0 1 6
a 1432 135 0 46 5
a 1435 1871 0 1 5
a 1435 1228 0 5 5
a 1436 1800 0 1 4
a 1436 1810 0 28 9
a 1440 1853 0 1 3
a 1440 1233 0 48 2
a 1442 1677 0 1 9
a 1442 1284 0 49 1
a 1445 1706 0 1 5
a 1445 1716 0 35 6
a 1447 1535 0 1 2
a 1447 670 0 32 2
a 1448 298 0 1 4
a 1448 1884 0 6 10
a 1450 566 0 1 5
a 1450 570 0 42 4
a 1452 725 0 1 8
a 1452 1677 0 20 7
a 1453 377 0 1 2
a 1453 845 0 27 8
a 1455 712 0 1 5
a 1455 458 0 1 5
a 1461 1116 0 1 4
a 1461 79 0 17 8
a 1464 595 0 1 1
a 1464 898 0 41 3
a 1471 1058 0 1 5
a 1471 1433 0 7 2
a 1473 766 0 1 9
a 1473 1547 0 33 4
a 1474 171 0 1 10
a 1474 199 0 49 8
a 1475 261 0 1 2
a 1475 808 0 44 6
a 1476 320 0 1 4
a 1476 951 0 49 4
a 1477 821 0 1 10
a 1477 915 0 9 6
a 1480 102 0 1 6
a 1480 1426 0 0 4
a 1481 1748 0 1 6
a 1481 1097 0 19 3
a 1482 1160 0 1 3
a 1482 1312 0 4 1
a 1485 1306 0 1 6
a 1485 1582 0 39 2
a 1487 1427 0 1 6
a 1487 1377 0 11 10
a 1488 822 0 1 3
a 1488 1291 0 8 3
a 1490 109 0 1 3
a 1490 490 0 45 3
a 1491 1329 0 1 5
a 1491 272 0 47 2
a 1492 57 0 1 4
a 1492 38 0 20 8
a 1494 137 0 1 3
a 1494 1347 0 42 10
a 1495 1373 0 1 10
a 1495 1350 0 12 7
a 1498 456 0 1 1
a 1498 1242 0 0 5
a 1500 480 0 1 4
a 1500 100 0 47 9
a 1501 110 0 1 9
a 1501 1940 0 45 9
a 1504 586 0 1 3
a 1504 737 0 1 1
a 1506 1255 0 1 9
a 1506 175 0 16 8
a 1507 1450 0 1 5
a 1507 1332 0 46 3
a 1509 12 0 1 9
a 1509 944 0 26 6
a 1510 1081 0 1 10
a 1510 1079 0 36 7
a 1512 1696 0 1 8
a 1512 1555 0 41 7
a 1515 1290 0 1 6
a 1515 1374 0 35 9
a 1516 1491 0 1 10
a 1516 588 0 43 10
a 1517 1147 0 1 9
a 1517 698 0 24 7
a 1518 659 0 1 4
a 1518 1564 0 34 6
a 1519 938 0 1 4
a 1519 1473 0 25 9
a 1522 944 0 1 1
a 1522 584 0 13 2
a 1523 742 0 1 7
a 1523 1247 0 23 4
a 1524 1547 0 1 3
a 1524 19 0 15 7
a 1526 753 0 1 5
a 1526 231 0 20 10
a 1528 369 0 1 3
a 1528 1152 0 28 2
a 1531 588 0 1 9
a 1531 1222 0 22 1
a 1532 1295 0 1 6
a 1532 516 0 12 1
a 1533 1519 0 1 5
a 1533 1619 0 23 7
a 1534 654 0 1 10
a 1534 262 0 38 3
a 1535 25 0 1 3
a 1535 72 0 4 4
a 1536 234 0 1 5
a 1536 1938 0 34 3
a 1538 381 0 1 5
a 1538 1273 0 15 1
a 1539 1379 0 1 3
a 1539 1983 0 20 1
a 1540 1119 0 1 3
a 1540 1719 0 40 6
a 1541 475 0 1 7
a 1541 147 0 13 3
a 1542 1816 0 1 1
a 1542 532 0 33 1
a 1543 1380 0 1 4
a 1543 718 0 42 6
a 1546 819 0 1 10
a 1546 631 0 4 2
a 1547 1815 0 1 4
a 1547 1082 0 1 4
a 1549 989 0 1 8
a 1549 1861 0 10 10
a 1552 136 0 1 9
a 1552 1588 0 9 6
a 1555 645 0 1 9
a 1555 892 0 46 10
a 1556 199 0 1 5
a 1556 1355 0 26 8
a 1557 749 0 1 9
a 1557 1092 0 25 2
a 1558 1715 0 1 6
a 1558 1625 0 34 5
a 1559 1583 0 1 3
a 1559 1614 0 28 9
a 1561 1672 0 1 7
a 1561 1714 0 6 8
a 1562 1022 0 1 6
a 1562 143 0 2 3
a 1563 425 0 1 5
a 1563 1685 0 7 6
a 1564 1151 0 1 9
a 1564 179 0 20 2
a 1565 1772 0 1 6
a 1565 731 0 23 6
a 1566 1698 0 1 6
a 1566 1019 0 18 3
a 1567 1392 0 1 3
a 1567 1876 0 46 3
a 1569 1917 0 1 2
a 1569 1909 0 46 9
a 1576 532 0 1 7
a 1576 133 0 44 7
a 1578 93 0 1 6
a 1578 1357 0 50 10
a 1579 1810 0 1 6
a 1579 1994 0 17 9
a 1582 1504 0 1 7
a 1582 1185 0 8 3
a 1583 275 0 1 7
a 1583 1926 0 8 4
a 1584 1494 0 1 9
a 1584 1951 0 35 6
a 1586 1937 0 1 3
a 1586 1079 0 44 7
a 1590 1415 0 1 3
a 1590 619 0 17 3
a 1592 1080 0 1 10
a 1592 1031 0 33 7
a 1593 1015 0 1 8
a 1593 1215 0 39 5
a 1594 1773 0 1 5
a 1594 1627 0 45 4
a 1595 1758 0 1 4
a 1595 562 0 16 1
a 1601 448 0 1 2
a 1601 673 0 33 10
a 1603 1023 0 1 9
a 1603 1306 0 12 8
a 1604 1397 0 1 2
a 1604 463 0 8 3
a 1607 1639 0 1 9
a 1607 1398 0 8 6
a 1608 1359 0 1 5
a 1608 672 0 11 9
a 1609 408 0 1 3
a 1609 1673 0 25 1
a 1612 265 0 1 6
a 1612 1878 0 39 2
a 1614 1946 0 1 8
a 1614 1871 0 6 10
a 1615 1904 0 1 5
a 1615 753 0 48 3
a 1616 105 0 1 2
a 1616 1855 0 19 2
a 1620 610 0 1 9
a 1620 375 0 19 6
a 1622 325 0 1 10
a 1622 738 0 47 6
a 1624 88 0 1 8
a 1624 1045 0 12 1
a 1627 1200 0 1 6
a 1627 1322 0 37 9
a 1631 1421 0 1 10
a 1631 1957 0 45 3
a 1636 671 0 1 6
a 1636 1284 0 38 10
a 1638 1482 0 1 4
a 1638 1884 0 9 4
a 1639 1517 0 1 10
a 1639 297 0 1 5
a 1640 1164 0 1 3
a 1640 635 0 35 1
a 1641 1975 0 1 5
a 1641 758 0 8 3
a 1642 655 0 1 3
a 1642 1951 0 23 3
a 1643 1817 0 1 9
a 1643 1059 0 49 1
a 1646 1729 0 1 4
a 1646 890 0 10 9
a 1647 643 0 1 10
a 1647 1986 0 45 4
a 1649 444 0 1 6
a 1649 443 0 5 7
a 1650 702 0 1 1
a 1650 386 0 28 1
a 1655 994 0 1 1
a 1655 775 0 42 3
a 1660 376 0 1 9
a 1660 566 0 40 7
a 1661 411 0 1 2
a 1661 1160 0 9 1
a 1664 63 0 1 2
a 1664 1980 0 28 4
a 1668 617 0 1 1
a 1668 1652 0 40 10
a 1669 1855 0 1 6
a 1669 1048 0 9 5
a 1671 224 0 1 3
a 1671 799 0 47 1
a 1672 1576 0 1 7
a 1672 1544 0 36 2
a 1675 501 0 1 5
a 1675 1385 0 15 1
a 1676 1565 0 1 9
a 1676 884 0 6 6
a 1677 652 0 1 9
a 1677 1601 0 46 9
a 1678 1754 0 1 3
a 1678 1149 0 20 4
a 1679 1157 0 1 1
a 1679 1633 0 2 6
a 1682 1416 0 1 9
a 1682 1262 0 39 8
a 1685 382 0 1 6
a 1685 341 0 34 8
a 1687 342 0 1 7
a 1687 566 0 47 8
a 1688 1642 0 1 7
a 1688 1359 0 21 6
a 1693 663 0 1 5
a 1693 1577 0 40 8
a 1696 83 0 1 7
a 1696 50 0 43 6
a 1698 965 0 1 4
a 1698 642 0 35 1
a 1699 1124 0 1 9
a 1699 349 0 44 5
a 1700 217 0 1 7
a 1700 1801 0 6 8
a 1704 941 0 1 2
a 1704 589 0 45 8
a 1705 1999 0 1 5
a 1705 1620 0 1 8
a 1706 935 0 1 5
a 1706 1824 0 47 3
a 1710 1984 0 1 5
a 1710 1824 0 1 7
a 1712 1256 0 1 1
a 1712 549 0 36 2
a 1713 125 0 1 7
a 1713 1201 0 39 4
a 1715 1006 0 1 9
a 1715 1369 0 27 8
a 1717 1348 0 1 1
a 1717 584 0 42 9
a 1718 195 0 1 10
a 1718 1620 0 31 7
a 1719 1872 0 1 4
a 1719 844 0 2 9
a 1720 262 0 1 5
a 1720 232 0 16 7
a 1721 1938 0 1 9
a 1721 450 0 37 10
a 1722 1845 0 1 1
a 1722 451 0 36 2
a 1727 1142 0 1 4
a 1727 265 0 9 1
a 1729 29 0 1 10
a 1729 1748 0 24 4
a 1731 882 0 1 2
a 1731 1355 0 4 6
a 1732 1624 0 1 2
a 1732 1335 0 10 10
a 1733 346 0 1 7
a 1733 729 0 16 4
a 1734 1523 0 1 1
a 1734 270 0 48 4
a 1736 1032 0 1 6
a 1736 1085 0 25 10
a 1741 758 0 1 5
a 1741 1858 0 19 6
a 1742 174 0 1 6
a 1742 12 0 19 6
a 1743 1834 0 1 4
a 1743 1523 0 20 10
a 1744 1247 0 1 1
a 1744 1624 0 27 1
a 1747 1743 0 1 1
a 1747 1549 0 2 5
a 1748 219 0 1 2
a 1748 1204 0 12 7
a 1749 582 0 1 10
a 1749 88 0 42 3
a 1751 1990 0 1 2
a 1751 1700 0 11 9
a 1754 1869 0 1 3
a 1754 952 0 17 7
a 1756 1823 0 1 5
a 1756 1310 0 14 2
a 1757 1915 0 1 10
a 1757 1486 0 14 7
a 1758 1821 0 1 2
a 1758 1022 0 27 4
a 1762 197 0 1 1
a 1762 939 0 44 2
a 1763 648 0 1 7
a 1763 1941 0 14 3
a 1764 128 0 1 5
a 1764 1815 0 31 2
a 1765 32 0 1 2
a 1765 955 0 17 6
a 1766 611 0 1 2
a 1766 214 0 40 7
a 1767 1109 0 1 2
a 1767 1456 0 2 6
a 1768 1939 0 1 1
a 1768 1373 0 44 6
a 1769 900 0 1 8
a 1769 1282 0 9 2
a 1771 1766 0 1 10
a 1771 1317 0 40 2
a 1772 623 0 1 3
a 1772 1839 0 9 6
a 1773 1765 0 1 10
a 1773 1072 0 24 8
a 1774 1607 0 1 1
a 1774 1097 0 15 6
a 1778 273 0 1 9
a 1778 1480 0 32 1
a 1780 808 0 1 8
a 1780 1639 0 46 10
a 1782 1307 0 1 2
a 1782 1869 0 48 8
a 1787 708 0 1 6
a 1787 796 0 35 2
a 1788 31 0 1 1
a 1788 1195 0 6 6
a 1789 1742 0 1 9
a 1789 803 0 49 4
a 1793 1107 0 1 7
a 1793 1091 0 33 1
a 1794 942 0 1 5
a 1794 1259 0 21 1
a 1795 570 0 1 9
a 1795 126 0 20 2
a 1796 4 0 1 9
a 1796 1460 0 32 9
a 1798 1905 0 1 7
a 1798 352 0 49 7
a 1799 1228 0 1 9
a 1799 21 0 8 5
a 1800 1763 0 1 7
a 1800 1025 0 15 5
a 1801 1767 0 1 2
a 1801 96 0 11 7
a 1803 1377 0 1 2
a 1803 1728 0 41 9
a 1804 1178 0 1 5
a 1804 627 0 26 2
a 1805 895 0 1 1
a 1805 1108 0 19 6
a 1806 70 0 1 7
a 1806 523 0 3 4
a 1808 1000 0 1 5
a 1808 1815 0 37 1
a 1809 789 0 1 10
a 1809 1816 0 50 6
a 1810 374 0 1 8
a 1810 534 0 30 9
a 1812 981 0 1 10
a 1812 508 0 27 4
a 1815 963 0 1 9
a 1815 1046 0 16 10
a 1816 1675 0 1 10
a 1816 154 0 16 2
a 1817 1018 0 1 5
a 1817 509 0 36 6
a 1818 151 0 1 5
a 1818 1541 0 47 3
a 1819 1636 0 1 8
a 1819 1894 0 32 2
a 1821 1734 0 1 3
a 1821 1669 0 38 10
a 1822 306 0 1 10
a 1822 156 0 32 8
a 1823 170 0 1 2
a 1823 798 0 3 5
a 1825 828 0 1 1
a 1825 1199 0 37 7
a 1828 862 0 1 10
a 1828 1321 0 6 5
a 1831 471 0 1 2
a 1831 1351 0 3 4
a 1832 498 0 1 6
a 1832 658 0 32 8
a 1833 1885 0 1 9
a 1833 1743 0 31 6
a 1834 767 0 1 9
a 1834 1824 0 47 1
a 1836 1190 0 1 6
a 1836 891 0 40 8
a 1838 575 0 1 6
a 1838 1518 0 20 4
a 1839 751 0 1 7
a 1839 1330 0 37 7
a 1840 647 0 1 8
a 1840 768 0 43 9
a 1841 1646 0 1 5
a 1841 1043 0 16 5
a 1842 1001 0 1 3
a 1842 337 0 17 9
a 1843 1868 0 1 3
a 1843 19 0 28 8
a 1845 1555 0 1 2
a 1845 1974 0 47 1
a 1849 138 0 1 9
a 1849 111 0 36 5
a 1850 1852 0 1 5
a 1850 1210 0 35 5
a 1851 877 0 1 1
a 1851 949 0 43 7
a 1852 398 0 1 1
a 1852 1042 0 32 4
a 1853 773 0 1 1
a 1853 665 0 25 1
a 1855 1958 0 1 8
a 1855 570 0 49 2
a 1856 43 0 1 1
a 1856 808 0 32 5
a 1857 1354 0 1 4
a 1857 1260 0 46 6
a 1862 1185 0 1 2
a 1862 1424 0 6 4
a 1863 843 0 1 3
a 1863 1522 0 36 4
a 1864 330 0 1 3
a 1864 536 0 3 7
a 1865 1638 0 1 5
a 1865 1977 0 22 2
a 1868 159 0 1 5
a 1868 1537 0 45 9
a 1869 1516 0 1 5
a 1869 149 0 19 7
a 1870 167 0 1 7
a 1870 272 0 29 6
a 1871 896 0 1 9
a 1871 1131 0 36 9
a 1872 1622 0 1 4
a 1872 1580 0 30 1
a 1873 290 0 1 6
a 1873 1693 0 26 9
a 1875 1171 0 1 9
a 1875 1940 0 22 1
a 1880 1183 0 1 6
a 1880 711 0 18 1
a 1881 355 0 1 7
a 1881 1903 0 4 1
a 1883 1925 0 1 3
a 1883 1635 0 34 10
a 1884 1260 0 1 6
a 1884 1425 0 24 10
a 1885 354 0 1 2
a 1885 1791 0 5 1
a 1886 992 0 1 5
a 1886 347 0 31 4
a 1894 1968 0 1 4
a 1894 413 0 48 7
a 1895 901 0 1 7
a 1895 90 0 8 10
a 1904 870 0 1 9
a 1904 1110 0 23 1
a 1905 995 0 1 9
a 1905 669 0 7 4
a 1907 718 0 1 5
a 1907 1065 0 22 5
a 1908 662 0 1 8
a 1908 559 0 17 3
a 1909 205 0 1 3
a 1909 328 0 5 3
a 1910 923 0 1 3
a 1910 1236 0 34 4
a 1912 218 0 1 6
a 1912 401 0 31 3
a 1915 551 0 1 5
a 1915 474 0 27 6
a 1916 176 0 1 9
a 1916 354 0 6 1
a 1917 1452 0 1 6
a 1917 1827 0 36 2
a 1919 1134 0 1 6
a 1919 86 0 1 6
a 1923 295 0 1 9
a 1923 665 0 33 4
a 1924 103 0 1 1
a 1924 1112 0 35 1
a 1925 1069 0 1 5
a 1925 1433 0 11 6
a 1929 1211 0 1 10
a 1929 986 0 1 10
a 1931 677 0 1 1
a 1931 1059 0 35 9
a 1932 1579 0 1 2
a 1932 1248 0 47 7
a 1935 1481 0 1 1
a 1935 883 0 20 10
a 1936 1064 0 1 7
a 1936 1282 0 10 10
a 1937 1961 0 1 5
a 1937 729 0 22 8
a 1938 1445 0 1 5
a 1938 1012 0 16 1
a 1939 998 0 1 6
a 1939 945 0 6 1
a 1946 392 0 1 8
a 1946 369 0 28 3
a 1947 1590 0 1 5
a 1947 840 0 1 5
a 1949 1952 0 1 6
a 1949 1416 0 44 9
a 1950 1536 0 1 8
a 1950 1421 0 30 10
a 1951 1347 0 1 6
a 1951 1452 0 42 3
a 1952 1908 0 1 6
a 1952 102 0 17 6
a 1955 427 0 1 8
a 1955 1571 0 6 7
a 1957 122 0 1 1
a 1957 1770 0 35 10
a 1958 1507 0 1 8
a 1958 1793 0 36 6
a 1960 735 0 1 4
a 1960 1496 0 10 10
a 1961 201 0 1 9
a 1961 1327 0 16 7
a 1962 740 0 1 7
a 1962 1761 0 0 4
a 1965 1641 0 1 1
a 1965 1798 0 28 8
a 1968 148 0 1 8
a 1968 612 0 0 6
a 1972 1367 0 1 6
a 1972 1103 0 15 3
a 1975 1794 0 1 6
a 1975 1985 0 25 3
a 1979 1053 0 1 10
a 1979 1751 0 19 2
a 1983 982 0 1 9
a 1983 349 0 47 7
a 1984 1664 0 1 9
a 1984 768 0 12 10
a 1985 1424 0 1 10
a 1985 1585 0 33 5
a 1986 1175 0 1 5
a 1986 1811 0 23 6
a 1990 720 0 1 10
a 1990 659 0 19 5
a 1994 920 0 1 3
a 1994 140 0 18 3
a 1996 347 0 1 1
a 1996 1932 0 27 2
