c PyNETGEN v1.0.0
c $ pip install pynetgen
c
c  NETGEN flow network generation algorithm
c  Problem input parameters
c  -------------------------------------
c   Random seed:          14
c   Number of nodes:      2000
c   Source nodes:         2
c   Sink nodes:           2
c   Number of arcs:       4000
c   Minimum arc cost:     1
c   Maximum arc cost:     10
c   Total supply:         50
c   Transshipment -
c     Sources:            0
c     Sinks:              0
c   Skeleton arcs -
c     With max cost:      0
c     Capacitated:        100
c   Minimum arc capacity: 0
c   Maximum arc capacity: 50
c
c  *** Minimum cost flow ***
c
p min 2000 4000
n 1 46
n 2 4
n 1999 -24
n 2000 -26
a 1 446 0 46 10
a 1 1694 0 22 6
a 4 423 0 46 5
a 4 1947 0 27 3
a 4 1538 0 33 7
a 5 93 0 46 2
a 5 517 0 13 7
a 6 1730 0 46 9
a 6 295 0 23 10
a 6 1897 0 0 4
a 7 155 0 46 1
a 7 203 0 22 3
a 7 1065 0 11 10
a 12 1072 0 46 4
a 12 1168 0 28 7
a 12 1110 0 48 5
a 13 320 0 46 4
a 13 496 0 7 3
a 18 28 0 46 4
a 18 64 0 28 6
a 19 551 0 46 9
a 19 1900 0 38 10
a 21 640 0 46 10
a 21 1021 0 50 2
a 22 1559 0 46 2
a 22 721 0 37 10
a 25 1398 0 46 6
a 25 1659 0 44 9
a 26 453 0 46 6
a 26 1359 0 27 9
a 27 1701 0 46 6
a 27 904 0 26 6
a 28 1157 0 46 10
a 28 1520 0 4 3
a 30 1862 0 46 3
a 30 1018 0 46 5
a 32 1833 0 46 3
a 32 175 0 35 10
a 33 250 0 46 10
a 33 1578 0 37 1
a 34 1300 0 46 9
a 34 1458 0 8 7
a 35 1114 0 46 4
a 35 1446 0 47 7
a 36 158 0 46 6
a 36 1362 0 50 6
a 40 968 0 46 7
a 40 478 0 49 6
a 42 538 0 46 7
a 42 339 0 39 8
a 44 1393 0 46 4
a 44 1532 0 37 7
a 45 513 0 46 10
a 45 195 0 35 9
a 46 244 0 46 6
a 46 401 0 8 3
a 47 726 0 46 7
a 47 489 0 17 4
a 50 894 0 46 3
a 50 73 0 15 9
a 52 1080 0 46 9
a 52 1121 0 46 7
a 53 391 0 46 3
a 53 1665 0 21 7
a 54 740 0 46 5
a 54 23 0 42 8
a 57 1066 0 46 1
a 57 1347 0 14 1
a 58 1631 0 46 4
a 58 608 0 25 2
a 59 361 0 46 7
a 59 82 0 29 9
a 65 793 0 46 7
a 65 1587 0 38 3
a 66 1834 0 46 4
a 66 908 0 49 5
a 67 908 0 46 6
a 67 1004 0 31 1
a 69 672 0 46 2
a 69 496 0 28 9
a 70 1493 0 46 3
a 70 381 0 14 6
a 71 422 0 46 9
a 71 1965 0 31 7
a 72 784 0 46 7
a 72 1447 0 29 5
a 73 1089 0 46 1
a 73 638 0 9 8
a 75 7 0 46 6
a 75 1544 0 22 1
a 77 863 0 46 8
a 77 705 0 41 7
a 78 1654 0 46 1
a 78 84 0 8 7
a 82 1612 0 46 5
a 82 1391 0 48 5
a 83 967 0 46 8
a 83 160 0 31 2
a 84 695 0 46 7
a 84 1828 0 13 1
a 88 1788 0 46 3
a 88 1167 0 37 4
a 89 34 0 46 1
a 89 1920 0 45 7
a 90 1316 0 46 4
a 90 1184 0 18 9
a 91 1086 0 46 1
a 91 1181 0 9 10
a 93 195 0 46 4
a 93 1141 0 1 3
a 95 1761 0 46 8
a 95 531 0 44 1
a 98 385 0 46 5
a 98 538 0 40 6
a 100 1963 0 46 3
a 100 112 0 50 3
a 102 1826 0 46 6
a 102 209 0 19 7
a 103 1924 0 46 4
a 103 1475 0 15 7
a 104 1503 0 46 1
a 104 1532 0 26 4
a 105 990 0 46 10
a 105 220 0 35 6
a 106 1732 0 46 3
a 106 129 0 17 3
a 110 906 0 46 7
a 110 628 0 50 10
a 111 808 0 46 8
a 111 217 0 31 5
a 112 191 0 46 2
a 112 228 0 1 9
a 113 331 0 46 8
a 113 1301 0 44 9
a 114 1623 0 46 6
a 114 261 0 45 6
a 117 956 0 46 2
a 117 903 0 8 5
a 118 1054 0 46 10
a 118 770 0 1 6
a 119 1969 0 46 6
a 119 1803 0 37 8
a 124 703 0 46 3
a 124 1734 0 47 7
a 125 1346 0 46 10
a 125 1463 0 49 8
a 126 1344 0 46 5
a 126 749 0 42 7
a 127 1590 0 46 1
a 127 810 0 39 5
a 132 1898 0 46 5
a 132 971 0 12 3
a 134 1917 0 46 5
a 134 1770 0 25 3
a 135 1034 0 46 5
a 135 421 0 6 1
a 136 1632 0 46 9
a 136 1397 0 23 9
a 139 1203 0 46 7
a 139 513 0 28 4
a 140 678 0 46 6
a 140 1350 0 19 5
a 141 395 0 46 3
a 141 1920 0 41 8
a 143 674 0 46 5
a 143 98 0 20 7
a 144 1920 0 46 10
a 144 872 0 23 10
a 150 1141 0 46 2
a 150 1915 0 14 8
a 151 106 0 46 7
a 151 250 0 48 10
a 155 1309 0 46 4
a 155 1087 0 30 6
a 156 1765 0 46 3
a 156 1869 0 47 10
a 158 819 0 46 10
a 158 396 0 2 6
a 160 1672 0 46 8
a 160 957 0 31 4
a 161 53 0 46 7
a 161 1573 0 41 9
a 162 1562 0 46 10
a 162 281 0 32 5
a 167 630 0 46 8
a 167 1729 0 49 8
a 168 33 0 46 9
a 168 1776 0 21 5
a 173 193 0 46 7
a 173 398 0 22 5
a 174 1841 0 46 6
a 174 1669 0 12 2
a 176 1378 0 46 9
a 176 725 0 14 8
a 177 58 0 46 7
a 177 932 0 3 9
a 178 408 0 46 5
a 178 681 0 17 9
a 179 442 0 46 10
a 179 535 0 45 8
a 181 36 0 46 4
a 181 686 0 7 9
a 182 139 0 46 3
a 182 655 0 43 2
a 185 875 0 46 3
a 185 794 0 46 5
a 191 1315 0 46 5
a 191 1918 0 37 2
a 193 1954 0 46 6
a 193 584 0 43 8
a 194 651 0 46 2
a 194 523 0 25 3
a 195 177 0 46 4
a 195 883 0 32 8
a 197 1734 0 46 5
a 197 1903 0 49 7
a 198 1545 0 46 5
a 198 1088 0 46 7
a 200 794 0 46 5
a 200 570 0 21 8
a 201 844 0 46 4
a 201 1889 0 48 6
a 202 179 0 46 2
a 202 951 0 13 9
a 204 943 0 46 6
a 204 1093 0 48 6
a 205 1817 0 46 9
a 205 1739 0 24 3
a 210 885 0 46 8
a 210 1563 0 35 6
a 211 791 0 46 2
a 211 224 0 34 9
a 213 931 0 46 8
a 213 1725 0 27 2
a 214 1908 0 46 8
a 214 383 0 26 3
a 215 91 0 46 10
a 215 492 0 42 5
a 216 707 0 46 9
a 216 648 0 39 5
a 217 1479 0 46 10
a 217 1594 0 25 7
a 219 714 0 46 2
a 219 1847 0 10 5
a 220 1693 0 46 3
a 220 1787 0 31 4
a 222 751 0 46 7
a 222 444 0 34 6
a 226 767 0 46 8
a 226 1267 0 39 3
a 233 548 0 46 4
a 233 642 0 8 1
a 234 837 0 46 10
a 234 483 0 17 2
a 235 771 0 46 6
a 235 935 0 28 2
a 236 283 0 46 1
a 236 812 0 20 9
a 240 305 0 46 9
a 240 1277 0 42 6
a 241 937 0 46 3
a 241 784 0 39 9
a 243 173 0 46 1
a 243 871 0 26 7
a 244 22 0 46 9
a 244 1592 0 13 6
a 247 686 0 46 7
a 247 215 0 3 7
a 250 626 0 46 5
a 250 1705 0 24 4
a 254 416 0 46 4
a 254 649 0 31 8
a 257 1958 0 46 3
a 257 1398 0 41 4
a 261 712 0 46 6
a 261 1487 0 43 7
a 262 847 0 46 1
a 262 1227 0 16 2
a 263 948 0 46 10
a 263 1329 0 16 3
a 265 1179 0 46 2
a 265 887 0 21 2
a 268 1125 0 46 5
a 268 1863 0 1 10
a 269 1459 0 46 6
a 269 150 0 5 7
a 270 611 0 46 2
a 270 575 0 18 4
a 271 112 0 46 4
a 271 1726 0 33 5
a 272 1829 0 46 3
a 272 1052 0 12 2
a 273 637 0 46 5
a 273 1919 0 47 4
a 277 693 0 46 3
a 277 1195 0 50 8
a 279 763 0 46 10
a 279 1363 0 14 8
a 280 1960 0 46 4
a 280 1212 0 41 4
a 283 1878 0 46 8
a 283 1151 0 15 5
a 291 2000 0 46 3
a 291 101 0 31 3
a 292 1118 0 46 2
a 292 1046 0 22 5
a 297 89 0 46 8
a 297 1635 0 44 2
a 299 1242 0 46 8
a 299 1446 0 23 10
a 301 1944 0 46 9
a 301 1044 0 8 8
a 302 205 0 46 7
a 302 859 0 17 4
a 303 67 0 46 6
a 303 1876 0 6 1
a 305 661 0 46 5
a 305 1448 0 19 2
a 311 1127 0 46 9
a 311 834 0 23 1
a 312 457 0 46 5
a 312 135 0 12 1
a 313 864 0 46 5
a 313 1508 0 22 5
a 315 1876 0 46 6
a 315 1921 0 7 9
a 316 1911 0 46 3
a 316 1460 0 13 8
a 319 1708 0 46 7
a 319 484 0 37 6
a 320 372 0 46 4
a 320 901 0 25 6
a 324 417 0 46 3
a 324 906 0 31 1
a 327 519 0 46 9
a 327 1607 0 28 7
a 329 471 0 46 6
a 329 1909 0 25 4
a 330 764 0 46 8
a 330 1924 0 7 7
a 331 1691 0 46 10
a 331 288 0 8 4
a 333 1543 0 46 9
a 333 523 0 12 3
a 334 1121 0 46 3
a 334 674 0 49 2
a 335 1827 0 46 10
a 335 1601 0 16 10
a 336 1696 0 46 10
a 336 1886 0 16 3
a 338 156 0 46 8
a 338 1765 0 27 8
a 339 806 0 46 4
a 339 403 0 13 1
a 340 493 0 46 9
a 340 921 0 1 8
a 341 522 0 46 3
a 341 345 0 29 10
a 343 1975 0 46 1
a 343 1831 0 40 9
a 345 1754 0 46 3
a 345 412 0 30 1
a 346 45 0 46 8
a 346 1566 0 6 6
a 347 1170 0 46 1
a 347 1846 0 45 9
a 350 770 0 46 7
a 350 1006 0 19 4
a 353 1100 0 46 6
a 353 1220 0 0 3
a 358 1494 0 46 4
a 358 1365 0 32 10
a 359 439 0 46 9
a 359 483 0 50 10
a 360 125 0 46 3
a 360 1178 0 24 3
a 361 532 0 46 9
a 361 1606 0 17 5
a 366 1634 0 46 4
a 366 1425 0 32 4
a 372 451 0 46 2
a 372 728 0 26 9
a 373 644 0 46 4
a 373 1940 0 29 7
a 374 1904 0 46 9
a 374 593 0 33 10
a 375 761 0 46 9
a 375 524 0 30 2
a 381 1582 0 46 1
a 381 1252 0 8 6
a 382 18 0 46 3
a 382 1737 0 23 8
a 385 1014 0 46 7
a 385 1283 0 4 10
a 386 358 0 46 9
a 386 956 0 33 5
a 389 1783 0 46 4
a 389 300 0 46 5
a 390 1243 0 46 1
a 390 876 0 33 3
a 391 366 0 46 1
a 391 596 0 21 10
a 392 921 0 46 10
a 392 1787 0 8 1
a 393 1102 0 46 1
a 393 274 0 11 8
a 395 1259 0 46 1
a 395 746 0 49 4
a 397 1853 0 46 2
a 397 1990 0 0 1
a 398 1298 0 46 3
a 398 211 0 4 1
a 399 1931 0 46 9
a 399 1843 0 30 9
a 400 492 0 46 4
a 400 587 0 41 8
a 402 573 0 46 10
a 402 644 0 45 3
a 403 111 0 46 8
a 403 937 0 28 6
a 405 621 0 46 1
a 405 258 0 30 5
a 406 1831 0 46 5
a 406 798 0 11 4
a 408 745 0 46 7
a 408 1622 0 21 10
a 409 469 0 46 1
a 409 1185 0 29 4
a 411 105 0 46 4
a 411 504 0 9 4
a 412 1519 0 46 9
a 412 1858 0 15 1
a 413 692 0 46 4
a 413 719 0 13 2
a 415 1577 0 46 4
a 415 1428 0 23 10
a 416 677 0 46 5
a 416 280 0 20 6
a 417 127 0 46 10
a 417 645 0 31 1
a 418 1712 0 46 2
a 418 3 0 23 3
a 419 178 0 46 10
a 419 1093 0 23 2
a 420 477 0 46 2
a 420 1382 0 13 3
a 422 730 0 46 7
a 422 1161 0 48 10
a 423 1285 0 46 2
a 423 1295 0 7 4
a 425 889 0 46 3
a 425 646 0 41 1
a 430 82 0 46 3
a 430 1859 0 12 2
a 431 393 0 46 1
a 431 1990 0 35 10
a 432 430 0 46 2
a 432 280 0 12 3
a 435 918 0 46 6
a 435 372 0 42 9
a 439 1510 0 46 4
a 439 1039 0 13 3
a 441 733 0 46 4
a 441 731 0 50 3
a 442 1358 0 46 3
a 442 116 0 5 4
a 443 1146 0 46 7
a 443 770 0 10 10
a 446 922 0 46 6
a 446 1791 0 28 6
a 448 561 0 46 2
a 448 1774 0 19 8
a 450 826 0 46 4
a 450 1051 0 48 2
a 451 124 0 46 10
a 451 1861 0 47 5
a 453 828 0 46 10
a 453 1958 0 43 6
a 454 1379 0 46 5
a 454 1895 0 21 2
a 455 1776 0 46 4
a 455 699 0 19 7
a 457 1436 0 46 1
a 457 1565 0 9 2
a 463 718 0 46 2
a 463 352 0 2 4
a 464 1639 0 46 10
a 464 485 0 13 7
a 465 938 0 46 7
a 465 1097 0 28 5
a 467 297 0 46 3
a 467 1986 0 47 6
a 469 1263 0 46 7
a 469 1093 0 15 6
a 471 1354 0 46 7
a 471 181 0 36 1
a 473 785 0 46 4
a 473 1674 0 26 5
a 477 1578 0 46 6
a 477 1910 0 0 10
a 478 1248 0 46 1
a 478 1535 0 34 10
a 481 1611 0 46 7
a 481 784 0 33 10
a 483 40 0 46 3
a 483 1700 0 8 8
a 485 1873 0 46 3
a 485 1797 0 27 5
a 492 273 0 46 3
a 492 981 0 42 9
a 493 821 0 46 8
a 493 1220 0 43 2
a 495 262 0 46 10
a 495 1710 0 8 3
a 498 359 0 46 3
a 498 1269 0 41 10
a 499 1283 0 46 10
a 499 965 0 16 10
a 502 980 0 46 9
a 502 244 0 20 5
a 503 144 0 46 7
a 503 397 0 46 4
a 504 849 0 46 10
a 504 1717 0 9 8
a 505 593 0 46 2
a 505 872 0 41 1
a 507 381 0 46 7
a 507 1525 0 13 3
a 508 1574 0 46 8
a 508 1733 0 18 6
a 509 1018 0 46 2
a 509 874 0 26 1
a 511 1050 0 46 1
a 511 565 0 24 7
a 513 830 0 46 8
a 513 1298 0 44 8
a 514 1244 0 46 3
a 514 1638 0 38 9
a 515 247 0 46 1
a 515 1222 0 46 2
a 516 1641 0 46 10
a 516 341 0 11 3
a 519 432 0 46 9
a 519 42 0 15 3
a 520 962 0 46 1
a 520 1352 0 13 2
a 521 1074 0 46 10
a 521 273 0 20 7
a 522 1272 0 46 2
a 522 1620 0 4 1
a 526 809 0 46 3
a 526 1028 0 0 2
a 528 1602 0 46 3
a 528 698 0 13 1
a 529 502 0 46 10
a 529 754 0 1 7
a 530 1470 0 46 9
a 530 302 0 9 2
a 531 1872 0 46 10
a 531 119 0 12 3
a 532 1154 0 46 6
a 532 1205 0 2 5
a 536 268 0 46 3
a 536 685 0 17 2
a 537 1251 0 46 5
a 537 863 0 31 4
a 538 279 0 46 4
a 538 1848 0 17 7
a 540 336 0 46 10
a 540 1396 0 43 5
a 544 1430 0 46 7
a 544 516 0 34 5
a 546 1273 0 46 9
a 546 186 0 1 8
a 548 1065 0 46 7
a 548 657 0 29 9
a 549 1256 0 46 3
a 549 1178 0 36 2
a 551 911 0 46 6
a 551 1695 0 31 5
a 554 1279 0 46 4
a 554 1237 0 30 10
a 556 411 0 46 5
a 556 1853 0 15 7
a 559 1995 0 46 3
a 559 255 0 19 7
a 560 1907 0 46 6
a 560 316 0 34 2
a 561 269 0 46 10
a 561 1614 0 23 3
a 562 1710 0 46 6
a 562 480 0 33 3
a 563 1460 0 46 5
a 563 1018 0 30 6
a 564 986 0 46 6
a 564 374 0 4 6
a 565 1101 0 46 6
a 565 1254 0 9 8
a 568 1527 0 46 1
a 568 1854 0 9 1
a 569 316 0 46 6
a 569 159 0 1 3
a 571 870 0 46 3
a 571 67 0 10 6
a 573 587 0 46 5
a 573 1534 0 50 6
a 580 311 0 46 4
a 580 230 0 0 8
a 583 1642 0 46 6
a 583 194 0 46 2
a 587 910 0 46 8
a 587 196 0 21 5
a 588 1689 0 46 7
a 588 1075 0 40 9
a 590 176 0 46 1
a 590 1360 0 21 8
a 592 135 0 46 7
a 592 1493 0 4 9
a 593 1850 0 46 5
a 593 360 0 1 6
a 594 1666 0 46 5
a 594 214 0 36 9
a 597 580 0 46 4
a 597 399 0 0 4
a 599 562 0 46 7
a 599 270 0 49 6
a 600 1491 0 46 2
a 600 1170 0 28 8
a 604 571 0 46 3
a 604 1734 0 40 1
a 606 1342 0 46 9
a 606 676 0 17 10
a 611 1377 0 46 7
a 611 598 0 10 8
a 612 511 0 46 7
a 612 444 0 42 9
a 614 1039 0 46 3
a 614 1866 0 33 6
a 615 869 0 46 4
a 615 1815 0 25 5
a 618 656 0 46 9
a 618 236 0 49 1
a 621 1774 0 46 8
a 621 892 0 2 2
a 622 73 0 46 2
a 622 388 0 43 4
a 624 1457 0 46 4
a 624 4 0 22 2
a 626 1521 0 46 5
a 626 1247 0 17 5
a 628 1028 0 46 3
a 628 691 0 4 4
a 630 1446 0 46 6
a 630 326 0 4 4
a 632 59 0 46 8
a 632 454 0 46 9
a 633 1199 0 46 4
a 633 98 0 20 9
a 637 1218 0 46 1
a 637 1236 0 27 7
a 640 606 0 46 5
a 640 694 0 11 6
a 642 216 0 46 8
a 642 1625 0 38 1
a 644 1976 0 46 1
a 644 1595 0 40 7
a 645 509 0 46 3
a 645 1081 0 1 5
a 646 618 0 46 4
a 646 828 0 28 10
a 647 1680 0 46 7
a 647 115 0 6 9
a 648 1190 0 46 10
a 648 334 0 34 1
a 649 743 0 46 1
a 649 217 0 49 9
a 650 1673 0 46 2
a 650 685 0 6 1
a 651 84 0 46 10
a 651 593 0 10 9
a 656 530 0 46 5
a 656 1608 0 39 2
a 657 590 0 46 9
a 657 353 0 33 6
a 660 1937 0 46 2
a 660 699 0 36 5
a 661 1394 0 46 8
a 661 1210 0 43 9
a 662 1432 0 46 6
a 662 1986 0 48 7
a 664 1718 0 46 10
a 664 1208 0 23 2
a 672 343 0 46 4
a 672 1653 0 14 3
a 673 1768 0 46 10
a 673 1742 0 47 5
a 674 1987 0 46 5
a 674 507 0 40 2
a 676 1600 0 46 9
a 676 625 0 4 3
a 677 549 0 46 5
a 677 1863 0 1 2
a 678 1772 0 46 4
a 678 487 0 13 1
a 679 1997 0 46 3
a 679 31 0 19 10
a 681 1789 0 46 4
a 681 369 0 35 2
a 682 1109 0 46 4
a 682 1011 0 5 3
a 684 217 0 46 9
a 684 1642 0 37 9
a 686 1296 0 46 5
a 686 547 0 5 3
a 687 505 0 46 1
a 687 264 0 16 8
a 690 934 0 46 2
a 690 178 0 14 2
a 692 1869 0 46 7
a 692 1738 0 0 10
a 693 448 0 46 10
a 693 1228 0 2 1
a 695 1195 0 46 7
a 695 997 0 18 2
a 696 324 0 46 3
a 696 910 0 35 9
a 697 795 0 46 6
a 697 612 0 17 10
a 700 1267 0 46 2
a 700 473 0 37 6
a 702 340 0 46 1
a 702 1096 0 1 5
a 703 660 0 46 9
a 703 846 0 46 2
a 704 338 0 46 2
a 704 450 0 8 2
a 705 1191 0 46 7
a 705 252 0 29 8
a 706 1972 0 46 8
a 706 220 0 39 1
a 707 1703 0 46 5
a 707 247 0 2 3
a 709 738 0 46 2
a 709 723 0 9 5
a 711 1228 0 46 1
a 711 1304 0 31 5
a 712 628 0 46 5
a 712 576 0 25 8
a 713 1864 0 46 5
a 713 823 0 3 3
a 714 1176 0 46 8
a 714 52 0 42 6
a 718 1564 0 46 5
a 718 1194 0 25 7
a 719 709 0 46 5
a 719 1430 0 24 3
a 721 1534 0 46 2
a 721 1747 0 3 6
a 722 876 0 46 4
a 722 1452 0 46 9
a 724 161 0 46 3
a 724 1900 0 11 5
a 726 1406 0 46 10
a 726 1151 0 49 2
a 727 467 0 46 10
a 727 135 0 16 8
a 729 1709 0 46 1
a 729 1241 0 41 1
a 730 341 0 46 3
a 730 396 0 20 1
a 731 1925 0 46 5
a 731 1567 0 25 7
a 732 1604 0 46 10
a 732 1735 0 8 6
a 733 71 0 46 5
a 733 992 0 19 10
a 735 46 0 46 4
a 735 797 0 23 5
a 738 1264 0 46 9
a 738 1558 0 16 4
a 740 21 0 46 4
a 740 1868 0 17 6
a 743 1567 0 46 5
a 743 1588 0 46 6
a 744 1840 0 46 8
a 744 572 0 30 5
a 745 563 0 46 7
a 745 1457 0 42 1
a 746 1563 0 46 9
a 746 653 0 8 5
a 747 754 0 46 4
a 747 1376 0 48 1
a 749 1019 0 46 9
a 749 1495 0 6 7
a 751 1284 0 46 8
a 751 764 0 31 9
a 753 418 0 46 1
a 753 41 0 33 5
a 754 1525 0 46 9
a 754 758 0 0 4
a 755 731 0 46 10
a 755 883 0 14 5
a 756 778 0 46 9
a 756 79 0 28 7
a 757 950 0 46 8
a 757 1777 0 10 5
a 760 1140 0 46 2
a 760 969 0 39 10
a 761 773 0 46 1
a 761 1723 0 46 6
a 763 904 0 46 6
a 763 1104 0 44 5
a 764 386 0 46 7
a 764 610 0 20 7
a 765 455 0 46 10
a 765 1465 0 7 1
a 766 1580 0 46 5
a 766 253 0 20 5
a 767 134 0 46 9
a 767 604 0 23 9
a 769 1295 0 46 6
a 769 570 0 17 6
a 770 916 0 46 9
a 770 111 0 35 2
a 771 614 0 46 1
a 771 653 0 17 1
a 773 1104 0 46 7
a 773 638 0 7 3
a 774 1225 0 46 10
a 774 1742 0 18 9
a 776 70 0 46 10
a 776 1599 0 35 6
a 778 431 0 46 10
a 778 1806 0 30 2
a 784 277 0 46 2
a 784 651 0 26 9
a 785 27 0 46 8
a 785 653 0 6 8
a 786 963 0 46 6
a 786 1557 0 24 1
a 787 185 0 46 7
a 787 23 0 44 2
a 789 721 0 46 4
a 789 1087 0 34 7
a 791 1106 0 46 1
a 791 1150 0 4 7
a 792 1020 0 46 3
a 792 1493 0 14 2
a 793 204 0 46 3
a 793 49 0 3 2
a 794 1700 0 46 3
a 794 893 0 41 10
a 795 1480 0 46 7
a 795 464 0 16 1
a 803 537 0 46 7
a 803 320 0 49 3
a 806 1727 0 46 3
a 806 1134 0 34 4
a 808 600 0 46 6
a 808 1271 0 48 6
a 809 215 0 46 7
a 809 1257 0 38 3
a 810 1350 0 46 2
a 810 1387 0 0 1
a 813 503 0 46 10
a 813 176 0 50 7
a 819 769 0 46 9
a 819 916 0 48 6
a 821 1476 0 46 6
a 821 71 0 34 2
a 822 949 0 46 5
a 822 1169 0 42 7
a 823 1051 0 46 9
a 823 179 0 32 4
a 826 213 0 46 10
a 826 1385 0 42 10
a 827 810 0 46 9
a 827 715 0 9 6
a 828 1440 0 46 7
a 828 870 0 12 5
a 830 353 0 46 2
a 830 1854 0 48 2
a 835 1858 0 46 8
a 835 1568 0 6 3
a 836 1806 0 46 5
a 836 26 0 23 3
a 837 1341 0 46 8
a 837 89 0 38 7
a 839 375 0 46 5
a 839 615 0 32 8
a 844 257 0 46 3
a 844 428 0 22 3
a 847 744 0 46 5
a 847 642 0 21 2
a 848 1565 0 46 5
a 848 1559 0 49 1
a 849 1733 0 46 4
a 849 1320 0 41 4
a 852 1334 0 46 4
a 852 1081 0 48 6
a 853 1150 0 46 10
a 853 1166 0 25 10
a 858 201 0 46 10
a 858 1869 0 10 9
a 859 75 0 46 7
a 859 149 0 22 2
a 861 756 0 46 3
a 861 938 0 2 7
a 863 515 0 46 6
a 863 122 0 33 5
a 864 776 0 46 4
a 864 1760 0 31 4
a 866 1325 0 46 5
a 866 1933 0 29 8
a 868 933 0 46 2
a 868 867 0 30 6
a 869 1961 0 46 1
a 869 1092 0 23 8
a 870 1705 0 46 10
a 870 771 0 39 4
a 872 1657 0 46 4
a 872 742 0 26 2
a 873 1016 0 46 7
a 873 1130 0 30 5
a 874 1292 0 46 6
a 874 692 0 11 6
a 875 1310 0 46 2
a 875 338 0 48 9
a 876 1433 0 46 1
a 876 49 0 50 1
a 879 604 0 46 2
a 879 1998 0 7 8
a 880 1989 0 46 7
a 880 1937 0 34 7
a 882 485 0 46 8
a 882 1088 0 4 2
a 885 976 0 46 6
a 885 1923 0 28 3
a 887 243 0 46 9
a 887 802 0 18 8
a 888 1979 0 46 4
a 888 1421 0 26 8
a 889 1653 0 46 9
a 889 1170 0 31 8
a 892 1791 0 46 8
a 892 956 0 40 1
a 894 1468 0 46 6
a 894 107 0 39 3
a 897 1489 0 46 7
a 897 1212 0 37 7
a 899 866 0 46 3
a 899 855 0 40 7
a 901 722 0 46 7
a 901 1799 0 23 2
a 904 1477 0 46 4
a 904 861 0 46 2
a 905 1297 0 46 8
a 905 1922 0 47 6
a 906 126 0 46 4
a 906 274 0 44 3
a 907 265 0 46 6
a 907 1755 0 19 9
a 908 1740 0 46 2
a 908 547 0 24 7
a 909 564 0 46 7
a 909 1291 0 28 10
a 910 1056 0 46 2
a 910 1502 0 45 3
a 911 594 0 46 9
a 911 1054 0 34 10
a 913 1060 0 46 3
a 913 1747 0 19 2
a 914 1738 0 46 9
a 914 686 0 22 10
a 916 1035 0 46 2
a 916 1461 0 44 7
a 918 150 0 46 3
a 918 665 0 0 6
a 921 1984 0 46 9
a 921 1620 0 50 9
a 922 1633 0 46 2
a 922 1453 0 14 10
a 927 1548 0 46 9
a 927 1579 0 10 1
a 929 1368 0 46 9
a 929 1739 0 2 1
a 931 397 0 46 8
a 931 1087 0 26 8
a 933 1231 0 46 9
a 933 1592 0 48 3
a 934 1533 0 46 7
a 934 1249 0 30 6
a 937 181 0 46 10
a 937 1041 0 13 8
a 938 508 0 46 7
a 938 1260 0 8 7
a 943 697 0 46 6
a 943 1826 0 46 7
a 946 687 0 46 1
a 946 1833 0 38 7
a 947 914 0 46 9
a 947 1892 0 16 2
a 948 1400 0 46 10
a 948 583 0 21 8
a 949 1239 0 46 9
a 949 1155 0 20 7
a 950 892 0 46 9
a 950 1447 0 41 5
a 955 198 0 46 1
a 955 1213 0 49 4
a 956 1867 0 46 1
a 956 412 0 21 7
a 961 270 0 46 3
a 961 153 0 43 5
a 962 1943 0 46 9
a 962 191 0 46 10
a 963 1131 0 46 6
a 963 1826 0 5 7
a 967 1866 0 46 7
a 967 50 0 20 10
a 968 753 0 46 5
a 968 438 0 43 8
a 969 1091 0 46 2
a 969 670 0 8 1
a 974 1348 0 46 7
a 974 668 0 18 4
a 975 1302 0 46 6
a 975 1177 0 26 6
a 976 113 0 46 2
a 976 336 0 48 4
a 977 389 0 46 4
a 977 1735 0 2 6
a 980 597 0 46 3
a 980 68 0 1 6
a 982 83 0 46 2
a 982 1213 0 49 9
a 986 143 0 46 9
a 986 619 0 3 1
a 987 465 0 46 1
a 987 712 0 21 6
a 990 1981 0 46 1
a 990 976 0 48 10
a 993 746 0 46 4
a 993 1785 0 35 5
a 994 347 0 46 6
a 994 94 0 47 7
a 995 1369 0 46 6
a 995 1682 0 5 6
a 998 1901 0 46 2
a 998 1564 0 4 9
a 1000 454 0 46 10
a 1000 1367 0 32 4
a 1005 632 0 46 9
a 1005 379 0 33 2
a 1008 346 0 46 2
a 1008 229 0 14 8
a 1010 382 0 46 6
a 1010 598 0 26 5
a 1014 263 0 46 2
a 1014 316 0 9 3
a 1016 1073 0 46 4
a 1016 1658 0 20 8
a 1018 52 0 46 1
a 1018 286 0 29 8
a 1019 1047 0 46 10
a 1019 1755 0 23 10
a 1020 104 0 46 7
a 1020 1008 0 23 5
a 1025 463 0 46 8
a 1025 1940 0 31 10
a 1028 1778 0 46 7
a 1028 1825 0 5 9
a 1029 406 0 46 5
a 1029 1046 0 43 3
a 1031 1075 0 46 4
a 1031 1724 0 22 2
a 1034 1906 0 46 9
a 1034 269 0 24 2
a 1035 993 0 46 7
a 1035 1896 0 4 1
a 1036 1685 0 46 7
a 1036 368 0 22 10
a 1037 899 0 46 4
a 1037 928 0 33 10
a 1039 1385 0 46 6
a 1039 163 0 7 2
a 1044 301 0 46 6
a 1044 1397 0 40 9
a 1047 1166 0 46 1
a 1047 1347 0 0 6
a 1048 747 0 46 2
a 1048 1974 0 49 8
a 1050 622 0 46 5
a 1050 113 0 47 3
a 1051 443 0 46 3
a 1051 1676 0 31 7
a 1053 1061 0 46 7
a 1053 568 0 47 10
a 1054 1010 0 46 9
a 1054 1568 0 14 9
a 1056 1258 0 46 4
a 1056 719 0 27 3
a 1058 498 0 46 4
a 1058 548 0 34 7
a 1060 1955 0 46 5
a 1060 1883 0 9 4
a 1061 907 0 46 8
a 1061 302 0 4 5
a 1062 874 0 46 3
a 1062 1329 0 6 4
a 1065 1729 0 46 6
a 1065 867 0 13 8
a 1066 226 0 46 5
a 1066 1956 0 48 2
a 1072 1538 0 46 6
a 1072 1587 0 26 8
a 1073 1726 0 46 8
a 1073 168 0 29 8
a 1074 1171 0 46 5
a 1074 974 0 49 9
a 1075 78 0 46 7
a 1075 1183 0 20 10
a 1076 516 0 46 1
a 1076 273 0 30 3
a 1080 54 0 46 1
a 1080 549 0 10 4
a 1084 755 0 46 6
a 1084 1784 0 24 5
a 1086 330 0 46 5
a 1086 1724 0 28 3
a 1087 684 0 46 4
a 1087 859 0 6 10
a 1089 1916 0 46 3
a 1089 511 0 9 1
a 1091 435 0 46 2
a 1091 1911 0 32 4
a 1094 1139 0 46 1
a 1094 1689 0 40 10
a 1095 873 0 46 4
a 1095 272 0 25 7
a 1097 507 0 46 3
a 1097 1108 0 26 1
a 1100 681 0 46 6
a 1100 1917 0 33 5
a 1101 859 0 46 3
a 1101 1444 0 19 3
a 1102 1847 0 46 9
a 1102 907 0 37 1
a 1104 1425 0 46 8
a 1104 148 0 30 4
a 1106 210 0 46 9
a 1106 914 0 18 5
a 1108 219 0 46 8
a 1108 97 0 48 2
a 1109 633 0 46 5
a 1109 1983 0 5 4
a 1110 1387 0 46 10
a 1110 1929 0 35 4
a 1114 1665 0 46 5
a 1114 1912 0 9 4
a 1115 1410 0 46 2
a 1115 1069 0 19 10
a 1116 1025 0 46 8
a 1116 1985 0 50 2
a 1118 1235 0 46 6
a 1118 654 0 30 2
a 1120 1095 0 46 2
a 1120 404 0 24 7
a 1121 1490 0 46 6
a 1121 1381 0 26 7
a 1122 1062 0 46 4
a 1122 1476 0 40 3
a 1123 1416 0 46 2
a 1123 1680 0 6 9
a 1124 1147 0 46 6
a 1124 1790 0 16 1
a 1125 19 0 46 8
a 1125 1694 0 40 7
a 1126 713 0 46 7
a 1126 516 0 38 6
a 1127 1031 0 46 4
a 1127 82 0 7 4
a 1131 182 0 46 8
a 1131 1559 0 9 3
a 1139 536 0 46 7
a 1139 453 0 25 10
a 1140 528 0 46 10
a 1140 761 0 3 4
a 1141 813 0 46 5
a 1141 939 0 40 8
a 1146 1799 0 46 6
a 1146 183 0 20 3
a 1147 521 0 46 7
a 1147 594 0 22 4
a 1148 676 0 46 6
a 1148 1080 0 11 4
a 1150 1895 0 46 1
a 1150 55 0 13 2
a 1151 100 0 46 4
a 1151 785 0 50 2
a 1153 1757 0 46 4
a 1153 521 0 35 8
a 1154 271 0 46 5
a 1154 609 0 43 8
a 1157 961 0 46 1
a 1157 230 0 8 7
a 1163 696 0 46 3
a 1163 779 0 36 1
a 1166 1786 0 46 8
a 1166 141 0 22 2
a 1170 1492 0 46 10
a 1170 491 0 46 7
a 1171 872 0 46 6
a 1171 628 0 0 2
a 1176 1573 0 46 7
a 1176 309 0 38 9
a 1179 373 0 46 5
a 1179 1586 0 8 8
a 1184 1472 0 46 8
a 1184 918 0 19 4
a 1186 1502 0 46 5
a 1186 33 0 13 2
a 1188 4 0 46 10
a 1188 1151 0 24 3
a 1190 531 0 46 5
a 1190 450 0 48 6
a 1191 1514 0 46 8
a 1191 1334 0 33 7
a 1193 1224 0 46 5
a 1193 942 0 5 1
a 1195 26 0 46 7
a 1195 359 0 26 1
a 1197 25 0 46 7
a 1197 1266 0 6 8
a 1199 1550 0 46 5
a 1199 1224 0 35 2
a 1200 1935 0 46 3
a 1200 1381 0 33 1
a 1203 413 0 46 6
a 1203 65 0 29 3
a 1205 1094 0 46 3
a 1205 1677 0 8 5
a 1207 1454 0 46 6
a 1207 758 0 36 4
a 1209 1651 0 46 10
a 1209 1263 0 16 2
a 1214 1965 0 46 2
a 1214 98 0 49 4
a 1215 729 0 46 2
a 1215 1804 0 41 10
a 1218 1886 0 46 4
a 1218 444 0 4 7
a 1222 1053 0 46 4
a 1222 1929 0 27 10
a 1223 1123 0 46 9
a 1223 1962 0 3 7
a 1224 822 0 46 6
a 1224 1081 0 50 4
a 1225 1980 0 46 8
a 1225 1149 0 8 9
a 1228 792 0 46 10
a 1228 1813 0 26 2
a 1230 261 0 46 2
a 1230 595 0 35 3
a 1231 66 0 46 2
a 1231 1074 0 43 2
a 1233 13 0 46 5
a 1233 524 0 48 4
a 1234 1374 0 46 1
a 1234 905 0 18 5
a 1235 69 0 46 7
a 1235 474 0 8 7
a 1236 823 0 46 7
a 1236 1450 0 47 10
a 1237 1151 0 46 2
a 1237 135 0 8 3
a 1239 645 0 46 6
a 1239 1865 0 48 7
a 1240 706 0 46 1
a 1240 435 0 9 4
a 1242 1261 0 46 8
a 1242 1215 0 23 10
a 1243 1750 0 46 9
a 1243 1699 0 30 5
a 1244 1186 0 46 6
a 1244 370 0 6 5
a 1248 1200 0 46 9
a 1248 1572 0 8 9
a 1250 1857 0 46 9
a 1250 722 0 31 4
a 1251 402 0 46 9
a 1251 173 0 50 9
a 1254 529 0 46 2
a 1254 1201 0 14 10
a 1256 839 0 46 9
a 1256 1400 0 49 6
a 1258 329 0 46 9
a 1258 1129 0 27 5
a 1259 789 0 46 1
a 1259 1746 0 18 9
a 1261 848 0 46 2
a 1261 425 0 10 4
a 1263 887 0 46 9
a 1263 1070 0 0 1
a 1264 98 0 46 5
a 1264 1072 0 3 10
a 1265 1311 0 46 5
a 1265 231 0 14 10
a 1266 1097 0 46 5
a 1266 130 0 5 2
a 1267 1717 0 46 9
a 1267 594 0 46 8
a 1271 30 0 46 2
a 1271 1720 0 46 8
a 1272 1974 0 46 7
a 1272 779 0 29 4
a 1273 1044 0 46 3
a 1273 350 0 25 8
a 1274 540 0 46 2
a 1274 474 0 34 8
a 1275 1266 0 46 9
a 1275 1133 0 36 3
a 1277 1758 0 46 3
a 1277 1634 0 32 1
a 1279 1124 0 46 8
a 1279 1043 0 25 7
a 1280 1466 0 46 7
a 1280 743 0 2 4
a 1283 514 0 46 3
a 1283 888 0 17 4
a 1284 1445 0 46 4
a 1284 1658 0 46 10
a 1285 1037 0 46 9
a 1285 1384 0 40 6
a 1292 162 0 46 8
a 1292 1828 0 34 3
a 1294 44 0 46 5
a 1294 710 0 12 5
a 1295 947 0 46 7
a 1295 1362 0 24 10
a 1296 853 0 46 5
a 1296 1458 0 35 6
a 1297 1197 0 46 2
a 1297 677 0 11 10
a 1298 977 0 46 6
a 1298 1846 0 39 2
a 1300 787 0 46 8
a 1300 1472 0 19 3
a 1302 647 0 46 4
a 1302 469 0 23 2
a 1308 1153 0 46 10
a 1308 658 0 11 6
a 1309 1556 0 46 5
a 1309 990 0 22 6
a 1310 1970 0 46 3
a 1310 1279 0 29 2
a 1311 1674 0 46 7
a 1311 113 0 42 8
a 1315 360 0 46 3
a 1315 1222 0 32 2
a 1316 95 0 46 5
a 1316 436 0 32 1
a 1321 1662 0 46 9
a 1321 954 0 40 5
a 1323 425 0 46 7
a 1323 1727 0 30 3
a 1325 1230 0 46 6
a 1325 1622 0 8 2
a 1328 415 0 46 3
a 1328 363 0 12 8
a 1329 167 0 46 1
a 1329 386 0 14 7
a 1332 141 0 46 7
a 1332 456 0 36 9
a 1334 1323 0 46 1
a 1334 674 0 13 9
a 1337 1787 0 46 9
a 1337 1440 0 27 6
a 1341 335 0 46 3
a 1341 815 0 38 4
a 1342 1890 0 46 10
a 1342 1650 0 2 9
a 1344 1122 0 46 4
a 1344 1343 0 34 5
a 1345 735 0 46 1
a 1345 773 0 8 5
a 1346 995 0 46 9
a 1346 44 0 18 4
a 1348 390 0 46 5
a 1348 730 0 6 9
a 1349 1418 0 46 1
a 1349 1652 0 39 3
a 1350 1655 0 46 4
a 1350 565 0 47 6
a 1351 1508 0 46 10
a 1351 967 0 4 8
a 1354 280 0 46 4
a 1354 1884 0 15 5
a 1355 254 0 46 5
a 1355 1106 0 34 6
a 1358 450 0 46 2
a 1358 350 0 30 6
a 1368 1883 0 46 2
a 1368 547 0 39 5
a 1369 766 0 46 4
a 1369 900 0 4 8
a 1370 927 0 46 10
a 1370 165 0 26 10
a 1372 520 0 46 8
a 1372 1743 0 39 5
a 1374 565 0 46 2
a 1374 1882 0 46 2
a 1375 955 0 46 1
a 1375 1594 0 48 5
a 1377 197 0 46 7
a 1377 1403 0 32 2
a 1378 1675 0 46 1
a 1378 1209 0 33 6
a 1379 32 0 46 1
a 1379 98 0 20 3
a 1381 1294 0 46 5
a 1381 220 0 21 6
a 1383 292 0 46 7
a 1383 1755 0 18 5
a 1384 662 0 46 7
a 1384 68 0 48 4
a 1385 1214 0 46 6
a 1385 1159 0 46 8
a 1386 334 0 46 6
a 1386 579 0 5 9
a 1387 827 0 46 6
a 1387 1585 0 22 3
a 1393 648 0 46 9
a 1393 1722 0 10 5
a 1394 1222 0 46 3
a 1394 1236 0 50 2
a 1398 554 0 46 10
a 1398 320 0 43 1
a 1400 765 0 46 3
a 1400 113 0 25 9
a 1406 1643 0 46 2
a 1406 1718 0 12 5
a 1410 77 0 46 3
a 1410 1938 0 39 6
a 1416 946 0 46 2
a 1416 1472 0 15 10
a 1418 1207 0 46 7
a 1418 331 0 29 1
a 1420 1349 0 46 4
a 1420 1939 0 21 6
a 1423 657 0 46 2
a 1423 547 0 36 9
a 1425 1617 0 46 1
a 1425 1096 0 0 6
a 1430 1234 0 46 9
a 1430 1487 0 50 4
a 1432 1913 0 46 6
a 1432 1922 0 21 3
a 1433 1076 0 46 9
a 1433 1694 0 47 6
a 1436 569 0 46 4
a 1436 1437 0 25 6
a 1437 1237 0 46 1
a 1437 1662 0 43 9
a 1440 1437 0 46 4
a 1440 1380 0 1 6
a 1442 168 0 46 2
a 1442 577 0 8 10
a 1445 473 0 46 9
a 1445 1677 0 29 10
a 1446 556 0 46 7
a 1446 70 0 35 6
a 1448 1957 0 46 4
a 1448 79 0 34 10
a 1451 760 0 46 8
a 1451 792 0 3 2
a 1453 888 0 46 8
a 1453 982 0 3 2
a 1454 1209 0 46 5
a 1454 1976 0 18 9
a 1457 1719 0 46 10
a 1457 1711 0 31 4
a 1459 649 0 46 2
a 1459 687 0 7 4
a 1460 1828 0 46 7
a 1460 1644 0 1 8
a 1466 327 0 46 9
a 1466 1612 0 18 10
a 1467 774 0 46 6
a 1467 87 0 32 10
a 1468 1891 0 46 7
a 1468 196 0 43 3
a 1470 803 0 46 4
a 1470 1637 0 12 8
a 1472 50 0 46 9
a 1472 1189 0 4 7
a 1476 345 0 46 8
a 1476 1249 0 34 6
a 1477 998 0 46 4
a 1477 978 0 24 10
a 1479 333 0 46 5
a 1479 1928 0 36 1
a 1480 1372 0 46 2
a 1480 1755 0 43 1
a 1484 1927 0 46 2
a 1484 715 0 12 6
a 1488 913 0 46 8
a 1488 386 0 15 6
a 1489 974 0 46 3
a 1489 975 0 22 1
a 1490 398 0 46 3
a 1490 172 0 1 3
a 1491 583 0 46 1
a 1491 579 0 37 2
a 1492 1640 0 46 5
a 1492 1730 0 29 2
a 1493 1950 0 46 8
a 1493 949 0 12 3
a 1494 1711 0 46 10
a 1494 338 0 44 6
a 1498 704 0 46 10
a 1498 620 0 17 6
a 1501 1885 0 46 2
a 1501 1437 0 20 2
a 1502 117 0 46 3
a 1502 759 0 15 7
a 1503 392 0 46 3
a 1503 1614 0 8 9
a 1508 132 0 46 5
a 1508 278 0 49 9
a 1510 882 0 46 10
a 1510 1570 0 43 2
a 1511 151 0 46 1
a 1511 1085 0 31 3
a 1512 1058 0 46 3
a 1512 1011 0 44 7
a 1514 612 0 46 4
a 1514 912 0 8 9
a 1516 1609 0 46 7
a 1516 1704 0 35 2
a 1519 1874 0 46 2
a 1519 1075 0 4 4
a 1521 544 0 46 1
a 1521 305 0 48 9
a 1525 211 0 46 10
a 1525 656 0 4 1
a 1526 624 0 46 5
a 1526 583 0 30 5
a 1527 897 0 46 2
a 1527 1042 0 36 5
a 1531 1355 0 46 3
a 1531 1415 0 6 2
a 1533 42 0 46 4
a 1533 680 0 45 10
a 1534 1511 0 46 8
a 1534 962 0 2 1
a 1538 560 0 46 9
a 1538 1005 0 19 9
a 1543 1126 0 46 2
a 1543 190 0 11 2
a 1545 1842 0 46 1
a 1545 1519 0 27 4
a 1546 1650 0 46 10
a 1546 474 0 42 5
a 1548 1108 0 46 7
a 1548 426 0 30 2
a 1549 118 0 46 9
a 1549 496 0 10 2
a 1550 1782 0 46 6
a 1550 1213 0 24 8
a 1555 969 0 46 10
a 1555 825 0 32 3
a 1556 174 0 46 4
a 1556 1202 0 35 6
a 1559 1383 0 46 3
a 1559 1650 0 30 7
a 1562 1812 0 46 9
a 1562 216 0 17 10
a 1563 1370 0 46 5
a 1563 717 0 34 5
a 1564 1215 0 46 1
a 1564 91 0 33 8
a 1565 35 0 46 8
a 1565 1762 0 39 5
a 1567 568 0 46 2
a 1567 598 0 23 9
a 1573 12 0 46 5
a 1573 1044 0 37 7
a 1574 1982 0 46 1
a 1574 1853 0 49 5
a 1577 642 0 46 9
a 1577 56 0 41 3
a 1578 412 0 46 1
a 1578 1415 0 43 2
a 1579 1512 0 46 6
a 1579 1823 0 48 10
a 1580 880 0 46 2
a 1580 764 0 19 1
a 1582 1277 0 46 7
a 1582 1034 0 32 8
a 1590 1715 0 46 4
a 1590 1606 0 30 10
a 1600 664 0 46 4
a 1600 1679 0 3 9
a 1602 1686 0 46 8
a 1602 310 0 36 1
a 1604 499 0 46 6
a 1604 688 0 34 1
a 1609 200 0 46 3
a 1609 1627 0 31 7
a 1611 1451 0 46 7
a 1611 1032 0 17 1
a 1612 835 0 46 5
a 1612 104 0 25 9
a 1615 861 0 46 5
a 1615 959 0 29 1
a 1617 1448 0 46 9
a 1617 773 0 4 5
a 1623 1902 0 46 5
a 1623 121 0 36 6
a 1630 682 0 46 1
a 1630 1175 0 36 4
a 1631 1375 0 46 9
a 1631 357 0 6 3
a 1632 1008 0 46 3
a 1632 1728 0 37 8
a 1633 194 0 46 2
a 1633 1211 0 39 2
a 1634 1193 0 46 2
a 1634 1273 0 36 1
a 1635 987 0 46 10
a 1635 353 0 46 3
a 1636 1630 0 46 10
a 1636 1155 0 37 2
a 1639 905 0 46 1
a 1639 735 0 45 10
a 1640 1721 0 46 4
a 1640 1812 0 15 10
a 1641 1652 0 46 9
a 1641 673 0 32 6
a 1642 705 0 46 9
a 1642 1653 0 8 1
a 1643 222 0 46 7
a 1643 52 0 48 9
a 1650 1531 0 46 7
a 1650 615 0 18 6
a 1651 1999 0 46 5
a 1651 757 0 46 5
a 1652 1148 0 46 6
a 1652 113 0 30 5
a 1653 233 0 46 2
a 1653 235 0 24 7
a 1654 1184 0 46 3
a 1654 156 0 29 4
a 1655 114 0 46 4
a 1655 1612 0 47 6
a 1657 1668 0 46 5
a 1657 871 0 16 3
a 1662 546 0 46 10
a 1662 296 0 49 8
a 1664 909 0 46 6
a 1664 1933 0 48 10
a 1665 1635 0 46 5
a 1665 276 0 1 7
a 1666 57 0 46 9
a 1666 681 0 33 10
a 1668 399 0 46 5
a 1668 509 0 39 5
a 1672 240 0 46 5
a 1672 1321 0 1 10
a 1673 1120 0 46 9
a 1673 362 0 46 3
a 1674 749 0 46 8
a 1674 1728 0 22 4
a 1675 1746 0 46 7
a 1675 665 0 38 10
a 1680 690 0 46 6
a 1680 1980 0 24 1
a 1681 1254 0 46 4
a 1681 1686 0 19 1
a 1683 299 0 46 4
a 1683 1293 0 12 1
a 1685 1328 0 46 9
a 1685 1918 0 18 10
a 1686 291 0 46 3
a 1686 397 0 12 4
a 1689 1706 0 46 10
a 1689 925 0 49 1
a 1691 1115 0 46 4
a 1691 1637 0 10 3
a 1693 1702 0 46 5
a 1693 963 0 22 6
a 1696 994 0 46 3
a 1696 133 0 26 6
a 1700 1861 0 46 8
a 1700 336 0 17 7
a 1701 1275 0 46 10
a 1701 416 0 2 3
a 1702 405 0 46 4
a 1702 807 0 8 4
a 1703 1742 0 46 10
a 1703 481 0 50 5
a 1704 302 0 46 10
a 1704 821 0 34 1
a 1705 1526 0 46 5
a 1705 772 0 46 9
a 1706 1467 0 46 9
a 1706 278 0 47 9
a 1708 1329 0 46 10
a 1708 667 0 11 2
a 1709 727 0 46 5
a 1709 1986 0 37 10
a 1710 1966 0 46 4
a 1710 281 0 26 4
a 1711 1615 0 46 4
a 1711 752 0 29 8
a 1712 1188 0 46 6
a 1712 773 0 2 8
a 1715 481 0 46 5
a 1715 1003 0 4 6
a 1716 1110 0 46 5
a 1716 1062 0 16 2
a 1717 1233 0 46 5
a 1717 750 0 38 1
a 1718 236 0 46 4
a 1718 1534 0 10 7
a 1719 65 0 46 4
a 1719 1874 0 49 5
a 1721 1423 0 46 2
a 1721 1806 0 10 4
a 1726 1223 0 46 6
a 1726 1410 0 50 9
a 1727 47 0 46 4
a 1727 515 0 31 5
a 1729 140 0 46 2
a 1729 1529 0 47 2
a 1730 702 0 46 4
a 1730 1751 0 36 6
a 1732 1005 0 46 8
a 1732 1382 0 3 6
a 1733 1084 0 46 2
a 1733 703 0 11 10
a 1734 1929 0 46 5
a 1734 559 0 41 8
a 1738 102 0 46 4
a 1738 1103 0 27 2
a 1740 1488 0 46 1
a 1740 1626 0 50 3
a 1742 1546 0 46 9
a 1742 1947 0 3 3
a 1744 160 0 46 1
a 1744 1098 0 42 2
a 1746 1803 0 46 1
a 1746 419 0 24 3
a 1747 724 0 46 8
a 1747 453 0 43 9
a 1750 1664 0 46 10
a 1750 184 0 14 6
a 1753 1579 0 46 4
a 1753 1099 0 25 10
a 1754 858 0 46 8
a 1754 316 0 24 10
a 1757 1250 0 46 10
a 1757 837 0 46 2
a 1758 1280 0 46 6
a 1758 1465 0 6 5
a 1761 1923 0 46 7
a 1761 617 0 23 4
a 1765 235 0 46 2
a 1765 27 0 9 10
a 1768 1498 0 46 9
a 1768 1949 0 12 7
a 1772 1555 0 46 3
a 1772 1686 0 26 9
a 1773 1036 0 46 1
a 1773 341 0 13 2
a 1774 119 0 46 1
a 1774 1090 0 20 4
a 1776 312 0 46 4
a 1776 660 0 32 10
a 1778 1265 0 46 6
a 1778 1342 0 27 4
a 1782 202 0 46 2
a 1782 259 0 20 6
a 1783 975 0 46 5
a 1783 897 0 0 10
a 1785 559 0 46 1
a 1785 180 0 30 5
a 1786 836 0 46 3
a 1786 1046 0 12 7
a 1787 1087 0 46 9
a 1787 343 0 40 7
a 1788 1986 0 46 6
a 1788 950 0 46 3
a 1789 615 0 46 7
a 1789 641 0 2 6
a 1791 1549 0 46 2
a 1791 1988 0 45 9
a 1793 679 0 46 5
a 1793 1814 0 18 7
a 1799 1501 0 46 5
a 1799 1227 0 42 2
a 1800 592 0 46 4
a 1800 1169 0 19 5
a 1802 315 0 46 4
a 1802 912 0 3 8
a 1803 929 0 46 6
a 1803 1145 0 21 2
a 1806 673 0 46 7
a 1806 168 0 45 2
a 1812 1800 0 46 8
a 1812 865 0 37 9
a 1817 982 0 46 2
a 1817 1436 0 7 1
a 1826 403 0 46 6
a 1826 432 0 11 1
a 1827 711 0 46 4
a 1827 244 0 5 7
a 1828 1753 0 46 9
a 1828 1136 0 28 1
a 1829 1747 0 46 5
a 1829 1914 0 35 4
a 1831 1163 0 46 8
a 1831 782 0 0 4
a 1833 303 0 46 1
a 1833 1392 0 18 4
a 1834 852 0 46 9
a 1834 1770 0 38 8
a 1840 313 0 46 2
a 1840 1072 0 43 1
a 1841 1240 0 46 9
a 1841 138 0 16 1
a 1842 526 0 46 1
a 1842 45 0 1 1
a 1847 1940 0 46 5
a 1847 3 0 2 4
a 1850 1978 0 46 10
a 1850 1663 0 0 10
a 1853 1345 0 46 2
a 1853 535 0 43 4
a 1857 786 0 46 1
a 1857 1319 0 47 6
a 1858 136 0 46 6
a 1858 1955 0 35 3
a 1861 1453 0 46 4
a 1861 289 0 9 9
a 1862 1802 0 46 4
a 1862 1047 0 6 2
a 1864 1998 0 46 10
a 1864 652 0 50 3
a 1866 588 0 46 4
a 1866 774 0 21 8
a 1867 478 0 46 6
a 1867 1484 0 33 7
a 1869 1000 0 46 6
a 1869 868 0 38 10
a 1871 1681 0 46 10
a 1871 910 0 34 2
a 1872 879 0 46 8
a 1872 1744 0 39 1
a 1873 1048 0 46 10
a 1873 954 0 0 5
a 1874 441 0 46 1
a 1874 1564 0 48 1
a 1876 1351 0 46 6
a 1876 1318 0 5 7
a 1878 374 0 46 9
a 1878 334 0 21 10
a 1883 1683 0 46 4
a 1883 995 0 13 3
a 1885 1384 0 46 8
a 1885 303 0 6 1
a 1886 409 0 46 3
a 1886 733 0 46 6
a 1890 1896 0 46 4
a 1890 136 0 10 8
a 1891 700 0 46 9
a 1891 1768 0 38 9
a 1895 420 0 46 10
a 1895 1505 0 13 5
a 1896 868 0 46 5
a 1896 693 0 3 10
a 1898 1773 0 46 8
a 1898 1600 0 9 7
a 1901 464 0 46 5
a 1901 171 0 47 8
a 1902 1308 0 46 2
a 1902 1410 0 38 6
a 1904 1945 0 46 8
a 1904 1267 0 21 9
a 1906 350 0 46 8
a 1906 1398 0 27 5
a 1907 272 0 46 7
a 1907 741 0 43 1
a 1908 732 0 46 7
a 1908 864 0 34 9
a 1911 400 0 46 2
a 1911 71 0 32 8
a 1913 5 0 46 8
a 1913 166 0 39 4
a 1916 650 0 46 1
a 1916 1675 0 45 7
a 1917 1420 0 46 1
a 1917 1289 0 28 8
a 1920 599 0 46 8
a 1920 193 0 45 2
a 1923 103 0 46 5
a 1923 862 0 17 2
a 1924 1871 0 46 7
a 1924 1908 0 24 2
a 1925 88 0 46 6
a 1925 606 0 23 3
a 1927 1386 0 46 1
a 1927 1939 0 8 3
a 1929 1321 0 46 6
a 1929 1925 0 5 3
a 1931 339 0 46 2
a 1931 214 0 37 5
a 1935 495 0 46 8
a 1935 438 0 33 4
a 1937 1744 0 46 1
a 1937 581 0 10 2
a 1940 214 0 46 8
a 1940 1022 0 21 8
a 1943 1236 0 46 3
a 1943 1860 0 14 7
a 1944 1381 0 46 3
a 1944 1863 0 23 6
a 1945 1116 0 46 1
a 1945 1909 0 33 2
a 1950 1785 0 46 5
a 1950 1069 0 17 9
a 1954 1442 0 46 5
a 1954 604 0 19 7
a 1955 6 0 46 3
a 1955 1266 0 32 6
a 1957 419 0 46 10
a 1957 765 0 21 5
a 1958 719 0 46 3
a 1958 113 0 49 5
a 1960 72 0 46 1
a 1960 1710 0 32 1
a 1961 1716 0 46 9
a 1961 1300 0 48 1
a 1963 1636 0 46 2
a 1963 1847 0 35 2
a 1965 1516 0 46 8
a 1965 1372 0 17 10
a 1966 1205 0 46 8
a 1966 1164 0 47 7
a 1969 901 0 46 8
a 1969 751 0 12 7
a 1970 1704 0 46 8
a 1970 1012 0 20 8
a 1972 1271 0 46 4
a 1972 1976 0 18 3
a 1974 220 0 46 3
a 1974 1621 0 46 5
a 1975 241 0 46 1
a 1975 1707 0 10 3
a 1976 1332 0 46 5
a 1976 511 0 26 8
a 1978 110 0 46 6
a 1978 1502 0 4 7
a 1979 646 0 46 6
a 1979 1469 0 36 10
a 1980 1793 0 46 5
a 1980 834 0 16 8
a 1981 90 0 46 6
a 1981 1716 0 26 6
a 1982 1337 0 46 1
a 1982 1620 0 17 5
a 1984 1484 0 46 1
a 1984 1232 0 25 5
a 1986 1029 0 46 9
a 1986 1147 0 50 2
a 1987 234 0 46 9
a 1987 1124 0 17 10
a 1989 504 0 46 1
a 1989 619 0 16 3
a 1995 483 0 46 4
a 1995 1830 0 22 8
a 1997 1274 0 46 3
a 1997 1771 0 20 5
a 1998 319 0 46 3
a 1998 1086 0 42 8
a 2 444 0 4 10
a 2 1344 0 28 10
a 3 1837 0 4 6
a 3 1026 0 43 5
a 8 203 0 4 3
a 8 371 0 39 1
a 9 1670 0 4 4
a 9 1612 0 8 8
a 10 1620 0 4 2
a 10 1427 0 32 7
a 11 190 0 4 1
a 11 74 0 41 9
a 14 1407 0 4 1
a 14 1201 0 28 9
a 15 1026 0 4 1
a 15 1976 0 19 10
a 16 1605 0 4 5
a 16 578 0 6 2
a 17 184 0 4 3
a 17 1514 0 41 3
a 20 926 0 4 5
a 20 953 0 6 7
a 23 550 0 4 7
a 23 985 0 20 4
a 24 1449 0 4 9
a 24 347 0 40 4
a 29 1204 0 4 8
a 29 1176 0 4 7
a 31 1270 0 4 6
a 31 146 0 20 1
a 37 1291 0 4 7
a 37 1313 0 17 4
a 38 427 0 4 9
a 38 1064 0 8 8
a 39 506 0 4 3
a 39 642 0 35 6
a 41 842 0 4 10
a 41 1774 0 20 4
a 43 1077 0 4 8
a 43 737 0 34 4
a 48 1497 0 4 7
a 48 1601 0 25 9
a 49 951 0 4 1
a 49 708 0 1 6
a 51 1027 0 4 6
a 51 1601 0 12 3
a 55 1566 0 4 6
a 55 244 0 45 3
a 56 1934 0 4 4
a 56 1230 0 6 2
a 60 1428 0 4 4
a 60 132 0 37 3
a 61 1463 0 4 7
a 61 690 0 30 4
a 62 534 0 4 1
a 62 249 0 5 1
a 63 1977 0 4 4
a 63 749 0 22 9
a 64 1183 0 4 10
a 64 1367 0 48 1
a 68 1182 0 4 4
a 68 1794 0 24 5
a 74 1796 0 4 8
a 74 543 0 25 4
a 76 1373 0 4 9
a 76 483 0 3 10
a 79 1947 0 4 4
a 79 41 0 49 10
a 80 1012 0 4 5
a 80 453 0 3 2
a 81 1836 0 4 1
a 81 905 0 37 1
a 85 576 0 4 7
a 85 1832 0 14 4
a 86 996 0 4 6
a 86 915 0 39 8
a 87 1257 0 4 3
a 87 633 0 48 8
a 92 1241 0 4 2
a 92 1905 0 2 10
a 94 566 0 4 8
a 94 879 0 1 7
a 96 396 0 4 7
a 96 1036 0 8 5
a 97 484 0 4 8
a 97 466 0 14 3
a 99 717 0 4 6
a 99 285 0 45 1
a 101 1142 0 4 8
a 101 1566 0 10 3
a 107 1198 0 4 3
a 107 1419 0 21 6
a 108 1529 0 4 6
a 108 681 0 32 9
a 109 1714 0 4 1
a 109 760 0 40 9
a 115 779 0 4 2
a 115 1595 0 22 4
a 116 97 0 4 8
a 116 684 0 48 7
a 120 256 0 4 10
a 120 349 0 13 2
a 121 1805 0 4 7
a 121 1430 0 2 7
a 122 1253 0 4 6
a 122 1585 0 7 7
a 123 223 0 4 9
a 123 620 0 15 4
a 128 1807 0 4 2
a 128 821 0 43 9
a 129 37 0 4 5
a 129 1271 0 1 7
a 130 166 0 4 9
a 130 1009 0 39 9
a 131 1327 0 4 9
a 131 1379 0 33 1
a 133 930 0 4 9
a 133 50 0 42 8
a 137 123 0 4 9
a 137 1129 0 25 5
a 138 547 0 4 1
a 138 854 0 27 1
a 142 1057 0 4 1
a 142 277 0 21 9
a 145 1318 0 4 10
a 145 1189 0 17 5
a 146 1361 0 4 5
a 146 1877 0 1 2
a 147 120 0 4 10
a 147 1998 0 50 10
a 148 1238 0 4 2
a 148 1009 0 34 3
a 149 1419 0 4 3
a 149 1041 0 42 7
a 152 699 0 4 6
a 152 499 0 18 7
a 153 307 0 4 5
a 153 190 0 46 2
a 154 1993 0 4 6
a 154 1163 0 7 8
a 157 1303 0 4 9
a 157 889 0 6 5
a 159 1938 0 4 3
a 159 211 0 20 5
a 163 317 0 4 5
a 163 396 0 1 1
a 164 294 0 4 7
a 164 553 0 38 5
a 165 1725 0 4 3
a 165 1794 0 12 5
a 166 1879 0 4 10
a 166 238 0 8 2
a 169 321 0 4 3
a 169 960 0 20 10
a 170 487 0 4 8
a 170 1701 0 42 5
a 171 242 0 4 10
a 171 1285 0 33 9
a 172 1143 0 4 4
a 172 1988 0 21 1
a 175 945 0 4 9
a 175 785 0 39 10
a 180 122 0 4 8
a 180 965 0 40 7
a 183 895 0 4 9
a 183 1427 0 36 9
a 184 1178 0 4 8
a 184 250 0 8 5
a 186 351 0 4 6
a 186 1581 0 22 2
a 187 829 0 4 1
a 187 671 0 12 2
a 188 1892 0 4 4
a 188 1281 0 37 10
a 189 1162 0 4 5
a 189 809 0 3 7
a 190 1070 0 4 9
a 190 1415 0 34 7
a 192 643 0 4 8
a 192 1356 0 34 6
a 196 1458 0 4 5
a 196 484 0 28 1
a 199 1286 0 4 1
a 199 504 0 25 9
a 203 1792 0 4 3
a 203 447 0 26 3
a 206 1851 0 4 3
a 206 946 0 31 2
a 207 309 0 4 1
a 207 990 0 24 6
a 208 1756 0 4 6
a 208 908 0 9 2
a 209 99 0 4 8
a 209 1691 0 36 9
a 212 900 0 4 4
a 212 1251 0 4 3
a 218 984 0 4 4
a 218 310 0 15 8
a 221 1599 0 4 8
a 221 705 0 10 5
a 223 440 0 4 7
a 223 1702 0 9 2
a 224 1663 0 4 6
a 224 18 0 38 5
a 225 701 0 4 8
a 225 1453 0 17 2
a 227 608 0 4 4
a 227 1278 0 37 5
a 228 1936 0 4 3
a 228 1553 0 45 2
a 229 1520 0 4 5
a 229 153 0 35 6
a 230 1032 0 4 5
a 230 857 0 31 10
a 231 278 0 4 4
a 231 58 0 20 9
a 232 1112 0 4 3
a 232 1897 0 50 2
a 237 1429 0 4 10
a 237 1780 0 45 8
a 238 1587 0 4 9
a 238 1963 0 39 3
a 239 1530 0 4 9
a 239 277 0 5 10
a 242 154 0 4 1
a 242 574 0 15 5
a 245 60 0 4 10
a 245 470 0 47 5
a 246 255 0 4 8
a 246 1860 0 14 9
a 248 940 0 4 7
a 248 1335 0 3 10
a 249 384 0 4 2
a 249 729 0 26 7
a 251 207 0 4 2
a 251 8 0 3 5
a 252 1021 0 4 4
a 252 1495 0 1 3
a 253 383 0 4 2
a 253 1794 0 9 8
a 255 1584 0 4 6
a 255 720 0 23 5
a 256 896 0 4 3
a 256 1137 0 9 6
a 258 1629 0 4 7
a 258 523 0 17 7
a 259 1260 0 4 7
a 259 1767 0 43 10
a 260 1174 0 4 4
a 260 1261 0 44 4
a 264 1482 0 4 9
a 264 1180 0 6 4
a 266 1614 0 4 6
a 266 1535 0 27 5
a 267 1899 0 4 10
a 267 615 0 4 2
a 274 958 0 4 9
a 274 1017 0 1 5
a 275 130 0 4 5
a 275 950 0 0 2
a 276 1770 0 4 10
a 276 1548 0 43 1
a 278 1038 0 4 7
a 278 1017 0 25 5
a 281 1597 0 4 5
a 281 1929 0 42 4
a 282 1111 0 4 1
a 282 770 0 32 3
a 284 1301 0 4 6
a 284 1336 0 46 10
a 285 1951 0 4 10
a 285 1805 0 21 5
a 286 1367 0 4 6
a 286 240 0 39 8
a 287 1305 0 4 1
a 287 1437 0 10 8
a 288 1517 0 4 6
a 288 1326 0 4 1
a 289 1340 0 4 1
a 289 517 0 15 6
a 290 1830 0 4 6
a 290 1109 0 0 4
a 293 523 0 4 9
a 293 1834 0 33 2
a 294 1956 0 4 10
a 294 241 0 12 10
a 295 296 0 4 10
a 295 816 0 10 4
a 296 186 0 4 9
a 296 831 0 34 6
a 298 981 0 4 5
a 298 772 0 2 9
a 300 1967 0 4 1
a 300 605 0 22 2
a 304 1435 0 4 6
a 304 798 0 44 1
a 306 1835 0 4 8
a 306 1540 0 19 7
a 307 1096 0 4 5
a 307 1706 0 26 7
a 308 1474 0 4 9
a 308 274 0 2 4
a 309 1156 0 4 7
a 309 1694 0 35 6
a 310 1887 0 4 6
a 310 935 0 27 4
a 314 574 0 4 3
a 314 1330 0 37 5
a 317 81 0 4 1
a 317 1558 0 12 6
a 318 1145 0 4 5
a 318 1762 0 38 10
a 321 239 0 4 8
a 321 1235 0 35 8
a 322 1592 0 4 4
a 322 166 0 3 4
a 323 1561 0 4 8
a 323 832 0 44 5
a 325 322 0 4 5
a 325 1889 0 44 6
a 326 466 0 4 10
a 326 101 0 25 8
a 328 1748 0 4 10
a 328 1917 0 26 8
a 332 1518 0 4 3
a 332 128 0 30 3
a 337 1988 0 4 8
a 337 1719 0 32 4
a 342 1724 0 4 1
a 342 966 0 15 7
a 344 1158 0 4 6
a 344 1476 0 15 3
a 348 1001 0 4 8
a 348 1116 0 38 8
a 349 1068 0 4 2
a 349 386 0 36 2
a 351 797 0 4 8
a 351 264 0 35 2
a 352 893 0 4 1
a 352 611 0 50 8
a 354 286 0 4 8
a 354 609 0 6 7
a 355 1713 0 4 10
a 355 181 0 27 3
a 356 1185 0 4 5
a 356 1163 0 42 3
a 357 1427 0 4 2
a 357 825 0 40 7
a 362 1990 0 4 4
a 362 882 0 50 8
a 363 991 0 4 3
a 363 1627 0 24 3
a 364 1431 0 4 6
a 364 811 0 14 1
a 365 1006 0 4 1
a 365 1489 0 32 9
a 367 1537 0 4 7
a 367 1348 0 37 1
a 368 1213 0 4 4
a 368 26 0 16 9
a 369 1177 0 4 6
a 369 1095 0 24 5
a 370 818 0 4 2
a 370 19 0 34 8
a 371 231 0 4 10
a 371 175 0 37 5
a 376 1619 0 4 7
a 376 1794 0 3 7
a 377 1646 0 4 9
a 377 406 0 37 6
a 378 1168 0 4 10
a 378 1239 0 45 3
a 379 1737 0 4 1
a 379 689 0 31 8
a 380 584 0 4 9
a 380 728 0 15 9
a 383 365 0 4 8
a 383 400 0 23 7
a 384 1396 0 4 5
a 384 1409 0 41 9
a 387 1059 0 4 2
a 387 493 0 48 9
a 388 1391 0 4 1
a 388 1835 0 28 4
a 394 1159 0 4 4
a 394 420 0 23 1
a 396 1983 0 4 8
a 396 1012 0 39 6
a 401 1638 0 4 1
a 401 668 0 2 3
a 404 517 0 4 6
a 404 44 0 19 9
a 407 1397 0 4 3
a 407 887 0 46 4
a 410 1313 0 4 8
a 410 1072 0 20 7
a 414 902 0 4 5
a 414 38 0 35 8
a 421 1293 0 4 5
a 421 1430 0 44 5
a 424 698 0 4 7
a 424 145 0 35 2
a 426 1688 0 4 6
a 426 535 0 11 9
a 427 1105 0 4 4
a 427 1415 0 18 2
a 428 925 0 4 6
a 428 1795 0 4 10
a 429 342 0 4 7
a 429 390 0 44 5
a 433 1560 0 4 2
a 433 603 0 14 1
a 434 332 0 4 2
a 434 1386 0 28 2
a 436 965 0 4 1
a 436 1694 0 6 10
a 437 816 0 4 3
a 437 1526 0 18 8
a 438 780 0 4 1
a 438 659 0 40 5
a 440 1356 0 4 4
a 440 1222 0 33 9
a 444 1949 0 4 9
a 444 1467 0 45 10
a 445 1202 0 4 8
a 445 409 0 29 10
a 447 1049 0 4 5
a 447 404 0 47 1
a 449 1667 0 4 6
a 449 998 0 8 7
a 452 29 0 4 8
a 452 32 0 5 1
a 456 854 0 4 5
a 456 1658 0 24 9
a 458 867 0 4 9
a 458 1243 0 23 4
a 459 164 0 4 3
a 459 980 0 37 1
a 460 1175 0 4 5
a 460 545 0 36 4
a 461 613 0 4 2
a 461 216 0 48 3
a 462 1596 0 4 2
a 462 1673 0 49 9
a 466 841 0 4 10
a 466 1451 0 10 5
a 468 1532 0 4 7
a 468 1080 0 5 2
a 470 348 0 4 5
a 470 714 0 21 7
a 472 1568 0 4 8
a 472 479 0 39 7
a 474 1882 0 4 5
a 474 490 0 50 8
a 475 1220 0 4 7
a 475 89 0 13 7
a 476 1513 0 4 8
a 476 687 0 5 2
a 479 1593 0 4 7
a 479 1457 0 36 2
a 480 558 0 4 2
a 480 207 0 25 8
a 482 1320 0 4 3
a 482 906 0 0 6
a 484 1363 0 4 1
a 484 470 0 20 8
a 486 429 0 4 3
a 486 1650 0 28 8
a 487 762 0 4 3
a 487 1402 0 9 2
a 488 55 0 4 8
a 488 28 0 12 10
a 489 1132 0 4 5
a 489 910 0 38 3
a 490 228 0 4 1
a 490 488 0 37 1
a 491 788 0 4 5
a 491 563 0 38 9
a 494 1287 0 4 8
a 494 1508 0 33 9
a 496 815 0 4 7
a 496 242 0 29 10
a 497 658 0 4 5
a 497 1902 0 49 7
a 500 369 0 4 4
a 500 661 0 44 10
a 501 1269 0 4 6
a 501 498 0 27 10
a 506 748 0 4 2
a 506 1847 0 25 8
a 510 944 0 4 9
a 510 1157 0 28 5
a 512 364 0 4 3
a 512 1568 0 13 6
a 517 723 0 4 6
a 517 1818 0 28 4
a 518 871 0 4 3
a 518 1060 0 0 3
a 523 1475 0 4 6
a 523 429 0 43 6
a 524 1137 0 4 10
a 524 1185 0 6 7
a 525 1499 0 4 7
a 525 1697 0 42 7
a 527 1473 0 4 6
a 527 371 0 13 6
a 533 665 0 4 2
a 533 845 0 31 9
a 534 932 0 4 7
a 534 99 0 7 2
a 535 1229 0 4 7
a 535 1064 0 48 6
a 539 1897 0 4 8
a 539 91 0 6 8
a 541 1380 0 4 10
a 541 584 0 6 5
a 542 20 0 4 5
a 542 784 0 14 6
a 543 1825 0 4 6
a 543 1927 0 36 8
a 545 1687 0 4 4
a 545 271 0 40 9
a 547 970 0 4 3
a 547 1021 0 29 7
a 550 557 0 4 9
a 550 482 0 38 5
a 552 237 0 4 1
a 552 457 0 27 9
a 553 1607 0 4 6
a 553 1886 0 6 6
a 555 935 0 4 3
a 555 268 0 38 2
a 557 344 0 4 10
a 557 490 0 8 4
a 558 426 0 4 6
a 558 1046 0 12 4
a 566 1299 0 4 1
a 566 1486 0 21 9
a 567 1804 0 4 4
a 567 119 0 0 9
a 570 541 0 4 3
a 570 1872 0 48 4
a 572 1347 0 4 10
a 572 1995 0 47 5
a 574 472 0 4 10
a 574 1348 0 10 5
a 575 552 0 4 9
a 575 1738 0 3 6
a 576 1865 0 4 9
a 576 264 0 18 8
a 577 862 0 4 4
a 577 733 0 14 2
a 578 480 0 4 8
a 578 461 0 33 10
a 579 807 0 4 4
a 579 1139 0 41 3
a 581 663 0 4 10
a 581 932 0 21 8
a 582 737 0 4 4
a 582 1141 0 22 1
a 584 1314 0 4 3
a 584 29 0 31 2
a 585 287 0 4 2
a 585 248 0 29 7
a 586 1571 0 4 7
a 586 886 0 41 8
a 589 295 0 4 3
a 589 1736 0 4 5
a 591 1973 0 4 10
a 591 387 0 40 3
a 595 23 0 4 7
a 595 338 0 2 1
a 596 898 0 4 10
a 596 1325 0 41 9
a 598 814 0 4 2
a 598 1066 0 30 3
a 601 1422 0 4 10
a 601 1431 0 14 1
a 602 1415 0 4 4
a 602 1720 0 31 10
a 603 1845 0 4 8
a 603 1725 0 38 4
a 605 1649 0 4 6
a 605 77 0 40 8
a 607 171 0 4 4
a 607 90 0 10 6
a 608 641 0 4 9
a 608 1089 0 39 6
a 609 285 0 4 5
a 609 1249 0 30 7
a 610 1621 0 4 7
a 610 1584 0 43 4
a 613 1671 0 4 9
a 613 1334 0 20 1
a 616 1217 0 4 3
a 616 1310 0 16 4
a 617 1880 0 4 10
a 617 1109 0 7 8
a 619 1481 0 4 3
a 619 1919 0 16 7
a 620 572 0 4 3
a 620 1237 0 8 8
a 623 527 0 4 9
a 623 1001 0 4 4
a 625 1169 0 4 3
a 625 820 0 34 8
a 627 41 0 4 5
a 627 264 0 16 9
a 629 462 0 4 1
a 629 1997 0 46 3
a 631 252 0 4 8
a 631 573 0 40 5
a 634 218 0 4 1
a 634 151 0 2 3
a 635 378 0 4 6
a 635 68 0 47 6
a 636 48 0 4 6
a 636 838 0 24 9
a 638 1985 0 4 5
a 638 1623 0 10 4
a 639 1189 0 4 6
a 639 1130 0 7 2
a 641 1464 0 4 8
a 641 52 0 45 9
a 643 535 0 4 2
a 643 1170 0 8 2
a 652 1801 0 4 10
a 652 1302 0 24 8
a 653 1079 0 4 2
a 653 773 0 46 8
a 654 1784 0 4 4
a 654 553 0 24 9
a 655 1465 0 4 8
a 655 745 0 19 8
a 658 570 0 4 2
a 658 1262 0 33 2
a 659 1071 0 4 3
a 659 861 0 45 1
a 663 790 0 4 9
a 663 1310 0 19 8
a 665 1819 0 4 7
a 665 1124 0 49 3
a 666 999 0 4 6
a 666 983 0 40 1
a 667 1212 0 4 10
a 667 1628 0 35 5
a 668 1052 0 4 3
a 668 1591 0 29 3
a 669 783 0 4 1
a 669 425 0 6 10
a 670 798 0 4 8
a 670 535 0 6 1
a 671 616 0 4 5
a 671 157 0 6 9
a 675 1676 0 4 10
a 675 69 0 7 8
a 680 768 0 4 2
a 680 1347 0 0 1
a 683 1915 0 4 6
a 683 1991 0 6 1
a 685 1247 0 4 1
a 685 1746 0 25 5
a 688 1117 0 4 2
a 688 705 0 22 9
a 689 1421 0 4 1
a 689 174 0 7 7
a 691 1743 0 4 9
a 691 727 0 45 1
a 694 482 0 4 10
a 694 434 0 42 9
a 698 1690 0 4 2
a 698 660 0 8 6
a 699 1669 0 4 6
a 699 1888 0 39 3
a 701 1698 0 4 6
a 701 289 0 35 8
a 708 1735 0 4 1
a 708 1027 0 2 10
a 710 1404 0 4 10
a 710 438 0 24 3
a 715 1107 0 4 6
a 715 109 0 41 2
a 716 1033 0 4 10
a 716 509 0 5 10
a 717 639 0 4 1
a 717 1221 0 49 2
a 720 1441 0 4 8
a 720 228 0 4 3
a 723 17 0 4 4
a 723 1255 0 22 7
a 725 659 0 4 2
a 725 937 0 50 2
a 728 258 0 4 1
a 728 719 0 9 10
a 734 1268 0 4 9
a 734 1508 0 25 7
a 736 586 0 4 5
a 736 1024 0 42 8
a 737 919 0 4 10
a 737 265 0 23 10
a 739 1128 0 4 3
a 739 560 0 44 4
a 741 1692 0 4 3
a 741 804 0 28 7
a 742 1863 0 4 7
a 742 1078 0 37 5
a 748 326 0 4 5
a 748 674 0 41 6
a 750 777 0 4 8
a 750 1670 0 29 10
a 752 85 0 4 7
a 752 1226 0 30 4
a 758 227 0 4 9
a 758 6 0 20 2
a 759 1964 0 4 3
a 759 1923 0 26 6
a 762 1524 0 4 10
a 762 870 0 31 3
a 768 1591 0 4 5
a 768 1246 0 36 8
a 772 379 0 4 2
a 772 54 0 34 3
a 775 1839 0 4 1
a 775 413 0 35 6
a 777 424 0 4 2
a 777 1062 0 14 3
a 779 87 0 4 5
a 779 320 0 41 7
a 780 107 0 4 1
a 780 558 0 34 9
a 781 1554 0 4 10
a 781 1170 0 16 3
a 782 832 0 4 7
a 782 1103 0 10 10
a 783 1023 0 4 8
a 783 212 0 49 5
a 788 1598 0 4 5
a 788 91 0 0 3
a 790 625 0 4 7
a 790 350 0 18 2
a 796 845 0 4 5
a 796 443 0 32 4
a 797 1542 0 4 7
a 797 337 0 18 2
a 798 623 0 4 9
a 798 473 0 23 9
a 799 602 0 4 4
a 799 1753 0 9 1
a 800 1090 0 4 10
a 800 821 0 34 8
a 801 817 0 4 5
a 801 812 0 26 9
a 802 1196 0 4 7
a 802 631 0 41 3
a 804 1208 0 4 6
a 804 93 0 31 2
a 805 308 0 4 8
a 805 629 0 48 1
a 807 1172 0 4 7
a 807 1026 0 32 9
a 811 1129 0 4 1
a 811 1655 0 40 8
a 812 1570 0 4 5
a 812 348 0 49 10
a 814 1216 0 4 5
a 814 1927 0 21 3
a 815 479 0 4 5
a 815 195 0 1 1
a 816 16 0 4 9
a 816 1039 0 25 2
a 817 1444 0 4 3
a 817 1461 0 6 10
a 818 1610 0 4 4
a 818 354 0 28 3
a 820 1843 0 4 4
a 820 877 0 24 6
a 824 249 0 4 8
a 824 1139 0 8 7
a 825 1583 0 4 1
a 825 585 0 16 3
a 829 437 0 4 9
a 829 1530 0 31 1
a 831 619 0 4 9
a 831 755 0 28 9
a 832 128 0 4 10
a 832 220 0 46 4
a 833 1024 0 4 5
a 833 1136 0 44 6
a 834 804 0 4 1
a 834 322 0 5 3
a 838 1808 0 4 8
a 838 1436 0 47 2
a 840 1339 0 4 2
a 840 1057 0 18 6
a 841 170 0 4 8
a 841 478 0 35 7
a 842 145 0 4 5
a 842 39 0 16 1
a 843 1133 0 4 10
a 843 717 0 28 4
a 845 1149 0 4 3
a 845 40 0 3 1
a 846 1040 0 4 1
a 846 359 0 17 7
a 850 1752 0 4 2
a 850 1376 0 31 10
a 851 1276 0 4 4
a 851 960 0 8 7
a 854 545 0 4 9
a 854 1369 0 47 4
a 855 1797 0 4 1
a 855 1823 0 12 1
a 856 428 0 4 2
a 856 1364 0 22 5
a 857 960 0 4 2
a 857 441 0 38 1
a 860 1661 0 4 10
a 860 1638 0 14 8
a 862 488 0 4 10
a 862 1531 0 0 1
a 865 323 0 4 8
a 865 557 0 22 2
a 867 490 0 4 9
a 867 1988 0 27 5
a 871 1844 0 4 6
a 871 764 0 13 4
a 877 318 0 4 4
a 877 298 0 4 9
a 878 1343 0 4 1
a 878 304 0 24 8
a 881 1382 0 4 2
a 881 462 0 18 4
a 883 357 0 4 8
a 883 1560 0 28 6
a 884 275 0 4 4
a 884 328 0 18 7
a 886 997 0 4 1
a 886 1562 0 14 1
a 890 1119 0 4 1
a 890 1351 0 44 4
a 891 388 0 4 3
a 891 1958 0 11 8
a 893 206 0 4 7
a 893 41 0 46 8
a 895 63 0 4 3
a 895 1268 0 16 5
a 896 74 0 4 10
a 896 667 0 9 3
a 898 1447 0 4 5
a 898 1508 0 38 3
a 900 973 0 4 9
a 900 730 0 31 4
a 902 1099 0 4 10
a 902 1240 0 10 6
a 903 1390 0 4 3
a 903 152 0 31 9
a 912 328 0 4 8
a 912 1682 0 32 1
a 915 855 0 4 2
a 915 945 0 6 3
a 917 1022 0 4 2
a 917 710 0 50 1
a 919 1909 0 4 8
a 919 211 0 44 9
a 920 1362 0 4 4
a 920 405 0 8 5
a 923 79 0 4 5
a 923 543 0 3 2
a 924 289 0 4 8
a 924 104 0 5 7
a 925 1677 0 4 7
a 925 477 0 44 8
a 926 148 0 4 2
a 926 367 0 7 5
a 928 525 0 4 8
a 928 1676 0 2 2
a 930 1317 0 4 7
a 930 144 0 2 3
a 932 251 0 4 2
a 932 985 0 2 4
a 935 1933 0 4 8
a 935 772 0 5 8
a 936 1098 0 4 10
a 936 1812 0 22 1
a 939 620 0 4 8
a 939 1310 0 12 8
a 940 266 0 4 1
a 940 550 0 31 1
a 941 1576 0 4 5
a 941 171 0 43 3
a 942 260 0 4 4
a 942 595 0 22 3
a 944 1262 0 4 7
a 944 1161 0 41 8
a 945 1624 0 4 4
a 945 1178 0 21 2
a 951 1767 0 4 4
a 951 1861 0 47 6
a 952 486 0 4 7
a 952 1334 0 3 8
a 953 1697 0 4 3
a 953 1113 0 11 6
a 954 799 0 4 10
a 954 357 0 22 8
a 957 1952 0 4 4
a 957 1287 0 38 3
a 958 1319 0 4 5
a 958 7 0 21 10
a 959 1412 0 4 5
a 959 74 0 37 6
a 960 224 0 4 7
a 960 1369 0 2 4
a 964 1741 0 4 10
a 964 1978 0 28 5
a 965 1648 0 4 5
a 965 1496 0 37 3
a 966 1388 0 4 2
a 966 1874 0 27 5
a 970 1389 0 4 9
a 970 1649 0 46 5
a 971 248 0 4 3
a 971 1025 0 48 6
a 972 1210 0 4 4
a 972 658 0 43 5
a 973 1402 0 4 5
a 973 1234 0 0 7
a 978 1832 0 4 4
a 978 1934 0 46 7
a 979 1155 0 4 5
a 979 689 0 12 2
a 981 655 0 4 6
a 981 252 0 34 10
a 983 831 0 4 7
a 983 1382 0 7 7
a 984 1860 0 4 3
a 984 959 0 10 4
a 985 1364 0 4 9
a 985 1463 0 17 8
a 988 524 0 4 10
a 988 31 0 43 9
a 989 805 0 4 1
a 989 1488 0 27 5
a 991 1877 0 4 10
a 991 119 0 34 7
a 992 1041 0 4 2
a 992 1648 0 50 2
a 996 635 0 4 6
a 996 564 0 18 3
a 997 1575 0 4 10
a 997 1234 0 47 4
a 999 368 0 4 1
a 999 762 0 29 4
a 1001 1138 0 4 8
a 1001 1952 0 38 10
a 1002 1893 0 4 3
a 1002 1840 0 41 8
a 1003 881 0 4 1
a 1003 349 0 21 3
a 1004 553 0 4 9
a 1004 1889 0 15 10
a 1006 1823 0 4 8
a 1006 910 0 3 9
a 1007 1424 0 4 9
a 1007 612 0 22 10
a 1009 1771 0 4 10
a 1009 1570 0 35 9
a 1011 61 0 4 5
a 1011 1569 0 16 2
a 1012 627 0 4 10
a 1012 1622 0 44 8
a 1013 187 0 4 4
a 1013 315 0 34 1
a 1015 497 0 4 6
a 1015 1945 0 5 3
a 1017 39 0 4 2
a 1017 822 0 38 1
a 1021 146 0 4 6
a 1021 507 0 41 3
a 1022 1601 0 4 10
a 1022 445 0 10 7
a 1023 461 0 4 2
a 1023 578 0 21 3
a 1024 68 0 4 10
a 1024 1231 0 3 4
a 1026 796 0 4 5
a 1026 966 0 18 8
a 1027 298 0 4 2
a 1027 1997 0 1 3
a 1030 1144 0 4 1
a 1030 588 0 9 6
a 1032 1859 0 4 7
a 1032 748 0 15 5
a 1033 290 0 4 8
a 1033 617 0 45 2
a 1038 942 0 4 2
a 1038 101 0 16 4
a 1040 1536 0 4 5
a 1040 805 0 48 1
a 1041 62 0 4 1
a 1041 468 0 42 9
a 1042 1682 0 4 8
a 1042 1999 0 6 3
a 1043 494 0 4 6
a 1043 754 0 4 4
a 1045 1856 0 4 3
a 1045 608 0 9 2
a 1046 802 0 4 6
a 1046 567 0 11 5
a 1049 1764 0 4 9
a 1049 310 0 36 1
a 1052 501 0 4 4
a 1052 1367 0 47 4
a 1055 772 0 4 4
a 1055 993 0 16 3
a 1057 903 0 4 7
a 1057 673 0 42 6
a 1059 449 0 4 1
a 1059 1480 0 42 6
a 1063 1881 0 4 9
a 1063 1478 0 50 1
a 1064 1515 0 4 7
a 1064 1707 0 1 10
a 1067 1595 0 4 5
a 1067 501 0 49 9
a 1068 1731 0 4 7
a 1068 1999 0 4 2
a 1069 857 0 4 9
a 1069 1143 0 5 4
a 1070 1751 0 4 6
a 1070 1188 0 35 7
a 1071 355 0 4 2
a 1071 1998 0 33 5
a 1077 245 0 4 3
a 1077 1705 0 35 1
a 1078 1875 0 4 3
a 1078 1200 0 47 5
a 1079 1167 0 4 9
a 1079 72 0 38 10
a 1081 1905 0 4 6
a 1081 378 0 5 2
a 1082 31 0 4 2
a 1082 1558 0 29 8
a 1083 51 0 4 2
a 1083 1650 0 37 5
a 1085 1392 0 4 2
a 1085 1206 0 3 2
a 1088 736 0 4 4
a 1088 592 0 11 1
a 1090 1626 0 4 9
a 1090 883 0 14 1
a 1092 1810 0 4 2
a 1092 406 0 27 7
a 1093 1608 0 4 8
a 1093 1760 0 32 10
a 1096 489 0 4 9
a 1096 1586 0 15 4
a 1098 1487 0 4 2
a 1098 222 0 6 4
a 1099 159 0 4 10
a 1099 241 0 41 4
a 1103 581 0 4 10
a 1103 1918 0 50 2
a 1105 1376 0 4 1
a 1105 1405 0 16 9
a 1107 1739 0 4 8
a 1107 216 0 16 3
a 1111 475 0 4 6
a 1111 523 0 31 4
a 1112 64 0 4 6
a 1112 1138 0 24 6
a 1113 232 0 4 8
a 1113 995 0 9 1
a 1117 1333 0 4 1
a 1117 1580 0 14 9
a 1119 782 0 4 8
a 1119 1565 0 49 2
a 1128 1918 0 4 9
a 1128 145 0 7 7
a 1129 833 0 4 7
a 1129 57 0 40 9
a 1130 1180 0 4 1
a 1130 376 0 4 3
a 1132 1926 0 4 1
a 1132 425 0 3 1
a 1133 983 0 4 7
a 1133 967 0 21 5
a 1134 670 0 4 3
a 1134 701 0 50 5
a 1135 1528 0 4 10
a 1135 439 0 50 3
a 1136 1658 0 4 1
a 1136 268 0 26 4
a 1137 865 0 4 9
a 1137 1943 0 49 4
a 1138 834 0 4 3
a 1138 1338 0 13 2
a 1142 680 0 4 3
a 1142 1839 0 33 7
a 1143 354 0 4 8
a 1143 1775 0 9 6
a 1144 137 0 4 1
a 1144 1732 0 11 2
a 1145 337 0 4 8
a 1145 1965 0 10 7
a 1149 1405 0 4 6
a 1149 1721 0 22 3
a 1152 668 0 4 7
a 1152 1764 0 48 1
a 1155 1815 0 4 4
a 1155 1745 0 25 3
a 1156 325 0 4 2
a 1156 946 0 49 5
a 1158 76 0 4 1
a 1158 637 0 6 5
a 1159 169 0 4 9
a 1159 1065 0 6 6
a 1160 820 0 4 6
a 1160 233 0 34 8
a 1161 349 0 4 2
a 1161 1847 0 36 3
a 1162 306 0 4 2
a 1162 151 0 46 3
a 1164 512 0 4 8
a 1164 707 0 20 8
a 1165 941 0 4 6
a 1165 390 0 9 2
a 1167 1932 0 4 2
a 1167 1438 0 7 2
a 1168 1360 0 4 1
a 1168 807 0 40 2
a 1169 685 0 4 10
a 1169 1397 0 49 8
a 1172 607 0 4 1
a 1172 1163 0 11 5
a 1173 1439 0 4 4
a 1173 1531 0 28 8
a 1174 1500 0 4 10
a 1174 1867 0 0 9
a 1175 1824 0 4 4
a 1175 821 0 24 3
a 1177 1616 0 4 8
a 1177 277 0 45 9
a 1178 518 0 4 2
a 1178 1628 0 15 4
a 1180 1007 0 4 1
a 1180 1377 0 18 10
a 1181 1042 0 4 10
a 1181 1323 0 4 1
a 1182 1078 0 4 4
a 1182 1705 0 14 9
a 1183 447 0 4 9
a 1183 1960 0 42 7
a 1185 1903 0 4 3
a 1185 1523 0 48 4
a 1187 653 0 4 5
a 1187 873 0 36 3
a 1189 1755 0 4 7
a 1189 1932 0 13 10
a 1192 152 0 4 6
a 1192 1329 0 44 10
a 1194 891 0 4 5
a 1194 1983 0 33 1
a 1196 539 0 4 8
a 1196 188 0 12 1
a 1198 1278 0 4 6
a 1198 315 0 5 10
a 1201 1535 0 4 5
a 1201 1581 0 38 9
a 1202 812 0 4 10
a 1202 389 0 7 9
a 1204 739 0 4 7
a 1204 1352 0 5 7
a 1206 1695 0 4 9
a 1206 1184 0 21 6
a 1208 1656 0 4 3
a 1208 828 0 2 2
a 1210 634 0 4 7
a 1210 1142 0 34 2
a 1211 1330 0 4 5
a 1211 156 0 11 3
a 1212 175 0 4 2
a 1212 562 0 0 2
a 1213 667 0 4 9
a 1213 826 0 43 1
a 1216 985 0 4 7
a 1216 1895 0 40 7
a 1217 1999 0 4 5
a 1217 1659 0 4 7
a 1219 10 0 4 2
a 1219 604 0 19 4
a 1220 1728 0 4 6
a 1220 1235 0 44 9
a 1221 1948 0 4 10
a 1221 1168 0 42 2
a 1226 293 0 4 9
a 1226 603 0 21 1
a 1227 1194 0 4 10
a 1227 228 0 49 1
a 1229 1547 0 4 8
a 1229 1094 0 39 10
a 1232 142 0 4 4
a 1232 973 0 36 3
a 1238 671 0 4 1
a 1238 1183 0 45 7
a 1241 591 0 4 9
a 1241 1401 0 49 2
a 1245 846 0 4 1
a 1245 1112 0 6 10
a 1246 246 0 4 2
a 1246 59 0 30 8
a 1247 716 0 4 7
a 1247 1287 0 46 6
a 1249 274 0 4 9
a 1249 1302 0 46 7
a 1252 1779 0 4 5
a 1252 797 0 16 2
a 1253 1232 0 4 4
a 1253 1864 0 33 10
a 1255 1017 0 4 4
a 1255 1992 0 14 3
a 1257 1647 0 4 7
a 1257 1840 0 10 8
a 1260 363 0 4 6
a 1260 1594 0 45 2
a 1262 1366 0 4 9
a 1262 1007 0 3 1
a 1268 1083 0 4 5
a 1268 797 0 1 3
a 1269 1013 0 4 2
a 1269 1374 0 48 5
a 1270 367 0 4 1
a 1270 1881 0 34 3
a 1276 24 0 4 7
a 1276 596 0 50 10
a 1278 1900 0 4 3
a 1278 1583 0 24 5
a 1281 138 0 4 2
a 1281 18 0 27 1
a 1282 860 0 4 1
a 1282 1879 0 3 2
a 1286 276 0 4 4
a 1286 1519 0 34 1
a 1287 362 0 4 4
a 1287 1359 0 28 10
a 1288 577 0 4 2
a 1288 725 0 11 6
a 1289 1506 0 4 2
a 1289 13 0 45 1
a 1290 1684 0 4 6
a 1290 1504 0 9 2
a 1291 1312 0 4 10
a 1291 166 0 43 1
a 1293 314 0 4 7
a 1293 254 0 1 6
a 1299 1152 0 4 8
a 1299 1744 0 22 9
a 1301 1544 0 4 9
a 1301 1410 0 0 9
a 1303 1745 0 4 3
a 1303 934 0 2 2
a 1304 971 0 4 8
a 1304 646 0 12 3
a 1305 1723 0 4 1
a 1305 729 0 25 4
a 1306 1004 0 4 3
a 1306 31 0 34 1
a 1307 582 0 4 3
a 1307 1056 0 36 10
a 1312 445 0 4 3
a 1312 500 0 49 7
a 1313 1165 0 4 8
a 1313 1636 0 13 10
a 1314 1760 0 4 5
a 1314 1631 0 30 4
a 1317 1822 0 4 1
a 1317 1436 0 42 5
a 1318 1304 0 4 9
a 1318 1724 0 1 2
a 1319 1618 0 4 7
a 1319 1894 0 49 3
a 1320 1821 0 4 5
a 1320 1920 0 14 4
a 1322 1401 0 4 1
a 1322 986 0 18 6
a 1324 163 0 4 4
a 1324 1920 0 34 8
a 1326 1759 0 4 7
a 1326 993 0 16 9
a 1327 851 0 4 3
a 1327 713 0 33 4
a 1330 172 0 4 9
a 1330 443 0 2 5
a 1331 1201 0 4 2
a 1331 1815 0 8 1
a 1333 407 0 4 10
a 1333 339 0 40 10
a 1335 759 0 4 3
a 1335 1198 0 31 6
a 1336 959 0 4 3
a 1336 119 0 33 10
a 1338 1939 0 4 6
a 1338 834 0 47 10
a 1339 452 0 4 3
a 1339 1543 0 43 5
a 1340 96 0 4 3
a 1340 1020 0 32 4
a 1343 1249 0 4 6
a 1343 1250 0 49 1
a 1347 691 0 4 2
a 1347 454 0 3 5
a 1352 121 0 4 6
a 1352 1552 0 15 4
a 1353 1359 0 4 6
a 1353 396 0 9 5
a 1356 1766 0 4 7
a 1356 1325 0 50 10
a 1357 1504 0 4 8
a 1357 262 0 39 5
a 1359 1509 0 4 1
a 1359 236 0 6 5
a 1360 259 0 4 2
a 1360 698 0 44 8
a 1361 1443 0 4 9
a 1361 890 0 42 7
a 1362 109 0 4 1
a 1362 1618 0 40 7
a 1363 1894 0 4 3
a 1363 363 0 0 3
a 1364 1092 0 4 2
a 1364 1216 0 29 3
a 1365 1438 0 4 2
a 1365 906 0 26 4
a 1366 1403 0 4 6
a 1366 239 0 42 3
a 1367 1483 0 4 4
a 1367 1551 0 36 5
a 1371 94 0 4 5
a 1371 867 0 18 1
a 1373 636 0 4 6
a 1373 1862 0 25 2
a 1376 1553 0 4 9
a 1376 1915 0 7 10
a 1380 1478 0 4 8
a 1380 1912 0 12 6
a 1382 147 0 4 1
a 1382 783 0 5 9
a 1388 264 0 4 8
a 1388 842 0 18 8
a 1389 654 0 4 8
a 1389 725 0 47 5
a 1390 1818 0 4 9
a 1390 1437 0 50 7
a 1391 1606 0 4 4
a 1391 1375 0 45 7
a 1392 458 0 4 6
a 1392 330 0 40 6
a 1395 1991 0 4 6
a 1395 1102 0 37 8
a 1396 267 0 4 3
a 1396 1445 0 20 9
a 1397 433 0 4 4
a 1397 172 0 19 2
a 1399 838 0 4 1
a 1399 1970 0 16 6
a 1401 1455 0 4 5
a 1401 679 0 2 2
a 1402 1331 0 4 3
a 1402 957 0 29 5
a 1403 1395 0 4 6
a 1403 1432 0 7 9
a 1404 952 0 4 9
a 1404 718 0 23 5
a 1405 1469 0 4 4
a 1405 1535 0 47 5
a 1407 533 0 4 3
a 1407 1966 0 22 9
a 1408 741 0 4 6
a 1408 15 0 4 5
a 1409 180 0 4 1
a 1409 600 0 46 3
a 1411 253 0 4 5
a 1411 659 0 2 3
a 1412 208 0 4 6
a 1412 730 0 16 6
a 1413 884 0 4 3
a 1413 12 0 45 9
a 1414 1625 0 4 1
a 1414 1788 0 40 10
a 1415 1798 0 4 2
a 1415 1593 0 21 1
a 1417 500 0 4 4
a 1417 1148 0 35 9
a 1419 404 0 4 10
a 1419 792 0 27 6
a 1421 555 0 4 4
a 1421 377 0 24 2
a 1422 131 0 4 8
a 1422 1624 0 2 2
a 1424 1854 0 4 2
a 1424 595 0 35 3
a 1426 1288 0 4 5
a 1426 1700 0 45 3
a 1427 734 0 4 6
a 1427 365 0 21 6
a 1428 1088 0 4 9
a 1428 1988 0 23 4
a 1429 310 0 4 6
a 1429 1387 0 26 9
a 1431 1486 0 4 8
a 1431 365 0 17 2
a 1434 610 0 4 7
a 1434 906 0 18 5
a 1435 578 0 4 3
a 1435 1687 0 39 10
a 1438 1968 0 4 6
a 1438 21 0 31 6
a 1439 1627 0 4 7
a 1439 1941 0 42 9
a 1441 470 0 4 3
a 1441 1877 0 17 3
a 1443 1307 0 4 8
a 1443 662 0 0 5
a 1444 1811 0 4 1
a 1444 1377 0 50 7
a 1447 1769 0 4 10
a 1447 911 0 8 1
a 1449 456 0 4 2
a 1449 1370 0 28 7
a 1450 370 0 4 10
a 1450 301 0 46 7
a 1452 1485 0 4 1
a 1452 493 0 40 3
a 1455 856 0 4 2
a 1455 505 0 12 6
a 1456 284 0 4 7
a 1456 535 0 13 6
a 1458 603 0 4 10
a 1458 387 0 19 3
a 1461 1113 0 4 1
a 1461 642 0 29 4
a 1462 1522 0 4 7
a 1462 918 0 13 3
a 1463 1572 0 4 9
a 1463 726 0 24 10
a 1464 917 0 4 2
a 1464 927 0 31 4
a 1465 410 0 4 1
a 1465 708 0 12 1
a 1469 1678 0 4 6
a 1469 1471 0 17 3
a 1471 1103 0 4 6
a 1471 1712 0 26 5
a 1473 575 0 4 4
a 1473 1705 0 34 9
a 1474 1884 0 4 6
a 1474 1569 0 13 2
a 1475 1775 0 4 8
a 1475 543 0 18 5
a 1478 1959 0 4 3
a 1478 926 0 50 7
a 1481 1888 0 4 7
a 1481 1217 0 16 6
a 1482 750 0 4 4
a 1482 1150 0 13 6
a 1483 1814 0 4 10
a 1483 681 0 1 7
a 1485 1523 0 4 7
a 1485 963 0 30 8
a 1486 1613 0 4 9
a 1486 1532 0 41 5
a 1487 49 0 4 9
a 1487 537 0 49 4
a 1495 1820 0 4 10
a 1495 1541 0 40 8
a 1496 1720 0 4 10
a 1496 253 0 38 1
a 1497 1603 0 4 4
a 1497 1049 0 24 3
a 1499 1161 0 4 9
a 1499 160 0 4 6
a 1500 1219 0 4 3
a 1500 56 0 2 7
a 1504 1246 0 4 9
a 1504 12 0 44 10
a 1505 1357 0 4 6
a 1505 1876 0 42 8
a 1506 720 0 4 3
a 1506 1306 0 39 8
a 1507 1011 0 4 5
a 1507 1470 0 24 7
a 1509 1507 0 4 2
a 1509 1055 0 28 1
a 1513 752 0 4 7
a 1513 574 0 43 9
a 1515 192 0 4 8
a 1515 82 0 50 3
a 1517 683 0 4 6
a 1517 1155 0 19 5
a 1518 1496 0 4 1
a 1518 1030 0 35 6
a 1520 212 0 4 2
a 1520 317 0 13 7
a 1522 1551 0 4 9
a 1522 1343 0 13 7
a 1523 1450 0 4 5
a 1523 655 0 3 7
a 1524 825 0 4 10
a 1524 1990 0 36 3
a 1528 725 0 4 7
a 1528 205 0 25 4
a 1529 1409 0 4 2
a 1529 1253 0 30 2
a 1530 380 0 4 10
a 1530 195 0 14 9
a 1532 1173 0 4 9
a 1532 857 0 1 5
a 1535 629 0 4 9
a 1535 1232 0 41 1
a 1536 460 0 4 7
a 1536 1440 0 9 3
a 1537 1992 0 4 2
a 1537 7 0 19 4
a 1539 1941 0 4 9
a 1539 516 0 13 6
a 1540 1707 0 4 10
a 1540 256 0 33 3
a 1541 115 0 4 3
a 1541 579 0 35 10
a 1542 476 0 4 4
a 1542 1597 0 0 9
a 1544 1063 0 4 1
a 1544 214 0 29 8
a 1547 165 0 4 6
a 1547 1497 0 8 6
a 1551 11 0 4 4
a 1551 1900 0 27 10
a 1552 688 0 4 6
a 1552 1729 0 43 8
a 1553 1622 0 4 1
a 1553 220 0 31 7
a 1554 474 0 4 10
a 1554 88 0 37 6
a 1557 414 0 4 4
a 1557 1163 0 16 4
a 1558 101 0 4 4
a 1558 1591 0 31 9
a 1560 877 0 4 7
a 1560 538 0 8 5
a 1561 1371 0 4 5
a 1561 454 0 18 7
a 1566 1399 0 4 1
a 1566 292 0 18 10
a 1568 1414 0 4 10
a 1568 643 0 26 4
a 1569 1338 0 4 6
a 1569 1121 0 2 8
a 1570 1462 0 4 3
a 1570 349 0 37 4
a 1571 183 0 4 2
a 1571 490 0 38 4
a 1572 1093 0 4 3
a 1572 198 0 15 6
a 1575 666 0 4 2
a 1575 1903 0 3 8
a 1576 1660 0 4 6
a 1576 1758 0 24 8
a 1581 209 0 4 4
a 1581 918 0 7 3
a 1583 1160 0 4 9
a 1583 1953 0 6 1
a 1584 542 0 4 5
a 1584 885 0 5 10
a 1585 133 0 4 3
a 1585 327 0 36 7
a 1586 1282 0 4 3
a 1586 677 0 19 3
a 1587 1644 0 4 5
a 1587 1058 0 3 2
a 1588 1628 0 4 7
a 1588 625 0 35 1
a 1589 153 0 4 3
a 1589 463 0 21 6
a 1591 1181 0 4 3
a 1591 1218 0 21 6
a 1592 1015 0 4 4
a 1592 940 0 17 5
a 1593 1281 0 4 4
a 1593 1080 0 47 1
a 1594 824 0 4 9
a 1594 725 0 14 8
a 1595 1322 0 4 3
a 1595 994 0 11 5
a 1596 1846 0 4 9
a 1596 1205 0 43 2
a 1597 675 0 4 7
a 1597 783 0 47 5
a 1598 543 0 4 7
a 1598 404 0 47 6
a 1599 652 0 4 1
a 1599 778 0 28 6
a 1601 1589 0 4 6
a 1601 1931 0 0 1
a 1603 631 0 4 7
a 1603 42 0 39 8
a 1605 758 0 4 4
a 1605 484 0 35 10
a 1606 596 0 4 4
a 1606 1723 0 40 5
a 1607 1922 0 4 5
a 1607 239 0 30 6
a 1608 1852 0 4 6
a 1608 811 0 30 3
a 1610 1067 0 4 7
a 1610 1914 0 27 1
a 1613 811 0 4 1
a 1613 1249 0 9 2
a 1614 1795 0 4 5
a 1614 1954 0 32 6
a 1616 1335 0 4 7
a 1616 562 0 34 5
a 1618 491 0 4 6
a 1618 521 0 45 5
a 1619 1003 0 4 4
a 1619 432 0 12 10
a 1620 1585 0 4 4
a 1620 385 0 49 6
a 1621 459 0 4 9
a 1621 715 0 31 2
a 1622 953 0 4 10
a 1622 720 0 9 9
a 1624 1558 0 4 3
a 1624 864 0 15 10
a 1625 496 0 4 3
a 1625 1435 0 6 2
a 1626 1290 0 4 6
a 1626 1865 0 5 3
a 1627 1781 0 4 2
a 1627 1535 0 5 5
a 1628 1413 0 4 2
a 1628 419 0 40 5
a 1629 1064 0 4 2
a 1629 492 0 24 10
a 1637 352 0 4 3
a 1637 732 0 27 7
a 1638 1679 0 4 9
a 1638 628 0 20 1
a 1644 281 0 4 1
a 1644 1164 0 46 2
a 1645 92 0 4 8
a 1645 26 0 22 3
a 1646 1206 0 4 3
a 1646 1156 0 46 1
a 1647 689 0 4 4
a 1647 1749 0 45 3
a 1648 1919 0 4 3
a 1648 438 0 17 9
a 1649 954 0 4 5
a 1649 1749 0 15 8
a 1656 1136 0 4 2
a 1656 1424 0 49 8
a 1658 282 0 4 1
a 1658 394 0 45 6
a 1659 1252 0 4 2
a 1659 913 0 43 10
a 1660 1809 0 4 5
a 1660 19 0 15 7
a 1661 1645 0 4 4
a 1661 1228 0 5 5
a 1663 288 0 4 6
a 1663 1951 0 16 5
a 1667 1009 0 4 10
a 1667 689 0 1 4
a 1669 843 0 4 7
a 1669 147 0 40 10
a 1670 230 0 4 6
a 1670 1681 0 39 10
a 1671 356 0 4 5
a 1671 1552 0 20 3
a 1676 1586 0 4 4
a 1676 42 0 35 7
a 1677 878 0 4 9
a 1677 618 0 50 4
a 1678 468 0 4 1
a 1678 352 0 42 7
a 1679 1694 0 4 1
a 1679 1591 0 11 2
a 1682 1045 0 4 6
a 1682 1800 0 23 3
a 1684 979 0 4 3
a 1684 474 0 29 10
a 1687 1289 0 4 3
a 1687 966 0 42 5
a 1688 1912 0 4 3
a 1688 500 0 20 1
a 1690 840 0 4 3
a 1690 12 0 4 5
a 1692 1889 0 4 10
a 1692 1846 0 16 4
a 1694 1192 0 4 2
a 1694 923 0 3 9
a 1695 1994 0 4 1
a 1695 1277 0 34 4
a 1697 1790 0 4 3
a 1697 541 0 15 7
a 1698 1461 0 4 7
a 1698 232 0 4 8
a 1699 923 0 4 1
a 1699 1065 0 22 4
a 1707 1417 0 4 3
a 1707 1484 0 38 9
a 1713 912 0 4 8
a 1713 1042 0 47 5
a 1714 883 0 4 6
a 1714 909 0 20 5
a 1720 436 0 4 1
a 1720 1825 0 10 3
a 1722 116 0 4 1
a 1722 1161 0 42 5
a 1723 1581 0 4 2
a 1723 1244 0 21 1
a 1724 1495 0 4 7
a 1724 78 0 48 1
a 1725 886 0 4 6
a 1725 753 0 43 6
a 1728 1164 0 4 3
a 1728 1115 0 41 2
a 1731 1780 0 4 6
a 1731 623 0 12 2
a 1735 1910 0 4 4
a 1735 885 0 10 9
a 1736 928 0 4 8
a 1736 1602 0 7 2
a 1737 1722 0 4 10
a 1737 1000 0 19 10
a 1739 1434 0 4 5
a 1739 1319 0 28 7
a 1741 199 0 4 9
a 1741 1519 0 13 1
a 1743 1081 0 4 5
a 1743 309 0 38 5
a 1745 924 0 4 1
a 1745 1209 0 47 1
a 1748 1211 0 4 6
a 1748 1585 0 11 5
a 1749 972 0 4 2
a 1749 1793 0 22 9
a 1751 978 0 4 3
a 1751 636 0 43 3
a 1752 8 0 4 9
a 1752 1035 0 31 9
a 1755 1996 0 4 8
a 1755 762 0 41 1
a 1756 966 0 4 4
a 1756 1580 0 24 1
a 1759 1452 0 4 3
a 1759 1829 0 21 7
a 1760 1336 0 4 7
a 1760 1113 0 1 6
a 1762 988 0 4 8
a 1762 899 0 16 4
a 1763 304 0 4 2
a 1763 347 0 39 2
a 1764 669 0 4 4
a 1764 1263 0 15 7
a 1766 742 0 4 9
a 1766 1828 0 34 7
a 1767 850 0 4 5
a 1767 176 0 39 4
a 1769 775 0 4 5
a 1769 132 0 9 8
a 1770 221 0 4 9
a 1770 1508 0 21 4
a 1771 1930 0 4 6
a 1771 1851 0 0 6
a 1775 371 0 4 1
a 1775 1882 0 30 6
a 1777 1813 0 4 3
a 1777 613 0 14 8
a 1779 129 0 4 4
a 1779 1485 0 18 1
a 1780 1046 0 4 5
a 1780 1711 0 7 2
a 1781 567 0 4 4
a 1781 85 0 14 3
a 1784 1962 0 4 1
a 1784 213 0 36 7
a 1790 189 0 4 7
a 1790 633 0 31 10
a 1792 638 0 4 4
a 1792 85 0 40 10
a 1794 609 0 4 4
a 1794 1058 0 46 1
a 1795 14 0 4 7
a 1795 1990 0 43 3
a 1796 1557 0 4 3
a 1796 1047 0 24 2
a 1797 589 0 4 6
a 1797 1068 0 38 1
a 1798 800 0 4 7
a 1798 38 0 24 3
a 1801 9 0 4 8
a 1801 1448 0 38 4
a 1804 1227 0 4 2
a 1804 1081 0 11 10
a 1805 890 0 4 5
a 1805 1576 0 36 10
a 1807 708 0 4 10
a 1807 1959 0 35 6
a 1808 1838 0 4 1
a 1808 440 0 36 7
a 1809 387 0 4 2
a 1809 1460 0 1 3
a 1810 1794 0 4 1
a 1810 583 0 45 5
a 1811 1456 0 4 6
a 1811 513 0 42 9
a 1813 1816 0 4 9
a 1813 864 0 10 5
a 1814 605 0 4 2
a 1814 384 0 6 7
a 1815 1868 0 4 8
a 1815 1907 0 37 8
a 1816 915 0 4 4
a 1816 1553 0 12 8
a 1818 936 0 4 4
a 1818 550 0 46 7
a 1819 1699 0 4 1
a 1819 1686 0 21 4
a 1820 801 0 4 8
a 1820 890 0 34 7
a 1821 1541 0 4 8
a 1821 1706 0 33 2
a 1822 1187 0 4 5
a 1822 383 0 24 9
a 1823 1085 0 4 2
a 1823 970 0 4 2
a 1824 1505 0 4 5
a 1824 1137 0 50 7
a 1825 2000 0 4 2
a 1825 266 0 16 1
a 1830 585 0 4 3
a 1830 130 0 10 10
a 1832 1055 0 4 2
a 1832 1599 0 23 8
a 1835 1928 0 4 5
a 1835 449 0 16 2
a 1836 229 0 4 10
a 1836 1012 0 41 7
a 1837 434 0 4 5
a 1837 849 0 5 5
a 1838 376 0 4 2
a 1838 1961 0 42 6
a 1839 80 0 4 8
a 1839 1116 0 34 9
a 1843 1953 0 4 8
a 1843 986 0 21 1
a 1844 377 0 4 6
a 1844 843 0 10 7
a 1845 1411 0 4 6
a 1845 455 0 24 8
a 1846 964 0 4 6
a 1846 1618 0 12 10
a 1848 1870 0 4 7
a 1848 635 0 6 7
a 1849 1763 0 4 5
a 1849 411 0 40 2
a 1851 438 0 4 1
a 1851 199 0 50 2
a 1852 300 0 4 7
a 1852 515 0 16 7
a 1854 394 0 4 1
a 1854 1637 0 31 10
a 1855 1043 0 4 2
a 1855 471 0 16 6
a 1856 1221 0 4 1
a 1856 947 0 41 8
a 1859 238 0 4 6
a 1859 1254 0 7 3
a 1860 1914 0 4 3
a 1860 808 0 29 2
a 1863 1849 0 4 6
a 1863 1178 0 49 10
a 1865 1594 0 4 1
a 1865 1458 0 31 4
a 1868 1326 0 4 3
a 1868 396 0 32 1
a 1870 1226 0 4 8
a 1870 848 0 50 1
a 1875 728 0 4 10
a 1875 579 0 7 8
a 1877 992 0 4 2
a 1877 1945 0 43 10
a 1879 1255 0 4 9
a 1879 1142 0 29 5
a 1880 1942 0 4 9
a 1880 49 0 36 5
a 1881 1030 0 4 8
a 1881 740 0 42 9
a 1882 694 0 4 2
a 1882 1303 0 0 6
a 1884 598 0 4 9
a 1884 97 0 11 4
a 1887 920 0 4 6
a 1887 1950 0 35 4
a 1888 1352 0 4 8
a 1888 1044 0 1 2
a 1889 781 0 4 5
a 1889 955 0 26 2
a 1892 939 0 4 7
a 1892 1883 0 27 3
a 1893 510 0 4 2
a 1893 337 0 37 6
a 1894 1069 0 4 9
a 1894 1730 0 14 5
a 1897 579 0 4 2
a 1897 1883 0 46 9
a 1899 1637 0 4 9
a 1899 252 0 47 2
a 1900 56 0 4 3
a 1900 148 0 44 9
a 1903 1848 0 4 6
a 1903 1242 0 36 2
a 1905 1762 0 4 3
a 1905 735 0 11 10
a 1909 1135 0 4 4
a 1909 856 0 8 10
a 1910 1552 0 4 9
a 1910 1927 0 35 7
a 1912 1306 0 4 4
a 1912 1672 0 23 3
a 1914 1539 0 4 4
a 1914 1796 0 29 3
a 1915 1426 0 4 9
a 1915 69 0 46 3
a 1918 421 0 4 8
a 1918 524 0 13 1
a 1919 1540 0 4 3
a 1919 1102 0 4 5
a 1921 3 0 4 8
a 1921 1227 0 49 7
a 1922 1134 0 4 9
a 1922 412 0 8 2
a 1926 1569 0 4 6
a 1926 1899 0 3 5
a 1928 149 0 4 2
a 1928 1658 0 43 3
a 1930 1946 0 4 1
a 1930 1923 0 23 6
a 1932 38 0 4 10
a 1932 235 0 18 1
a 1933 1002 0 4 5
a 1933 966 0 20 5
a 1934 1408 0 4 10
a 1934 1912 0 31 6
a 1936 188 0 4 3
a 1936 913 0 50 8
a 1938 157 0 4 3
a 1938 691 0 5 5
a 1939 1749 0 4 7
a 1939 29 0 15 6
a 1941 595 0 4 10
a 1941 1439 0 43 4
a 1942 1353 0 4 9
a 1942 1693 0 46 9
a 1946 1971 0 4 9
a 1946 1942 0 48 10
a 1947 1130 0 4 9
a 1947 1894 0 32 3
a 1948 989 0 4 7
a 1948 1515 0 3 6
a 1949 225 0 4 1
a 1949 85 0 10 5
a 1951 1921 0 4 4
a 1951 1463 0 45 3
a 1952 1365 0 4 7
a 1952 314 0 14 9
a 1953 1324 0 4 10
a 1953 752 0 23 2
a 1956 86 0 4 9
a 1956 1776 0 15 5
a 1959 1082 0 4 1
a 1959 1575 0 31 4
a 1962 601 0 4 5
a 1962 1258 0 42 6
a 1964 1588 0 4 3
a 1964 1601 0 23 5
a 1967 710 0 4 6
a 1967 1613 0 21 1
a 1968 108 0 4 9
a 1968 1295 0 0 10
a 1971 401 0 4 6
a 1971 457 0 31 7
a 1973 43 0 4 9
a 1973 1128 0 26 6
a 1977 957 0 4 6
a 1977 279 0 19 10
a 1983 715 0 4 2
a 1983 1150 0 25 1
a 1985 1736 0 4 6
a 1985 717 0 36 5
a 1988 1471 0 4 6
a 1988 145 0 33 1
a 1990 617 0 4 6
a 1990 829 0 20 4
a 1991 1855 0 4 7
a 1991 1437 0 35 8
a 1992 15 0 4 7
a 1992 1300 0 28 6
a 1993 1777 0 4 5
a 1993 203 0 45 10
a 1994 1245 0 4 4
a 1994 28 0 25 3
a 1996 196 0 4 4
a 1996 216 0 29 3
