c PyNETGEN v1.0.0
c $ pip install pynetgen
c
c  NETGEN flow network generation algorithm
c  Problem input parameters
c  -------------------------------------
c   Random seed:          13
c   Number of nodes:      2000
c   Source nodes:         2
c   Sink nodes:           2
c   Number of arcs:       4000
c   Minimum arc cost:     1
c   Maximum arc cost:     10
c   Total supply:         50
c   Transshipment -
c     Sources:            0
c     Sinks:              0
c   Skeleton arcs -
c     With max cost:      0
c     Capacitated:        100
c   Minimum arc capacity: 0
c   Maximum arc capacity: 50
c
c  *** Minimum cost flow ***
c
p min 2000 4000
n 1 25
n 2 25
n 1999 -27
n 2000 -23
a 1 89 0 25 4
a 1 448 0 24 3
a 3 70 0 25 7
a 3 684 0 0 6
a 3 1002 0 25 8
a 4 1529 0 25 2
a 4 67 0 34 10
a 4 1240 0 44 3
a 5 1934 0 25 4
a 5 508 0 9 10
a 6 280 0 25 10
a 6 696 0 11 10
a 7 1979 0 25 3
a 7 634 0 12 1
a 7 1132 0 39 7
a 8 259 0 25 3
a 8 1509 0 23 10
a 9 121 0 25 6
a 9 1511 0 33 3
a 9 1039 0 33 2
a 11 432 0 25 4
a 11 648 0 17 8
a 16 26 0 25 10
a 16 537 0 10 4
a 21 173 0 25 6
a 21 1154 0 49 6
a 24 425 0 25 6
a 24 51 0 21 4
a 26 1813 0 25 1
a 26 1689 0 18 5
a 27 1246 0 25 9
a 27 1743 0 2 4
a 29 1827 0 25 3
a 29 452 0 7 5
a 35 1134 0 25 10
a 35 248 0 21 6
a 40 135 0 25 4
a 40 1312 0 18 1
a 42 1295 0 25 10
a 42 1790 0 36 4
a 44 568 0 25 8
a 44 427 0 22 10
a 46 324 0 25 1
a 46 369 0 31 2
a 47 1292 0 25 5
a 47 1511 0 10 7
a 50 819 0 25 4
a 50 159 0 7 1
a 51 493 0 25 3
a 51 1227 0 45 1
a 52 1980 0 25 2
a 52 511 0 0 6
a 56 1898 0 25 10
a 56 854 0 47 2
a 57 434 0 25 9
a 57 1054 0 33 6
a 60 943 0 25 3
a 60 1129 0 16 7
a 62 1913 0 25 6
a 62 314 0 23 10
a 65 1971 0 25 9
a 65 1246 0 1 10
a 66 1325 0 25 9
a 66 912 0 14 7
a 67 1477 0 25 10
a 67 1211 0 10 10
a 70 176 0 25 4
a 70 1521 0 26 1
a 71 1442 0 25 9
a 71 184 0 25 10
a 78 1698 0 25 6
a 78 1661 0 25 3
a 89 814 0 25 7
a 89 1585 0 26 8
a 90 1850 0 25 6
a 90 1208 0 33 8
a 92 1047 0 25 3
a 92 1701 0 14 8
a 93 1200 0 25 5
a 93 1413 0 41 4
a 94 838 0 25 10
a 94 1377 0 44 5
a 95 234 0 25 4
a 95 827 0 14 3
a 98 596 0 25 7
a 98 12 0 23 6
a 99 750 0 25 7
a 99 1164 0 19 1
a 100 491 0 25 2
a 100 459 0 24 10
a 103 93 0 25 9
a 103 965 0 9 6
a 104 1406 0 25 9
a 104 1616 0 22 10
a 106 187 0 25 1
a 106 1380 0 28 8
a 107 1927 0 25 7
a 107 434 0 3 4
a 108 714 0 25 4
a 108 1626 0 10 2
a 110 725 0 25 10
a 110 617 0 45 10
a 111 203 0 25 6
a 111 968 0 40 6
a 112 1429 0 25 7
a 112 118 0 42 4
a 114 458 0 25 3
a 114 986 0 1 2
a 116 1567 0 25 4
a 116 1899 0 30 7
a 118 763 0 25 9
a 118 612 0 21 4
a 120 1537 0 25 6
a 120 1585 0 6 1
a 121 347 0 25 10
a 121 422 0 12 5
a 125 1083 0 25 4
a 125 757 0 32 10
a 126 1955 0 25 8
a 126 792 0 12 6
a 127 1888 0 25 1
a 127 1954 0 4 7
a 128 174 0 25 8
a 128 1394 0 40 5
a 131 592 0 25 3
a 131 144 0 3 9
a 132 323 0 25 6
a 132 616 0 19 8
a 134 1790 0 25 2
a 134 907 0 27 7
a 135 1561 0 25 9
a 135 457 0 3 9
a 137 1685 0 25 8
a 137 685 0 48 6
a 139 1075 0 25 8
a 139 789 0 29 10
a 142 357 0 25 10
a 142 1656 0 7 7
a 144 1121 0 25 6
a 144 1476 0 30 7
a 147 269 0 25 3
a 147 511 0 23 9
a 149 1887 0 25 10
a 149 1665 0 42 5
a 151 1800 0 25 4
a 151 1088 0 40 5
a 154 5 0 25 9
a 154 625 0 50 7
a 155 645 0 25 4
a 155 674 0 22 6
a 161 330 0 25 8
a 161 1656 0 42 6
a 162 1711 0 25 1
a 162 488 0 9 6
a 164 937 0 25 5
a 164 1462 0 44 2
a 166 1118 0 25 9
a 166 1465 0 12 2
a 173 1401 0 25 3
a 173 24 0 35 2
a 174 485 0 25 7
a 174 1341 0 36 10
a 175 294 0 25 2
a 175 967 0 29 3
a 176 42 0 25 6
a 176 276 0 2 7
a 178 834 0 25 3
a 178 1698 0 43 7
a 179 825 0 25 8
a 179 1192 0 15 9
a 181 1912 0 25 3
a 181 1617 0 26 10
a 183 896 0 25 8
a 183 558 0 13 1
a 187 687 0 25 9
a 187 134 0 29 3
a 191 238 0 25 5
a 191 1478 0 9 10
a 193 230 0 25 7
a 193 977 0 25 10
a 194 541 0 25 1
a 194 574 0 16 6
a 195 1315 0 25 7
a 195 1664 0 28 6
a 197 489 0 25 9
a 197 4 0 18 2
a 201 1328 0 25 5
a 201 40 0 25 5
a 203 1814 0 25 7
a 203 456 0 4 8
a 204 1248 0 25 1
a 204 243 0 13 2
a 205 226 0 25 3
a 205 841 0 13 8
a 207 1851 0 25 8
a 207 1680 0 43 5
a 208 583 0 25 6
a 208 315 0 1 1
a 209 1633 0 25 5
a 209 1986 0 18 1
a 213 917 0 25 1
a 213 755 0 21 3
a 214 1675 0 25 4
a 214 354 0 18 4
a 215 1721 0 25 10
a 215 373 0 19 7
a 217 1659 0 25 6
a 217 901 0 0 5
a 220 927 0 25 6
a 220 1621 0 49 2
a 221 296 0 25 7
a 221 1572 0 47 8
a 223 65 0 25 4
a 223 138 0 26 5
a 226 1130 0 25 9
a 226 1466 0 0 9
a 227 1241 0 25 5
a 227 313 0 30 5
a 228 1500 0 25 6
a 228 498 0 38 9
a 230 926 0 25 8
a 230 1010 0 50 7
a 231 1824 0 25 10
a 231 1690 0 10 6
a 232 839 0 25 3
a 232 1110 0 6 1
a 233 247 0 25 7
a 233 1085 0 4 1
a 234 1838 0 25 2
a 234 24 0 3 9
a 235 106 0 25 1
a 235 304 0 8 1
a 237 664 0 25 7
a 237 1206 0 43 8
a 238 1457 0 25 9
a 238 109 0 37 7
a 240 1499 0 25 2
a 240 1304 0 21 7
a 242 340 0 25 3
a 242 1046 0 42 5
a 247 1074 0 25 5
a 247 1203 0 49 3
a 248 301 0 25 8
a 248 305 0 38 7
a 251 1088 0 25 1
a 251 1009 0 29 2
a 255 1743 0 25 9
a 255 1490 0 30 8
a 257 1054 0 25 8
a 257 907 0 49 10
a 259 1133 0 25 7
a 259 1428 0 44 4
a 265 1433 0 25 3
a 265 1487 0 12 1
a 266 420 0 25 10
a 266 281 0 13 5
a 269 659 0 25 7
a 269 984 0 46 1
a 273 257 0 25 9
a 273 1012 0 48 7
a 275 1876 0 25 9
a 275 1378 0 47 10
a 280 973 0 25 8
a 280 1966 0 26 5
a 291 1166 0 25 6
a 291 804 0 45 8
a 292 543 0 25 5
a 292 820 0 39 1
a 294 1510 0 25 4
a 294 1440 0 4 5
a 296 395 0 25 4
a 296 825 0 45 4
a 298 1973 0 25 8
a 298 1996 0 36 6
a 299 1818 0 25 2
a 299 207 0 49 2
a 301 1381 0 25 7
a 301 378 0 40 5
a 303 1861 0 25 10
a 303 1265 0 42 8
a 304 1190 0 25 2
a 304 911 0 5 3
a 305 149 0 25 6
a 305 717 0 8 1
a 306 1128 0 25 7
a 306 1195 0 21 3
a 307 509 0 25 6
a 307 1383 0 44 9
a 308 349 0 25 2
a 308 518 0 36 6
a 310 935 0 25 1
a 310 1913 0 44 4
a 312 886 0 25 10
a 312 1323 0 0 4
a 313 836 0 25 10
a 313 1775 0 50 8
a 316 1279 0 25 10
a 316 1043 0 42 2
a 317 898 0 25 4
a 317 698 0 49 7
a 318 24 0 25 2
a 318 761 0 1 3
a 320 748 0 25 9
a 320 1316 0 7 10
a 323 266 0 25 5
a 323 608 0 37 1
a 324 964 0 25 10
a 324 377 0 15 10
a 325 1454 0 25 7
a 325 1144 0 27 5
a 326 1002 0 25 2
a 326 1208 0 29 8
a 327 670 0 25 7
a 327 1907 0 43 6
a 330 1770 0 25 1
a 330 1305 0 13 8
a 331 627 0 25 3
a 331 1321 0 38 10
a 335 1290 0 25 5
a 335 1900 0 34 10
a 336 1162 0 25 5
a 336 649 0 20 6
a 340 1377 0 25 3
a 340 1059 0 35 7
a 346 1590 0 25 9
a 346 56 0 3 10
a 347 1152 0 25 7
a 347 1468 0 21 3
a 348 7 0 25 6
a 348 1354 0 0 8
a 349 1840 0 25 10
a 349 169 0 12 7
a 350 720 0 25 2
a 350 500 0 14 1
a 352 1511 0 25 9
a 352 128 0 44 9
a 357 1007 0 25 7
a 357 107 0 23 2
a 358 231 0 25 4
a 358 209 0 12 5
a 359 610 0 25 8
a 359 38 0 2 8
a 361 408 0 25 8
a 361 1128 0 44 4
a 362 240 0 25 7
a 362 1118 0 7 7
a 363 46 0 25 8
a 363 1686 0 2 7
a 365 346 0 25 6
a 365 1966 0 2 9
a 370 387 0 25 8
a 370 1069 0 49 3
a 371 1657 0 25 1
a 371 1428 0 3 10
a 372 776 0 25 9
a 372 157 0 21 3
a 374 499 0 25 3
a 374 868 0 16 8
a 375 994 0 25 10
a 375 1868 0 15 2
a 376 1045 0 25 10
a 376 1999 0 48 7
a 378 823 0 25 7
a 378 1842 0 44 8
a 385 1210 0 25 8
a 385 549 0 0 6
a 387 1394 0 25 5
a 387 1988 0 45 4
a 390 1068 0 25 8
a 390 1316 0 2 4
a 392 1891 0 25 6
a 392 308 0 15 1
a 393 678 0 25 6
a 393 1399 0 26 5
a 395 1558 0 25 6
a 395 387 0 24 4
a 398 979 0 25 6
a 398 1927 0 34 4
a 400 1224 0 25 1
a 400 1934 0 28 10
a 402 1223 0 25 5
a 402 1349 0 13 2
a 403 1186 0 25 4
a 403 1952 0 29 10
a 405 1559 0 25 4
a 405 1082 0 7 6
a 406 686 0 25 3
a 406 773 0 28 8
a 407 502 0 25 3
a 407 1671 0 18 4
a 408 1958 0 25 1
a 408 1707 0 16 7
a 410 1753 0 25 10
a 410 1762 0 31 4
a 411 426 0 25 4
a 411 355 0 31 7
a 412 1781 0 25 3
a 412 1317 0 15 3
a 416 1689 0 25 6
a 416 1495 0 9 4
a 418 755 0 25 8
a 418 1591 0 3 4
a 419 1872 0 25 10
a 419 677 0 42 3
a 420 939 0 25 4
a 420 913 0 19 8
a 423 275 0 25 4
a 423 583 0 47 7
a 425 1635 0 25 1
a 425 1698 0 22 1
a 426 392 0 25 9
a 426 355 0 11 5
a 428 1006 0 25 10
a 428 1150 0 4 5
a 429 1593 0 25 9
a 429 576 0 18 2
a 432 390 0 25 9
a 432 1715 0 18 5
a 434 195 0 25 8
a 434 902 0 6 1
a 435 126 0 25 4
a 435 947 0 19 9
a 436 469 0 25 1
a 436 1724 0 25 9
a 439 1225 0 25 7
a 439 563 0 41 8
a 445 778 0 25 7
a 445 1671 0 25 4
a 446 298 0 25 5
a 446 1474 0 50 9
a 448 785 0 25 10
a 448 1607 0 3 6
a 449 473 0 25 2
a 449 1777 0 47 5
a 451 1234 0 25 5
a 451 534 0 49 1
a 454 1096 0 25 2
a 454 887 0 35 5
a 456 232 0 25 4
a 456 1138 0 36 8
a 457 1531 0 25 9
a 457 1002 0 18 5
a 458 1599 0 25 3
a 458 110 0 18 4
a 462 1976 0 25 9
a 462 831 0 23 3
a 464 1352 0 25 8
a 464 1220 0 1 3
a 465 557 0 25 7
a 465 1710 0 28 4
a 466 197 0 25 7
a 466 871 0 18 3
a 469 881 0 25 1
a 469 696 0 20 1
a 470 1298 0 25 4
a 470 588 0 14 2
a 473 128 0 25 3
a 473 1775 0 2 9
a 475 639 0 25 1
a 475 1448 0 17 5
a 476 1533 0 25 2
a 476 767 0 23 8
a 478 966 0 25 4
a 478 925 0 32 2
a 480 1946 0 25 4
a 480 195 0 10 3
a 481 969 0 25 5
a 481 810 0 42 2
a 482 1265 0 25 5
a 482 1029 0 50 2
a 485 1842 0 25 1
a 485 530 0 3 9
a 487 1436 0 25 10
a 487 1515 0 48 9
a 488 1456 0 25 2
a 488 95 0 18 10
a 489 1167 0 25 5
a 489 875 0 29 9
a 490 1959 0 25 10
a 490 650 0 14 3
a 491 1041 0 25 1
a 491 1878 0 5 3
a 493 482 0 25 8
a 493 1089 0 39 4
a 494 310 0 25 8
a 494 1683 0 18 6
a 495 650 0 25 7
a 495 1885 0 39 8
a 498 419 0 25 2
a 498 908 0 48 6
a 499 705 0 25 1
a 499 1124 0 5 6
a 500 1878 0 25 6
a 500 1975 0 36 7
a 501 52 0 25 3
a 501 598 0 6 7
a 502 62 0 25 9
a 502 818 0 44 1
a 504 1791 0 25 3
a 504 751 0 38 10
a 505 887 0 25 2
a 505 1885 0 39 4
a 507 1169 0 25 2
a 507 46 0 23 7
a 509 104 0 25 2
a 509 1111 0 31 8
a 511 500 0 25 4
a 511 1868 0 29 10
a 512 1230 0 25 8
a 512 1227 0 19 4
a 513 584 0 25 8
a 513 982 0 29 2
a 518 312 0 25 1
a 518 1992 0 24 7
a 519 772 0 25 2
a 519 84 0 18 2
a 521 1761 0 25 8
a 521 793 0 42 7
a 524 1890 0 25 3
a 524 266 0 17 4
a 525 1283 0 25 4
a 525 567 0 32 3
a 527 181 0 25 2
a 527 1167 0 50 9
a 530 1145 0 25 9
a 530 833 0 29 9
a 531 1129 0 25 9
a 531 671 0 43 7
a 533 376 0 25 8
a 533 1356 0 11 3
a 534 1057 0 25 4
a 534 764 0 11 7
a 539 982 0 25 4
a 539 57 0 46 9
a 541 1431 0 25 4
a 541 975 0 26 10
a 542 237 0 25 6
a 542 1196 0 6 3
a 543 1101 0 25 2
a 543 714 0 41 8
a 546 110 0 25 4
a 546 1048 0 14 5
a 548 154 0 25 2
a 548 1443 0 3 9
a 549 361 0 25 7
a 549 1074 0 14 2
a 554 1920 0 25 9
a 554 159 0 11 10
a 555 873 0 25 8
a 555 164 0 13 5
a 557 1707 0 25 1
a 557 1929 0 0 9
a 558 1560 0 25 6
a 558 14 0 10 8
a 559 1493 0 25 6
a 559 1088 0 41 2
a 560 1811 0 25 9
a 560 1383 0 10 6
a 561 637 0 25 5
a 561 1792 0 35 6
a 566 1654 0 25 10
a 566 1546 0 13 4
a 568 120 0 25 1
a 568 668 0 14 2
a 570 2000 0 25 5
a 570 1459 0 0 5
a 576 561 0 25 6
a 576 1059 0 25 3
a 583 1609 0 25 2
a 583 510 0 5 6
a 584 717 0 25 7
a 584 154 0 44 4
a 585 411 0 25 9
a 585 1482 0 23 7
a 589 481 0 25 10
a 589 507 0 18 4
a 591 669 0 25 6
a 591 586 0 1 1
a 592 1082 0 25 8
a 592 226 0 45 7
a 594 512 0 25 8
a 594 794 0 35 1
a 596 1212 0 25 7
a 596 722 0 3 3
a 599 513 0 25 3
a 599 1902 0 12 2
a 600 451 0 25 1
a 600 953 0 4 8
a 601 1727 0 25 9
a 601 746 0 14 9
a 603 1077 0 25 2
a 603 1533 0 34 5
a 604 606 0 25 4
a 604 1026 0 6 3
a 606 470 0 25 7
a 606 1957 0 38 6
a 608 782 0 25 2
a 608 1981 0 32 8
a 609 1465 0 25 2
a 609 33 0 3 8
a 610 745 0 25 3
a 610 544 0 21 10
a 617 1570 0 25 8
a 617 871 0 42 4
a 618 318 0 25 3
a 618 576 0 17 4
a 619 1178 0 25 3
a 619 698 0 33 2
a 621 1830 0 25 4
a 621 1741 0 23 10
a 623 1251 0 25 2
a 623 1697 0 12 6
a 625 1427 0 25 3
a 625 1054 0 43 3
a 627 1205 0 25 10
a 627 335 0 25 7
a 628 1338 0 25 6
a 628 1957 0 2 8
a 630 1050 0 25 1
a 630 279 0 3 1
a 632 1146 0 25 3
a 632 286 0 50 9
a 633 1132 0 25 10
a 633 386 0 38 8
a 634 1116 0 25 8
a 634 782 0 20 10
a 637 175 0 25 10
a 637 882 0 37 7
a 639 418 0 25 6
a 639 333 0 15 4
a 642 204 0 25 5
a 642 1183 0 47 4
a 645 407 0 25 9
a 645 1722 0 24 2
a 646 456 0 25 2
a 646 469 0 50 8
a 647 1563 0 25 2
a 647 1868 0 7 7
a 650 1496 0 25 9
a 650 1591 0 18 10
a 653 111 0 25 10
a 653 673 0 2 5
a 655 1545 0 25 9
a 655 1907 0 42 5
a 657 112 0 25 10
a 657 329 0 29 6
a 659 554 0 25 10
a 659 980 0 22 4
a 660 1064 0 25 6
a 660 1896 0 23 7
a 662 466 0 25 10
a 662 285 0 0 10
a 664 1900 0 25 5
a 664 612 0 27 5
a 666 1754 0 25 3
a 666 1151 0 19 7
a 667 904 0 25 4
a 667 1939 0 24 10
a 668 1215 0 25 6
a 668 1948 0 3 4
a 669 1995 0 25 9
a 669 1127 0 21 7
a 670 423 0 25 4
a 670 939 0 37 6
a 674 702 0 25 7
a 674 1047 0 46 7
a 675 890 0 25 9
a 675 273 0 43 7
a 678 601 0 25 4
a 678 1838 0 39 7
a 682 215 0 25 9
a 682 885 0 20 6
a 684 548 0 25 4
a 684 1540 0 37 9
a 686 1961 0 25 3
a 686 1660 0 40 7
a 687 3 0 25 9
a 687 644 0 20 3
a 693 954 0 25 9
a 693 1748 0 2 5
a 694 299 0 25 3
a 694 1216 0 0 1
a 695 476 0 25 10
a 695 1328 0 27 7
a 696 1397 0 25 3
a 696 545 0 15 1
a 697 1502 0 25 10
a 697 1743 0 38 3
a 702 919 0 25 7
a 702 790 0 8 2
a 703 784 0 25 6
a 703 677 0 7 6
a 705 743 0 25 7
a 705 409 0 24 7
a 709 1308 0 25 4
a 709 1460 0 16 4
a 714 228 0 25 6
a 714 27 0 46 7
a 716 1459 0 25 10
a 716 549 0 49 1
a 717 1870 0 25 9
a 717 714 0 8 10
a 720 305 0 25 6
a 720 596 0 32 5
a 722 792 0 25 3
a 722 1694 0 10 7
a 725 1619 0 25 1
a 725 406 0 49 6
a 726 1487 0 25 3
a 726 1740 0 21 5
a 727 50 0 25 1
a 727 1660 0 43 8
a 736 1906 0 25 6
a 736 1000 0 10 3
a 738 1581 0 25 6
a 738 1586 0 33 5
a 739 1416 0 25 6
a 739 1997 0 20 4
a 742 1090 0 25 1
a 742 441 0 4 2
a 743 1111 0 25 4
a 743 1465 0 15 9
a 744 566 0 25 6
a 744 505 0 13 8
a 745 95 0 25 1
a 745 630 0 5 2
a 747 1262 0 25 8
a 747 1291 0 1 4
a 748 1374 0 25 1
a 748 1248 0 31 7
a 750 1106 0 25 3
a 750 1818 0 21 2
a 752 1748 0 25 1
a 752 872 0 15 7
a 754 1646 0 25 9
a 754 243 0 18 1
a 755 1869 0 25 8
a 755 84 0 9 5
a 756 1883 0 25 10
a 756 1592 0 0 6
a 759 1434 0 25 5
a 759 975 0 24 8
a 760 507 0 25 1
a 760 108 0 12 3
a 762 1594 0 25 2
a 762 1726 0 36 3
a 763 1437 0 25 5
a 763 448 0 49 1
a 767 1358 0 25 10
a 767 1152 0 28 8
a 770 928 0 25 5
a 770 215 0 37 2
a 772 1822 0 25 3
a 772 221 0 45 5
a 775 742 0 25 3
a 775 1178 0 35 9
a 776 1124 0 25 5
a 776 1480 0 12 9
a 777 727 0 25 2
a 777 1452 0 1 2
a 778 1478 0 25 5
a 778 1757 0 5 10
a 779 1258 0 25 2
a 779 94 0 38 9
a 781 1846 0 25 5
a 781 871 0 42 2
a 782 1895 0 25 10
a 782 700 0 16 5
a 783 449 0 25 10
a 783 701 0 15 1
a 784 1607 0 25 2
a 784 353 0 23 10
a 785 756 0 25 3
a 785 1532 0 13 7
a 786 555 0 25 9
a 786 643 0 34 6
a 791 1641 0 25 8
a 791 770 0 21 6
a 792 372 0 25 3
a 792 1138 0 2 8
a 800 327 0 25 6
a 800 1822 0 3 4
a 801 1892 0 25 1
a 801 8 0 17 5
a 804 6 0 25 9
a 804 1539 0 28 2
a 810 1831 0 25 4
a 810 1780 0 6 3
a 812 940 0 25 9
a 812 1797 0 29 4
a 814 810 0 25 9
a 814 1523 0 12 9
a 815 1700 0 25 3
a 815 1801 0 38 9
a 816 316 0 25 3
a 816 1835 0 36 7
a 818 1662 0 25 6
a 818 133 0 18 10
a 819 1275 0 25 9
a 819 529 0 20 10
a 821 375 0 25 1
a 821 915 0 13 4
a 823 103 0 25 8
a 823 1818 0 26 9
a 825 1588 0 25 4
a 825 793 0 2 8
a 828 435 0 25 5
a 828 813 0 47 3
a 831 600 0 25 3
a 831 1806 0 10 8
a 834 1551 0 25 5
a 834 1191 0 26 1
a 836 1126 0 25 2
a 836 1138 0 46 4
a 837 1535 0 25 4
a 837 1154 0 8 3
a 838 666 0 25 6
a 838 1948 0 31 5
a 839 559 0 25 5
a 839 719 0 5 5
a 842 1730 0 25 4
a 842 252 0 14 6
a 843 127 0 25 7
a 843 1753 0 0 1
a 845 1860 0 25 8
a 845 376 0 43 6
a 848 1217 0 25 8
a 848 252 0 34 8
a 849 888 0 25 10
a 849 1483 0 11 1
a 851 630 0 25 6
a 851 1533 0 36 5
a 852 94 0 25 9
a 852 1242 0 37 5
a 853 402 0 25 5
a 853 644 0 50 10
a 854 1937 0 25 3
a 854 1486 0 24 8
a 855 348 0 25 3
a 855 1161 0 35 6
a 861 930 0 25 10
a 861 323 0 19 1
a 864 1815 0 25 1
a 864 1801 0 37 4
a 865 621 0 25 2
a 865 1583 0 9 4
a 867 40 0 25 2
a 867 736 0 44 8
a 868 1109 0 25 1
a 868 1616 0 50 5
a 872 531 0 25 3
a 872 1108 0 31 2
a 873 1769 0 25 1
a 873 1010 0 31 2
a 874 1003 0 25 1
a 874 1305 0 36 9
a 876 1263 0 25 5
a 876 1482 0 37 4
a 877 147 0 25 4
a 877 38 0 12 2
a 881 1993 0 25 5
a 881 468 0 17 2
a 882 60 0 25 7
a 882 940 0 20 9
a 886 549 0 25 10
a 886 267 0 50 6
a 887 21 0 25 8
a 887 1049 0 8 8
a 888 303 0 25 5
a 888 1003 0 6 9
a 890 1977 0 25 1
a 890 1259 0 6 2
a 891 934 0 25 4
a 891 87 0 48 9
a 892 1649 0 25 8
a 892 1206 0 50 2
a 893 1404 0 25 8
a 893 1601 0 3 3
a 896 1746 0 25 1
a 896 633 0 44 7
a 898 1889 0 25 2
a 898 1032 0 17 9
a 903 1695 0 25 1
a 903 1774 0 13 7
a 904 27 0 25 5
a 904 1587 0 36 1
a 905 1123 0 25 3
a 905 368 0 41 7
a 906 1744 0 25 9
a 906 800 0 15 4
a 909 1120 0 25 10
a 909 856 0 17 9
a 911 1508 0 25 8
a 911 271 0 36 7
a 912 162 0 25 1
a 912 1536 0 11 7
a 914 1029 0 25 8
a 914 892 0 22 1
a 915 546 0 25 4
a 915 140 0 41 9
a 916 1837 0 25 1
a 916 1883 0 25 9
a 917 1894 0 25 1
a 917 466 0 40 2
a 919 1553 0 25 2
a 919 1129 0 33 1
a 921 495 0 25 6
a 921 767 0 20 8
a 925 828 0 25 9
a 925 169 0 43 5
a 926 542 0 25 9
a 926 294 0 31 7
a 927 504 0 25 8
a 927 1447 0 18 9
a 928 736 0 25 8
a 928 235 0 4 7
a 930 1253 0 25 1
a 930 776 0 7 9
a 932 709 0 25 8
a 932 1653 0 29 10
a 933 1534 0 25 3
a 933 1205 0 13 9
a 934 821 0 25 6
a 934 1263 0 30 7
a 935 1577 0 25 3
a 935 1682 0 45 4
a 936 959 0 25 4
a 936 1005 0 8 5
a 937 524 0 25 6
a 937 617 0 1 2
a 939 107 0 25 5
a 939 1959 0 21 1
a 940 1928 0 25 2
a 940 1110 0 28 1
a 941 1922 0 25 10
a 941 1002 0 31 2
a 943 1125 0 25 9
a 943 120 0 44 8
a 944 1967 0 25 8
a 944 1411 0 24 2
a 945 325 0 25 5
a 945 805 0 33 4
a 950 465 0 25 9
a 950 993 0 36 8
a 951 1164 0 25 4
a 951 1887 0 39 4
a 954 331 0 25 1
a 954 513 0 7 9
a 956 1302 0 25 3
a 956 1364 0 38 1
a 959 1022 0 25 5
a 959 1065 0 48 4
a 964 589 0 25 3
a 964 291 0 23 4
a 965 950 0 25 10
a 965 1816 0 12 10
a 966 1098 0 25 4
a 966 919 0 20 5
a 969 800 0 25 7
a 969 1381 0 4 10
a 970 1589 0 25 1
a 970 186 0 7 6
a 973 781 0 25 9
a 973 445 0 17 7
a 974 1017 0 25 7
a 974 1912 0 15 8
a 978 1092 0 25 6
a 978 862 0 0 9
a 979 989 0 25 1
a 979 557 0 10 1
a 980 511 0 25 8
a 980 37 0 43 8
a 982 855 0 25 9
a 982 1708 0 46 8
a 985 1480 0 25 10
a 985 135 0 19 5
a 987 179 0 25 8
a 987 102 0 42 9
a 989 1138 0 25 3
a 989 1141 0 1 8
a 990 1383 0 25 4
a 990 406 0 6 5
a 991 599 0 25 2
a 991 1878 0 11 6
a 993 1637 0 25 2
a 993 1774 0 16 7
a 994 1798 0 25 8
a 994 1468 0 37 9
a 998 1229 0 25 2
a 998 1914 0 1 6
a 999 1524 0 25 1
a 999 1516 0 26 8
a 1000 1024 0 25 9
a 1000 189 0 47 3
a 1002 1799 0 25 1
a 1002 178 0 0 7
a 1003 941 0 25 9
a 1003 1894 0 6 3
a 1004 1412 0 25 8
a 1004 845 0 28 10
a 1006 1231 0 25 3
a 1006 1496 0 24 9
a 1007 1907 0 25 5
a 1007 621 0 38 4
a 1011 99 0 25 10
a 1011 558 0 4 6
a 1013 1447 0 25 8
a 1013 898 0 16 8
a 1014 1049 0 25 3
a 1014 364 0 20 4
a 1015 220 0 25 10
a 1015 1866 0 34 6
a 1017 852 0 25 9
a 1017 1792 0 42 10
a 1018 166 0 25 10
a 1018 1146 0 50 9
a 1020 223 0 25 9
a 1020 230 0 36 10
a 1021 1722 0 25 7
a 1021 1370 0 28 1
a 1022 1584 0 25 9
a 1022 1049 0 29 9
a 1024 214 0 25 7
a 1024 1409 0 29 9
a 1028 1710 0 25 4
a 1028 1564 0 0 5
a 1029 1844 0 25 5
a 1029 1054 0 37 6
a 1033 925 0 25 5
a 1033 1628 0 39 10
a 1034 1786 0 25 5
a 1034 421 0 7 3
a 1037 591 0 25 5
a 1037 1404 0 12 4
a 1041 747 0 25 8
a 1041 1586 0 20 9
a 1042 653 0 25 6
a 1042 265 0 10 7
a 1043 842 0 25 6
a 1043 1803 0 3 7
a 1044 1104 0 25 2
a 1044 1962 0 48 7
a 1045 786 0 25 9
a 1045 56 0 20 8
a 1047 1915 0 25 3
a 1047 32 0 4 9
a 1049 1948 0 25 4
a 1049 1078 0 8 1
a 1050 209 0 25 1
a 1050 866 0 18 10
a 1051 1987 0 25 2
a 1051 1839 0 17 5
a 1052 1259 0 25 7
a 1052 954 0 23 6
a 1053 352 0 25 4
a 1053 1609 0 22 6
a 1054 1663 0 25 1
a 1054 301 0 37 3
a 1056 1586 0 25 5
a 1056 1974 0 23 1
a 1057 1557 0 25 6
a 1057 1071 0 31 5
a 1064 1940 0 25 4
a 1064 994 0 12 3
a 1067 308 0 25 2
a 1067 1963 0 23 1
a 1068 1196 0 25 7
a 1068 698 0 3 2
a 1069 1640 0 25 5
a 1069 1841 0 16 1
a 1074 619 0 25 6
a 1074 1473 0 28 2
a 1075 205 0 25 4
a 1075 1740 0 49 10
a 1077 501 0 25 4
a 1077 1006 0 33 3
a 1079 1042 0 25 3
a 1079 1026 0 35 4
a 1081 358 0 25 4
a 1081 1959 0 2 1
a 1082 1410 0 25 3
a 1082 1096 0 22 5
a 1083 1440 0 25 9
a 1083 1861 0 36 8
a 1084 1426 0 25 1
a 1084 564 0 16 4
a 1087 57 0 25 2
a 1087 1043 0 37 10
a 1088 487 0 25 10
a 1088 1853 0 40 7
a 1090 1432 0 25 8
a 1090 1620 0 11 4
a 1092 385 0 25 4
a 1092 1707 0 29 4
a 1094 8 0 25 7
a 1094 1327 0 36 7
a 1095 1332 0 25 10
a 1095 852 0 7 3
a 1096 208 0 25 3
a 1096 1242 0 11 6
a 1098 90 0 25 5
a 1098 843 0 23 9
a 1099 853 0 25 2
a 1099 223 0 21 3
a 1101 1816 0 25 5
a 1101 900 0 10 6
a 1102 183 0 25 3
a 1102 1938 0 11 1
a 1103 848 0 25 10
a 1103 1488 0 20 9
a 1104 1324 0 25 1
a 1104 1234 0 34 2
a 1106 1963 0 25 7
a 1106 32 0 1 3
a 1109 1768 0 25 9
a 1109 917 0 33 5
a 1110 1079 0 25 2
a 1110 1893 0 7 3
a 1111 1703 0 25 7
a 1111 675 0 29 1
a 1112 726 0 25 8
a 1112 162 0 40 2
a 1116 1708 0 25 7
a 1116 824 0 46 3
a 1118 703 0 25 7
a 1118 422 0 33 3
a 1120 936 0 25 9
a 1120 1966 0 46 5
a 1121 576 0 25 4
a 1121 7 0 46 7
a 1123 1704 0 25 2
a 1123 1440 0 2 7
a 1124 446 0 25 9
a 1124 1491 0 12 2
a 1125 1084 0 25 3
a 1125 949 0 13 5
a 1126 201 0 25 2
a 1126 808 0 37 1
a 1128 416 0 25 3
a 1128 71 0 1 3
a 1129 151 0 25 2
a 1129 545 0 8 1
a 1130 1175 0 25 2
a 1130 923 0 14 10
a 1131 1897 0 25 6
a 1131 80 0 5 7
a 1132 1530 0 25 7
a 1132 1541 0 47 7
a 1133 970 0 25 4
a 1133 1795 0 48 8
a 1134 1772 0 25 8
a 1134 1182 0 13 7
a 1136 1795 0 25 3
a 1136 629 0 37 10
a 1138 429 0 25 7
a 1138 1303 0 37 9
a 1140 1645 0 25 3
a 1140 1316 0 20 5
a 1141 132 0 25 6
a 1141 1593 0 47 2
a 1145 801 0 25 3
a 1145 1612 0 7 4
a 1146 882 0 25 2
a 1146 812 0 48 5
a 1149 71 0 25 1
a 1149 1552 0 26 5
a 1151 876 0 25 3
a 1151 716 0 39 7
a 1152 1989 0 25 3
a 1152 497 0 37 7
a 1159 1825 0 25 4
a 1159 1013 0 10 1
a 1161 498 0 25 2
a 1161 235 0 13 4
a 1162 1202 0 25 10
a 1162 1940 0 15 1
a 1163 131 0 25 10
a 1163 1803 0 28 9
a 1164 1252 0 25 3
a 1164 709 0 41 3
a 1166 464 0 25 4
a 1166 306 0 30 7
a 1167 1011 0 25 7
a 1167 1670 0 21 7
a 1168 985 0 25 5
a 1168 484 0 16 9
a 1169 137 0 25 5
a 1169 1239 0 28 1
a 1172 625 0 25 4
a 1172 1055 0 41 9
a 1175 998 0 25 4
a 1175 994 0 31 7
a 1178 1110 0 25 10
a 1178 392 0 28 1
a 1183 1276 0 25 10
a 1183 1160 0 34 8
a 1186 1523 0 25 1
a 1186 1367 0 3 7
a 1190 891 0 25 1
a 1190 1356 0 19 1
a 1192 812 0 25 9
a 1192 1373 0 25 10
a 1195 1069 0 25 5
a 1195 826 0 31 9
a 1196 1326 0 25 3
a 1196 1364 0 40 10
a 1200 1095 0 25 8
a 1200 1159 0 19 2
a 1201 646 0 25 8
a 1201 845 0 44 4
a 1202 993 0 25 2
a 1202 1503 0 26 4
a 1205 1430 0 25 5
a 1205 370 0 16 5
a 1206 1303 0 25 1
a 1206 1778 0 8 3
a 1208 1216 0 25 3
a 1208 1719 0 42 7
a 1210 406 0 25 2
a 1210 1178 0 10 1
a 1212 1789 0 25 8
a 1212 1426 0 23 7
a 1214 1653 0 25 1
a 1214 1981 0 33 8
a 1215 684 0 25 3
a 1215 1663 0 34 10
a 1216 633 0 25 9
a 1216 1017 0 47 7
a 1217 1449 0 25 7
a 1217 408 0 12 1
a 1223 1579 0 25 1
a 1223 1768 0 46 7
a 1224 488 0 25 8
a 1224 929 0 22 6
a 1225 777 0 25 3
a 1225 1423 0 3 8
a 1229 1914 0 25 5
a 1229 1607 0 29 7
a 1230 320 0 25 8
a 1230 584 0 25 7
a 1231 1439 0 25 2
a 1231 415 0 22 5
a 1234 1141 0 25 4
a 1234 173 0 26 1
a 1236 1998 0 25 4
a 1236 1640 0 35 9
a 1241 854 0 25 9
a 1241 828 0 47 2
a 1246 759 0 25 6
a 1246 288 0 38 2
a 1248 570 0 25 5
a 1248 1579 0 44 7
a 1250 292 0 25 1
a 1250 1316 0 45 4
a 1251 1464 0 25 2
a 1251 1115 0 21 7
a 1252 155 0 25 4
a 1252 1805 0 14 5
a 1253 585 0 25 3
a 1253 338 0 42 7
a 1257 457 0 25 2
a 1257 970 0 24 1
a 1258 865 0 25 4
a 1258 1481 0 47 8
a 1259 1284 0 25 9
a 1259 965 0 13 2
a 1261 1214 0 25 8
a 1261 438 0 28 9
a 1262 1603 0 25 1
a 1262 920 0 15 6
a 1263 1336 0 25 5
a 1263 471 0 35 3
a 1265 4 0 25 7
a 1265 942 0 49 10
a 1269 1820 0 25 3
a 1269 205 0 11 2
a 1275 1034 0 25 2
a 1275 1558 0 39 7
a 1276 1366 0 25 6
a 1276 452 0 17 5
a 1279 1778 0 25 4
a 1279 1605 0 23 8
a 1281 1099 0 25 3
a 1281 1334 0 24 9
a 1283 1503 0 25 7
a 1283 716 0 22 7
a 1284 668 0 25 8
a 1284 151 0 15 4
a 1285 393 0 25 7
a 1285 1107 0 36 10
a 1290 1598 0 25 2
a 1290 3 0 23 3
a 1292 1482 0 25 9
a 1292 948 0 37 2
a 1295 1208 0 25 1
a 1295 1195 0 20 5
a 1298 1715 0 25 10
a 1298 263 0 34 8
a 1300 1094 0 25 1
a 1300 392 0 2 2
a 1302 1543 0 25 10
a 1302 569 0 9 5
a 1303 903 0 25 9
a 1303 834 0 40 2
a 1306 816 0 25 7
a 1306 1789 0 21 4
a 1308 1409 0 25 8
a 1308 452 0 29 3
a 1313 1660 0 25 2
a 1313 319 0 21 10
a 1315 1052 0 25 10
a 1315 37 0 50 1
a 1323 1759 0 25 8
a 1323 1541 0 21 2
a 1324 892 0 25 4
a 1324 1470 0 27 7
a 1325 56 0 25 2
a 1325 1285 0 5 2
a 1326 1492 0 25 6
a 1326 1447 0 8 9
a 1328 1628 0 25 9
a 1328 815 0 37 7
a 1332 1520 0 25 5
a 1332 154 0 17 5
a 1336 1281 0 25 5
a 1336 1541 0 32 9
a 1338 1168 0 25 5
a 1338 960 0 0 1
a 1339 893 0 25 4
a 1339 1776 0 38 2
a 1342 1549 0 25 5
a 1342 1627 0 17 2
a 1344 1015 0 25 2
a 1344 1563 0 41 1
a 1348 1159 0 25 3
a 1348 183 0 19 5
a 1349 916 0 25 8
a 1349 960 0 26 8
a 1352 144 0 25 5
a 1352 1511 0 33 9
a 1357 877 0 25 9
a 1357 1647 0 47 2
a 1358 872 0 25 7
a 1358 1803 0 43 2
a 1359 530 0 25 1
a 1359 1659 0 22 7
a 1360 1365 0 25 7
a 1360 660 0 36 2
a 1364 1962 0 25 6
a 1364 1783 0 27 2
a 1365 662 0 25 3
a 1365 1572 0 43 2
a 1366 374 0 25 6
a 1366 1420 0 2 1
a 1367 480 0 25 10
a 1367 587 0 16 3
a 1368 350 0 25 4
a 1368 375 0 26 5
a 1371 987 0 25 8
a 1371 1135 0 4 2
a 1374 178 0 25 2
a 1374 1451 0 13 7
a 1377 1349 0 25 3
a 1377 1355 0 44 6
a 1379 362 0 25 7
a 1379 827 0 48 3
a 1380 1793 0 25 9
a 1380 340 0 33 4
a 1381 1390 0 25 8
a 1381 99 0 35 2
a 1382 359 0 25 3
a 1382 1151 0 2 6
a 1383 370 0 25 2
a 1383 1105 0 6 2
a 1385 1548 0 25 9
a 1385 1983 0 19 5
a 1387 439 0 25 10
a 1387 1369 0 38 1
a 1390 539 0 25 5
a 1390 559 0 6 8
a 1392 11 0 25 1
a 1392 1010 0 42 4
a 1394 1864 0 25 6
a 1394 811 0 48 10
a 1397 1893 0 25 6
a 1397 1407 0 13 7
a 1401 191 0 25 7
a 1401 1730 0 2 8
a 1403 1823 0 25 5
a 1403 1057 0 11 10
a 1404 118 0 25 5
a 1404 765 0 16 10
a 1406 695 0 25 9
a 1406 1588 0 40 8
a 1409 1067 0 25 10
a 1409 502 0 40 4
a 1410 775 0 25 5
a 1410 1234 0 23 4
a 1411 1677 0 25 3
a 1411 123 0 26 5
a 1412 767 0 25 2
a 1412 1508 0 48 2
a 1414 1671 0 25 8
a 1414 1888 0 47 5
a 1416 1136 0 25 4
a 1416 1835 0 26 7
a 1418 335 0 25 7
a 1418 1961 0 33 9
a 1426 1028 0 25 1
a 1426 904 0 9 4
a 1427 1578 0 25 10
a 1427 503 0 37 6
a 1428 317 0 25 6
a 1428 1869 0 30 1
a 1429 1525 0 25 4
a 1429 1572 0 6 4
a 1430 682 0 25 6
a 1430 1854 0 27 8
a 1431 1403 0 25 2
a 1431 629 0 15 7
a 1432 1642 0 25 6
a 1432 704 0 43 8
a 1433 1485 0 25 4
a 1433 76 0 17 6
a 1434 1004 0 25 8
a 1434 182 0 43 3
a 1436 1514 0 25 6
a 1436 1887 0 41 3
a 1437 161 0 25 4
a 1437 292 0 43 3
a 1439 1856 0 25 4
a 1439 852 0 17 3
a 1440 265 0 25 2
a 1440 1607 0 22 2
a 1442 273 0 25 6
a 1442 1481 0 8 6
a 1444 1053 0 25 7
a 1444 1638 0 22 9
a 1446 428 0 25 1
a 1446 1152 0 34 9
a 1447 98 0 25 5
a 1447 145 0 9 2
a 1448 326 0 25 9
a 1448 1110 0 0 8
a 1449 921 0 25 8
a 1449 882 0 36 6
a 1453 1884 0 25 2
a 1453 1941 0 5 4
a 1454 1812 0 25 10
a 1454 1308 0 34 2
a 1455 1385 0 25 10
a 1455 666 0 46 9
a 1456 1788 0 25 6
a 1456 994 0 49 10
a 1457 313 0 25 2
a 1457 540 0 17 3
a 1458 791 0 25 8
a 1458 1254 0 23 6
a 1459 632 0 25 1
a 1459 581 0 22 3
a 1464 490 0 25 2
a 1464 573 0 36 6
a 1465 9 0 25 9
a 1465 1647 0 38 4
a 1466 1342 0 25 10
a 1466 941 0 32 9
a 1468 1902 0 25 6
a 1468 891 0 0 2
a 1470 1056 0 25 1
a 1470 1526 0 36 1
a 1472 1575 0 25 9
a 1472 1245 0 23 1
a 1474 1807 0 25 3
a 1474 1595 0 26 8
a 1477 1613 0 25 6
a 1477 1639 0 28 1
a 1478 1783 0 25 5
a 1478 1736 0 41 6
a 1480 525 0 25 8
a 1480 241 0 26 2
a 1482 307 0 25 2
a 1482 1835 0 16 1
a 1483 1360 0 25 8
a 1483 376 0 1 6
a 1484 1611 0 25 1
a 1484 37 0 32 10
a 1485 1453 0 25 2
a 1485 1568 0 33 3
a 1487 1672 0 25 9
a 1487 303 0 50 2
a 1488 1484 0 25 5
a 1488 697 0 18 8
a 1490 1728 0 25 4
a 1490 1885 0 33 7
a 1492 861 0 25 4
a 1492 1889 0 2 3
a 1493 849 0 25 5
a 1493 1073 0 17 8
a 1496 108 0 25 8
a 1496 29 0 39 2
a 1499 1705 0 25 3
a 1499 1116 0 6 5
a 1500 657 0 25 6
a 1500 1407 0 2 3
a 1502 1306 0 25 2
a 1502 1489 0 33 2
a 1503 1595 0 25 4
a 1503 573 0 43 7
a 1508 1848 0 25 10
a 1508 897 0 17 4
a 1510 1472 0 25 6
a 1510 1690 0 8 1
a 1511 1379 0 25 7
a 1511 379 0 40 10
a 1514 1763 0 25 3
a 1514 1090 0 36 8
a 1520 915 0 25 8
a 1520 248 0 44 7
a 1523 44 0 25 4
a 1523 1004 0 37 9
a 1524 1930 0 25 8
a 1524 552 0 1 7
a 1525 405 0 25 10
a 1525 528 0 15 3
a 1526 363 0 25 6
a 1526 729 0 25 1
a 1529 1758 0 25 6
a 1529 412 0 33 5
a 1530 47 0 25 8
a 1530 956 0 31 2
a 1531 675 0 25 5
a 1531 419 0 0 6
a 1533 304 0 25 3
a 1533 1824 0 27 2
a 1534 1392 0 25 2
a 1534 1382 0 39 10
a 1535 1269 0 25 3
a 1535 1004 0 44 8
a 1536 436 0 25 5
a 1536 1130 0 31 10
a 1537 412 0 25 7
a 1537 143 0 18 8
a 1538 1470 0 25 2
a 1538 1981 0 39 2
a 1539 783 0 25 5
a 1539 1195 0 2 2
a 1543 1857 0 25 3
a 1543 288 0 2 8
a 1545 905 0 25 6
a 1545 1475 0 30 7
a 1548 1538 0 25 1
a 1548 1496 0 46 7
a 1549 647 0 25 10
a 1549 648 0 16 7
a 1550 365 0 25 3
a 1550 506 0 15 4
a 1551 914 0 25 6
a 1551 1100 0 23 10
a 1553 909 0 25 2
a 1553 1612 0 50 8
a 1555 306 0 25 5
a 1555 873 0 38 10
a 1557 912 0 25 1
a 1557 226 0 30 6
a 1558 1323 0 25 3
a 1558 1768 0 28 3
a 1559 1550 0 25 7
a 1559 1410 0 22 6
a 1560 837 0 25 2
a 1560 651 0 17 7
a 1561 655 0 25 1
a 1561 307 0 30 10
a 1563 779 0 25 1
a 1563 1370 0 47 4
a 1567 207 0 25 6
a 1567 1699 0 17 8
a 1570 1163 0 25 5
a 1570 130 0 3 8
a 1571 623 0 25 3
a 1571 999 0 26 4
a 1575 1693 0 25 10
a 1575 1431 0 5 2
a 1577 1359 0 25 3
a 1577 1581 0 0 1
a 1578 233 0 25 7
a 1578 79 0 1 2
a 1579 462 0 25 9
a 1579 1763 0 20 8
a 1581 1428 0 25 4
a 1581 1031 0 40 1
a 1584 533 0 25 9
a 1584 790 0 49 1
a 1586 527 0 25 5
a 1586 609 0 29 10
a 1588 1081 0 25 1
a 1588 740 0 50 6
a 1589 867 0 25 8
a 1589 1479 0 34 7
a 1590 1631 0 25 6
a 1590 414 0 35 8
a 1591 1863 0 25 5
a 1591 350 0 28 2
a 1593 248 0 25 5
a 1593 703 0 8 3
a 1594 16 0 25 3
a 1594 757 0 19 6
a 1595 1604 0 25 3
a 1595 20 0 24 8
a 1598 618 0 25 5
a 1598 1557 0 36 8
a 1599 1339 0 25 10
a 1599 459 0 18 5
a 1602 1732 0 25 9
a 1602 358 0 14 4
a 1603 617 0 25 8
a 1603 1263 0 5 7
a 1604 1236 0 25 3
a 1604 1273 0 44 4
a 1607 1612 0 25 9
a 1607 1523 0 21 8
a 1609 1970 0 25 5
a 1609 322 0 8 8
a 1611 505 0 25 3
a 1611 1125 0 13 8
a 1612 754 0 25 5
a 1612 1692 0 3 5
a 1613 1013 0 25 4
a 1613 1942 0 45 6
a 1615 194 0 25 8
a 1615 1745 0 10 3
a 1619 1357 0 25 7
a 1619 1326 0 15 9
a 1623 1571 0 25 1
a 1623 1645 0 29 10
a 1626 35 0 25 10
a 1626 1365 0 42 5
a 1627 1183 0 25 1
a 1627 1103 0 23 7
a 1628 1644 0 25 9
a 1628 1005 0 48 7
a 1631 980 0 25 4
a 1631 852 0 44 1
a 1632 744 0 25 7
a 1632 992 0 34 5
a 1633 378 0 25 6
a 1633 556 0 44 9
a 1635 1623 0 25 5
a 1635 1996 0 15 2
a 1637 843 0 25 2
a 1637 1094 0 5 6
a 1638 1843 0 25 2
a 1638 793 0 40 9
a 1640 66 0 25 1
a 1640 588 0 29 5
a 1641 965 0 25 6
a 1641 1400 0 45 10
a 1642 660 0 25 4
a 1642 26 0 18 1
a 1644 1051 0 25 6
a 1644 89 0 13 3
a 1645 139 0 25 9
a 1645 1606 0 43 4
a 1646 255 0 25 1
a 1646 810 0 33 5
a 1649 831 0 25 9
a 1649 1135 0 6 8
a 1653 752 0 25 8
a 1653 332 0 11 10
a 1654 217 0 25 4
a 1654 1902 0 39 8
a 1657 933 0 25 8
a 1657 1162 0 33 4
a 1659 1950 0 25 6
a 1659 1086 0 41 3
a 1660 116 0 25 8
a 1660 1630 0 27 6
a 1662 403 0 25 1
a 1662 1128 0 3 4
a 1663 1364 0 25 1
a 1663 1555 0 18 2
a 1664 558 0 25 5
a 1664 176 0 28 2
a 1671 1627 0 25 6
a 1671 930 0 38 7
a 1672 1444 0 25 10
a 1672 1225 0 46 10
a 1674 519 0 25 6
a 1674 858 0 12 1
a 1675 475 0 25 2
a 1675 1789 0 41 4
a 1677 1000 0 25 7
a 1677 643 0 30 7
a 1678 1131 0 25 8
a 1678 1670 0 30 5
a 1685 1853 0 25 1
a 1685 1369 0 26 7
a 1689 1014 0 25 5
a 1689 1966 0 37 8
a 1693 1969 0 25 5
a 1693 765 0 9 7
a 1695 1784 0 25 7
a 1695 1150 0 34 6
a 1698 604 0 25 7
a 1698 1788 0 21 2
a 1700 770 0 25 9
a 1700 1728 0 29 8
a 1703 1874 0 25 9
a 1703 443 0 40 7
a 1704 1250 0 25 2
a 1704 527 0 16 9
a 1705 1751 0 25 4
a 1705 492 0 18 2
a 1707 1638 0 25 1
a 1707 1588 0 7 9
a 1708 1764 0 25 4
a 1708 1445 0 13 1
a 1710 1867 0 25 9
a 1710 1903 0 17 4
a 1711 594 0 25 9
a 1711 953 0 6 1
a 1715 29 0 25 6
a 1715 1813 0 3 5
a 1721 1817 0 25 1
a 1721 1178 0 49 6
a 1722 1674 0 25 8
a 1722 289 0 50 8
a 1725 1809 0 25 2
a 1725 1672 0 31 2
a 1727 868 0 25 7
a 1727 1062 0 38 1
a 1728 738 0 25 10
a 1728 951 0 42 10
a 1729 1490 0 25 8
a 1729 568 0 31 3
a 1730 478 0 25 10
a 1730 1622 0 23 10
a 1732 448 0 25 5
a 1732 24 0 39 1
a 1738 1539 0 25 3
a 1738 1789 0 3 10
a 1743 1102 0 25 2
a 1743 1199 0 24 9
a 1744 1779 0 25 1
a 1744 1856 0 37 2
a 1746 78 0 25 3
a 1746 1337 0 24 9
a 1748 1037 0 25 3
a 1748 245 0 37 7
a 1749 291 0 25 1
a 1749 503 0 46 3
a 1751 534 0 25 6
a 1751 156 0 13 8
a 1753 1602 0 25 8
a 1753 447 0 1 8
a 1754 1380 0 25 8
a 1754 753 0 10 3
a 1758 1678 0 25 5
a 1758 619 0 30 2
a 1759 142 0 25 7
a 1759 1115 0 45 2
a 1761 1828 0 25 7
a 1761 1666 0 17 8
a 1763 1112 0 25 8
a 1763 1536 0 31 6
a 1764 1483 0 25 1
a 1764 1809 0 43 6
a 1768 815 0 25 6
a 1768 1107 0 1 3
a 1769 193 0 25 4
a 1769 517 0 44 3
a 1770 978 0 25 1
a 1770 1861 0 4 5
a 1772 1149 0 25 5
a 1772 761 0 25 2
a 1778 906 0 25 6
a 1778 1890 0 11 7
a 1779 674 0 25 10
a 1779 662 0 32 8
a 1781 1615 0 25 10
a 1781 285 0 37 4
a 1782 1931 0 25 3
a 1782 1129 0 16 4
a 1783 1206 0 25 8
a 1783 1082 0 43 3
a 1784 1725 0 25 4
a 1784 775 0 44 4
a 1786 1201 0 25 5
a 1786 505 0 14 8
a 1788 1371 0 25 4
a 1788 1689 0 36 1
a 1789 932 0 25 3
a 1789 667 0 39 9
a 1790 851 0 25 6
a 1790 1378 0 37 1
a 1791 400 0 25 3
a 1791 1063 0 34 7
a 1793 991 0 25 1
a 1793 1899 0 6 4
a 1795 864 0 25 1
a 1795 387 0 35 5
a 1797 956 0 25 5
a 1797 1365 0 18 6
a 1798 609 0 25 10
a 1798 1505 0 47 1
a 1799 1313 0 25 7
a 1799 52 0 1 10
a 1800 1151 0 25 9
a 1800 764 0 45 1
a 1807 227 0 25 10
a 1807 1778 0 34 9
a 1809 1455 0 25 3
a 1809 193 0 49 8
a 1810 1103 0 25 9
a 1810 1945 0 5 8
a 1811 628 0 25 5
a 1811 1572 0 29 7
a 1812 845 0 25 3
a 1812 572 0 27 5
a 1813 1738 0 25 4
a 1813 1054 0 24 8
a 1814 235 0 25 4
a 1814 1518 0 1 3
a 1815 1348 0 25 9
a 1815 866 0 20 10
a 1816 1626 0 25 10
a 1816 1928 0 49 3
a 1817 1826 0 25 10
a 1817 1566 0 24 9
a 1818 1832 0 25 1
a 1818 1435 0 15 5
a 1820 521 0 25 1
a 1820 228 0 33 3
a 1822 518 0 25 7
a 1822 1901 0 25 4
a 1823 51 0 25 1
a 1823 32 0 17 3
a 1824 1905 0 25 8
a 1824 678 0 33 5
a 1825 1782 0 25 4
a 1825 1999 0 25 8
a 1826 1632 0 25 1
a 1826 582 0 11 9
a 1827 398 0 25 8
a 1827 55 0 25 4
a 1828 221 0 25 4
a 1828 571 0 50 1
a 1830 1749 0 25 3
a 1830 450 0 40 6
a 1831 1458 0 25 6
a 1831 1818 0 41 10
a 1832 1018 0 25 1
a 1832 496 0 5 2
a 1834 560 0 25 2
a 1834 697 0 7 7
a 1837 818 0 25 5
a 1837 1433 0 48 9
a 1838 1810 0 25 3
a 1838 1471 0 48 9
a 1840 739 0 25 9
a 1840 1192 0 9 6
a 1842 1526 0 25 1
a 1842 1798 0 44 5
a 1843 494 0 25 6
a 1843 422 0 46 6
a 1844 760 0 25 10
a 1844 805 0 19 7
a 1846 92 0 25 4
a 1846 1428 0 12 2
a 1848 1192 0 25 7
a 1848 639 0 32 1
a 1850 667 0 25 10
a 1850 139 0 31 1
a 1851 1936 0 25 9
a 1851 1211 0 10 5
a 1853 1021 0 25 9
a 1853 514 0 24 7
a 1856 1466 0 25 3
a 1856 1865 0 21 2
a 1857 999 0 25 8
a 1857 1882 0 23 5
a 1860 693 0 25 10
a 1860 772 0 1 10
a 1861 1043 0 25 5
a 1861 1019 0 19 3
a 1863 642 0 25 6
a 1863 603 0 40 10
a 1864 1140 0 25 10
a 1864 723 0 8 6
a 1867 911 0 25 8
a 1867 527 0 1 4
a 1869 951 0 25 9
a 1869 553 0 45 3
a 1870 1797 0 25 2
a 1870 917 0 18 3
a 1872 1664 0 25 8
a 1872 437 0 15 7
a 1874 1344 0 25 7
a 1874 446 0 41 10
a 1875 1591 0 25 6
a 1875 1627 0 20 7
a 1876 1367 0 25 1
a 1876 881 0 20 6
a 1878 944 0 25 10
a 1878 25 0 24 7
a 1883 1536 0 25 4
a 1883 1765 0 29 6
a 1884 634 0 25 7
a 1884 150 0 43 10
a 1887 213 0 25 4
a 1887 1661 0 13 1
a 1888 1729 0 25 7
a 1888 451 0 47 2
a 1889 164 0 25 7
a 1889 1975 0 40 1
a 1890 990 0 25 2
a 1890 52 0 21 4
a 1891 945 0 25 9
a 1891 1618 0 40 3
a 1892 722 0 25 2
a 1892 1604 0 5 5
a 1893 697 0 25 10
a 1893 1333 0 2 3
a 1894 608 0 25 3
a 1894 1933 0 34 9
a 1895 1195 0 25 3
a 1895 427 0 4 6
a 1897 1020 0 25 4
a 1897 692 0 45 1
a 1898 762 0 25 4
a 1898 1749 0 11 6
a 1900 1087 0 25 5
a 1900 1612 0 16 8
a 1902 125 0 25 3
a 1902 1029 0 36 6
a 1905 1834 0 25 4
a 1905 573 0 24 6
a 1906 134 0 25 4
a 1906 370 0 14 8
a 1907 1474 0 25 10
a 1907 1817 0 9 10
a 1912 336 0 25 3
a 1912 527 0 22 3
a 1913 1172 0 25 2
a 1913 1882 0 8 5
a 1914 1257 0 25 5
a 1914 614 0 38 9
a 1915 67 0 25 2
a 1915 1347 0 34 3
a 1916 100 0 25 3
a 1916 1994 0 11 6
a 1920 1418 0 25 6
a 1920 1220 0 42 6
a 1922 974 0 25 10
a 1922 584 0 2 3
a 1927 1300 0 25 9
a 1927 1128 0 28 9
a 1928 445 0 25 8
a 1928 452 0 17 3
a 1930 1488 0 25 10
a 1930 483 0 22 7
a 1931 874 0 25 3
a 1931 491 0 26 2
a 1934 1555 0 25 4
a 1934 1394 0 24 9
a 1936 251 0 25 9
a 1936 1927 0 8 3
a 1937 1875 0 25 3
a 1937 767 0 6 7
a 1940 1261 0 25 7
a 1940 389 0 39 3
a 1944 1161 0 25 7
a 1944 363 0 43 7
a 1946 410 0 25 4
a 1946 773 0 5 8
a 1948 1368 0 25 10
a 1948 629 0 48 9
a 1950 716 0 25 6
a 1950 710 0 41 1
a 1955 242 0 25 1
a 1955 1264 0 15 6
a 1958 694 0 25 9
a 1958 892 0 26 10
a 1959 1944 0 25 3
a 1959 242 0 46 9
a 1961 1468 0 25 4
a 1961 802 0 28 3
a 1962 1033 0 25 10
a 1962 1669 0 50 8
a 1963 1448 0 25 10
a 1963 899 0 13 5
a 1967 1285 0 25 4
a 1967 1063 0 16 9
a 1969 114 0 25 5
a 1969 518 0 40 9
a 1970 1916 0 25 1
a 1970 102 0 31 6
a 1971 1382 0 25 5
a 1971 223 0 37 10
a 1973 1411 0 25 8
a 1973 179 0 11 6
a 1976 603 0 25 2
a 1976 172 0 26 4
a 1977 1414 0 25 7
a 1977 906 0 23 10
a 1979 804 0 25 9
a 1979 536 0 33 6
a 1980 1446 0 25 10
a 1980 256 0 9 9
a 1987 1044 0 25 2
a 1987 646 0 9 3
a 1989 696 0 25 6
a 1989 691 0 22 10
a 1993 371 0 25 10
a 1993 266 0 30 3
a 1995 1387 0 25 7
a 1995 1186 0 44 5
a 1998 454 0 25 2
a 1998 309 0 35 6
a 2 1696 0 25 8
a 2 551 0 31 2
a 10 721 0 25 3
a 10 1428 0 12 8
a 12 1329 0 25 7
a 12 751 0 37 7
a 13 1497 0 25 5
a 13 1786 0 21 1
a 14 699 0 25 3
a 14 488 0 14 4
a 15 740 0 25 8
a 15 1672 0 21 8
a 17 1451 0 25 1
a 17 599 0 24 3
a 18 1650 0 25 9
a 18 1844 0 20 1
a 19 923 0 25 9
a 19 1064 0 11 1
a 20 160 0 25 5
a 20 1185 0 49 5
a 22 1384 0 25 3
a 22 1529 0 15 9
a 23 286 0 25 9
a 23 288 0 1 6
a 25 1943 0 25 10
a 25 1290 0 44 2
a 28 1137 0 25 10
a 28 1063 0 6 8
a 30 401 0 25 3
a 30 1072 0 30 4
a 31 1469 0 25 8
a 31 227 0 9 1
a 32 1221 0 25 4
a 32 710 0 21 1
a 33 671 0 25 7
a 33 578 0 29 1
a 34 1073 0 25 1
a 34 1396 0 34 8
a 36 1572 0 25 9
a 36 1387 0 36 2
a 37 262 0 25 7
a 37 1978 0 2 6
a 38 1935 0 25 6
a 38 1936 0 31 6
a 39 975 0 25 4
a 39 834 0 10 6
a 41 1356 0 25 10
a 41 754 0 49 3
a 43 894 0 25 5
a 43 1450 0 37 4
a 45 1147 0 25 5
a 45 858 0 42 10
a 48 384 0 25 7
a 48 1321 0 24 1
a 49 1709 0 25 4
a 49 1239 0 18 7
a 53 22 0 25 10
a 53 290 0 9 10
a 54 1005 0 25 6
a 54 1761 0 45 2
a 55 1419 0 25 7
a 55 1179 0 15 8
a 58 199 0 25 10
a 58 1150 0 1 9
a 59 1507 0 25 6
a 59 1290 0 37 1
a 61 1232 0 25 7
a 61 1356 0 48 1
a 63 246 0 25 6
a 63 1243 0 34 4
a 64 300 0 25 7
a 64 156 0 29 3
a 68 329 0 25 5
a 68 965 0 5 9
a 69 761 0 25 5
a 69 599 0 25 5
a 72 1072 0 25 10
a 72 533 0 27 9
a 73 506 0 25 9
a 73 1149 0 25 7
a 74 564 0 25 3
a 74 1254 0 49 4
a 75 652 0 25 2
a 75 901 0 16 2
a 76 1441 0 25 1
a 76 262 0 41 5
a 77 260 0 25 8
a 77 288 0 23 1
a 79 1153 0 25 1
a 79 1022 0 9 1
a 80 241 0 25 6
a 80 314 0 16 5
a 81 1327 0 25 3
a 81 780 0 23 9
a 82 1473 0 25 10
a 82 1949 0 21 3
a 83 1091 0 25 10
a 83 516 0 30 6
a 84 1080 0 25 8
a 84 1121 0 21 5
a 85 1254 0 25 6
a 85 1609 0 48 7
a 86 342 0 25 4
a 86 1233 0 0 7
a 87 1240 0 25 7
a 87 1746 0 50 2
a 88 884 0 25 8
a 88 597 0 39 6
a 91 1873 0 25 7
a 91 1198 0 18 8
a 96 1009 0 25 10
a 96 1599 0 11 7
a 97 479 0 25 3
a 97 391 0 41 10
a 101 1016 0 25 1
a 101 1686 0 35 1
a 102 85 0 25 9
a 102 1627 0 44 3
a 105 263 0 25 7
a 105 428 0 22 1
a 109 368 0 25 10
a 109 1929 0 26 4
a 113 1984 0 25 2
a 113 89 0 46 5
a 115 665 0 25 5
a 115 1716 0 23 9
a 117 1933 0 25 7
a 117 966 0 23 7
a 119 515 0 25 2
a 119 1356 0 7 10
a 122 88 0 25 6
a 122 1372 0 21 1
a 123 1396 0 25 1
a 123 1801 0 37 5
a 124 711 0 25 8
a 124 930 0 24 5
a 129 1475 0 25 3
a 129 279 0 6 5
a 130 624 0 25 6
a 130 520 0 0 3
a 133 790 0 25 3
a 133 1785 0 42 5
a 136 1299 0 25 6
a 136 252 0 19 10
a 138 177 0 25 10
a 138 1409 0 2 7
a 140 1919 0 25 3
a 140 1980 0 35 2
a 141 1569 0 25 5
a 141 132 0 6 5
a 143 1740 0 25 7
a 143 1672 0 45 7
a 145 276 0 25 6
a 145 90 0 24 2
a 146 1714 0 25 10
a 146 784 0 5 3
a 148 471 0 25 10
a 148 1133 0 26 2
a 150 394 0 25 10
a 150 98 0 43 2
a 152 788 0 25 4
a 152 95 0 46 9
a 153 321 0 25 2
a 153 1273 0 0 7
a 156 968 0 25 6
a 156 2000 0 23 2
a 157 1504 0 25 2
a 157 299 0 42 6
a 158 949 0 25 1
a 158 511 0 3 8
a 159 799 0 25 4
a 159 104 0 21 10
a 160 1692 0 25 5
a 160 762 0 23 2
a 163 1341 0 25 3
a 163 1433 0 27 9
a 165 1245 0 25 6
a 165 563 0 9 7
a 167 1699 0 25 6
a 167 460 0 7 7
a 168 1373 0 25 1
a 168 376 0 27 1
a 169 1335 0 25 8
a 169 78 0 2 8
a 170 648 0 25 10
a 170 604 0 19 8
a 171 1516 0 25 8
a 171 947 0 49 2
a 172 683 0 25 5
a 172 1538 0 9 1
a 177 75 0 25 6
a 177 1312 0 41 3
a 180 83 0 25 4
a 180 1539 0 41 6
a 182 345 0 25 5
a 182 1474 0 2 8
a 184 1651 0 25 9
a 184 1783 0 44 5
a 185 18 0 25 3
a 185 685 0 10 2
a 186 1585 0 25 2
a 186 217 0 15 2
a 188 55 0 25 7
a 188 1000 0 10 4
a 189 830 0 25 9
a 189 1135 0 48 4
a 190 1656 0 25 4
a 190 1849 0 30 9
a 192 1334 0 25 7
a 192 1176 0 36 8
a 196 1309 0 25 7
a 196 1769 0 50 3
a 198 117 0 25 6
a 198 1129 0 14 7
a 199 1618 0 25 10
a 199 1244 0 13 9
a 200 1443 0 25 7
a 200 267 0 8 8
a 202 1078 0 25 5
a 202 1319 0 38 7
a 206 729 0 25 5
a 206 1308 0 36 10
a 210 983 0 25 8
a 210 1024 0 47 8
a 211 741 0 25 8
a 211 1404 0 21 5
a 212 1361 0 25 8
a 212 1936 0 33 4
a 216 1512 0 25 6
a 216 11 0 49 4
a 218 813 0 25 9
a 218 1603 0 14 10
a 219 1062 0 25 9
a 219 1649 0 39 1
a 222 287 0 25 1
a 222 1477 0 19 7
a 224 1209 0 25 5
a 224 661 0 10 1
a 225 356 0 25 4
a 225 466 0 3 9
a 229 918 0 25 8
a 229 1136 0 49 7
a 236 136 0 25 3
a 236 1905 0 33 2
a 239 496 0 25 10
a 239 424 0 11 3
a 241 1233 0 25 7
a 241 1598 0 47 8
a 243 1665 0 25 10
a 243 55 0 38 3
a 244 1422 0 25 10
a 244 380 0 38 1
a 245 676 0 25 9
a 245 1335 0 11 2
a 246 1785 0 25 10
a 246 1446 0 40 5
a 249 1974 0 25 2
a 249 660 0 17 2
a 250 690 0 25 6
a 250 1985 0 7 7
a 252 582 0 25 4
a 252 1141 0 44 4
a 253 556 0 25 2
a 253 1946 0 41 8
a 254 753 0 25 6
a 254 1083 0 16 8
a 256 1667 0 25 10
a 256 1973 0 39 7
a 258 196 0 25 4
a 258 1358 0 42 3
a 260 341 0 25 10
a 260 1360 0 16 3
a 261 1669 0 25 10
a 261 1812 0 14 7
a 262 710 0 25 4
a 262 1798 0 18 1
a 263 1372 0 25 9
a 263 1026 0 20 5
a 264 1312 0 25 1
a 264 1359 0 6 4
a 267 1972 0 25 8
a 267 84 0 20 6
a 268 1968 0 25 9
a 268 1827 0 21 7
a 270 885 0 25 7
a 270 170 0 30 5
a 271 728 0 25 5
a 271 899 0 1 3
a 272 1515 0 25 10
a 272 539 0 27 4
a 274 1222 0 25 9
a 274 1480 0 24 5
a 276 33 0 25 4
a 276 588 0 35 4
a 277 271 0 25 3
a 277 433 0 50 9
a 278 122 0 25 7
a 278 550 0 12 3
a 279 427 0 25 4
a 279 1569 0 18 6
a 281 1026 0 25 2
a 281 140 0 35 7
a 282 1528 0 25 7
a 282 1151 0 28 10
a 283 1272 0 25 10
a 283 1586 0 18 5
a 284 1983 0 25 1
a 284 4 0 28 3
a 285 1988 0 25 6
a 285 295 0 2 1
a 286 1583 0 25 4
a 286 1596 0 45 5
a 287 1191 0 25 6
a 287 1263 0 30 9
a 288 580 0 25 10
a 288 886 0 12 7
a 289 130 0 25 9
a 289 804 0 39 4
a 290 910 0 25 1
a 290 226 0 13 3
a 293 79 0 25 5
a 293 873 0 13 7
a 295 373 0 25 2
a 295 1716 0 46 3
a 297 1417 0 25 4
a 297 142 0 14 5
a 300 1376 0 25 5
a 300 1031 0 13 6
a 302 1566 0 25 7
a 302 930 0 17 8
a 309 1350 0 25 5
a 309 858 0 10 8
a 311 795 0 25 6
a 311 1622 0 47 3
a 314 467 0 25 1
a 314 517 0 48 8
a 315 1180 0 25 3
a 315 361 0 29 3
a 319 718 0 25 3
a 319 881 0 20 8
a 321 19 0 25 8
a 321 1441 0 27 5
a 322 319 0 25 1
a 322 1239 0 25 5
a 328 922 0 25 6
a 328 1520 0 43 6
a 329 1960 0 25 7
a 329 1767 0 9 8
a 332 333 0 25 3
a 332 926 0 41 8
a 333 976 0 25 7
a 333 134 0 15 5
a 334 366 0 25 8
a 334 1373 0 36 10
a 337 153 0 25 5
a 337 1163 0 36 4
a 338 1775 0 25 7
a 338 145 0 49 5
a 339 113 0 25 7
a 339 1730 0 16 2
a 341 202 0 25 8
a 341 1799 0 30 4
a 342 931 0 25 2
a 342 1456 0 24 4
a 343 1171 0 25 7
a 343 757 0 7 2
a 344 1518 0 25 2
a 344 1509 0 28 2
a 345 1304 0 25 3
a 345 1197 0 47 6
a 351 1058 0 25 8
a 351 1409 0 3 3
a 353 343 0 25 5
a 353 855 0 33 5
a 354 866 0 25 2
a 354 49 0 42 3
a 355 1495 0 25 5
a 355 282 0 10 3
a 356 826 0 25 9
a 356 1298 0 46 2
a 360 1600 0 25 3
a 360 1850 0 48 10
a 364 1661 0 25 2
a 364 1137 0 22 8
a 366 1941 0 25 3
a 366 314 0 2 6
a 367 654 0 25 2
a 367 128 0 48 5
a 368 656 0 25 4
a 368 469 0 20 5
a 369 37 0 25 9
a 369 1197 0 49 5
a 373 184 0 25 1
a 373 1158 0 9 5
a 377 673 0 25 5
a 377 1161 0 33 5
a 379 222 0 25 2
a 379 39 0 24 3
a 380 1321 0 25 3
a 380 1584 0 48 9
a 381 805 0 25 9
a 381 406 0 48 4
a 382 1841 0 25 3
a 382 457 0 18 9
a 383 250 0 25 3
a 383 252 0 38 5
a 384 1556 0 25 5
a 384 1291 0 50 2
a 386 685 0 25 10
a 386 1684 0 48 7
a 388 1513 0 25 10
a 388 1839 0 13 8
a 389 771 0 25 3
a 389 1696 0 15 9
a 391 829 0 25 2
a 391 830 0 10 8
a 394 598 0 25 9
a 394 1226 0 25 5
a 396 1886 0 25 3
a 396 1800 0 18 3
a 397 773 0 25 7
a 397 1771 0 10 9
a 399 169 0 25 6
a 399 258 0 47 5
a 401 857 0 25 5
a 401 1265 0 12 5
a 404 123 0 25 4
a 404 649 0 50 7
a 409 798 0 25 7
a 409 447 0 47 9
a 413 1278 0 25 9
a 413 1587 0 29 1
a 414 1063 0 25 7
a 414 541 0 22 1
a 415 1720 0 25 5
a 415 700 0 4 6
a 417 443 0 25 5
a 417 1706 0 12 4
a 421 1143 0 25 10
a 421 1985 0 0 1
a 422 25 0 25 10
a 422 1274 0 41 6
a 424 252 0 25 7
a 424 1595 0 18 6
a 427 1182 0 25 1
a 427 1435 0 8 2
a 430 565 0 25 2
a 430 1614 0 7 3
a 431 1957 0 25 4
a 431 1200 0 38 7
a 433 1643 0 25 8
a 433 712 0 9 2
a 437 1122 0 25 10
a 437 105 0 19 6
a 438 1452 0 25 2
a 438 1676 0 38 6
a 440 1139 0 25 8
a 440 82 0 47 1
a 441 1564 0 25 1
a 441 646 0 17 1
a 442 1522 0 25 1
a 442 687 0 21 1
a 443 1059 0 25 6
a 443 1522 0 6 3
a 444 579 0 25 3
a 444 1753 0 22 4
a 447 433 0 25 9
a 447 1256 0 34 4
a 450 1910 0 25 5
a 450 1892 0 44 8
a 452 258 0 25 2
a 452 1623 0 39 3
a 453 1736 0 25 2
a 453 1248 0 32 2
a 455 536 0 25 1
a 455 1339 0 47 6
a 459 1031 0 25 4
a 459 1251 0 30 4
a 460 860 0 25 8
a 460 1639 0 50 1
a 461 1953 0 25 7
a 461 1210 0 22 4
a 463 1176 0 25 2
a 463 1399 0 15 5
a 467 1337 0 25 2
a 467 291 0 49 2
a 468 270 0 25 2
a 468 586 0 6 10
a 471 1676 0 25 10
a 471 1647 0 10 7
a 472 73 0 25 7
a 472 1645 0 5 4
a 474 1687 0 25 8
a 474 1597 0 39 9
a 477 198 0 25 1
a 477 194 0 18 6
a 479 1939 0 25 3
a 479 1521 0 31 8
a 483 1343 0 25 6
a 483 1161 0 19 1
a 484 1256 0 25 7
a 484 106 0 44 8
a 486 1142 0 25 3
a 486 630 0 18 9
a 492 1723 0 25 7
a 492 8 0 29 8
a 496 124 0 25 4
a 496 1792 0 47 4
a 497 635 0 25 5
a 497 955 0 46 4
a 503 1885 0 25 10
a 503 1916 0 7 10
a 506 1228 0 25 4
a 506 720 0 33 10
a 508 1255 0 25 2
a 508 1686 0 1 5
a 510 924 0 25 10
a 510 1143 0 4 8
a 514 1330 0 25 5
a 514 768 0 22 2
a 515 146 0 25 1
a 515 969 0 0 6
a 516 522 0 25 9
a 516 947 0 16 6
a 517 948 0 25 10
a 517 16 0 7 5
a 520 641 0 25 2
a 520 456 0 46 4
a 522 1154 0 25 10
a 522 963 0 5 1
a 523 602 0 25 8
a 523 621 0 3 10
a 526 389 0 25 2
a 526 1711 0 20 2
a 528 578 0 25 7
a 528 844 0 31 8
a 529 1331 0 25 1
a 529 551 0 15 4
a 532 272 0 25 8
a 532 1028 0 42 4
a 535 613 0 25 7
a 535 803 0 38 4
a 536 1924 0 25 3
a 536 1948 0 48 3
a 537 1735 0 25 5
a 537 710 0 13 6
a 538 1679 0 25 6
a 538 1652 0 49 2
a 540 1882 0 25 1
a 540 72 0 46 7
a 544 1757 0 25 3
a 544 1530 0 24 9
a 545 254 0 25 4
a 545 569 0 29 4
a 547 1541 0 25 2
a 547 1533 0 47 2
a 550 796 0 25 2
a 550 208 0 46 1
a 551 314 0 25 1
a 551 410 0 47 9
a 552 1100 0 25 5
a 552 796 0 15 2
a 553 1668 0 25 8
a 553 35 0 46 6
a 556 1999 0 25 2
a 556 1276 0 36 4
a 562 1966 0 25 8
a 562 1100 0 20 6
a 563 1597 0 25 4
a 563 1592 0 42 9
a 564 206 0 25 5
a 564 1215 0 31 9
a 565 677 0 25 7
a 565 1999 0 30 1
a 567 150 0 25 5
a 567 1609 0 44 3
a 569 1012 0 25 7
a 569 1649 0 8 5
a 571 1113 0 25 8
a 571 207 0 21 10
a 572 537 0 25 8
a 572 394 0 31 2
a 573 1296 0 25 5
a 573 1515 0 0 5
a 574 643 0 25 2
a 574 1277 0 28 4
a 575 1415 0 25 10
a 575 961 0 24 3
a 577 1314 0 25 2
a 577 19 0 5 5
a 578 1105 0 25 5
a 578 992 0 20 6
a 579 1554 0 25 10
a 579 1125 0 42 9
a 580 514 0 25 2
a 580 640 0 26 5
a 581 159 0 25 6
a 581 1297 0 8 3
a 582 185 0 25 4
a 582 1086 0 15 10
a 586 1479 0 25 4
a 586 1159 0 45 3
a 587 1680 0 25 10
a 587 1021 0 29 6
a 588 835 0 25 6
a 588 62 0 16 4
a 590 844 0 25 9
a 590 812 0 36 7
a 593 1697 0 25 10
a 593 1821 0 20 8
a 595 620 0 25 10
a 595 1381 0 4 1
a 597 1994 0 25 4
a 597 1424 0 40 7
a 598 45 0 25 1
a 598 1937 0 47 8
a 602 442 0 25 1
a 602 1680 0 35 6
a 605 14 0 25 4
a 605 387 0 2 3
a 607 1949 0 25 9
a 607 35 0 18 3
a 611 1369 0 25 2
a 611 1935 0 21 7
a 612 1996 0 25 10
a 612 1630 0 22 4
a 613 281 0 25 1
a 613 677 0 13 4
a 614 338 0 25 5
a 614 616 0 29 4
a 615 787 0 25 9
a 615 519 0 13 7
a 616 731 0 25 1
a 616 758 0 1 7
a 620 1792 0 25 6
a 620 572 0 47 6
a 622 553 0 25 2
a 622 1363 0 21 9
a 624 1460 0 25 8
a 624 1192 0 35 4
a 626 1119 0 25 4
a 626 1587 0 36 1
a 629 1107 0 25 9
a 629 237 0 16 9
a 631 264 0 25 9
a 631 1153 0 49 8
a 635 1203 0 25 6
a 635 717 0 4 9
a 636 1527 0 25 10
a 636 133 0 49 1
a 638 1596 0 25 4
a 638 759 0 50 8
a 640 86 0 25 10
a 640 1736 0 0 7
a 641 97 0 25 8
a 641 856 0 42 5
a 643 1008 0 25 6
a 643 1625 0 4 4
a 644 293 0 25 5
a 644 1013 0 12 8
a 648 841 0 25 6
a 648 755 0 14 10
a 649 1582 0 25 7
a 649 1392 0 23 10
a 651 1750 0 25 6
a 651 1465 0 44 4
a 652 1717 0 25 7
a 652 1785 0 45 6
a 654 764 0 25 7
a 654 1813 0 6 5
a 656 282 0 25 6
a 656 1144 0 37 4
a 658 1317 0 25 5
a 658 875 0 42 8
a 661 751 0 25 10
a 661 340 0 42 10
a 663 461 0 25 7
a 663 1020 0 21 9
a 665 1766 0 25 5
a 665 1510 0 48 1
a 671 369 0 25 3
a 671 46 0 44 10
a 672 1854 0 25 4
a 672 1651 0 11 8
a 673 797 0 25 9
a 673 857 0 47 6
a 676 1592 0 25 2
a 676 1474 0 1 8
a 677 1702 0 25 3
a 677 1612 0 37 4
a 679 1467 0 25 3
a 679 733 0 45 4
a 680 1274 0 25 2
a 680 708 0 11 10
a 681 1923 0 25 5
a 681 1105 0 40 1
a 683 54 0 25 10
a 683 1327 0 44 8
a 685 1235 0 25 4
a 685 1658 0 9 2
a 688 1806 0 25 5
a 688 437 0 22 7
a 689 119 0 25 3
a 689 1997 0 2 3
a 690 535 0 25 3
a 690 212 0 22 10
a 691 789 0 25 8
a 691 1175 0 48 2
a 692 277 0 25 9
a 692 825 0 15 3
a 698 707 0 25 9
a 698 1804 0 29 8
a 699 1181 0 25 8
a 699 138 0 25 1
a 700 929 0 25 2
a 700 10 0 30 5
a 701 332 0 25 7
a 701 422 0 46 7
a 704 388 0 25 7
a 704 1294 0 37 5
a 706 1273 0 25 1
a 706 1966 0 49 4
a 707 1220 0 25 9
a 707 721 0 36 3
a 708 679 0 25 4
a 708 258 0 48 8
a 710 34 0 25 2
a 710 1952 0 37 6
a 711 875 0 25 10
a 711 474 0 26 4
a 712 1199 0 25 5
a 712 442 0 31 9
a 713 706 0 25 6
a 713 1695 0 7 2
a 715 768 0 25 2
a 715 1165 0 30 2
a 718 381 0 25 3
a 718 1235 0 38 8
a 719 1658 0 25 8
a 719 1245 0 33 8
a 721 1277 0 25 9
a 721 1970 0 8 3
a 723 1076 0 25 8
a 723 362 0 46 7
a 724 38 0 25 1
a 724 1390 0 4 1
a 728 587 0 25 2
a 728 353 0 22 1
a 729 1155 0 25 7
a 729 223 0 36 8
a 730 1036 0 25 8
a 730 486 0 17 4
a 731 1726 0 25 10
a 731 1171 0 10 3
a 732 1301 0 25 1
a 732 126 0 19 1
a 733 1423 0 25 4
a 733 1369 0 41 2
a 734 1544 0 25 8
a 734 129 0 33 5
a 735 1706 0 25 6
a 735 1465 0 26 3
a 737 396 0 25 4
a 737 1934 0 34 2
a 740 1568 0 25 6
a 740 845 0 44 6
a 741 367 0 25 8
a 741 1112 0 17 5
a 746 431 0 25 10
a 746 601 0 3 10
a 749 145 0 25 5
a 749 1413 0 3 1
a 751 1683 0 25 8
a 751 390 0 12 5
a 753 1355 0 25 8
a 753 463 0 42 10
a 757 808 0 25 5
a 757 572 0 49 8
a 758 1694 0 25 4
a 758 1074 0 31 6
a 761 1491 0 25 7
a 761 687 0 26 10
a 764 1346 0 25 1
a 764 1537 0 28 9
a 765 947 0 25 2
a 765 396 0 22 8
a 766 1981 0 25 7
a 766 1088 0 11 5
a 768 189 0 25 4
a 768 1350 0 46 9
a 769 1929 0 25 6
a 769 189 0 34 9
a 771 908 0 25 8
a 771 36 0 41 3
a 773 1025 0 25 6
a 773 809 0 24 5
a 774 1517 0 25 5
a 774 1226 0 48 10
a 780 708 0 25 8
a 780 57 0 46 3
a 787 1745 0 25 8
a 787 1646 0 44 8
a 788 1227 0 25 9
a 788 700 0 2 7
a 789 1509 0 25 2
a 789 712 0 24 10
a 790 661 0 25 5
a 790 985 0 12 3
a 793 704 0 25 10
a 793 1985 0 1 5
a 794 1226 0 25 1
a 794 466 0 17 8
a 795 1310 0 25 9
a 795 1661 0 28 2
a 796 680 0 25 1
a 796 389 0 34 7
a 797 1858 0 25 10
a 797 60 0 21 10
a 798 850 0 25 5
a 798 36 0 23 2
a 799 878 0 25 4
a 799 302 0 22 1
a 802 354 0 25 3
a 802 1704 0 29 7
a 803 441 0 25 8
a 803 79 0 24 7
a 805 1354 0 25 5
a 805 1273 0 49 8
a 806 322 0 25 2
a 806 1715 0 10 10
a 807 236 0 25 2
a 807 1022 0 19 5
a 808 1311 0 25 9
a 808 916 0 44 4
a 809 1701 0 25 2
a 809 5 0 48 6
a 811 1333 0 25 2
a 811 247 0 48 10
a 813 1787 0 25 2
a 813 1823 0 26 7
a 817 1562 0 25 9
a 817 1252 0 34 5
a 820 101 0 25 8
a 820 1992 0 29 3
a 822 1462 0 25 2
a 822 1442 0 15 10
a 824 769 0 25 2
a 824 691 0 40 1
a 826 49 0 25 4
a 826 854 0 28 8
a 827 575 0 25 3
a 827 660 0 48 3
a 829 832 0 25 7
a 829 700 0 2 3
a 830 1127 0 25 8
a 830 1399 0 40 9
a 832 1197 0 25 9
a 832 48 0 18 7
a 833 611 0 25 3
a 833 1480 0 11 2
a 835 879 0 25 9
a 835 1531 0 7 5
a 840 74 0 25 3
a 840 144 0 36 10
a 841 261 0 25 6
a 841 650 0 11 6
a 844 1294 0 25 2
a 844 1595 0 45 8
a 846 1476 0 25 9
a 846 296 0 28 2
a 847 1399 0 25 3
a 847 903 0 37 8
a 850 1925 0 25 1
a 850 1980 0 8 10
a 856 229 0 25 6
a 856 578 0 41 9
a 857 453 0 25 4
a 857 490 0 47 2
a 858 1734 0 25 8
a 858 1017 0 31 9
a 859 1481 0 25 10
a 859 1305 0 26 9
a 860 315 0 25 6
a 860 645 0 25 8
a 862 129 0 25 8
a 862 353 0 7 6
a 863 1035 0 25 5
a 863 57 0 50 1
a 866 1780 0 25 8
a 866 333 0 10 10
a 869 1213 0 25 2
a 869 1127 0 42 7
a 870 863 0 25 2
a 870 1860 0 22 8
a 871 1767 0 25 6
a 871 424 0 28 5
a 875 437 0 25 5
a 875 1751 0 9 10
a 878 12 0 25 9
a 878 1749 0 44 2
a 879 243 0 25 4
a 879 1608 0 23 7
a 880 774 0 25 2
a 880 1130 0 22 5
a 883 438 0 25 8
a 883 978 0 3 4
a 884 158 0 25 7
a 884 1140 0 49 9
a 885 765 0 25 9
a 885 1295 0 38 3
a 889 351 0 25 2
a 889 682 0 44 2
a 894 1879 0 25 3
a 894 1411 0 43 5
a 895 430 0 25 10
a 895 1500 0 44 4
a 897 1198 0 25 4
a 897 860 0 47 3
a 899 1847 0 25 2
a 899 1104 0 27 4
a 900 172 0 25 1
a 900 1346 0 17 3
a 901 167 0 25 3
a 901 1995 0 40 4
a 902 562 0 25 3
a 902 530 0 36 10
a 907 734 0 25 8
a 907 1010 0 1 4
a 908 1765 0 25 8
a 908 1250 0 1 7
a 910 43 0 25 6
a 910 625 0 35 2
a 913 360 0 25 6
a 913 1506 0 11 2
a 918 290 0 25 7
a 918 331 0 44 10
a 920 1608 0 25 3
a 920 1673 0 23 2
a 922 1249 0 25 5
a 922 1553 0 48 4
a 923 1647 0 25 7
a 923 1394 0 10 3
a 924 1375 0 25 1
a 924 1286 0 26 5
a 929 1156 0 25 3
a 929 1827 0 9 7
a 931 157 0 25 4
a 931 1112 0 2 9
a 938 463 0 25 1
a 938 92 0 43 8
a 942 1954 0 25 4
a 942 619 0 32 10
a 946 1085 0 25 10
a 946 1880 0 4 4
a 947 1117 0 25 9
a 947 1870 0 30 2
a 948 1614 0 25 10
a 948 1062 0 3 8
a 949 817 0 25 1
a 949 1734 0 32 2
a 952 938 0 25 3
a 952 1089 0 20 4
a 953 616 0 25 4
a 953 1759 0 4 1
a 955 615 0 25 4
a 955 98 0 21 2
a 957 1345 0 25 10
a 957 608 0 8 7
a 958 757 0 25 9
a 958 826 0 15 6
a 960 526 0 25 5
a 960 1066 0 20 10
a 961 182 0 25 10
a 961 1937 0 25 3
a 962 1691 0 25 7
a 962 1541 0 3 4
a 963 1975 0 25 1
a 963 644 0 10 3
a 967 91 0 25 2
a 967 1507 0 20 2
a 968 1666 0 25 8
a 968 1152 0 31 5
a 971 311 0 25 9
a 971 895 0 24 2
a 972 638 0 25 6
a 972 1699 0 26 4
a 975 440 0 25 1
a 975 57 0 43 10
a 976 803 0 25 10
a 976 617 0 3 9
a 977 809 0 25 10
a 977 1386 0 20 7
a 981 644 0 25 4
a 981 603 0 27 1
a 983 1407 0 25 7
a 983 632 0 6 9
a 984 1985 0 25 1
a 984 1024 0 16 8
a 986 1498 0 25 4
a 986 1959 0 38 5
a 988 963 0 25 7
a 988 1441 0 29 3
a 992 200 0 25 7
a 992 1084 0 4 3
a 995 1150 0 25 2
a 995 1978 0 30 5
a 996 1115 0 25 2
a 996 1533 0 16 9
a 997 663 0 25 10
a 997 1914 0 12 6
a 1001 920 0 25 4
a 1001 366 0 18 10
a 1005 1461 0 25 3
a 1005 1945 0 25 8
a 1008 713 0 25 6
a 1008 194 0 41 8
a 1009 1849 0 25 5
a 1009 313 0 20 5
a 1010 1070 0 25 5
a 1010 5 0 3 6
a 1012 723 0 25 4
a 1012 1848 0 10 3
a 1016 472 0 25 7
a 1016 275 0 1 9
a 1019 1808 0 25 9
a 1019 1435 0 40 1
a 1023 895 0 25 9
a 1023 690 0 40 8
a 1025 477 0 25 2
a 1025 1124 0 50 4
a 1026 148 0 25 7
a 1026 1859 0 44 1
a 1027 1634 0 25 2
a 1027 462 0 15 7
a 1030 285 0 25 5
a 1030 1350 0 29 3
a 1031 413 0 25 6
a 1031 1413 0 17 5
a 1032 629 0 25 8
a 1032 1662 0 30 7
a 1035 1712 0 25 9
a 1035 79 0 2 9
a 1036 355 0 25 4
a 1036 756 0 31 4
a 1038 1868 0 25 1
a 1038 309 0 8 4
a 1039 344 0 25 5
a 1039 545 0 19 4
a 1040 267 0 25 5
a 1040 25 0 22 7
a 1046 1055 0 25 4
a 1046 1347 0 28 3
a 1048 1917 0 25 6
a 1048 1280 0 47 3
a 1055 1774 0 25 9
a 1055 1388 0 3 10
a 1058 1388 0 25 4
a 1058 360 0 32 5
a 1059 1681 0 25 7
a 1059 51 0 44 10
a 1060 1061 0 25 9
a 1060 1662 0 31 7
a 1061 1238 0 25 3
a 1061 948 0 41 3
a 1062 1489 0 25 6
a 1062 1930 0 9 10
a 1063 1505 0 25 9
a 1063 284 0 23 1
a 1065 1386 0 25 10
a 1065 1933 0 12 6
a 1066 1904 0 25 1
a 1066 1936 0 33 4
a 1070 1624 0 25 4
a 1070 630 0 8 3
a 1071 749 0 25 1
a 1071 425 0 39 7
a 1072 586 0 25 4
a 1072 281 0 25 4
a 1073 793 0 25 1
a 1073 1117 0 31 3
a 1076 1648 0 25 4
a 1076 1629 0 24 3
a 1078 735 0 25 7
a 1078 1283 0 33 5
a 1080 962 0 25 8
a 1080 850 0 28 1
a 1085 840 0 25 6
a 1085 970 0 46 4
a 1086 180 0 25 5
a 1086 728 0 37 10
a 1089 1565 0 25 10
a 1089 1806 0 15 3
a 1091 1445 0 25 3
a 1091 1925 0 12 5
a 1093 1542 0 25 6
a 1093 1193 0 19 9
a 1097 1802 0 25 6
a 1097 1273 0 48 2
a 1100 1108 0 25 5
a 1100 1488 0 29 7
a 1105 672 0 25 6
a 1105 152 0 5 3
a 1107 1424 0 25 10
a 1107 311 0 17 1
a 1108 1030 0 25 7
a 1108 845 0 13 10
a 1113 414 0 25 7
a 1113 66 0 28 10
a 1114 1733 0 25 4
a 1114 1288 0 29 6
a 1115 279 0 25 3
a 1115 203 0 16 9
a 1117 302 0 25 8
a 1117 1056 0 15 4
a 1119 607 0 25 8
a 1119 181 0 15 1
a 1122 1990 0 25 6
a 1122 552 0 44 9
a 1127 724 0 25 3
a 1127 495 0 48 5
a 1135 780 0 25 9
a 1135 138 0 32 4
a 1137 152 0 25 6
a 1137 10 0 26 8
a 1139 1713 0 25 2
a 1139 1247 0 25 9
a 1142 1193 0 25 9
a 1142 1932 0 3 3
a 1143 1938 0 25 4
a 1143 1302 0 11 7
a 1144 1400 0 25 10
a 1144 1547 0 40 2
a 1147 520 0 25 8
a 1147 531 0 25 4
a 1148 1552 0 25 2
a 1148 833 0 35 1
a 1150 1438 0 25 1
a 1150 1726 0 21 1
a 1153 997 0 25 10
a 1153 1184 0 43 8
a 1154 391 0 25 10
a 1154 205 0 25 6
a 1155 1089 0 25 7
a 1155 793 0 44 9
a 1156 871 0 25 7
a 1156 1299 0 26 1
a 1157 1340 0 25 8
a 1157 58 0 12 2
a 1158 700 0 25 1
a 1158 1569 0 4 10
a 1160 960 0 25 1
a 1160 1307 0 49 8
a 1165 688 0 25 9
a 1165 761 0 28 6
a 1170 48 0 25 10
a 1170 43 0 2 2
a 1171 746 0 25 5
a 1171 1151 0 43 9
a 1173 61 0 25 2
a 1173 1123 0 33 4
a 1174 1405 0 25 5
a 1174 1873 0 7 8
a 1176 1270 0 25 7
a 1176 178 0 31 1
a 1177 1921 0 25 9
a 1177 904 0 18 1
a 1179 53 0 25 5
a 1179 295 0 35 2
a 1180 858 0 25 8
a 1180 398 0 45 1
a 1181 516 0 25 7
a 1181 537 0 0 5
a 1182 141 0 25 9
a 1182 1607 0 2 6
a 1184 1267 0 25 1
a 1184 1787 0 33 3
a 1185 508 0 25 6
a 1185 1634 0 2 8
a 1187 913 0 25 1
a 1187 396 0 9 9
a 1188 224 0 25 1
a 1188 1576 0 34 2
a 1189 1243 0 25 10
a 1189 407 0 20 1
a 1191 588 0 25 9
a 1191 1581 0 49 6
a 1193 802 0 25 4
a 1193 1977 0 39 5
a 1194 115 0 25 7
a 1194 1976 0 15 9
a 1197 1926 0 25 10
a 1197 1993 0 49 10
a 1198 701 0 25 10
a 1198 632 0 1 3
a 1199 636 0 25 8
a 1199 956 0 6 5
a 1203 284 0 25 7
a 1203 71 0 46 7
a 1204 510 0 25 6
a 1204 404 0 25 4
a 1207 1204 0 25 8
a 1207 4 0 8 3
a 1209 1866 0 25 8
a 1209 1477 0 48 5
a 1211 492 0 25 7
a 1211 1893 0 50 5
a 1213 1421 0 25 10
a 1213 1366 0 36 4
a 1218 1741 0 25 1
a 1218 196 0 42 4
a 1219 1690 0 25 10
a 1219 1844 0 26 6
a 1220 1881 0 25 6
a 1220 197 0 8 2
a 1221 253 0 25 2
a 1221 454 0 30 2
a 1222 1268 0 25 8
a 1222 824 0 4 5
a 1226 1639 0 25 1
a 1226 1311 0 37 7
a 1227 1871 0 25 8
a 1227 1885 0 47 9
a 1228 1610 0 25 6
a 1228 707 0 28 7
a 1232 862 0 25 1
a 1232 1293 0 40 3
a 1233 1829 0 25 7
a 1233 979 0 4 1
a 1235 1965 0 25 10
a 1235 1110 0 22 3
a 1237 1688 0 25 2
a 1237 985 0 19 8
a 1238 593 0 25 1
a 1238 387 0 46 3
a 1239 1686 0 25 10
a 1239 1451 0 5 10
a 1240 1776 0 25 5
a 1240 266 0 27 8
a 1242 1165 0 25 6
a 1242 1334 0 17 7
a 1243 1794 0 25 7
a 1243 1064 0 8 10
a 1244 1114 0 25 9
a 1244 494 0 33 7
a 1245 1773 0 25 2
a 1245 495 0 18 2
a 1247 188 0 25 2
a 1247 16 0 30 9
a 1249 984 0 25 5
a 1249 903 0 43 1
a 1254 1771 0 25 4
a 1254 485 0 4 9
a 1255 450 0 25 3
a 1255 825 0 32 1
a 1256 689 0 25 9
a 1256 1438 0 19 6
a 1260 1547 0 25 4
a 1260 1092 0 30 10
a 1264 417 0 25 6
a 1264 103 0 10 9
a 1266 899 0 25 9
a 1266 20 0 46 8
a 1267 758 0 25 6
a 1267 1333 0 2 8
a 1268 953 0 25 5
a 1268 849 0 41 2
a 1270 1420 0 25 4
a 1270 908 0 21 10
a 1271 523 0 25 1
a 1271 665 0 35 9
a 1272 23 0 25 6
a 1272 1213 0 13 5
a 1273 1803 0 25 3
a 1273 785 0 21 10
a 1274 1951 0 25 5
a 1274 1103 0 16 2
a 1277 597 0 25 10
a 1277 1995 0 0 3
a 1278 1450 0 25 7
a 1278 1817 0 27 9
a 1280 1188 0 25 2
a 1280 491 0 21 1
a 1282 1242 0 25 2
a 1282 1885 0 11 2
a 1286 1289 0 25 3
a 1286 1690 0 32 5
a 1287 334 0 25 1
a 1287 760 0 36 3
a 1288 1684 0 25 1
a 1288 372 0 2 1
a 1289 733 0 25 10
a 1289 152 0 42 4
a 1291 72 0 25 6
a 1291 835 0 12 2
a 1293 1065 0 25 3
a 1293 1112 0 2 7
a 1294 1237 0 25 5
a 1294 950 0 3 8
a 1296 1752 0 25 1
a 1296 914 0 28 2
a 1297 102 0 25 4
a 1297 524 0 8 7
a 1299 1370 0 25 3
a 1299 1417 0 40 7
a 1301 806 0 25 8
a 1301 1274 0 17 5
a 1304 614 0 25 1
a 1304 1799 0 19 5
a 1305 1932 0 25 7
a 1305 885 0 41 4
a 1307 404 0 25 10
a 1307 1333 0 11 2
a 1309 1620 0 25 6
a 1309 47 0 40 2
a 1310 41 0 25 5
a 1310 692 0 14 4
a 1311 1027 0 25 1
a 1311 585 0 27 7
a 1312 897 0 25 2
a 1312 890 0 29 9
a 1314 1293 0 25 9
a 1314 1484 0 16 10
a 1316 484 0 25 7
a 1316 146 0 15 8
a 1317 1629 0 25 4
a 1317 28 0 50 10
a 1318 1463 0 25 8
a 1318 1556 0 26 3
a 1319 807 0 25 8
a 1319 1526 0 12 1
a 1320 1207 0 25 1
a 1320 1606 0 0 7
a 1321 1587 0 25 6
a 1321 1267 0 24 1
a 1322 1260 0 25 6
a 1322 1967 0 12 3
a 1327 626 0 25 3
a 1327 1533 0 42 7
a 1329 1239 0 25 1
a 1329 1072 0 30 3
a 1330 1606 0 25 10
a 1330 1941 0 9 7
a 1331 452 0 25 5
a 1331 416 0 45 2
a 1333 1747 0 25 4
a 1333 290 0 25 7
a 1334 946 0 25 4
a 1334 24 0 24 4
a 1335 1158 0 25 1
a 1335 683 0 41 5
a 1337 459 0 25 5
a 1337 382 0 8 6
a 1340 483 0 25 4
a 1340 1008 0 7 5
a 1341 1173 0 25 8
a 1341 1826 0 34 5
a 1343 1899 0 25 2
a 1343 972 0 41 5
a 1345 1395 0 25 9
a 1345 1972 0 31 1
a 1346 1819 0 25 7
a 1346 427 0 45 3
a 1347 1670 0 25 1
a 1347 359 0 20 4
a 1350 1287 0 25 9
a 1350 878 0 12 1
a 1351 900 0 25 8
a 1351 1978 0 41 3
a 1353 77 0 25 6
a 1353 1633 0 37 8
a 1354 486 0 25 4
a 1354 10 0 42 7
a 1355 737 0 25 3
a 1355 299 0 18 9
a 1356 540 0 25 9
a 1356 1919 0 49 2
a 1361 31 0 25 3
a 1361 927 0 34 1
a 1362 379 0 25 7
a 1362 1403 0 19 3
a 1363 1621 0 25 5
a 1363 422 0 2 8
a 1369 383 0 25 9
a 1369 68 0 11 3
a 1370 460 0 25 8
a 1370 497 0 41 2
a 1372 1952 0 25 10
a 1372 125 0 40 3
a 1373 1762 0 25 10
a 1373 451 0 45 7
a 1375 1760 0 25 4
a 1375 1652 0 30 5
a 1376 1911 0 25 9
a 1376 1031 0 42 8
a 1378 538 0 25 3
a 1378 766 0 31 6
a 1384 1918 0 25 2
a 1384 138 0 0 3
a 1386 399 0 25 7
a 1386 343 0 6 3
a 1388 1086 0 25 9
a 1388 299 0 10 1
a 1389 577 0 25 4
a 1389 365 0 16 5
a 1391 1903 0 25 9
a 1391 453 0 7 3
a 1393 1573 0 25 6
a 1393 1871 0 33 2
a 1395 156 0 25 5
a 1395 1942 0 34 9
a 1396 730 0 25 5
a 1396 161 0 3 6
a 1398 1046 0 25 7
a 1398 1349 0 25 7
a 1399 1316 0 25 2
a 1399 334 0 17 10
a 1400 952 0 25 5
a 1400 1266 0 19 7
a 1402 1655 0 25 4
a 1402 818 0 30 9
a 1405 1351 0 25 10
a 1405 1740 0 15 4
a 1407 1682 0 25 2
a 1407 829 0 38 10
a 1408 13 0 25 9
a 1408 1229 0 41 2
a 1413 190 0 25 9
a 1413 1360 0 13 8
a 1415 1148 0 25 2
a 1415 149 0 8 10
a 1417 212 0 25 4
a 1417 1282 0 20 3
a 1419 691 0 25 8
a 1419 926 0 13 8
a 1420 10 0 25 3
a 1420 97 0 38 5
a 1421 544 0 25 3
a 1421 1087 0 39 7
a 1422 988 0 25 9
a 1422 1541 0 14 9
a 1423 20 0 25 7
a 1423 1159 0 2 10
a 1424 143 0 25 5
a 1424 1834 0 9 10
a 1425 382 0 25 4
a 1425 283 0 26 8
a 1435 1532 0 25 2
a 1435 1787 0 30 3
a 1438 605 0 25 6
a 1438 631 0 21 10
a 1441 1425 0 25 4
a 1441 687 0 24 8
a 1443 1978 0 25 1
a 1443 1338 0 9 9
a 1445 1716 0 25 10
a 1445 1757 0 40 2
a 1450 1839 0 25 1
a 1450 1006 0 27 6
a 1451 1574 0 25 6
a 1451 1448 0 6 5
a 1452 1801 0 25 4
a 1452 1238 0 46 6
a 1460 1307 0 25 10
a 1460 1309 0 25 3
a 1461 1617 0 25 9
a 1461 1438 0 47 5
a 1462 1319 0 25 4
a 1462 234 0 40 9
a 1463 942 0 25 5
a 1463 1849 0 31 8
a 1467 1821 0 25 10
a 1467 1172 0 46 9
a 1469 87 0 25 1
a 1469 247 0 7 6
a 1471 59 0 25 2
a 1471 1016 0 21 2
a 1473 171 0 25 2
a 1473 1184 0 7 3
a 1475 289 0 25 9
a 1475 238 0 39 1
a 1476 1408 0 25 3
a 1476 568 0 19 1
a 1479 30 0 25 2
a 1479 1943 0 35 1
a 1481 869 0 25 9
a 1481 1245 0 47 1
a 1486 1731 0 25 9
a 1486 1765 0 12 10
a 1489 133 0 25 5
a 1489 880 0 6 6
a 1491 39 0 25 4
a 1491 263 0 5 7
a 1494 971 0 25 4
a 1494 1735 0 6 2
a 1495 1393 0 25 5
a 1495 886 0 50 8
a 1497 64 0 25 6
a 1497 445 0 10 6
a 1498 1908 0 25 9
a 1498 390 0 23 2
a 1501 1742 0 25 3
a 1501 574 0 46 3
a 1504 210 0 25 9
a 1504 1687 0 8 4
a 1505 1737 0 25 10
a 1505 1831 0 24 7
a 1506 1402 0 25 4
a 1506 1069 0 17 10
a 1507 889 0 25 5
a 1507 68 0 49 9
a 1509 550 0 25 8
a 1509 663 0 35 9
a 1512 631 0 25 6
a 1512 421 0 15 5
a 1513 1494 0 25 7
a 1513 967 0 49 10
a 1515 552 0 25 1
a 1515 213 0 35 2
a 1516 1964 0 25 8
a 1516 735 0 46 4
a 1517 1174 0 25 7
a 1517 97 0 23 8
a 1518 1040 0 25 6
a 1518 1291 0 6 4
a 1519 288 0 25 4
a 1519 1175 0 43 5
a 1521 105 0 25 5
a 1521 937 0 5 9
a 1522 1471 0 25 1
a 1522 649 0 41 8
a 1527 82 0 25 4
a 1527 718 0 1 5
a 1528 1992 0 25 1
a 1528 1174 0 46 3
a 1532 1804 0 25 9
a 1532 1799 0 48 10
a 1540 681 0 25 3
a 1540 306 0 32 2
a 1541 569 0 25 5
a 1541 1786 0 11 7
a 1542 1219 0 25 7
a 1542 470 0 27 5
a 1544 36 0 25 3
a 1544 330 0 37 4
a 1546 447 0 25 8
a 1546 489 0 7 1
a 1547 532 0 25 9
a 1547 1568 0 13 10
a 1552 1211 0 25 8
a 1552 267 0 48 1
a 1554 328 0 25 6
a 1554 1857 0 17 6
a 1556 1956 0 25 8
a 1556 709 0 40 1
a 1562 249 0 25 5
a 1562 1044 0 46 3
a 1564 957 0 25 5
a 1564 567 0 4 4
a 1565 1264 0 25 8
a 1565 575 0 38 2
a 1566 138 0 25 6
a 1566 915 0 30 2
a 1568 337 0 25 2
a 1568 1012 0 31 5
a 1569 69 0 25 9
a 1569 326 0 29 4
a 1572 68 0 25 6
a 1572 1347 0 22 5
a 1573 1010 0 25 1
a 1573 1667 0 0 2
a 1574 1032 0 25 9
a 1574 1160 0 1 1
a 1576 961 0 25 10
a 1576 104 0 11 2
a 1580 1982 0 25 8
a 1580 623 0 42 5
a 1582 1001 0 25 3
a 1582 1383 0 29 6
a 1583 856 0 25 10
a 1583 1592 0 39 5
a 1585 824 0 25 2
a 1585 1630 0 40 9
a 1587 1353 0 25 5
a 1587 611 0 46 7
a 1592 386 0 25 4
a 1592 70 0 24 6
a 1596 992 0 25 8
a 1596 1669 0 42 6
a 1597 2000 0 25 3
a 1597 1286 0 25 2
a 1600 1580 0 25 10
a 1600 631 0 33 4
a 1601 833 0 25 3
a 1601 1817 0 29 7
a 1605 165 0 25 10
a 1605 1624 0 29 8
a 1606 1282 0 25 5
a 1606 1708 0 23 5
a 1608 297 0 25 3
a 1608 1747 0 12 1
a 1610 1318 0 25 10
a 1610 1594 0 22 1
a 1614 1170 0 25 6
a 1614 1780 0 12 4
a 1616 15 0 25 6
a 1616 508 0 30 6
a 1617 377 0 25 3
a 1617 373 0 41 9
a 1618 1093 0 25 6
a 1618 1702 0 2 7
a 1620 972 0 25 7
a 1620 1567 0 47 4
a 1621 847 0 25 4
a 1621 1479 0 6 5
a 1622 468 0 25 10
a 1622 796 0 39 8
a 1624 1039 0 25 9
a 1624 1364 0 17 9
a 1625 1739 0 25 4
a 1625 1287 0 50 8
a 1629 1719 0 25 3
a 1629 1878 0 38 6
a 1630 986 0 25 2
a 1630 272 0 3 2
a 1634 1991 0 25 2
a 1634 989 0 25 9
a 1636 163 0 25 3
a 1636 1069 0 18 8
a 1639 766 0 25 1
a 1639 1856 0 18 9
a 1643 1986 0 25 2
a 1643 1403 0 16 9
a 1647 1909 0 25 2
a 1647 858 0 45 10
a 1648 1947 0 25 5
a 1648 1196 0 41 5
a 1650 996 0 25 7
a 1650 147 0 40 5
a 1651 563 0 25 6
a 1651 974 0 19 8
a 1652 640 0 25 9
a 1652 42 0 1 8
a 1655 225 0 25 4
a 1655 1323 0 29 3
a 1656 977 0 25 7
a 1656 696 0 13 6
a 1658 1413 0 25 1
a 1658 110 0 7 3
a 1661 1135 0 25 10
a 1661 487 0 12 3
a 1665 295 0 25 6
a 1665 463 0 32 9
a 1666 981 0 25 10
a 1666 1336 0 41 10
a 1667 1880 0 25 4
a 1667 46 0 16 6
a 1668 595 0 25 7
a 1668 448 0 25 3
a 1669 32 0 25 6
a 1669 970 0 10 9
a 1670 712 0 25 6
a 1670 409 0 35 2
a 1673 58 0 25 9
a 1673 1572 0 2 10
a 1676 573 0 25 1
a 1676 1747 0 42 1
a 1679 1942 0 25 7
a 1679 1285 0 3 4
a 1680 1266 0 25 6
a 1680 188 0 28 5
a 1681 1521 0 25 3
a 1681 471 0 21 7
a 1682 1845 0 25 10
a 1682 873 0 29 8
a 1683 545 0 25 1
a 1683 505 0 28 7
a 1684 1777 0 25 1
a 1684 1361 0 50 6
a 1686 339 0 25 1
a 1686 1364 0 0 1
a 1687 1019 0 25 4
a 1687 75 0 26 9
a 1688 1622 0 25 9
a 1688 1360 0 17 1
a 1690 1305 0 25 1
a 1690 420 0 19 9
a 1691 590 0 25 1
a 1691 1275 0 32 6
a 1692 1630 0 25 6
a 1692 176 0 10 9
a 1694 907 0 25 1
a 1694 1731 0 0 7
a 1696 612 0 25 8
a 1696 1893 0 31 9
a 1697 1576 0 25 3
a 1697 1817 0 22 1
a 1699 1185 0 25 4
a 1699 1711 0 2 8
a 1701 256 0 25 3
a 1701 886 0 3 9
a 1702 1852 0 25 1
a 1702 1968 0 3 7
a 1706 715 0 25 3
a 1706 1448 0 46 4
a 1709 424 0 25 3
a 1709 674 0 14 5
a 1712 1184 0 25 1
a 1712 1778 0 8 1
a 1713 1023 0 25 6
a 1713 1543 0 0 8
a 1714 692 0 25 6
a 1714 386 0 43 4
a 1716 1601 0 25 2
a 1716 982 0 40 2
a 1717 1187 0 25 8
a 1717 1629 0 7 5
a 1718 81 0 25 2
a 1718 1080 0 20 6
a 1719 719 0 25 5
a 1719 82 0 9 2
a 1720 1756 0 25 8
a 1720 278 0 26 7
a 1723 1435 0 25 3
a 1723 936 0 25 2
a 1724 698 0 25 4
a 1724 1494 0 32 1
a 1726 811 0 25 7
a 1726 391 0 9 6
a 1731 1189 0 25 7
a 1731 1376 0 25 9
a 1733 1247 0 25 5
a 1733 1974 0 25 9
a 1734 1616 0 25 1
a 1734 1737 0 6 8
a 1735 1363 0 25 9
a 1735 1932 0 47 4
a 1736 245 0 25 6
a 1736 51 0 36 3
a 1737 1297 0 25 2
a 1737 37 0 45 5
a 1739 1288 0 25 9
a 1739 1632 0 40 1
a 1740 474 0 25 3
a 1740 170 0 37 2
a 1741 1652 0 25 1
a 1741 1377 0 6 3
a 1742 1636 0 25 9
a 1742 451 0 11 6
a 1745 1901 0 25 4
a 1745 1723 0 48 5
a 1747 574 0 25 8
a 1747 682 0 2 1
a 1750 455 0 25 2
a 1750 975 0 41 6
a 1752 1391 0 25 9
a 1752 500 0 12 3
a 1755 1071 0 25 1
a 1755 1236 0 39 2
a 1756 955 0 25 7
a 1756 1331 0 34 4
a 1757 883 0 25 8
a 1757 1475 0 29 7
a 1760 547 0 25 9
a 1760 783 0 46 3
a 1762 1718 0 25 8
a 1762 1435 0 39 2
a 1765 1157 0 25 2
a 1765 867 0 44 10
a 1766 1755 0 25 4
a 1766 1074 0 17 7
a 1767 1833 0 25 1
a 1767 560 0 1 8
a 1771 421 0 25 4
a 1771 814 0 33 6
a 1773 1625 0 25 5
a 1773 75 0 16 1
a 1774 186 0 25 7
a 1774 339 0 21 5
a 1775 1144 0 25 7
a 1775 357 0 14 3
a 1776 268 0 25 1
a 1776 400 0 29 3
a 1777 1066 0 25 3
a 1777 1555 0 24 3
a 1780 651 0 25 7
a 1780 1635 0 29 1
a 1785 218 0 25 7
a 1785 1617 0 15 9
a 1787 1347 0 25 3
a 1787 1485 0 23 4
a 1792 140 0 25 8
a 1792 674 0 46 6
a 1794 1945 0 25 4
a 1794 709 0 39 6
a 1796 309 0 25 5
a 1796 1385 0 27 10
a 1801 1877 0 25 7
a 1801 1952 0 15 9
a 1802 820 0 25 7
a 1802 1394 0 25 10
a 1803 1506 0 25 5
a 1803 1084 0 44 1
a 1804 581 0 25 5
a 1804 545 0 40 7
a 1805 901 0 25 2
a 1805 1722 0 32 9
a 1806 409 0 25 6
a 1806 541 0 24 8
a 1808 1865 0 25 10
a 1808 1650 0 4 8
a 1819 1179 0 25 7
a 1819 510 0 18 10
a 1821 96 0 25 7
a 1821 355 0 49 1
a 1829 28 0 25 7
a 1829 1162 0 40 9
a 1833 1060 0 25 6
a 1833 558 0 21 8
a 1835 170 0 25 8
a 1835 585 0 4 10
a 1836 1218 0 25 1
a 1836 449 0 44 2
a 1839 1673 0 25 6
a 1839 1399 0 43 9
a 1841 211 0 25 8
a 1841 1361 0 42 10
a 1845 168 0 25 4
a 1845 994 0 17 9
a 1847 80 0 25 4
a 1847 853 0 9 1
a 1849 1291 0 25 1
a 1849 1652 0 33 7
a 1852 1862 0 25 8
a 1852 1000 0 48 10
a 1854 1540 0 25 7
a 1854 1072 0 21 8
a 1855 902 0 25 10
a 1855 1754 0 44 3
a 1858 1244 0 25 10
a 1858 419 0 0 6
a 1859 1519 0 25 8
a 1859 184 0 0 6
a 1862 76 0 25 6
a 1862 516 0 27 9
a 1865 958 0 25 10
a 1865 1070 0 3 2
a 1866 219 0 25 9
a 1866 585 0 25 9
a 1868 529 0 25 10
a 1868 786 0 31 6
a 1871 239 0 25 4
a 1871 1379 0 49 1
a 1873 503 0 25 3
a 1873 1232 0 35 2
a 1877 551 0 25 10
a 1877 336 0 48 9
a 1879 1097 0 25 9
a 1879 1822 0 32 7
a 1880 1378 0 25 2
a 1880 949 0 31 10
a 1881 658 0 25 4
a 1881 1497 0 47 1
a 1882 380 0 25 7
a 1882 1949 0 24 9
a 1885 649 0 25 7
a 1885 30 0 50 3
a 1886 1855 0 25 6
a 1886 1170 0 11 3
a 1896 1724 0 25 8
a 1896 629 0 36 4
a 1899 859 0 25 7
a 1899 280 0 5 9
a 1901 1038 0 25 9
a 1901 851 0 48 10
a 1903 1501 0 25 3
a 1903 577 0 44 5
a 1904 1859 0 25 5
a 1904 456 0 18 2
a 1908 283 0 25 10
a 1908 1803 0 14 9
a 1909 1896 0 25 8
a 1909 291 0 44 10
a 1910 567 0 25 4
a 1910 124 0 41 10
a 1911 1486 0 25 4
a 1911 1859 0 42 1
a 1917 497 0 25 5
a 1917 1484 0 19 6
a 1918 822 0 25 8
a 1918 1099 0 39 9
a 1919 109 0 25 5
a 1919 1476 0 3 2
a 1921 278 0 25 2
a 1921 1485 0 24 5
a 1923 1997 0 25 9
a 1923 29 0 27 3
a 1924 1194 0 25 3
a 1924 395 0 3 7
a 1925 364 0 25 1
a 1925 1003 0 7 9
a 1926 1362 0 25 7
a 1926 1268 0 19 8
a 1929 967 0 25 1
a 1929 1659 0 12 1
a 1932 1177 0 25 9
a 1932 1634 0 42 3
a 1933 84 0 25 4
a 1933 1575 0 5 7
a 1935 1398 0 25 5
a 1935 1643 0 2 9
a 1938 572 0 25 7
a 1938 424 0 3 8
a 1939 353 0 25 1
a 1939 1492 0 29 10
a 1941 870 0 25 1
a 1941 1074 0 34 10
a 1942 1271 0 25 6
a 1942 1937 0 33 9
a 1943 274 0 25 2
a 1943 1857 0 37 2
a 1945 1322 0 25 2
a 1945 16 0 38 5
a 1947 192 0 25 3
a 1947 1094 0 21 2
a 1949 1796 0 25 10
a 1949 1615 0 48 5
a 1951 1605 0 25 5
a 1951 75 0 5 9
a 1952 794 0 25 1
a 1952 60 0 18 6
a 1953 1836 0 25 4
a 1953 470 0 14 10
a 1954 415 0 25 5
a 1954 529 0 17 9
a 1956 1320 0 25 5
a 1956 95 0 19 7
a 1957 995 0 25 8
a 1957 986 0 41 1
a 1960 63 0 25 1
a 1960 1237 0 24 9
a 1964 17 0 25 3
a 1964 1154 0 40 6
a 1965 1546 0 25 9
a 1965 1218 0 49 2
a 1966 422 0 25 2
a 1966 866 0 16 8
a 1968 528 0 25 10
a 1968 1238 0 14 4
a 1972 571 0 25 6
a 1972 1946 0 38 8
a 1974 216 0 25 10
a 1974 424 0 32 5
a 1975 444 0 25 8
a 1975 1685 0 34 2
a 1978 622 0 25 3
a 1978 1522 0 27 5
a 1981 880 0 25 6
a 1981 798 0 0 5
a 1982 827 0 25 5
a 1982 637 0 31 1
a 1983 732 0 25 10
a 1983 953 0 26 2
a 1984 846 0 25 10
a 1984 1242 0 50 9
a 1985 1835 0 25 3
a 1985 1558 0 25 3
a 1986 1048 0 25 9
a 1986 111 0 37 7
a 1988 517 0 25 3
a 1988 1419 0 0 10
a 1990 1160 0 25 3
a 1990 1570 0 35 3
a 1991 1805 0 25 8
a 1991 1303 0 38 7
a 1992 244 0 25 3
a 1992 463 0 50 10
a 1994 397 0 25 7
a 1994 1758 0 42 1
a 1996 1389 0 25 6
a 1996 1540 0 5 7
a 1997 1280 0 25 4
a 1997 1039 0 3 8
