c PyNETGEN v1.0.0
c $ pip install pynetgen
c
c  NETGEN flow network generation algorithm
c  Problem input parameters
c  -------------------------------------
c   Random seed:          10
c   Number of nodes:      2000
c   Source nodes:         2
c   Sink nodes:           2
c   Number of arcs:       4000
c   Minimum arc cost:     1
c   Maximum arc cost:     10
c   Total supply:         50
c   Transshipment -
c     Sources:            0
c     Sinks:              0
c   Skeleton arcs -
c     With max cost:      0
c     Capacitated:        100
c   Minimum arc capacity: 0
c   Maximum arc capacity: 50
c
c  *** Minimum cost flow ***
c
p min 2000 4000
n 1 44
n 2 6
n 1999 -26
n 2000 -24
a 1 1349 0 44 9
a 1 1036 0 30 4
a 1 1478 0 49 4
a 3 487 0 44 8
a 3 1479 0 27 1
a 6 1296 0 44 5
a 6 274 0 20 3
a 6 399 0 10 4
a 8 1657 0 44 3
a 8 1757 0 11 7
a 9 849 0 44 7
a 9 1398 0 30 1
a 10 621 0 44 4
a 10 164 0 31 8
a 12 238 0 44 6
a 12 1686 0 38 9
a 12 1801 0 14 1
a 14 826 0 44 9
a 14 1317 0 37 1
a 18 809 0 44 3
a 18 1912 0 10 1
a 18 615 0 5 6
a 19 1190 0 44 6
a 19 1523 0 43 7
a 20 284 0 44 8
a 20 454 0 8 4
a 22 977 0 44 9
a 22 441 0 2 2
a 25 1914 0 44 9
a 25 686 0 41 9
a 27 62 0 44 8
a 27 600 0 33 8
a 31 1644 0 44 5
a 31 801 0 43 2
a 34 9 0 44 1
a 34 270 0 22 3
a 35 1892 0 44 3
a 35 1504 0 43 4
a 36 471 0 44 6
a 36 1984 0 8 6
a 39 1506 0 44 8
a 39 1772 0 13 3
a 42 1347 0 44 5
a 42 352 0 8 4
a 43 1677 0 44 5
a 43 403 0 43 6
a 44 1793 0 44 8
a 44 1198 0 35 3
a 46 1024 0 44 1
a 46 1892 0 13 7
a 49 582 0 44 3
a 49 1444 0 41 10
a 51 1770 0 44 6
a 51 1170 0 7 1
a 54 875 0 44 7
a 54 239 0 31 9
a 59 671 0 44 1
a 59 1492 0 12 9
a 62 1519 0 44 8
a 62 1479 0 47 6
a 63 1026 0 44 3
a 63 405 0 18 3
a 64 191 0 44 8
a 64 1872 0 44 3
a 65 398 0 44 5
a 65 1223 0 41 9
a 66 1387 0 44 10
a 66 1708 0 10 7
a 67 1827 0 44 10
a 67 1243 0 25 4
a 69 256 0 44 6
a 69 853 0 39 8
a 70 726 0 44 7
a 70 802 0 16 10
a 73 1669 0 44 6
a 73 1331 0 35 4
a 74 1652 0 44 4
a 74 1018 0 40 2
a 77 615 0 44 4
a 77 1830 0 2 2
a 78 340 0 44 1
a 78 1589 0 32 2
a 81 1100 0 44 2
a 81 1405 0 15 1
a 82 624 0 44 4
a 82 1368 0 6 3
a 83 790 0 44 9
a 83 742 0 50 6
a 85 1201 0 44 7
a 85 422 0 30 4
a 87 1517 0 44 1
a 87 964 0 40 9
a 90 491 0 44 6
a 90 1440 0 13 2
a 91 1200 0 44 3
a 91 1344 0 45 4
a 93 932 0 44 5
a 93 1257 0 22 7
a 94 477 0 44 5
a 94 578 0 2 9
a 96 1514 0 44 1
a 96 1405 0 19 8
a 97 1879 0 44 1
a 97 1768 0 25 10
a 99 1528 0 44 9
a 99 1354 0 38 3
a 103 510 0 44 2
a 103 1178 0 28 8
a 107 1152 0 44 4
a 107 1735 0 15 2
a 108 1513 0 44 5
a 108 1633 0 28 6
a 109 1205 0 44 2
a 109 733 0 32 3
a 110 756 0 44 1
a 110 1349 0 25 7
a 114 1331 0 44 2
a 114 1625 0 21 3
a 119 1142 0 44 6
a 119 1959 0 3 10
a 121 999 0 44 1
a 121 1666 0 15 3
a 124 64 0 44 2
a 124 1363 0 3 6
a 127 51 0 44 10
a 127 1409 0 12 4
a 129 966 0 44 9
a 129 576 0 28 5
a 134 1429 0 44 1
a 134 204 0 40 10
a 135 192 0 44 7
a 135 1590 0 8 2
a 139 1673 0 44 7
a 139 1278 0 35 3
a 142 1798 0 44 4
a 142 1154 0 32 5
a 145 1851 0 44 4
a 145 361 0 31 6
a 146 1277 0 44 1
a 146 1930 0 15 6
a 150 1899 0 44 4
a 150 623 0 8 6
a 151 891 0 44 2
a 151 684 0 1 2
a 152 978 0 44 9
a 152 1521 0 13 9
a 155 1987 0 44 1
a 155 1803 0 48 7
a 163 1252 0 44 9
a 163 1039 0 46 3
a 169 1210 0 44 7
a 169 1377 0 30 5
a 170 1836 0 44 2
a 170 299 0 36 8
a 171 606 0 44 8
a 171 254 0 30 8
a 173 447 0 44 3
a 173 889 0 31 2
a 174 1565 0 44 7
a 174 1334 0 31 3
a 178 705 0 44 6
a 178 1314 0 10 9
a 180 1328 0 44 3
a 180 1658 0 44 2
a 181 591 0 44 2
a 181 468 0 25 7
a 182 1553 0 44 6
a 182 957 0 27 8
a 186 311 0 44 9
a 186 577 0 43 5
a 188 838 0 44 1
a 188 67 0 38 6
a 190 1825 0 44 7
a 190 967 0 14 10
a 191 1372 0 44 4
a 191 146 0 26 6
a 192 1522 0 44 7
a 192 1948 0 5 5
a 193 1852 0 44 4
a 193 1033 0 33 7
a 203 569 0 44 6
a 203 792 0 18 3
a 204 637 0 44 9
a 204 598 0 41 3
a 210 1995 0 44 2
a 210 46 0 2 4
a 211 620 0 44 10
a 211 1270 0 37 8
a 214 933 0 44 4
a 214 633 0 1 4
a 215 1113 0 44 10
a 215 734 0 41 6
a 217 1132 0 44 8
a 217 408 0 10 7
a 219 544 0 44 2
a 219 270 0 35 6
a 221 103 0 44 3
a 221 1217 0 5 3
a 225 446 0 44 7
a 225 1128 0 39 6
a 227 1005 0 44 2
a 227 965 0 12 5
a 230 767 0 44 3
a 230 1451 0 45 6
a 233 221 0 44 2
a 233 1884 0 40 10
a 237 3 0 44 2
a 237 627 0 41 4
a 238 1967 0 44 10
a 238 1955 0 16 4
a 239 1269 0 44 6
a 239 723 0 36 10
a 240 1480 0 44 1
a 240 679 0 8 9
a 242 422 0 44 1
a 242 1709 0 31 5
a 243 500 0 44 5
a 243 1539 0 7 3
a 244 237 0 44 2
a 244 1502 0 37 1
a 247 1424 0 44 6
a 247 1588 0 5 7
a 249 1877 0 44 1
a 249 695 0 2 3
a 254 678 0 44 1
a 254 1938 0 34 9
a 255 1363 0 44 1
a 255 673 0 46 8
a 256 1691 0 44 4
a 256 1402 0 10 8
a 261 368 0 44 8
a 261 97 0 6 7
a 264 747 0 44 1
a 264 425 0 41 9
a 267 665 0 44 5
a 267 846 0 44 3
a 268 1588 0 44 8
a 268 970 0 8 6
a 272 1045 0 44 9
a 272 575 0 50 5
a 278 817 0 44 7
a 278 806 0 18 1
a 279 841 0 44 9
a 279 1225 0 47 6
a 281 332 0 44 9
a 281 1452 0 22 9
a 283 1893 0 44 5
a 283 1855 0 17 10
a 284 1278 0 44 8
a 284 271 0 28 1
a 286 1484 0 44 3
a 286 570 0 24 9
a 287 1624 0 44 6
a 287 60 0 23 2
a 290 1250 0 44 5
a 290 1873 0 20 10
a 291 1819 0 44 8
a 291 1499 0 47 3
a 293 912 0 44 3
a 293 1436 0 41 6
a 294 499 0 44 7
a 294 387 0 46 9
a 295 612 0 44 2
a 295 1701 0 26 2
a 297 496 0 44 4
a 297 1994 0 13 1
a 299 642 0 44 3
a 299 1075 0 20 10
a 300 835 0 44 7
a 300 648 0 46 7
a 301 757 0 44 5
a 301 575 0 11 6
a 302 1288 0 44 10
a 302 1349 0 22 6
a 303 310 0 44 7
a 303 1586 0 16 4
a 304 1690 0 44 8
a 304 1384 0 37 4
a 306 1156 0 44 7
a 306 1076 0 44 10
a 307 1556 0 44 5
a 307 983 0 33 9
a 308 1098 0 44 3
a 308 935 0 4 4
a 310 1757 0 44 6
a 310 1550 0 18 1
a 311 1326 0 44 7
a 311 252 0 20 10
a 312 864 0 44 3
a 312 886 0 20 2
a 319 511 0 44 5
a 319 1720 0 12 7
a 320 468 0 44 5
a 320 754 0 37 10
a 321 779 0 44 1
a 321 298 0 50 2
a 327 293 0 44 7
a 327 864 0 50 4
a 328 1971 0 44 10
a 328 1152 0 22 3
a 330 1678 0 44 4
a 330 364 0 36 4
a 331 890 0 44 4
a 331 184 0 11 1
a 332 524 0 44 4
a 332 66 0 5 2
a 334 710 0 44 9
a 334 598 0 31 4
a 335 881 0 44 10
a 335 240 0 13 7
a 338 884 0 44 1
a 338 1255 0 42 8
a 339 868 0 44 3
a 339 280 0 45 5
a 340 1990 0 44 3
a 340 1926 0 8 2
a 344 1018 0 44 4
a 344 1717 0 43 1
a 346 608 0 44 6
a 346 661 0 16 3
a 347 1902 0 44 9
a 347 969 0 45 1
a 348 1223 0 44 3
a 348 1712 0 23 10
a 350 204 0 44 8
a 350 120 0 16 10
a 351 6 0 44 3
a 351 712 0 20 8
a 352 886 0 44 10
a 352 410 0 41 5
a 359 1055 0 44 9
a 359 310 0 25 6
a 362 1511 0 44 3
a 362 1281 0 40 10
a 368 785 0 44 2
a 368 467 0 42 9
a 370 806 0 44 7
a 370 1032 0 43 3
a 375 607 0 44 5
a 375 281 0 1 3
a 378 230 0 44 5
a 378 1286 0 35 6
a 379 1728 0 44 8
a 379 501 0 12 7
a 380 687 0 44 2
a 380 1228 0 35 6
a 383 1438 0 44 1
a 383 1160 0 37 8
a 384 1109 0 44 10
a 384 651 0 11 7
a 385 1122 0 44 8
a 385 976 0 12 8
a 387 1081 0 44 5
a 387 511 0 24 3
a 388 1116 0 44 3
a 388 309 0 4 8
a 389 1191 0 44 10
a 389 437 0 28 6
a 390 1984 0 44 4
a 390 1198 0 43 1
a 393 1646 0 44 10
a 393 1103 0 25 4
a 394 1419 0 44 4
a 394 1008 0 30 10
a 396 350 0 44 2
a 396 1431 0 43 4
a 397 1287 0 44 3
a 397 941 0 46 10
a 398 249 0 44 4
a 398 1269 0 33 8
a 400 1267 0 44 6
a 400 691 0 41 4
a 402 1803 0 44 4
a 402 931 0 32 7
a 405 807 0 44 9
a 405 794 0 24 7
a 412 913 0 44 4
a 412 1671 0 34 2
a 413 1650 0 44 2
a 413 1019 0 41 8
a 416 94 0 44 4
a 416 1551 0 0 7
a 422 1254 0 44 4
a 422 768 0 28 3
a 426 845 0 44 3
a 426 996 0 5 1
a 427 1545 0 44 4
a 427 1516 0 47 9
a 429 552 0 44 2
a 429 150 0 49 2
a 431 1569 0 44 4
a 431 1178 0 20 1
a 437 1933 0 44 3
a 437 1202 0 10 9
a 439 1992 0 44 2
a 439 112 0 49 6
a 441 643 0 44 7
a 441 1928 0 0 7
a 445 873 0 44 1
a 445 579 0 38 3
a 446 1922 0 44 3
a 446 140 0 26 10
a 447 866 0 44 7
a 447 1785 0 42 2
a 448 980 0 44 9
a 448 831 0 44 2
a 456 1308 0 44 9
a 456 89 0 42 9
a 457 906 0 44 8
a 457 43 0 11 1
a 459 764 0 44 3
a 459 1231 0 32 3
a 465 895 0 44 10
a 465 1841 0 3 6
a 467 1187 0 44 10
a 467 546 0 0 10
a 468 1679 0 44 3
a 468 1713 0 14 1
a 471 264 0 44 7
a 471 797 0 42 10
a 473 768 0 44 10
a 473 233 0 36 1
a 475 1596 0 44 2
a 475 63 0 15 4
a 477 990 0 44 3
a 477 1382 0 0 6
a 478 663 0 44 5
a 478 1133 0 39 1
a 480 1868 0 44 8
a 480 1168 0 21 1
a 481 1038 0 44 10
a 481 75 0 18 1
a 487 1537 0 44 9
a 487 180 0 46 4
a 488 215 0 44 8
a 488 626 0 24 4
a 489 1713 0 44 9
a 489 1929 0 29 1
a 491 1389 0 44 9
a 491 1840 0 0 2
a 492 1911 0 44 6
a 492 3 0 2 1
a 495 281 0 44 5
a 495 1938 0 2 6
a 496 268 0 44 7
a 496 1178 0 2 10
a 499 1808 0 44 1
a 499 1400 0 38 5
a 500 188 0 44 6
a 500 180 0 16 4
a 502 1124 0 44 3
a 502 1208 0 0 3
a 504 1130 0 44 5
a 504 1203 0 45 9
a 505 568 0 44 10
a 505 1597 0 3 8
a 506 1743 0 44 3
a 506 264 0 23 4
a 507 1011 0 44 3
a 507 1013 0 19 10
a 510 989 0 44 9
a 510 1948 0 2 6
a 511 1564 0 44 4
a 511 1950 0 3 3
a 515 39 0 44 7
a 515 433 0 0 6
a 516 1575 0 44 2
a 516 1708 0 36 8
a 518 616 0 44 6
a 518 1962 0 13 6
a 524 876 0 44 7
a 524 15 0 32 5
a 525 947 0 44 8
a 525 132 0 49 6
a 526 1243 0 44 2
a 526 14 0 8 5
a 527 769 0 44 6
a 527 1622 0 38 8
a 528 1997 0 44 5
a 528 910 0 44 9
a 531 110 0 44 5
a 531 1420 0 39 1
a 532 385 0 44 3
a 532 437 0 28 7
a 536 1859 0 44 9
a 536 1235 0 16 5
a 538 1179 0 44 8
a 538 870 0 42 1
a 539 667 0 44 3
a 539 339 0 31 2
a 540 261 0 44 5
a 540 1753 0 8 10
a 542 1343 0 44 6
a 542 1067 0 47 6
a 544 1030 0 44 2
a 544 1843 0 44 5
a 546 286 0 44 10
a 546 1023 0 22 2
a 547 787 0 44 1
a 547 49 0 0 7
a 551 644 0 44 5
a 551 1716 0 28 9
a 552 1025 0 44 4
a 552 609 0 45 8
a 554 1935 0 44 3
a 554 1674 0 24 8
a 557 693 0 44 8
a 557 80 0 34 5
a 563 1695 0 44 10
a 563 1969 0 26 2
a 567 243 0 44 8
a 567 603 0 38 6
a 568 1794 0 44 1
a 568 1618 0 46 2
a 569 1698 0 44 3
a 569 970 0 0 8
a 570 1104 0 44 2
a 570 1832 0 44 7
a 571 254 0 44 5
a 571 1888 0 7 2
a 572 279 0 44 9
a 572 1078 0 40 7
a 579 278 0 44 8
a 579 1513 0 21 2
a 582 810 0 44 7
a 582 1939 0 44 10
a 583 852 0 44 5
a 583 1328 0 31 3
a 584 505 0 44 8
a 584 223 0 42 1
a 587 968 0 44 7
a 587 1989 0 44 9
a 588 570 0 44 9
a 588 976 0 35 5
a 591 1443 0 44 6
a 591 8 0 24 9
a 592 638 0 44 5
a 592 203 0 38 9
a 597 1547 0 44 4
a 597 1967 0 0 3
a 598 383 0 44 9
a 598 1609 0 48 1
a 599 1174 0 44 1
a 599 427 0 18 3
a 600 1107 0 44 5
a 600 681 0 42 5
a 601 1629 0 44 10
a 601 259 0 36 3
a 604 641 0 44 9
a 604 1792 0 14 4
a 606 1161 0 44 5
a 606 1417 0 0 6
a 607 1139 0 44 8
a 607 1182 0 2 2
a 608 1160 0 44 4
a 608 538 0 8 4
a 610 1282 0 44 2
a 610 1073 0 39 8
a 612 649 0 44 7
a 612 38 0 1 5
a 613 1710 0 44 5
a 613 575 0 45 1
a 614 579 0 44 5
a 614 1394 0 5 5
a 615 1298 0 44 5
a 615 1251 0 33 7
a 616 291 0 44 6
a 616 688 0 23 7
a 617 1118 0 44 8
a 617 1410 0 45 3
a 618 1342 0 44 4
a 618 1401 0 24 1
a 620 822 0 44 3
a 620 593 0 37 4
a 621 1128 0 44 2
a 621 1612 0 35 3
a 624 1414 0 44 5
a 624 1588 0 22 7
a 625 427 0 44 10
a 625 1038 0 11 6
a 627 134 0 44 6
a 627 1900 0 25 10
a 628 1229 0 44 10
a 628 1325 0 18 10
a 629 1359 0 44 10
a 629 1626 0 17 4
a 630 1183 0 44 9
a 630 861 0 17 9
a 632 1712 0 44 3
a 632 582 0 13 4
a 636 335 0 44 7
a 636 694 0 38 1
a 637 1421 0 44 7
a 637 268 0 36 4
a 638 393 0 44 6
a 638 268 0 39 3
a 640 1979 0 44 7
a 640 610 0 50 8
a 641 1374 0 44 9
a 641 1785 0 10 2
a 642 750 0 44 4
a 642 924 0 4 1
a 643 1375 0 44 6
a 643 64 0 36 9
a 644 1239 0 44 7
a 644 477 0 21 2
a 646 1722 0 44 7
a 646 1322 0 29 10
a 647 995 0 44 8
a 647 726 0 29 4
a 649 1478 0 44 10
a 649 204 0 37 2
a 652 22 0 44 1
a 652 992 0 25 9
a 653 695 0 44 4
a 653 1702 0 11 4
a 655 306 0 44 6
a 655 1353 0 21 8
a 657 1916 0 44 2
a 657 36 0 8 9
a 663 66 0 44 4
a 663 503 0 15 2
a 665 1573 0 44 7
a 665 683 0 0 6
a 666 723 0 44 1
a 666 653 0 35 1
a 667 1981 0 44 10
a 667 1233 0 38 4
a 671 267 0 44 9
a 671 907 0 43 6
a 674 441 0 44 10
a 674 261 0 34 3
a 677 938 0 44 5
a 677 317 0 40 1
a 678 1268 0 44 3
a 678 1761 0 23 5
a 679 150 0 44 3
a 679 1097 0 5 6
a 680 856 0 44 5
a 680 1361 0 47 8
a 682 54 0 44 6
a 682 1201 0 13 4
a 684 1151 0 44 5
a 684 178 0 34 1
a 686 1557 0 44 5
a 686 1371 0 38 6
a 687 1850 0 44 8
a 687 1906 0 23 7
a 688 1560 0 44 3
a 688 1066 0 16 6
a 689 338 0 44 7
a 689 1510 0 39 8
a 691 1255 0 44 5
a 691 694 0 21 8
a 693 416 0 44 8
a 693 1689 0 40 1
a 695 923 0 44 1
a 695 689 0 36 10
a 697 1593 0 44 1
a 697 90 0 8 5
a 698 426 0 44 1
a 698 433 0 26 7
a 699 504 0 44 5
a 699 877 0 9 2
a 700 59 0 44 5
a 700 618 0 14 4
a 705 1083 0 44 4
a 705 1407 0 15 10
a 707 1901 0 44 10
a 707 432 0 20 8
a 708 1175 0 44 8
a 708 1970 0 37 4
a 709 49 0 44 10
a 709 1160 0 46 6
a 710 1891 0 44 3
a 710 1995 0 13 1
a 711 283 0 44 7
a 711 1299 0 37 2
a 712 542 0 44 10
a 712 439 0 29 6
a 713 300 0 44 4
a 713 817 0 35 7
a 716 1461 0 44 10
a 716 253 0 9 6
a 720 936 0 44 9
a 720 1642 0 29 2
a 723 1049 0 44 10
a 723 1785 0 49 5
a 724 1485 0 44 6
a 724 1197 0 16 3
a 726 1745 0 44 4
a 726 641 0 9 2
a 728 1437 0 44 10
a 728 1118 0 3 2
a 731 1854 0 44 3
a 731 167 0 26 1
a 734 1941 0 44 2
a 734 141 0 14 6
a 736 1316 0 44 10
a 736 1542 0 32 5
a 737 1801 0 44 7
a 737 824 0 30 4
a 739 1021 0 44 6
a 739 920 0 13 4
a 744 992 0 44 10
a 744 1466 0 35 9
a 745 1507 0 44 5
a 745 1295 0 14 8
a 746 942 0 44 7
a 746 1928 0 18 10
a 747 1291 0 44 3
a 747 936 0 37 5
a 748 919 0 44 3
a 748 1138 0 0 10
a 750 129 0 44 10
a 750 777 0 33 9
a 751 950 0 44 7
a 751 239 0 39 7
a 752 18 0 44 10
a 752 1766 0 40 8
a 753 698 0 44 9
a 753 1734 0 27 6
a 755 1744 0 44 10
a 755 1807 0 49 9
a 756 1155 0 44 5
a 756 1348 0 43 1
a 757 597 0 44 4
a 757 105 0 30 9
a 758 1579 0 44 8
a 758 354 0 12 7
a 761 751 0 44 2
a 761 1988 0 4 6
a 762 1717 0 44 8
a 762 953 0 0 6
a 764 299 0 44 7
a 764 846 0 49 9
a 767 405 0 44 2
a 767 801 0 50 10
a 768 684 0 44 9
a 768 158 0 35 1
a 769 679 0 44 5
a 769 1161 0 38 10
a 772 689 0 44 8
a 772 1041 0 21 3
a 773 784 0 44 5
a 773 996 0 0 3
a 775 848 0 44 9
a 775 64 0 18 6
a 777 1299 0 44 5
a 777 477 0 2 6
a 779 1746 0 44 10
a 779 1925 0 48 6
a 782 1767 0 44 4
a 782 520 0 3 2
a 784 955 0 44 4
a 784 863 0 17 7
a 785 871 0 44 4
a 785 677 0 13 8
a 787 1737 0 44 3
a 787 1894 0 18 1
a 790 1869 0 44 1
a 790 549 0 37 5
a 791 1225 0 44 7
a 791 141 0 6 7
a 793 307 0 44 6
a 793 1081 0 44 4
a 794 1501 0 44 4
a 794 1855 0 18 3
a 795 1817 0 44 2
a 795 61 0 25 1
a 796 1234 0 44 9
a 796 264 0 18 2
a 797 507 0 44 2
a 797 1700 0 2 6
a 806 1816 0 44 1
a 806 375 0 28 4
a 807 1939 0 44 7
a 807 695 0 16 3
a 808 1516 0 44 9
a 808 1874 0 37 6
a 809 1934 0 44 5
a 809 1683 0 12 2
a 810 388 0 44 2
a 810 1706 0 7 6
a 812 1681 0 44 5
a 812 1218 0 47 10
a 815 1559 0 44 5
a 815 755 0 26 3
a 817 1905 0 44 3
a 817 1672 0 42 1
a 820 1029 0 44 5
a 820 301 0 5 10
a 822 1529 0 44 9
a 822 386 0 33 8
a 826 457 0 44 2
a 826 610 0 0 1
a 830 973 0 44 1
a 830 1965 0 49 5
a 835 1766 0 44 2
a 835 1843 0 29 8
a 836 308 0 44 4
a 836 1788 0 10 1
a 838 1730 0 44 8
a 838 1040 0 20 5
a 841 302 0 44 6
a 841 1841 0 29 3
a 843 613 0 44 4
a 843 1565 0 46 2
a 844 210 0 44 2
a 844 835 0 4 4
a 845 970 0 44 6
a 845 677 0 24 2
a 846 1602 0 44 3
a 846 721 0 47 8
a 847 853 0 44 9
a 847 1444 0 12 2
a 848 1804 0 44 3
a 848 1038 0 14 5
a 849 1555 0 44 10
a 849 621 0 2 9
a 851 772 0 44 8
a 851 75 0 5 3
a 852 1051 0 44 7
a 852 1904 0 47 8
a 853 1305 0 44 2
a 853 767 0 45 2
a 855 1231 0 44 1
a 855 1091 0 38 10
a 856 1734 0 44 6
a 856 1482 0 42 7
a 860 301 0 44 4
a 860 1777 0 14 2
a 863 1411 0 44 9
a 863 767 0 32 4
a 864 1350 0 44 5
a 864 180 0 44 6
a 865 1531 0 44 8
a 865 1212 0 26 7
a 866 233 0 44 1
a 866 1969 0 17 1
a 867 73 0 44 2
a 867 1667 0 46 8
a 868 1294 0 44 6
a 868 1173 0 46 8
a 871 1166 0 44 4
a 871 885 0 50 8
a 872 1577 0 44 2
a 872 1241 0 32 9
a 873 1286 0 44 5
a 873 321 0 13 4
a 875 1044 0 44 9
a 875 972 0 0 8
a 876 1871 0 44 9
a 876 1426 0 26 8
a 880 169 0 44 9
a 880 1039 0 24 4
a 881 107 0 44 7
a 881 526 0 46 10
a 882 1604 0 44 8
a 882 337 0 5 6
a 884 347 0 44 3
a 884 439 0 5 3
a 886 1398 0 44 6
a 886 816 0 29 10
a 888 182 0 44 6
a 888 984 0 50 6
a 890 614 0 44 4
a 890 670 0 16 4
a 891 1924 0 44 5
a 891 1019 0 24 7
a 892 42 0 44 3
a 892 1533 0 1 4
a 895 1614 0 44 3
a 895 588 0 19 10
a 897 546 0 44 5
a 897 1450 0 23 7
a 898 1706 0 44 5
a 898 1479 0 10 10
a 899 186 0 44 6
a 899 1146 0 12 10
a 900 1975 0 44 5
a 900 1784 0 27 7
a 901 773 0 44 6
a 901 391 0 8 3
a 906 755 0 44 9
a 906 716 0 49 5
a 912 331 0 44 8
a 912 1207 0 49 3
a 913 394 0 44 1
a 913 1360 0 41 6
a 915 495 0 44 7
a 915 147 0 1 3
a 918 448 0 44 3
a 918 1491 0 4 5
a 919 516 0 44 2
a 919 1464 0 24 8
a 923 1145 0 44 6
a 923 388 0 40 2
a 925 707 0 44 10
a 925 535 0 20 8
a 926 1683 0 44 4
a 926 40 0 25 3
a 927 872 0 44 4
a 927 1811 0 29 1
a 929 1340 0 44 4
a 929 518 0 41 7
a 932 1228 0 44 5
a 932 1812 0 23 1
a 933 1618 0 44 8
a 933 1530 0 49 4
a 935 146 0 44 4
a 935 1892 0 4 9
a 936 370 0 44 4
a 936 1208 0 10 6
a 938 882 0 44 9
a 938 335 0 3 7
a 939 1171 0 44 2
a 939 273 0 9 5
a 940 793 0 44 6
a 940 1520 0 24 9
a 941 328 0 44 7
a 941 595 0 26 6
a 942 925 0 44 10
a 942 1220 0 3 6
a 947 1847 0 44 4
a 947 210 0 19 7
a 950 1867 0 44 7
a 950 1003 0 16 10
a 952 775 0 44 1
a 952 321 0 32 5
a 955 1377 0 44 10
a 955 286 0 12 7
a 956 531 0 44 4
a 956 1845 0 35 10
a 957 290 0 44 10
a 957 1967 0 10 5
a 961 1224 0 44 7
a 961 1041 0 16 6
a 966 1751 0 44 5
a 966 906 0 42 10
a 967 362 0 44 8
a 967 953 0 4 5
a 968 1074 0 44 2
a 968 899 0 0 2
a 970 867 0 44 1
a 970 683 0 10 9
a 972 1493 0 44 3
a 972 1393 0 13 3
a 973 584 0 44 2
a 973 597 0 41 10
a 976 1464 0 44 2
a 976 1246 0 21 5
a 977 151 0 44 10
a 977 208 0 49 7
a 978 82 0 44 2
a 978 1125 0 11 1
a 980 320 0 44 2
a 980 247 0 41 5
a 982 1440 0 44 3
a 982 370 0 13 1
a 985 1144 0 44 10
a 985 1032 0 21 7
a 988 583 0 44 7
a 988 1360 0 46 3
a 989 70 0 44 4
a 989 1779 0 27 6
a 990 1535 0 44 8
a 990 502 0 43 4
a 992 1617 0 44 4
a 992 1847 0 39 5
a 993 724 0 44 10
a 993 566 0 39 10
a 995 1241 0 44 2
a 995 332 0 41 5
a 996 1336 0 44 10
a 996 932 0 46 3
a 998 526 0 44 6
a 998 412 0 40 8
a 999 1983 0 44 8
a 999 476 0 32 5
a 1000 677 0 44 7
a 1000 483 0 32 7
a 1005 815 0 44 1
a 1005 335 0 40 1
a 1007 334 0 44 1
a 1007 323 0 34 9
a 1010 1247 0 44 9
a 1010 1396 0 44 5
a 1011 429 0 44 2
a 1011 1661 0 38 4
a 1018 1782 0 44 6
a 1018 1876 0 14 10
a 1021 1192 0 44 9
a 1021 854 0 46 2
a 1024 85 0 44 9
a 1024 1709 0 2 4
a 1025 481 0 44 8
a 1025 100 0 40 1
a 1026 1821 0 44 3
a 1026 1881 0 49 3
a 1027 81 0 44 8
a 1027 1527 0 22 7
a 1029 646 0 44 7
a 1029 1956 0 37 6
a 1030 1731 0 44 6
a 1030 762 0 7 10
a 1033 219 0 44 9
a 1033 812 0 18 4
a 1035 1515 0 44 3
a 1035 1374 0 35 1
a 1036 897 0 44 8
a 1036 1453 0 22 9
a 1038 352 0 44 3
a 1038 1934 0 38 9
a 1039 515 0 44 10
a 1039 1232 0 11 10
a 1044 203 0 44 7
a 1044 1876 0 0 2
a 1045 1027 0 44 4
a 1045 892 0 0 1
a 1046 478 0 44 1
a 1046 440 0 38 6
a 1048 14 0 44 6
a 1048 69 0 42 6
a 1049 618 0 44 4
a 1049 256 0 49 8
a 1051 1450 0 44 5
a 1051 1127 0 44 3
a 1053 1888 0 44 4
a 1053 288 0 38 7
a 1055 1285 0 44 8
a 1055 1255 0 23 4
a 1057 108 0 44 1
a 1057 1414 0 19 8
a 1064 628 0 44 10
a 1064 1486 0 35 2
a 1066 697 0 44 7
a 1066 1981 0 31 5
a 1068 1898 0 44 1
a 1068 1080 0 26 6
a 1071 1198 0 44 9
a 1071 920 0 49 9
a 1074 287 0 44 4
a 1074 86 0 25 7
a 1077 1611 0 44 10
a 1077 1844 0 1 8
a 1081 145 0 44 8
a 1081 1266 0 18 9
a 1082 321 0 44 7
a 1082 326 0 10 6
a 1083 1863 0 44 8
a 1083 1262 0 23 8
a 1085 1633 0 44 1
a 1085 683 0 45 8
a 1087 214 0 44 6
a 1087 1999 0 44 8
a 1098 1460 0 44 10
a 1098 873 0 25 7
a 1100 1595 0 44 9
a 1100 169 0 36 7
a 1104 1360 0 44 8
a 1104 1459 0 44 5
a 1107 1324 0 44 5
a 1107 856 0 30 7
a 1108 384 0 44 8
a 1108 1276 0 48 4
a 1109 836 0 44 1
a 1109 1934 0 46 4
a 1111 387 0 44 9
a 1111 164 0 19 1
a 1112 1631 0 44 8
a 1112 1770 0 23 8
a 1113 1583 0 44 7
a 1113 1122 0 42 3
a 1114 737 0 44 5
a 1114 560 0 45 9
a 1115 27 0 44 2
a 1115 86 0 3 3
a 1116 97 0 44 2
a 1116 892 0 49 7
a 1118 952 0 44 3
a 1118 527 0 35 1
a 1122 344 0 44 3
a 1122 1772 0 18 8
a 1124 1662 0 44 10
a 1124 673 0 15 7
a 1127 1937 0 44 7
a 1127 1475 0 40 7
a 1128 1066 0 44 8
a 1128 570 0 12 4
a 1130 1702 0 44 2
a 1130 715 0 8 1
a 1131 1458 0 44 10
a 1131 1053 0 26 5
a 1132 1035 0 44 7
a 1132 1458 0 10 10
a 1137 1944 0 44 2
a 1137 158 0 14 6
a 1139 240 0 44 2
a 1139 1336 0 8 3
a 1140 67 0 44 6
a 1140 1718 0 39 6
a 1141 1884 0 44 2
a 1141 1131 0 8 5
a 1142 1848 0 44 5
a 1142 37 0 34 6
a 1143 744 0 44 1
a 1143 460 0 35 8
a 1144 632 0 44 3
a 1144 1443 0 11 8
a 1145 1813 0 44 1
a 1145 832 0 5 2
a 1148 121 0 44 7
a 1148 1240 0 1 10
a 1151 1165 0 44 8
a 1151 444 0 4 10
a 1152 25 0 44 9
a 1152 1430 0 48 1
a 1155 731 0 44 9
a 1155 771 0 1 4
a 1156 180 0 44 4
a 1156 1831 0 25 2
a 1158 473 0 44 4
a 1158 1138 0 49 4
a 1160 389 0 44 2
a 1160 1743 0 12 9
a 1161 397 0 44 5
a 1161 1057 0 8 1
a 1164 1318 0 44 7
a 1164 192 0 40 2
a 1165 339 0 44 8
a 1165 1465 0 25 8
a 1166 1361 0 44 1
a 1166 416 0 41 2
a 1171 1409 0 44 5
a 1171 741 0 28 1
a 1173 1381 0 44 10
a 1173 91 0 23 6
a 1174 400 0 44 5
a 1174 300 0 31 8
a 1175 1033 0 44 1
a 1175 505 0 17 3
a 1177 762 0 44 2
a 1177 525 0 38 10
a 1179 961 0 44 2
a 1179 1442 0 12 10
a 1182 1258 0 44 6
a 1182 239 0 7 9
a 1183 1697 0 44 2
a 1183 745 0 20 8
a 1185 1772 0 44 7
a 1185 695 0 27 1
a 1187 1943 0 44 6
a 1187 1522 0 45 10
a 1190 935 0 44 4
a 1190 1143 0 44 7
a 1191 1660 0 44 10
a 1191 1143 0 17 1
a 1192 1946 0 44 3
a 1192 1347 0 15 2
a 1198 1082 0 44 10
a 1198 1271 0 41 2
a 1200 1540 0 44 5
a 1200 167 0 41 5
a 1201 1077 0 44 4
a 1201 1005 0 21 6
a 1204 1257 0 44 9
a 1204 341 0 39 10
a 1205 170 0 44 4
a 1205 490 0 30 9
a 1207 1958 0 44 8
a 1207 1525 0 5 8
a 1209 899 0 44 4
a 1209 637 0 43 5
a 1210 1918 0 44 4
a 1210 884 0 44 10
a 1211 1769 0 44 6
a 1211 1808 0 19 8
a 1213 1830 0 44 4
a 1213 899 0 50 10
a 1218 1284 0 44 3
a 1218 979 0 48 9
a 1221 1572 0 44 3
a 1221 1596 0 28 3
a 1223 820 0 44 2
a 1223 1834 0 36 2
a 1224 554 0 44 5
a 1224 348 0 19 9
a 1225 956 0 44 9
a 1225 1423 0 10 3
a 1226 1185 0 44 7
a 1226 70 0 9 7
a 1228 1755 0 44 6
a 1228 1816 0 4 4
a 1229 244 0 44 7
a 1229 1475 0 22 8
a 1231 538 0 44 10
a 1231 1317 0 15 1
a 1234 1226 0 44 10
a 1234 974 0 34 8
a 1239 69 0 44 5
a 1239 1588 0 11 3
a 1241 502 0 44 7
a 1241 619 0 4 2
a 1243 753 0 44 2
a 1243 953 0 38 2
a 1245 1297 0 44 3
a 1245 108 0 32 2
a 1247 1853 0 44 7
a 1247 246 0 36 5
a 1250 1388 0 44 5
a 1250 537 0 3 9
a 1252 1057 0 44 3
a 1252 266 0 17 8
a 1254 1410 0 44 3
a 1254 1328 0 19 7
a 1255 127 0 44 6
a 1255 982 0 17 6
a 1257 63 0 44 7
a 1257 185 0 19 8
a 1258 1407 0 44 1
a 1258 395 0 49 8
a 1262 1423 0 44 9
a 1262 1688 0 30 10
a 1264 1204 0 44 3
a 1264 580 0 33 9
a 1267 1115 0 44 5
a 1267 1432 0 4 1
a 1268 967 0 44 5
a 1268 50 0 46 6
a 1269 926 0 44 9
a 1269 794 0 16 6
a 1271 1949 0 44 2
a 1271 1626 0 5 8
a 1273 1654 0 44 6
a 1273 1806 0 36 10
a 1274 863 0 44 7
a 1274 1020 0 48 1
a 1276 312 0 44 7
a 1276 1257 0 25 7
a 1277 327 0 44 5
a 1277 186 0 30 10
a 1278 1462 0 44 1
a 1278 38 0 35 1
a 1281 1520 0 44 1
a 1281 151 0 47 8
a 1282 1886 0 44 9
a 1282 1421 0 12 6
a 1284 304 0 44 3
a 1284 783 0 17 1
a 1285 794 0 44 8
a 1285 1237 0 39 8
a 1286 294 0 44 9
a 1286 448 0 14 4
a 1287 1527 0 44 8
a 1287 1338 0 30 6
a 1288 647 0 44 8
a 1288 1456 0 11 7
a 1291 1379 0 44 8
a 1291 1890 0 48 5
a 1294 396 0 44 4
a 1294 1772 0 35 5
a 1296 1925 0 44 8
a 1296 934 0 18 2
a 1297 797 0 44 9
a 1297 1048 0 40 10
a 1298 728 0 44 7
a 1298 1693 0 41 2
a 1299 1562 0 44 7
a 1299 755 0 6 1
a 1305 1774 0 44 5
a 1305 472 0 39 6
a 1308 588 0 44 5
a 1308 277 0 11 9
a 1312 1980 0 44 10
a 1312 1586 0 41 5
a 1313 480 0 44 8
a 1313 434 0 34 5
a 1314 688 0 44 10
a 1314 778 0 12 2
a 1316 547 0 44 7
a 1316 1695 0 13 10
a 1318 459 0 44 1
a 1318 799 0 12 7
a 1321 171 0 44 8
a 1321 1953 0 43 1
a 1324 777 0 44 3
a 1324 651 0 24 4
a 1326 8 0 44 6
a 1326 328 0 31 3
a 1328 982 0 44 5
a 1328 1983 0 12 7
a 1331 748 0 44 2
a 1331 1761 0 42 3
a 1336 752 0 44 2
a 1336 1390 0 16 9
a 1337 1173 0 44 9
a 1337 1297 0 23 1
a 1340 1716 0 44 3
a 1340 1126 0 45 6
a 1342 996 0 44 6
a 1342 1345 0 4 8
a 1343 1053 0 44 9
a 1343 1249 0 33 10
a 1347 1961 0 44 2
a 1347 354 0 8 6
a 1349 1007 0 44 4
a 1349 1207 0 42 1
a 1350 1085 0 44 5
a 1350 872 0 16 6
a 1355 1274 0 44 8
a 1355 944 0 10 9
a 1359 1592 0 44 6
a 1359 323 0 48 4
a 1360 1551 0 44 6
a 1360 1517 0 15 6
a 1361 1668 0 44 10
a 1361 138 0 32 1
a 1362 927 0 44 1
a 1362 955 0 26 10
a 1363 1873 0 44 1
a 1363 508 0 29 9
a 1369 1454 0 44 4
a 1369 647 0 28 4
a 1372 142 0 44 10
a 1372 238 0 35 6
a 1374 1908 0 44 6
a 1374 1292 0 23 4
a 1375 1550 0 44 10
a 1375 182 0 32 9
a 1376 12 0 44 8
a 1376 857 0 6 1
a 1377 1164 0 44 9
a 1377 545 0 5 10
a 1379 1663 0 44 1
a 1379 408 0 41 4
a 1380 940 0 44 10
a 1380 1533 0 29 1
a 1381 489 0 44 5
a 1381 888 0 19 1
a 1384 1582 0 44 1
a 1384 1713 0 13 6
a 1385 563 0 44 7
a 1385 1953 0 26 1
a 1387 1672 0 44 8
a 1387 1172 0 29 4
a 1388 1140 0 44 4
a 1388 914 0 19 2
a 1389 796 0 44 4
a 1389 552 0 31 8
a 1393 225 0 44 4
a 1393 848 0 22 10
a 1398 87 0 44 4
a 1398 603 0 27 4
a 1400 1112 0 44 9
a 1400 809 0 0 6
a 1407 1457 0 44 1
a 1407 1757 0 23 1
a 1409 193 0 44 7
a 1409 714 0 16 7
a 1410 1442 0 44 7
a 1410 292 0 14 5
a 1411 431 0 44 2
a 1411 1651 0 35 9
a 1414 1823 0 44 3
a 1414 1686 0 39 2
a 1415 617 0 44 8
a 1415 132 0 35 10
a 1419 297 0 44 5
a 1419 353 0 4 6
a 1421 1436 0 44 8
a 1421 1637 0 37 6
a 1423 378 0 44 1
a 1423 1533 0 35 7
a 1424 1471 0 44 2
a 1424 1390 0 25 7
a 1429 31 0 44 8
a 1429 1834 0 45 5
a 1430 1262 0 44 6
a 1430 475 0 29 3
a 1436 1502 0 44 4
a 1436 1696 0 36 1
a 1437 1036 0 44 10
a 1437 1078 0 18 7
a 1438 1876 0 44 8
a 1438 425 0 43 6
a 1440 44 0 44 5
a 1440 108 0 36 5
a 1442 1719 0 44 9
a 1442 1153 0 44 10
a 1443 988 0 44 2
a 1443 965 0 4 10
a 1446 1787 0 44 10
a 1446 185 0 13 10
a 1450 506 0 44 6
a 1450 178 0 23 4
a 1454 77 0 44 5
a 1454 1770 0 39 6
a 1456 351 0 44 1
a 1456 1062 0 26 10
a 1457 19 0 44 9
a 1457 1919 0 18 7
a 1458 808 0 44 8
a 1458 1035 0 16 9
a 1460 1567 0 44 10
a 1460 660 0 42 3
a 1461 1505 0 44 5
a 1461 1060 0 34 1
a 1462 1700 0 44 1
a 1462 556 0 12 5
a 1464 636 0 44 7
a 1464 677 0 43 5
a 1471 630 0 44 1
a 1471 654 0 4 2
a 1478 572 0 44 7
a 1478 1701 0 34 2
a 1480 1384 0 44 5
a 1480 1631 0 1 1
a 1483 985 0 44 9
a 1483 1152 0 5 4
a 1484 571 0 44 2
a 1484 373 0 8 6
a 1485 657 0 44 7
a 1485 1348 0 18 6
a 1491 1820 0 44 4
a 1491 1670 0 25 10
a 1492 1000 0 44 3
a 1492 1340 0 0 5
a 1493 1221 0 44 3
a 1493 758 0 42 5
a 1494 1955 0 44 8
a 1494 663 0 24 5
a 1497 1897 0 44 2
a 1497 1594 0 34 3
a 1498 655 0 44 7
a 1498 1236 0 3 2
a 1500 1337 0 44 9
a 1500 1381 0 24 1
a 1501 1500 0 44 5
a 1501 66 0 32 7
a 1502 1213 0 44 7
a 1502 689 0 22 9
a 1505 242 0 44 5
a 1505 140 0 33 6
a 1506 1518 0 44 1
a 1506 327 0 29 1
a 1507 1137 0 44 7
a 1507 1828 0 14 4
a 1508 1849 0 44 4
a 1508 1266 0 33 8
a 1509 1158 0 44 5
a 1509 1557 0 5 8
a 1511 1812 0 44 4
a 1511 944 0 38 5
a 1513 1312 0 44 5
a 1513 1272 0 30 7
a 1514 746 0 44 8
a 1514 952 0 8 5
a 1515 610 0 44 8
a 1515 1149 0 0 7
a 1516 532 0 44 5
a 1516 311 0 48 3
a 1517 708 0 44 6
a 1517 158 0 42 4
a 1518 1881 0 44 3
a 1518 1125 0 30 9
a 1519 413 0 44 3
a 1519 523 0 4 1
a 1520 1271 0 44 10
a 1520 716 0 7 5
a 1521 93 0 44 8
a 1521 1567 0 39 5
a 1522 1814 0 44 5
a 1522 1893 0 29 5
a 1524 1508 0 44 1
a 1524 1908 0 13 1
a 1526 1114 0 44 9
a 1526 485 0 39 9
a 1527 1601 0 44 6
a 1527 939 0 42 8
a 1528 1497 0 44 5
a 1528 1876 0 4 9
a 1529 782 0 44 2
a 1529 483 0 35 3
a 1531 465 0 44 5
a 1531 1660 0 36 2
a 1532 1131 0 44 7
a 1532 594 0 22 1
a 1535 1111 0 44 1
a 1535 883 0 49 9
a 1537 1736 0 44 10
a 1537 1676 0 7 2
a 1540 295 0 44 4
a 1540 769 0 49 4
a 1542 709 0 44 7
a 1542 835 0 0 1
a 1545 1680 0 44 2
a 1545 101 0 10 2
a 1547 1393 0 44 4
a 1547 106 0 41 8
a 1550 239 0 44 3
a 1550 1970 0 8 2
a 1551 551 0 44 3
a 1551 354 0 4 5
a 1553 1554 0 44 9
a 1553 1831 0 25 4
a 1554 35 0 44 5
a 1554 625 0 2 10
a 1555 1010 0 44 1
a 1555 1366 0 5 3
a 1556 844 0 44 7
a 1556 1213 0 46 5
a 1557 791 0 44 10
a 1557 1791 0 21 7
a 1559 1882 0 44 8
a 1559 1658 0 8 6
a 1560 78 0 44 2
a 1560 1363 0 32 9
a 1562 1369 0 44 8
a 1562 811 0 26 3
a 1564 1945 0 44 6
a 1564 1285 0 23 8
a 1565 1071 0 44 1
a 1565 1453 0 11 1
a 1567 711 0 44 6
a 1567 1617 0 14 9
a 1569 1430 0 44 3
a 1569 1528 0 3 1
a 1572 1177 0 44 9
a 1572 222 0 43 2
a 1573 716 0 44 8
a 1573 604 0 14 4
a 1575 599 0 44 1
a 1575 1185 0 25 3
a 1577 1456 0 44 5
a 1577 1664 0 34 9
a 1579 601 0 44 2
a 1579 700 0 27 8
a 1582 666 0 44 1
a 1582 833 0 19 2
a 1583 540 0 44 8
a 1583 31 0 24 1
a 1585 527 0 44 9
a 1585 1842 0 10 7
a 1586 1931 0 44 7
a 1586 1625 0 2 1
a 1587 412 0 44 6
a 1587 481 0 16 9
a 1588 492 0 44 5
a 1588 110 0 27 5
a 1589 652 0 44 2
a 1589 1880 0 33 6
a 1592 713 0 44 2
a 1592 546 0 50 4
a 1593 1844 0 44 9
a 1593 1597 0 37 5
a 1595 699 0 44 9
a 1595 1660 0 32 8
a 1596 211 0 44 5
a 1596 885 0 26 9
a 1597 1400 0 44 8
a 1597 369 0 13 9
a 1598 1589 0 44 6
a 1598 270 0 20 9
a 1599 1773 0 44 5
a 1599 559 0 45 6
a 1601 1878 0 44 6
a 1601 1098 0 4 10
a 1602 1498 0 44 6
a 1602 389 0 43 1
a 1604 181 0 44 2
a 1604 1094 0 7 2
a 1611 536 0 44 5
a 1611 487 0 33 4
a 1614 1209 0 44 1
a 1614 459 0 8 10
a 1617 319 0 44 6
a 1617 1479 0 17 6
a 1618 1385 0 44 1
a 1618 212 0 45 6
a 1624 1046 0 44 7
a 1624 647 0 5 8
a 1627 892 0 44 1
a 1627 692 0 6 1
a 1629 1661 0 44 3
a 1629 687 0 24 2
a 1631 303 0 44 7
a 1631 1172 0 40 2
a 1633 1127 0 44 6
a 1633 408 0 17 6
a 1637 227 0 44 8
a 1637 813 0 21 9
a 1644 96 0 44 5
a 1644 1282 0 35 9
a 1646 939 0 44 10
a 1646 1282 0 45 2
a 1650 525 0 44 4
a 1650 1568 0 41 10
a 1652 604 0 44 2
a 1652 516 0 37 8
a 1654 1822 0 44 10
a 1654 1935 0 19 1
a 1655 91 0 44 3
a 1655 445 0 24 3
a 1657 1211 0 44 2
a 1657 316 0 28 6
a 1660 83 0 44 6
a 1660 1210 0 3 10
a 1661 880 0 44 7
a 1661 415 0 9 7
a 1662 972 0 44 5
a 1662 1992 0 22 8
a 1663 976 0 44 4
a 1663 1412 0 45 8
a 1668 653 0 44 4
a 1668 134 0 35 5
a 1669 1245 0 44 1
a 1669 665 0 3 10
a 1670 36 0 44 3
a 1670 1136 0 1 5
a 1671 439 0 44 8
a 1671 1450 0 20 4
a 1672 1108 0 44 10
a 1672 1927 0 6 5
a 1673 1763 0 44 6
a 1673 650 0 34 2
a 1677 65 0 44 1
a 1677 1254 0 46 5
a 1678 1826 0 44 7
a 1678 1829 0 45 8
a 1679 1928 0 44 6
a 1679 248 0 45 6
a 1680 1542 0 44 10
a 1680 498 0 33 3
a 1681 1264 0 44 4
a 1681 1163 0 10 8
a 1683 74 0 44 10
a 1683 1908 0 28 9
a 1685 190 0 44 4
a 1685 1272 0 25 9
a 1690 1039 0 44 8
a 1690 1242 0 19 2
a 1691 1785 0 44 1
a 1691 985 0 6 3
a 1693 1796 0 44 3
a 1693 1934 0 0 1
a 1695 1739 0 44 4
a 1695 685 0 36 9
a 1696 625 0 44 8
a 1696 604 0 47 5
a 1697 1598 0 44 5
a 1697 168 0 39 8
a 1698 90 0 44 2
a 1698 1317 0 28 7
a 1700 124 0 44 9
a 1700 1453 0 48 10
a 1702 1313 0 44 5
a 1702 845 0 15 1
a 1704 152 0 44 8
a 1704 1195 0 13 9
a 1705 99 0 44 2
a 1705 985 0 49 7
a 1706 20 0 44 4
a 1706 1863 0 15 4
a 1710 1964 0 44 9
a 1710 1009 0 16 6
a 1711 1587 0 44 4
a 1711 1267 0 28 1
a 1712 851 0 44 10
a 1712 1738 0 44 5
a 1713 600 0 44 2
a 1713 1179 0 40 10
a 1714 1521 0 44 1
a 1714 1583 0 23 6
a 1715 272 0 44 2
a 1715 651 0 38 8
a 1716 1597 0 44 8
a 1716 321 0 28 7
a 1717 557 0 44 1
a 1717 1664 0 10 10
a 1719 46 0 44 7
a 1719 1384 0 30 7
a 1722 1991 0 44 5
a 1722 514 0 20 6
a 1728 1599 0 44 3
a 1728 188 0 34 9
a 1730 1218 0 44 8
a 1730 1518 0 46 2
a 1731 375 0 44 10
a 1731 426 0 25 3
a 1734 174 0 44 7
a 1734 1260 0 30 9
a 1736 761 0 44 7
a 1736 492 0 0 7
a 1737 1585 0 44 5
a 1737 526 0 30 10
a 1739 795 0 44 6
a 1739 187 0 23 10
a 1741 1526 0 44 2
a 1741 877 0 13 8
a 1743 640 0 44 5
a 1743 1597 0 50 3
a 1744 456 0 44 5
a 1744 1221 0 28 1
a 1745 1494 0 44 3
a 1745 1980 0 0 1
a 1746 1696 0 44 9
a 1746 1786 0 4 1
a 1749 1087 0 44 4
a 1749 1349 0 4 4
a 1751 1862 0 44 10
a 1751 1752 0 8 9
a 1755 1776 0 44 4
a 1755 724 0 44 3
a 1757 1714 0 44 4
a 1757 538 0 6 9
a 1763 1693 0 44 10
a 1763 109 0 16 9
a 1766 1715 0 44 1
a 1766 1907 0 17 6
a 1767 929 0 44 9
a 1767 1791 0 44 6
a 1769 1960 0 44 10
a 1769 1503 0 9 2
a 1770 1064 0 44 9
a 1770 1493 0 7 2
a 1772 348 0 44 10
a 1772 1450 0 42 7
a 1773 941 0 44 1
a 1773 323 0 18 2
a 1774 247 0 44 5
a 1774 438 0 28 1
a 1776 445 0 44 5
a 1776 257 0 40 8
a 1777 34 0 44 4
a 1777 523 0 37 8
a 1781 1281 0 44 6
a 1781 743 0 26 8
a 1782 1781 0 44 4
a 1782 1860 0 24 5
a 1785 1141 0 44 9
a 1785 281 0 26 8
a 1787 1148 0 44 3
a 1787 115 0 33 7
a 1793 402 0 44 2
a 1793 1011 0 41 2
a 1794 1491 0 44 6
a 1794 1685 0 50 2
a 1796 898 0 44 5
a 1796 772 0 6 4
a 1798 1524 0 44 1
a 1798 1704 0 8 8
a 1801 1314 0 44 5
a 1801 1568 0 50 4
a 1803 998 0 44 5
a 1803 1466 0 27 3
a 1804 1321 0 44 10
a 1804 1448 0 32 1
a 1808 758 0 44 9
a 1808 1072 0 7 7
a 1812 1637 0 44 7
a 1812 1082 0 21 4
a 1813 888 0 44 1
a 1813 1281 0 7 1
a 1814 155 0 44 5
a 1814 1681 0 30 1
a 1816 1627 0 44 1
a 1816 1186 0 49 6
a 1817 437 0 44 1
a 1817 1066 0 10 3
a 1819 1858 0 44 8
a 1819 29 0 23 3
a 1820 627 0 44 9
a 1820 16 0 4 2
a 1821 1586 0 44 10
a 1821 1608 0 24 4
a 1822 567 0 44 2
a 1822 1017 0 7 9
a 1823 1741 0 44 5
a 1823 1438 0 12 5
a 1824 518 0 44 3
a 1824 1086 0 45 7
a 1825 592 0 44 4
a 1825 1786 0 14 2
a 1826 846 0 44 10
a 1826 1720 0 11 10
a 1827 918 0 44 4
a 1827 826 0 3 10
a 1830 900 0 44 7
a 1830 177 0 34 5
a 1836 674 0 44 3
a 1836 754 0 7 6
a 1839 700 0 44 5
a 1839 1488 0 11 2
a 1840 475 0 44 4
a 1840 347 0 45 4
a 1844 1671 0 44 10
a 1844 9 0 43 3
a 1847 901 0 44 2
a 1847 899 0 24 10
a 1848 865 0 44 9
a 1848 307 0 26 1
a 1849 1362 0 44 6
a 1849 550 0 10 4
a 1850 1143 0 44 8
a 1850 1619 0 35 10
a 1851 379 0 44 3
a 1851 263 0 15 9
a 1852 843 0 44 2
a 1852 628 0 39 6
a 1853 528 0 44 5
a 1853 1523 0 48 2
a 1854 217 0 44 5
a 1854 1201 0 45 4
a 1858 1711 0 44 2
a 1858 1101 0 8 4
a 1859 691 0 44 7
a 1859 1665 0 11 4
a 1862 1532 0 44 1
a 1862 1907 0 16 9
a 1863 734 0 44 2
a 1863 1557 0 3 8
a 1867 467 0 44 10
a 1867 1701 0 36 9
a 1868 1483 0 44 1
a 1868 1803 0 42 7
a 1869 380 0 44 6
a 1869 521 0 38 7
a 1871 855 0 44 1
a 1871 941 0 9 1
a 1873 1889 0 44 10
a 1873 1240 0 4 7
a 1874 812 0 44 10
a 1874 1808 0 48 2
a 1876 957 0 44 2
a 1876 1778 0 16 9
a 1877 1182 0 44 8
a 1877 96 0 0 6
a 1878 163 0 44 7
a 1878 161 0 45 7
a 1879 682 0 44 1
a 1879 1926 0 30 8
a 1881 680 0 44 1
a 1881 1127 0 21 3
a 1882 830 0 44 4
a 1882 1856 0 21 7
a 1884 346 0 44 6
a 1884 1098 0 15 2
a 1886 1355 0 44 10
a 1886 878 0 39 1
a 1888 1446 0 44 5
a 1888 442 0 33 4
a 1889 139 0 44 7
a 1889 1109 0 31 4
a 1891 915 0 44 5
a 1891 351 0 27 10
a 1892 712 0 44 6
a 1892 381 0 39 6
a 1893 847 0 44 5
a 1893 1532 0 46 1
a 1897 135 0 44 4
a 1897 1554 0 22 8
a 1898 1839 0 44 1
a 1898 214 0 16 7
a 1899 1685 0 44 5
a 1899 39 0 11 4
a 1900 1840 0 44 2
a 1900 1491 0 37 8
a 1901 1912 0 44 9
a 1901 1567 0 13 9
a 1902 1492 0 44 9
a 1902 1644 0 4 1
a 1905 993 0 44 7
a 1905 1095 0 29 5
a 1908 1705 0 44 4
a 1908 1985 0 40 4
a 1911 745 0 44 5
a 1911 1375 0 20 1
a 1912 1273 0 44 6
a 1912 1012 0 2 9
a 1914 255 0 44 9
a 1914 671 0 46 7
a 1916 1824 0 44 9
a 1916 1714 0 50 7
a 1918 2000 0 44 2
a 1918 345 0 19 9
a 1922 598 0 44 4
a 1922 326 0 20 10
a 1924 1415 0 44 8
a 1924 1080 0 44 3
a 1925 43 0 44 5
a 1925 1237 0 23 3
a 1927 1376 0 44 3
a 1927 1449 0 45 2
a 1928 109 0 44 7
a 1928 1934 0 35 7
a 1931 739 0 44 5
a 1931 352 0 41 9
a 1933 1380 0 44 7
a 1933 356 0 39 9
a 1934 686 0 44 1
a 1934 56 0 21 10
a 1935 114 0 44 7
a 1935 1445 0 38 4
a 1937 1972 0 44 5
a 1937 931 0 32 8
a 1939 1276 0 44 10
a 1939 790 0 45 4
a 1941 359 0 44 5
a 1941 920 0 6 8
a 1943 1874 0 44 6
a 1943 1987 0 42 3
a 1944 173 0 44 8
a 1944 85 0 9 5
a 1945 1927 0 44 6
a 1945 1201 0 18 7
a 1946 736 0 44 6
a 1946 1058 0 23 3
a 1949 1655 0 44 4
a 1949 1106 0 49 2
a 1955 629 0 44 3
a 1955 813 0 29 9
a 1958 1777 0 44 7
a 1958 334 0 22 6
a 1960 1068 0 44 10
a 1960 1678 0 50 10
a 1961 1704 0 44 4
a 1961 1616 0 9 9
a 1964 488 0 44 6
a 1964 49 0 20 8
a 1967 330 0 44 5
a 1967 1684 0 12 5
a 1971 1207 0 44 4
a 1971 1859 0 10 10
a 1972 1509 0 44 4
a 1972 493 0 1 9
a 1975 10 0 44 9
a 1975 1181 0 44 4
a 1979 720 0 44 1
a 1979 938 0 42 5
a 1980 860 0 44 2
a 1980 192 0 19 3
a 1981 1749 0 44 7
a 1981 74 0 16 4
a 1983 390 0 44 10
a 1983 576 0 21 7
a 1984 1670 0 44 4
a 1984 1711 0 34 6
a 1987 1900 0 44 2
a 1987 484 0 30 10
a 1990 178 0 44 6
a 1990 190 0 30 9
a 1991 539 0 44 9
a 1991 962 0 25 7
a 1992 119 0 44 1
a 1992 1364 0 31 4
a 1995 587 0 44 6
a 1995 937 0 33 3
a 1997 1048 0 44 3
a 1997 364 0 7 3
a 2 1459 0 6 9
a 2 1073 0 32 5
a 4 1875 0 6 8
a 4 528 0 0 5
a 5 1724 0 6 7
a 5 1787 0 26 10
a 7 1236 0 6 6
a 7 1624 0 26 4
a 11 869 0 6 5
a 11 588 0 45 6
a 13 189 0 6 6
a 13 1390 0 47 3
a 15 430 0 6 10
a 15 298 0 43 7
a 16 128 0 6 8
a 16 250 0 12 4
a 17 365 0 6 1
a 17 1204 0 37 8
a 21 1120 0 6 4
a 21 516 0 12 3
a 23 1676 0 6 10
a 23 870 0 47 1
a 24 908 0 6 4
a 24 1174 0 37 8
a 26 596 0 6 9
a 26 414 0 7 5
a 28 1913 0 6 7
a 28 787 0 20 6
a 29 555 0 6 7
a 29 401 0 38 1
a 30 112 0 6 2
a 30 963 0 17 6
a 32 1667 0 6 2
a 32 1564 0 24 7
a 33 702 0 6 10
a 33 165 0 1 2
a 37 1721 0 6 2
a 37 1717 0 22 4
a 38 503 0 6 5
a 38 304 0 20 3
a 40 1397 0 6 8
a 40 1253 0 35 6
a 41 1512 0 6 1
a 41 414 0 37 8
a 45 1750 0 6 1
a 45 923 0 15 3
a 47 1950 0 6 10
a 47 174 0 19 1
a 48 84 0 6 6
a 48 594 0 29 8
a 50 1789 0 6 10
a 50 26 0 25 7
a 52 196 0 6 10
a 52 1998 0 10 2
a 53 639 0 6 7
a 53 803 0 3 1
a 55 948 0 6 1
a 55 1810 0 16 10
a 56 595 0 6 9
a 56 238 0 49 1
a 57 5 0 6 10
a 57 571 0 21 4
a 58 1432 0 6 7
a 58 15 0 36 9
a 60 1309 0 6 10
a 60 1272 0 6 1
a 61 1989 0 6 2
a 61 1144 0 7 2
a 68 1570 0 6 3
a 68 903 0 30 10
a 71 661 0 6 9
a 71 812 0 34 6
a 72 213 0 6 7
a 72 1095 0 21 5
a 75 1612 0 6 1
a 75 1339 0 26 9
a 76 738 0 6 8
a 76 1126 0 8 1
a 79 1214 0 6 1
a 79 49 0 47 4
a 80 1251 0 6 9
a 80 1621 0 40 2
a 84 1584 0 6 7
a 84 140 0 8 2
a 86 266 0 6 7
a 86 1374 0 34 2
a 88 1017 0 6 6
a 88 1679 0 21 1
a 89 760 0 6 8
a 89 55 0 36 2
a 92 685 0 6 2
a 92 172 0 24 4
a 95 1723 0 6 9
a 95 1409 0 46 4
a 98 1072 0 6 2
a 98 1006 0 24 9
a 100 1920 0 6 10
a 100 1614 0 8 9
a 101 879 0 6 7
a 101 754 0 43 2
a 102 1651 0 6 9
a 102 1003 0 6 7
a 104 1476 0 6 3
a 104 1880 0 49 6
a 105 1833 0 6 4
a 105 854 0 12 5
a 106 545 0 6 9
a 106 1944 0 44 8
a 111 513 0 6 2
a 111 1882 0 42 5
a 112 1001 0 6 1
a 112 1887 0 28 5
a 113 136 0 6 8
a 113 887 0 39 4
a 115 1028 0 6 9
a 115 1231 0 7 7
a 116 1800 0 6 5
a 116 348 0 15 6
a 117 1615 0 6 7
a 117 1454 0 41 8
a 118 1428 0 6 3
a 118 1875 0 36 2
a 120 1635 0 6 8
a 120 1155 0 5 5
a 122 50 0 6 5
a 122 157 0 23 10
a 123 1080 0 6 4
a 123 709 0 20 7
a 125 917 0 6 7
a 125 1546 0 34 7
a 126 1413 0 6 6
a 126 1878 0 49 5
a 128 729 0 6 10
a 128 1759 0 29 8
a 130 1366 0 6 4
a 130 888 0 5 2
a 131 252 0 6 1
a 131 4 0 19 4
a 132 1625 0 6 8
a 132 769 0 28 3
a 133 273 0 6 1
a 133 1905 0 16 8
a 136 371 0 6 8
a 136 561 0 37 9
a 137 589 0 6 5
a 137 537 0 43 2
a 138 1032 0 6 1
a 138 1530 0 5 1
a 140 1963 0 6 1
a 140 421 0 26 10
a 141 106 0 6 5
a 141 1992 0 41 1
a 143 1609 0 6 5
a 143 945 0 30 9
a 144 508 0 6 7
a 144 64 0 21 10
a 147 512 0 6 9
a 147 1119 0 6 1
a 148 1688 0 6 5
a 148 871 0 15 3
a 149 1320 0 6 7
a 149 1436 0 49 8
a 153 1988 0 6 6
a 153 422 0 11 2
a 154 1162 0 6 10
a 154 895 0 34 7
a 156 11 0 6 1
a 156 129 0 4 3
a 157 1496 0 6 1
a 157 1768 0 36 6
a 158 1063 0 6 4
a 158 1599 0 8 7
a 159 184 0 6 6
a 159 1093 0 27 3
a 160 874 0 6 4
a 160 1568 0 12 4
a 161 1754 0 6 9
a 161 1772 0 13 8
a 162 147 0 6 7
a 162 402 0 18 9
a 164 1195 0 6 4
a 164 471 0 8 8
a 165 514 0 6 6
a 165 1790 0 45 3
a 166 52 0 6 9
a 166 677 0 4 9
a 167 953 0 6 2
a 167 1070 0 13 6
a 168 857 0 6 7
a 168 1039 0 14 6
a 172 1748 0 6 4
a 172 1368 0 40 10
a 175 285 0 6 8
a 175 529 0 46 8
a 176 92 0 6 5
a 176 1146 0 34 10
a 177 13 0 6 10
a 177 1622 0 41 3
a 179 1747 0 6 7
a 179 520 0 30 6
a 183 1062 0 6 2
a 183 134 0 42 3
a 184 1371 0 6 10
a 184 170 0 35 3
a 185 216 0 6 8
a 185 637 0 13 7
a 187 1895 0 6 8
a 187 299 0 42 4
a 189 803 0 6 8
a 189 1962 0 3 1
a 194 719 0 6 9
a 194 1462 0 44 2
a 195 450 0 6 2
a 195 741 0 29 3
a 196 116 0 6 3
a 196 1120 0 6 7
a 197 199 0 6 6
a 197 888 0 43 5
a 198 1434 0 6 5
a 198 82 0 0 2
a 199 1009 0 6 9
a 199 561 0 14 2
a 200 372 0 6 5
a 200 1079 0 47 4
a 201 1078 0 6 4
a 201 1520 0 36 2
a 202 1054 0 6 6
a 202 1376 0 10 9
a 205 774 0 6 8
a 205 363 0 20 5
a 206 971 0 6 9
a 206 246 0 16 6
a 207 1623 0 6 7
a 207 343 0 48 2
a 208 979 0 6 5
a 208 366 0 3 6
a 209 131 0 6 2
a 209 159 0 25 6
a 212 622 0 6 3
a 212 1707 0 15 1
a 213 157 0 6 7
a 213 1359 0 25 5
a 216 1880 0 6 1
a 216 278 0 3 10
a 218 1907 0 6 5
a 218 1224 0 10 4
a 220 1311 0 6 6
a 220 262 0 46 5
a 222 1703 0 6 3
a 222 421 0 22 2
a 223 577 0 6 6
a 223 1219 0 18 2
a 224 1951 0 6 6
a 224 50 0 19 4
a 226 792 0 6 6
a 226 774 0 32 10
a 228 1762 0 6 1
a 228 1065 0 6 8
a 229 778 0 6 5
a 229 680 0 33 8
a 231 483 0 6 2
a 231 1197 0 6 7
a 232 485 0 6 4
a 232 53 0 37 7
a 234 1096 0 6 7
a 234 1679 0 17 6
a 235 1402 0 6 6
a 235 1768 0 49 4
a 236 1330 0 6 2
a 236 1669 0 21 10
a 241 529 0 6 9
a 241 1390 0 5 4
a 245 479 0 6 3
a 245 455 0 49 9
a 246 1261 0 6 9
a 246 60 0 28 7
a 248 185 0 6 10
a 248 956 0 33 9
a 250 1034 0 6 5
a 250 1843 0 12 9
a 251 1263 0 6 5
a 251 1471 0 50 9
a 252 1103 0 6 5
a 252 568 0 30 9
a 253 1915 0 6 7
a 253 901 0 29 6
a 257 894 0 6 5
a 257 1393 0 16 9
a 258 1153 0 6 4
a 258 1362 0 7 5
a 259 656 0 6 1
a 259 809 0 30 6
a 260 374 0 6 1
a 260 43 0 30 3
a 262 392 0 6 5
a 262 971 0 4 1
a 263 1451 0 6 9
a 263 879 0 0 2
a 265 461 0 6 10
a 265 1822 0 2 1
a 266 1903 0 6 2
a 266 1312 0 25 1
a 269 730 0 6 5
a 269 155 0 32 2
a 270 1358 0 6 4
a 270 1623 0 40 4
a 271 593 0 6 5
a 271 111 0 0 7
a 273 425 0 6 10
a 273 456 0 27 8
a 274 164 0 6 10
a 274 1838 0 34 8
a 275 15 0 6 6
a 275 124 0 29 8
a 276 670 0 6 10
a 276 149 0 17 6
a 277 143 0 6 3
a 277 1187 0 23 7
a 280 1761 0 6 10
a 280 1526 0 34 6
a 282 1760 0 6 6
a 282 174 0 6 3
a 285 1503 0 6 7
a 285 927 0 6 1
a 288 799 0 6 9
a 288 1220 0 26 7
a 289 1802 0 6 2
a 289 1053 0 34 7
a 292 1832 0 6 2
a 292 799 0 36 1
a 296 522 0 6 5
a 296 447 0 1 3
a 298 469 0 6 4
a 298 428 0 12 3
a 305 828 0 6 9
a 305 209 0 45 6
a 309 451 0 6 2
a 309 927 0 38 10
a 313 556 0 6 9
a 313 1850 0 25 7
a 314 885 0 6 4
a 314 1262 0 24 3
a 315 1561 0 6 5
a 315 1403 0 13 5
a 316 33 0 6 9
a 316 1921 0 24 10
a 317 658 0 6 7
a 317 295 0 7 2
a 318 253 0 6 3
a 318 1830 0 44 9
a 322 1357 0 6 3
a 322 1520 0 25 4
a 323 974 0 6 7
a 323 1341 0 1 1
a 324 1581 0 6 9
a 324 517 0 3 2
a 325 735 0 6 8
a 325 1071 0 0 5
a 326 1196 0 6 4
a 326 1654 0 27 1
a 329 605 0 6 2
a 329 674 0 4 1
a 333 1383 0 6 3
a 333 1554 0 43 1
a 336 1069 0 6 1
a 336 960 0 39 8
a 337 1815 0 6 6
a 337 910 0 15 10
a 341 218 0 6 3
a 341 1843 0 48 7
a 342 263 0 6 2
a 342 1118 0 19 8
a 343 80 0 6 10
a 343 1843 0 3 3
a 345 553 0 6 4
a 345 123 0 32 5
a 349 1088 0 6 5
a 349 21 0 6 10
a 353 1985 0 6 5
a 353 1832 0 10 5
a 354 1306 0 6 5
a 354 842 0 12 8
a 355 986 0 6 5
a 355 1298 0 48 4
a 356 1219 0 6 8
a 356 828 0 4 3
a 357 754 0 6 7
a 357 435 0 21 4
a 358 766 0 6 10
a 358 935 0 39 8
a 360 1422 0 6 4
a 360 1965 0 1 4
a 361 231 0 6 10
a 361 1013 0 31 1
a 363 1986 0 6 9
a 363 1780 0 30 4
a 364 111 0 6 2
a 364 141 0 47 6
a 365 801 0 6 2
a 365 1698 0 40 10
a 366 1953 0 6 3
a 366 1217 0 29 10
a 367 1006 0 6 7
a 367 1665 0 27 6
a 369 765 0 6 6
a 369 849 0 40 4
a 371 725 0 6 10
a 371 1780 0 45 8
a 372 813 0 6 9
a 372 1027 0 27 8
a 373 1157 0 6 6
a 373 1791 0 49 4
a 374 140 0 6 9
a 374 836 0 2 9
a 376 934 0 6 8
a 376 240 0 12 1
a 377 1014 0 6 6
a 377 793 0 32 1
a 381 1686 0 6 10
a 381 1316 0 33 10
a 382 1504 0 6 4
a 382 608 0 36 9
a 386 1356 0 6 6
a 386 1693 0 25 4
a 391 951 0 6 10
a 391 1308 0 6 10
a 392 954 0 6 1
a 392 1136 0 32 2
a 395 1439 0 6 4
a 395 34 0 4 8
a 399 1809 0 6 8
a 399 392 0 27 10
a 401 1729 0 6 6
a 401 1583 0 28 2
a 403 1689 0 6 3
a 403 739 0 35 4
a 404 631 0 6 7
a 404 606 0 39 5
a 406 470 0 6 3
a 406 1688 0 31 4
a 407 440 0 6 5
a 407 689 0 44 5
a 408 1965 0 6 9
a 408 234 0 31 6
a 409 1405 0 6 9
a 409 535 0 47 5
a 410 153 0 6 1
a 410 542 0 31 6
a 411 911 0 6 3
a 411 1161 0 36 7
a 414 1619 0 6 7
a 414 182 0 50 7
a 415 1248 0 6 9
a 415 987 0 41 3
a 417 549 0 6 6
a 417 380 0 20 1
a 418 585 0 6 8
a 418 1910 0 0 6
a 419 1076 0 6 2
a 419 1423 0 17 2
a 420 1094 0 6 5
a 420 540 0 2 4
a 421 1345 0 6 10
a 421 1286 0 41 3
a 423 1608 0 6 8
a 423 1198 0 40 3
a 424 464 0 6 10
a 424 1313 0 49 2
a 425 98 0 6 1
a 425 340 0 6 5
a 428 1117 0 6 5
a 428 1212 0 29 1
a 430 148 0 6 4
a 430 75 0 0 9
a 432 928 0 6 7
a 432 1985 0 37 3
a 433 1110 0 6 2
a 433 216 0 6 2
a 434 916 0 6 10
a 434 398 0 43 5
a 435 962 0 6 10
a 435 762 0 46 2
a 436 1831 0 6 9
a 436 221 0 7 4
a 438 561 0 6 8
a 438 995 0 15 5
a 440 1539 0 6 5
a 440 1164 0 36 5
a 442 232 0 6 8
a 442 411 0 40 9
a 443 635 0 6 8
a 443 1194 0 3 7
a 444 1890 0 6 2
a 444 1068 0 9 6
a 449 1301 0 6 1
a 449 1399 0 21 6
a 450 176 0 6 10
a 450 307 0 16 10
a 451 1647 0 6 9
a 451 365 0 49 5
a 452 434 0 6 8
a 452 921 0 37 2
a 453 161 0 6 2
a 453 1275 0 20 1
a 454 780 0 6 4
a 454 1490 0 31 5
a 455 1353 0 6 4
a 455 856 0 39 8
a 458 965 0 6 4
a 458 1138 0 42 8
a 460 696 0 6 8
a 460 1218 0 46 4
a 461 914 0 6 7
a 461 769 0 45 1
a 462 1073 0 6 3
a 462 4 0 36 6
a 463 1447 0 6 3
a 463 1112 0 9 3
a 464 1896 0 6 9
a 464 42 0 20 10
a 466 896 0 6 9
a 466 1411 0 16 6
a 469 1558 0 6 6
a 469 1836 0 11 4
a 470 245 0 6 2
a 470 1735 0 34 9
a 472 118 0 6 6
a 472 1244 0 30 1
a 474 1042 0 6 4
a 474 1736 0 30 1
a 476 292 0 6 6
a 476 218 0 38 6
a 479 611 0 6 2
a 479 381 0 44 7
a 482 271 0 6 9
a 482 1151 0 23 7
a 483 1638 0 6 1
a 483 587 0 5 9
a 484 1047 0 6 10
a 484 129 0 19 5
a 485 558 0 6 7
a 485 1845 0 15 4
a 486 45 0 6 10
a 486 37 0 28 6
a 490 619 0 6 7
a 490 1774 0 44 3
a 493 668 0 6 7
a 493 1004 0 47 1
a 494 435 0 6 3
a 494 1079 0 10 5
a 497 501 0 6 5
a 497 1725 0 16 1
a 498 1406 0 6 1
a 498 1405 0 41 8
a 501 1259 0 6 5
a 501 1649 0 4 4
a 503 1578 0 6 9
a 503 1842 0 38 2
a 508 1433 0 6 8
a 508 176 0 24 7
a 509 406 0 6 4
a 509 1382 0 12 4
a 512 1227 0 6 8
a 512 1570 0 26 5
a 513 1455 0 6 4
a 513 38 0 36 2
a 514 733 0 6 7
a 514 1861 0 16 4
a 517 837 0 6 6
a 517 458 0 41 9
a 519 1780 0 6 3
a 519 392 0 0 8
a 520 1486 0 6 1
a 520 1194 0 46 6
a 521 1778 0 6 6
a 521 1442 0 13 7
a 522 317 0 6 8
a 522 874 0 21 6
a 523 1487 0 6 7
a 523 1710 0 2 4
a 529 651 0 6 1
a 529 369 0 44 9
a 530 1727 0 6 7
a 530 47 0 15 10
a 533 1304 0 6 3
a 533 1624 0 41 6
a 534 994 0 6 1
a 534 989 0 4 8
a 535 486 0 6 9
a 535 178 0 28 3
a 537 1382 0 6 4
a 537 189 0 33 5
a 541 1367 0 6 3
a 541 162 0 10 7
a 543 399 0 6 1
a 543 1483 0 43 4
a 545 1838 0 6 1
a 545 1098 0 34 6
a 548 902 0 6 8
a 548 1233 0 4 2
a 549 831 0 6 9
a 549 937 0 25 10
a 550 424 0 6 7
a 550 103 0 10 2
a 553 1957 0 6 1
a 553 674 0 26 8
a 555 1444 0 6 6
a 555 663 0 20 9
a 556 1709 0 6 5
a 556 675 0 3 5
a 558 829 0 6 4
a 558 2000 0 36 2
a 559 1126 0 6 2
a 559 1650 0 46 6
a 560 71 0 6 6
a 560 1527 0 18 10
a 561 576 0 6 10
a 561 102 0 9 10
a 562 1477 0 6 10
a 562 843 0 25 8
a 564 1188 0 6 9
a 564 651 0 33 2
a 565 1866 0 6 8
a 565 222 0 45 6
a 566 1176 0 6 6
a 566 1420 0 33 10
a 573 158 0 6 3
a 573 1107 0 42 6
a 574 105 0 6 9
a 574 1857 0 10 4
a 575 804 0 6 2
a 575 1206 0 17 7
a 576 732 0 6 9
a 576 872 0 26 4
a 577 1093 0 6 5
a 577 1824 0 22 1
a 578 117 0 6 9
a 578 1552 0 14 4
a 580 1894 0 6 3
a 580 346 0 16 2
a 581 543 0 6 5
a 581 1081 0 37 2
a 585 443 0 6 6
a 585 154 0 39 2
a 586 634 0 6 5
a 586 193 0 40 7
a 589 1510 0 6 7
a 589 1902 0 49 10
a 590 648 0 6 10
a 590 1814 0 21 4
a 593 1906 0 6 4
a 593 550 0 42 7
a 594 1106 0 6 8
a 594 646 0 32 9
a 595 669 0 6 2
a 595 1647 0 47 8
a 596 1266 0 6 4
a 596 682 0 39 6
a 602 1495 0 6 5
a 602 1960 0 21 8
a 603 1059 0 6 1
a 603 1521 0 42 7
a 605 1720 0 6 8
a 605 1661 0 32 6
a 609 309 0 6 3
a 609 540 0 10 4
a 611 975 0 6 3
a 611 693 0 35 10
a 619 944 0 6 5
a 619 132 0 50 7
a 622 1622 0 6 3
a 622 815 0 3 10
a 623 520 0 6 5
a 623 979 0 24 10
a 626 159 0 6 1
a 626 1447 0 19 4
a 631 1346 0 6 6
a 631 717 0 15 3
a 633 1089 0 6 1
a 633 1667 0 4 4
a 634 714 0 6 8
a 634 1097 0 12 4
a 635 654 0 6 4
a 635 1264 0 11 10
a 639 462 0 6 3
a 639 1946 0 8 10
a 645 4 0 6 3
a 645 440 0 14 1
a 648 1753 0 6 7
a 648 742 0 12 1
a 650 1653 0 6 1
a 650 1727 0 34 4
a 651 76 0 6 4
a 651 1773 0 3 1
a 654 1283 0 6 8
a 654 485 0 8 2
a 656 1178 0 6 9
a 656 1567 0 13 8
a 658 1490 0 6 8
a 658 1460 0 2 8
a 659 1835 0 6 8
a 659 1301 0 36 5
a 660 409 0 6 6
a 660 751 0 12 5
a 661 408 0 6 4
a 661 775 0 21 3
a 662 749 0 6 5
a 662 205 0 22 7
a 664 1307 0 6 9
a 664 1507 0 7 5
a 668 1348 0 6 3
a 668 64 0 6 5
a 669 1202 0 6 8
a 669 1179 0 28 2
a 670 534 0 6 5
a 670 1516 0 1 5
a 672 329 0 6 5
a 672 1241 0 25 3
a 673 771 0 6 1
a 673 864 0 3 6
a 675 997 0 6 1
a 675 269 0 43 2
a 676 1543 0 6 3
a 676 795 0 26 5
a 681 1040 0 6 8
a 681 1570 0 9 4
a 683 17 0 6 3
a 683 354 0 46 2
a 685 377 0 6 5
a 685 1384 0 38 4
a 690 407 0 6 2
a 690 709 0 30 3
a 692 104 0 6 8
a 692 1339 0 44 2
a 694 858 0 6 10
a 694 622 0 24 3
a 696 282 0 6 3
a 696 369 0 25 5
a 701 1097 0 6 9
a 701 1829 0 14 10
a 702 257 0 6 4
a 702 1613 0 44 1
a 703 1208 0 6 9
a 703 1257 0 44 8
a 704 861 0 6 9
a 704 161 0 22 2
a 706 72 0 6 9
a 706 738 0 46 4
a 714 781 0 6 2
a 714 470 0 25 8
a 715 1742 0 6 6
a 715 425 0 28 1
a 717 58 0 6 8
a 717 1023 0 11 10
a 718 1797 0 6 4
a 718 414 0 24 9
a 719 315 0 6 9
a 719 1123 0 15 3
a 721 1102 0 6 2
a 721 106 0 7 8
a 722 472 0 6 8
a 722 1358 0 13 4
a 725 859 0 6 3
a 725 240 0 11 2
a 727 818 0 6 1
a 727 871 0 35 6
a 729 463 0 6 1
a 729 1523 0 41 6
a 730 7 0 6 9
a 730 988 0 38 10
a 732 1795 0 6 8
a 732 687 0 31 4
a 733 1799 0 6 9
a 733 1553 0 17 3
a 735 404 0 6 8
a 735 1222 0 6 4
a 738 1310 0 6 6
a 738 1960 0 44 10
a 740 442 0 6 6
a 740 754 0 22 3
a 741 137 0 6 8
a 741 1384 0 26 3
a 742 212 0 6 5
a 742 1481 0 49 2
a 743 1525 0 6 3
a 743 733 0 1 3
a 749 162 0 6 4
a 749 152 0 10 6
a 754 662 0 6 8
a 754 725 0 28 9
a 759 343 0 6 3
a 759 1441 0 15 3
a 760 1222 0 6 9
a 760 1631 0 41 8
a 763 1206 0 6 5
a 763 1488 0 25 3
a 765 1533 0 6 10
a 765 599 0 37 2
a 766 28 0 6 1
a 766 381 0 49 9
a 770 1467 0 6 7
a 770 1595 0 10 6
a 771 1023 0 6 6
a 771 480 0 42 6
a 774 336 0 6 8
a 774 435 0 15 9
a 776 1292 0 6 7
a 776 300 0 0 3
a 778 126 0 6 5
a 778 1238 0 9 2
a 780 1364 0 6 7
a 780 1251 0 29 7
a 781 120 0 6 2
a 781 653 0 46 3
a 783 229 0 6 10
a 783 72 0 22 3
a 786 937 0 6 7
a 786 1424 0 41 5
a 788 1969 0 6 7
a 788 692 0 24 10
a 789 280 0 6 5
a 789 1088 0 32 3
a 792 1887 0 6 3
a 792 822 0 26 1
a 798 877 0 6 6
a 798 735 0 9 8
a 799 1091 0 6 1
a 799 1505 0 2 4
a 800 1125 0 6 4
a 800 1796 0 12 10
a 801 1425 0 6 3
a 801 650 0 33 6
a 802 1735 0 6 7
a 802 972 0 42 3
a 803 149 0 6 9
a 803 519 0 30 7
a 804 1237 0 6 6
a 804 383 0 12 1
a 805 703 0 6 5
a 805 1879 0 12 5
a 811 1325 0 6 8
a 811 490 0 49 6
a 813 1339 0 6 8
a 813 1108 0 21 8
a 814 1962 0 6 8
a 814 538 0 18 7
a 816 840 0 6 5
a 816 509 0 41 6
a 818 1052 0 6 4
a 818 786 0 30 1
a 819 1119 0 6 1
a 819 1404 0 24 7
a 821 1959 0 6 5
a 821 784 0 32 10
a 823 296 0 6 3
a 823 1994 0 17 3
a 824 798 0 6 9
a 824 840 0 2 6
a 825 1775 0 6 9
a 825 1130 0 16 4
a 827 1004 0 6 4
a 827 1044 0 31 4
a 828 1095 0 6 8
a 828 942 0 28 7
a 829 1684 0 6 4
a 829 1440 0 17 7
a 831 1864 0 6 7
a 831 1288 0 48 9
a 832 1687 0 6 9
a 832 1743 0 7 7
a 833 1105 0 6 4
a 833 65 0 37 10
a 834 1917 0 6 1
a 834 1555 0 32 3
a 837 562 0 6 5
a 837 1712 0 20 7
a 839 580 0 6 9
a 839 1506 0 0 9
a 840 743 0 6 9
a 840 267 0 7 3
a 842 963 0 6 10
a 842 1585 0 22 2
a 850 61 0 6 7
a 850 1266 0 1 5
a 854 1468 0 6 1
a 854 1484 0 26 6
a 857 981 0 6 1
a 857 730 0 43 3
a 858 1549 0 6 1
a 858 1452 0 46 10
a 859 305 0 6 4
a 859 1670 0 24 1
a 861 1163 0 6 10
a 861 832 0 31 8
a 862 1061 0 6 10
a 862 1455 0 25 3
a 869 1788 0 6 3
a 869 1420 0 24 10
a 870 786 0 6 7
a 870 1912 0 38 5
a 874 1138 0 6 7
a 874 1721 0 34 3
a 877 102 0 6 3
a 877 564 0 27 7
a 878 681 0 6 5
a 878 592 0 27 5
a 879 1952 0 6 6
a 879 1535 0 47 8
a 883 602 0 6 6
a 883 1200 0 23 2
a 885 1479 0 6 1
a 885 872 0 23 8
a 887 1448 0 6 3
a 887 1947 0 15 6
a 889 1488 0 6 1
a 889 1677 0 45 2
a 893 1566 0 6 6
a 893 1694 0 30 2
a 894 1031 0 6 9
a 894 1861 0 7 3
a 896 38 0 6 6
a 896 1477 0 4 1
a 902 1368 0 6 5
a 902 1790 0 30 9
a 903 1020 0 6 8
a 903 1936 0 17 8
a 904 1293 0 6 4
a 904 621 0 4 7
a 905 833 0 6 6
a 905 541 0 5 8
a 907 1449 0 6 6
a 907 1618 0 20 1
a 908 694 0 6 3
a 908 291 0 0 9
a 909 1015 0 6 1
a 909 180 0 1 6
a 910 987 0 6 7
a 910 1961 0 16 10
a 911 361 0 6 7
a 911 843 0 20 1
a 914 432 0 6 3
a 914 1308 0 41 10
a 916 1792 0 6 10
a 916 1339 0 23 3
a 917 1246 0 6 6
a 917 941 0 11 3
a 920 690 0 6 10
a 920 1922 0 23 5
a 921 1726 0 6 9
a 921 534 0 38 6
a 922 403 0 6 6
a 922 1739 0 11 7
a 924 1189 0 6 6
a 924 1890 0 0 3
a 928 1334 0 6 8
a 928 160 0 1 4
a 930 30 0 6 7
a 930 245 0 24 2
a 931 823 0 6 9
a 931 1844 0 45 3
a 934 452 0 6 2
a 934 1195 0 7 7
a 937 349 0 6 5
a 937 1854 0 12 5
a 943 1322 0 6 8
a 943 1688 0 16 3
a 944 1154 0 6 10
a 944 1935 0 45 8
a 945 960 0 6 8
a 945 371 0 24 4
a 946 1019 0 6 9
a 946 1923 0 21 10
a 948 89 0 6 6
a 948 1087 0 20 4
a 949 1626 0 6 9
a 949 1739 0 48 7
a 951 564 0 6 5
a 951 1354 0 21 10
a 953 921 0 6 6
a 953 1966 0 5 5
a 954 355 0 6 10
a 954 460 0 11 5
a 958 1037 0 6 3
a 958 1852 0 4 2
a 959 115 0 6 9
a 959 1588 0 36 9
a 960 541 0 6 7
a 960 1049 0 46 1
a 962 673 0 6 8
a 962 1881 0 23 8
a 963 1701 0 6 4
a 963 1645 0 14 1
a 964 411 0 6 10
a 964 169 0 26 4
a 965 260 0 6 2
a 965 1049 0 35 5
a 969 1947 0 6 8
a 969 51 0 39 10
a 971 1008 0 6 6
a 971 185 0 0 9
a 974 1580 0 6 7
a 974 1459 0 16 4
a 975 1834 0 6 4
a 975 1456 0 15 3
a 979 1861 0 6 9
a 979 667 0 29 8
a 981 1056 0 6 8
a 981 191 0 33 10
a 983 1718 0 6 10
a 983 1228 0 42 9
a 984 156 0 6 9
a 984 184 0 13 5
a 986 715 0 6 6
a 986 1824 0 15 2
a 987 1768 0 6 7
a 987 484 0 10 10
a 991 969 0 6 6
a 991 250 0 7 6
a 994 1474 0 6 7
a 994 504 0 47 7
a 997 29 0 6 6
a 997 1516 0 44 5
a 1001 1344 0 6 1
a 1001 750 0 16 5
a 1002 1883 0 6 3
a 1002 1032 0 8 1
a 1003 342 0 6 2
a 1003 525 0 15 9
a 1004 275 0 6 2
a 1004 1222 0 17 7
a 1006 1790 0 6 10
a 1006 1926 0 21 10
a 1008 455 0 6 7
a 1008 25 0 30 2
a 1009 1099 0 6 7
a 1009 1206 0 33 3
a 1012 1079 0 6 3
a 1012 1485 0 15 3
a 1013 825 0 6 7
a 1013 1630 0 26 1
a 1014 839 0 6 4
a 1014 1117 0 48 7
a 1015 1600 0 6 7
a 1015 1914 0 30 8
a 1016 920 0 6 4
a 1016 1009 0 21 8
a 1017 776 0 6 3
a 1017 1347 0 8 10
a 1019 949 0 6 9
a 1019 818 0 35 1
a 1020 548 0 6 5
a 1020 413 0 21 8
a 1022 850 0 6 1
a 1022 1103 0 36 4
a 1023 357 0 6 9
a 1023 1310 0 10 1
a 1028 341 0 6 6
a 1028 286 0 27 9
a 1031 718 0 6 3
a 1031 647 0 36 2
a 1032 1818 0 6 3
a 1032 1952 0 1 4
a 1034 418 0 6 1
a 1034 1702 0 31 6
a 1037 265 0 6 6
a 1037 557 0 22 7
a 1040 626 0 6 10
a 1040 542 0 13 7
a 1041 1295 0 6 7
a 1041 1290 0 12 9
a 1042 1548 0 6 9
a 1042 1385 0 13 9
a 1043 1232 0 6 5
a 1043 1440 0 4 3
a 1047 537 0 6 10
a 1047 1378 0 39 7
a 1050 1133 0 6 4
a 1050 21 0 34 10
a 1052 1199 0 6 1
a 1052 1670 0 45 6
a 1054 68 0 6 1
a 1054 341 0 36 10
a 1056 1180 0 6 6
a 1056 1079 0 15 5
a 1058 23 0 6 9
a 1058 1600 0 11 6
a 1059 1084 0 6 8
a 1059 1957 0 50 7
a 1060 493 0 6 9
a 1060 782 0 26 4
a 1061 235 0 6 4
a 1061 1202 0 37 2
a 1062 1070 0 6 6
a 1062 611 0 22 6
a 1063 179 0 6 3
a 1063 1796 0 21 5
a 1065 991 0 6 8
a 1065 885 0 17 5
a 1067 984 0 6 10
a 1067 1130 0 17 2
a 1069 566 0 6 2
a 1069 770 0 2 7
a 1070 1159 0 6 3
a 1070 801 0 12 8
a 1072 207 0 6 2
a 1072 787 0 7 2
a 1073 1489 0 6 3
a 1073 1411 0 50 2
a 1075 1919 0 6 6
a 1075 890 0 2 2
a 1076 1396 0 6 10
a 1076 1882 0 22 3
a 1078 1791 0 6 4
a 1078 675 0 14 8
a 1079 1665 0 6 9
a 1079 900 0 3 1
a 1080 1373 0 6 8
a 1080 1398 0 22 7
a 1084 144 0 6 3
a 1084 818 0 2 3
a 1086 1930 0 6 6
a 1086 1003 0 49 3
a 1088 1193 0 6 5
a 1088 1426 0 38 2
a 1089 800 0 6 6
a 1089 586 0 14 3
a 1090 376 0 6 3
a 1090 96 0 15 2
a 1091 1135 0 6 7
a 1091 1849 0 0 8
a 1092 1203 0 6 8
a 1092 1357 0 16 9
a 1093 1323 0 6 10
a 1093 848 0 38 4
a 1094 16 0 6 4
a 1094 1882 0 25 7
a 1095 1466 0 6 8
a 1095 1184 0 28 4
a 1096 1846 0 6 6
a 1096 170 0 26 7
a 1097 741 0 6 1
a 1097 713 0 37 5
a 1099 832 0 6 1
a 1099 1484 0 35 7
a 1101 1404 0 6 8
a 1101 1558 0 0 4
a 1102 1674 0 6 4
a 1102 901 0 11 1
a 1103 533 0 6 9
a 1103 1885 0 0 7
a 1105 1265 0 6 5
a 1105 976 0 21 10
a 1106 386 0 6 8
a 1106 458 0 5 7
a 1110 1270 0 6 1
a 1110 1450 0 21 2
a 1117 905 0 6 7
a 1117 205 0 46 5
a 1119 1982 0 6 7
a 1119 672 0 37 4
a 1120 1016 0 6 8
a 1120 649 0 9 6
a 1121 1470 0 6 8
a 1121 1779 0 0 6
a 1123 1012 0 6 3
a 1123 239 0 39 2
a 1125 870 0 6 2
a 1125 325 0 32 4
a 1126 1756 0 6 9
a 1126 703 0 18 4
a 1129 453 0 6 3
a 1129 873 0 31 10
a 1133 198 0 6 2
a 1133 312 0 21 1
a 1134 1603 0 6 2
a 1134 314 0 6 2
a 1135 1256 0 6 5
a 1135 433 0 15 3
a 1136 692 0 6 3
a 1136 756 0 34 10
a 1138 530 0 6 3
a 1138 1418 0 22 6
a 1146 313 0 6 4
a 1146 414 0 35 3
a 1147 1441 0 6 8
a 1147 1409 0 6 5
a 1149 1408 0 6 1
a 1149 1258 0 20 4
a 1150 318 0 6 3
a 1150 1626 0 23 9
a 1153 1253 0 6 5
a 1153 1954 0 7 9
a 1154 1536 0 6 10
a 1154 1812 0 27 7
a 1157 205 0 6 4
a 1157 961 0 12 3
a 1159 47 0 6 3
a 1159 237 0 29 2
a 1162 1351 0 6 6
a 1162 1704 0 37 3
a 1163 433 0 6 2
a 1163 1909 0 16 7
a 1167 1427 0 6 4
a 1167 1324 0 2 8
a 1168 494 0 6 3
a 1168 1762 0 15 2
a 1169 1463 0 6 8
a 1169 1035 0 40 1
a 1170 298 0 6 7
a 1170 1970 0 16 3
a 1172 1636 0 6 9
a 1172 1354 0 43 10
a 1176 727 0 6 9
a 1176 1836 0 33 1
a 1178 123 0 6 1
a 1178 605 0 33 6
a 1180 57 0 6 10
a 1180 1753 0 35 4
a 1181 449 0 6 7
a 1181 835 0 33 4
a 1184 1910 0 6 3
a 1184 624 0 22 7
a 1186 1217 0 6 1
a 1186 287 0 2 7
a 1188 1699 0 6 4
a 1188 739 0 23 4
a 1189 1926 0 6 7
a 1189 1869 0 19 6
a 1193 574 0 6 6
a 1193 1498 0 43 3
a 1194 1242 0 6 8
a 1194 886 0 19 10
a 1195 1805 0 6 3
a 1195 231 0 33 7
a 1196 1765 0 6 6
a 1196 949 0 25 4
a 1197 246 0 6 6
a 1197 1040 0 11 4
a 1199 1738 0 6 9
a 1199 1366 0 36 9
a 1202 454 0 6 2
a 1202 322 0 41 1
a 1203 578 0 6 1
a 1203 935 0 16 3
a 1206 878 0 6 8
a 1206 881 0 30 1
a 1208 1606 0 6 6
a 1208 871 0 43 5
a 1212 1395 0 6 5
a 1212 1662 0 26 2
a 1214 1591 0 6 6
a 1214 222 0 24 2
a 1215 704 0 6 2
a 1215 488 0 34 10
a 1216 550 0 6 8
a 1216 1806 0 14 8
a 1217 133 0 6 4
a 1217 398 0 29 5
a 1219 827 0 6 4
a 1219 46 0 14 6
a 1220 521 0 6 8
a 1220 796 0 15 1
a 1222 650 0 6 4
a 1222 295 0 1 8
a 1227 1272 0 6 2
a 1227 1196 0 14 2
a 1230 382 0 6 6
a 1230 1185 0 50 2
a 1232 742 0 6 1
a 1232 1094 0 16 2
a 1233 1810 0 6 4
a 1233 212 0 47 8
a 1235 1390 0 6 1
a 1235 1767 0 39 10
a 1236 594 0 6 2
a 1236 1600 0 1 3
a 1237 1453 0 6 6
a 1237 1607 0 48 2
a 1238 1725 0 6 9
a 1238 1818 0 48 4
a 1240 1002 0 6 10
a 1240 1442 0 37 2
a 1242 1240 0 6 2
a 1242 1917 0 13 7
a 1244 367 0 6 5
a 1244 1847 0 7 4
a 1246 1335 0 6 8
a 1246 599 0 5 6
a 1248 420 0 6 1
a 1248 272 0 50 7
a 1249 1065 0 6 10
a 1249 691 0 20 4
a 1251 333 0 6 3
a 1251 1014 0 41 9
a 1253 1370 0 6 2
a 1253 1041 0 19 3
a 1256 816 0 6 9
a 1256 1965 0 1 8
a 1259 824 0 6 6
a 1259 239 0 18 3
a 1260 419 0 6 4
a 1260 1781 0 10 9
a 1261 560 0 6 6
a 1261 1688 0 22 7
a 1263 1978 0 6 6
a 1263 1942 0 31 4
a 1265 1481 0 6 1
a 1265 482 0 39 1
a 1266 590 0 6 10
a 1266 1467 0 3 3
a 1270 226 0 6 1
a 1270 1430 0 5 6
a 1272 458 0 6 5
a 1272 1807 0 48 9
a 1275 21 0 6 9
a 1275 40 0 19 8
a 1279 1616 0 6 8
a 1279 1369 0 31 5
a 1280 814 0 6 4
a 1280 1673 0 39 10
a 1283 1630 0 6 3
a 1283 1888 0 39 2
a 1289 482 0 6 4
a 1289 1441 0 4 10
a 1290 1682 0 6 8
a 1290 119 0 34 8
a 1292 1993 0 6 3
a 1292 1579 0 17 2
a 1293 1426 0 6 1
a 1293 1069 0 10 1
a 1295 1418 0 6 10
a 1295 1399 0 16 2
a 1300 1649 0 6 4
a 1300 1216 0 16 8
a 1301 1352 0 6 10
a 1301 1476 0 41 3
a 1302 436 0 6 2
a 1302 1167 0 9 3
a 1303 1694 0 6 1
a 1303 1822 0 24 6
a 1304 122 0 6 9
a 1304 768 0 26 4
a 1306 1338 0 6 6
a 1306 719 0 48 3
a 1307 1150 0 6 8
a 1307 1516 0 6 8
a 1309 1640 0 6 5
a 1309 969 0 37 10
a 1310 910 0 6 9
a 1310 1757 0 30 10
a 1311 1632 0 6 7
a 1311 1582 0 7 4
a 1315 1060 0 6 3
a 1315 574 0 39 3
a 1317 1523 0 6 2
a 1317 1868 0 10 2
a 1319 517 0 6 10
a 1319 577 0 43 5
a 1320 904 0 6 7
a 1320 1420 0 41 8
a 1322 288 0 6 6
a 1322 578 0 23 10
a 1323 101 0 6 10
a 1323 307 0 7 7
a 1325 1319 0 6 10
a 1325 1351 0 36 4
a 1327 438 0 6 5
a 1327 1784 0 8 10
a 1329 476 0 6 7
a 1329 1820 0 36 5
a 1330 854 0 6 7
a 1330 583 0 11 7
a 1332 1857 0 6 5
a 1332 694 0 38 10
a 1333 209 0 6 6
a 1333 699 0 9 3
a 1334 1843 0 6 4
a 1334 1386 0 30 6
a 1335 1149 0 6 4
a 1335 1458 0 8 6
a 1338 1212 0 6 6
a 1338 1026 0 35 6
a 1339 1546 0 6 8
a 1339 1233 0 44 6
a 1341 1740 0 6 2
a 1341 957 0 2 9
a 1344 1994 0 6 2
a 1344 1139 0 15 2
a 1345 1783 0 6 10
a 1345 1149 0 2 9
a 1346 1365 0 6 3
a 1346 626 0 1 4
a 1348 223 0 6 1
a 1348 524 0 27 4
a 1351 1666 0 6 3
a 1351 1675 0 46 3
a 1352 1184 0 6 1
a 1352 1493 0 17 5
a 1353 1613 0 6 2
a 1353 469 0 46 10
a 1354 95 0 6 9
a 1354 569 0 15 5
a 1356 194 0 6 5
a 1356 199 0 19 7
a 1357 202 0 6 3
a 1357 1607 0 38 5
a 1358 1658 0 6 10
a 1358 389 0 12 1
a 1364 1544 0 6 3
a 1364 1258 0 30 5
a 1365 1998 0 6 1
a 1365 562 0 25 6
a 1366 1238 0 6 8
a 1366 1380 0 48 10
a 1367 1279 0 6 7
a 1367 1175 0 4 5
a 1368 1431 0 6 10
a 1368 1380 0 14 6
a 1370 277 0 6 9
a 1370 765 0 13 2
a 1371 842 0 6 7
a 1371 1874 0 17 1
a 1373 701 0 6 2
a 1373 1522 0 17 2
a 1378 417 0 6 3
a 1378 890 0 14 7
a 1382 1123 0 6 9
a 1382 1213 0 7 2
a 1383 24 0 6 3
a 1383 1486 0 1 10
a 1386 805 0 6 5
a 1386 614 0 0 2
a 1390 241 0 6 7
a 1390 1263 0 8 7
a 1391 1860 0 6 4
a 1391 713 0 20 10
a 1392 623 0 6 5
a 1392 1439 0 30 10
a 1394 414 0 6 7
a 1394 44 0 21 10
a 1395 363 0 6 5
a 1395 1001 0 26 3
a 1396 889 0 6 3
a 1396 1493 0 0 10
a 1397 428 0 6 10
a 1397 610 0 13 4
a 1399 1169 0 6 9
a 1399 834 0 21 8
a 1401 1828 0 6 10
a 1401 1621 0 31 5
a 1402 893 0 6 2
a 1402 1785 0 50 7
a 1403 1641 0 6 6
a 1403 43 0 2 9
a 1404 1332 0 6 9
a 1404 1806 0 10 5
a 1405 922 0 6 2
a 1405 1059 0 36 8
a 1406 41 0 6 7
a 1406 1461 0 0 10
a 1408 160 0 6 7
a 1408 1554 0 28 5
a 1412 220 0 6 2
a 1412 1835 0 19 1
a 1413 175 0 6 8
a 1413 1833 0 37 10
a 1416 1973 0 6 2
a 1416 1494 0 26 3
a 1417 1999 0 6 3
a 1417 1054 0 12 4
a 1418 88 0 6 3
a 1418 578 0 21 7
a 1420 276 0 6 9
a 1420 847 0 5 5
a 1422 676 0 6 6
a 1422 1863 0 48 6
a 1425 834 0 6 6
a 1425 1954 0 31 6
a 1426 1472 0 6 4
a 1426 1894 0 49 8
a 1427 100 0 6 6
a 1427 119 0 0 7
a 1428 1186 0 6 10
a 1428 902 0 6 1
a 1431 1639 0 6 10
a 1431 705 0 49 10
a 1432 1842 0 6 8
a 1432 1968 0 14 8
a 1433 1758 0 6 10
a 1433 815 0 2 7
a 1434 130 0 6 2
a 1434 671 0 22 2
a 1435 930 0 6 2
a 1435 1851 0 41 4
a 1439 177 0 6 1
a 1439 564 0 28 10
a 1441 195 0 6 6
a 1441 1134 0 42 9
a 1444 1642 0 6 1
a 1444 98 0 19 4
a 1445 609 0 6 4
a 1445 771 0 3 2
a 1447 1194 0 6 4
a 1447 883 0 0 1
a 1448 165 0 6 7
a 1448 1349 0 19 9
a 1449 423 0 6 2
a 1449 272 0 24 1
a 1451 1469 0 6 3
a 1451 930 0 36 3
a 1452 1249 0 6 2
a 1452 1475 0 1 4
a 1453 1948 0 6 3
a 1453 481 0 17 1
a 1455 183 0 6 4
a 1455 758 0 1 7
a 1459 354 0 6 8
a 1459 1132 0 26 2
a 1463 1086 0 6 9
a 1463 74 0 0 3
a 1465 1041 0 6 6
a 1465 1623 0 33 9
a 1466 559 0 6 6
a 1466 1757 0 38 9
a 1467 1645 0 6 10
a 1467 496 0 15 3
a 1468 1315 0 6 7
a 1468 1679 0 14 7
a 1469 1974 0 6 10
a 1469 49 0 8 10
a 1470 1302 0 6 1
a 1470 565 0 39 9
a 1472 946 0 6 4
a 1472 1004 0 22 9
a 1473 1940 0 6 1
a 1473 177 0 25 5
a 1474 1771 0 6 4
a 1474 124 0 16 10
a 1475 1968 0 6 2
a 1475 992 0 30 9
a 1476 862 0 6 3
a 1476 555 0 11 1
a 1477 1050 0 6 10
a 1477 599 0 3 1
a 1479 258 0 6 2
a 1479 179 0 13 9
a 1481 391 0 6 9
a 1481 1360 0 38 10
a 1482 1067 0 6 3
a 1482 228 0 41 9
a 1486 201 0 6 9
a 1486 157 0 40 3
a 1487 323 0 6 10
a 1487 1861 0 17 3
a 1488 1607 0 6 2
a 1488 1451 0 0 1
a 1489 802 0 6 3
a 1489 1531 0 16 6
a 1490 270 0 6 10
a 1490 503 0 39 2
a 1495 1482 0 6 4
a 1495 1811 0 30 9
a 1496 1445 0 6 10
a 1496 1862 0 28 8
a 1499 356 0 6 6
a 1499 756 0 15 8
a 1503 1594 0 6 7
a 1503 1136 0 10 6
a 1504 1090 0 6 8
a 1504 953 0 17 8
a 1510 1620 0 6 2
a 1510 239 0 49 9
a 1512 1181 0 6 3
a 1512 523 0 26 9
a 1523 236 0 6 1
a 1523 925 0 35 7
a 1525 645 0 6 4
a 1525 1411 0 8 7
a 1530 1621 0 6 8
a 1530 1894 0 6 1
a 1533 55 0 6 10
a 1533 1096 0 30 10
a 1534 1378 0 6 1
a 1534 708 0 2 5
a 1536 1870 0 6 6
a 1536 89 0 29 3
a 1538 573 0 6 4
a 1538 808 0 12 7
a 1539 721 0 6 10
a 1539 1629 0 42 8
a 1541 466 0 6 7
a 1541 811 0 47 4
a 1543 1329 0 6 5
a 1543 1290 0 13 9
a 1544 1275 0 6 2
a 1544 978 0 9 1
a 1546 1435 0 6 8
a 1546 222 0 26 10
a 1548 48 0 6 4
a 1548 1404 0 5 2
a 1549 1233 0 6 7
a 1549 262 0 50 8
a 1552 1779 0 6 9
a 1552 103 0 37 9
a 1558 373 0 6 3
a 1558 1975 0 22 4
a 1561 535 0 6 10
a 1561 915 0 31 8
a 1563 1966 0 6 2
a 1563 1103 0 25 7
a 1566 783 0 6 2
a 1566 1391 0 5 3
a 1568 1303 0 6 9
a 1568 1956 0 12 2
a 1570 197 0 6 4
a 1570 1052 0 13 1
a 1571 1167 0 6 8
a 1571 1357 0 31 10
a 1574 1121 0 6 4
a 1574 1490 0 33 7
a 1576 1215 0 6 9
a 1576 1342 0 10 2
a 1578 1391 0 6 7
a 1578 1377 0 38 8
a 1580 1806 0 6 2
a 1580 695 0 29 8
a 1581 40 0 6 7
a 1581 1436 0 47 1
a 1584 1956 0 6 2
a 1584 73 0 48 7
a 1590 1786 0 6 10
a 1590 1377 0 44 3
a 1591 1590 0 6 2
a 1591 787 0 42 2
a 1594 1101 0 6 9
a 1594 57 0 48 4
a 1600 1656 0 6 8
a 1600 1266 0 10 9
a 1603 421 0 6 5
a 1603 1254 0 29 10
a 1605 1170 0 6 8
a 1605 684 0 49 5
a 1606 1534 0 6 5
a 1606 882 0 40 7
a 1607 1168 0 6 7
a 1607 302 0 44 5
a 1608 660 0 6 8
a 1608 1221 0 29 2
a 1609 575 0 6 8
a 1609 870 0 28 4
a 1610 369 0 6 5
a 1610 1633 0 33 2
a 1612 887 0 6 6
a 1612 1991 0 13 8
a 1613 132 0 6 6
a 1613 1287 0 15 9
a 1615 1610 0 6 8
a 1615 1529 0 10 5
a 1616 1392 0 6 2
a 1616 1168 0 41 2
a 1619 1865 0 6 3
a 1619 78 0 39 1
a 1620 1970 0 6 10
a 1620 844 0 13 3
a 1621 1921 0 6 3
a 1621 285 0 22 1
a 1622 262 0 6 7
a 1622 817 0 34 10
a 1623 1420 0 6 8
a 1623 237 0 24 8
a 1625 498 0 6 6
a 1625 590 0 43 2
a 1626 75 0 6 1
a 1626 495 0 13 1
a 1628 154 0 6 4
a 1628 478 0 19 2
a 1630 1530 0 6 10
a 1630 1606 0 16 5
a 1632 1280 0 6 4
a 1632 858 0 41 4
a 1634 1976 0 6 9
a 1634 486 0 38 9
a 1635 883 0 6 10
a 1635 1161 0 16 7
a 1636 1022 0 6 8
a 1636 1192 0 49 2
a 1638 565 0 6 2
a 1638 1070 0 45 2
a 1639 1807 0 6 2
a 1639 1908 0 43 7
a 1640 314 0 6 2
a 1640 1234 0 17 3
a 1641 1172 0 6 1
a 1641 547 0 19 9
a 1642 410 0 6 3
a 1642 1594 0 34 10
a 1643 1333 0 6 3
a 1643 176 0 25 6
a 1645 1541 0 6 3
a 1645 1499 0 21 7
a 1647 113 0 6 3
a 1647 1697 0 31 9
a 1648 1300 0 6 4
a 1648 937 0 40 9
a 1649 1416 0 6 10
a 1649 1606 0 2 4
a 1651 1013 0 6 4
a 1651 785 0 18 8
a 1653 931 0 6 3
a 1653 75 0 24 7
a 1656 1475 0 6 1
a 1656 193 0 29 7
a 1658 603 0 6 8
a 1658 1328 0 50 9
a 1659 1954 0 6 9
a 1659 285 0 6 10
a 1664 353 0 6 2
a 1664 76 0 10 10
a 1665 53 0 6 8
a 1665 427 0 24 6
a 1666 1675 0 6 1
a 1666 1513 0 20 2
a 1667 909 0 6 8
a 1667 1304 0 7 1
a 1674 1885 0 6 1
a 1674 1887 0 50 5
a 1675 1290 0 6 1
a 1675 1228 0 34 9
a 1676 1811 0 6 7
a 1676 570 0 21 5
a 1682 672 0 6 8
a 1682 883 0 15 4
a 1684 811 0 6 8
a 1684 1943 0 2 7
a 1686 1643 0 6 3
a 1686 792 0 27 1
a 1687 1733 0 6 4
a 1687 1380 0 48 8
a 1688 1764 0 6 8
a 1688 364 0 14 6
a 1689 659 0 6 6
a 1689 1213 0 11 9
a 1692 381 0 6 4
a 1692 1158 0 33 1
a 1694 740 0 6 5
a 1694 1011 0 45 1
a 1699 1759 0 6 6
a 1699 1176 0 6 4
a 1701 1845 0 6 5
a 1701 1082 0 48 3
a 1703 1707 0 6 1
a 1703 1029 0 50 4
a 1707 497 0 6 8
a 1707 801 0 26 8
a 1708 983 0 6 8
a 1708 525 0 13 1
a 1709 395 0 6 4
a 1709 929 0 1 5
a 1718 1354 0 6 6
a 1718 737 0 49 4
a 1720 490 0 6 10
a 1720 683 0 37 9
a 1721 1403 0 6 2
a 1721 309 0 25 8
a 1723 903 0 6 2
a 1723 843 0 29 4
a 1724 1837 0 6 3
a 1724 339 0 9 4
a 1725 1197 0 6 1
a 1725 863 0 46 5
a 1726 1473 0 6 5
a 1726 573 0 9 5
a 1727 1058 0 6 6
a 1727 260 0 45 9
a 1729 259 0 6 5
a 1729 204 0 39 7
a 1732 1648 0 6 8
a 1732 1342 0 46 10
a 1733 1856 0 6 6
a 1733 256 0 21 8
a 1735 519 0 6 6
a 1735 909 0 32 9
a 1738 56 0 6 5
a 1738 1230 0 18 10
a 1740 1942 0 6 3
a 1740 1989 0 40 2
a 1742 1327 0 6 4
a 1742 1530 0 19 6
a 1747 1399 0 6 8
a 1747 684 0 47 8
a 1748 138 0 6 6
a 1748 514 0 22 4
a 1750 274 0 6 4
a 1750 1131 0 3 4
a 1752 360 0 6 10
a 1752 1235 0 28 10
a 1753 586 0 6 2
a 1753 165 0 8 1
a 1754 924 0 6 4
a 1754 573 0 0 10
a 1756 1146 0 6 10
a 1756 712 0 16 3
a 1758 1136 0 6 9
a 1758 1761 0 32 8
a 1759 1692 0 6 10
a 1759 518 0 1 7
a 1760 32 0 6 3
a 1760 1486 0 16 6
a 1761 633 0 6 5
a 1761 1869 0 8 1
a 1762 248 0 6 2
a 1762 1979 0 33 1
a 1764 251 0 6 4
a 1764 694 0 11 9
a 1765 1563 0 6 10
a 1765 110 0 14 10
a 1768 1923 0 6 2
a 1768 1375 0 24 7
a 1771 1909 0 6 1
a 1771 761 0 10 6
a 1775 770 0 6 9
a 1775 1934 0 34 3
a 1778 1872 0 6 9
a 1778 202 0 23 10
a 1779 763 0 6 2
a 1779 1279 0 43 3
a 1780 358 0 6 7
a 1780 1428 0 13 3
a 1783 675 0 6 3
a 1783 1257 0 29 7
a 1784 172 0 6 2
a 1784 255 0 8 5
a 1786 366 0 6 4
a 1786 1787 0 25 7
a 1788 1977 0 6 9
a 1788 506 0 7 5
a 1789 1412 0 6 1
a 1789 98 0 35 8
a 1790 200 0 6 1
a 1790 1403 0 22 10
a 1791 224 0 6 10
a 1791 679 0 5 2
a 1792 964 0 6 5
a 1792 1834 0 27 4
a 1795 1932 0 6 5
a 1795 1132 0 41 3
a 1797 1220 0 6 1
a 1797 296 0 50 6
a 1799 1092 0 6 8
a 1799 1301 0 14 6
a 1800 717 0 6 4
a 1800 1873 0 22 6
a 1802 1394 0 6 6
a 1802 1811 0 28 2
a 1805 1938 0 6 3
a 1805 117 0 14 6
a 1806 324 0 6 9
a 1806 822 0 38 1
a 1807 1341 0 6 7
a 1807 860 0 45 10
a 1809 664 0 6 2
a 1809 1269 0 37 1
a 1810 1904 0 6 9
a 1810 712 0 0 4
a 1811 1552 0 6 9
a 1811 2000 0 6 3
a 1815 943 0 6 2
a 1815 664 0 11 2
a 1818 759 0 6 6
a 1818 461 0 2 10
a 1828 1216 0 6 10
a 1828 1289 0 22 8
a 1829 959 0 6 8
a 1829 834 0 11 9
a 1831 788 0 6 2
a 1831 1685 0 18 7
a 1832 167 0 6 9
a 1832 894 0 19 2
a 1833 1452 0 6 7
a 1833 5 0 24 7
a 1834 141 0 6 7
a 1834 643 0 33 6
a 1835 484 0 6 10
a 1835 1696 0 36 2
a 1837 228 0 6 7
a 1837 612 0 21 2
a 1838 1003 0 6 2
a 1838 1331 0 1 1
a 1841 269 0 6 10
a 1841 1485 0 37 3
a 1842 1605 0 6 4
a 1842 1213 0 21 5
a 1843 86 0 6 8
a 1843 1696 0 36 10
a 1845 1996 0 6 3
a 1845 701 0 26 1
a 1846 1929 0 6 3
a 1846 425 0 33 1
a 1855 206 0 6 3
a 1855 100 0 4 3
a 1856 364 0 6 1
a 1856 1994 0 11 6
a 1857 1732 0 6 5
a 1857 959 0 16 2
a 1860 819 0 6 7
a 1860 689 0 39 7
a 1861 1634 0 6 2
a 1861 383 0 28 4
a 1864 37 0 6 6
a 1864 362 0 0 5
a 1865 1244 0 6 6
a 1865 521 0 19 9
a 1866 1574 0 6 9
a 1866 1573 0 43 6
a 1870 474 0 6 10
a 1870 1556 0 5 4
a 1872 326 0 6 2
a 1872 1961 0 20 6
a 1875 1829 0 6 2
a 1875 1339 0 24 2
a 1880 337 0 6 2
a 1880 99 0 40 1
a 1883 289 0 6 4
a 1883 1894 0 23 9
a 1885 1784 0 6 2
a 1885 1216 0 18 4
a 1887 509 0 6 5
a 1887 1449 0 8 1
a 1890 1147 0 6 6
a 1890 822 0 43 10
a 1894 325 0 6 2
a 1894 1492 0 37 10
a 1895 907 0 6 4
a 1895 223 0 22 10
a 1896 1571 0 6 2
a 1896 505 0 41 2
a 1903 250 0 6 1
a 1903 987 0 48 8
a 1904 1568 0 6 9
a 1904 1188 0 32 9
a 1906 1465 0 6 7
a 1906 838 0 0 10
a 1907 26 0 6 2
a 1907 689 0 26 8
a 1909 1134 0 6 10
a 1909 280 0 46 3
a 1910 1386 0 6 10
a 1910 666 0 22 6
a 1913 125 0 6 1
a 1913 923 0 30 9
a 1915 60 0 6 10
a 1915 154 0 20 7
a 1917 1628 0 6 2
a 1917 1884 0 3 1
a 1919 1664 0 6 6
a 1919 117 0 20 3
a 1920 168 0 6 2
a 1920 1062 0 17 3
a 1921 208 0 6 1
a 1921 1651 0 40 10
a 1923 1043 0 6 7
a 1923 1072 0 9 2
a 1926 1260 0 6 4
a 1926 788 0 3 7
a 1929 1417 0 6 5
a 1929 1399 0 2 4
a 1930 322 0 6 6
a 1930 121 0 9 7
a 1932 1075 0 6 6
a 1932 1992 0 2 4
a 1936 581 0 6 2
a 1936 551 0 38 7
a 1938 1289 0 6 1
a 1938 519 0 42 2
a 1940 706 0 6 4
a 1940 1832 0 27 10
a 1942 1129 0 6 9
a 1942 976 0 36 6
a 1947 1401 0 6 2
a 1947 1096 0 33 1
a 1948 821 0 6 9
a 1948 82 0 36 1
a 1950 79 0 6 2
a 1950 1176 0 0 9
a 1951 1708 0 6 2
a 1951 655 0 0 8
a 1952 523 0 6 4
a 1952 696 0 20 6
a 1953 1576 0 6 2
a 1953 354 0 44 10
a 1954 945 0 6 9
a 1954 1056 0 27 9
a 1956 187 0 6 10
a 1956 1132 0 30 3
a 1957 1499 0 6 1
a 1957 179 0 2 9
a 1959 444 0 6 7
a 1959 1140 0 40 2
a 1962 166 0 6 6
a 1962 1443 0 50 5
a 1963 401 0 6 8
a 1963 1493 0 28 1
a 1965 415 0 6 8
a 1965 428 0 20 9
a 1966 345 0 6 10
a 1966 65 0 36 1
a 1968 1235 0 6 1
a 1968 1062 0 33 7
a 1969 1936 0 6 8
a 1969 1136 0 1 6
a 1970 958 0 6 10
a 1970 1160 0 42 9
a 1973 1841 0 6 4
a 1973 471 0 44 4
a 1974 460 0 6 3
a 1974 530 0 0 7
a 1976 1230 0 6 2
a 1976 738 0 4 9
a 1977 1752 0 6 10
a 1977 869 0 0 6
a 1978 683 0 6 6
a 1978 1690 0 17 10
a 1982 1855 0 6 9
a 1982 1566 0 25 2
a 1985 222 0 6 8
a 1985 1844 0 15 10
a 1986 722 0 6 4
a 1986 1246 0 2 4
a 1988 1538 0 6 4
a 1988 1797 0 29 7
a 1989 789 0 6 10
a 1989 124 0 47 10
a 1993 316 0 6 1
a 1993 1944 0 13 6
a 1994 234 0 6 9
a 1994 432 0 32 4
a 1996 1659 0 6 5
a 1996 84 0 47 3
a 1998 1317 0 6 4
a 1998 1073 0 28 9
