c PyNETGEN v1.0.0
c $ pip install pynetgen
c
c  NETGEN flow network generation algorithm
c  Problem input parameters
c  -------------------------------------
c   Random seed:          4
c   Number of nodes:      2000
c   Source nodes:         2
c   Sink nodes:           2
c   Number of arcs:       4000
c   Minimum arc cost:     1
c   Maximum arc cost:     10
c   Total supply:         50
c   Transshipment -
c     Sources:            0
c     Sinks:              0
c   Skeleton arcs -
c     With max cost:      0
c     Capacitated:        100
c   Minimum arc capacity: 0
c   Maximum arc capacity: 50
c
c  *** Minimum cost flow ***
c
p min 2000 4000
n 1 25
n 2 25
n 1999 -29
n 2000 -21
a 1 319 0 25 9
a 1 661 0 17 3
a 3 1313 0 25 7
a 3 622 0 33 6
a 4 283 0 25 3
a 4 1243 0 33 1
a 6 617 0 25 3
a 6 1336 0 19 3
a 6 1431 0 39 1
a 8 1736 0 25 6
a 8 1930 0 15 3
a 10 1111 0 25 8
a 10 1055 0 32 9
a 12 186 0 25 9
a 12 1541 0 8 1
a 12 1693 0 10 7
a 13 841 0 25 5
a 13 1460 0 31 5
a 14 28 0 25 5
a 14 1637 0 4 1
a 15 1964 0 25 8
a 15 1797 0 7 5
a 16 322 0 25 5
a 16 1499 0 7 6
a 17 1847 0 25 2
a 17 272 0 3 7
a 18 1028 0 25 5
a 18 1222 0 16 8
a 18 757 0 40 5
a 19 132 0 25 2
a 19 1019 0 50 3
a 20 70 0 25 8
a 20 1256 0 34 1
a 20 153 0 12 2
a 22 303 0 25 3
a 22 754 0 24 10
a 28 8 0 25 8
a 28 1891 0 17 7
a 29 848 0 25 5
a 29 1595 0 3 3
a 31 703 0 25 2
a 31 1687 0 46 2
a 32 206 0 25 10
a 32 1098 0 13 1
a 34 1061 0 25 2
a 34 962 0 7 1
a 35 1110 0 25 10
a 35 1281 0 14 4
a 37 1302 0 25 7
a 37 448 0 0 9
a 39 94 0 25 2
a 39 1312 0 47 8
a 40 534 0 25 5
a 40 248 0 28 9
a 42 1942 0 25 7
a 42 1384 0 2 5
a 48 1834 0 25 7
a 48 998 0 30 3
a 51 86 0 25 6
a 51 595 0 44 1
a 52 1251 0 25 4
a 52 1939 0 2 2
a 54 353 0 25 6
a 54 1794 0 2 2
a 57 460 0 25 8
a 57 24 0 1 7
a 58 508 0 25 2
a 58 1640 0 4 2
a 61 1880 0 25 2
a 61 588 0 25 9
a 64 85 0 25 9
a 64 1231 0 41 2
a 68 747 0 25 1
a 68 11 0 47 4
a 69 966 0 25 9
a 69 1578 0 14 9
a 70 1201 0 25 3
a 70 1209 0 16 10
a 72 922 0 25 9
a 72 667 0 26 5
a 77 1015 0 25 3
a 77 793 0 33 2
a 79 1394 0 25 8
a 79 564 0 16 7
a 80 137 0 25 1
a 80 83 0 48 10
a 81 1235 0 25 3
a 81 1897 0 35 3
a 82 366 0 25 10
a 82 348 0 17 5
a 85 276 0 25 5
a 85 1742 0 26 9
a 86 1435 0 25 3
a 86 1865 0 46 6
a 87 220 0 25 10
a 87 1272 0 28 9
a 88 1594 0 25 4
a 88 904 0 34 6
a 89 819 0 25 10
a 89 477 0 11 3
a 90 1666 0 25 3
a 90 1763 0 43 4
a 93 1904 0 25 1
a 93 155 0 20 8
a 94 742 0 25 3
a 94 1831 0 5 4
a 95 468 0 25 10
a 95 6 0 6 10
a 96 135 0 25 1
a 96 630 0 11 9
a 97 1411 0 25 4
a 97 899 0 16 3
a 98 1122 0 25 1
a 98 1027 0 33 4
a 100 1903 0 25 3
a 100 1984 0 25 4
a 102 89 0 25 5
a 102 586 0 49 2
a 105 1582 0 25 9
a 105 1517 0 37 8
a 107 1691 0 25 1
a 107 1867 0 11 2
a 108 1740 0 25 6
a 108 80 0 6 1
a 109 231 0 25 4
a 109 1941 0 30 7
a 113 1519 0 25 9
a 113 1275 0 47 6
a 114 1343 0 25 5
a 114 16 0 16 6
a 119 1623 0 25 3
a 119 638 0 44 8
a 120 1362 0 25 9
a 120 1245 0 34 4
a 122 1170 0 25 3
a 122 1107 0 38 2
a 128 190 0 25 9
a 128 547 0 2 7
a 129 278 0 25 7
a 129 63 0 11 1
a 130 909 0 25 3
a 130 407 0 3 3
a 132 215 0 25 2
a 132 277 0 46 3
a 134 20 0 25 9
a 134 1166 0 10 7
a 135 981 0 25 5
a 135 169 0 19 1
a 137 1128 0 25 3
a 137 994 0 44 10
a 139 764 0 25 9
a 139 1596 0 7 6
a 142 1886 0 25 1
a 142 1475 0 40 6
a 143 565 0 25 8
a 143 1391 0 27 4
a 144 1545 0 25 4
a 144 513 0 43 8
a 146 1130 0 25 8
a 146 1180 0 48 2
a 147 1475 0 25 1
a 147 1259 0 9 7
a 148 874 0 25 8
a 148 266 0 48 7
a 149 61 0 25 4
a 149 1632 0 20 1
a 150 1473 0 25 5
a 150 1916 0 21 10
a 152 300 0 25 1
a 152 566 0 22 4
a 155 1513 0 25 7
a 155 1404 0 10 5
a 157 792 0 25 5
a 157 1344 0 41 4
a 158 1494 0 25 7
a 158 948 0 46 5
a 159 1752 0 25 4
a 159 1668 0 22 2
a 161 1441 0 25 5
a 161 1147 0 49 5
a 163 442 0 25 9
a 163 7 0 48 4
a 165 1430 0 25 9
a 165 1684 0 42 10
a 166 536 0 25 4
a 166 909 0 21 5
a 167 198 0 25 10
a 167 511 0 35 8
a 168 820 0 25 1
a 168 988 0 46 9
a 169 1222 0 25 4
a 169 939 0 47 7
a 173 1947 0 25 2
a 173 321 0 4 9
a 174 338 0 25 6
a 174 1885 0 19 1
a 176 1668 0 25 10
a 176 1464 0 12 4
a 178 688 0 25 4
a 178 1408 0 31 3
a 180 1637 0 25 10
a 180 943 0 20 2
a 181 1609 0 25 8
a 181 427 0 23 7
a 184 1193 0 25 2
a 184 911 0 31 6
a 186 320 0 25 4
a 186 1296 0 47 9
a 187 709 0 25 4
a 187 629 0 1 5
a 189 582 0 25 7
a 189 1024 0 40 4
a 190 1273 0 25 1
a 190 207 0 49 7
a 191 1353 0 25 5
a 191 1418 0 43 10
a 193 1491 0 25 8
a 193 773 0 13 2
a 196 843 0 25 1
a 196 292 0 35 5
a 198 1206 0 25 9
a 198 1525 0 17 7
a 199 912 0 25 9
a 199 1479 0 11 4
a 203 1973 0 25 3
a 203 378 0 39 5
a 204 418 0 25 9
a 204 1071 0 3 6
a 206 597 0 25 5
a 206 163 0 50 6
a 207 584 0 25 2
a 207 129 0 2 3
a 208 1209 0 25 5
a 208 1304 0 11 1
a 210 1103 0 25 4
a 210 1539 0 7 8
a 211 1578 0 25 10
a 211 1521 0 8 7
a 212 1892 0 25 1
a 212 76 0 40 8
a 214 1890 0 25 4
a 214 13 0 7 7
a 215 352 0 25 1
a 215 1846 0 39 7
a 216 1902 0 25 5
a 216 1558 0 34 3
a 218 1458 0 25 10
a 218 589 0 17 4
a 220 760 0 25 8
a 220 999 0 11 3
a 221 1946 0 25 2
a 221 74 0 35 3
a 225 697 0 25 5
a 225 426 0 19 1
a 227 1962 0 25 2
a 227 285 0 8 10
a 231 1570 0 25 4
a 231 535 0 24 4
a 232 294 0 25 4
a 232 1065 0 1 1
a 233 1723 0 25 7
a 233 401 0 18 1
a 235 803 0 25 7
a 235 1171 0 0 3
a 236 624 0 25 3
a 236 1599 0 0 3
a 239 1591 0 25 2
a 239 365 0 8 8
a 241 17 0 25 6
a 241 1061 0 3 5
a 242 1439 0 25 10
a 242 76 0 45 3
a 247 1606 0 25 4
a 247 1273 0 19 9
a 248 571 0 25 10
a 248 1125 0 1 1
a 251 849 0 25 4
a 251 1843 0 30 9
a 256 822 0 25 1
a 256 1476 0 48 4
a 257 1681 0 25 8
a 257 1127 0 13 1
a 264 902 0 25 10
a 264 932 0 22 7
a 266 645 0 25 1
a 266 1821 0 12 7
a 270 1053 0 25 3
a 270 1546 0 23 2
a 272 395 0 25 2
a 272 845 0 13 1
a 275 161 0 25 6
a 275 1334 0 25 6
a 276 1675 0 25 8
a 276 392 0 35 2
a 277 1796 0 25 3
a 277 121 0 25 7
a 278 893 0 25 1
a 278 503 0 15 5
a 279 799 0 25 2
a 279 63 0 19 2
a 280 1305 0 25 5
a 280 791 0 4 9
a 281 1131 0 25 7
a 281 1918 0 45 3
a 282 288 0 25 9
a 282 984 0 17 1
a 283 870 0 25 7
a 283 1041 0 38 9
a 284 903 0 25 6
a 284 431 0 10 1
a 286 854 0 25 9
a 286 1791 0 42 8
a 287 610 0 25 2
a 287 1801 0 23 10
a 288 846 0 25 4
a 288 1173 0 49 7
a 289 730 0 25 9
a 289 1732 0 27 9
a 290 926 0 25 1
a 290 1398 0 32 6
a 293 1030 0 25 7
a 293 390 0 18 1
a 294 879 0 25 10
a 294 1020 0 50 6
a 299 54 0 25 6
a 299 1804 0 42 10
a 300 1082 0 25 8
a 300 1973 0 18 8
a 302 1929 0 25 8
a 302 1297 0 47 2
a 303 1644 0 25 3
a 303 1813 0 25 1
a 304 876 0 25 8
a 304 847 0 16 2
a 306 530 0 25 8
a 306 366 0 37 9
a 307 1889 0 25 10
a 307 103 0 7 2
a 311 475 0 25 4
a 311 1646 0 31 2
a 312 307 0 25 6
a 312 1005 0 24 9
a 314 927 0 25 2
a 314 1246 0 25 7
a 317 425 0 25 9
a 317 671 0 14 7
a 318 174 0 25 7
a 318 1665 0 30 10
a 319 1397 0 25 8
a 319 1238 0 30 7
a 320 970 0 25 8
a 320 792 0 15 8
a 322 1431 0 25 10
a 322 1893 0 40 6
a 328 1817 0 25 4
a 328 614 0 22 8
a 329 1231 0 25 4
a 329 1131 0 1 5
a 332 1119 0 25 5
a 332 637 0 22 9
a 335 1332 0 25 4
a 335 532 0 5 5
a 338 1234 0 25 5
a 338 1781 0 27 4
a 339 1324 0 25 7
a 339 419 0 2 3
a 340 149 0 25 2
a 340 67 0 49 2
a 345 1163 0 25 3
a 345 1952 0 18 6
a 347 1070 0 25 9
a 347 678 0 16 7
a 350 1198 0 25 3
a 350 774 0 43 1
a 351 147 0 25 5
a 351 1607 0 25 7
a 352 1883 0 25 3
a 352 1158 0 34 4
a 353 1873 0 25 10
a 353 410 0 42 4
a 355 1076 0 25 9
a 355 400 0 0 10
a 357 1814 0 25 1
a 357 398 0 1 2
a 359 611 0 25 4
a 359 1599 0 2 7
a 362 1437 0 25 3
a 362 1008 0 34 1
a 363 270 0 25 10
a 363 1106 0 35 5
a 366 1188 0 25 7
a 366 562 0 3 5
a 367 1171 0 25 2
a 367 83 0 19 9
a 370 227 0 25 5
a 370 847 0 35 7
a 371 1868 0 25 8
a 371 374 0 20 9
a 374 1813 0 25 1
a 374 1520 0 20 8
a 376 363 0 25 6
a 376 459 0 46 8
a 377 625 0 25 4
a 377 5 0 42 7
a 378 1492 0 25 3
a 378 667 0 43 7
a 379 1315 0 25 3
a 379 1880 0 32 3
a 383 1123 0 25 2
a 383 1950 0 40 1
a 385 1499 0 25 8
a 385 982 0 23 6
a 386 522 0 25 10
a 386 1227 0 1 1
a 390 1851 0 25 2
a 390 1263 0 15 6
a 391 602 0 25 8
a 391 932 0 31 3
a 392 204 0 25 9
a 392 1364 0 37 4
a 395 855 0 25 2
a 395 28 0 45 5
a 396 1822 0 25 1
a 396 1958 0 21 1
a 397 362 0 25 2
a 397 243 0 46 5
a 400 1375 0 25 4
a 400 55 0 41 1
a 401 1509 0 25 4
a 401 558 0 39 1
a 404 357 0 25 10
a 404 1009 0 48 1
a 409 1405 0 25 3
a 409 1761 0 18 9
a 410 1541 0 25 4
a 410 29 0 50 7
a 411 836 0 25 7
a 411 1573 0 42 3
a 418 139 0 25 9
a 418 27 0 5 10
a 421 1432 0 25 7
a 421 3 0 21 3
a 422 1090 0 25 6
a 422 377 0 21 7
a 425 218 0 25 6
a 425 1428 0 11 4
a 430 1631 0 25 7
a 430 1761 0 10 6
a 431 1648 0 25 7
a 431 1117 0 42 1
a 432 134 0 25 8
a 432 1440 0 15 6
a 433 1073 0 25 6
a 433 660 0 18 1
a 434 717 0 25 2
a 434 396 0 6 10
a 435 715 0 25 10
a 435 1240 0 14 7
a 437 1185 0 25 4
a 437 584 0 23 10
a 440 1802 0 25 3
a 440 314 0 11 5
a 441 1371 0 25 1
a 441 782 0 47 8
a 442 212 0 25 7
a 442 908 0 5 9
a 443 1395 0 25 6
a 443 285 0 50 10
a 447 421 0 25 1
a 447 1830 0 15 1
a 450 916 0 25 3
a 450 985 0 38 4
a 453 328 0 25 4
a 453 143 0 50 7
a 455 1465 0 25 9
a 455 1850 0 13 8
a 460 692 0 25 5
a 460 339 0 5 6
a 463 1798 0 25 8
a 463 210 0 2 1
a 464 1063 0 25 10
a 464 503 0 5 7
a 465 1133 0 25 6
a 465 353 0 6 6
a 466 1828 0 25 1
a 466 340 0 37 10
a 468 1549 0 25 10
a 468 838 0 47 7
a 470 1058 0 25 2
a 470 1980 0 48 1
a 474 443 0 25 6
a 474 236 0 13 4
a 475 1761 0 25 9
a 475 29 0 44 1
a 476 22 0 25 6
a 476 340 0 43 4
a 479 1738 0 25 2
a 479 655 0 29 1
a 483 1450 0 25 3
a 483 1864 0 0 4
a 487 432 0 25 4
a 487 1820 0 6 9
a 488 157 0 25 1
a 488 179 0 13 10
a 491 1369 0 25 8
a 491 1248 0 35 8
a 492 894 0 25 6
a 492 1721 0 44 8
a 493 80 0 25 4
a 493 235 0 41 5
a 494 618 0 25 8
a 494 1841 0 5 7
a 501 975 0 25 7
a 501 94 0 13 9
a 502 1575 0 25 8
a 502 1521 0 15 10
a 503 735 0 25 6
a 503 1135 0 48 1
a 507 1568 0 25 2
a 507 357 0 13 4
a 508 434 0 25 9
a 508 1321 0 31 5
a 510 929 0 25 10
a 510 207 0 39 4
a 511 1586 0 25 3
a 511 933 0 48 2
a 512 1938 0 25 10
a 512 1420 0 7 8
a 514 374 0 25 8
a 514 736 0 27 3
a 516 839 0 25 6
a 516 887 0 7 3
a 518 1178 0 25 3
a 518 1591 0 14 10
a 519 1766 0 25 3
a 519 1292 0 45 7
a 520 1918 0 25 6
a 520 660 0 0 1
a 521 493 0 25 5
a 521 477 0 46 10
a 522 802 0 25 9
a 522 734 0 14 3
a 528 1832 0 25 9
a 528 1615 0 48 8
a 530 3 0 25 4
a 530 675 0 22 8
a 531 544 0 25 8
a 531 1238 0 9 2
a 532 1844 0 25 1
a 532 1051 0 41 5
a 534 1002 0 25 6
a 534 1612 0 0 7
a 535 1445 0 25 6
a 535 1518 0 11 7
a 536 672 0 25 7
a 536 217 0 44 1
a 540 905 0 25 8
a 540 1231 0 46 2
a 542 52 0 25 4
a 542 1305 0 36 6
a 543 1443 0 25 2
a 543 632 0 33 5
a 544 1957 0 25 6
a 544 1291 0 12 8
a 547 1618 0 25 8
a 547 835 0 49 5
a 548 658 0 25 9
a 548 1165 0 45 8
a 552 1213 0 25 10
a 552 1209 0 23 10
a 554 2000 0 25 1
a 554 359 0 25 9
a 556 1081 0 25 3
a 556 1518 0 13 10
a 558 1406 0 25 2
a 558 1423 0 40 6
a 561 540 0 25 7
a 561 676 0 5 6
a 562 1872 0 25 4
a 562 1553 0 40 6
a 565 1939 0 25 1
a 565 1254 0 11 10
a 568 31 0 25 7
a 568 1662 0 24 3
a 569 1913 0 25 9
a 569 148 0 10 10
a 570 643 0 25 5
a 570 1759 0 45 8
a 571 1997 0 25 7
a 571 821 0 30 9
a 574 1087 0 25 1
a 574 1285 0 35 1
a 576 1323 0 25 2
a 576 1630 0 24 9
a 580 1263 0 25 7
a 580 137 0 32 10
a 582 1032 0 25 10
a 582 1998 0 40 10
a 584 6 0 25 8
a 584 1131 0 12 7
a 587 119 0 25 5
a 587 1001 0 28 3
a 588 1457 0 25 9
a 588 854 0 26 9
a 590 861 0 25 3
a 590 1557 0 29 7
a 592 409 0 25 3
a 592 1714 0 44 6
a 594 1334 0 25 7
a 594 454 0 6 1
a 597 1881 0 25 4
a 597 1890 0 46 1
a 598 1930 0 25 1
a 598 1468 0 10 2
a 600 386 0 25 8
a 600 1493 0 37 2
a 601 1826 0 25 4
a 601 682 0 1 7
a 602 1012 0 25 5
a 602 814 0 1 3
a 605 1118 0 25 1
a 605 1693 0 18 10
a 607 800 0 25 10
a 607 1313 0 23 8
a 608 714 0 25 3
a 608 1133 0 6 6
a 610 1077 0 25 6
a 610 1606 0 43 6
a 611 1292 0 25 1
a 611 1511 0 42 6
a 614 40 0 25 5
a 614 1962 0 39 10
a 615 790 0 25 8
a 615 170 0 25 1
a 616 180 0 25 5
a 616 1746 0 12 3
a 617 919 0 25 8
a 617 653 0 39 2
a 618 623 0 25 4
a 618 760 0 13 8
a 621 1310 0 25 2
a 621 802 0 44 8
a 623 290 0 25 9
a 623 864 0 36 4
a 624 1821 0 25 1
a 624 787 0 3 6
a 625 1651 0 25 5
a 625 90 0 5 4
a 626 1197 0 25 1
a 626 428 0 43 2
a 628 1143 0 25 7
a 628 1150 0 43 3
a 629 1376 0 25 3
a 629 1448 0 36 5
a 630 1807 0 25 8
a 630 30 0 2 5
a 631 1949 0 25 7
a 631 211 0 0 1
a 632 1583 0 25 9
a 632 1432 0 41 5
a 633 1183 0 25 10
a 633 808 0 44 10
a 634 1272 0 25 9
a 634 1688 0 5 4
a 638 946 0 25 9
a 638 386 0 14 10
a 640 1329 0 25 8
a 640 1120 0 16 8
a 643 725 0 25 7
a 643 400 0 0 3
a 645 1036 0 25 9
a 645 234 0 14 1
a 646 1899 0 25 10
a 646 1729 0 39 10
a 650 988 0 25 9
a 650 1190 0 2 7
a 657 554 0 25 3
a 657 67 0 7 4
a 658 528 0 25 2
a 658 670 0 40 5
a 662 914 0 25 7
a 662 989 0 43 3
a 664 1951 0 25 4
a 664 1873 0 9 2
a 668 580 0 25 8
a 668 1259 0 1 2
a 669 1060 0 25 4
a 669 1846 0 11 6
a 672 865 0 25 2
a 672 931 0 41 8
a 673 570 0 25 3
a 673 933 0 20 7
a 674 945 0 25 7
a 674 1902 0 30 5
a 677 120 0 25 1
a 677 1418 0 6 7
a 682 441 0 25 7
a 682 606 0 42 3
a 683 615 0 25 4
a 683 1746 0 26 4
a 685 1970 0 25 7
a 685 1509 0 7 7
a 687 465 0 25 9
a 687 1167 0 23 6
a 688 1336 0 25 5
a 688 276 0 27 9
a 689 299 0 25 4
a 689 1228 0 40 10
a 690 173 0 25 2
a 690 766 0 19 3
a 692 673 0 25 7
a 692 1846 0 3 8
a 694 1507 0 25 3
a 694 276 0 30 3
a 695 1690 0 25 4
a 695 20 0 45 4
a 696 88 0 25 7
a 696 1837 0 31 10
a 697 1303 0 25 3
a 697 668 0 42 9
a 698 968 0 25 4
a 698 1187 0 50 10
a 701 1819 0 25 7
a 701 348 0 9 7
a 703 694 0 25 2
a 703 1216 0 8 3
a 705 1728 0 25 4
a 705 255 0 3 10
a 709 1304 0 25 6
a 709 755 0 22 1
a 711 1354 0 25 10
a 711 1615 0 36 10
a 712 257 0 25 8
a 712 667 0 36 8
a 714 1246 0 25 7
a 714 1766 0 39 8
a 715 1281 0 25 4
a 715 763 0 7 1
a 717 1274 0 25 3
a 717 329 0 33 6
a 722 96 0 25 7
a 722 1612 0 8 5
a 725 100 0 25 6
a 725 1052 0 40 10
a 726 814 0 25 10
a 726 402 0 14 10
a 727 806 0 25 4
a 727 1463 0 26 1
a 728 1588 0 25 6
a 728 1780 0 25 10
a 730 1663 0 25 5
a 730 1962 0 25 9
a 735 712 0 25 8
a 735 435 0 24 10
a 739 163 0 25 5
a 739 95 0 11 5
a 742 1662 0 25 7
a 742 1909 0 24 8
a 743 1300 0 25 5
a 743 1890 0 5 1
a 744 1744 0 25 5
a 744 419 0 39 8
a 745 48 0 25 1
a 745 648 0 18 4
a 747 211 0 25 6
a 747 374 0 22 1
a 749 1823 0 25 9
a 749 928 0 42 7
a 752 1754 0 25 7
a 752 194 0 41 7
a 756 1165 0 25 4
a 756 1783 0 30 10
a 758 1083 0 25 3
a 758 1352 0 27 8
a 760 453 0 25 5
a 760 1309 0 34 3
a 764 1370 0 25 9
a 764 1562 0 39 3
a 765 1696 0 25 4
a 765 1795 0 50 10
a 766 189 0 25 6
a 766 1260 0 42 1
a 767 963 0 25 6
a 767 1091 0 15 7
a 770 598 0 25 8
a 770 182 0 19 10
a 771 774 0 25 3
a 771 154 0 10 4
a 774 181 0 25 1
a 774 493 0 2 7
a 779 339 0 25 6
a 779 647 0 43 9
a 780 1563 0 25 6
a 780 1867 0 16 10
a 781 689 0 25 2
a 781 1483 0 37 3
a 782 650 0 25 3
a 782 1685 0 2 2
a 785 422 0 25 1
a 785 1283 0 25 2
a 786 1460 0 25 2
a 786 747 0 25 6
a 787 866 0 25 1
a 787 1392 0 18 7
a 788 1157 0 25 4
a 788 1355 0 5 6
a 790 37 0 25 10
a 790 1349 0 50 3
a 792 129 0 25 10
a 792 531 0 36 2
a 793 503 0 25 6
a 793 542 0 19 6
a 799 251 0 25 7
a 799 797 0 9 10
a 800 947 0 25 7
a 800 313 0 33 7
a 802 114 0 25 9
a 802 237 0 15 6
a 803 683 0 25 4
a 803 324 0 14 5
a 804 401 0 25 8
a 804 735 0 1 8
a 806 1615 0 25 7
a 806 1597 0 33 8
a 807 159 0 25 7
a 807 730 0 8 3
a 809 786 0 25 7
a 809 1437 0 12 4
a 811 880 0 25 1
a 811 1643 0 19 8
a 813 1735 0 25 9
a 813 1781 0 8 5
a 814 1117 0 25 7
a 814 289 0 48 4
a 816 1478 0 25 7
a 816 1772 0 21 3
a 818 187 0 25 8
a 818 1548 0 31 6
a 819 1554 0 25 4
a 819 1833 0 25 2
a 820 82 0 25 9
a 820 363 0 24 3
a 822 1134 0 25 6
a 822 621 0 6 3
a 823 1600 0 25 9
a 823 319 0 6 7
a 827 535 0 25 4
a 827 1915 0 24 2
a 833 476 0 25 9
a 833 1876 0 41 1
a 835 176 0 25 2
a 835 1331 0 26 8
a 836 385 0 25 6
a 836 1071 0 24 8
a 837 39 0 25 6
a 837 1491 0 3 8
a 839 256 0 25 8
a 839 309 0 37 7
a 841 1673 0 25 5
a 841 1667 0 40 6
a 843 1106 0 25 9
a 843 620 0 18 6
a 845 95 0 25 8
a 845 434 0 46 7
a 846 1654 0 25 9
a 846 1458 0 15 4
a 847 1919 0 25 2
a 847 1965 0 31 2
a 848 214 0 25 9
a 848 391 0 26 9
a 849 1979 0 25 9
a 849 632 0 7 3
a 852 1026 0 25 1
a 852 1230 0 4 7
a 853 241 0 25 9
a 853 1324 0 6 5
a 854 57 0 25 3
a 854 10 0 10 4
a 855 1244 0 25 10
a 855 453 0 16 6
a 859 266 0 25 6
a 859 1836 0 45 3
a 861 502 0 25 6
a 861 1187 0 29 10
a 862 1452 0 25 6
a 862 962 0 48 6
a 864 1861 0 25 2
a 864 1055 0 8 10
a 865 1853 0 25 6
a 865 1332 0 0 10
a 866 1021 0 25 3
a 866 844 0 40 10
a 869 371 0 25 1
a 869 1110 0 37 5
a 870 1477 0 25 5
a 870 1267 0 29 9
a 873 1102 0 25 2
a 873 753 0 49 7
a 874 165 0 25 8
a 874 1086 0 23 7
a 875 1863 0 25 7
a 875 1628 0 38 7
a 876 1007 0 25 3
a 876 719 0 36 6
a 879 1260 0 25 5
a 879 1945 0 34 7
a 880 1559 0 25 1
a 880 446 0 15 6
a 882 289 0 25 5
a 882 1276 0 38 8
a 889 1175 0 25 4
a 889 71 0 24 7
a 893 1078 0 25 9
a 893 1385 0 12 6
a 894 1653 0 25 1
a 894 825 0 22 7
a 895 521 0 25 1
a 895 1232 0 29 5
a 897 1414 0 25 5
a 897 653 0 14 6
a 898 1995 0 25 8
a 898 180 0 16 5
a 901 1269 0 25 1
a 901 380 0 50 4
a 902 518 0 25 9
a 902 1617 0 39 8
a 903 779 0 25 2
a 903 560 0 35 10
a 905 1818 0 25 2
a 905 291 0 37 9
a 909 1595 0 25 3
a 909 184 0 24 5
a 911 882 0 25 4
a 911 1925 0 12 3
a 912 1093 0 25 4
a 912 196 0 50 1
a 914 1950 0 25 10
a 914 495 0 31 8
a 916 677 0 25 8
a 916 1368 0 25 3
a 917 1692 0 25 9
a 917 1051 0 6 4
a 918 1605 0 25 6
a 918 1867 0 31 3
a 919 1008 0 25 7
a 919 423 0 20 9
a 922 1097 0 25 7
a 922 1894 0 1 3
a 924 1166 0 25 3
a 924 1131 0 43 8
a 925 1543 0 25 7
a 925 1439 0 0 2
a 926 1153 0 25 1
a 926 460 0 41 6
a 927 1607 0 25 1
a 927 1178 0 17 1
a 929 745 0 25 2
a 929 1020 0 45 5
a 930 1227 0 25 6
a 930 1902 0 30 6
a 931 1670 0 25 4
a 931 1305 0 35 6
a 934 1389 0 25 8
a 934 476 0 46 6
a 936 780 0 25 2
a 936 812 0 26 9
a 937 1711 0 25 3
a 937 802 0 22 3
a 945 397 0 25 3
a 945 924 0 39 8
a 946 1530 0 25 10
a 946 800 0 27 3
a 947 1029 0 25 7
a 947 1987 0 19 9
a 948 682 0 25 1
a 948 264 0 13 2
a 950 1535 0 25 8
a 950 157 0 23 3
a 957 1275 0 25 8
a 957 1031 0 43 9
a 958 81 0 25 7
a 958 528 0 14 4
a 961 105 0 25 6
a 961 103 0 7 8
a 962 1186 0 25 1
a 962 115 0 42 4
a 963 1364 0 25 6
a 963 1619 0 27 10
a 966 1879 0 25 6
a 966 210 0 27 3
a 968 634 0 25 9
a 968 1663 0 39 4
a 970 1341 0 25 3
a 970 1915 0 38 3
a 975 1422 0 25 2
a 975 1302 0 45 7
a 976 1451 0 25 9
a 976 190 0 43 4
a 978 435 0 25 4
a 978 1354 0 46 2
a 979 934 0 25 8
a 979 1108 0 39 2
a 980 1725 0 25 8
a 980 1033 0 40 4
a 981 1180 0 25 5
a 981 1839 0 16 6
a 983 1340 0 25 1
a 983 1759 0 44 1
a 984 785 0 25 3
a 984 1054 0 36 8
a 988 1839 0 25 2
a 988 1451 0 34 8
a 989 72 0 25 9
a 989 309 0 8 3
a 991 312 0 25 9
a 991 1502 0 43 4
a 992 1544 0 25 7
a 992 1633 0 28 5
a 993 897 0 25 2
a 993 99 0 18 8
a 996 166 0 25 8
a 996 1393 0 19 7
a 999 1283 0 25 4
a 999 1262 0 38 4
a 1000 391 0 25 1
a 1000 3 0 24 9
a 1002 108 0 25 5
a 1002 62 0 50 9
a 1005 1195 0 25 4
a 1005 131 0 14 2
a 1007 1503 0 25 7
a 1007 1419 0 28 7
a 1008 510 0 25 3
a 1008 940 0 26 5
a 1009 1044 0 25 7
a 1009 4 0 17 1
a 1012 302 0 25 9
a 1012 1053 0 13 7
a 1013 562 0 25 6
a 1013 27 0 23 1
a 1014 918 0 25 6
a 1014 1563 0 2 9
a 1015 705 0 25 5
a 1015 1289 0 10 10
a 1018 519 0 25 4
a 1018 945 0 13 8
a 1021 1510 0 25 3
a 1021 2000 0 45 5
a 1022 1998 0 25 9
a 1022 1448 0 45 3
a 1024 282 0 25 6
a 1024 1364 0 10 8
a 1025 1325 0 25 1
a 1025 1949 0 45 5
a 1026 1481 0 25 1
a 1026 893 0 20 2
a 1028 1164 0 25 2
a 1028 284 0 15 3
a 1029 1638 0 25 5
a 1029 1912 0 14 7
a 1030 674 0 25 4
a 1030 1385 0 7 2
a 1032 600 0 25 10
a 1032 588 0 22 9
a 1034 474 0 25 10
a 1034 1644 0 24 1
a 1036 1809 0 25 9
a 1036 863 0 13 3
a 1038 758 0 25 5
a 1038 1910 0 28 5
a 1041 492 0 25 4
a 1041 1354 0 19 6
a 1044 239 0 25 4
a 1044 51 0 37 2
a 1045 1009 0 25 10
a 1045 1270 0 23 3
a 1046 1708 0 25 6
a 1046 1079 0 37 8
a 1049 1100 0 25 8
a 1049 602 0 40 5
a 1051 345 0 25 6
a 1051 1012 0 19 1
a 1053 626 0 25 6
a 1053 399 0 48 4
a 1058 1956 0 25 4
a 1058 204 0 1 7
a 1060 1212 0 25 10
a 1060 1791 0 21 5
a 1061 272 0 25 6
a 1061 1917 0 20 3
a 1063 875 0 25 3
a 1063 1975 0 13 5
a 1066 1661 0 25 4
a 1066 1778 0 46 2
a 1067 911 0 25 3
a 1067 761 0 14 6
a 1070 835 0 25 5
a 1070 641 0 26 5
a 1073 1515 0 25 7
a 1073 1668 0 49 4
a 1075 1963 0 25 1
a 1075 222 0 0 3
a 1076 128 0 25 6
a 1076 1343 0 44 10
a 1077 1678 0 25 2
a 1077 105 0 44 3
a 1078 1984 0 25 3
a 1078 1162 0 29 4
a 1081 1830 0 25 10
a 1081 179 0 4 4
a 1082 543 0 25 9
a 1082 1778 0 2 9
a 1083 1721 0 25 9
a 1083 1141 0 36 8
a 1085 548 0 25 8
a 1085 1312 0 27 8
a 1087 77 0 25 9
a 1087 1218 0 4 7
a 1090 588 0 25 5
a 1090 1354 0 41 1
a 1092 379 0 25 3
a 1092 1290 0 30 1
a 1093 631 0 25 9
a 1093 545 0 40 9
a 1094 1486 0 25 4
a 1094 942 0 15 9
a 1097 1542 0 25 2
a 1097 601 0 39 1
a 1100 1875 0 25 10
a 1100 234 0 11 3
a 1101 225 0 25 6
a 1101 521 0 20 2
a 1102 1999 0 25 1
a 1102 1055 0 6 5
a 1103 390 0 25 6
a 1103 1187 0 16 5
a 1104 210 0 25 8
a 1104 283 0 14 9
a 1105 311 0 25 10
a 1105 522 0 43 8
a 1106 1716 0 25 9
a 1106 536 0 32 8
a 1110 376 0 25 2
a 1110 1189 0 5 6
a 1111 1331 0 25 8
a 1111 910 0 10 2
a 1113 1976 0 25 3
a 1113 1296 0 28 5
a 1116 531 0 25 8
a 1116 1344 0 23 10
a 1117 1424 0 25 10
a 1117 1323 0 36 3
a 1118 1677 0 25 3
a 1118 787 0 28 10
a 1119 950 0 25 7
a 1119 1902 0 43 8
a 1121 853 0 25 2
a 1121 1103 0 32 1
a 1122 1013 0 25 8
a 1122 1496 0 26 8
a 1123 1049 0 25 8
a 1123 997 0 6 6
a 1128 167 0 25 10
a 1128 1512 0 6 4
a 1129 1113 0 25 1
a 1129 93 0 3 5
a 1130 937 0 25 3
a 1130 1026 0 46 10
a 1131 1387 0 25 5
a 1131 1397 0 17 1
a 1132 983 0 25 6
a 1132 456 0 22 10
a 1133 984 0 25 7
a 1133 1700 0 27 8
a 1134 657 0 25 3
a 1134 1555 0 2 6
a 1136 1259 0 25 7
a 1136 968 0 43 2
a 1137 574 0 25 1
a 1137 1561 0 35 4
a 1138 378 0 25 10
a 1138 1593 0 24 5
a 1141 155 0 25 2
a 1141 485 0 6 10
a 1143 4 0 25 7
a 1143 114 0 14 7
a 1144 1742 0 25 8
a 1144 141 0 28 1
a 1146 411 0 25 5
a 1146 1526 0 9 2
a 1149 1824 0 25 10
a 1149 1005 0 34 8
a 1153 1382 0 25 3
a 1153 505 0 37 3
a 1157 1144 0 25 10
a 1157 1236 0 24 2
a 1163 377 0 25 4
a 1163 928 0 11 5
a 1164 1203 0 25 8
a 1164 946 0 34 8
a 1165 199 0 25 10
a 1165 1525 0 40 8
a 1166 1704 0 25 5
a 1166 1536 0 17 1
a 1167 695 0 25 2
a 1167 1759 0 15 10
a 1168 400 0 25 6
a 1168 45 0 33 4
a 1169 58 0 25 10
a 1169 1632 0 45 10
a 1170 1277 0 25 6
a 1170 305 0 1 9
a 1171 275 0 25 4
a 1171 1707 0 27 4
a 1175 470 0 25 8
a 1175 622 0 23 7
a 1178 93 0 25 1
a 1178 1926 0 17 3
a 1180 1018 0 25 10
a 1180 563 0 28 8
a 1183 1758 0 25 3
a 1183 492 0 50 4
a 1185 1576 0 25 3
a 1185 1564 0 22 10
a 1186 552 0 25 10
a 1186 1921 0 23 1
a 1187 576 0 25 6
a 1187 330 0 17 7
a 1188 1632 0 25 6
a 1188 421 0 49 1
a 1192 1415 0 25 9
a 1192 1519 0 47 3
a 1193 1966 0 25 4
a 1193 1051 0 2 2
a 1195 1697 0 25 3
a 1195 1212 0 45 4
a 1197 142 0 25 5
a 1197 1609 0 9 9
a 1198 1141 0 25 9
a 1198 748 0 20 9
a 1200 1739 0 25 6
a 1200 1030 0 12 4
a 1201 293 0 25 9
a 1201 594 0 14 5
a 1203 1772 0 25 7
a 1203 949 0 29 10
a 1206 1289 0 25 7
a 1206 969 0 10 1
a 1207 1391 0 25 6
a 1207 1046 0 22 1
a 1209 1116 0 25 8
a 1209 30 0 31 4
a 1212 638 0 25 7
a 1212 1624 0 26 9
a 1213 827 0 25 8
a 1213 1337 0 22 7
a 1215 1514 0 25 6
a 1215 1716 0 50 1
a 1219 594 0 25 10
a 1219 691 0 24 2
a 1221 1850 0 25 9
a 1221 1686 0 14 10
a 1222 771 0 25 6
a 1222 1575 0 17 2
a 1223 807 0 25 1
a 1223 576 0 26 10
a 1224 1547 0 25 6
a 1224 212 0 47 2
a 1227 782 0 25 7
a 1227 703 0 38 7
a 1231 1238 0 25 6
a 1231 1567 0 41 7
a 1234 1463 0 25 2
a 1234 844 0 4 9
a 1235 1741 0 25 6
a 1235 968 0 1 6
a 1238 1860 0 25 10
a 1238 1374 0 44 10
a 1239 925 0 25 2
a 1239 1112 0 30 2
a 1242 158 0 25 6
a 1242 1324 0 10 4
a 1244 978 0 25 5
a 1244 1609 0 20 3
a 1245 1038 0 25 8
a 1245 1738 0 22 9
a 1246 13 0 25 4
a 1246 507 0 25 9
a 1248 16 0 25 3
a 1248 932 0 2 10
a 1251 1572 0 25 4
a 1251 395 0 10 8
a 1253 924 0 25 1
a 1253 1262 0 32 4
a 1254 146 0 25 6
a 1254 1845 0 37 3
a 1257 992 0 25 1
a 1257 764 0 4 5
a 1258 1747 0 25 10
a 1258 1407 0 28 1
a 1259 1396 0 25 7
a 1259 539 0 27 2
a 1260 980 0 25 3
a 1260 1078 0 18 2
a 1263 993 0 25 10
a 1263 1986 0 49 9
a 1264 727 0 25 3
a 1264 1373 0 27 9
a 1267 1137 0 25 10
a 1267 1794 0 47 9
a 1269 962 0 25 4
a 1269 224 0 14 3
a 1271 1294 0 25 5
a 1271 1419 0 24 3
a 1272 739 0 25 3
a 1272 142 0 11 5
a 1273 284 0 25 2
a 1273 634 0 23 9
a 1274 1295 0 25 3
a 1274 161 0 0 8
a 1275 35 0 25 5
a 1275 1560 0 47 9
a 1276 1034 0 25 3
a 1276 1060 0 21 1
a 1277 744 0 25 8
a 1277 185 0 14 9
a 1278 852 0 25 3
a 1278 1895 0 45 3
a 1280 1672 0 25 2
a 1280 806 0 23 7
a 1281 479 0 25 6
a 1281 1876 0 48 7
a 1283 1720 0 25 7
a 1283 619 0 7 6
a 1289 1024 0 25 7
a 1289 98 0 6 1
a 1291 1505 0 25 2
a 1291 148 0 27 3
a 1292 1664 0 25 4
a 1292 1088 0 28 1
a 1294 901 0 25 3
a 1294 287 0 5 1
a 1295 1149 0 25 10
a 1295 1026 0 5 1
a 1300 1955 0 25 6
a 1300 1913 0 47 7
a 1302 1392 0 25 5
a 1302 855 0 38 6
a 1303 1320 0 25 5
a 1303 1021 0 12 6
a 1304 329 0 25 1
a 1304 1140 0 19 10
a 1305 501 0 25 9
a 1305 398 0 26 3
a 1306 804 0 25 5
a 1306 881 0 10 9
a 1310 1508 0 25 7
a 1310 1748 0 14 9
a 1311 317 0 25 1
a 1311 1575 0 37 1
a 1313 1768 0 25 9
a 1313 1561 0 36 10
a 1315 833 0 25 9
a 1315 1150 0 19 3
a 1318 150 0 25 6
a 1318 1653 0 41 3
a 1320 1221 0 25 10
a 1320 786 0 19 4
a 1323 556 0 25 10
a 1323 1586 0 32 9
a 1324 1224 0 25 4
a 1324 988 0 30 5
a 1325 12 0 25 5
a 1325 149 0 34 8
a 1327 1248 0 25 7
a 1327 1602 0 30 3
a 1328 1386 0 25 10
a 1328 180 0 23 2
a 1329 1612 0 25 3
a 1329 591 0 47 6
a 1330 98 0 25 7
a 1330 1168 0 9 5
a 1331 1785 0 25 4
a 1331 1876 0 12 3
a 1332 248 0 25 6
a 1332 572 0 12 7
a 1334 1655 0 25 6
a 1334 843 0 50 4
a 1335 1136 0 25 1
a 1335 1751 0 38 8
a 1336 1870 0 25 3
a 1336 1364 0 37 2
a 1337 1306 0 25 4
a 1337 1118 0 41 6
a 1339 917 0 25 9
a 1339 73 0 4 9
a 1340 350 0 25 8
a 1340 643 0 46 3
a 1341 1550 0 25 5
a 1341 1958 0 0 8
a 1342 113 0 25 7
a 1342 215 0 2 9
a 1343 936 0 25 2
a 1343 260 0 37 9
a 1346 1245 0 25 6
a 1346 1309 0 27 10
a 1353 1787 0 25 2
a 1353 1402 0 44 9
a 1354 1339 0 25 3
a 1354 1823 0 15 4
a 1361 1842 0 25 1
a 1361 1159 0 12 8
a 1362 873 0 25 1
a 1362 263 0 22 3
a 1364 1280 0 25 10
a 1364 526 0 49 6
a 1366 1674 0 25 8
a 1366 1853 0 41 5
a 1368 1934 0 25 1
a 1368 706 0 12 7
a 1369 507 0 25 3
a 1369 84 0 13 9
a 1370 1810 0 25 6
a 1370 629 0 7 1
a 1371 696 0 25 9
a 1371 1869 0 15 2
a 1375 1253 0 25 6
a 1375 1025 0 15 8
a 1376 1915 0 25 8
a 1376 881 0 27 2
a 1380 1483 0 25 6
a 1380 843 0 30 4
a 1382 87 0 25 7
a 1382 640 0 44 10
a 1385 662 0 25 4
a 1385 1540 0 1 9
a 1386 1025 0 25 9
a 1386 886 0 40 7
a 1387 1169 0 25 10
a 1387 1560 0 38 10
a 1389 447 0 25 8
a 1389 1477 0 24 7
a 1390 1258 0 25 2
a 1390 1745 0 23 3
a 1391 616 0 25 3
a 1391 221 0 47 1
a 1392 601 0 25 9
a 1392 1621 0 21 3
a 1393 1643 0 25 5
a 1393 42 0 8 8
a 1394 279 0 25 10
a 1394 1668 0 48 8
a 1395 629 0 25 3
a 1395 935 0 10 10
a 1396 1811 0 25 2
a 1396 666 0 7 8
a 1397 1380 0 25 10
a 1397 1981 0 49 8
a 1401 347 0 25 8
a 1401 1749 0 10 9
a 1405 1328 0 25 10
a 1405 1013 0 9 6
a 1406 569 0 25 3
a 1406 709 0 27 9
a 1411 130 0 25 10
a 1411 142 0 27 3
a 1414 1746 0 25 8
a 1414 942 0 27 9
a 1415 1531 0 25 10
a 1415 1175 0 23 10
a 1418 1041 0 25 6
a 1418 1672 0 36 2
a 1422 516 0 25 8
a 1422 1714 0 42 4
a 1424 216 0 25 7
a 1424 366 0 5 3
a 1427 122 0 25 3
a 1427 529 0 5 7
a 1428 568 0 25 7
a 1428 1510 0 32 2
a 1430 1330 0 25 10
a 1430 1884 0 42 3
a 1431 440 0 25 2
a 1431 1483 0 34 6
a 1432 1390 0 25 4
a 1432 665 0 50 6
a 1434 1885 0 25 3
a 1434 84 0 24 9
a 1435 668 0 25 7
a 1435 1643 0 45 9
a 1437 32 0 25 4
a 1437 1005 0 28 7
a 1438 1067 0 25 3
a 1438 1597 0 45 9
a 1439 42 0 25 9
a 1439 114 0 5 3
a 1441 340 0 25 5
a 1441 1574 0 14 4
a 1443 845 0 25 3
a 1443 1643 0 1 4
a 1445 1104 0 25 2
a 1445 79 0 49 7
a 1446 242 0 25 8
a 1446 1919 0 42 8
a 1450 823 0 25 1
a 1450 1933 0 20 9
a 1451 1187 0 25 4
a 1451 806 0 21 10
a 1452 1871 0 25 5
a 1452 947 0 17 10
a 1457 809 0 25 1
a 1457 1219 0 18 8
a 1458 991 0 25 2
a 1458 562 0 3 10
a 1460 1200 0 25 6
a 1460 43 0 44 5
a 1461 628 0 25 10
a 1461 1279 0 28 9
a 1463 687 0 25 10
a 1463 1214 0 46 4
a 1464 203 0 25 7
a 1464 1560 0 4 6
a 1465 1992 0 25 1
a 1465 28 0 50 3
a 1467 1045 0 25 1
a 1467 1692 0 21 5
a 1468 1428 0 25 2
a 1468 58 0 1 5
a 1473 264 0 25 9
a 1473 179 0 2 8
a 1475 1701 0 25 4
a 1475 1441 0 26 3
a 1477 1825 0 25 1
a 1477 1030 0 30 10
a 1478 996 0 25 8
a 1478 822 0 29 3
a 1481 1129 0 25 8
a 1481 836 0 16 6
a 1483 756 0 25 9
a 1483 1711 0 23 1
a 1486 1581 0 25 2
a 1486 258 0 30 3
a 1491 1005 0 25 1
a 1491 1071 0 50 2
a 1492 10 0 25 10
a 1492 1851 0 6 3
a 1494 109 0 25 9
a 1494 527 0 42 7
a 1496 1567 0 25 2
a 1496 378 0 26 8
a 1499 90 0 25 1
a 1499 687 0 8 3
a 1502 193 0 25 8
a 1502 1752 0 30 5
a 1503 1933 0 25 5
a 1503 817 0 25 6
a 1505 1867 0 25 5
a 1505 1953 0 18 4
a 1507 961 0 25 8
a 1507 1555 0 0 5
a 1508 1726 0 25 2
a 1508 1280 0 0 5
a 1509 1647 0 25 9
a 1509 1797 0 13 9
a 1510 1361 0 25 8
a 1510 1424 0 33 3
a 1513 859 0 25 1
a 1513 1796 0 22 2
a 1514 1750 0 25 5
a 1514 712 0 17 3
a 1515 233 0 25 3
a 1515 440 0 33 9
a 1519 1695 0 25 6
a 1519 1639 0 13 3
a 1520 1223 0 25 5
a 1520 673 0 39 8
a 1525 351 0 25 7
a 1525 1237 0 27 9
a 1530 1927 0 25 7
a 1530 175 0 28 3
a 1531 1446 0 25 9
a 1531 992 0 48 10
a 1532 1698 0 25 1
a 1532 1010 0 48 9
a 1534 1167 0 25 8
a 1534 1720 0 30 3
a 1535 520 0 25 9
a 1535 71 0 21 4
a 1536 355 0 25 1
a 1536 165 0 12 9
a 1540 1092 0 25 8
a 1540 1703 0 8 5
a 1541 430 0 25 2
a 1541 692 0 24 5
a 1542 463 0 25 2
a 1542 48 0 28 7
a 1543 488 0 25 1
a 1543 718 0 6 10
a 1544 1368 0 25 5
a 1544 1807 0 45 6
a 1545 1467 0 25 10
a 1545 1351 0 28 7
a 1547 1590 0 25 10
a 1547 1955 0 30 10
a 1548 1926 0 25 3
a 1548 305 0 6 3
a 1549 1702 0 25 3
a 1549 330 0 42 4
a 1550 383 0 25 10
a 1550 568 0 34 3
a 1554 29 0 25 8
a 1554 1775 0 24 8
a 1555 1770 0 25 5
a 1555 167 0 23 6
a 1559 1427 0 25 1
a 1559 1186 0 29 10
a 1563 1219 0 25 9
a 1563 1955 0 6 2
a 1567 1337 0 25 6
a 1567 855 0 26 6
a 1568 1051 0 25 6
a 1568 1714 0 23 3
a 1569 69 0 25 4
a 1569 462 0 38 10
a 1570 999 0 25 1
a 1570 18 0 49 1
a 1572 685 0 25 3
a 1572 1858 0 49 8
a 1575 1906 0 25 6
a 1575 821 0 18 6
a 1576 542 0 25 5
a 1576 34 0 18 9
a 1578 781 0 25 6
a 1578 1488 0 3 2
a 1581 690 0 25 7
a 1581 400 0 14 8
a 1582 410 0 25 4
a 1582 365 0 16 5
a 1583 1207 0 25 9
a 1583 44 0 20 5
a 1586 396 0 25 4
a 1586 32 0 33 7
a 1588 1790 0 25 9
a 1588 728 0 48 2
a 1590 726 0 25 2
a 1590 220 0 15 3
a 1591 304 0 25 3
a 1591 1319 0 40 7
a 1593 15 0 25 6
a 1593 732 0 34 8
a 1594 1264 0 25 8
a 1594 69 0 36 10
a 1595 1703 0 25 9
a 1595 62 0 1 8
a 1598 1699 0 25 3
a 1598 1381 0 24 4
a 1600 958 0 25 8
a 1600 29 0 26 3
a 1605 1101 0 25 10
a 1605 324 0 10 7
a 1606 1983 0 25 2
a 1606 950 0 50 1
a 1607 367 0 25 9
a 1607 1635 0 11 1
a 1609 1569 0 25 1
a 1609 893 0 42 5
a 1612 144 0 25 9
a 1612 1241 0 11 5
a 1614 1438 0 25 6
a 1614 1584 0 33 6
a 1615 895 0 25 8
a 1615 406 0 31 4
a 1618 1996 0 25 5
a 1618 1366 0 50 9
a 1619 1464 0 25 6
a 1619 1237 0 0 10
a 1623 464 0 25 6
a 1623 1662 0 47 2
a 1626 749 0 25 1
a 1626 1244 0 9 2
a 1631 1346 0 25 5
a 1631 1910 0 7 2
a 1632 34 0 25 2
a 1632 1406 0 23 5
a 1637 1534 0 25 8
a 1637 1430 0 29 3
a 1638 1626 0 25 10
a 1638 1407 0 3 7
a 1643 621 0 25 2
a 1643 1215 0 10 8
a 1644 547 0 25 6
a 1644 1705 0 17 5
a 1646 1215 0 25 4
a 1646 1641 0 0 10
a 1647 1548 0 25 4
a 1647 1811 0 12 8
a 1648 1911 0 25 5
a 1648 232 0 4 4
a 1651 1685 0 25 3
a 1651 1151 0 46 4
a 1653 1267 0 25 6
a 1653 884 0 25 10
a 1654 191 0 25 6
a 1654 823 0 6 1
a 1655 14 0 25 10
a 1655 794 0 46 9
a 1661 1000 0 25 1
a 1661 493 0 17 9
a 1662 752 0 25 7
a 1662 541 0 32 9
a 1663 1138 0 25 6
a 1663 236 0 3 9
a 1664 1385 0 25 1
a 1664 779 0 33 2
a 1666 332 0 25 1
a 1666 217 0 48 7
a 1668 466 0 25 4
a 1668 1888 0 37 7
a 1670 722 0 25 5
a 1670 1097 0 12 1
a 1672 664 0 25 7
a 1672 495 0 48 7
a 1673 247 0 25 6
a 1673 1247 0 29 7
a 1674 1896 0 25 3
a 1674 44 0 28 3
a 1675 1085 0 25 2
a 1675 426 0 32 6
a 1677 1132 0 25 9
a 1677 707 0 17 10
a 1678 669 0 25 2
a 1678 976 0 47 9
a 1681 1520 0 25 10
a 1681 260 0 16 8
a 1685 1985 0 25 9
a 1685 1009 0 35 2
a 1690 1278 0 25 9
a 1690 232 0 10 6
a 1691 64 0 25 5
a 1691 746 0 30 2
a 1692 607 0 25 1
a 1692 1645 0 10 10
a 1694 1242 0 25 10
a 1694 447 0 8 2
a 1695 1710 0 25 3
a 1695 95 0 11 1
a 1696 280 0 25 3
a 1696 1164 0 25 9
a 1697 630 0 25 2
a 1697 399 0 48 7
a 1698 1022 0 25 1
a 1698 616 0 8 2
a 1699 1937 0 25 4
a 1699 74 0 25 7
a 1701 455 0 25 4
a 1701 988 0 16 4
a 1702 728 0 25 8
a 1702 737 0 33 3
a 1703 281 0 25 3
a 1703 31 0 18 1
a 1704 148 0 25 2
a 1704 1234 0 3 7
a 1708 605 0 25 7
a 1708 1557 0 13 9
a 1710 235 0 25 2
a 1710 1007 0 27 5
a 1711 646 0 25 7
a 1711 1431 0 50 9
a 1716 236 0 25 9
a 1716 184 0 50 8
a 1720 818 0 25 2
a 1720 1145 0 14 2
a 1721 143 0 25 5
a 1721 896 0 22 5
a 1723 1105 0 25 2
a 1723 733 0 40 9
a 1725 1168 0 25 7
a 1725 1296 0 13 3
a 1726 1598 0 25 10
a 1726 1220 0 20 6
a 1728 483 0 25 4
a 1728 1479 0 33 5
a 1733 314 0 25 9
a 1733 473 0 31 5
a 1735 335 0 25 6
a 1735 1178 0 40 8
a 1736 1461 0 25 5
a 1736 576 0 1 6
a 1738 1094 0 25 4
a 1738 871 0 3 10
a 1739 1941 0 25 4
a 1739 1589 0 33 9
a 1740 608 0 25 2
a 1740 686 0 35 2
a 1741 1756 0 25 1
a 1741 1515 0 33 3
a 1742 68 0 25 10
a 1742 1204 0 2 4
a 1744 494 0 25 1
a 1744 917 0 45 8
a 1746 711 0 25 7
a 1746 924 0 41 9
a 1747 1366 0 25 9
a 1747 621 0 9 9
a 1748 633 0 25 4
a 1748 1293 0 19 6
a 1750 277 0 25 4
a 1750 107 0 6 1
a 1752 787 0 25 6
a 1752 1540 0 31 7
a 1753 431 0 25 4
a 1753 1343 0 14 5
a 1754 766 0 25 8
a 1754 1458 0 38 5
a 1756 107 0 25 2
a 1756 1330 0 3 5
a 1758 1239 0 25 8
a 1758 1800 0 45 1
a 1761 1781 0 25 9
a 1761 453 0 37 3
a 1765 1393 0 25 1
a 1765 1579 0 6 4
a 1766 1960 0 25 6
a 1766 1081 0 40 3
a 1768 221 0 25 1
a 1768 812 0 27 8
a 1770 1318 0 25 1
a 1770 1252 0 25 9
a 1772 1532 0 25 9
a 1772 1353 0 34 1
a 1777 1646 0 25 10
a 1777 897 0 37 5
a 1781 1401 0 25 2
a 1781 1457 0 29 7
a 1784 450 0 25 1
a 1784 1445 0 37 3
a 1785 1418 0 25 10
a 1785 1571 0 0 5
a 1787 1803 0 25 3
a 1787 1596 0 23 8
a 1789 287 0 25 1
a 1789 617 0 17 6
a 1790 1468 0 25 3
a 1790 53 0 39 8
a 1792 770 0 25 1
a 1792 433 0 39 3
a 1796 811 0 25 9
a 1796 1173 0 16 1
a 1798 168 0 25 8
a 1798 997 0 36 3
a 1801 318 0 25 10
a 1801 1554 0 13 5
a 1802 79 0 25 7
a 1802 379 0 2 1
a 1803 632 0 25 2
a 1803 1740 0 36 8
a 1807 433 0 25 5
a 1807 1752 0 46 7
a 1808 178 0 25 4
a 1808 216 0 44 1
a 1809 152 0 25 7
a 1809 624 0 29 8
a 1810 1540 0 25 1
a 1810 575 0 6 2
a 1811 1733 0 25 2
a 1811 505 0 45 1
a 1813 1536 0 25 5
a 1813 842 0 35 10
a 1814 743 0 25 3
a 1814 1428 0 0 5
a 1816 1884 0 25 7
a 1816 659 0 27 1
a 1817 1254 0 25 7
a 1817 1638 0 42 2
a 1818 196 0 25 1
a 1818 1372 0 21 5
a 1819 1777 0 25 2
a 1819 396 0 18 9
a 1821 532 0 25 5
a 1821 495 0 11 7
a 1822 930 0 25 7
a 1822 26 0 8 4
a 1823 979 0 25 7
a 1823 1887 0 35 8
a 1824 514 0 25 4
a 1824 1827 0 28 7
a 1825 232 0 25 9
a 1825 1087 0 18 4
a 1826 948 0 25 8
a 1826 1410 0 2 4
a 1828 1748 0 25 4
a 1828 1383 0 4 10
a 1830 590 0 25 2
a 1830 514 0 23 7
a 1832 1990 0 25 8
a 1832 153 0 24 10
a 1834 1075 0 25 8
a 1834 941 0 42 7
a 1839 392 0 25 2
a 1839 1032 0 0 3
a 1842 97 0 25 1
a 1842 1622 0 49 8
a 1844 1311 0 25 5
a 1844 1067 0 15 5
a 1846 102 0 25 4
a 1846 1262 0 38 2
a 1847 437 0 25 6
a 1847 74 0 23 9
a 1850 18 0 25 10
a 1850 215 0 43 2
a 1851 788 0 25 1
a 1851 1839 0 32 8
a 1853 1876 0 25 4
a 1853 1078 0 24 6
a 1860 1327 0 25 1
a 1860 726 0 12 7
a 1861 957 0 25 7
a 1861 1157 0 14 10
a 1863 286 0 25 5
a 1863 1332 0 9 3
a 1867 1434 0 25 6
a 1867 1769 0 32 1
a 1868 1593 0 25 9
a 1868 690 0 24 3
a 1870 1276 0 25 4
a 1870 1405 0 40 8
a 1871 1146 0 25 7
a 1871 249 0 39 5
a 1872 558 0 25 3
a 1872 1863 0 13 2
a 1873 1694 0 25 8
a 1873 608 0 30 2
a 1875 1801 0 25 9
a 1875 745 0 9 8
a 1876 1335 0 25 7
a 1876 775 0 31 5
a 1879 208 0 25 9
a 1879 807 0 2 9
a 1880 1784 0 25 3
a 1880 1175 0 32 8
a 1881 837 0 25 10
a 1881 1521 0 38 6
a 1883 1555 0 25 10
a 1883 1229 0 32 5
a 1884 869 0 25 10
a 1884 1275 0 39 6
a 1885 614 0 25 5
a 1885 1662 0 34 5
a 1886 370 0 25 7
a 1886 684 0 17 8
a 1889 989 0 25 3
a 1889 565 0 7 9
a 1890 862 0 25 7
a 1890 1274 0 20 9
a 1892 847 0 25 1
a 1892 1834 0 38 7
a 1896 1496 0 25 5
a 1896 1908 0 13 10
a 1899 1342 0 25 6
a 1899 1346 0 28 8
a 1902 169 0 25 9
a 1902 1638 0 0 5
a 1903 1046 0 25 5
a 1903 431 0 23 10
a 1904 816 0 25 6
a 1904 945 0 10 6
a 1906 698 0 25 9
a 1906 1049 0 41 6
a 1911 592 0 25 1
a 1911 96 0 0 3
a 1913 1846 0 25 4
a 1913 1035 0 23 7
a 1915 1502 0 25 3
a 1915 1844 0 29 10
a 1918 1765 0 25 10
a 1918 852 0 7 6
a 1919 1192 0 25 2
a 1919 101 0 30 7
a 1926 793 0 25 1
a 1926 638 0 30 6
a 1927 561 0 25 1
a 1927 540 0 10 6
a 1929 404 0 25 4
a 1929 905 0 49 5
a 1930 765 0 25 7
a 1930 1913 0 30 8
a 1933 1792 0 25 7
a 1933 1453 0 23 2
a 1934 1291 0 25 4
a 1934 560 0 8 5
a 1937 511 0 25 7
a 1937 1848 0 5 5
a 1938 1808 0 25 2
a 1938 630 0 22 3
a 1939 19 0 25 10
a 1939 1271 0 35 2
a 1941 1993 0 25 10
a 1941 1265 0 31 3
a 1942 1121 0 25 7
a 1942 1576 0 19 3
a 1943 767 0 25 4
a 1943 123 0 8 4
a 1946 813 0 25 4
a 1946 1945 0 9 5
a 1947 931 0 25 5
a 1947 167 0 45 2
a 1949 207 0 25 3
a 1949 1813 0 26 8
a 1950 51 0 25 6
a 1950 4 0 38 7
a 1951 1753 0 25 9
a 1951 1613 0 42 4
a 1953 976 0 25 10
a 1953 1543 0 15 5
a 1955 1619 0 25 6
a 1955 401 0 19 6
a 1956 587 0 25 7
a 1956 566 0 42 1
a 1957 1953 0 25 7
a 1957 725 0 1 2
a 1960 864 0 25 1
a 1960 828 0 35 5
a 1962 491 0 25 4
a 1962 74 0 39 3
a 1963 1271 0 25 1
a 1963 983 0 9 3
a 1964 1614 0 25 6
a 1964 687 0 28 1
a 1966 1014 0 25 6
a 1966 459 0 18 5
a 1970 898 0 25 6
a 1970 1805 0 22 4
a 1973 1943 0 25 5
a 1973 15 0 3 5
a 1976 1525 0 25 7
a 1976 372 0 49 6
a 1979 487 0 25 1
a 1979 1114 0 5 1
a 1983 701 0 25 4
a 1983 229 0 3 3
a 1984 306 0 25 7
a 1984 1863 0 34 1
a 1985 1257 0 25 3
a 1985 1848 0 16 10
a 1990 640 0 25 5
a 1990 612 0 39 8
a 1992 1816 0 25 1
a 1992 1994 0 39 7
a 1993 512 0 25 9
a 1993 118 0 3 5
a 1995 184 0 25 8
a 1995 1710 0 40 10
a 1996 1789 0 25 8
a 1996 314 0 30 7
a 1997 889 0 25 3
a 1997 1852 0 3 7
a 1998 1066 0 25 1
a 1998 1447 0 30 1
a 2 985 0 25 1
a 2 303 0 22 10
a 5 1786 0 25 5
a 5 1135 0 33 2
a 7 1924 0 25 8
a 7 754 0 50 3
a 9 1348 0 25 9
a 9 277 0 15 6
a 11 1597 0 25 7
a 11 158 0 33 10
a 21 309 0 25 3
a 21 1155 0 42 8
a 23 1023 0 25 5
a 23 1800 0 11 6
a 24 154 0 25 6
a 24 1400 0 31 5
a 25 1459 0 25 7
a 25 339 0 28 4
a 26 797 0 25 6
a 26 297 0 6 1
a 27 609 0 25 10
a 27 1228 0 42 2
a 30 1220 0 25 6
a 30 109 0 4 8
a 33 364 0 25 2
a 33 1663 0 17 10
a 36 1031 0 25 4
a 36 1751 0 50 8
a 38 1205 0 25 7
a 38 1640 0 18 3
a 41 36 0 25 1
a 41 1109 0 44 8
a 43 1470 0 25 1
a 43 930 0 9 10
a 44 125 0 25 10
a 44 862 0 37 4
a 45 1454 0 25 9
a 45 1156 0 12 8
a 46 192 0 25 5
a 46 493 0 33 1
a 47 1372 0 25 2
a 47 243 0 11 4
a 49 1017 0 25 9
a 49 697 0 42 4
a 50 1921 0 25 2
a 50 714 0 30 7
a 53 361 0 25 2
a 53 1815 0 7 1
a 55 1297 0 25 1
a 55 547 0 22 1
a 56 1225 0 25 1
a 56 1857 0 46 10
a 59 883 0 25 6
a 59 1199 0 1 5
a 60 1991 0 25 8
a 60 935 0 22 1
a 62 1412 0 25 4
a 62 1159 0 3 8
a 63 1400 0 25 1
a 63 1892 0 28 3
a 65 1145 0 25 6
a 65 1394 0 1 2
a 66 1126 0 25 7
a 66 1064 0 45 10
a 67 1284 0 25 7
a 67 1769 0 35 8
a 71 316 0 25 4
a 71 1492 0 49 2
a 73 1968 0 25 9
a 73 1984 0 27 10
a 74 1613 0 25 3
a 74 1664 0 9 7
a 75 637 0 25 9
a 75 798 0 44 5
a 76 71 0 25 9
a 76 684 0 36 10
a 78 753 0 25 7
a 78 230 0 25 9
a 83 636 0 25 9
a 83 1687 0 46 2
a 84 1232 0 25 4
a 84 562 0 2 9
a 91 1479 0 25 5
a 91 1233 0 8 8
a 92 1410 0 25 5
a 92 718 0 13 4
a 99 452 0 25 3
a 99 1316 0 17 3
a 101 205 0 25 8
a 101 1717 0 0 5
a 103 473 0 25 2
a 103 1150 0 26 9
a 104 308 0 25 3
a 104 1282 0 21 10
a 106 358 0 25 8
a 106 946 0 13 8
a 110 323 0 25 2
a 110 1659 0 39 10
a 111 1620 0 25 2
a 111 1050 0 47 10
a 112 986 0 25 5
a 112 765 0 7 5
a 115 941 0 25 1
a 115 1898 0 37 2
a 116 1488 0 25 10
a 116 470 0 24 2
a 117 245 0 25 8
a 117 1943 0 46 10
a 118 899 0 25 8
a 118 1409 0 37 5
a 121 1522 0 25 4
a 121 1763 0 47 9
a 123 812 0 25 5
a 123 987 0 33 9
a 124 467 0 25 2
a 124 1430 0 27 10
a 125 265 0 25 6
a 125 1094 0 43 10
a 126 509 0 25 1
a 126 1245 0 17 8
a 127 497 0 25 4
a 127 835 0 10 5
a 131 1299 0 25 3
a 131 1913 0 41 2
a 133 346 0 25 10
a 133 1233 0 44 5
a 136 1498 0 25 5
a 136 1186 0 50 4
a 138 653 0 25 9
a 138 330 0 50 1
a 140 599 0 25 6
a 140 880 0 18 8
a 141 648 0 25 7
a 141 433 0 1 7
a 145 1211 0 25 8
a 145 938 0 14 4
a 151 92 0 25 6
a 151 1192 0 42 7
a 153 1718 0 25 4
a 153 1996 0 10 1
a 154 1783 0 25 10
a 154 374 0 16 7
a 156 1682 0 25 8
a 156 701 0 20 2
a 160 1048 0 25 3
a 160 845 0 47 10
a 162 1449 0 25 6
a 162 1779 0 9 5
a 164 1120 0 25 1
a 164 1705 0 18 6
a 170 1709 0 25 4
a 170 1857 0 34 6
a 171 775 0 25 3
a 171 578 0 48 1
a 172 754 0 25 5
a 172 422 0 28 9
a 175 731 0 25 3
a 175 312 0 33 10
a 177 1019 0 25 7
a 177 273 0 48 10
a 179 884 0 25 8
a 179 51 0 18 10
a 182 1285 0 25 8
a 182 813 0 48 6
a 183 1357 0 25 1
a 183 667 0 40 7
a 185 892 0 25 6
a 185 118 0 17 3
a 188 1419 0 25 1
a 188 953 0 50 9
a 192 1700 0 25 9
a 192 1468 0 39 4
a 194 11 0 25 9
a 194 1135 0 12 1
a 195 868 0 25 2
a 195 1316 0 45 9
a 197 267 0 25 3
a 197 427 0 16 8
a 200 589 0 25 10
a 200 229 0 49 3
a 201 1152 0 25 2
a 201 916 0 15 7
a 202 1043 0 25 6
a 202 1146 0 30 1
a 205 1378 0 25 2
a 205 1672 0 22 7
a 209 564 0 25 9
a 209 51 0 47 7
a 213 1838 0 25 6
a 213 159 0 1 3
a 217 525 0 25 1
a 217 880 0 18 8
a 219 1866 0 25 5
a 219 1124 0 12 9
a 222 1293 0 25 1
a 222 1950 0 27 8
a 223 436 0 25 2
a 223 1589 0 42 7
a 224 1978 0 25 9
a 224 930 0 46 4
a 226 480 0 25 4
a 226 420 0 11 5
a 228 1667 0 25 10
a 228 127 0 10 5
a 229 1218 0 25 2
a 229 397 0 23 7
a 230 172 0 25 5
a 230 896 0 26 3
a 234 1350 0 25 2
a 234 1001 0 0 5
a 237 478 0 25 10
a 237 1383 0 31 2
a 238 1833 0 25 8
a 238 1624 0 3 10
a 240 1057 0 25 5
a 240 695 0 32 4
a 243 1887 0 25 10
a 243 1904 0 17 1
a 244 123 0 25 10
a 244 810 0 4 10
a 245 1831 0 25 2
a 245 302 0 39 7
a 246 1490 0 25 1
a 246 627 0 38 6
a 249 1774 0 25 2
a 249 617 0 38 7
a 250 1417 0 25 7
a 250 490 0 0 1
a 252 1800 0 25 8
a 252 1222 0 44 8
a 253 1684 0 25 3
a 253 898 0 50 3
a 254 596 0 25 2
a 254 1712 0 0 2
a 255 1182 0 25 7
a 255 905 0 25 10
a 258 1627 0 25 3
a 258 574 0 18 1
a 259 73 0 25 1
a 259 61 0 0 8
a 260 1649 0 25 7
a 260 1385 0 10 9
a 261 1729 0 25 1
a 261 906 0 30 2
a 262 583 0 25 4
a 262 653 0 5 8
a 263 1562 0 25 7
a 263 1969 0 45 4
a 265 1365 0 25 4
a 265 1807 0 18 4
a 267 500 0 25 8
a 267 90 0 7 7
a 268 908 0 25 8
a 268 610 0 30 7
a 269 1107 0 25 9
a 269 383 0 31 1
a 271 798 0 25 3
a 271 453 0 37 6
a 273 24 0 25 6
a 273 1629 0 15 6
a 274 1907 0 25 5
a 274 1462 0 36 5
a 285 1403 0 25 8
a 285 1714 0 32 9
a 291 1895 0 25 6
a 291 712 0 17 9
a 292 1794 0 25 1
a 292 874 0 36 8
a 295 1363 0 25 3
a 295 921 0 16 8
a 296 101 0 25 8
a 296 341 0 4 4
a 297 1901 0 25 4
a 297 49 0 23 6
a 298 398 0 25 10
a 298 984 0 37 2
a 301 1776 0 25 1
a 301 1982 0 43 4
a 305 1989 0 25 6
a 305 1608 0 43 4
a 308 1676 0 25 2
a 308 979 0 4 4
a 309 448 0 25 4
a 309 1870 0 20 2
a 310 162 0 25 10
a 310 54 0 14 5
a 313 659 0 25 4
a 313 422 0 37 4
a 315 755 0 25 7
a 315 664 0 3 9
a 316 541 0 25 10
a 316 308 0 46 8
a 321 1719 0 25 7
a 321 1431 0 36 9
a 323 523 0 25 8
a 323 7 0 48 7
a 324 1135 0 25 1
a 324 1846 0 32 3
a 325 995 0 25 6
a 325 1102 0 49 5
a 326 9 0 25 10
a 326 215 0 16 6
a 327 1693 0 25 4
a 327 733 0 37 10
a 330 1624 0 25 9
a 330 1955 0 21 9
a 331 795 0 25 7
a 331 1784 0 26 3
a 333 1352 0 25 10
a 333 714 0 28 2
a 334 1909 0 25 3
a 334 812 0 26 4
a 336 1426 0 25 9
a 336 1850 0 50 5
a 337 1344 0 25 7
a 337 180 0 11 5
a 341 1241 0 25 4
a 341 431 0 15 3
a 342 759 0 25 1
a 342 475 0 38 9
a 343 1312 0 25 4
a 343 1572 0 13 2
a 344 1751 0 25 5
a 344 1687 0 9 9
a 346 1154 0 25 7
a 346 1567 0 10 5
a 348 292 0 25 6
a 348 125 0 38 6
a 349 721 0 25 7
a 349 233 0 28 1
a 354 997 0 25 3
a 354 504 0 32 2
a 356 900 0 25 4
a 356 247 0 16 10
a 358 1288 0 25 1
a 358 1435 0 1 6
a 360 641 0 25 2
a 360 875 0 34 9
a 361 656 0 25 3
a 361 1998 0 0 4
a 364 1755 0 25 10
a 364 921 0 48 9
a 365 942 0 25 4
a 365 1010 0 38 6
a 368 560 0 25 5
a 368 1295 0 12 3
a 369 112 0 25 3
a 369 1348 0 44 8
a 372 578 0 25 1
a 372 1905 0 2 1
a 373 1462 0 25 4
a 373 310 0 9 1
a 375 356 0 25 2
a 375 1451 0 30 1
a 380 1587 0 25 7
a 380 641 0 6 6
a 381 1910 0 25 1
a 381 1840 0 13 7
a 382 955 0 25 8
a 382 122 0 5 3
a 384 151 0 25 4
a 384 1459 0 32 8
a 387 341 0 25 2
a 387 707 0 21 1
a 388 1556 0 25 4
a 388 916 0 47 6
a 389 850 0 25 8
a 389 570 0 21 2
a 393 7 0 25 10
a 393 128 0 50 9
a 394 1068 0 25 9
a 394 1337 0 43 2
a 398 888 0 25 6
a 398 1463 0 32 5
a 399 1086 0 25 1
a 399 1008 0 5 1
a 402 177 0 25 6
a 402 730 0 35 2
a 403 1658 0 25 7
a 403 265 0 33 6
a 405 1599 0 25 6
a 405 94 0 7 4
a 406 1147 0 25 8
a 406 551 0 18 3
a 407 477 0 25 7
a 407 1689 0 23 9
a 408 974 0 25 10
a 408 1687 0 21 8
a 412 1108 0 25 8
a 412 1044 0 40 4
a 413 619 0 25 6
a 413 499 0 36 5
a 414 429 0 25 4
a 414 1279 0 42 9
a 415 886 0 25 2
a 415 585 0 44 3
a 416 1686 0 25 3
a 416 6 0 39 7
a 417 1712 0 25 6
a 417 1723 0 47 8
a 419 1628 0 25 7
a 419 548 0 40 6
a 420 591 0 25 4
a 420 1569 0 25 10
a 423 1845 0 25 1
a 423 512 0 18 9
a 424 1159 0 25 5
a 424 1242 0 2 2
a 426 78 0 25 1
a 426 1388 0 41 10
a 427 1645 0 25 9
a 427 1988 0 32 10
a 428 1639 0 25 4
a 428 1443 0 49 7
a 429 504 0 25 10
a 429 954 0 33 7
a 436 415 0 25 10
a 436 1846 0 14 3
a 438 1208 0 25 4
a 438 47 0 44 10
a 439 1367 0 25 5
a 439 751 0 18 4
a 444 1308 0 25 5
a 444 410 0 37 9
a 445 953 0 25 5
a 445 1225 0 40 7
a 446 817 0 25 5
a 446 696 0 34 5
a 448 1472 0 25 5
a 448 1942 0 27 7
a 449 1660 0 25 1
a 449 1184 0 12 7
a 451 1797 0 25 1
a 451 1376 0 0 1
a 452 230 0 25 1
a 452 1686 0 38 3
a 454 923 0 25 9
a 454 951 0 9 6
a 456 815 0 25 7
a 456 481 0 17 5
a 457 825 0 25 6
a 457 1186 0 38 4
a 458 1127 0 25 1
a 458 740 0 16 9
a 459 1857 0 25 6
a 459 749 0 11 1
a 461 1054 0 25 10
a 461 156 0 43 6
a 462 1731 0 25 5
a 462 492 0 44 9
a 467 805 0 25 8
a 467 1166 0 19 10
a 469 1404 0 25 2
a 469 1979 0 47 5
a 471 789 0 25 1
a 471 1053 0 11 2
a 472 1835 0 25 2
a 472 1460 0 27 3
a 473 702 0 25 5
a 473 427 0 0 1
a 477 1882 0 25 10
a 477 316 0 35 5
a 478 998 0 25 3
a 478 887 0 25 1
a 480 1359 0 25 4
a 480 1917 0 46 2
a 481 1484 0 25 1
a 481 1304 0 40 8
a 482 412 0 25 4
a 482 1235 0 6 1
a 484 1084 0 25 5
a 484 1540 0 6 7
a 485 763 0 25 8
a 485 959 0 10 8
a 486 1551 0 25 9
a 486 1767 0 8 1
a 489 342 0 25 1
a 489 824 0 5 9
a 490 1657 0 25 4
a 490 1083 0 44 7
a 495 243 0 25 2
a 495 1973 0 31 7
a 496 738 0 25 1
a 496 1992 0 48 5
a 497 737 0 25 4
a 497 109 0 6 6
a 498 369 0 25 2
a 498 741 0 6 3
a 499 1526 0 25 3
a 499 1041 0 27 2
a 500 1848 0 25 1
a 500 73 0 1 2
a 504 506 0 25 1
a 504 1920 0 8 4
a 505 219 0 25 8
a 505 800 0 19 9
a 506 1944 0 25 7
a 506 128 0 22 7
a 509 1524 0 25 7
a 509 1240 0 44 3
a 513 920 0 25 10
a 513 95 0 37 5
a 515 878 0 25 1
a 515 1353 0 5 4
a 517 343 0 25 1
a 517 1331 0 4 10
a 523 1469 0 25 1
a 523 271 0 5 10
a 524 469 0 25 3
a 524 1067 0 18 3
a 525 296 0 25 2
a 525 1404 0 11 4
a 526 1072 0 25 1
a 526 91 0 50 5
a 527 498 0 25 8
a 527 663 0 18 1
a 529 1039 0 25 7
a 529 945 0 12 8
a 533 43 0 25 8
a 533 1486 0 34 2
a 537 373 0 25 10
a 537 495 0 20 4
a 538 678 0 25 5
a 538 662 0 8 10
a 539 1900 0 25 10
a 539 890 0 13 3
a 541 1633 0 25 5
a 541 502 0 8 8
a 545 1585 0 25 8
a 545 133 0 42 3
a 546 1917 0 25 1
a 546 1144 0 19 1
a 549 126 0 25 9
a 549 1616 0 17 2
a 550 298 0 25 7
a 550 1394 0 41 3
a 551 801 0 25 4
a 551 176 0 24 3
a 553 84 0 25 7
a 553 1023 0 26 9
a 555 1174 0 25 6
a 555 1028 0 37 9
a 557 906 0 25 2
a 557 211 0 35 2
a 559 1047 0 25 1
a 559 1906 0 36 5
a 560 1487 0 25 8
a 560 1433 0 21 5
a 563 21 0 25 7
a 563 452 0 9 10
a 564 1074 0 25 6
a 564 1460 0 49 3
a 566 1265 0 25 9
a 566 622 0 42 6
a 567 557 0 25 10
a 567 661 0 43 7
a 572 1161 0 25 1
a 572 349 0 24 8
a 573 331 0 25 1
a 573 1873 0 36 1
a 575 45 0 25 4
a 575 787 0 49 8
a 577 1098 0 25 9
a 577 1742 0 42 3
a 578 263 0 25 6
a 578 423 0 38 3
a 579 413 0 25 4
a 579 774 0 9 5
a 581 1080 0 25 2
a 581 434 0 14 4
a 583 935 0 25 2
a 583 854 0 15 2
a 585 1413 0 25 8
a 585 816 0 6 6
a 586 402 0 25 6
a 586 1836 0 30 4
a 589 553 0 25 1
a 589 981 0 38 7
a 591 258 0 25 3
a 591 1820 0 16 6
a 593 1974 0 25 5
a 593 1711 0 27 3
a 595 829 0 25 10
a 595 196 0 20 5
a 596 967 0 25 9
a 596 1307 0 40 2
a 599 784 0 25 4
a 599 1269 0 49 2
a 603 1504 0 25 6
a 603 1309 0 36 5
a 604 1177 0 25 3
a 604 1187 0 10 9
a 606 428 0 25 1
a 606 449 0 49 1
a 609 1160 0 25 3
a 609 955 0 42 1
a 612 913 0 25 10
a 612 1173 0 8 5
a 613 1204 0 25 1
a 613 317 0 46 6
a 619 305 0 25 6
a 619 431 0 11 6
a 620 30 0 25 6
a 620 212 0 50 4
a 622 1920 0 25 3
a 622 1500 0 15 6
a 627 1565 0 25 7
a 627 1666 0 3 8
a 635 197 0 25 2
a 635 1128 0 19 3
a 636 550 0 25 9
a 636 1005 0 23 6
a 637 1517 0 25 6
a 637 1159 0 43 8
a 639 255 0 25 8
a 639 1051 0 1 2
a 641 1914 0 25 10
a 641 1739 0 46 10
a 642 651 0 25 8
a 642 1697 0 25 10
a 644 505 0 25 1
a 644 1080 0 6 5
a 647 1214 0 25 9
a 647 1242 0 7 3
a 648 46 0 25 10
a 648 1452 0 41 4
a 649 1088 0 25 10
a 649 1917 0 39 7
a 651 244 0 25 8
a 651 1431 0 49 3
a 652 1972 0 25 6
a 652 643 0 15 1
a 653 1546 0 25 3
a 653 373 0 7 10
a 654 1262 0 25 8
a 654 1337 0 48 2
a 655 612 0 25 6
a 655 1051 0 30 8
a 656 375 0 25 2
a 656 82 0 30 10
a 659 349 0 25 1
a 659 178 0 31 10
a 660 451 0 25 7
a 660 1535 0 7 3
a 661 776 0 25 9
a 661 838 0 38 6
a 663 1338 0 25 7
a 663 310 0 14 7
a 665 237 0 25 1
a 665 541 0 13 7
a 666 1421 0 25 7
a 666 1166 0 10 6
a 667 462 0 25 7
a 667 1859 0 11 3
a 670 1173 0 25 8
a 670 1299 0 4 8
a 671 844 0 25 5
a 671 1367 0 35 1
a 675 136 0 25 9
a 675 51 0 26 8
a 676 539 0 25 3
a 676 1000 0 28 10
a 678 1199 0 25 8
a 678 78 0 10 9
a 679 324 0 25 10
a 679 1852 0 40 2
a 680 1455 0 25 7
a 680 1482 0 34 7
a 681 1622 0 25 5
a 681 144 0 16 9
a 684 732 0 25 9
a 684 1352 0 5 10
a 686 1444 0 25 2
a 686 1009 0 43 3
a 691 1115 0 25 3
a 691 1423 0 17 6
a 693 1518 0 25 10
a 693 823 0 2 5
a 699 1602 0 25 7
a 699 75 0 33 10
a 700 1261 0 25 9
a 700 1102 0 19 8
a 702 327 0 25 6
a 702 1931 0 5 10
a 704 655 0 25 4
a 704 371 0 50 7
a 706 50 0 25 2
a 706 296 0 31 4
a 707 551 0 25 5
a 707 1506 0 4 3
a 708 1679 0 25 8
a 708 847 0 21 9
a 710 635 0 25 10
a 710 1710 0 6 8
a 713 533 0 25 7
a 713 1786 0 11 4
a 716 1151 0 25 2
a 716 1552 0 25 10
a 718 1553 0 25 4
a 718 86 0 20 6
a 719 253 0 25 1
a 719 1198 0 4 5
a 720 686 0 25 8
a 720 1284 0 14 1
a 721 1714 0 25 3
a 721 1881 0 42 9
a 723 380 0 25 4
a 723 1375 0 26 5
a 724 419 0 25 10
a 724 455 0 5 6
a 729 1636 0 25 2
a 729 741 0 19 8
a 731 62 0 25 4
a 731 192 0 42 8
a 732 1109 0 25 1
a 732 1706 0 49 4
a 733 164 0 25 2
a 733 1474 0 34 8
a 734 170 0 25 9
a 734 16 0 6 8
a 736 964 0 25 3
a 736 367 0 45 4
a 737 1511 0 25 4
a 737 613 0 28 2
a 738 1763 0 25 10
a 738 1218 0 41 1
a 740 977 0 25 5
a 740 1983 0 44 4
a 741 420 0 25 3
a 741 537 0 26 5
a 746 1210 0 25 5
a 746 564 0 30 8
a 748 1589 0 25 10
a 748 1949 0 23 5
a 750 1423 0 25 8
a 750 1989 0 42 2
a 751 1564 0 25 1
a 751 853 0 17 8
a 753 808 0 25 3
a 753 1443 0 25 1
a 754 1448 0 25 8
a 754 1486 0 10 8
a 755 1326 0 25 2
a 755 1952 0 40 3
a 757 1003 0 25 10
a 757 533 0 44 8
a 759 1641 0 25 10
a 759 217 0 7 5
a 761 1316 0 25 4
a 761 50 0 6 7
a 762 1971 0 25 3
a 762 1204 0 22 5
a 763 1687 0 25 3
a 763 1362 0 40 8
a 768 581 0 25 10
a 768 1515 0 23 10
a 769 1778 0 25 6
a 769 1531 0 32 6
a 772 1064 0 25 1
a 772 1625 0 16 9
a 773 1407 0 25 7
a 773 1653 0 37 3
a 775 1705 0 25 1
a 775 507 0 38 1
a 776 389 0 25 4
a 776 623 0 11 5
a 777 217 0 25 5
a 777 1134 0 27 8
a 778 1480 0 25 4
a 778 672 0 14 7
a 783 1893 0 25 9
a 783 299 0 13 9
a 784 274 0 25 7
a 784 428 0 30 6
a 789 1037 0 25 7
a 789 1113 0 28 8
a 791 1688 0 25 8
a 791 1019 0 18 4
a 794 1485 0 25 1
a 794 448 0 5 3
a 795 408 0 25 9
a 795 197 0 28 4
a 796 1805 0 25 4
a 796 568 0 34 8
a 797 1912 0 25 9
a 797 1639 0 31 4
a 798 834 0 25 9
a 798 683 0 5 5
a 801 867 0 25 9
a 801 1981 0 7 6
a 805 1745 0 25 5
a 805 759 0 49 10
a 808 982 0 25 1
a 808 1957 0 35 5
a 810 183 0 25 6
a 810 1711 0 48 2
a 812 26 0 25 6
a 812 1871 0 5 2
a 815 1874 0 25 2
a 815 1058 0 45 6
a 817 315 0 25 3
a 817 456 0 20 8
a 821 1952 0 25 9
a 821 1178 0 44 10
a 824 1856 0 25 2
a 824 1581 0 26 4
a 825 449 0 25 8
a 825 394 0 26 10
a 826 751 0 25 3
a 826 460 0 34 8
a 828 131 0 25 5
a 828 1836 0 50 10
a 829 860 0 25 5
a 829 439 0 14 8
a 830 1408 0 25 6
a 830 1824 0 16 3
a 831 904 0 25 5
a 831 1716 0 23 9
a 832 1762 0 25 9
a 832 124 0 17 9
a 834 719 0 25 9
a 834 523 0 8 6
a 838 1812 0 25 9
a 838 925 0 17 9
a 840 53 0 25 10
a 840 75 0 17 5
a 842 127 0 25 10
a 842 621 0 37 8
a 844 439 0 25 7
a 844 495 0 32 10
a 850 1307 0 25 5
a 850 1817 0 17 8
a 851 1849 0 25 9
a 851 893 0 18 3
a 856 613 0 25 10
a 856 1717 0 46 9
a 857 791 0 25 5
a 857 1118 0 36 1
a 858 1617 0 25 8
a 858 630 0 37 2
a 860 1854 0 25 4
a 860 1138 0 8 5
a 863 372 0 25 10
a 863 1413 0 47 4
a 867 1379 0 25 10
a 867 537 0 4 10
a 868 1715 0 25 1
a 868 710 0 35 10
a 871 138 0 25 4
a 871 1104 0 50 2
a 872 1579 0 25 3
a 872 1347 0 5 7
a 877 772 0 25 7
a 877 1497 0 40 8
a 878 387 0 25 9
a 878 47 0 20 2
a 881 1954 0 25 8
a 881 1752 0 36 9
a 883 44 0 25 7
a 883 1232 0 35 9
a 884 1035 0 25 9
a 884 1539 0 13 2
a 885 566 0 25 9
a 885 1767 0 28 5
a 886 261 0 25 2
a 886 832 0 30 4
a 887 1016 0 25 10
a 887 1565 0 1 4
a 888 185 0 25 2
a 888 776 0 33 8
a 890 330 0 25 10
a 890 1749 0 35 1
a 891 301 0 25 1
a 891 1726 0 3 10
a 892 769 0 25 1
a 892 1480 0 23 7
a 896 1659 0 25 9
a 896 1496 0 24 5
a 899 1650 0 25 4
a 899 631 0 8 2
a 900 111 0 25 3
a 900 1987 0 7 6
a 904 133 0 25 4
a 904 1385 0 30 4
a 906 824 0 25 6
a 906 1719 0 17 2
a 907 1381 0 25 1
a 907 1525 0 4 9
a 908 1150 0 25 9
a 908 1864 0 8 9
a 910 863 0 25 2
a 910 1953 0 50 10
a 913 1189 0 25 7
a 913 1148 0 21 9
a 915 1059 0 25 6
a 915 624 0 41 9
a 920 1453 0 25 6
a 920 1797 0 9 4
a 921 773 0 25 4
a 921 266 0 46 2
a 923 382 0 25 1
a 923 1763 0 5 5
a 928 567 0 25 3
a 928 586 0 47 5
a 932 1665 0 25 3
a 932 273 0 26 8
a 933 649 0 25 9
a 933 1002 0 32 10
a 935 885 0 25 2
a 935 1610 0 13 4
a 938 1980 0 25 8
a 938 1225 0 37 3
a 939 1256 0 25 7
a 939 8 0 5 4
a 940 1296 0 25 7
a 940 176 0 11 9
a 941 842 0 25 5
a 941 1328 0 50 4
a 942 777 0 25 9
a 942 501 0 33 7
a 943 393 0 25 9
a 943 1336 0 49 6
a 944 704 0 25 7
a 944 1807 0 48 10
a 949 153 0 25 5
a 949 1279 0 32 4
a 951 1373 0 25 6
a 951 658 0 8 9
a 952 1775 0 25 4
a 952 699 0 16 5
a 953 1158 0 25 2
a 953 1534 0 12 5
a 954 1255 0 25 4
a 954 1904 0 39 10
a 955 1112 0 25 10
a 955 1766 0 32 4
a 956 691 0 25 3
a 956 328 0 3 6
a 959 1466 0 25 2
a 959 1883 0 6 2
a 960 1671 0 25 5
a 960 586 0 41 3
a 964 1402 0 25 1
a 964 780 0 19 10
a 965 1557 0 25 2
a 965 1567 0 12 6
a 967 987 0 25 3
a 967 1693 0 3 4
a 969 840 0 25 2
a 969 1584 0 44 8
a 971 1894 0 25 7
a 971 1683 0 14 9
a 972 141 0 25 10
a 972 811 0 8 2
a 973 65 0 25 9
a 973 43 0 45 1
a 974 1925 0 25 5
a 974 1102 0 50 7
a 977 949 0 25 7
a 977 1715 0 31 7
a 982 226 0 25 8
a 982 1061 0 50 7
a 985 1836 0 25 8
a 985 471 0 46 9
a 986 1795 0 25 9
a 986 371 0 7 5
a 987 194 0 25 1
a 987 1823 0 34 6
a 990 872 0 25 10
a 990 1019 0 41 9
a 994 1333 0 25 6
a 994 362 0 25 7
a 995 1268 0 25 1
a 995 1044 0 41 1
a 997 1577 0 25 10
a 997 1154 0 32 6
a 998 1287 0 25 10
a 998 1508 0 0 5
a 1001 1420 0 25 9
a 1001 1609 0 44 8
a 1003 1806 0 25 5
a 1003 1313 0 38 5
a 1004 585 0 25 9
a 1004 470 0 4 2
a 1006 1713 0 25 7
a 1006 366 0 16 10
a 1010 741 0 25 9
a 1010 641 0 4 9
a 1011 344 0 25 10
a 1011 1185 0 25 3
a 1016 414 0 25 3
a 1016 1846 0 41 3
a 1017 1859 0 25 5
a 1017 238 0 30 9
a 1019 524 0 25 1
a 1019 1135 0 34 9
a 1020 249 0 25 4
a 1020 565 0 3 2
a 1023 1360 0 25 8
a 1023 112 0 17 4
a 1027 954 0 25 2
a 1027 453 0 22 8
a 1031 297 0 25 4
a 1031 798 0 21 6
a 1033 1982 0 25 4
a 1033 566 0 20 10
a 1035 1240 0 25 3
a 1035 1272 0 33 5
a 1037 660 0 25 6
a 1037 966 0 30 2
a 1039 55 0 25 3
a 1039 758 0 26 7
a 1040 907 0 25 8
a 1040 1088 0 24 10
a 1042 403 0 25 7
a 1042 1249 0 36 8
a 1043 1843 0 25 9
a 1043 761 0 47 3
a 1047 321 0 25 4
a 1047 94 0 29 5
a 1048 1482 0 25 4
a 1048 1128 0 21 2
a 1050 1440 0 25 5
a 1050 336 0 40 10
a 1052 91 0 25 6
a 1052 417 0 20 3
a 1054 388 0 25 3
a 1054 414 0 46 4
a 1055 1040 0 25 6
a 1055 1639 0 21 1
a 1056 545 0 25 9
a 1056 119 0 10 10
a 1057 360 0 25 6
a 1057 1588 0 6 5
a 1059 1757 0 25 8
a 1059 917 0 10 5
a 1062 446 0 25 1
a 1062 1088 0 25 7
a 1064 972 0 25 2
a 1064 1763 0 21 9
a 1065 310 0 25 3
a 1065 470 0 5 9
a 1068 1474 0 25 9
a 1068 1575 0 20 2
a 1069 1864 0 25 3
a 1069 750 0 24 2
a 1071 1383 0 25 2
a 1071 1513 0 10 7
a 1072 1558 0 25 9
a 1072 1250 0 35 3
a 1074 484 0 25 7
a 1074 45 0 20 9
a 1079 1862 0 25 2
a 1079 636 0 39 10
a 1080 1179 0 25 2
a 1080 983 0 2 3
a 1084 959 0 25 1
a 1084 581 0 44 8
a 1086 1780 0 25 4
a 1086 416 0 3 4
a 1088 595 0 25 2
a 1088 1714 0 25 9
a 1089 1142 0 25 4
a 1089 106 0 19 3
a 1091 472 0 25 10
a 1091 91 0 0 1
a 1095 2000 0 25 2
a 1095 585 0 36 2
a 1096 1279 0 25 4
a 1096 1175 0 38 3
a 1098 622 0 25 1
a 1098 927 0 48 1
a 1099 1495 0 25 6
a 1099 506 0 38 8
a 1107 1148 0 25 6
a 1107 1013 0 34 1
a 1108 1056 0 25 10
a 1108 615 0 33 5
a 1109 1891 0 25 2
a 1109 751 0 1 2
a 1112 1399 0 25 8
a 1112 1991 0 39 2
a 1114 1162 0 25 10
a 1114 1457 0 39 5
a 1115 1888 0 25 1
a 1115 1521 0 29 8
a 1120 1196 0 25 6
a 1120 1920 0 38 6
a 1124 890 0 25 5
a 1124 1948 0 13 5
a 1125 642 0 25 6
a 1125 1784 0 14 3
a 1126 750 0 25 2
a 1126 1583 0 23 9
a 1127 960 0 25 6
a 1127 1770 0 36 3
a 1135 1760 0 25 7
a 1135 1429 0 20 4
a 1139 273 0 25 2
a 1139 341 0 27 6
a 1140 794 0 25 1
a 1140 1483 0 35 4
a 1142 60 0 25 9
a 1142 921 0 37 3
a 1145 405 0 25 1
a 1145 1819 0 6 2
a 1147 202 0 25 10
a 1147 396 0 21 2
a 1148 952 0 25 2
a 1148 748 0 11 9
a 1150 1603 0 25 3
a 1150 79 0 1 6
a 1151 1707 0 25 9
a 1151 543 0 22 8
a 1152 604 0 25 7
a 1152 1868 0 18 9
a 1154 1539 0 25 3
a 1154 731 0 13 3
a 1155 116 0 25 6
a 1155 237 0 14 1
a 1156 1079 0 25 4
a 1156 1535 0 8 3
a 1158 1471 0 25 2
a 1158 739 0 29 2
a 1159 1321 0 25 5
a 1159 1493 0 21 2
a 1160 921 0 25 9
a 1160 75 0 50 1
a 1161 195 0 25 9
a 1161 39 0 43 3
a 1162 573 0 25 1
a 1162 201 0 2 6
a 1172 1608 0 25 6
a 1172 1888 0 28 2
a 1173 1010 0 25 4
a 1173 338 0 8 9
a 1174 326 0 25 9
a 1174 1581 0 20 3
a 1176 1237 0 25 9
a 1176 1550 0 40 1
a 1177 1905 0 25 5
a 1177 947 0 40 3
a 1179 1050 0 25 3
a 1179 929 0 6 1
a 1181 706 0 25 1
a 1181 864 0 1 4
a 1182 1020 0 25 6
a 1182 686 0 12 9
a 1184 399 0 25 1
a 1184 1882 0 22 4
a 1189 1759 0 25 2
a 1189 998 0 5 6
a 1190 1827 0 25 1
a 1190 179 0 45 7
a 1191 1897 0 25 7
a 1191 773 0 39 10
a 1194 252 0 25 10
a 1194 502 0 26 10
a 1196 1270 0 25 3
a 1196 1604 0 37 4
a 1199 667 0 25 9
a 1199 908 0 26 5
a 1202 1252 0 25 8
a 1202 652 0 1 3
a 1204 1011 0 25 5
a 1204 1096 0 31 8
a 1205 857 0 25 3
a 1205 81 0 21 4
a 1208 1176 0 25 9
a 1208 1608 0 40 4
a 1210 1732 0 25 3
a 1210 372 0 47 4
a 1211 1506 0 25 7
a 1211 1462 0 24 4
a 1214 746 0 25 9
a 1214 397 0 5 6
a 1216 1852 0 25 6
a 1216 1929 0 46 6
a 1217 1571 0 25 3
a 1217 976 0 19 8
a 1218 156 0 25 1
a 1218 1684 0 24 7
a 1220 1436 0 25 8
a 1220 910 0 30 9
a 1225 555 0 25 10
a 1225 1168 0 10 5
a 1226 736 0 25 8
a 1226 1140 0 13 3
a 1228 871 0 25 4
a 1228 19 0 48 5
a 1229 1052 0 25 9
a 1229 842 0 35 5
a 1230 1975 0 25 8
a 1230 522 0 18 9
a 1232 944 0 25 2
a 1232 1695 0 11 3
a 1233 713 0 25 3
a 1233 1374 0 28 10
a 1236 337 0 25 5
a 1236 788 0 46 10
a 1237 1456 0 25 1
a 1237 585 0 12 2
a 1240 368 0 25 1
a 1240 1913 0 14 3
a 1241 75 0 25 7
a 1241 1632 0 29 10
a 1243 932 0 25 1
a 1243 1023 0 7 1
a 1247 1489 0 25 9
a 1247 1638 0 5 1
a 1249 858 0 25 2
a 1249 988 0 1 4
a 1250 1788 0 25 3
a 1250 1861 0 2 9
a 1252 1194 0 25 10
a 1252 1768 0 4 5
a 1255 1345 0 25 9
a 1255 1148 0 23 4
a 1256 269 0 25 2
a 1256 1904 0 48 10
a 1261 454 0 25 7
a 1261 204 0 0 4
a 1262 1537 0 25 10
a 1262 1000 0 36 7
a 1265 1155 0 25 5
a 1265 1065 0 32 6
a 1266 457 0 25 10
a 1266 538 0 34 4
a 1268 718 0 25 4
a 1268 633 0 32 4
a 1270 990 0 25 1
a 1270 1562 0 4 3
a 1279 675 0 25 4
a 1279 1849 0 32 6
a 1282 417 0 25 5
a 1282 1444 0 42 10
a 1284 838 0 25 10
a 1284 436 0 47 6
a 1285 1425 0 25 9
a 1285 1423 0 24 8
a 1286 1935 0 25 5
a 1286 1706 0 30 9
a 1287 268 0 25 3
a 1287 1752 0 5 1
a 1288 733 0 25 9
a 1288 778 0 4 6
a 1290 1124 0 25 2
a 1290 1807 0 48 2
a 1293 1523 0 25 6
a 1293 944 0 30 8
a 1296 1055 0 25 7
a 1296 1748 0 7 2
a 1297 1680 0 25 3
a 1297 1522 0 23 5
a 1298 313 0 25 10
a 1298 720 0 36 2
a 1299 891 0 25 3
a 1299 1704 0 50 6
a 1301 1815 0 25 4
a 1301 1119 0 22 8
a 1307 27 0 25 7
a 1307 1213 0 6 10
a 1308 1538 0 25 5
a 1308 1676 0 14 2
a 1309 63 0 25 4
a 1309 369 0 13 4
a 1312 1580 0 25 8
a 1312 1674 0 45 9
a 1314 1447 0 25 4
a 1314 803 0 44 2
a 1316 1140 0 25 4
a 1316 19 0 9 8
a 1317 1717 0 25 2
a 1317 878 0 30 7
a 1319 527 0 25 8
a 1319 1479 0 10 6
a 1321 222 0 25 9
a 1321 925 0 24 2
a 1322 259 0 25 5
a 1322 1600 0 7 3
a 1326 1527 0 25 1
a 1326 185 0 44 1
a 1333 1877 0 25 1
a 1333 13 0 24 5
a 1338 707 0 25 6
a 1338 428 0 33 1
a 1344 423 0 25 6
a 1344 541 0 6 5
a 1345 295 0 25 6
a 1345 1590 0 21 4
a 1347 1840 0 25 8
a 1347 1016 0 31 7
a 1348 1596 0 25 10
a 1348 1784 0 31 3
a 1349 1730 0 25 1
a 1349 854 0 31 9
a 1350 810 0 25 10
a 1350 1959 0 3 2
a 1351 1322 0 25 7
a 1351 775 0 17 6
a 1352 586 0 25 3
a 1352 1965 0 44 6
a 1355 877 0 25 7
a 1355 872 0 6 4
a 1356 1202 0 25 10
a 1356 14 0 33 1
a 1357 1377 0 25 4
a 1357 333 0 15 10
a 1358 486 0 25 4
a 1358 1356 0 30 3
a 1359 103 0 25 2
a 1359 1793 0 22 10
a 1360 1782 0 25 1
a 1360 1669 0 10 1
a 1363 940 0 25 8
a 1363 486 0 24 10
a 1365 1181 0 25 1
a 1365 804 0 32 2
a 1367 1033 0 25 2
a 1367 1753 0 31 9
a 1372 1099 0 25 3
a 1372 1440 0 0 6
a 1373 489 0 25 2
a 1373 907 0 12 5
a 1374 188 0 25 5
a 1374 367 0 27 1
a 1377 1216 0 25 6
a 1377 1490 0 36 8
a 1378 537 0 25 5
a 1378 1930 0 23 6
a 1379 572 0 25 8
a 1379 440 0 46 6
a 1381 1089 0 25 6
a 1381 802 0 15 5
a 1383 38 0 25 7
a 1383 1950 0 3 1
a 1384 1958 0 25 9
a 1384 287 0 18 8
a 1388 538 0 25 4
a 1388 1953 0 27 10
a 1398 228 0 25 4
a 1398 508 0 34 4
a 1399 1931 0 25 10
a 1399 91 0 5 6
a 1400 1683 0 25 6
a 1400 1486 0 20 6
a 1402 1994 0 25 4
a 1402 23 0 10 3
a 1403 546 0 25 7
a 1403 824 0 49 4
a 1404 1722 0 25 2
a 1404 339 0 7 2
a 1407 365 0 25 5
a 1407 1292 0 40 9
a 1408 1309 0 25 5
a 1408 1373 0 21 5
a 1409 1820 0 25 3
a 1409 1923 0 4 6
a 1410 33 0 25 8
a 1410 1713 0 45 2
a 1412 1656 0 25 7
a 1412 1785 0 5 4
a 1413 671 0 25 3
a 1413 712 0 1 8
a 1416 406 0 25 5
a 1416 1379 0 43 7
a 1417 1317 0 25 2
a 1417 978 0 20 10
a 1419 1981 0 25 2
a 1419 599 0 36 8
a 1420 1398 0 25 6
a 1420 1623 0 30 3
a 1421 627 0 25 2
a 1421 1032 0 39 1
a 1423 1727 0 25 7
a 1423 1872 0 7 8
a 1425 1961 0 25 5
a 1425 280 0 4 1
a 1426 56 0 25 3
a 1426 229 0 7 3
a 1429 529 0 25 5
a 1429 204 0 40 10
a 1433 121 0 25 1
a 1433 693 0 0 4
a 1436 485 0 25 2
a 1436 1806 0 38 9
a 1440 724 0 25 8
a 1440 616 0 45 10
a 1442 1767 0 25 10
a 1442 389 0 26 4
a 1444 1793 0 25 2
a 1444 660 0 16 8
a 1447 951 0 25 7
a 1447 602 0 39 7
a 1448 563 0 25 7
a 1448 587 0 47 9
a 1449 1869 0 25 7
a 1449 1514 0 6 6
a 1453 1561 0 25 3
a 1453 1098 0 47 9
a 1454 1625 0 25 9
a 1454 1972 0 28 5
a 1455 1945 0 25 5
a 1455 642 0 42 6
a 1456 118 0 25 1
a 1456 1643 0 0 7
a 1459 1616 0 25 1
a 1459 474 0 23 1
a 1462 334 0 25 1
a 1462 1554 0 30 3
a 1466 761 0 25 8
a 1466 1417 0 9 10
a 1469 783 0 25 1
a 1469 524 0 36 7
a 1470 99 0 25 6
a 1470 372 0 22 9
a 1471 1779 0 25 3
a 1471 1036 0 26 9
a 1472 416 0 25 6
a 1472 55 0 41 6
a 1474 1356 0 25 9
a 1474 519 0 10 4
a 1476 1433 0 25 1
a 1476 251 0 23 1
a 1479 796 0 25 7
a 1479 393 0 20 7
a 1480 459 0 25 2
a 1480 1799 0 16 4
a 1482 271 0 25 4
a 1482 118 0 31 9
a 1484 110 0 25 4
a 1484 577 0 8 2
a 1485 1228 0 25 1
a 1485 1982 0 0 5
a 1487 832 0 25 5
a 1487 1758 0 24 3
a 1488 734 0 25 9
a 1488 161 0 10 6
a 1489 896 0 25 7
a 1489 1894 0 47 8
a 1490 1314 0 25 7
a 1490 1842 0 27 5
a 1493 1940 0 25 2
a 1493 556 0 40 1
a 1495 1319 0 25 2
a 1495 86 0 42 1
a 1497 354 0 25 5
a 1497 562 0 41 3
a 1498 676 0 25 7
a 1498 1101 0 25 8
a 1500 224 0 25 8
a 1500 1380 0 11 3
a 1501 238 0 25 5
a 1501 1440 0 31 8
a 1504 471 0 25 6
a 1504 591 0 27 10
a 1506 720 0 25 10
a 1506 1470 0 5 1
a 1511 41 0 25 8
a 1511 1813 0 1 1
a 1512 1749 0 25 4
a 1512 1578 0 0 7
a 1516 513 0 25 1
a 1516 503 0 22 9
a 1517 1986 0 25 4
a 1517 1145 0 11 10
a 1518 1236 0 25 7
a 1518 1347 0 11 4
a 1521 426 0 25 4
a 1521 57 0 9 3
a 1522 1932 0 25 8
a 1522 316 0 32 6
a 1523 1769 0 25 1
a 1523 652 0 40 1
a 1524 762 0 25 2
a 1524 855 0 5 7
a 1526 1442 0 25 7
a 1526 1571 0 34 10
a 1527 831 0 25 3
a 1527 322 0 8 6
a 1528 971 0 25 10
a 1528 1491 0 48 7
a 1529 1734 0 25 8
a 1529 1482 0 27 2
a 1533 856 0 25 5
a 1533 218 0 21 8
a 1537 223 0 25 1
a 1537 1169 0 27 8
a 1538 680 0 25 7
a 1538 1124 0 30 9
a 1539 160 0 25 2
a 1539 1452 0 47 4
a 1546 182 0 25 9
a 1546 1302 0 49 9
a 1551 495 0 25 10
a 1551 274 0 46 7
a 1552 1521 0 25 7
a 1552 326 0 39 9
a 1553 59 0 25 4
a 1553 1533 0 5 2
a 1556 1965 0 25 5
a 1556 496 0 12 3
a 1557 209 0 25 9
a 1557 906 0 25 6
a 1558 1841 0 25 1
a 1558 1329 0 45 1
a 1560 1771 0 25 4
a 1560 791 0 39 9
a 1561 1829 0 25 4
a 1561 212 0 48 2
a 1562 716 0 25 4
a 1562 376 0 15 9
a 1564 171 0 25 7
a 1564 315 0 12 4
a 1565 234 0 25 7
a 1565 1339 0 20 10
a 1566 965 0 25 5
a 1566 23 0 5 5
a 1571 1096 0 25 8
a 1571 145 0 43 6
a 1573 1642 0 25 7
a 1573 1085 0 13 1
a 1574 1936 0 25 3
a 1574 782 0 19 2
a 1577 1217 0 25 3
a 1577 1929 0 5 6
a 1579 851 0 25 4
a 1579 612 0 42 8
a 1580 1837 0 25 3
a 1580 975 0 39 9
a 1584 336 0 25 4
a 1584 675 0 14 2
a 1585 881 0 25 6
a 1585 708 0 7 2
a 1587 973 0 25 7
a 1587 1116 0 42 2
a 1589 575 0 25 1
a 1589 180 0 9 3
a 1592 49 0 25 8
a 1592 1396 0 4 7
a 1596 665 0 25 8
a 1596 503 0 32 8
a 1597 104 0 25 4
a 1597 53 0 4 4
a 1599 1948 0 25 4
a 1599 510 0 21 9
a 1601 994 0 25 8
a 1601 1565 0 48 10
a 1602 1512 0 25 8
a 1602 179 0 42 9
a 1603 1737 0 25 10
a 1603 1547 0 16 3
a 1604 1743 0 25 6
a 1604 898 0 13 7
a 1608 179 0 25 1
a 1608 1930 0 0 6
a 1610 1855 0 25 3
a 1610 1403 0 6 3
a 1611 1476 0 25 6
a 1611 458 0 9 8
a 1613 106 0 25 10
a 1613 1757 0 6 9
a 1616 748 0 25 6
a 1616 1320 0 31 9
a 1617 1114 0 25 8
a 1617 117 0 15 8
a 1620 1247 0 25 2
a 1620 448 0 24 1
a 1621 1139 0 25 1
a 1621 1927 0 49 2
a 1622 1226 0 25 6
a 1622 1472 0 30 2
a 1624 526 0 25 1
a 1624 1369 0 12 3
a 1625 260 0 25 1
a 1625 1331 0 10 1
a 1627 1429 0 25 1
a 1627 924 0 28 10
a 1628 229 0 25 2
a 1628 1044 0 1 6
a 1629 1298 0 25 3
a 1629 921 0 6 1
a 1630 606 0 25 5
a 1630 1728 0 10 3
a 1633 1574 0 25 10
a 1633 1508 0 1 8
a 1634 1416 0 25 10
a 1634 1365 0 40 8
a 1635 1006 0 25 7
a 1635 274 0 23 2
a 1636 1095 0 25 6
a 1636 365 0 7 3
a 1639 826 0 25 8
a 1639 1850 0 27 10
a 1640 1566 0 25 3
a 1640 1664 0 38 1
a 1641 639 0 25 2
a 1641 1994 0 39 2
a 1642 1987 0 25 8
a 1642 249 0 30 3
a 1645 1290 0 25 10
a 1645 1089 0 44 2
a 1649 661 0 25 2
a 1649 1657 0 43 9
a 1650 1601 0 25 9
a 1650 1820 0 31 9
a 1652 499 0 25 4
a 1652 1044 0 6 7
a 1656 821 0 25 5
a 1656 648 0 48 10
a 1657 1967 0 25 6
a 1657 1718 0 35 7
a 1658 74 0 25 5
a 1658 1366 0 37 2
a 1659 291 0 25 2
a 1659 689 0 40 9
a 1660 1969 0 25 1
a 1660 1158 0 38 6
a 1665 1959 0 25 3
a 1665 276 0 4 10
a 1667 124 0 25 4
a 1667 1060 0 30 9
a 1669 830 0 25 7
a 1669 1962 0 13 2
a 1671 708 0 25 4
a 1671 1811 0 33 3
a 1676 723 0 25 1
a 1676 1089 0 40 4
a 1679 910 0 25 9
a 1679 1781 0 34 5
a 1680 684 0 25 5
a 1680 629 0 49 4
a 1682 1573 0 25 8
a 1682 1153 0 21 3
a 1683 915 0 25 10
a 1683 1666 0 26 8
a 1684 461 0 25 10
a 1684 1762 0 36 3
a 1686 887 0 25 1
a 1686 243 0 19 8
a 1687 1610 0 25 2
a 1687 1990 0 31 5
a 1688 928 0 25 7
a 1688 1219 0 50 1
a 1689 1069 0 25 1
a 1689 1264 0 8 3
a 1693 1301 0 25 6
a 1693 805 0 18 5
a 1700 175 0 25 9
a 1700 1360 0 33 9
a 1705 939 0 25 4
a 1705 1878 0 19 10
a 1706 828 0 25 3
a 1706 1545 0 30 1
a 1707 681 0 25 10
a 1707 654 0 5 8
a 1709 5 0 25 8
a 1709 612 0 46 9
a 1712 654 0 25 7
a 1712 1017 0 46 10
a 1713 652 0 25 9
a 1713 1740 0 35 9
a 1714 1191 0 25 8
a 1714 1006 0 20 9
a 1715 1497 0 25 2
a 1715 680 0 10 10
a 1717 517 0 25 5
a 1717 339 0 47 1
a 1718 620 0 25 6
a 1718 1913 0 34 1
a 1719 117 0 25 5
a 1719 348 0 13 6
a 1722 666 0 25 6
a 1722 231 0 29 10
a 1724 1634 0 25 9
a 1724 1081 0 33 9
a 1727 1928 0 25 6
a 1727 1858 0 36 9
a 1729 969 0 25 8
a 1729 627 0 49 4
a 1730 381 0 25 5
a 1730 992 0 39 6
a 1731 1560 0 25 7
a 1731 1652 0 38 3
a 1732 1282 0 25 4
a 1732 1048 0 12 4
a 1734 1042 0 25 6
a 1734 175 0 16 6
a 1737 438 0 25 1
a 1737 1746 0 48 5
a 1743 700 0 25 6
a 1743 120 0 39 4
a 1745 768 0 25 9
a 1745 851 0 24 1
a 1749 348 0 25 7
a 1749 210 0 11 3
a 1751 1611 0 25 2
a 1751 273 0 16 10
a 1755 1640 0 25 5
a 1755 467 0 44 5
a 1757 559 0 25 9
a 1757 875 0 46 2
a 1759 427 0 25 4
a 1759 375 0 47 4
a 1760 482 0 25 1
a 1760 1194 0 23 4
a 1762 1533 0 25 6
a 1762 209 0 46 9
a 1763 1630 0 25 10
a 1763 1571 0 42 5
a 1764 1652 0 25 4
a 1764 194 0 49 5
a 1767 115 0 25 5
a 1767 882 0 13 7
a 1769 333 0 25 5
a 1769 856 0 40 7
a 1771 1091 0 25 2
a 1771 1732 0 31 6
a 1773 246 0 25 6
a 1773 1595 0 35 1
a 1774 1501 0 25 7
a 1774 1905 0 4 1
a 1775 1230 0 25 3
a 1775 863 0 44 8
a 1776 956 0 25 3
a 1776 171 0 50 6
a 1778 1878 0 25 4
a 1778 1089 0 12 10
a 1779 1243 0 25 10
a 1779 18 0 46 10
a 1780 83 0 25 8
a 1780 1459 0 1 3
a 1782 1027 0 25 5
a 1782 591 0 39 4
a 1783 66 0 25 1
a 1783 1759 0 20 3
a 1786 710 0 25 9
a 1786 381 0 33 2
a 1788 1689 0 25 9
a 1788 617 0 19 2
a 1791 76 0 25 1
a 1791 1295 0 24 4
a 1793 679 0 25 4
a 1793 1560 0 2 9
a 1794 1351 0 25 4
a 1794 180 0 36 5
a 1795 445 0 25 4
a 1795 1999 0 25 10
a 1797 1799 0 25 8
a 1797 1687 0 3 4
a 1799 1004 0 25 8
a 1799 746 0 18 3
a 1800 579 0 25 2
a 1800 1364 0 2 8
a 1804 285 0 25 5
a 1804 770 0 2 4
a 1805 740 0 25 6
a 1805 1413 0 24 10
a 1806 1349 0 25 6
a 1806 1694 0 31 9
a 1812 490 0 25 8
a 1812 857 0 21 3
a 1815 1156 0 25 9
a 1815 1262 0 8 7
a 1820 1065 0 25 7
a 1820 105 0 47 9
a 1827 1898 0 25 3
a 1827 1345 0 19 6
a 1829 757 0 25 2
a 1829 1466 0 50 6
a 1831 458 0 25 7
a 1831 1141 0 21 6
a 1833 1250 0 25 6
a 1833 1160 0 19 2
a 1835 481 0 25 10
a 1835 180 0 4 9
a 1836 1923 0 25 4
a 1836 1163 0 12 9
a 1837 1635 0 25 1
a 1837 292 0 48 2
a 1838 1724 0 25 2
a 1838 336 0 35 10
a 1840 938 0 25 9
a 1840 347 0 13 3
a 1841 262 0 25 4
a 1841 370 0 50 3
a 1843 1804 0 25 7
a 1843 1845 0 3 4
a 1845 1374 0 25 5
a 1845 1510 0 36 7
a 1848 23 0 25 8
a 1848 374 0 20 2
a 1849 778 0 25 9
a 1849 420 0 44 8
a 1852 933 0 25 4
a 1852 1723 0 14 10
a 1854 1500 0 25 2
a 1854 1813 0 41 7
a 1855 1621 0 25 6
a 1855 1214 0 49 7
a 1856 577 0 25 10
a 1856 374 0 37 4
a 1857 515 0 25 1
a 1857 177 0 4 3
a 1858 407 0 25 2
a 1858 1517 0 42 2
a 1859 549 0 25 7
a 1859 122 0 41 3
a 1862 213 0 25 2
a 1862 799 0 21 7
a 1864 25 0 25 3
a 1864 1101 0 5 10
a 1865 325 0 25 5
a 1865 1098 0 38 3
a 1866 384 0 25 7
a 1866 1275 0 7 3
a 1869 200 0 25 8
a 1869 1024 0 2 5
a 1874 1286 0 25 8
a 1874 1985 0 23 5
a 1877 140 0 25 5
a 1877 1026 0 30 4
a 1878 1355 0 25 8
a 1878 1172 0 21 5
a 1882 240 0 25 5
a 1882 848 0 19 1
a 1887 1592 0 25 1
a 1887 89 0 7 3
a 1888 1409 0 25 2
a 1888 1868 0 3 1
a 1891 593 0 25 1
a 1891 1130 0 17 2
a 1893 1773 0 25 4
a 1893 1552 0 40 10
a 1894 943 0 25 9
a 1894 734 0 29 10
a 1895 394 0 25 3
a 1895 604 0 11 9
a 1897 1916 0 25 9
a 1897 1350 0 14 6
a 1898 729 0 25 1
a 1898 1764 0 33 7
a 1900 1229 0 25 6
a 1900 270 0 46 10
a 1901 1922 0 25 8
a 1901 1563 0 46 2
a 1905 1062 0 25 4
a 1905 1090 0 49 4
a 1907 1858 0 25 4
a 1907 1798 0 14 7
a 1908 1233 0 25 3
a 1908 1813 0 32 9
a 1909 693 0 25 2
a 1909 707 0 13 4
a 1910 644 0 25 8
a 1910 45 0 6 7
a 1912 254 0 25 9
a 1912 781 0 3 8
a 1914 1172 0 25 10
a 1914 1958 0 12 8
a 1916 444 0 25 9
a 1916 1638 0 31 4
a 1917 1988 0 25 2
a 1917 674 0 29 10
a 1920 647 0 25 7
a 1920 317 0 1 9
a 1921 1529 0 25 4
a 1921 1049 0 21 1
a 1922 663 0 25 1
a 1922 294 0 24 3
a 1923 1358 0 25 1
a 1923 1130 0 26 9
a 1924 201 0 25 1
a 1924 1110 0 5 4
a 1925 1071 0 25 1
a 1925 1408 0 32 2
a 1928 1388 0 25 7
a 1928 1622 0 16 2
a 1931 1584 0 25 7
a 1931 1991 0 9 7
a 1932 1865 0 25 9
a 1932 41 0 49 3
a 1935 1706 0 25 5
a 1935 833 0 14 5
a 1936 1190 0 25 2
a 1936 1515 0 5 7
a 1940 145 0 25 6
a 1940 597 0 15 6
a 1944 699 0 25 7
a 1944 1967 0 23 9
a 1945 603 0 25 5
a 1945 1342 0 2 10
a 1948 67 0 25 1
a 1948 114 0 21 9
a 1952 1629 0 25 10
a 1952 1986 0 27 8
a 1954 1125 0 25 7
a 1954 561 0 26 5
a 1958 1791 0 25 2
a 1958 945 0 21 4
a 1959 1384 0 25 9
a 1959 24 0 20 6
a 1961 1669 0 25 10
a 1961 44 0 11 9
a 1965 1977 0 25 10
a 1965 328 0 3 1
a 1967 250 0 25 10
a 1967 1714 0 4 5
a 1968 1184 0 25 1
a 1968 515 0 23 8
a 1969 424 0 25 8
a 1969 1344 0 41 1
a 1971 496 0 25 4
a 1971 1664 0 32 7
a 1972 456 0 25 3
a 1972 367 0 2 5
a 1974 1764 0 25 4
a 1974 1989 0 0 1
a 1975 1001 0 25 2
a 1975 940 0 27 9
a 1977 1552 0 25 10
a 1977 1480 0 0 1
a 1978 47 0 25 1
a 1978 1809 0 27 8
a 1980 1604 0 25 1
a 1980 1582 0 25 7
a 1981 1249 0 25 6
a 1981 96 0 21 6
a 1982 1516 0 25 3
a 1982 899 0 31 5
a 1986 670 0 25 3
a 1986 254 0 42 8
a 1987 1493 0 25 8
a 1987 539 0 39 6
a 1988 1908 0 25 7
a 1988 1355 0 15 1
a 1989 1266 0 25 7
a 1989 1772 0 38 7
a 1991 1528 0 25 10
a 1991 1166 0 29 8
a 1994 1347 0 25 1
a 1994 364 0 1 5
