c PyNETGEN v1.0.0
c $ pip install pynetgen
c
c  NETGEN flow network generation algorithm
c  Problem input parameters
c  -------------------------------------
c   Random seed:          5
c   Number of nodes:      2000
c   Source nodes:         2
c   Sink nodes:           2
c   Number of arcs:       4000
c   Minimum arc cost:     1
c   Maximum arc cost:     10
c   Total supply:         50
c   Transshipment -
c     Sources:            0
c     Sinks:              0
c   Skeleton arcs -
c     With max cost:      0
c     Capacitated:        100
c   Minimum arc capacity: 0
c   Maximum arc capacity: 50
c
c  *** Minimum cost flow ***
c
p min 2000 4000
n 1 11
n 2 39
n 1999 -26
n 2000 -24
a 1 676 0 11 5
a 1 1130 0 15 6
a 3 1258 0 11 5
a 3 666 0 35 3
a 5 1654 0 11 10
a 5 942 0 35 6
a 5 1608 0 48 2
a 6 1459 0 11 7
a 6 1859 0 30 4
a 6 225 0 31 9
a 7 1889 0 11 9
a 7 312 0 2 6
a 7 1042 0 40 5
a 9 928 0 11 2
a 9 427 0 48 1
a 11 874 0 11 8
a 11 736 0 7 6
a 12 1999 0 11 5
a 12 1658 0 44 6
a 13 849 0 11 7
a 13 1568 0 43 1
a 13 1308 0 28 7
a 14 634 0 11 2
a 14 764 0 47 4
a 15 33 0 11 8
a 15 1837 0 42 1
a 16 363 0 11 5
a 16 833 0 39 10
a 17 9 0 11 10
a 17 346 0 46 5
a 18 6 0 11 3
a 18 1910 0 42 8
a 20 1406 0 11 3
a 20 1012 0 34 10
a 29 1495 0 11 6
a 29 746 0 49 2
a 30 1409 0 11 7
a 30 754 0 34 6
a 31 494 0 11 2
a 31 606 0 4 7
a 32 1519 0 11 3
a 32 1497 0 32 2
a 33 1583 0 11 3
a 33 178 0 4 6
a 35 1683 0 11 3
a 35 813 0 47 7
a 38 1341 0 11 3
a 38 1600 0 30 2
a 42 606 0 11 1
a 42 1558 0 19 9
a 44 747 0 11 7
a 44 335 0 33 9
a 46 1474 0 11 2
a 46 1586 0 16 6
a 47 1565 0 11 4
a 47 731 0 28 5
a 49 1731 0 11 1
a 49 359 0 6 10
a 50 837 0 11 3
a 50 353 0 36 7
a 51 329 0 11 7
a 51 1813 0 47 2
a 52 532 0 11 3
a 52 550 0 9 2
a 56 813 0 11 3
a 56 1612 0 33 5
a 61 1585 0 11 9
a 61 1465 0 43 9
a 64 1336 0 11 4
a 64 235 0 25 1
a 68 1675 0 11 7
a 68 428 0 45 8
a 72 1549 0 11 4
a 72 13 0 8 9
a 73 411 0 11 7
a 73 1278 0 30 6
a 74 1891 0 11 6
a 74 511 0 7 10
a 75 29 0 11 6
a 75 529 0 39 10
a 77 1155 0 11 6
a 77 1795 0 3 10
a 80 611 0 11 10
a 80 1703 0 33 1
a 82 1848 0 11 1
a 82 297 0 3 2
a 86 948 0 11 10
a 86 1372 0 25 7
a 88 264 0 11 4
a 88 213 0 15 6
a 89 404 0 11 1
a 89 1483 0 7 10
a 92 88 0 11 2
a 92 334 0 32 10
a 94 365 0 11 7
a 94 1284 0 48 6
a 95 697 0 11 8
a 95 630 0 11 4
a 96 711 0 11 3
a 96 1899 0 39 5
a 98 1343 0 11 6
a 98 316 0 35 8
a 99 518 0 11 6
a 99 1885 0 25 9
a 102 1182 0 11 10
a 102 1678 0 6 2
a 104 934 0 11 5
a 104 202 0 14 8
a 106 1473 0 11 1
a 106 1868 0 33 5
a 108 1251 0 11 3
a 108 818 0 14 7
a 109 249 0 11 10
a 109 1977 0 16 2
a 111 30 0 11 6
a 111 1675 0 38 9
a 116 1972 0 11 10
a 116 814 0 36 2
a 118 1445 0 11 2
a 118 981 0 14 9
a 119 1692 0 11 1
a 119 1444 0 33 2
a 120 550 0 11 5
a 120 1682 0 27 2
a 125 1060 0 11 4
a 125 706 0 44 1
a 126 51 0 11 10
a 126 1289 0 1 8
a 127 323 0 11 1
a 127 103 0 20 4
a 129 1680 0 11 9
a 129 408 0 42 5
a 131 3 0 11 9
a 131 642 0 30 7
a 132 1121 0 11 1
a 132 579 0 3 8
a 133 217 0 11 1
a 133 1791 0 28 2
a 136 131 0 11 1
a 136 579 0 33 7
a 137 422 0 11 6
a 137 924 0 42 2
a 139 370 0 11 5
a 139 344 0 26 5
a 140 1136 0 11 5
a 140 762 0 19 10
a 142 425 0 11 1
a 142 1514 0 11 4
a 143 542 0 11 10
a 143 1132 0 10 2
a 144 1903 0 11 9
a 144 1688 0 2 3
a 145 1623 0 11 5
a 145 761 0 5 3
a 147 1644 0 11 8
a 147 1127 0 15 3
a 148 1693 0 11 7
a 148 446 0 28 5
a 151 1865 0 11 9
a 151 1667 0 41 7
a 152 1730 0 11 7
a 152 1268 0 43 5
a 154 1854 0 11 2
a 154 442 0 9 5
a 157 908 0 11 10
a 157 236 0 38 4
a 161 1185 0 11 2
a 161 1090 0 26 3
a 165 437 0 11 5
a 165 1289 0 47 3
a 166 259 0 11 1
a 166 35 0 6 2
a 167 684 0 11 4
a 167 1096 0 7 9
a 168 612 0 11 1
a 168 686 0 13 2
a 169 1917 0 11 9
a 169 587 0 15 8
a 171 1893 0 11 6
a 171 1128 0 29 9
a 172 587 0 11 2
a 172 1008 0 47 7
a 173 1870 0 11 5
a 173 301 0 46 2
a 175 1769 0 11 10
a 175 635 0 1 1
a 178 1928 0 11 4
a 178 248 0 31 8
a 180 194 0 11 1
a 180 929 0 13 6
a 185 744 0 11 9
a 185 369 0 46 7
a 187 255 0 11 8
a 187 206 0 5 9
a 188 14 0 11 5
a 188 1136 0 30 2
a 190 1530 0 11 2
a 190 610 0 28 2
a 192 625 0 11 9
a 192 1176 0 32 7
a 193 398 0 11 10
a 193 95 0 6 8
a 194 98 0 11 7
a 194 728 0 48 2
a 196 859 0 11 5
a 196 555 0 7 4
a 199 1861 0 11 10
a 199 315 0 33 6
a 201 86 0 11 4
a 201 1590 0 46 1
a 203 884 0 11 2
a 203 1972 0 18 9
a 207 1802 0 11 1
a 207 951 0 4 10
a 208 866 0 11 1
a 208 1855 0 41 8
a 209 1795 0 11 8
a 209 771 0 29 7
a 212 584 0 11 10
a 212 364 0 44 1
a 215 812 0 11 2
a 215 407 0 15 9
a 217 435 0 11 1
a 217 1958 0 39 7
a 219 745 0 11 6
a 219 1581 0 4 10
a 220 305 0 11 1
a 220 949 0 23 8
a 221 712 0 11 1
a 221 1702 0 5 3
a 222 911 0 11 3
a 222 50 0 3 4
a 225 906 0 11 6
a 225 1823 0 46 5
a 229 1383 0 11 3
a 229 1034 0 22 7
a 235 236 0 11 8
a 235 1486 0 4 2
a 236 196 0 11 10
a 236 900 0 12 8
a 239 1646 0 11 9
a 239 405 0 9 1
a 240 926 0 11 5
a 240 614 0 36 2
a 241 173 0 11 10
a 241 340 0 11 5
a 243 536 0 11 8
a 243 1540 0 21 9
a 247 1575 0 11 8
a 247 137 0 1 6
a 248 417 0 11 2
a 248 1286 0 50 10
a 249 557 0 11 2
a 249 643 0 24 5
a 251 777 0 11 8
a 251 939 0 48 4
a 253 572 0 11 8
a 253 363 0 49 2
a 255 360 0 11 7
a 255 1330 0 46 7
a 257 1115 0 11 4
a 257 1804 0 10 10
a 259 145 0 11 10
a 259 853 0 0 5
a 260 1458 0 11 6
a 260 1609 0 19 1
a 264 324 0 11 7
a 264 540 0 48 4
a 265 778 0 11 4
a 265 1325 0 23 4
a 266 1000 0 11 3
a 266 1898 0 31 7
a 267 1934 0 11 9
a 267 676 0 49 7
a 268 1816 0 11 4
a 268 406 0 46 6
a 271 1414 0 11 8
a 271 694 0 31 6
a 272 1250 0 11 4
a 272 1539 0 22 9
a 274 823 0 11 8
a 274 1104 0 29 10
a 276 817 0 11 2
a 276 80 0 40 6
a 280 1544 0 11 7
a 280 777 0 47 1
a 281 1774 0 11 9
a 281 738 0 48 4
a 282 1260 0 11 7
a 282 55 0 10 10
a 285 330 0 11 8
a 285 474 0 44 4
a 291 1630 0 11 3
a 291 988 0 31 9
a 293 1217 0 11 6
a 293 761 0 25 10
a 294 1256 0 11 4
a 294 44 0 12 1
a 296 1293 0 11 9
a 296 578 0 11 2
a 297 582 0 11 1
a 297 1183 0 18 1
a 300 319 0 11 1
a 300 705 0 18 6
a 301 568 0 11 6
a 301 646 0 28 5
a 302 822 0 11 5
a 302 300 0 41 1
a 303 649 0 11 4
a 303 733 0 32 9
a 305 351 0 11 6
a 305 1628 0 21 8
a 306 666 0 11 2
a 306 753 0 48 8
a 308 1807 0 11 2
a 308 965 0 42 10
a 309 383 0 11 1
a 309 1859 0 34 1
a 314 82 0 11 2
a 314 333 0 46 7
a 315 1015 0 11 10
a 315 1097 0 35 6
a 317 302 0 11 2
a 317 1468 0 37 4
a 318 108 0 11 3
a 318 1671 0 46 9
a 319 1739 0 11 7
a 319 1966 0 10 3
a 321 13 0 11 9
a 321 1206 0 33 3
a 323 1871 0 11 10
a 323 1765 0 38 7
a 324 636 0 11 2
a 324 1253 0 7 9
a 326 1157 0 11 5
a 326 1844 0 21 10
a 327 1164 0 11 9
a 327 1127 0 34 7
a 329 720 0 11 8
a 329 142 0 26 7
a 330 1399 0 11 8
a 330 1254 0 30 2
a 332 96 0 11 3
a 332 1861 0 44 9
a 333 1598 0 11 5
a 333 226 0 30 2
a 335 1916 0 11 6
a 335 1580 0 44 3
a 339 776 0 11 9
a 339 1936 0 18 4
a 341 1394 0 11 8
a 341 1489 0 44 3
a 343 607 0 11 3
a 343 868 0 50 7
a 344 151 0 11 7
a 344 157 0 2 3
a 348 1342 0 11 4
a 348 1829 0 14 7
a 349 1578 0 11 6
a 349 601 0 47 6
a 350 1213 0 11 4
a 350 164 0 38 6
a 351 1811 0 11 6
a 351 1504 0 15 9
a 353 1321 0 11 10
a 353 1716 0 47 6
a 356 1475 0 11 7
a 356 1082 0 23 9
a 358 192 0 11 1
a 358 637 0 42 8
a 359 1288 0 11 7
a 359 957 0 33 6
a 360 980 0 11 6
a 360 1078 0 16 9
a 361 1479 0 11 5
a 361 399 0 50 9
a 362 987 0 11 6
a 362 837 0 17 5
a 363 1053 0 11 10
a 363 1122 0 46 8
a 365 1099 0 11 6
a 365 1776 0 38 4
a 366 467 0 11 1
a 366 386 0 1 2
a 367 1289 0 11 2
a 367 1109 0 28 1
a 369 12 0 11 6
a 369 761 0 36 5
a 370 221 0 11 5
a 370 688 0 50 10
a 371 1456 0 11 6
a 371 591 0 10 6
a 373 1996 0 11 2
a 373 1601 0 43 5
a 374 493 0 11 10
a 374 669 0 37 2
a 375 1077 0 11 9
a 375 577 0 0 4
a 376 514 0 11 6
a 376 902 0 19 7
a 377 737 0 11 2
a 377 682 0 13 4
a 379 1863 0 11 4
a 379 1893 0 8 5
a 381 1897 0 11 10
a 381 28 0 9 10
a 383 1019 0 11 10
a 383 46 0 8 10
a 384 1716 0 11 3
a 384 1022 0 18 1
a 386 1237 0 11 2
a 386 1616 0 16 2
a 387 1833 0 11 9
a 387 1921 0 27 2
a 388 1794 0 11 4
a 388 1273 0 38 9
a 391 956 0 11 2
a 391 1857 0 7 1
a 392 1619 0 11 9
a 392 1398 0 8 9
a 397 755 0 11 9
a 397 118 0 5 1
a 398 1792 0 11 5
a 398 1032 0 33 6
a 399 769 0 11 2
a 399 1303 0 0 7
a 401 598 0 11 8
a 401 1567 0 45 1
a 403 1023 0 11 3
a 403 1585 0 23 6
a 404 873 0 11 9
a 404 39 0 9 6
a 409 333 0 11 5
a 409 703 0 10 6
a 411 1192 0 11 3
a 411 924 0 50 6
a 413 281 0 11 10
a 413 967 0 27 1
a 414 1230 0 11 5
a 414 1532 0 0 10
a 416 1440 0 11 7
a 416 1002 0 1 1
a 417 1116 0 11 3
a 417 582 0 1 2
a 420 770 0 11 9
a 420 1201 0 1 4
a 421 504 0 11 6
a 421 1701 0 6 3
a 422 1510 0 11 2
a 422 702 0 46 1
a 423 1624 0 11 7
a 423 1215 0 38 7
a 425 386 0 11 8
a 425 604 0 35 5
a 426 1728 0 11 9
a 426 1799 0 27 8
a 428 157 0 11 2
a 428 1743 0 24 1
a 433 752 0 11 2
a 433 1507 0 22 4
a 435 1715 0 11 5
a 435 587 0 1 7
a 437 688 0 11 1
a 437 588 0 14 2
a 440 1130 0 11 9
a 440 828 0 0 7
a 442 1856 0 11 5
a 442 1465 0 18 8
a 444 1153 0 11 2
a 444 594 0 19 2
a 445 109 0 11 4
a 445 1009 0 3 3
a 446 1187 0 11 8
a 446 1677 0 50 7
a 447 1703 0 11 10
a 447 1617 0 42 3
a 451 102 0 11 7
a 451 1423 0 19 3
a 454 1038 0 11 3
a 454 1456 0 9 10
a 456 724 0 11 3
a 456 1322 0 45 1
a 457 639 0 11 2
a 457 831 0 1 4
a 459 1247 0 11 5
a 459 230 0 46 8
a 460 343 0 11 3
a 460 1436 0 21 6
a 462 1324 0 11 7
a 462 171 0 28 10
a 463 1959 0 11 8
a 463 1876 0 4 4
a 466 388 0 11 7
a 466 1146 0 49 7
a 467 1614 0 11 10
a 467 1922 0 22 8
a 468 815 0 11 4
a 468 1512 0 11 5
a 469 1221 0 11 6
a 469 1025 0 38 4
a 472 811 0 11 3
a 472 1470 0 1 5
a 474 1673 0 11 6
a 474 916 0 48 3
a 475 1410 0 11 2
a 475 1838 0 12 8
a 477 604 0 11 8
a 477 1651 0 17 3
a 480 1759 0 11 9
a 480 1985 0 13 10
a 481 842 0 11 8
a 481 1302 0 19 7
a 484 247 0 11 6
a 484 1810 0 23 5
a 485 391 0 11 2
a 485 1486 0 38 8
a 488 877 0 11 5
a 488 529 0 22 4
a 490 1993 0 11 8
a 490 1555 0 16 5
a 491 1829 0 11 5
a 491 1150 0 20 9
a 493 583 0 11 8
a 493 759 0 23 10
a 494 1974 0 11 9
a 494 971 0 9 4
a 499 828 0 11 8
a 499 276 0 28 7
a 501 804 0 11 8
a 501 1113 0 8 6
a 503 178 0 11 4
a 503 997 0 22 10
a 504 1984 0 11 10
a 504 100 0 43 8
a 506 728 0 11 7
a 506 1615 0 12 5
a 508 1977 0 11 3
a 508 1102 0 6 10
a 509 409 0 11 1
a 509 986 0 0 7
a 511 1117 0 11 5
a 511 806 0 11 1
a 512 16 0 11 6
a 512 216 0 9 2
a 513 1325 0 11 8
a 513 952 0 21 8
a 514 1966 0 11 9
a 514 131 0 18 2
a 515 1770 0 11 5
a 515 508 0 7 1
a 516 800 0 11 8
a 516 710 0 0 7
a 517 1338 0 11 3
a 517 203 0 39 10
a 518 1081 0 11 1
a 518 1880 0 4 6
a 519 215 0 11 5
a 519 149 0 45 8
a 523 491 0 11 9
a 523 1630 0 13 3
a 524 1111 0 11 8
a 524 289 0 48 6
a 525 629 0 11 8
a 525 1309 0 15 8
a 529 1330 0 11 8
a 529 238 0 29 4
a 530 839 0 11 7
a 530 1954 0 37 9
a 532 1462 0 11 8
a 532 1316 0 35 2
a 533 1866 0 11 1
a 533 702 0 50 6
a 534 627 0 11 7
a 534 298 0 44 6
a 535 1579 0 11 10
a 535 418 0 30 2
a 536 678 0 11 3
a 536 1406 0 49 4
a 541 457 0 11 9
a 541 131 0 31 2
a 542 1531 0 11 2
a 542 563 0 25 4
a 546 321 0 11 4
a 546 1663 0 9 9
a 550 796 0 11 4
a 550 1425 0 34 6
a 554 15 0 11 10
a 554 44 0 21 5
a 555 1612 0 11 2
a 555 1902 0 19 1
a 556 1070 0 11 4
a 556 1957 0 19 1
a 557 954 0 11 4
a 557 746 0 18 6
a 558 1538 0 11 7
a 558 1745 0 32 7
a 559 709 0 11 4
a 559 1916 0 12 8
a 560 1368 0 11 5
a 560 1893 0 5 10
a 562 1967 0 11 6
a 562 74 0 2 6
a 563 938 0 11 7
a 563 1643 0 18 10
a 564 567 0 11 4
a 564 1240 0 36 10
a 566 1939 0 11 9
a 566 1661 0 40 9
a 567 923 0 11 8
a 567 364 0 40 1
a 568 377 0 11 9
a 568 1713 0 44 10
a 569 339 0 11 1
a 569 108 0 38 10
a 570 1396 0 11 6
a 570 1463 0 31 6
a 572 795 0 11 7
a 572 1677 0 36 3
a 576 739 0 11 5
a 576 1629 0 42 10
a 577 1196 0 11 1
a 577 863 0 33 5
a 580 563 0 11 9
a 580 954 0 38 2
a 582 529 0 11 6
a 582 328 0 43 6
a 583 1768 0 11 9
a 583 229 0 6 6
a 584 1305 0 11 5
a 584 1454 0 47 7
a 586 1184 0 11 4
a 586 1131 0 4 7
a 587 225 0 11 8
a 587 1160 0 7 1
a 588 1255 0 11 7
a 588 1881 0 37 3
a 589 222 0 11 2
a 589 1549 0 28 7
a 595 1638 0 11 8
a 595 682 0 36 3
a 598 374 0 11 7
a 598 603 0 32 1
a 601 171 0 11 3
a 601 1700 0 4 6
a 602 1569 0 11 3
a 602 298 0 19 7
a 604 932 0 11 8
a 604 1565 0 24 4
a 605 1014 0 11 2
a 605 1534 0 46 2
a 606 1911 0 11 4
a 606 367 0 45 8
a 607 463 0 11 3
a 607 1348 0 36 3
a 610 784 0 11 3
a 610 847 0 7 1
a 611 1709 0 11 1
a 611 346 0 5 9
a 612 660 0 11 6
a 612 1656 0 42 3
a 614 56 0 11 1
a 614 1827 0 0 9
a 616 1948 0 11 8
a 616 1438 0 30 5
a 618 1613 0 11 8
a 618 310 0 45 1
a 620 1737 0 11 1
a 620 1703 0 20 4
a 621 251 0 11 9
a 621 1827 0 48 3
a 623 511 0 11 8
a 623 598 0 31 6
a 624 1110 0 11 4
a 624 1192 0 10 2
a 625 1175 0 11 7
a 625 1998 0 19 1
a 627 1571 0 11 9
a 627 651 0 31 5
a 629 1389 0 11 9
a 629 221 0 40 2
a 630 1022 0 11 1
a 630 409 0 43 4
a 632 981 0 11 9
a 632 1128 0 30 7
a 634 1131 0 11 10
a 634 433 0 27 5
a 635 1923 0 11 4
a 635 894 0 50 8
a 636 291 0 11 7
a 636 1211 0 46 7
a 638 1246 0 11 1
a 638 322 0 30 10
a 639 1118 0 11 9
a 639 560 0 27 5
a 642 519 0 11 7
a 642 1085 0 0 6
a 643 856 0 11 10
a 643 72 0 45 2
a 645 46 0 11 9
a 645 384 0 3 8
a 646 610 0 11 9
a 646 1413 0 15 1
a 648 361 0 11 7
a 648 1461 0 32 1
a 649 1025 0 11 4
a 649 1345 0 43 5
a 650 973 0 11 3
a 650 260 0 7 8
a 651 426 0 11 9
a 651 1576 0 47 9
a 652 229 0 11 2
a 652 1469 0 44 3
a 653 1465 0 11 2
a 653 181 0 0 4
a 654 1198 0 11 4
a 654 1389 0 42 10
a 656 77 0 11 9
a 656 122 0 45 4
a 660 1935 0 11 4
a 660 495 0 7 8
a 662 315 0 11 5
a 662 480 0 39 2
a 663 1476 0 11 9
a 663 905 0 50 5
a 664 474 0 11 8
a 664 286 0 47 6
a 665 118 0 11 1
a 665 1054 0 2 5
a 666 689 0 11 3
a 666 1788 0 6 9
a 667 1989 0 11 5
a 667 1605 0 2 7
a 668 1567 0 11 3
a 668 1088 0 0 2
a 673 1784 0 11 9
a 673 1034 0 50 5
a 675 1691 0 11 5
a 675 401 0 25 9
a 676 1503 0 11 5
a 676 691 0 43 6
a 678 1551 0 11 8
a 678 1581 0 19 9
a 681 1924 0 11 3
a 681 1520 0 36 2
a 684 1626 0 11 3
a 684 1109 0 0 2
a 686 1753 0 11 10
a 686 643 0 9 7
a 687 865 0 11 3
a 687 1240 0 1 7
a 688 1419 0 11 9
a 688 1963 0 24 2
a 689 662 0 11 1
a 689 873 0 27 5
a 690 201 0 11 1
a 690 44 0 21 4
a 691 1888 0 11 6
a 691 1339 0 32 3
a 693 1800 0 11 7
a 693 1558 0 47 6
a 694 64 0 11 1
a 694 277 0 31 3
a 696 175 0 11 9
a 696 72 0 3 9
a 697 665 0 11 7
a 697 1541 0 22 1
a 698 1067 0 11 6
a 698 1928 0 47 2
a 700 1424 0 11 5
a 700 32 0 25 1
a 701 335 0 11 10
a 701 1743 0 9 10
a 702 924 0 11 10
a 702 1462 0 1 7
a 709 616 0 11 1
a 709 189 0 1 1
a 711 1765 0 11 4
a 711 1348 0 8 2
a 712 530 0 11 10
a 712 550 0 44 2
a 714 1106 0 11 8
a 714 1454 0 44 10
a 716 903 0 11 5
a 716 1465 0 16 2
a 717 94 0 11 3
a 717 1610 0 36 9
a 718 541 0 11 3
a 718 379 0 0 7
a 719 772 0 11 7
a 719 1837 0 21 6
a 720 1741 0 11 8
a 720 152 0 28 4
a 723 294 0 11 10
a 723 806 0 42 8
a 724 1316 0 11 5
a 724 306 0 0 1
a 727 781 0 11 6
a 727 1983 0 50 3
a 728 1808 0 11 5
a 728 1922 0 27 8
a 737 693 0 11 6
a 737 1506 0 5 6
a 739 1667 0 11 3
a 739 521 0 10 8
a 744 642 0 11 7
a 744 923 0 40 7
a 745 460 0 11 6
a 745 785 0 10 10
a 747 1057 0 11 5
a 747 30 0 2 1
a 752 797 0 11 2
a 752 340 0 12 5
a 754 1877 0 11 7
a 754 1361 0 49 3
a 755 358 0 11 5
a 755 334 0 44 5
a 760 133 0 11 2
a 760 1520 0 45 8
a 761 1046 0 11 4
a 761 312 0 39 5
a 766 687 0 11 8
a 766 39 0 15 7
a 767 1498 0 11 9
a 767 564 0 49 3
a 769 468 0 11 10
a 769 1385 0 48 5
a 770 241 0 11 6
a 770 1158 0 19 9
a 772 951 0 11 2
a 772 1742 0 8 4
a 775 362 0 11 1
a 775 1889 0 45 10
a 776 392 0 11 10
a 776 385 0 16 6
a 777 847 0 11 8
a 777 1701 0 9 7
a 778 1778 0 11 3
a 778 607 0 13 9
a 779 1901 0 11 6
a 779 1985 0 21 6
a 781 20 0 11 10
a 781 836 0 23 3
a 784 1168 0 11 2
a 784 1199 0 10 3
a 786 1872 0 11 1
a 786 1054 0 25 3
a 788 508 0 11 10
a 788 233 0 3 5
a 790 253 0 11 8
a 790 162 0 19 6
a 793 296 0 11 5
a 793 488 0 0 8
a 794 106 0 11 5
a 794 1714 0 0 3
a 795 535 0 11 5
a 795 1520 0 12 1
a 796 863 0 11 9
a 796 264 0 10 9
a 797 1756 0 11 8
a 797 170 0 28 2
a 799 950 0 11 7
a 799 831 0 28 2
a 800 694 0 11 2
a 800 1021 0 27 4
a 804 1079 0 11 2
a 804 1104 0 25 7
a 811 714 0 11 1
a 811 1336 0 46 1
a 812 485 0 11 3
a 812 122 0 12 9
a 813 1983 0 11 7
a 813 767 0 26 6
a 814 1291 0 11 2
a 814 906 0 22 4
a 815 1631 0 11 8
a 815 1336 0 37 9
a 817 761 0 11 3
a 817 352 0 5 4
a 821 939 0 11 2
a 821 1185 0 44 4
a 822 472 0 11 8
a 822 895 0 26 9
a 823 1264 0 11 7
a 823 197 0 42 7
a 824 456 0 11 10
a 824 971 0 37 8
a 827 235 0 11 3
a 827 605 0 37 2
a 828 447 0 11 1
a 828 292 0 33 7
a 830 1494 0 11 4
a 830 1074 0 26 2
a 834 1471 0 11 7
a 834 746 0 2 3
a 835 1591 0 11 5
a 835 1343 0 12 8
a 837 1563 0 11 2
a 837 1805 0 20 10
a 838 1128 0 11 9
a 838 269 0 10 3
a 839 632 0 11 6
a 839 1631 0 25 2
a 842 700 0 11 6
a 842 1906 0 27 6
a 843 1876 0 11 6
a 843 1869 0 46 4
a 845 1780 0 11 3
a 845 518 0 37 6
a 847 1851 0 11 3
a 847 1765 0 50 6
a 849 717 0 11 6
a 849 558 0 2 10
a 850 857 0 11 6
a 850 1216 0 5 2
a 851 1137 0 11 5
a 851 1169 0 27 9
a 852 203 0 11 10
a 852 1138 0 30 3
a 855 686 0 11 7
a 855 372 0 50 10
a 856 1922 0 11 9
a 856 909 0 13 7
a 857 172 0 11 9
a 857 223 0 27 2
a 859 1640 0 11 6
a 859 716 0 35 9
a 861 1430 0 11 4
a 861 1113 0 46 4
a 862 794 0 11 6
a 862 1162 0 16 3
a 863 1356 0 11 4
a 863 1754 0 6 9
a 865 1600 0 11 6
a 865 924 0 30 4
a 866 1945 0 11 4
a 866 1984 0 43 8
a 871 1956 0 11 4
a 871 1132 0 46 7
a 873 1229 0 11 3
a 873 66 0 21 9
a 874 1525 0 11 3
a 874 1088 0 40 8
a 875 701 0 11 5
a 875 451 0 0 10
a 877 1197 0 11 6
a 877 1343 0 5 10
a 881 718 0 11 2
a 881 309 0 32 2
a 884 1685 0 11 10
a 884 910 0 46 4
a 887 1009 0 11 10
a 887 624 0 36 3
a 892 509 0 11 9
a 892 1105 0 50 4
a 893 1725 0 11 10
a 893 1562 0 18 1
a 896 790 0 11 5
a 896 1125 0 33 3
a 897 413 0 11 2
a 897 797 0 19 6
a 900 793 0 11 9
a 900 1517 0 36 9
a 903 1451 0 11 9
a 903 1291 0 10 2
a 906 1655 0 11 1
a 906 890 0 39 7
a 908 423 0 11 8
a 908 863 0 47 1
a 911 1973 0 11 1
a 911 925 0 45 8
a 916 1944 0 11 9
a 916 894 0 32 4
a 919 367 0 11 5
a 919 1777 0 33 8
a 921 74 0 11 9
a 921 1079 0 23 7
a 923 1087 0 11 7
a 923 817 0 20 3
a 924 654 0 11 8
a 924 850 0 16 3
a 925 1482 0 11 4
a 925 1242 0 16 9
a 926 1265 0 11 6
a 926 169 0 20 6
a 928 919 0 11 6
a 928 163 0 4 10
a 932 1766 0 11 10
a 932 1309 0 22 3
a 934 1302 0 11 5
a 934 831 0 6 1
a 935 1241 0 11 2
a 935 1550 0 45 9
a 938 116 0 11 10
a 938 1040 0 10 5
a 939 663 0 11 5
a 939 1855 0 39 1
a 942 75 0 11 3
a 942 1661 0 20 1
a 946 638 0 11 2
a 946 942 0 50 2
a 948 80 0 11 8
a 948 765 0 11 9
a 950 959 0 11 9
a 950 590 0 44 7
a 951 1477 0 11 7
a 951 993 0 29 9
a 954 1489 0 11 5
a 954 407 0 47 6
a 956 212 0 11 7
a 956 689 0 43 1
a 959 1071 0 11 8
a 959 727 0 11 10
a 960 668 0 11 2
a 960 579 0 6 5
a 961 148 0 11 9
a 961 1228 0 31 9
a 966 1846 0 11 4
a 966 1549 0 0 10
a 972 1371 0 11 1
a 972 1058 0 38 6
a 973 95 0 11 1
a 973 1831 0 19 2
a 975 1021 0 11 2
a 975 645 0 21 2
a 978 73 0 11 1
a 978 740 0 37 3
a 979 1723 0 11 3
a 979 176 0 22 7
a 980 1418 0 11 6
a 980 755 0 19 9
a 981 356 0 11 3
a 981 240 0 24 6
a 983 499 0 11 1
a 983 1319 0 22 8
a 987 293 0 11 4
a 987 1355 0 43 5
a 991 129 0 11 9
a 991 993 0 41 8
a 999 1149 0 11 6
a 999 541 0 13 7
a 1000 1528 0 11 5
a 1000 1072 0 50 5
a 1002 1279 0 11 6
a 1002 654 0 25 9
a 1005 125 0 11 4
a 1005 1534 0 13 8
a 1006 414 0 11 8
a 1006 245 0 9 10
a 1007 466 0 11 4
a 1007 1164 0 5 7
a 1008 1127 0 11 8
a 1008 1632 0 24 3
a 1009 1122 0 11 1
a 1009 343 0 48 8
a 1011 1594 0 11 2
a 1011 1098 0 36 4
a 1012 1147 0 11 2
a 1012 706 0 22 2
a 1014 1467 0 11 8
a 1014 479 0 7 8
a 1015 1834 0 11 6
a 1015 1822 0 45 10
a 1019 99 0 11 9
a 1019 786 0 32 3
a 1021 1841 0 11 8
a 1021 517 0 50 6
a 1022 480 0 11 1
a 1022 1108 0 48 9
a 1023 1083 0 11 9
a 1023 163 0 49 6
a 1025 1253 0 11 9
a 1025 209 0 36 6
a 1031 1172 0 11 6
a 1031 525 0 46 6
a 1034 1662 0 11 9
a 1034 815 0 46 10
a 1035 871 0 11 8
a 1035 652 0 21 4
a 1037 1902 0 11 3
a 1037 1685 0 36 9
a 1038 586 0 11 1
a 1038 1474 0 24 9
a 1039 1259 0 11 6
a 1039 1333 0 35 8
a 1041 1570 0 11 2
a 1041 329 0 8 4
a 1042 1433 0 11 2
a 1042 991 0 14 10
a 1044 921 0 11 6
a 1044 688 0 29 9
a 1045 1055 0 11 5
a 1045 112 0 12 8
a 1046 830 0 11 4
a 1046 1248 0 13 6
a 1048 1375 0 11 5
a 1048 1750 0 0 2
a 1049 1653 0 11 10
a 1049 244 0 20 3
a 1053 1037 0 11 8
a 1053 521 0 14 7
a 1054 188 0 11 3
a 1054 608 0 44 1
a 1055 1661 0 11 5
a 1055 1624 0 41 1
a 1057 462 0 11 10
a 1057 1365 0 45 7
a 1058 167 0 11 5
a 1058 1037 0 16 7
a 1060 428 0 11 6
a 1060 1983 0 31 8
a 1064 477 0 11 9
a 1064 169 0 48 1
a 1065 760 0 11 4
a 1065 517 0 6 10
a 1066 1398 0 11 3
a 1066 235 0 40 10
a 1067 490 0 11 9
a 1067 149 0 34 4
a 1068 1299 0 11 4
a 1068 1500 0 23 1
a 1069 855 0 11 4
a 1069 1550 0 25 8
a 1070 1914 0 11 10
a 1070 1241 0 47 2
a 1071 834 0 11 8
a 1071 633 0 38 7
a 1072 353 0 11 5
a 1072 1868 0 43 8
a 1077 1008 0 11 5
a 1077 1037 0 37 5
a 1078 1836 0 11 7
a 1078 2000 0 11 8
a 1079 341 0 11 6
a 1079 1819 0 46 10
a 1080 1608 0 11 3
a 1080 1371 0 1 1
a 1081 1490 0 11 4
a 1081 47 0 24 7
a 1082 1233 0 11 3
a 1082 1761 0 28 3
a 1083 999 0 11 6
a 1083 1254 0 21 7
a 1084 169 0 11 10
a 1084 1264 0 19 4
a 1087 1682 0 11 5
a 1087 1332 0 6 4
a 1089 1738 0 11 7
a 1089 121 0 29 5
a 1090 555 0 11 5
a 1090 374 0 48 8
a 1097 727 0 11 9
a 1097 1349 0 39 1
a 1098 142 0 11 2
a 1098 1762 0 35 4
a 1099 838 0 11 6
a 1099 184 0 22 9
a 1106 1930 0 11 4
a 1106 1572 0 21 1
a 1107 143 0 11 7
a 1107 287 0 33 5
a 1110 1596 0 11 4
a 1110 636 0 33 10
a 1111 1239 0 11 8
a 1111 1083 0 33 8
a 1112 650 0 11 1
a 1112 504 0 23 7
a 1115 297 0 11 10
a 1115 172 0 32 9
a 1116 595 0 11 1
a 1116 1246 0 2 10
a 1117 1496 0 11 3
a 1117 1374 0 15 8
a 1118 1733 0 11 6
a 1118 1319 0 47 3
a 1120 652 0 11 1
a 1120 1054 0 22 4
a 1121 564 0 11 2
a 1121 1516 0 22 8
a 1122 1267 0 11 1
a 1122 1451 0 12 9
a 1125 1517 0 11 2
a 1125 491 0 11 10
a 1126 187 0 11 2
a 1126 411 0 1 7
a 1127 588 0 11 5
a 1127 529 0 5 10
a 1128 525 0 11 8
a 1128 1785 0 22 5
a 1129 673 0 11 10
a 1129 713 0 5 7
a 1130 1210 0 11 9
a 1130 646 0 17 9
a 1131 799 0 11 2
a 1131 520 0 2 1
a 1136 1143 0 11 4
a 1136 738 0 49 3
a 1137 1566 0 11 4
a 1137 659 0 33 6
a 1139 168 0 11 9
a 1139 100 0 17 3
a 1140 1568 0 11 3
a 1140 1405 0 31 2
a 1141 935 0 11 9
a 1141 1920 0 40 5
a 1143 1813 0 11 10
a 1143 89 0 19 5
a 1147 300 0 11 2
a 1147 666 0 16 5
a 1149 1788 0 11 4
a 1149 1733 0 18 3
a 1150 887 0 11 8
a 1150 270 0 14 5
a 1151 861 0 11 2
a 1151 1744 0 34 3
a 1153 916 0 11 2
a 1153 665 0 22 9
a 1154 454 0 11 2
a 1154 493 0 21 7
a 1155 1708 0 11 4
a 1155 703 0 22 3
a 1157 576 0 11 1
a 1157 1199 0 37 8
a 1159 966 0 11 5
a 1159 1456 0 2 9
a 1164 488 0 11 2
a 1164 1901 0 42 5
a 1165 381 0 11 3
a 1165 328 0 40 1
a 1168 1639 0 11 8
a 1168 636 0 10 2
a 1172 635 0 11 10
a 1172 10 0 8 2
a 1175 1511 0 11 5
a 1175 814 0 15 3
a 1177 5 0 11 7
a 1177 516 0 18 4
a 1182 1670 0 11 9
a 1182 511 0 11 6
a 1184 1622 0 11 4
a 1184 241 0 38 9
a 1185 92 0 11 3
a 1185 705 0 15 9
a 1186 327 0 11 1
a 1186 1630 0 30 1
a 1187 1819 0 11 1
a 1187 1075 0 36 3
a 1188 301 0 11 10
a 1188 1323 0 6 7
a 1192 862 0 11 2
a 1192 1003 0 34 1
a 1195 44 0 11 3
a 1195 1231 0 45 3
a 1196 1590 0 11 10
a 1196 225 0 45 6
a 1197 881 0 11 3
a 1197 1670 0 15 2
a 1198 1045 0 11 8
a 1198 1340 0 18 4
a 1204 1129 0 11 8
a 1204 1557 0 24 8
a 1206 1950 0 11 6
a 1206 498 0 43 8
a 1207 577 0 11 3
a 1207 1079 0 47 10
a 1210 515 0 11 10
a 1210 526 0 7 9
a 1213 523 0 11 9
a 1213 848 0 33 10
a 1217 139 0 11 4
a 1217 1379 0 41 6
a 1218 308 0 11 3
a 1218 1847 0 45 7
a 1221 1007 0 11 8
a 1221 140 0 31 5
a 1223 788 0 11 4
a 1223 795 0 33 3
a 1225 1372 0 11 3
a 1225 828 0 4 8
a 1227 326 0 11 4
a 1227 1390 0 6 10
a 1229 814 0 11 4
a 1229 1848 0 32 4
a 1230 89 0 11 1
a 1230 12 0 6 4
a 1233 1487 0 11 8
a 1233 1977 0 34 6
a 1237 444 0 11 7
a 1237 327 0 50 6
a 1239 1206 0 11 2
a 1239 1163 0 41 2
a 1241 1290 0 11 8
a 1241 992 0 44 9
a 1246 1150 0 11 5
a 1246 881 0 21 7
a 1247 1139 0 11 10
a 1247 307 0 46 10
a 1248 265 0 11 10
a 1248 261 0 24 1
a 1250 207 0 11 2
a 1250 176 0 35 7
a 1251 1842 0 11 2
a 1251 673 0 2 8
a 1253 506 0 11 10
a 1253 1236 0 42 9
a 1255 850 0 11 5
a 1255 1788 0 42 7
a 1256 1660 0 11 6
a 1256 216 0 8 1
a 1258 1689 0 11 3
a 1258 49 0 46 7
a 1259 1628 0 11 3
a 1259 85 0 43 10
a 1260 1539 0 11 2
a 1260 1161 0 11 1
a 1261 1058 0 11 2
a 1261 371 0 33 2
a 1264 667 0 11 4
a 1264 681 0 3 6
a 1265 314 0 11 6
a 1265 1089 0 13 9
a 1266 562 0 11 6
a 1266 1865 0 40 5
a 1267 1601 0 11 6
a 1267 1324 0 1 1
a 1269 702 0 11 9
a 1269 1119 0 43 2
a 1276 1374 0 11 2
a 1276 1257 0 24 6
a 1279 1946 0 11 9
a 1279 1701 0 3 10
a 1282 35 0 11 8
a 1282 1040 0 41 6
a 1283 1039 0 11 5
a 1283 274 0 15 9
a 1286 1084 0 11 6
a 1286 1815 0 33 6
a 1287 1434 0 11 4
a 1287 1767 0 40 6
a 1288 1295 0 11 3
a 1288 445 0 22 1
a 1289 1814 0 11 6
a 1289 857 0 32 7
a 1290 1357 0 11 4
a 1290 1977 0 0 6
a 1291 1282 0 11 3
a 1291 199 0 27 6
a 1293 248 0 11 1
a 1293 70 0 35 10
a 1295 1878 0 11 6
a 1295 1887 0 28 8
a 1299 1266 0 11 6
a 1299 425 0 49 9
a 1302 317 0 11 1
a 1302 913 0 26 1
a 1303 1379 0 11 10
a 1303 1406 0 38 7
a 1305 1334 0 11 6
a 1305 879 0 37 1
a 1314 271 0 11 9
a 1314 359 0 8 4
a 1316 1941 0 11 4
a 1316 757 0 45 8
a 1317 285 0 11 5
a 1317 827 0 43 5
a 1321 442 0 11 7
a 1321 845 0 32 5
a 1323 1793 0 11 8
a 1323 1676 0 43 4
a 1324 420 0 11 3
a 1324 788 0 40 2
a 1325 140 0 11 8
a 1325 820 0 31 2
a 1326 1483 0 11 6
a 1326 767 0 43 4
a 1327 1377 0 11 5
a 1327 1306 0 25 4
a 1330 554 0 11 3
a 1330 529 0 48 8
a 1334 614 0 11 2
a 1334 1238 0 27 2
a 1336 719 0 11 6
a 1336 1460 0 18 1
a 1338 1506 0 11 4
a 1338 1540 0 9 4
a 1340 1098 0 11 3
a 1340 1213 0 47 7
a 1341 144 0 11 8
a 1341 1054 0 18 8
a 1342 1931 0 11 10
a 1342 578 0 9 4
a 1343 546 0 11 10
a 1343 484 0 40 4
a 1344 534 0 11 9
a 1344 94 0 19 9
a 1347 147 0 11 7
a 1347 701 0 37 6
a 1348 942 0 11 3
a 1348 1497 0 32 7
a 1351 1463 0 11 1
a 1351 532 0 13 4
a 1356 193 0 11 5
a 1356 961 0 9 4
a 1357 1112 0 11 8
a 1357 130 0 46 5
a 1360 698 0 11 9
a 1360 942 0 21 2
a 1368 397 0 11 3
a 1368 1142 0 17 1
a 1371 1041 0 11 6
a 1371 889 0 6 3
a 1372 1982 0 11 9
a 1372 949 0 47 8
a 1373 1668 0 11 1
a 1373 328 0 40 10
a 1374 359 0 11 4
a 1374 852 0 17 5
a 1375 387 0 11 3
a 1375 817 0 26 6
a 1376 824 0 11 5
a 1376 577 0 15 1
a 1377 1405 0 11 10
a 1377 188 0 42 2
a 1378 775 0 11 9
a 1378 675 0 9 2
a 1379 475 0 11 6
a 1379 1836 0 38 4
a 1380 1031 0 11 2
a 1380 1671 0 38 8
a 1383 1151 0 11 2
a 1383 1990 0 8 8
a 1388 664 0 11 8
a 1388 333 0 50 8
a 1389 1913 0 11 5
a 1389 1797 0 17 7
a 1390 559 0 11 4
a 1390 1619 0 14 10
a 1394 31 0 11 5
a 1394 1302 0 50 1
a 1395 1949 0 11 8
a 1395 644 0 16 4
a 1396 1637 0 11 9
a 1396 1344 0 11 10
a 1398 1472 0 11 3
a 1398 1681 0 42 2
a 1399 767 0 11 6
a 1399 1164 0 27 1
a 1401 267 0 11 4
a 1401 1526 0 45 1
a 1405 646 0 11 1
a 1405 246 0 29 3
a 1406 1107 0 11 3
a 1406 779 0 28 3
a 1409 1066 0 11 1
a 1409 85 0 19 3
a 1410 1344 0 11 3
a 1410 249 0 15 4
a 1413 1603 0 11 3
a 1413 477 0 4 3
a 1414 348 0 11 3
a 1414 1186 0 0 9
a 1418 1884 0 11 3
a 1418 1155 0 11 7
a 1419 1826 0 11 2
a 1419 1689 0 8 1
a 1420 1686 0 11 7
a 1420 1563 0 2 10
a 1422 513 0 11 2
a 1422 1872 0 40 6
a 1424 1068 0 11 9
a 1424 969 0 16 8
a 1430 1064 0 11 8
a 1430 1784 0 32 3
a 1432 1089 0 11 3
a 1432 947 0 40 3
a 1433 484 0 11 1
a 1433 567 0 19 6
a 1434 1065 0 11 5
a 1434 1243 0 45 10
a 1435 332 0 11 7
a 1435 1471 0 21 3
a 1439 49 0 11 8
a 1439 1550 0 2 10
a 1440 1097 0 11 10
a 1440 243 0 43 2
a 1445 1044 0 11 8
a 1445 1441 0 5 5
a 1451 851 0 11 9
a 1451 1908 0 49 6
a 1452 1388 0 11 6
a 1452 1442 0 37 5
a 1456 257 0 11 9
a 1456 840 0 16 10
a 1458 681 0 11 1
a 1458 1995 0 37 1
a 1459 1781 0 11 4
a 1459 30 0 38 1
a 1462 1926 0 11 5
a 1462 52 0 43 5
a 1463 875 0 11 6
a 1463 1664 0 46 3
a 1464 1988 0 11 2
a 1464 597 0 4 5
a 1465 1732 0 11 2
a 1465 1788 0 40 3
a 1466 624 0 11 10
a 1466 917 0 25 1
a 1467 1572 0 11 3
a 1467 923 0 1 9
a 1469 1666 0 11 6
a 1469 684 0 28 2
a 1471 716 0 11 9
a 1471 219 0 23 3
a 1472 1906 0 11 4
a 1472 896 0 36 9
a 1473 239 0 11 3
a 1473 1830 0 4 2
a 1474 1574 0 11 10
a 1474 1292 0 3 5
a 1475 897 0 11 3
a 1475 1406 0 13 7
a 1476 1432 0 11 7
a 1476 1644 0 37 8
a 1477 656 0 11 6
a 1477 339 0 31 6
a 1479 190 0 11 7
a 1479 810 0 7 10
a 1482 303 0 11 2
a 1482 1765 0 14 1
a 1483 1186 0 11 5
a 1483 1722 0 34 10
a 1486 1469 0 11 3
a 1486 913 0 45 6
a 1487 1126 0 11 1
a 1487 1204 0 38 7
a 1489 1580 0 11 3
a 1489 444 0 17 10
a 1490 481 0 11 5
a 1490 351 0 39 8
a 1494 1767 0 11 6
a 1494 1027 0 22 10
a 1495 1537 0 11 8
a 1495 1015 0 12 1
a 1496 161 0 11 10
a 1496 534 0 43 9
a 1498 1340 0 11 9
a 1498 425 0 1 1
a 1503 208 0 11 7
a 1503 852 0 8 5
a 1506 1327 0 11 3
a 1506 1666 0 26 8
a 1510 648 0 11 5
a 1510 552 0 42 2
a 1511 570 0 11 5
a 1511 1884 0 25 1
a 1513 126 0 11 10
a 1513 1410 0 31 8
a 1514 983 0 11 10
a 1514 442 0 16 8
a 1517 243 0 11 3
a 1517 55 0 13 5
a 1518 1734 0 11 3
a 1518 1184 0 32 10
a 1519 1034 0 11 2
a 1519 1746 0 48 5
a 1521 220 0 11 8
a 1521 1280 0 35 2
a 1525 1283 0 11 7
a 1525 1160 0 40 9
a 1526 306 0 11 2
a 1526 196 0 47 6
a 1527 349 0 11 10
a 1527 1548 0 29 5
a 1528 1006 0 11 8
a 1528 245 0 29 6
a 1529 154 0 11 6
a 1529 1230 0 4 4
a 1530 440 0 11 7
a 1530 1351 0 34 2
a 1531 893 0 11 1
a 1531 1717 0 35 2
a 1534 1373 0 11 4
a 1534 325 0 15 3
a 1535 972 0 11 6
a 1535 957 0 41 1
a 1537 384 0 11 2
a 1537 345 0 50 10
a 1538 318 0 11 4
a 1538 1587 0 7 10
a 1539 1581 0 11 7
a 1539 1815 0 34 7
a 1543 1401 0 11 8
a 1543 1017 0 36 10
a 1544 1347 0 11 8
a 1544 642 0 43 5
a 1545 533 0 11 4
a 1545 643 0 35 5
a 1547 946 0 11 6
a 1547 1785 0 33 4
a 1549 1764 0 11 5
a 1549 1869 0 44 8
a 1550 512 0 11 4
a 1550 969 0 35 1
a 1551 566 0 11 2
a 1551 834 0 12 7
a 1553 1439 0 11 5
a 1553 769 0 14 7
a 1559 445 0 11 7
a 1559 607 0 14 9
a 1561 1042 0 11 4
a 1561 209 0 17 9
a 1563 1466 0 11 3
a 1563 608 0 49 8
a 1565 421 0 11 1
a 1565 708 0 48 8
a 1566 620 0 11 1
a 1566 679 0 30 3
a 1567 1896 0 11 6
a 1567 334 0 27 4
a 1568 1658 0 11 7
a 1568 1567 0 13 8
a 1569 1718 0 11 3
a 1569 1726 0 48 1
a 1570 1012 0 11 4
a 1570 964 0 41 8
a 1571 1529 0 11 7
a 1571 936 0 4 10
a 1572 1553 0 11 6
a 1572 1628 0 10 8
a 1574 17 0 11 9
a 1574 1915 0 48 8
a 1575 1869 0 11 7
a 1575 735 0 48 7
a 1578 1317 0 11 9
a 1578 1860 0 42 2
a 1579 1620 0 11 1
a 1579 583 0 43 8
a 1580 1611 0 11 9
a 1580 566 0 14 5
a 1581 350 0 11 1
a 1581 638 0 38 10
a 1583 274 0 11 8
a 1583 623 0 35 10
a 1585 1657 0 11 1
a 1585 494 0 41 7
a 1587 1545 0 11 7
a 1587 1578 0 0 1
a 1588 516 0 11 6
a 1588 1343 0 5 10
a 1590 119 0 11 8
a 1590 914 0 36 3
a 1591 379 0 11 3
a 1591 696 0 45 3
a 1594 556 0 11 5
a 1594 1270 0 1 4
a 1596 843 0 11 5
a 1596 339 0 11 4
a 1598 240 0 11 8
a 1598 425 0 33 6
a 1600 979 0 11 8
a 1600 210 0 19 10
a 1601 1676 0 11 5
a 1601 105 0 37 4
a 1603 1526 0 11 1
a 1603 1932 0 33 1
a 1608 120 0 11 5
a 1608 507 0 46 7
a 1611 835 0 11 1
a 1611 635 0 14 1
a 1612 451 0 11 4
a 1612 1480 0 9 8
a 1613 1633 0 11 5
a 1613 1200 0 7 9
a 1614 1435 0 11 1
a 1614 404 0 37 7
a 1619 1248 0 11 5
a 1619 1936 0 6 8
a 1620 1587 0 11 8
a 1620 162 0 14 9
a 1622 1125 0 11 1
a 1622 833 0 5 9
a 1623 675 0 11 9
a 1623 694 0 15 4
a 1624 1227 0 11 3
a 1624 868 0 48 7
a 1626 72 0 11 2
a 1626 706 0 4 5
a 1628 1663 0 11 3
a 1628 1760 0 23 10
a 1630 42 0 11 4
a 1630 1213 0 25 2
a 1631 185 0 11 9
a 1631 632 0 2 10
a 1633 1534 0 11 4
a 1633 857 0 0 9
a 1637 1862 0 11 8
a 1637 1874 0 2 9
a 1638 11 0 11 7
a 1638 1094 0 37 9
a 1639 723 0 11 5
a 1639 440 0 19 8
a 1640 1376 0 11 3
a 1640 1410 0 12 7
a 1641 165 0 11 3
a 1641 1222 0 14 1
a 1643 1395 0 11 2
a 1643 1601 0 38 1
a 1644 1559 0 11 10
a 1644 505 0 2 6
a 1646 601 0 11 6
a 1646 1286 0 40 1
a 1649 852 0 11 9
a 1649 878 0 42 5
a 1653 978 0 11 1
a 1653 973 0 9 2
a 1654 975 0 11 1
a 1654 1880 0 3 10
a 1655 1965 0 11 4
a 1655 1054 0 8 5
a 1657 1380 0 11 6
a 1657 1954 0 21 7
a 1658 1684 0 11 10
a 1658 896 0 9 2
a 1660 1082 0 11 4
a 1660 753 0 30 5
a 1661 371 0 11 5
a 1661 1358 0 29 10
a 1662 1543 0 11 9
a 1662 1726 0 8 4
a 1663 433 0 11 1
a 1663 163 0 47 5
a 1666 602 0 11 3
a 1666 220 0 1 6
a 1667 152 0 11 8
a 1667 1129 0 20 3
a 1668 1797 0 11 6
a 1668 872 0 31 8
a 1669 1286 0 11 2
a 1669 1372 0 0 8
a 1670 960 0 11 1
a 1670 542 0 50 8
a 1673 1120 0 11 10
a 1673 1141 0 0 8
a 1675 1486 0 11 2
a 1675 1057 0 42 4
a 1676 373 0 11 10
a 1676 1117 0 46 10
a 1679 137 0 11 7
a 1679 456 0 12 5
a 1680 1550 0 11 3
a 1680 1997 0 41 1
a 1682 961 0 11 6
a 1682 1853 0 4 8
a 1683 1390 0 11 3
a 1683 1785 0 12 1
a 1684 1513 0 11 3
a 1684 1734 0 26 7
a 1685 469 0 11 4
a 1685 726 0 3 1
a 1686 1864 0 11 5
a 1686 1535 0 16 9
a 1689 892 0 11 4
a 1689 154 0 36 6
a 1691 1005 0 11 1
a 1691 1252 0 29 6
a 1692 1141 0 11 8
a 1692 453 0 15 1
a 1693 645 0 11 6
a 1693 206 0 50 2
a 1703 50 0 11 1
a 1703 1533 0 5 2
a 1704 1054 0 11 3
a 1704 16 0 24 7
a 1708 1643 0 11 10
a 1708 1617 0 2 5
a 1709 1740 0 11 4
a 1709 805 0 50 6
a 1710 643 0 11 10
a 1710 1120 0 16 5
a 1715 786 0 11 8
a 1715 332 0 44 8
a 1716 136 0 11 2
a 1716 1543 0 48 9
a 1718 219 0 11 6
a 1718 1894 0 45 5
a 1722 754 0 11 4
a 1722 1861 0 18 9
a 1723 401 0 11 1
a 1723 26 0 27 4
a 1725 1360 0 11 9
a 1725 90 0 17 3
a 1728 1518 0 11 7
a 1728 378 0 16 7
a 1730 779 0 11 3
a 1730 745 0 18 10
a 1731 1090 0 11 6
a 1731 175 0 35 6
a 1732 416 0 11 4
a 1732 6 0 34 2
a 1733 691 0 11 10
a 1733 1450 0 12 4
a 1734 1649 0 11 5
a 1734 155 0 0 6
a 1737 1261 0 11 7
a 1737 1886 0 5 1
a 1738 1177 0 11 3
a 1738 1421 0 43 4
a 1739 280 0 11 2
a 1739 133 0 33 10
a 1740 1011 0 11 10
a 1740 925 0 45 2
a 1741 1225 0 11 8
a 1741 1373 0 11 10
a 1751 1207 0 11 8
a 1751 1212 0 35 6
a 1753 1218 0 11 10
a 1753 1551 0 4 1
a 1756 524 0 11 9
a 1756 445 0 31 1
a 1759 61 0 11 1
a 1759 955 0 46 10
a 1764 821 0 11 10
a 1764 1390 0 14 8
a 1765 651 0 11 4
a 1765 1462 0 18 5
a 1766 560 0 11 1
a 1766 1513 0 21 9
a 1767 1049 0 11 2
a 1767 871 0 6 9
a 1768 180 0 11 6
a 1768 1082 0 30 1
a 1769 1378 0 11 4
a 1769 233 0 40 9
a 1770 1804 0 11 4
a 1770 1905 0 11 5
a 1774 1223 0 11 10
a 1774 1890 0 46 10
a 1775 1527 0 11 3
a 1775 659 0 0 2
a 1778 580 0 11 9
a 1778 82 0 48 4
a 1780 1303 0 11 1
a 1780 575 0 2 3
a 1781 503 0 11 1
a 1781 1175 0 23 7
a 1782 845 0 11 1
a 1782 930 0 23 4
a 1784 1722 0 11 7
a 1784 550 0 33 10
a 1785 1885 0 11 9
a 1785 1050 0 45 6
a 1788 68 0 11 3
a 1788 1832 0 29 1
a 1792 589 0 11 4
a 1792 1166 0 28 1
a 1793 366 0 11 3
a 1793 1176 0 26 9
a 1794 127 0 11 2
a 1794 1191 0 32 7
a 1795 282 0 11 3
a 1795 768 0 23 6
a 1797 1975 0 11 6
a 1797 1776 0 11 8
a 1800 1413 0 11 6
a 1800 1717 0 8 4
a 1802 696 0 11 8
a 1802 1020 0 31 1
a 1804 446 0 11 10
a 1804 1746 0 44 8
a 1807 344 0 11 10
a 1807 1784 0 32 10
a 1808 1514 0 11 5
a 1808 823 0 2 1
a 1811 1035 0 11 4
a 1811 1159 0 27 3
a 1812 1195 0 11 6
a 1812 993 0 7 6
a 1813 766 0 11 8
a 1813 300 0 10 6
a 1814 166 0 11 7
a 1814 119 0 1 10
a 1816 1072 0 11 5
a 1816 1946 0 10 4
a 1819 517 0 11 10
a 1819 470 0 25 9
a 1826 375 0 11 10
a 1826 174 0 35 5
a 1829 925 0 11 1
a 1829 1773 0 48 4
a 1833 1159 0 11 8
a 1833 153 0 22 2
a 1834 569 0 11 3
a 1834 231 0 37 2
a 1836 1269 0 11 7
a 1836 337 0 48 5
a 1841 690 0 11 4
a 1841 579 0 43 9
a 1842 605 0 11 3
a 1842 1786 0 33 5
a 1846 104 0 11 4
a 1846 790 0 45 10
a 1847 1323 0 11 1
a 1847 1638 0 23 9
a 1848 618 0 11 9
a 1848 335 0 19 6
a 1851 369 0 11 8
a 1851 468 0 3 8
a 1854 111 0 11 4
a 1854 8 0 48 1
a 1856 896 0 11 3
a 1856 461 0 3 3
a 1861 827 0 11 7
a 1861 1994 0 8 2
a 1862 1535 0 11 8
a 1862 1042 0 17 8
a 1863 276 0 11 2
a 1863 603 0 47 9
a 1864 1080 0 11 7
a 1864 530 0 37 2
a 1865 47 0 11 1
a 1865 167 0 37 5
a 1866 1154 0 11 7
a 1866 1017 0 40 10
a 1868 1751 0 11 4
a 1868 1777 0 11 2
a 1869 630 0 11 4
a 1869 841 0 25 9
a 1870 900 0 11 6
a 1870 1420 0 17 10
a 1871 309 0 11 7
a 1871 26 0 10 8
a 1872 32 0 11 8
a 1872 844 0 6 3
a 1876 1188 0 11 1
a 1876 1541 0 43 9
a 1877 1921 0 11 6
a 1877 248 0 13 5
a 1878 1048 0 11 5
a 1878 1202 0 9 6
a 1884 991 0 11 6
a 1884 1469 0 21 3
a 1885 1002 0 11 5
a 1885 707 0 22 7
a 1888 403 0 11 4
a 1888 649 0 46 1
a 1889 558 0 11 4
a 1889 1288 0 36 9
a 1891 1069 0 11 1
a 1891 468 0 17 2
a 1893 18 0 11 5
a 1893 1852 0 2 9
a 1896 52 0 11 2
a 1896 97 0 2 10
a 1897 1140 0 11 5
a 1897 482 0 38 4
a 1901 209 0 11 6
a 1901 684 0 28 1
a 1902 399 0 11 7
a 1902 1080 0 42 2
a 1903 1287 0 11 7
a 1903 1792 0 16 7
a 1905 1775 0 11 1
a 1905 438 0 0 1
a 1906 1165 0 11 10
a 1906 538 0 3 8
a 1910 38 0 11 3
a 1910 1264 0 38 3
a 1911 1422 0 11 4
a 1911 1893 0 0 4
a 1913 260 0 11 7
a 1913 1423 0 13 6
a 1914 1905 0 11 8
a 1914 295 0 48 2
a 1916 1679 0 11 7
a 1916 307 0 49 7
a 1917 272 0 11 9
a 1917 150 0 34 9
a 1921 1464 0 11 8
a 1921 1734 0 6 6
a 1922 501 0 11 1
a 1922 1213 0 31 3
a 1923 1847 0 11 6
a 1923 259 0 6 7
a 1924 1669 0 11 4
a 1924 436 0 49 1
a 1926 1910 0 11 6
a 1926 199 0 44 3
a 1928 266 0 11 5
a 1928 1207 0 29 3
a 1930 1420 0 11 4
a 1930 1004 0 48 7
a 1931 1547 0 11 9
a 1931 1810 0 6 1
a 1934 1348 0 11 10
a 1934 482 0 21 2
a 1935 1078 0 11 10
a 1935 783 0 12 4
a 1939 621 0 11 4
a 1939 1692 0 26 10
a 1941 1704 0 11 10
a 1941 1469 0 49 6
a 1944 1868 0 11 3
a 1944 1151 0 10 2
a 1945 459 0 11 8
a 1945 239 0 30 2
a 1946 1812 0 11 1
a 1946 208 0 44 8
a 1948 132 0 11 6
a 1948 1073 0 33 2
a 1949 268 0 11 9
a 1949 1087 0 35 1
a 1950 1985 0 11 7
a 1950 1905 0 40 8
a 1956 1710 0 11 9
a 1956 1622 0 25 9
a 1959 1588 0 11 4
a 1959 1610 0 5 5
a 1965 1204 0 11 4
a 1965 402 0 27 6
a 1966 1276 0 11 6
a 1966 517 0 46 9
a 1967 1351 0 11 5
a 1967 120 0 37 1
a 1972 1521 0 11 4
a 1972 1284 0 36 1
a 1973 653 0 11 4
a 1973 9 0 18 10
a 1974 1641 0 11 9
a 1974 1635 0 41 1
a 1975 376 0 11 10
a 1975 1572 0 29 10
a 1977 1326 0 11 2
a 1977 64 0 2 9
a 1982 1314 0 11 10
a 1982 1016 0 17 2
a 1983 1785 0 11 4
a 1983 1546 0 23 8
a 1984 1561 0 11 6
a 1984 1280 0 0 5
a 1985 1782 0 11 3
a 1985 1173 0 42 1
a 1988 7 0 11 1
a 1988 1025 0 49 6
a 1989 1452 0 11 5
a 1989 1810 0 20 5
a 1993 199 0 11 9
a 1993 71 0 42 5
a 1996 623 0 11 4
a 1996 299 0 4 10
a 2 1729 0 39 8
a 2 29 0 5 10
a 4 878 0 39 10
a 4 88 0 12 6
a 8 432 0 39 10
a 8 1317 0 23 6
a 10 216 0 39 5
a 10 506 0 50 5
a 19 1313 0 39 4
a 19 809 0 4 5
a 21 1665 0 39 4
a 21 1377 0 34 5
a 22 1152 0 39 5
a 22 115 0 41 4
a 23 1460 0 39 7
a 23 553 0 37 2
a 24 1391 0 39 1
a 24 1428 0 44 3
a 25 971 0 39 10
a 25 1584 0 22 3
a 26 60 0 39 5
a 26 555 0 8 3
a 27 1091 0 39 6
a 27 945 0 1 8
a 28 1835 0 39 8
a 28 445 0 32 6
a 34 907 0 39 5
a 34 1616 0 29 4
a 36 782 0 39 3
a 36 1175 0 33 2
a 37 997 0 39 9
a 37 729 0 33 3
a 39 1791 0 39 7
a 39 939 0 18 5
a 40 1138 0 39 8
a 40 1190 0 28 3
a 41 1284 0 39 8
a 41 1078 0 24 4
a 43 1880 0 39 1
a 43 1965 0 48 4
a 45 949 0 39 4
a 45 386 0 17 9
a 48 292 0 39 2
a 48 1551 0 37 8
a 53 1292 0 39 4
a 53 881 0 27 3
a 54 832 0 39 1
a 54 1445 0 28 5
a 55 993 0 39 1
a 55 614 0 35 1
a 57 864 0 39 8
a 57 1995 0 1 2
a 58 1920 0 39 6
a 58 1953 0 8 3
a 59 735 0 39 3
a 59 1281 0 31 10
a 60 1093 0 39 3
a 60 1879 0 34 5
a 62 661 0 39 1
a 62 378 0 15 1
a 63 340 0 39 6
a 63 1821 0 0 4
a 65 226 0 39 3
a 65 1608 0 46 1
a 66 1169 0 39 3
a 66 86 0 2 10
a 67 211 0 39 4
a 67 645 0 23 9
a 69 1852 0 39 5
a 69 561 0 41 1
a 70 54 0 39 3
a 70 48 0 20 2
a 71 405 0 39 9
a 71 331 0 37 3
a 76 1441 0 39 2
a 76 213 0 31 5
a 78 1687 0 39 9
a 78 60 0 17 4
a 79 1361 0 39 1
a 79 1675 0 40 7
a 81 553 0 39 6
a 81 1496 0 18 2
a 83 870 0 39 1
a 83 801 0 4 9
a 84 1240 0 39 2
a 84 1547 0 39 7
a 85 1757 0 39 1
a 85 397 0 44 1
a 87 674 0 39 5
a 87 1498 0 32 3
a 90 753 0 39 4
a 90 813 0 47 5
a 91 1304 0 39 1
a 91 847 0 4 8
a 93 476 0 39 7
a 93 1507 0 48 7
a 97 922 0 39 10
a 97 340 0 40 10
a 100 117 0 39 5
a 100 1147 0 32 2
a 101 1033 0 39 4
a 101 1520 0 45 2
a 103 1281 0 39 1
a 103 1685 0 20 4
a 105 858 0 39 8
a 105 266 0 23 8
a 107 1402 0 39 8
a 107 186 0 4 4
a 110 1224 0 39 4
a 110 424 0 33 2
a 112 1215 0 39 9
a 112 262 0 2 7
a 113 733 0 39 10
a 113 1678 0 21 2
a 114 1971 0 39 9
a 114 1695 0 30 2
a 115 1444 0 39 3
a 115 1318 0 19 4
a 117 1411 0 39 8
a 117 1760 0 8 1
a 121 1576 0 39 8
a 121 594 0 27 1
a 122 1957 0 39 5
a 122 1342 0 9 10
a 123 1329 0 39 5
a 123 372 0 27 2
a 124 836 0 39 7
a 124 173 0 41 4
a 128 721 0 39 7
a 128 56 0 34 8
a 130 141 0 39 8
a 130 1652 0 0 5
a 134 989 0 39 5
a 134 1891 0 45 5
a 135 905 0 39 8
a 135 1540 0 36 1
a 138 1671 0 39 1
a 138 373 0 18 10
a 141 1271 0 39 2
a 141 301 0 5 5
a 146 156 0 39 8
a 146 794 0 10 3
a 149 93 0 39 10
a 149 1124 0 46 7
a 150 1504 0 39 9
a 150 783 0 24 10
a 153 1752 0 39 3
a 153 185 0 27 2
a 155 1220 0 39 10
a 155 1690 0 38 7
a 156 1555 0 39 7
a 156 855 0 20 6
a 158 1278 0 39 4
a 158 681 0 38 3
a 159 114 0 39 6
a 159 141 0 27 4
a 160 931 0 39 8
a 160 614 0 5 1
a 162 1909 0 39 2
a 162 132 0 23 8
a 163 443 0 39 7
a 163 823 0 49 10
a 164 914 0 39 7
a 164 1610 0 47 10
a 170 10 0 39 7
a 170 638 0 22 6
a 174 581 0 39 2
a 174 389 0 3 4
a 176 1332 0 39 1
a 176 145 0 41 8
a 177 1417 0 39 8
a 177 1340 0 29 8
a 179 1976 0 39 10
a 179 600 0 41 4
a 181 34 0 39 6
a 181 1028 0 44 9
a 182 1280 0 39 4
a 182 841 0 21 2
a 183 1349 0 39 7
a 183 497 0 37 6
a 184 1998 0 39 5
a 184 836 0 23 4
a 186 1541 0 39 10
a 186 1306 0 15 1
a 189 393 0 39 2
a 189 1838 0 50 10
a 191 23 0 39 10
a 191 643 0 1 4
a 195 738 0 39 4
a 195 90 0 42 10
a 197 1552 0 39 3
a 197 1922 0 6 5
a 198 1367 0 39 8
a 198 737 0 12 5
a 200 1453 0 39 3
a 200 1284 0 2 10
a 202 1882 0 39 9
a 202 1062 0 40 2
a 204 670 0 39 3
a 204 1697 0 46 10
a 205 1493 0 39 6
a 205 294 0 29 3
a 206 224 0 39 1
a 206 1405 0 15 2
a 210 1991 0 39 1
a 210 23 0 15 7
a 211 1610 0 39 3
a 211 1485 0 2 6
a 213 1073 0 39 5
a 213 1051 0 38 10
a 214 1557 0 39 9
a 214 1522 0 1 6
a 216 1074 0 39 5
a 216 1657 0 38 1
a 218 2000 0 39 8
a 218 780 0 39 7
a 223 1135 0 39 5
a 223 1150 0 20 6
a 224 977 0 39 10
a 224 697 0 25 10
a 226 453 0 39 5
a 226 1867 0 15 3
a 227 995 0 39 6
a 227 63 0 9 6
a 228 1236 0 39 3
a 228 561 0 50 2
a 230 346 0 39 6
a 230 730 0 0 6
a 231 470 0 39 10
a 231 550 0 33 10
a 232 1616 0 39 2
a 232 594 0 36 4
a 233 497 0 39 9
a 233 1512 0 35 4
a 234 773 0 39 10
a 234 1328 0 27 6
a 237 450 0 39 3
a 237 1023 0 22 1
a 238 1059 0 39 6
a 238 889 0 19 3
a 242 819 0 39 1
a 242 78 0 8 5
a 244 150 0 39 1
a 244 442 0 48 2
a 245 299 0 39 1
a 245 1756 0 25 1
a 246 1890 0 39 10
a 246 1971 0 25 5
a 250 1393 0 39 6
a 250 832 0 12 8
a 252 883 0 39 5
a 252 877 0 15 5
a 254 202 0 39 10
a 254 1398 0 4 7
a 256 706 0 39 6
a 256 1362 0 16 4
a 258 1404 0 39 8
a 258 779 0 11 4
a 261 1026 0 39 5
a 261 34 0 41 8
a 262 1385 0 39 6
a 262 1339 0 32 1
a 263 406 0 39 7
a 263 3 0 37 4
a 269 829 0 39 7
a 269 1114 0 12 7
a 270 597 0 39 9
a 270 1862 0 40 8
a 273 218 0 39 5
a 273 764 0 27 4
a 275 1173 0 39 9
a 275 1423 0 42 7
a 277 1505 0 39 8
a 277 1421 0 28 2
a 278 561 0 39 1
a 278 583 0 37 6
a 279 1363 0 39 5
a 279 654 0 20 1
a 283 1787 0 39 3
a 283 158 0 5 6
a 284 1745 0 39 10
a 284 510 0 9 1
a 286 1355 0 39 6
a 286 1480 0 6 7
a 287 160 0 39 5
a 287 1759 0 10 9
a 288 191 0 39 9
a 288 704 0 12 1
a 289 1331 0 39 7
a 289 1676 0 20 1
a 290 1810 0 39 5
a 290 27 0 26 3
a 292 1274 0 39 4
a 292 1385 0 42 7
a 295 1104 0 39 2
a 295 304 0 27 1
a 298 1345 0 39 10
a 298 1809 0 8 3
a 299 1480 0 39 7
a 299 1563 0 1 8
a 304 228 0 39 3
a 304 810 0 12 5
a 307 1179 0 39 6
a 307 1773 0 0 1
a 310 232 0 39 2
a 310 396 0 49 6
a 311 1306 0 39 6
a 311 477 0 45 4
a 312 27 0 39 8
a 312 311 0 44 5
a 313 901 0 39 9
a 313 1432 0 22 6
a 316 1940 0 39 2
a 316 1497 0 43 3
a 320 1943 0 39 1
a 320 280 0 20 2
a 322 1029 0 39 9
a 322 1348 0 30 5
a 325 41 0 39 1
a 325 1831 0 40 8
a 328 1750 0 39 9
a 328 353 0 50 5
a 331 213 0 39 9
a 331 68 0 38 4
a 334 1133 0 39 7
a 334 769 0 21 10
a 336 438 0 39 6
a 336 868 0 31 4
a 337 1231 0 39 3
a 337 1935 0 32 7
a 338 113 0 39 3
a 338 649 0 33 6
a 340 894 0 39 7
a 340 542 0 41 5
a 342 355 0 39 1
a 342 446 0 5 8
a 345 757 0 39 10
a 345 688 0 43 3
a 346 1024 0 39 3
a 346 1459 0 29 2
a 347 622 0 39 3
a 347 446 0 23 3
a 352 1609 0 39 6
a 352 832 0 23 3
a 354 1400 0 39 1
a 354 601 0 23 5
a 355 1382 0 39 3
a 355 488 0 4 8
a 357 107 0 39 5
a 357 1227 0 31 3
a 364 1627 0 39 2
a 364 1147 0 9 4
a 368 895 0 39 4
a 368 1513 0 29 1
a 372 1904 0 39 7
a 372 1490 0 49 7
a 378 1772 0 39 4
a 378 640 0 8 8
a 380 1312 0 39 10
a 380 1435 0 46 3
a 382 1742 0 39 1
a 382 694 0 48 10
a 385 571 0 39 9
a 385 1291 0 31 8
a 389 429 0 39 2
a 389 1208 0 50 4
a 390 1771 0 39 3
a 390 1233 0 29 5
a 393 986 0 39 3
a 393 762 0 39 7
a 394 1604 0 39 4
a 394 1543 0 4 6
a 395 1319 0 39 5
a 395 1019 0 44 5
a 396 1952 0 39 9
a 396 1117 0 13 3
a 400 1088 0 39 8
a 400 1840 0 35 3
a 402 352 0 39 10
a 402 929 0 25 7
a 405 256 0 39 8
a 405 1431 0 21 5
a 406 1508 0 39 1
a 406 1392 0 32 10
a 407 487 0 39 4
a 407 1662 0 5 10
a 408 134 0 39 3
a 408 1969 0 13 4
a 410 1216 0 39 3
a 410 876 0 41 10
a 412 1736 0 39 10
a 412 328 0 30 4
a 415 1900 0 39 6
a 415 948 0 14 7
a 418 182 0 39 10
a 418 1222 0 1 1
a 419 418 0 39 10
a 419 607 0 25 6
a 424 1629 0 39 5
a 424 1238 0 38 4
a 427 578 0 39 4
a 427 833 0 49 2
a 429 868 0 39 8
a 429 809 0 46 6
a 430 910 0 39 1
a 430 1698 0 21 2
a 431 603 0 39 2
a 431 1167 0 2 6
a 432 338 0 39 3
a 432 914 0 19 3
a 434 389 0 39 2
a 434 503 0 44 6
a 436 965 0 39 9
a 436 1368 0 25 3
a 438 1533 0 39 8
a 438 1705 0 34 6
a 439 1582 0 39 10
a 439 239 0 29 9
a 441 1747 0 39 8
a 441 153 0 40 7
a 443 988 0 39 4
a 443 493 0 4 1
a 448 1491 0 39 8
a 448 368 0 36 4
a 449 1162 0 39 3
a 449 44 0 30 1
a 450 22 0 39 5
a 450 32 0 5 9
a 452 28 0 39 7
a 452 1148 0 21 8
a 453 1961 0 39 4
a 453 336 0 24 8
a 455 427 0 39 4
a 455 345 0 15 3
a 458 544 0 39 2
a 458 364 0 50 8
a 461 1762 0 39 8
a 461 1086 0 14 7
a 464 1777 0 39 3
a 464 1927 0 42 9
a 465 818 0 39 3
a 465 1248 0 13 4
a 470 146 0 39 9
a 470 690 0 45 3
a 471 97 0 39 8
a 471 1545 0 22 2
a 473 155 0 39 2
a 473 877 0 42 5
a 476 787 0 39 9
a 476 1222 0 9 3
a 478 1183 0 39 3
a 478 1025 0 41 1
a 479 1958 0 39 1
a 479 371 0 20 9
a 482 1947 0 39 5
a 482 1726 0 0 3
a 483 1397 0 39 4
a 483 603 0 7 1
a 486 575 0 39 9
a 486 77 0 32 1
a 487 528 0 39 8
a 487 659 0 1 2
a 489 337 0 39 8
a 489 386 0 13 3
a 492 927 0 39 8
a 492 1249 0 46 2
a 495 1702 0 39 9
a 495 1369 0 30 10
a 496 840 0 39 9
a 496 652 0 16 8
a 497 84 0 39 8
a 497 1817 0 33 4
a 498 1263 0 39 5
a 498 1938 0 18 5
a 500 430 0 39 9
a 500 1786 0 22 10
a 502 1032 0 39 9
a 502 560 0 47 7
a 505 644 0 39 4
a 505 809 0 27 7
a 507 164 0 39 8
a 507 1046 0 42 6
a 510 1423 0 39 9
a 510 203 0 46 1
a 520 36 0 39 6
a 520 1234 0 37 5
a 521 1096 0 39 8
a 521 1307 0 18 5
a 522 890 0 39 9
a 522 884 0 47 5
a 526 1592 0 39 6
a 526 706 0 19 5
a 527 83 0 39 9
a 527 652 0 25 10
a 528 1705 0 39 4
a 528 1441 0 14 2
a 531 407 0 39 4
a 531 1129 0 34 8
a 537 273 0 39 9
a 537 1464 0 37 3
a 538 590 0 39 3
a 538 637 0 4 5
a 539 1701 0 39 1
a 539 78 0 11 1
a 540 964 0 39 10
a 540 1603 0 0 7
a 543 941 0 39 7
a 543 1680 0 32 8
a 544 1875 0 39 6
a 544 438 0 16 3
a 545 1707 0 39 10
a 545 824 0 8 9
a 547 574 0 39 5
a 547 1438 0 24 6
a 548 210 0 39 10
a 548 1519 0 22 2
a 549 885 0 39 2
a 549 1096 0 12 5
a 551 79 0 39 4
a 551 1661 0 16 6
a 552 743 0 39 6
a 552 671 0 18 6
a 553 848 0 39 9
a 553 666 0 3 4
a 561 486 0 39 10
a 561 1125 0 5 4
a 565 898 0 39 1
a 565 1835 0 5 8
a 571 252 0 39 9
a 571 1114 0 34 8
a 573 710 0 39 3
a 573 1284 0 21 6
a 574 633 0 39 5
a 574 88 0 39 7
a 575 1955 0 39 6
a 575 502 0 38 2
a 578 214 0 39 6
a 578 242 0 21 9
a 579 771 0 39 9
a 579 718 0 8 8
a 581 1589 0 39 10
a 581 1661 0 22 4
a 585 1102 0 39 1
a 585 812 0 49 4
a 590 26 0 39 9
a 590 539 0 22 2
a 591 722 0 39 3
a 591 1924 0 46 1
a 592 1148 0 39 6
a 592 560 0 14 9
a 593 1990 0 39 3
a 593 983 0 13 1
a 594 48 0 39 6
a 594 937 0 50 8
a 596 1403 0 39 8
a 596 1988 0 45 10
a 597 8 0 39 9
a 597 1583 0 48 8
a 599 791 0 39 2
a 599 1728 0 19 1
a 600 1925 0 39 10
a 600 1712 0 35 7
a 603 110 0 39 8
a 603 1117 0 44 4
a 608 1061 0 39 3
a 608 182 0 38 5
a 609 1674 0 39 1
a 609 1822 0 31 10
a 613 1426 0 39 9
a 613 1505 0 46 3
a 615 552 0 39 1
a 615 972 0 5 1
a 617 531 0 39 1
a 617 677 0 6 2
a 619 1647 0 39 10
a 619 555 0 3 3
a 622 78 0 39 10
a 622 687 0 25 3
a 626 342 0 39 2
a 626 1506 0 2 3
a 628 809 0 39 4
a 628 1860 0 49 3
a 631 112 0 39 4
a 631 574 0 10 7
a 633 1645 0 39 5
a 633 142 0 46 2
a 637 1827 0 39 3
a 637 1710 0 8 9
a 640 748 0 39 9
a 640 1455 0 23 4
a 641 742 0 39 5
a 641 855 0 2 7
a 644 1275 0 39 1
a 644 1550 0 25 9
a 647 1254 0 39 6
a 647 1775 0 12 4
a 655 1392 0 39 5
a 655 1824 0 7 3
a 657 347 0 39 9
a 657 1978 0 42 8
a 658 1932 0 39 10
a 658 255 0 42 4
a 659 1158 0 39 9
a 659 281 0 12 10
a 661 1050 0 39 5
a 661 530 0 36 6
a 669 1606 0 39 8
a 669 446 0 28 9
a 670 1043 0 39 3
a 670 167 0 21 8
a 671 1167 0 39 5
a 671 1752 0 35 10
a 672 1497 0 39 1
a 672 405 0 15 3
a 674 940 0 39 1
a 674 210 0 23 7
a 677 1100 0 39 1
a 677 387 0 32 5
a 679 1595 0 39 8
a 679 945 0 19 7
a 680 1365 0 39 9
a 680 1431 0 27 2
a 682 579 0 39 6
a 682 197 0 24 2
a 683 879 0 39 3
a 683 78 0 18 5
a 685 1844 0 39 10
a 685 1886 0 8 9
a 692 76 0 39 9
a 692 1534 0 41 4
a 695 402 0 39 8
a 695 1738 0 14 3
a 699 1297 0 39 3
a 699 77 0 27 4
a 703 345 0 39 3
a 703 349 0 4 2
a 704 1987 0 39 6
a 704 237 0 50 2
a 705 1387 0 39 3
a 705 832 0 3 7
a 706 24 0 39 10
a 706 1617 0 16 9
a 707 1442 0 39 10
a 707 1819 0 34 5
a 708 1095 0 39 7
a 708 633 0 23 2
a 710 1688 0 39 5
a 710 1133 0 3 4
a 713 1194 0 39 2
a 713 1205 0 34 4
a 715 1749 0 39 3
a 715 927 0 23 1
a 721 500 0 39 6
a 721 424 0 36 4
a 722 758 0 39 5
a 722 1744 0 9 2
a 725 1171 0 39 9
a 725 1266 0 49 4
a 726 91 0 39 10
a 726 1562 0 19 2
a 729 880 0 39 5
a 729 489 0 4 7
a 730 307 0 39 2
a 730 1527 0 49 9
a 731 729 0 39 8
a 731 1370 0 4 10
a 732 680 0 39 5
a 732 723 0 19 8
a 733 1858 0 39 8
a 733 1202 0 5 1
a 734 545 0 39 10
a 734 674 0 12 7
a 735 904 0 39 3
a 735 1907 0 28 6
a 736 1615 0 39 6
a 736 336 0 17 10
a 738 1845 0 39 7
a 738 76 0 17 10
a 740 1454 0 39 1
a 740 1086 0 13 9
a 741 1656 0 39 8
a 741 817 0 20 3
a 742 1540 0 39 1
a 742 323 0 14 4
a 743 1712 0 39 8
a 743 327 0 0 5
a 746 123 0 39 9
a 746 202 0 15 4
a 748 692 0 39 9
a 748 1266 0 27 2
a 749 708 0 39 1
a 749 20 0 21 10
a 750 1103 0 39 6
a 750 1899 0 42 7
a 751 452 0 39 8
a 751 1382 0 21 4
a 753 730 0 39 1
a 753 1237 0 12 10
a 756 944 0 39 7
a 756 1914 0 29 1
a 757 741 0 39 8
a 757 1824 0 19 2
a 758 677 0 39 10
a 758 918 0 4 4
a 759 1203 0 39 3
a 759 1698 0 32 7
a 762 439 0 39 3
a 762 398 0 33 3
a 763 1277 0 39 2
a 763 1347 0 27 8
a 764 245 0 39 6
a 764 1336 0 17 7
a 765 135 0 39 9
a 765 1910 0 29 9
a 768 322 0 39 6
a 768 522 0 0 5
a 771 1415 0 39 10
a 771 1567 0 6 10
a 773 1969 0 39 5
a 773 1164 0 0 4
a 774 672 0 39 4
a 774 1197 0 26 9
a 780 1953 0 39 9
a 780 390 0 40 9
a 782 1711 0 39 10
a 782 1438 0 22 7
a 783 984 0 39 2
a 783 1495 0 17 9
a 785 1268 0 39 2
a 785 1355 0 22 7
a 787 473 0 39 4
a 787 95 0 0 10
a 789 436 0 39 9
a 789 479 0 4 3
a 791 1524 0 39 5
a 791 1163 0 28 5
a 792 591 0 39 7
a 792 1321 0 34 6
a 798 158 0 39 3
a 798 1154 0 24 7
a 801 1170 0 39 4
a 801 1108 0 16 10
a 802 1063 0 39 5
a 802 79 0 45 9
a 803 1124 0 39 2
a 803 1194 0 15 10
a 805 1992 0 39 3
a 805 1024 0 13 8
a 806 540 0 39 10
a 806 525 0 22 4
a 807 1310 0 39 5
a 807 1861 0 10 4
a 808 1986 0 39 1
a 808 1194 0 40 9
a 809 1632 0 39 8
a 809 1924 0 35 2
a 810 768 0 39 3
a 810 1311 0 18 6
a 816 69 0 39 5
a 816 195 0 33 5
a 818 1783 0 39 3
a 818 1053 0 37 3
a 819 1481 0 39 7
a 819 107 0 21 7
a 820 1650 0 39 8
a 820 240 0 0 9
a 825 378 0 39 4
a 825 1610 0 18 10
a 826 1664 0 39 7
a 826 1546 0 22 1
a 829 431 0 39 4
a 829 156 0 5 1
a 831 1981 0 39 1
a 831 126 0 43 2
a 832 918 0 39 3
a 832 69 0 11 7
a 833 933 0 39 5
a 833 1107 0 42 3
a 836 1554 0 39 8
a 836 1053 0 4 5
a 840 613 0 39 2
a 840 1747 0 6 6
a 841 537 0 39 3
a 841 1141 0 20 3
a 844 325 0 39 9
a 844 1380 0 32 3
a 846 1178 0 39 4
a 846 455 0 9 3
a 848 1161 0 39 6
a 848 1665 0 20 3
a 853 1450 0 39 7
a 853 177 0 11 5
a 854 1805 0 39 6
a 854 306 0 9 5
a 858 1677 0 39 6
a 858 283 0 39 1
a 860 615 0 39 7
a 860 1760 0 47 9
a 864 288 0 39 10
a 864 1864 0 12 7
a 867 434 0 39 3
a 867 237 0 26 3
a 868 538 0 39 4
a 868 534 0 37 6
a 869 731 0 39 7
a 869 1671 0 35 9
a 870 682 0 39 9
a 870 1321 0 2 7
a 872 659 0 39 7
a 872 1065 0 36 2
a 876 929 0 39 9
a 876 1801 0 23 7
a 878 223 0 39 8
a 878 702 0 34 3
a 879 19 0 39 10
a 879 1585 0 41 6
a 880 357 0 39 7
a 880 1810 0 47 7
a 882 1017 0 39 7
a 882 223 0 32 5
a 883 184 0 39 10
a 883 419 0 46 2
a 885 496 0 39 6
a 885 258 0 23 4
a 886 854 0 39 2
a 886 1052 0 16 3
a 888 205 0 39 6
a 888 1851 0 33 1
a 889 419 0 39 9
a 889 123 0 8 1
a 890 968 0 39 3
a 890 1598 0 46 4
a 891 1180 0 39 3
a 891 641 0 26 4
a 894 1449 0 39 6
a 894 330 0 32 4
a 895 1968 0 39 2
a 895 1463 0 43 9
a 898 295 0 39 4
a 898 137 0 14 2
a 899 1315 0 39 9
a 899 1215 0 44 3
a 901 1743 0 39 2
a 901 1495 0 0 1
a 902 124 0 39 6
a 902 954 0 25 7
a 904 640 0 39 9
a 904 38 0 42 2
a 905 1978 0 39 1
a 905 977 0 37 10
a 907 1755 0 39 9
a 907 562 0 49 1
a 909 177 0 39 8
a 909 158 0 29 3
a 910 1918 0 39 4
a 910 450 0 0 4
a 912 489 0 39 8
a 912 823 0 9 6
a 913 641 0 39 9
a 913 69 0 15 2
a 914 70 0 39 8
a 914 1555 0 38 10
a 915 176 0 39 5
a 915 1903 0 1 9
a 917 783 0 39 5
a 917 251 0 17 10
a 918 1500 0 39 7
a 918 254 0 15 10
a 920 331 0 39 9
a 920 160 0 29 7
a 922 246 0 39 2
a 922 1175 0 14 9
a 927 915 0 39 8
a 927 202 0 45 10
a 929 1546 0 39 9
a 929 1256 0 8 4
a 930 1484 0 39 7
a 930 887 0 35 2
a 931 759 0 39 7
a 931 40 0 21 7
a 933 917 0 39 8
a 933 86 0 31 9
a 936 1085 0 39 3
a 936 1918 0 8 1
a 937 1201 0 39 6
a 937 835 0 4 6
a 940 1651 0 39 1
a 940 1468 0 5 10
a 941 287 0 39 8
a 941 1261 0 4 3
a 943 1358 0 39 5
a 943 789 0 29 5
a 944 1234 0 39 10
a 944 756 0 23 8
a 945 1437 0 39 9
a 945 107 0 11 7
a 947 1532 0 39 8
a 947 1953 0 36 7
a 949 90 0 39 4
a 949 922 0 44 8
a 952 1252 0 39 4
a 952 1766 0 43 9
a 953 853 0 39 5
a 953 187 0 28 10
a 955 695 0 39 3
a 955 432 0 14 9
a 957 181 0 39 4
a 957 807 0 25 4
a 958 1520 0 39 1
a 958 613 0 17 8
a 962 705 0 39 3
a 962 738 0 11 8
a 963 59 0 39 5
a 963 79 0 7 3
a 964 1232 0 39 5
a 964 1231 0 3 8
a 965 312 0 39 6
a 965 1621 0 42 1
a 967 762 0 39 5
a 967 291 0 32 2
a 968 174 0 39 4
a 968 783 0 6 10
a 969 1951 0 39 2
a 969 1798 0 7 9
a 970 310 0 39 5
a 970 1031 0 50 1
a 971 1364 0 39 2
a 971 1953 0 24 9
a 974 1036 0 39 1
a 974 922 0 3 9
a 976 1831 0 39 2
a 976 1727 0 47 3
a 977 1285 0 39 7
a 977 1966 0 30 8
a 982 200 0 39 8
a 982 491 0 8 4
a 984 1094 0 39 5
a 984 517 0 9 2
a 985 1618 0 39 8
a 985 1892 0 33 10
a 986 1408 0 39 9
a 986 762 0 7 9
a 988 130 0 39 7
a 988 1020 0 5 1
a 989 1912 0 39 2
a 989 1702 0 46 2
a 990 886 0 39 10
a 990 278 0 21 9
a 992 1721 0 39 10
a 992 1799 0 10 4
a 993 1108 0 39 9
a 993 1384 0 48 8
a 994 183 0 39 5
a 994 775 0 50 8
a 995 521 0 39 3
a 995 697 0 10 9
a 996 1937 0 39 8
a 996 639 0 30 10
a 997 740 0 39 7
a 997 835 0 46 5
a 998 1123 0 39 1
a 998 1857 0 43 7
a 1001 1132 0 39 3
a 1001 607 0 24 5
a 1003 163 0 39 8
a 1003 113 0 39 4
a 1004 969 0 39 8
a 1004 1074 0 48 7
a 1010 189 0 39 2
a 1010 531 0 28 7
a 1013 1296 0 39 5
a 1013 1345 0 27 5
a 1016 1056 0 39 5
a 1016 395 0 16 1
a 1017 1369 0 39 2
a 1017 1454 0 3 9
a 1018 963 0 39 3
a 1018 1380 0 29 6
a 1020 1076 0 39 6
a 1020 1917 0 21 1
a 1024 882 0 39 9
a 1024 891 0 47 5
a 1026 328 0 39 5
a 1026 1058 0 19 4
a 1027 962 0 39 5
a 1027 1136 0 43 7
a 1028 1881 0 39 8
a 1028 1960 0 44 5
a 1029 58 0 39 10
a 1029 359 0 29 10
a 1030 206 0 39 8
a 1030 995 0 47 6
a 1032 1301 0 39 7
a 1032 1078 0 21 8
a 1033 808 0 39 9
a 1033 896 0 46 3
a 1036 1222 0 39 6
a 1036 16 0 44 9
a 1040 1960 0 39 3
a 1040 378 0 43 8
a 1043 1690 0 39 2
a 1043 128 0 8 7
a 1047 750 0 39 8
a 1047 1559 0 36 3
a 1050 1425 0 39 2
a 1050 792 0 5 4
a 1051 1160 0 39 4
a 1051 269 0 0 2
a 1052 21 0 39 9
a 1052 1682 0 17 2
a 1056 1502 0 39 3
a 1056 320 0 31 9
a 1059 715 0 39 4
a 1059 279 0 16 9
a 1061 1245 0 39 7
a 1061 70 0 6 7
a 1062 1238 0 39 4
a 1062 1697 0 40 5
a 1063 1461 0 39 10
a 1063 196 0 2 7
a 1073 1298 0 39 8
a 1073 1176 0 28 4
a 1074 1849 0 39 2
a 1074 501 0 30 6
a 1075 1219 0 39 3
a 1075 489 0 19 2
a 1076 527 0 39 3
a 1076 1018 0 39 9
a 1085 998 0 39 1
a 1085 262 0 14 7
a 1086 198 0 39 1
a 1086 988 0 23 8
a 1088 1542 0 39 9
a 1088 1319 0 42 7
a 1091 1832 0 39 9
a 1091 401 0 19 6
a 1092 699 0 39 5
a 1092 1996 0 36 7
a 1093 1735 0 39 6
a 1093 843 0 32 9
a 1094 1262 0 39 10
a 1094 305 0 9 5
a 1095 153 0 39 1
a 1095 707 0 49 10
a 1096 1320 0 39 7
a 1096 1472 0 12 4
a 1100 482 0 39 8
a 1100 107 0 45 7
a 1101 1883 0 39 7
a 1101 1202 0 7 10
a 1102 1963 0 39 4
a 1102 1616 0 11 2
a 1103 1809 0 39 6
a 1103 297 0 40 9
a 1104 1212 0 39 7
a 1104 1079 0 9 3
a 1105 746 0 39 6
a 1105 1866 0 1 2
a 1108 238 0 39 9
a 1108 1598 0 33 2
a 1109 1309 0 39 5
a 1109 923 0 9 1
a 1113 471 0 39 2
a 1113 567 0 20 6
a 1114 789 0 39 4
a 1114 1132 0 4 6
a 1119 1384 0 39 10
a 1119 728 0 42 8
a 1123 1979 0 39 2
a 1123 75 0 31 1
a 1124 844 0 39 8
a 1124 1378 0 34 8
a 1132 974 0 39 4
a 1132 294 0 15 1
a 1133 1760 0 39 8
a 1133 727 0 33 6
a 1134 412 0 39 3
a 1134 1280 0 0 7
a 1135 1746 0 39 6
a 1135 707 0 50 2
a 1138 1200 0 39 2
a 1138 674 0 32 2
a 1142 816 0 39 3
a 1142 1846 0 30 7
a 1144 100 0 39 4
a 1144 662 0 35 5
a 1145 262 0 39 5
a 1145 930 0 2 6
a 1146 277 0 39 9
a 1146 315 0 15 3
a 1148 364 0 39 7
a 1148 1226 0 7 5
a 1152 1190 0 39 5
a 1152 228 0 2 10
a 1156 669 0 39 9
a 1156 176 0 48 10
a 1158 1995 0 39 3
a 1158 1780 0 47 1
a 1160 920 0 39 10
a 1160 1400 0 27 6
a 1161 65 0 39 5
a 1161 13 0 50 9
a 1162 947 0 39 1
a 1162 1305 0 3 5
a 1163 785 0 39 6
a 1163 179 0 39 7
a 1166 1300 0 39 9
a 1166 1712 0 38 6
a 1167 1407 0 39 7
a 1167 318 0 42 9
a 1169 1448 0 39 3
a 1169 775 0 29 5
a 1170 1027 0 39 9
a 1170 1068 0 41 9
a 1171 1485 0 39 2
a 1171 1779 0 14 8
a 1173 1942 0 39 7
a 1173 1464 0 6 4
a 1174 1822 0 39 1
a 1174 953 0 42 9
a 1176 1156 0 39 4
a 1176 1154 0 7 10
a 1178 380 0 39 4
a 1178 250 0 0 6
a 1179 657 0 39 7
a 1179 1154 0 39 7
a 1180 1617 0 39 4
a 1180 645 0 23 4
a 1181 1853 0 39 5
a 1181 545 0 14 2
a 1183 1499 0 39 3
a 1183 1220 0 0 6
a 1189 204 0 39 3
a 1189 527 0 31 5
a 1190 1597 0 39 10
a 1190 1089 0 14 1
a 1191 930 0 39 8
a 1191 1828 0 23 3
a 1193 382 0 39 4
a 1193 151 0 40 2
a 1194 495 0 39 8
a 1194 1891 0 12 3
a 1199 395 0 39 5
a 1199 137 0 21 3
a 1200 478 0 39 3
a 1200 859 0 4 3
a 1201 43 0 39 3
a 1201 1355 0 16 4
a 1202 707 0 39 5
a 1202 1079 0 20 3
a 1203 390 0 39 6
a 1203 1870 0 31 10
a 1205 1166 0 39 10
a 1205 1698 0 0 4
a 1208 39 0 39 1
a 1208 533 0 26 10
a 1209 1815 0 39 9
a 1209 926 0 32 6
a 1211 713 0 39 10
a 1211 1555 0 29 10
a 1212 101 0 39 3
a 1212 1626 0 3 5
a 1214 802 0 39 5
a 1214 551 0 8 5
a 1215 1577 0 39 2
a 1215 1698 0 11 10
a 1216 261 0 39 5
a 1216 1134 0 46 9
a 1219 1119 0 39 9
a 1219 118 0 14 8
a 1220 609 0 39 1
a 1220 801 0 43 8
a 1222 1635 0 39 10
a 1222 210 0 36 9
a 1224 286 0 39 7
a 1224 1015 0 26 3
a 1226 1714 0 39 10
a 1226 1655 0 50 9
a 1228 1837 0 39 7
a 1228 1447 0 12 8
a 1231 85 0 39 9
a 1231 1344 0 50 2
a 1232 909 0 39 2
a 1232 1981 0 0 5
a 1234 1522 0 39 10
a 1234 1862 0 36 8
a 1235 121 0 39 4
a 1235 1665 0 32 9
a 1236 1761 0 39 8
a 1236 1242 0 8 5
a 1238 1447 0 39 8
a 1238 1639 0 11 9
a 1240 1573 0 39 1
a 1240 1869 0 13 1
a 1242 1621 0 39 6
a 1242 774 0 0 7
a 1243 1698 0 39 9
a 1243 1390 0 6 2
a 1244 1028 0 39 7
a 1244 1446 0 19 8
a 1245 1652 0 39 1
a 1245 690 0 25 10
a 1249 1257 0 39 8
a 1249 1678 0 14 4
a 1252 197 0 39 3
a 1252 1838 0 0 9
a 1254 1051 0 39 9
a 1254 449 0 12 4
a 1257 1443 0 39 6
a 1257 419 0 50 4
a 1262 441 0 39 3
a 1262 53 0 27 9
a 1263 1243 0 39 6
a 1263 1100 0 13 5
a 1268 1244 0 39 3
a 1268 371 0 11 8
a 1270 372 0 39 2
a 1270 4 0 23 4
a 1271 1346 0 39 1
a 1271 1552 0 23 9
a 1272 1416 0 39 9
a 1272 599 0 19 2
a 1273 1699 0 39 7
a 1273 552 0 30 4
a 1274 565 0 39 3
a 1274 1990 0 44 8
a 1275 1874 0 39 3
a 1275 1223 0 21 2
a 1277 250 0 39 6
a 1277 1087 0 15 5
a 1278 889 0 39 7
a 1278 1236 0 21 9
a 1280 1720 0 39 1
a 1280 12 0 23 7
a 1281 458 0 39 3
a 1281 17 0 33 9
a 1284 1625 0 39 9
a 1284 1963 0 39 7
a 1285 320 0 39 3
a 1285 1894 0 22 3
a 1292 1828 0 39 2
a 1292 1980 0 8 5
a 1294 1228 0 39 1
a 1294 318 0 24 7
a 1296 764 0 39 8
a 1296 892 0 50 6
a 1297 1726 0 39 9
a 1297 409 0 30 3
a 1298 600 0 39 3
a 1298 1389 0 14 10
a 1300 1758 0 39 3
a 1300 151 0 43 1
a 1301 594 0 39 1
a 1301 1300 0 27 6
a 1304 943 0 39 7
a 1304 1705 0 12 2
a 1306 807 0 39 6
a 1306 1156 0 11 6
a 1307 683 0 39 6
a 1307 1314 0 43 10
a 1308 548 0 39 6
a 1308 1581 0 46 1
a 1309 40 0 39 6
a 1309 1381 0 18 7
a 1310 304 0 39 7
a 1310 877 0 47 10
a 1311 1919 0 39 8
a 1311 1275 0 21 6
a 1312 45 0 39 6
a 1312 1713 0 0 5
a 1313 1719 0 39 2
a 1313 737 0 33 1
a 1315 1536 0 39 2
a 1315 602 0 20 7
a 1318 424 0 39 3
a 1318 1270 0 37 7
a 1319 1898 0 39 4
a 1319 1625 0 40 2
a 1320 1335 0 39 2
a 1320 1176 0 26 3
a 1322 179 0 39 2
a 1322 487 0 46 3
a 1328 1428 0 39 6
a 1328 796 0 0 9
a 1329 1010 0 39 4
a 1329 1508 0 8 5
a 1331 891 0 39 6
a 1331 870 0 2 4
a 1332 798 0 39 7
a 1332 665 0 27 5
a 1333 1806 0 39 9
a 1333 1936 0 12 3
a 1335 1839 0 39 9
a 1335 159 0 45 5
a 1337 1333 0 39 3
a 1337 894 0 35 8
a 1339 63 0 39 10
a 1339 502 0 49 1
a 1345 774 0 39 8
a 1345 625 0 14 2
a 1346 1899 0 39 10
a 1346 522 0 31 3
a 1349 1146 0 39 10
a 1349 1275 0 37 1
a 1350 408 0 39 6
a 1350 915 0 45 7
a 1352 953 0 39 2
a 1352 1394 0 39 5
a 1353 539 0 39 9
a 1353 266 0 10 10
a 1354 1748 0 39 4
a 1354 1246 0 4 10
a 1355 936 0 39 2
a 1355 1822 0 2 8
a 1358 25 0 39 7
a 1358 214 0 43 7
a 1359 872 0 39 7
a 1359 390 0 40 6
a 1361 736 0 39 3
a 1361 768 0 6 7
a 1362 368 0 39 4
a 1362 1579 0 9 3
a 1363 1599 0 39 10
a 1363 1297 0 43 3
a 1364 599 0 39 2
a 1364 1568 0 34 8
a 1365 231 0 39 5
a 1365 1515 0 24 4
a 1366 1249 0 39 4
a 1366 934 0 36 8
a 1367 1101 0 39 6
a 1367 538 0 33 7
a 1369 1867 0 39 5
a 1369 659 0 1 10
a 1370 1933 0 39 2
a 1370 1985 0 15 3
a 1381 1695 0 39 10
a 1381 246 0 27 7
a 1382 726 0 39 4
a 1382 728 0 43 10
a 1384 749 0 39 3
a 1384 449 0 0 7
a 1385 1763 0 39 3
a 1385 1337 0 48 8
a 1386 1980 0 39 7
a 1386 1583 0 18 2
a 1387 1799 0 39 8
a 1387 1003 0 17 9
a 1391 1593 0 39 9
a 1391 1816 0 41 5
a 1392 1354 0 39 9
a 1392 1841 0 1 3
a 1393 1886 0 39 9
a 1393 1928 0 20 9
a 1397 1523 0 39 6
a 1397 1726 0 26 5
a 1400 66 0 39 6
a 1400 1195 0 37 1
a 1402 87 0 39 7
a 1402 358 0 49 1
a 1403 1584 0 39 6
a 1403 731 0 43 7
a 1404 1776 0 39 8
a 1404 311 0 1 4
a 1407 547 0 39 3
a 1407 1109 0 30 5
a 1408 967 0 39 3
a 1408 1362 0 16 9
a 1411 1191 0 39 5
a 1411 1732 0 5 2
a 1412 1193 0 39 7
a 1412 1832 0 48 8
a 1415 1205 0 39 6
a 1415 1850 0 48 4
a 1416 1352 0 39 9
a 1416 409 0 3 2
a 1417 805 0 39 1
a 1417 302 0 45 9
a 1421 1492 0 39 1
a 1421 36 0 1 3
a 1423 37 0 39 3
a 1423 1998 0 30 2
a 1425 899 0 39 4
a 1425 1213 0 22 9
a 1426 1109 0 39 3
a 1426 1508 0 24 1
a 1427 1272 0 39 6
a 1427 1280 0 6 2
a 1428 115 0 39 8
a 1428 938 0 20 4
a 1429 1412 0 39 1
a 1429 768 0 1 4
a 1431 1873 0 39 9
a 1431 316 0 17 10
a 1436 230 0 39 2
a 1436 1147 0 37 2
a 1437 1895 0 39 6
a 1437 435 0 36 7
a 1438 1134 0 39 6
a 1438 1070 0 0 2
a 1441 1843 0 39 3
a 1441 1506 0 41 4
a 1442 1075 0 39 8
a 1442 514 0 33 1
a 1443 394 0 39 2
a 1443 187 0 49 1
a 1444 290 0 39 4
a 1444 121 0 22 1
a 1446 1999 0 39 8
a 1446 1088 0 21 3
a 1447 396 0 39 1
a 1447 418 0 34 6
a 1448 913 0 39 4
a 1448 1963 0 26 6
a 1449 1202 0 39 10
a 1449 677 0 3 6
a 1450 1908 0 39 10
a 1450 1858 0 43 4
a 1453 400 0 39 4
a 1453 997 0 26 9
a 1454 876 0 39 9
a 1454 1743 0 41 6
a 1455 585 0 39 5
a 1455 1076 0 4 4
a 1457 549 0 39 10
a 1457 1356 0 23 3
a 1460 283 0 39 2
a 1460 828 0 34 2
a 1461 1446 0 39 4
a 1461 1727 0 8 7
a 1468 275 0 39 7
a 1468 183 0 15 2
a 1470 846 0 39 7
a 1470 213 0 47 7
a 1478 608 0 39 9
a 1478 1881 0 36 4
a 1480 1697 0 39 6
a 1480 1185 0 25 8
a 1481 1840 0 39 8
a 1481 487 0 32 2
a 1484 671 0 39 9
a 1484 1005 0 21 10
a 1485 1515 0 39 3
a 1485 521 0 30 10
a 1488 103 0 39 3
a 1488 578 0 11 6
a 1491 1678 0 39 6
a 1491 788 0 7 1
a 1492 1273 0 39 4
a 1492 1035 0 34 8
a 1493 1659 0 39 8
a 1493 1481 0 23 6
a 1497 1455 0 39 5
a 1497 197 0 44 4
a 1499 1359 0 39 2
a 1499 1964 0 40 7
a 1500 1438 0 39 3
a 1500 357 0 45 1
a 1501 628 0 39 6
a 1501 1257 0 43 2
a 1502 1328 0 39 7
a 1502 1923 0 50 4
a 1504 316 0 39 4
a 1504 1211 0 50 10
a 1505 263 0 39 5
a 1505 1881 0 16 8
a 1507 1964 0 39 8
a 1507 983 0 9 7
a 1508 170 0 39 1
a 1508 531 0 14 4
a 1509 1801 0 39 2
a 1509 496 0 39 8
a 1512 1381 0 39 5
a 1512 1830 0 26 10
a 1515 1174 0 39 4
a 1515 1856 0 6 1
a 1516 498 0 39 4
a 1516 691 0 2 6
a 1520 985 0 39 3
a 1520 263 0 33 9
a 1522 833 0 39 7
a 1522 60 0 2 3
a 1523 1001 0 39 2
a 1523 268 0 42 5
a 1524 1322 0 39 7
a 1524 218 0 12 6
a 1532 1838 0 39 7
a 1532 1741 0 8 1
a 1533 1016 0 39 6
a 1533 1398 0 28 7
a 1536 825 0 39 3
a 1536 1865 0 29 1
a 1540 270 0 39 5
a 1540 1496 0 37 7
a 1541 957 0 39 7
a 1541 1982 0 24 3
a 1542 415 0 39 9
a 1542 366 0 39 6
a 1546 1634 0 39 6
a 1546 1506 0 9 8
a 1548 982 0 39 4
a 1548 633 0 12 10
a 1552 1199 0 39 6
a 1552 1430 0 1 8
a 1554 1642 0 39 4
a 1554 250 0 35 6
a 1555 1308 0 39 1
a 1555 825 0 0 6
a 1556 1427 0 39 5
a 1556 531 0 38 3
a 1557 631 0 39 3
a 1557 126 0 33 9
a 1558 1421 0 39 3
a 1558 1036 0 10 2
a 1560 53 0 39 7
a 1560 642 0 23 9
a 1562 1339 0 39 9
a 1562 827 0 38 5
a 1564 820 0 39 4
a 1564 1697 0 0 2
a 1573 311 0 39 10
a 1573 849 0 22 5
a 1576 1879 0 39 4
a 1576 1884 0 22 2
a 1577 254 0 39 3
a 1577 935 0 42 1
a 1582 465 0 39 4
a 1582 1989 0 5 9
a 1584 1558 0 39 2
a 1584 1998 0 31 7
a 1586 1860 0 39 3
a 1586 1303 0 30 2
a 1589 1786 0 39 3
a 1589 1684 0 13 8
a 1592 1821 0 39 5
a 1592 661 0 6 6
a 1593 1226 0 39 5
a 1593 976 0 50 7
a 1595 955 0 39 1
a 1595 1199 0 0 9
a 1597 1350 0 39 3
a 1597 436 0 34 9
a 1599 1386 0 39 8
a 1599 990 0 5 2
a 1602 596 0 39 3
a 1602 30 0 7 6
a 1604 976 0 39 6
a 1604 626 0 38 7
a 1605 1894 0 39 10
a 1605 1925 0 14 4
a 1606 1696 0 39 1
a 1606 1168 0 6 5
a 1607 1859 0 39 2
a 1607 661 0 45 6
a 1609 464 0 39 1
a 1609 1612 0 33 7
a 1610 1516 0 39 1
a 1610 860 0 1 1
a 1615 1915 0 39 2
a 1615 401 0 23 9
a 1616 888 0 39 8
a 1616 227 0 48 7
a 1617 354 0 39 7
a 1617 60 0 23 7
a 1618 803 0 39 9
a 1618 1010 0 11 5
a 1621 945 0 39 7
a 1621 726 0 32 2
a 1625 1457 0 39 4
a 1625 809 0 40 6
a 1627 1040 0 39 4
a 1627 1648 0 22 5
a 1629 336 0 39 5
a 1629 1984 0 16 7
a 1632 1004 0 39 8
a 1632 1930 0 27 2
a 1634 867 0 39 2
a 1634 1896 0 47 1
a 1635 289 0 39 8
a 1635 836 0 32 5
a 1636 1092 0 39 7
a 1636 1039 0 28 3
a 1642 1717 0 39 10
a 1642 1406 0 20 2
a 1645 1724 0 39 9
a 1645 1845 0 9 7
a 1647 996 0 39 2
a 1647 1303 0 26 1
a 1648 826 0 39 6
a 1648 232 0 31 2
a 1650 1823 0 39 7
a 1650 1354 0 34 3
a 1651 725 0 39 10
a 1651 1276 0 44 6
a 1652 1825 0 39 10
a 1652 578 0 27 10
a 1656 1311 0 39 10
a 1656 1001 0 1 8
a 1659 1307 0 39 1
a 1659 1124 0 7 3
a 1664 1013 0 39 8
a 1664 1882 0 6 2
a 1665 1114 0 39 9
a 1665 135 0 29 10
a 1671 1047 0 39 3
a 1671 163 0 49 10
a 1672 765 0 39 7
a 1672 587 0 31 8
a 1674 801 0 39 1
a 1674 137 0 11 4
a 1677 1208 0 39 10
a 1677 86 0 18 8
a 1678 1713 0 39 10
a 1678 1346 0 25 3
a 1681 1824 0 39 4
a 1681 286 0 9 1
a 1687 1370 0 39 3
a 1687 547 0 38 1
a 1688 1954 0 39 7
a 1688 658 0 38 7
a 1690 970 0 39 6
a 1690 1008 0 26 8
a 1694 1507 0 39 6
a 1694 1283 0 2 1
a 1695 1003 0 39 8
a 1695 2000 0 10 5
a 1696 55 0 39 5
a 1696 576 0 45 3
a 1697 756 0 39 5
a 1697 323 0 33 1
a 1698 334 0 39 5
a 1698 1678 0 27 3
a 1699 1242 0 39 4
a 1699 299 0 36 3
a 1700 1560 0 39 6
a 1700 1724 0 22 10
a 1701 658 0 39 3
a 1701 189 0 1 2
a 1702 448 0 39 6
a 1702 1457 0 30 3
a 1705 841 0 39 4
a 1705 1131 0 45 1
a 1706 1337 0 39 2
a 1706 13 0 1 8
a 1707 1602 0 39 1
a 1707 25 0 48 2
a 1711 1694 0 39 8
a 1711 278 0 17 7
a 1712 732 0 39 7
a 1712 389 0 31 5
a 1713 831 0 39 10
a 1713 1396 0 47 1
a 1714 679 0 39 4
a 1714 1985 0 18 8
a 1717 647 0 39 1
a 1717 1708 0 13 9
a 1719 479 0 39 3
a 1719 1073 0 20 6
a 1720 1820 0 39 9
a 1720 1067 0 37 5
a 1721 1020 0 39 10
a 1721 334 0 37 7
a 1724 810 0 39 10
a 1724 115 0 0 7
a 1726 159 0 39 4
a 1726 1144 0 26 3
a 1727 62 0 39 1
a 1727 1095 0 40 3
a 1729 1176 0 39 4
a 1729 1588 0 46 7
a 1735 617 0 39 6
a 1735 827 0 3 3
a 1736 1436 0 39 1
a 1736 140 0 37 3
a 1742 1790 0 39 8
a 1742 678 0 21 1
a 1743 278 0 39 7
a 1743 1095 0 48 7
a 1744 619 0 39 6
a 1744 1885 0 6 2
a 1745 1938 0 39 5
a 1745 5 0 44 6
a 1746 1144 0 39 7
a 1746 1276 0 35 6
a 1747 1209 0 39 7
a 1747 696 0 26 1
a 1748 1994 0 39 6
a 1748 997 0 31 7
a 1749 1607 0 39 2
a 1749 630 0 7 3
a 1750 1145 0 39 4
a 1750 185 0 41 6
a 1752 1353 0 39 2
a 1752 131 0 31 6
a 1754 1431 0 39 1
a 1754 1318 0 24 10
a 1755 990 0 39 6
a 1755 212 0 33 8
a 1757 71 0 39 3
a 1757 847 0 43 9
a 1758 520 0 39 3
a 1758 1665 0 27 8
a 1760 128 0 39 1
a 1760 123 0 12 5
a 1761 385 0 39 9
a 1761 1214 0 10 3
a 1762 1294 0 39 2
a 1762 1292 0 45 4
a 1763 1850 0 39 4
a 1763 1808 0 33 3
a 1771 1478 0 39 3
a 1771 1098 0 29 10
a 1772 1113 0 39 5
a 1772 1347 0 16 2
a 1773 626 0 39 8
a 1773 617 0 16 3
a 1776 1605 0 39 6
a 1776 64 0 8 4
a 1777 1556 0 39 5
a 1777 1492 0 48 4
a 1779 237 0 39 2
a 1779 239 0 34 8
a 1783 1648 0 39 3
a 1783 632 0 2 7
a 1786 994 0 39 8
a 1786 663 0 42 2
a 1787 734 0 39 1
a 1787 1126 0 5 8
a 1789 1927 0 39 2
a 1789 1076 0 11 7
a 1790 1779 0 39 5
a 1790 577 0 19 5
a 1791 1181 0 39 1
a 1791 1771 0 43 9
a 1796 242 0 39 1
a 1796 495 0 46 3
a 1798 195 0 39 7
a 1798 293 0 1 6
a 1799 1548 0 39 6
a 1799 756 0 28 10
a 1801 958 0 39 5
a 1801 277 0 49 6
a 1803 313 0 39 6
a 1803 263 0 38 1
a 1805 227 0 39 7
a 1805 1430 0 18 2
a 1806 492 0 39 8
a 1806 849 0 0 7
a 1809 1706 0 39 3
a 1809 1521 0 13 2
a 1810 284 0 39 1
a 1810 924 0 3 1
a 1815 952 0 39 4
a 1815 1564 0 11 8
a 1817 258 0 39 10
a 1817 1365 0 5 7
a 1818 869 0 39 2
a 1818 1051 0 33 8
a 1820 1586 0 39 3
a 1820 112 0 42 5
a 1821 4 0 39 4
a 1821 1626 0 35 2
a 1822 1062 0 39 9
a 1822 1205 0 9 9
a 1823 593 0 39 4
a 1823 1072 0 22 8
a 1824 573 0 39 4
a 1824 351 0 43 8
a 1825 1830 0 39 4
a 1825 9 0 39 1
a 1827 510 0 39 8
a 1827 1375 0 1 4
a 1828 234 0 39 6
a 1828 468 0 23 2
a 1830 1887 0 39 7
a 1830 1517 0 14 10
a 1831 1429 0 39 9
a 1831 1071 0 11 2
a 1832 1700 0 39 5
a 1832 1943 0 31 5
a 1835 186 0 39 2
a 1835 233 0 1 4
a 1837 1235 0 39 4
a 1837 1256 0 11 3
a 1838 81 0 39 3
a 1838 30 0 31 10
a 1839 57 0 39 10
a 1839 1454 0 47 9
a 1840 1962 0 39 5
a 1840 448 0 35 5
a 1843 1318 0 39 9
a 1843 1002 0 50 4
a 1844 1773 0 39 4
a 1844 1932 0 42 2
a 1845 1727 0 39 9
a 1845 1849 0 18 10
a 1849 1892 0 39 9
a 1849 1305 0 36 10
a 1850 763 0 39 10
a 1850 278 0 13 6
a 1852 1681 0 39 4
a 1852 1353 0 44 2
a 1853 502 0 39 6
a 1853 609 0 36 3
a 1855 1857 0 39 8
a 1855 849 0 18 4
a 1857 1366 0 39 2
a 1857 1350 0 13 1
a 1858 298 0 39 7
a 1858 1213 0 29 1
a 1859 138 0 39 7
a 1859 662 0 2 7
a 1860 992 0 39 6
a 1860 609 0 18 2
a 1867 1509 0 39 8
a 1867 481 0 46 10
a 1873 655 0 39 4
a 1873 346 0 45 9
a 1874 937 0 39 5
a 1874 1192 0 14 1
a 1875 751 0 39 7
a 1875 1181 0 38 3
a 1879 806 0 39 2
a 1879 262 0 35 5
a 1880 1929 0 39 5
a 1880 1786 0 34 2
a 1881 1672 0 39 9
a 1881 1778 0 28 6
a 1882 122 0 39 5
a 1882 982 0 10 2
a 1883 1163 0 39 10
a 1883 671 0 12 5
a 1886 1562 0 39 10
a 1886 51 0 7 1
a 1887 410 0 39 6
a 1887 1558 0 37 10
a 1890 1754 0 39 10
a 1890 221 0 47 6
a 1892 1105 0 39 3
a 1892 1336 0 4 1
a 1894 244 0 39 7
a 1894 24 0 47 4
a 1895 279 0 39 10
a 1895 1746 0 44 9
a 1898 233 0 39 1
a 1898 1112 0 11 4
a 1899 1907 0 39 5
a 1899 1252 0 46 10
a 1900 461 0 39 1
a 1900 1105 0 11 3
a 1904 543 0 39 5
a 1904 1206 0 3 5
a 1907 522 0 39 4
a 1907 32 0 0 9
a 1908 637 0 39 10
a 1908 1955 0 0 3
a 1909 1488 0 39 9
a 1909 1750 0 23 7
a 1912 912 0 39 9
a 1912 1944 0 11 7
a 1915 1086 0 39 1
a 1915 1072 0 15 10
a 1918 105 0 39 4
a 1918 78 0 48 9
a 1919 860 0 39 5
a 1919 1943 0 14 1
a 1920 483 0 39 7
a 1920 60 0 48 7
a 1925 149 0 39 10
a 1925 1531 0 34 2
a 1927 455 0 39 1
a 1927 438 0 7 9
a 1929 1501 0 39 9
a 1929 1536 0 30 10
a 1932 1564 0 39 1
a 1932 1005 0 14 4
a 1933 1803 0 39 8
a 1933 701 0 39 1
a 1936 1744 0 39 2
a 1936 1060 0 30 9
a 1937 1855 0 39 7
a 1937 608 0 1 6
a 1938 1468 0 39 5
a 1938 1275 0 19 4
a 1940 269 0 39 1
a 1940 261 0 21 5
a 1942 1997 0 39 1
a 1942 1915 0 26 4
a 1943 1798 0 39 10
a 1943 1099 0 18 7
a 1947 526 0 39 10
a 1947 1160 0 42 1
a 1951 703 0 39 5
a 1951 652 0 18 1
a 1952 1270 0 39 5
a 1952 589 0 38 10
a 1953 792 0 39 5
a 1953 1328 0 0 3
a 1954 449 0 39 6
a 1954 1348 0 48 7
a 1955 1818 0 39 10
a 1955 1786 0 9 9
a 1957 507 0 39 5
a 1957 1528 0 26 10
a 1958 1142 0 39 4
a 1958 567 0 15 7
a 1960 1030 0 39 6
a 1960 1090 0 39 10
a 1961 1214 0 39 9
a 1961 571 0 7 10
a 1962 162 0 39 7
a 1962 335 0 25 3
a 1963 1470 0 39 8
a 1963 359 0 1 6
a 1964 685 0 39 8
a 1964 215 0 10 5
a 1968 1936 0 39 9
a 1968 1032 0 5 6
a 1969 592 0 39 6
a 1969 144 0 42 4
a 1970 902 0 39 3
a 1970 181 0 26 2
a 1971 704 0 39 9
a 1971 1580 0 21 10
a 1976 1789 0 39 6
a 1976 1235 0 22 1
a 1978 1636 0 39 7
a 1978 1264 0 0 9
a 1979 1189 0 39 10
a 1979 1980 0 2 5
a 1980 1970 0 39 9
a 1980 436 0 0 2
a 1981 505 0 39 7
a 1981 847 0 21 9
a 1986 1796 0 39 10
a 1986 396 0 25 5
a 1987 1512 0 39 3
a 1987 1922 0 20 4
a 1990 551 0 39 6
a 1990 1623 0 39 6
a 1991 67 0 39 6
a 1991 1510 0 27 9
a 1992 1052 0 39 4
a 1992 673 0 36 4
a 1994 1817 0 39 1
a 1994 973 0 19 7
a 1995 1362 0 39 5
a 1995 217 0 16 6
a 1997 1211 0 39 8
a 1997 1652 0 49 7
a 1998 1018 0 39 1
a 1998 1537 0 1 10
