c PyNETGEN v1.0.0
c $ pip install pynetgen
c
c  NETGEN flow network generation algorithm
c  Problem input parameters
c  -------------------------------------
c   Random seed:          8
c   Number of nodes:      2000
c   Source nodes:         2
c   Sink nodes:           2
c   Number of arcs:       4000
c   Minimum arc cost:     1
c   Maximum arc cost:     10
c   Total supply:         50
c   Transshipment -
c     Sources:            0
c     Sinks:              0
c   Skeleton arcs -
c     With max cost:      0
c     Capacitated:        100
c   Minimum arc capacity: 0
c   Maximum arc capacity: 50
c
c  *** Minimum cost flow ***
c
p min 2000 4000
n 1 7
n 2 43
n 1999 -34
n 2000 -16
a 1 1412 0 7 10
a 1 1317 0 9 5
a 1 1620 0 49 8
a 3 1110 0 7 4
a 3 784 0 37 3
a 3 48 0 15 4
a 4 562 0 7 8
a 4 671 0 13 8
a 4 861 0 2 4
a 5 543 0 7 1
a 5 1859 0 5 8
a 5 1411 0 34 5
a 6 232 0 7 10
a 6 776 0 35 6
a 9 1226 0 7 9
a 9 328 0 20 3
a 10 279 0 7 2
a 10 919 0 37 2
a 11 1485 0 7 2
a 11 53 0 34 1
a 13 1961 0 7 5
a 13 1594 0 14 9
a 14 1013 0 7 9
a 14 996 0 14 1
a 15 166 0 7 6
a 15 1318 0 32 3
a 16 1793 0 7 2
a 16 442 0 7 5
a 17 179 0 7 2
a 17 1349 0 48 1
a 19 413 0 7 4
a 19 1834 0 11 4
a 22 756 0 7 1
a 22 1441 0 24 3
a 23 1621 0 7 5
a 23 1502 0 48 2
a 24 871 0 7 8
a 24 561 0 9 3
a 25 48 0 7 9
a 25 1189 0 32 5
a 26 1933 0 7 6
a 26 153 0 41 6
a 31 1006 0 7 9
a 31 194 0 1 4
a 32 1083 0 7 3
a 32 1921 0 14 1
a 34 1643 0 7 2
a 34 560 0 28 10
a 36 1749 0 7 3
a 36 892 0 26 10
a 38 1656 0 7 6
a 38 1399 0 43 5
a 39 725 0 7 9
a 39 1270 0 31 7
a 42 803 0 7 6
a 42 1546 0 30 2
a 44 955 0 7 3
a 44 1993 0 35 8
a 45 1901 0 7 4
a 45 1184 0 12 1
a 48 13 0 7 10
a 48 658 0 30 6
a 52 1194 0 7 4
a 52 1587 0 30 6
a 53 1345 0 7 5
a 53 823 0 2 6
a 58 171 0 7 3
a 58 1279 0 8 3
a 59 1016 0 7 3
a 59 1950 0 25 7
a 60 1999 0 7 7
a 60 460 0 31 6
a 61 1580 0 7 4
a 61 797 0 18 7
a 64 1192 0 7 7
a 64 1154 0 28 10
a 65 430 0 7 8
a 65 416 0 32 9
a 66 1137 0 7 7
a 66 111 0 27 2
a 67 163 0 7 5
a 67 1583 0 41 3
a 68 741 0 7 5
a 68 1125 0 32 3
a 69 501 0 7 4
a 69 940 0 20 2
a 75 440 0 7 8
a 75 1793 0 45 5
a 79 537 0 7 9
a 79 1470 0 34 2
a 81 1988 0 7 9
a 81 1482 0 27 7
a 82 152 0 7 5
a 82 510 0 41 1
a 84 1470 0 7 2
a 84 1319 0 31 10
a 85 1399 0 7 7
a 85 1805 0 43 1
a 88 772 0 7 2
a 88 951 0 22 8
a 92 128 0 7 5
a 92 1525 0 10 10
a 93 393 0 7 1
a 93 306 0 40 5
a 95 1140 0 7 8
a 95 441 0 10 10
a 99 162 0 7 9
a 99 788 0 12 2
a 105 1421 0 7 4
a 105 34 0 22 10
a 106 1122 0 7 7
a 106 1795 0 7 5
a 107 1861 0 7 4
a 107 831 0 41 10
a 115 1059 0 7 5
a 115 747 0 25 7
a 118 331 0 7 2
a 118 1944 0 47 6
a 119 1301 0 7 7
a 119 1812 0 23 5
a 120 698 0 7 1
a 120 1733 0 22 6
a 121 1697 0 7 1
a 121 935 0 38 1
a 126 1772 0 7 7
a 126 661 0 35 6
a 128 1947 0 7 7
a 128 550 0 43 1
a 129 922 0 7 9
a 129 807 0 32 1
a 131 1638 0 7 8
a 131 1272 0 37 5
a 133 1814 0 7 10
a 133 1267 0 43 10
a 134 1498 0 7 5
a 134 214 0 0 3
a 135 1866 0 7 7
a 135 1088 0 30 3
a 136 895 0 7 3
a 136 902 0 22 1
a 137 1025 0 7 8
a 137 810 0 32 5
a 138 892 0 7 3
a 138 548 0 16 8
a 139 710 0 7 10
a 139 330 0 46 6
a 142 636 0 7 9
a 142 334 0 13 4
a 145 870 0 7 5
a 145 765 0 37 2
a 147 250 0 7 10
a 147 1191 0 14 1
a 151 1839 0 7 4
a 151 950 0 29 4
a 152 190 0 7 8
a 152 1558 0 29 10
a 155 1973 0 7 10
a 155 1022 0 35 5
a 158 520 0 7 5
a 158 358 0 45 6
a 159 326 0 7 1
a 159 1296 0 18 6
a 161 860 0 7 8
a 161 528 0 20 6
a 162 1817 0 7 7
a 162 1262 0 15 4
a 163 429 0 7 9
a 163 612 0 42 2
a 164 1450 0 7 4
a 164 1904 0 19 7
a 165 1425 0 7 3
a 165 1586 0 20 9
a 166 610 0 7 2
a 166 687 0 6 10
a 169 131 0 7 6
a 169 674 0 16 9
a 170 753 0 7 7
a 170 116 0 19 3
a 171 734 0 7 9
a 171 1072 0 47 2
a 174 865 0 7 7
a 174 789 0 45 10
a 177 492 0 7 10
a 177 1367 0 33 2
a 179 247 0 7 7
a 179 594 0 17 2
a 181 225 0 7 9
a 181 1017 0 45 8
a 184 135 0 7 4
a 184 752 0 16 10
a 185 400 0 7 10
a 185 1875 0 43 3
a 186 1062 0 7 6
a 186 638 0 8 10
a 187 195 0 7 1
a 187 550 0 38 1
a 188 468 0 7 2
a 188 1706 0 24 10
a 190 1420 0 7 7
a 190 814 0 11 5
a 191 1517 0 7 9
a 191 1883 0 15 6
a 193 1639 0 7 8
a 193 1627 0 46 3
a 194 1767 0 7 3
a 194 1819 0 37 1
a 195 1463 0 7 7
a 195 590 0 43 10
a 202 652 0 7 10
a 202 1255 0 28 2
a 203 1810 0 7 3
a 203 823 0 29 7
a 206 1314 0 7 1
a 206 1187 0 47 6
a 207 1046 0 7 9
a 207 1612 0 35 9
a 208 561 0 7 8
a 208 1543 0 26 6
a 211 5 0 7 4
a 211 1358 0 45 9
a 212 369 0 7 7
a 212 1826 0 9 6
a 215 381 0 7 7
a 215 957 0 22 10
a 216 1291 0 7 5
a 216 752 0 2 2
a 217 418 0 7 7
a 217 139 0 32 4
a 218 729 0 7 9
a 218 324 0 49 4
a 219 1612 0 7 6
a 219 256 0 30 8
a 225 3 0 7 9
a 225 1384 0 48 4
a 229 1755 0 7 7
a 229 1076 0 40 8
a 232 692 0 7 2
a 232 1820 0 42 3
a 234 1756 0 7 4
a 234 149 0 4 5
a 237 737 0 7 7
a 237 802 0 40 3
a 238 352 0 7 4
a 238 1691 0 2 3
a 240 1979 0 7 2
a 240 1893 0 43 8
a 241 1731 0 7 9
a 241 1174 0 34 7
a 243 1640 0 7 8
a 243 1993 0 22 5
a 244 846 0 7 6
a 244 145 0 19 5
a 247 1924 0 7 9
a 247 848 0 13 4
a 248 1695 0 7 3
a 248 1343 0 16 2
a 249 632 0 7 10
a 249 1844 0 48 10
a 250 985 0 7 10
a 250 905 0 2 1
a 252 282 0 7 6
a 252 799 0 11 1
a 254 1447 0 7 6
a 254 1117 0 26 8
a 257 67 0 7 8
a 257 1197 0 0 5
a 260 1342 0 7 6
a 260 1504 0 16 5
a 261 420 0 7 1
a 261 119 0 6 2
a 264 655 0 7 9
a 264 149 0 14 5
a 265 1975 0 7 7
a 265 1323 0 38 7
a 266 1130 0 7 9
a 266 1025 0 28 4
a 267 254 0 7 10
a 267 1685 0 9 10
a 268 185 0 7 4
a 268 951 0 20 7
a 271 366 0 7 5
a 271 1032 0 1 4
a 273 1723 0 7 2
a 273 1859 0 44 6
a 274 434 0 7 1
a 274 1641 0 50 3
a 278 648 0 7 8
a 278 1868 0 21 3
a 279 810 0 7 6
a 279 465 0 26 4
a 280 661 0 7 4
a 280 667 0 25 1
a 282 219 0 7 8
a 282 1558 0 45 3
a 283 567 0 7 5
a 283 239 0 25 6
a 284 151 0 7 4
a 284 1003 0 30 9
a 286 1556 0 7 3
a 286 123 0 38 6
a 290 599 0 7 9
a 290 1579 0 34 10
a 293 1790 0 7 6
a 293 1835 0 14 5
a 294 1843 0 7 10
a 294 1963 0 9 4
a 295 773 0 7 6
a 295 79 0 25 7
a 298 1262 0 7 4
a 298 1636 0 46 4
a 300 1362 0 7 7
a 300 1581 0 8 8
a 301 1574 0 7 6
a 301 381 0 46 9
a 303 1659 0 7 10
a 303 344 0 47 6
a 306 1401 0 7 10
a 306 1463 0 29 7
a 309 672 0 7 1
a 309 1572 0 13 4
a 312 68 0 7 6
a 312 777 0 36 1
a 321 1614 0 7 2
a 321 815 0 49 1
a 324 1190 0 7 4
a 324 1607 0 33 9
a 326 1567 0 7 8
a 326 725 0 11 8
a 329 1892 0 7 5
a 329 1371 0 43 3
a 331 1908 0 7 8
a 331 405 0 25 1
a 333 396 0 7 8
a 333 472 0 32 3
a 335 1510 0 7 5
a 335 1505 0 23 7
a 336 519 0 7 9
a 336 982 0 14 6
a 337 339 0 7 7
a 337 70 0 11 6
a 339 791 0 7 1
a 339 7 0 23 7
a 341 85 0 7 6
a 341 1268 0 25 6
a 343 495 0 7 10
a 343 116 0 28 3
a 348 1459 0 7 3
a 348 1328 0 9 2
a 349 139 0 7 5
a 349 1254 0 9 6
a 352 187 0 7 8
a 352 1581 0 30 8
a 358 1029 0 7 9
a 358 1785 0 4 4
a 360 1022 0 7 10
a 360 1225 0 44 8
a 364 1400 0 7 7
a 364 261 0 2 9
a 365 1305 0 7 2
a 365 1270 0 19 7
a 366 676 0 7 7
a 366 1838 0 10 2
a 367 261 0 7 9
a 367 341 0 29 10
a 369 1721 0 7 6
a 369 834 0 4 8
a 372 1602 0 7 6
a 372 131 0 47 3
a 374 267 0 7 8
a 374 1903 0 11 4
a 375 1650 0 7 7
a 375 1352 0 7 3
a 378 817 0 7 8
a 378 1545 0 10 4
a 380 618 0 7 2
a 380 1990 0 50 6
a 381 336 0 7 8
a 381 1094 0 17 7
a 392 120 0 7 9
a 392 817 0 33 10
a 393 883 0 7 7
a 393 1574 0 0 9
a 394 667 0 7 4
a 394 1570 0 2 6
a 396 1824 0 7 10
a 396 1196 0 4 3
a 397 59 0 7 8
a 397 15 0 17 4
a 398 1107 0 7 9
a 398 209 0 19 2
a 399 1179 0 7 6
a 399 1120 0 6 9
a 400 1082 0 7 6
a 400 163 0 13 10
a 404 902 0 7 2
a 404 1689 0 19 3
a 405 999 0 7 5
a 405 744 0 15 10
a 408 164 0 7 1
a 408 1818 0 15 8
a 410 506 0 7 4
a 410 913 0 41 8
a 412 995 0 7 7
a 412 785 0 8 6
a 413 1620 0 7 5
a 413 110 0 35 6
a 415 202 0 7 5
a 415 540 0 13 8
a 417 1031 0 7 6
a 417 679 0 29 1
a 418 942 0 7 8
a 418 741 0 46 4
a 420 1647 0 7 9
a 420 1229 0 28 1
a 421 23 0 7 6
a 421 1304 0 5 1
a 422 1231 0 7 8
a 422 1859 0 11 5
a 425 607 0 7 10
a 425 727 0 23 10
a 426 1494 0 7 3
a 426 831 0 39 9
a 429 858 0 7 4
a 429 695 0 17 1
a 430 208 0 7 6
a 430 1262 0 41 9
a 431 600 0 7 7
a 431 107 0 31 1
a 432 280 0 7 10
a 432 1890 0 27 1
a 434 1667 0 7 9
a 434 793 0 45 1
a 435 1392 0 7 8
a 435 300 0 11 10
a 437 1219 0 7 10
a 437 833 0 24 3
a 438 118 0 7 3
a 438 1145 0 8 5
a 440 1701 0 7 10
a 440 829 0 36 9
a 441 471 0 7 3
a 441 3 0 17 5
a 442 1911 0 7 1
a 442 752 0 17 3
a 443 559 0 7 1
a 443 855 0 22 7
a 444 679 0 7 3
a 444 1521 0 20 1
a 445 1668 0 7 3
a 445 233 0 33 1
a 446 744 0 7 8
a 446 879 0 5 4
a 448 1256 0 7 1
a 448 96 0 36 4
a 449 1044 0 7 3
a 449 790 0 38 2
a 453 1040 0 7 2
a 453 1256 0 3 6
a 458 666 0 7 10
a 458 1942 0 46 9
a 460 290 0 7 8
a 460 1404 0 22 9
a 464 283 0 7 1
a 464 1561 0 43 8
a 465 1214 0 7 6
a 465 591 0 10 7
a 466 1699 0 7 1
a 466 568 0 49 2
a 467 337 0 7 1
a 467 1659 0 5 1
a 468 900 0 7 8
a 468 745 0 0 7
a 469 1654 0 7 10
a 469 1061 0 49 3
a 470 759 0 7 10
a 470 1699 0 1 8
a 471 776 0 7 9
a 471 676 0 10 4
a 473 1535 0 7 5
a 473 417 0 30 4
a 474 10 0 7 9
a 474 1780 0 36 3
a 476 1483 0 7 4
a 476 1481 0 12 1
a 477 1685 0 7 4
a 477 678 0 23 9
a 480 743 0 7 2
a 480 452 0 18 3
a 483 535 0 7 6
a 483 740 0 45 4
a 485 690 0 7 4
a 485 1248 0 1 10
a 486 548 0 7 7
a 486 55 0 12 1
a 487 203 0 7 1
a 487 677 0 35 7
a 489 174 0 7 3
a 489 1307 0 33 4
a 491 552 0 7 5
a 491 1727 0 0 7
a 492 1404 0 7 7
a 492 418 0 12 10
a 493 1047 0 7 4
a 493 1132 0 26 2
a 494 465 0 7 8
a 494 1274 0 19 8
a 495 1413 0 7 4
a 495 220 0 37 8
a 496 592 0 7 7
a 496 465 0 31 2
a 497 58 0 7 8
a 497 1681 0 10 3
a 501 712 0 7 3
a 501 185 0 1 10
a 503 445 0 7 8
a 503 1820 0 5 2
a 504 1914 0 7 1
a 504 267 0 20 4
a 506 1632 0 7 6
a 506 712 0 26 7
a 507 842 0 7 10
a 507 640 0 37 2
a 509 1424 0 7 2
a 509 411 0 27 7
a 510 764 0 7 8
a 510 1863 0 20 3
a 511 518 0 7 2
a 511 1618 0 40 8
a 512 621 0 7 8
a 512 1467 0 3 5
a 513 792 0 7 1
a 513 1769 0 40 8
a 515 577 0 7 5
a 515 1181 0 28 2
a 516 940 0 7 5
a 516 1362 0 14 6
a 518 1598 0 7 1
a 518 96 0 0 4
a 519 1456 0 7 2
a 519 1730 0 41 2
a 520 714 0 7 10
a 520 244 0 28 5
a 521 1017 0 7 7
a 521 1231 0 45 8
a 523 1320 0 7 7
a 523 1345 0 44 5
a 525 1350 0 7 8
a 525 1251 0 44 6
a 526 1910 0 7 4
a 526 879 0 6 2
a 529 1791 0 7 4
a 529 1222 0 0 3
a 530 1191 0 7 4
a 530 1034 0 22 6
a 534 349 0 7 3
a 534 432 0 37 4
a 535 1916 0 7 5
a 535 459 0 16 6
a 537 718 0 7 7
a 537 1386 0 47 4
a 538 1922 0 7 3
a 538 1260 0 41 9
a 543 1704 0 7 4
a 543 1359 0 50 5
a 544 1677 0 7 5
a 544 446 0 47 2
a 545 121 0 7 7
a 545 328 0 39 5
a 548 1550 0 7 2
a 548 417 0 46 2
a 552 1132 0 7 4
a 552 1454 0 45 9
a 554 1528 0 7 10
a 554 408 0 4 9
a 555 958 0 7 8
a 555 91 0 13 10
a 557 1898 0 7 4
a 557 404 0 28 8
a 559 1480 0 7 7
a 559 1318 0 14 3
a 561 1734 0 7 7
a 561 1453 0 35 5
a 562 1530 0 7 1
a 562 1060 0 45 5
a 563 1599 0 7 7
a 563 1701 0 29 4
a 564 504 0 7 2
a 564 134 0 34 4
a 566 1389 0 7 8
a 566 67 0 46 6
a 567 1879 0 7 6
a 567 799 0 15 5
a 571 493 0 7 1
a 571 1503 0 39 5
a 572 449 0 7 1
a 572 215 0 31 10
a 574 1290 0 7 9
a 574 1288 0 45 8
a 576 53 0 7 8
a 576 1362 0 23 9
a 577 688 0 7 8
a 577 1694 0 44 5
a 579 1433 0 7 9
a 579 451 0 49 2
a 581 1786 0 7 10
a 581 1337 0 32 2
a 582 934 0 7 5
a 582 259 0 18 4
a 583 1460 0 7 4
a 583 1380 0 8 10
a 584 1080 0 7 4
a 584 1208 0 19 4
a 589 901 0 7 3
a 589 950 0 30 1
a 590 1008 0 7 2
a 590 96 0 19 2
a 591 469 0 7 7
a 591 283 0 42 6
a 592 1890 0 7 4
a 592 1871 0 37 2
a 593 1318 0 7 10
a 593 647 0 17 2
a 596 538 0 7 2
a 596 1435 0 0 7
a 598 1261 0 7 3
a 598 456 0 28 5
a 599 105 0 7 9
a 599 1875 0 5 9
a 600 1313 0 7 2
a 600 881 0 19 5
a 605 1549 0 7 9
a 605 54 0 17 8
a 607 458 0 7 2
a 607 566 0 42 9
a 610 1587 0 7 6
a 610 1809 0 13 3
a 614 1004 0 7 8
a 614 322 0 4 1
a 618 1578 0 7 9
a 618 134 0 7 8
a 621 976 0 7 1
a 621 73 0 46 2
a 623 1266 0 7 7
a 623 1431 0 12 7
a 625 766 0 7 5
a 625 1254 0 10 7
a 627 584 0 7 10
a 627 639 0 49 1
a 629 1111 0 7 2
a 629 365 0 28 3
a 632 444 0 7 7
a 632 1142 0 31 10
a 636 1207 0 7 3
a 636 1267 0 42 10
a 638 739 0 7 8
a 638 1529 0 37 7
a 639 207 0 7 1
a 639 1596 0 44 9
a 641 526 0 7 1
a 641 1516 0 37 9
a 642 980 0 7 9
a 642 1302 0 21 6
a 643 1323 0 7 7
a 643 1501 0 7 9
a 645 1625 0 7 10
a 645 739 0 1 4
a 647 1789 0 7 6
a 647 570 0 48 1
a 648 477 0 7 3
a 648 1235 0 16 2
a 652 972 0 7 2
a 652 1510 0 14 8
a 654 1264 0 7 8
a 654 1572 0 1 5
a 655 16 0 7 4
a 655 1664 0 46 7
a 658 1274 0 7 8
a 658 1994 0 40 6
a 659 1895 0 7 8
a 659 752 0 13 1
a 660 265 0 7 10
a 660 810 0 33 8
a 661 903 0 7 9
a 661 203 0 48 1
a 662 1971 0 7 4
a 662 115 0 13 4
a 664 700 0 7 4
a 664 74 0 39 6
a 666 1713 0 7 1
a 666 803 0 38 6
a 667 106 0 7 6
a 667 359 0 2 4
a 669 1777 0 7 6
a 669 1850 0 48 10
a 671 919 0 7 8
a 671 378 0 41 9
a 672 1005 0 7 4
a 672 1956 0 1 3
a 676 1681 0 7 9
a 676 1389 0 46 1
a 677 1051 0 7 1
a 677 1304 0 44 7
a 678 1683 0 7 7
a 678 1136 0 0 2
a 679 1056 0 7 7
a 679 1573 0 18 10
a 681 1041 0 7 9
a 681 1370 0 16 6
a 682 967 0 7 5
a 682 1388 0 50 7
a 685 1018 0 7 10
a 685 194 0 50 3
a 687 1394 0 7 2
a 687 44 0 10 7
a 688 1894 0 7 3
a 688 1420 0 42 6
a 689 1034 0 7 8
a 689 1879 0 26 1
a 690 306 0 7 5
a 690 1170 0 22 2
a 691 248 0 7 10
a 691 989 0 1 5
a 692 1958 0 7 5
a 692 1601 0 39 4
a 694 1949 0 7 4
a 694 1566 0 9 7
a 697 647 0 7 5
a 697 240 0 24 10
a 698 530 0 7 6
a 698 684 0 50 6
a 700 1465 0 7 6
a 700 1435 0 44 3
a 702 523 0 7 6
a 702 1008 0 15 3
a 703 25 0 7 1
a 703 433 0 19 4
a 707 1950 0 7 1
a 707 1683 0 9 4
a 708 1134 0 7 6
a 708 127 0 33 1
a 709 978 0 7 5
a 709 1396 0 30 7
a 710 1037 0 7 6
a 710 588 0 27 2
a 712 848 0 7 7
a 712 1840 0 36 2
a 713 707 0 7 3
a 713 1029 0 40 5
a 714 1918 0 7 5
a 714 1913 0 27 9
a 718 412 0 7 4
a 718 253 0 13 1
a 720 405 0 7 10
a 720 573 0 18 1
a 723 671 0 7 10
a 723 358 0 39 6
a 724 1589 0 7 7
a 724 143 0 5 4
a 725 576 0 7 6
a 725 1117 0 30 7
a 727 1326 0 7 5
a 727 1484 0 50 8
a 729 966 0 7 4
a 729 25 0 35 1
a 734 702 0 7 9
a 734 553 0 20 2
a 736 480 0 7 2
a 736 775 0 45 4
a 737 119 0 7 3
a 737 1892 0 15 1
a 738 1053 0 7 3
a 738 611 0 14 1
a 739 497 0 7 1
a 739 73 0 12 1
a 741 485 0 7 9
a 741 456 0 7 3
a 742 1815 0 7 5
a 742 1423 0 13 2
a 743 1473 0 7 1
a 743 1811 0 9 7
a 744 1187 0 7 9
a 744 1592 0 35 2
a 747 840 0 7 4
a 747 1765 0 26 1
a 751 1718 0 7 7
a 751 1930 0 17 1
a 752 795 0 7 2
a 752 1405 0 31 4
a 753 375 0 7 10
a 753 1184 0 8 9
a 754 605 0 7 9
a 754 1374 0 9 3
a 756 284 0 7 1
a 756 221 0 47 2
a 758 1188 0 7 6
a 758 1532 0 10 7
a 759 1038 0 7 1
a 759 151 0 19 8
a 764 1127 0 7 2
a 764 608 0 18 10
a 765 805 0 7 3
a 765 631 0 8 9
a 766 378 0 7 6
a 766 1300 0 16 9
a 770 1796 0 7 5
a 770 1873 0 13 2
a 772 859 0 7 7
a 772 1253 0 11 1
a 773 1555 0 7 9
a 773 1779 0 8 5
a 774 1653 0 7 1
a 774 854 0 14 4
a 775 1948 0 7 6
a 775 1776 0 22 2
a 776 1848 0 7 10
a 776 45 0 15 6
a 777 1369 0 7 2
a 777 431 0 37 5
a 778 1974 0 7 9
a 778 409 0 17 1
a 779 1273 0 7 4
a 779 216 0 24 10
a 781 137 0 7 9
a 781 414 0 27 6
a 782 1176 0 7 6
a 782 215 0 46 9
a 783 435 0 7 3
a 783 318 0 15 7
a 785 557 0 7 9
a 785 1742 0 3 8
a 786 658 0 7 3
a 786 868 0 16 3
a 788 1298 0 7 10
a 788 859 0 46 10
a 791 1934 0 7 5
a 791 944 0 15 1
a 792 45 0 7 8
a 792 105 0 36 10
a 794 398 0 7 5
a 794 1177 0 39 1
a 795 415 0 7 1
a 795 712 0 47 6
a 797 1720 0 7 7
a 797 1827 0 1 2
a 799 1702 0 7 2
a 799 1752 0 35 2
a 803 186 0 7 10
a 803 1726 0 41 4
a 805 691 0 7 4
a 805 1457 0 31 7
a 807 1454 0 7 9
a 807 622 0 5 2
a 808 159 0 7 7
a 808 1298 0 31 10
a 810 1481 0 7 7
a 810 1786 0 24 6
a 814 1963 0 7 7
a 814 1220 0 1 6
a 817 952 0 7 4
a 817 1869 0 9 1
a 819 751 0 7 6
a 819 1639 0 14 8
a 821 489 0 7 3
a 821 1143 0 18 3
a 823 44 0 7 9
a 823 388 0 50 7
a 827 494 0 7 8
a 827 937 0 13 8
a 830 1838 0 7 3
a 830 105 0 45 1
a 832 404 0 7 2
a 832 495 0 31 4
a 834 589 0 7 10
a 834 1183 0 0 6
a 836 1054 0 7 1
a 836 1871 0 13 4
a 840 274 0 7 3
a 840 474 0 23 7
a 842 511 0 7 7
a 842 673 0 25 1
a 846 1982 0 7 5
a 846 141 0 42 8
a 848 1039 0 7 5
a 848 801 0 47 8
a 850 1205 0 7 3
a 850 1840 0 24 4
a 857 923 0 7 8
a 857 1765 0 29 6
a 858 643 0 7 9
a 858 1732 0 33 5
a 859 1585 0 7 7
a 859 1006 0 16 8
a 860 783 0 7 2
a 860 1526 0 34 5
a 864 1690 0 7 7
a 864 1415 0 50 10
a 865 1098 0 7 7
a 865 311 0 27 9
a 867 515 0 7 6
a 867 1872 0 31 4
a 868 184 0 7 6
a 868 1476 0 25 8
a 869 75 0 7 3
a 869 562 0 13 7
a 870 99 0 7 4
a 870 483 0 38 8
a 871 799 0 7 4
a 871 251 0 8 3
a 874 687 0 7 4
a 874 1625 0 44 10
a 878 446 0 7 1
a 878 960 0 3 8
a 880 1553 0 7 10
a 880 1454 0 13 5
a 883 1856 0 7 4
a 883 1068 0 28 6
a 885 244 0 7 9
a 885 863 0 2 7
a 890 1740 0 7 9
a 890 505 0 4 8
a 892 924 0 7 5
a 892 1520 0 0 3
a 894 1663 0 7 5
a 894 265 0 28 3
a 895 885 0 7 5
a 895 969 0 10 6
a 899 1077 0 7 1
a 899 1115 0 13 9
a 900 1818 0 7 1
a 900 1456 0 10 7
a 901 775 0 7 2
a 901 1429 0 15 3
a 902 496 0 7 4
a 902 1410 0 23 5
a 903 516 0 7 4
a 903 1020 0 13 5
a 910 1605 0 7 6
a 910 989 0 23 9
a 911 1764 0 7 3
a 911 570 0 3 4
a 912 133 0 7 10
a 912 1718 0 44 7
a 915 1333 0 7 2
a 915 1764 0 36 6
a 916 572 0 7 9
a 916 547 0 8 5
a 917 426 0 7 10
a 917 1427 0 0 8
a 918 241 0 7 1
a 918 1677 0 43 5
a 919 170 0 7 3
a 919 443 0 37 2
a 922 1032 0 7 5
a 922 410 0 24 1
a 923 1981 0 7 8
a 923 256 0 19 7
a 924 93 0 7 7
a 924 1797 0 12 3
a 925 1402 0 7 6
a 925 1807 0 36 5
a 928 1448 0 7 10
a 928 670 0 22 8
a 934 1417 0 7 1
a 934 377 0 32 6
a 936 1180 0 7 4
a 936 1024 0 27 9
a 937 295 0 7 6
a 937 3 0 4 6
a 940 623 0 7 8
a 940 1634 0 41 1
a 941 61 0 7 7
a 941 366 0 11 2
a 942 443 0 7 2
a 942 1932 0 38 1
a 943 1150 0 7 2
a 943 280 0 47 6
a 946 937 0 7 9
a 946 507 0 47 4
a 947 742 0 7 6
a 947 1514 0 10 3
a 948 1651 0 7 8
a 948 387 0 15 7
a 952 1515 0 7 7
a 952 1712 0 42 1
a 954 399 0 7 7
a 954 836 0 12 5
a 955 1737 0 7 6
a 955 162 0 15 7
a 958 1802 0 7 5
a 958 1085 0 20 6
a 959 191 0 7 7
a 959 1968 0 6 7
a 963 1300 0 7 10
a 963 373 0 11 6
a 964 422 0 7 7
a 964 324 0 37 4
a 966 15 0 7 4
a 966 237 0 37 3
a 967 1514 0 7 4
a 967 1905 0 29 6
a 972 1371 0 7 6
a 972 733 0 38 1
a 976 22 0 7 7
a 976 1255 0 45 5
a 978 1142 0 7 1
a 978 1566 0 26 5
a 980 1577 0 7 4
a 980 494 0 45 10
a 981 525 0 7 4
a 981 1677 0 28 1
a 982 899 0 7 10
a 982 363 0 23 7
a 985 129 0 7 8
a 985 438 0 10 6
a 986 1983 0 7 9
a 986 1141 0 19 8
a 991 1541 0 7 6
a 991 1901 0 10 1
a 992 915 0 7 4
a 992 315 0 15 3
a 994 779 0 7 9
a 994 441 0 10 5
a 995 1664 0 7 3
a 995 1986 0 8 5
a 997 1246 0 7 4
a 997 50 0 14 10
a 998 1853 0 7 3
a 998 103 0 15 10
a 999 1455 0 7 7
a 999 874 0 20 2
a 1004 425 0 7 10
a 1004 1405 0 8 8
a 1005 181 0 7 5
a 1005 88 0 15 4
a 1006 814 0 7 2
a 1006 234 0 28 5
a 1007 1726 0 7 8
a 1007 1274 0 20 10
a 1008 142 0 7 1
a 1008 1265 0 41 1
a 1009 448 0 7 8
a 1009 115 0 49 10
a 1012 1184 0 7 1
a 1012 624 0 20 10
a 1013 11 0 7 7
a 1013 1720 0 16 2
a 1014 959 0 7 4
a 1014 58 0 50 2
a 1016 703 0 7 8
a 1016 1704 0 13 1
a 1017 1728 0 7 2
a 1017 211 0 44 10
a 1018 821 0 7 7
a 1018 614 0 26 6
a 1022 1525 0 7 3
a 1022 1734 0 37 10
a 1024 864 0 7 10
a 1024 1596 0 15 2
a 1025 1844 0 7 5
a 1025 1497 0 16 4
a 1029 343 0 7 1
a 1029 1250 0 37 6
a 1031 460 0 7 3
a 1031 1433 0 31 8
a 1032 807 0 7 2
a 1032 670 0 24 3
a 1034 1835 0 7 4
a 1034 814 0 6 1
a 1037 925 0 7 4
a 1037 1681 0 43 3
a 1038 1129 0 7 5
a 1038 488 0 17 7
a 1039 1443 0 7 9
a 1039 439 0 28 5
a 1040 1545 0 7 6
a 1040 193 0 38 4
a 1041 591 0 7 3
a 1041 377 0 39 1
a 1044 1506 0 7 9
a 1044 1496 0 42 3
a 1046 1414 0 7 3
a 1046 845 0 49 7
a 1047 1170 0 7 1
a 1047 531 0 26 1
a 1049 441 0 7 10
a 1049 1459 0 33 1
a 1051 727 0 7 1
a 1051 1275 0 48 1
a 1053 1104 0 7 2
a 1053 389 0 36 6
a 1054 1648 0 7 4
a 1054 732 0 24 7
a 1056 660 0 7 1
a 1056 462 0 16 6
a 1059 4 0 7 10
a 1059 1578 0 36 6
a 1061 1847 0 7 8
a 1061 611 0 12 1
a 1062 1009 0 7 6
a 1062 1943 0 48 10
a 1073 1709 0 7 10
a 1073 238 0 30 6
a 1074 324 0 7 8
a 1074 600 0 5 3
a 1077 1073 0 7 6
a 1077 1538 0 16 7
a 1078 1880 0 7 6
a 1078 126 0 46 2
a 1080 1265 0 7 5
a 1080 1506 0 14 9
a 1082 487 0 7 10
a 1082 1068 0 11 2
a 1083 910 0 7 1
a 1083 1516 0 20 4
a 1084 1792 0 7 4
a 1084 685 0 44 6
a 1091 1230 0 7 1
a 1091 1747 0 24 10
a 1093 1590 0 7 1
a 1093 399 0 6 8
a 1098 271 0 7 5
a 1098 1834 0 15 2
a 1099 808 0 7 8
a 1099 1585 0 24 9
a 1104 1106 0 7 10
a 1104 1011 0 20 7
a 1106 1883 0 7 2
a 1106 101 0 28 8
a 1107 1147 0 7 7
a 1107 193 0 34 3
a 1108 466 0 7 6
a 1108 1238 0 7 2
a 1110 1741 0 7 6
a 1110 56 0 27 7
a 1111 266 0 7 4
a 1111 919 0 47 10
a 1113 991 0 7 10
a 1113 506 0 48 3
a 1119 1867 0 7 7
a 1119 727 0 36 3
a 1122 563 0 7 8
a 1122 1728 0 44 1
a 1124 397 0 7 6
a 1124 1953 0 48 6
a 1127 894 0 7 4
a 1127 477 0 11 3
a 1128 1428 0 7 7
a 1128 1042 0 21 10
a 1129 1281 0 7 7
a 1129 38 0 10 5
a 1130 941 0 7 6
a 1130 190 0 14 1
a 1132 747 0 7 10
a 1132 516 0 9 9
a 1134 1829 0 7 1
a 1134 1895 0 21 1
a 1137 293 0 7 1
a 1137 359 0 20 2
a 1138 770 0 7 7
a 1138 1109 0 5 8
a 1140 1520 0 7 4
a 1140 216 0 22 10
a 1142 52 0 7 7
a 1142 169 0 14 7
a 1143 126 0 7 2
a 1143 42 0 6 10
a 1146 1479 0 7 4
a 1146 1501 0 10 4
a 1147 19 0 7 5
a 1147 410 0 15 4
a 1150 1927 0 7 6
a 1150 1589 0 12 4
a 1152 145 0 7 5
a 1152 120 0 47 10
a 1159 1441 0 7 1
a 1159 1134 0 9 3
a 1162 1384 0 7 4
a 1162 350 0 19 2
a 1163 1078 0 7 3
a 1163 1676 0 29 10
a 1165 240 0 7 1
a 1165 1428 0 44 6
a 1167 946 0 7 4
a 1167 669 0 5 8
a 1170 464 0 7 8
a 1170 1418 0 47 10
a 1173 1482 0 7 9
a 1173 1292 0 27 9
a 1176 1418 0 7 1
a 1176 1743 0 19 9
a 1177 720 0 7 2
a 1177 280 0 37 10
a 1179 627 0 7 8
a 1179 1720 0 31 9
a 1180 1197 0 7 3
a 1180 681 0 21 7
a 1184 774 0 7 1
a 1184 714 0 29 5
a 1187 335 0 7 9
a 1187 1433 0 43 6
a 1188 1579 0 7 4
a 1188 410 0 27 6
a 1189 372 0 7 10
a 1189 698 0 21 9
a 1190 659 0 7 6
a 1190 592 0 48 6
a 1191 1138 0 7 9
a 1191 620 0 35 5
a 1192 1678 0 7 8
a 1192 367 0 27 1
a 1194 1735 0 7 10
a 1194 456 0 4 4
a 1196 1617 0 7 1
a 1196 1962 0 47 7
a 1197 529 0 7 7
a 1197 686 0 36 8
a 1198 1552 0 7 2
a 1198 51 0 8 1
a 1205 1382 0 7 2
a 1205 811 0 18 7
a 1206 878 0 7 2
a 1206 1622 0 22 5
a 1207 1874 0 7 6
a 1207 136 0 28 9
a 1208 1512 0 7 10
a 1208 844 0 13 5
a 1214 467 0 7 7
a 1214 986 0 15 6
a 1219 1680 0 7 3
a 1219 1396 0 21 1
a 1220 1959 0 7 7
a 1220 380 0 44 10
a 1221 1542 0 7 3
a 1221 1581 0 25 5
a 1225 590 0 7 10
a 1225 415 0 49 4
a 1226 1832 0 7 5
a 1226 1075 0 8 10
a 1229 1851 0 7 7
a 1229 735 0 31 3
a 1230 1177 0 7 3
a 1230 103 0 41 3
a 1231 360 0 7 2
a 1231 1577 0 2 7
a 1246 1152 0 7 10
a 1246 1865 0 27 8
a 1250 1705 0 7 3
a 1250 1707 0 13 6
a 1251 998 0 7 6
a 1251 809 0 23 2
a 1254 782 0 7 10
a 1254 477 0 13 2
a 1256 678 0 7 9
a 1256 1801 0 8 8
a 1261 911 0 7 7
a 1261 440 0 9 6
a 1262 1631 0 7 4
a 1262 1427 0 36 2
a 1263 24 0 7 8
a 1263 611 0 8 7
a 1264 92 0 7 10
a 1264 752 0 40 6
a 1265 593 0 7 3
a 1265 801 0 31 9
a 1266 1960 0 7 1
a 1266 1645 0 39 3
a 1270 869 0 7 2
a 1270 1569 0 31 1
a 1271 36 0 7 1
a 1271 1439 0 25 2
a 1273 294 0 7 8
a 1273 1239 0 41 3
a 1274 1945 0 7 6
a 1274 844 0 34 9
a 1277 544 0 7 2
a 1277 998 0 1 10
a 1281 165 0 7 1
a 1281 1241 0 20 4
a 1287 1331 0 7 1
a 1287 202 0 34 10
a 1289 1765 0 7 7
a 1289 1218 0 24 9
a 1290 579 0 7 8
a 1290 1607 0 46 9
a 1291 778 0 7 9
a 1291 450 0 25 3
a 1294 1869 0 7 6
a 1294 1818 0 23 2
a 1295 1436 0 7 7
a 1295 588 0 36 10
a 1298 1254 0 7 7
a 1298 37 0 14 3
a 1299 260 0 7 1
a 1299 466 0 48 4
a 1300 358 0 7 8
a 1300 516 0 28 1
a 1301 1347 0 7 9
a 1301 265 0 19 10
a 1304 797 0 7 9
a 1304 840 0 50 5
a 1305 193 0 7 7
a 1305 1290 0 31 10
a 1307 1263 0 7 2
a 1307 1992 0 11 7
a 1308 682 0 7 1
a 1308 1819 0 9 10
a 1310 834 0 7 10
a 1310 1116 0 4 9
a 1313 645 0 7 1
a 1313 487 0 50 7
a 1314 697 0 7 9
a 1314 467 0 19 5
a 1315 1391 0 7 4
a 1315 650 0 48 4
a 1318 1478 0 7 2
a 1318 1700 0 42 8
a 1320 1221 0 7 10
a 1320 1629 0 7 9
a 1321 38 0 7 4
a 1321 1874 0 30 7
a 1323 1250 0 7 5
a 1323 886 0 17 10
a 1326 1748 0 7 5
a 1326 1521 0 18 2
a 1327 1763 0 7 6
a 1327 27 0 18 2
a 1328 912 0 7 8
a 1328 934 0 41 9
a 1331 1146 0 7 4
a 1331 1777 0 39 6
a 1333 1336 0 7 10
a 1333 1472 0 26 2
a 1336 1917 0 7 7
a 1336 902 0 19 10
a 1337 216 0 7 8
a 1337 1172 0 45 3
a 1342 410 0 7 2
a 1342 1326 0 43 10
a 1343 17 0 7 6
a 1343 1921 0 28 10
a 1344 738 0 7 9
a 1344 152 0 5 9
a 1345 158 0 7 5
a 1345 215 0 50 2
a 1347 545 0 7 10
a 1347 723 0 37 3
a 1348 1495 0 7 2
a 1348 160 0 18 8
a 1350 1739 0 7 7
a 1350 1140 0 46 5
a 1351 341 0 7 3
a 1351 1805 0 50 1
a 1352 437 0 7 7
a 1352 1899 0 5 10
a 1353 215 0 7 7
a 1353 337 0 2 2
a 1358 513 0 7 9
a 1358 18 0 24 6
a 1359 521 0 7 9
a 1359 700 0 18 5
a 1362 574 0 7 1
a 1362 424 0 22 5
a 1365 329 0 7 4
a 1365 1467 0 41 4
a 1369 194 0 7 4
a 1369 766 0 10 7
a 1371 1750 0 7 4
a 1371 705 0 30 3
a 1372 1692 0 7 7
a 1372 668 0 47 1
a 1374 161 0 7 4
a 1374 1427 0 19 5
a 1375 1896 0 7 6
a 1375 1577 0 35 7
a 1382 662 0 7 3
a 1382 1418 0 0 9
a 1383 1099 0 7 9
a 1383 1792 0 41 2
a 1384 421 0 7 5
a 1384 1275 0 25 2
a 1389 1353 0 7 3
a 1389 1468 0 12 5
a 1391 943 0 7 9
a 1391 594 0 16 8
a 1392 1208 0 7 1
a 1392 1362 0 37 3
a 1394 994 0 7 7
a 1394 945 0 50 5
a 1395 694 0 7 6
a 1395 259 0 36 9
a 1399 1939 0 7 2
a 1399 326 0 4 5
a 1400 1315 0 7 9
a 1400 261 0 5 7
a 1401 273 0 7 9
a 1401 951 0 42 5
a 1402 1563 0 7 10
a 1402 1203 0 12 9
a 1404 1837 0 7 2
a 1404 759 0 12 3
a 1409 1524 0 7 5
a 1409 1405 0 35 9
a 1411 752 0 7 2
a 1411 155 0 37 5
a 1412 1308 0 7 3
a 1412 515 0 6 1
a 1413 1582 0 7 10
a 1413 507 0 44 10
a 1414 964 0 7 5
a 1414 711 0 37 9
a 1417 571 0 7 7
a 1417 1711 0 19 8
a 1418 1762 0 7 1
a 1418 911 0 42 4
a 1420 880 0 7 2
a 1420 754 0 29 8
a 1421 278 0 7 1
a 1421 741 0 48 7
a 1422 857 0 7 10
a 1422 516 0 15 10
a 1423 830 0 7 2
a 1423 16 0 1 5
a 1424 1597 0 7 7
a 1424 559 0 36 2
a 1425 212 0 7 3
a 1425 1531 0 42 5
a 1428 234 0 7 2
a 1428 1632 0 41 8
a 1433 1991 0 7 2
a 1433 1187 0 28 6
a 1436 257 0 7 6
a 1436 748 0 16 9
a 1441 312 0 7 7
a 1441 589 0 31 1
a 1443 301 0 7 1
a 1443 597 0 3 4
a 1447 1782 0 7 2
a 1447 232 0 17 5
a 1448 566 0 7 4
a 1448 18 0 3 2
a 1450 1271 0 7 7
a 1450 1045 0 47 3
a 1452 1935 0 7 6
a 1452 1408 0 33 5
a 1454 1977 0 7 4
a 1454 1935 0 12 3
a 1455 1310 0 7 4
a 1455 1555 0 13 3
a 1456 1780 0 7 10
a 1456 601 0 23 9
a 1459 1128 0 7 5
a 1459 377 0 46 10
a 1460 947 0 7 9
a 1460 1262 0 40 1
a 1461 237 0 7 5
a 1461 914 0 32 5
a 1463 1841 0 7 5
a 1463 21 0 8 9
a 1465 1124 0 7 8
a 1465 572 0 23 10
a 1469 6 0 7 8
a 1469 1805 0 14 2
a 1470 1783 0 7 3
a 1470 1235 0 39 2
a 1473 582 0 7 8
a 1473 743 0 8 4
a 1475 564 0 7 6
a 1475 806 0 37 4
a 1478 1501 0 7 8
a 1478 1990 0 20 6
a 1479 1163 0 7 2
a 1479 1468 0 16 10
a 1480 614 0 7 5
a 1480 744 0 12 3
a 1481 1395 0 7 5
a 1481 1770 0 27 6
a 1482 1014 0 7 4
a 1482 736 0 27 6
a 1483 134 0 7 2
a 1483 338 0 14 7
a 1485 95 0 7 2
a 1485 1566 0 43 9
a 1494 177 0 7 4
a 1494 1265 0 22 9
a 1495 1452 0 7 7
a 1495 433 0 33 6
a 1498 417 0 7 9
a 1498 463 0 32 1
a 1501 69 0 7 2
a 1501 1827 0 11 2
a 1502 364 0 7 6
a 1502 1207 0 46 9
a 1506 1113 0 7 4
a 1506 1571 0 36 2
a 1507 867 0 7 2
a 1507 1727 0 42 5
a 1508 510 0 7 4
a 1508 1412 0 34 5
a 1509 431 0 7 7
a 1509 53 0 10 4
a 1510 1299 0 7 10
a 1510 1165 0 35 2
a 1512 724 0 7 4
a 1512 448 0 50 4
a 1514 333 0 7 7
a 1514 585 0 36 1
a 1515 723 0 7 7
a 1515 396 0 30 9
a 1517 1162 0 7 5
a 1517 954 0 16 5
a 1520 596 0 7 4
a 1520 400 0 44 4
a 1524 928 0 7 10
a 1524 1712 0 3 10
a 1525 1277 0 7 10
a 1525 1115 0 20 2
a 1526 1733 0 7 8
a 1526 1177 0 25 10
a 1528 136 0 7 10
a 1528 1114 0 3 2
a 1530 1108 0 7 1
a 1530 989 0 24 1
a 1531 1007 0 7 9
a 1531 1632 0 15 4
a 1535 1923 0 7 4
a 1535 1798 0 23 5
a 1541 788 0 7 4
a 1541 1621 0 30 9
a 1542 79 0 7 10
a 1542 1238 0 17 7
a 1545 34 0 7 9
a 1545 328 0 39 6
a 1549 1358 0 7 9
a 1549 636 0 32 8
a 1550 1714 0 7 3
a 1550 357 0 14 1
a 1552 1560 0 7 5
a 1552 585 0 19 1
a 1553 66 0 7 8
a 1553 1038 0 9 2
a 1555 1423 0 7 5
a 1555 1472 0 13 5
a 1556 1049 0 7 10
a 1556 1254 0 20 7
a 1559 890 0 7 9
a 1559 1010 0 42 7
a 1560 1944 0 7 8
a 1560 1587 0 17 10
a 1563 1502 0 7 6
a 1563 89 0 24 3
a 1566 1743 0 7 4
a 1566 17 0 40 5
a 1567 84 0 7 10
a 1567 153 0 0 2
a 1568 1830 0 7 6
a 1568 551 0 1 3
a 1574 1884 0 7 8
a 1574 797 0 18 1
a 1577 1995 0 7 3
a 1577 284 0 17 2
a 1578 1287 0 7 4
a 1578 410 0 41 10
a 1579 394 0 7 6
a 1579 98 0 46 2
a 1580 65 0 7 3
a 1580 483 0 17 4
a 1582 1754 0 7 5
a 1582 1551 0 31 6
a 1584 1801 0 7 9
a 1584 1391 0 32 1
a 1585 1700 0 7 3
a 1585 932 0 44 5
a 1587 823 0 7 9
a 1587 1433 0 31 4
a 1589 268 0 7 2
a 1589 1166 0 28 5
a 1590 1359 0 7 9
a 1590 584 0 35 1
a 1593 1337 0 7 10
a 1593 300 0 12 9
a 1597 218 0 7 4
a 1597 1703 0 19 2
a 1598 1321 0 7 8
a 1598 674 0 33 7
a 1599 669 0 7 5
a 1599 1040 0 46 7
a 1602 470 0 7 9
a 1602 1803 0 10 3
a 1605 321 0 7 5
a 1605 141 0 46 7
a 1612 1307 0 7 2
a 1612 904 0 38 9
a 1614 1732 0 7 2
a 1614 128 0 10 2
a 1617 1206 0 7 10
a 1617 1217 0 9 8
a 1618 638 0 7 4
a 1618 1057 0 7 8
a 1620 1808 0 7 7
a 1620 1749 0 0 8
a 1621 1352 0 7 2
a 1621 63 0 17 4
a 1625 115 0 7 8
a 1625 1817 0 9 6
a 1627 1251 0 7 6
a 1627 1097 0 35 1
a 1631 507 0 7 3
a 1631 235 0 1 4
a 1632 1978 0 7 5
a 1632 1104 0 36 5
a 1638 781 0 7 8
a 1638 1923 0 46 10
a 1639 82 0 7 9
a 1639 410 0 36 10
a 1640 42 0 7 8
a 1640 787 0 13 7
a 1643 997 0 7 4
a 1643 110 0 13 7
a 1646 534 0 7 9
a 1646 1434 0 46 8
a 1647 1411 0 7 4
a 1647 54 0 46 2
a 1648 1593 0 7 1
a 1648 1409 0 47 7
a 1650 300 0 7 3
a 1650 1511 0 39 6
a 1651 1475 0 7 1
a 1651 1263 0 0 6
a 1653 1834 0 7 4
a 1653 1997 0 6 4
a 1654 827 0 7 2
a 1654 203 0 15 6
a 1656 1196 0 7 6
a 1656 91 0 14 7
a 1659 1822 0 7 4
a 1659 1737 0 0 9
a 1663 380 0 7 7
a 1663 6 0 12 2
a 1664 709 0 7 10
a 1664 227 0 0 1
a 1667 1682 0 7 10
a 1667 1626 0 19 1
a 1668 432 0 7 6
a 1668 1696 0 13 1
a 1669 1189 0 7 5
a 1669 590 0 21 4
a 1677 303 0 7 8
a 1677 342 0 27 1
a 1678 1646 0 7 2
a 1678 1699 0 1 4
a 1680 1526 0 7 3
a 1680 1873 0 48 9
a 1681 1461 0 7 6
a 1681 891 0 0 6
a 1682 1348 0 7 7
a 1682 1639 0 41 7
a 1683 581 0 7 5
a 1683 452 0 11 8
a 1685 1707 0 7 10
a 1685 1446 0 0 2
a 1686 1566 0 7 5
a 1686 1741 0 44 7
a 1688 713 0 7 2
a 1688 1447 0 20 5
a 1690 1711 0 7 10
a 1690 801 0 29 4
a 1692 736 0 7 2
a 1692 1341 0 44 1
a 1693 1409 0 7 4
a 1693 1666 0 22 10
a 1695 188 0 7 8
a 1695 1339 0 20 3
a 1697 408 0 7 6
a 1697 824 0 43 2
a 1699 754 0 7 6
a 1699 441 0 40 5
a 1700 474 0 7 10
a 1700 1891 0 41 7
a 1701 509 0 7 10
a 1701 1146 0 25 7
a 1702 777 0 7 7
a 1702 229 0 25 2
a 1704 948 0 7 5
a 1704 1812 0 39 1
a 1705 982 0 7 3
a 1705 653 0 3 4
a 1707 217 0 7 1
a 1707 546 0 15 4
a 1709 298 0 7 5
a 1709 1785 0 37 8
a 1711 1909 0 7 7
a 1711 1891 0 26 1
a 1713 1722 0 7 7
a 1713 243 0 24 9
a 1714 819 0 7 7
a 1714 451 0 14 6
a 1715 438 0 7 7
a 1715 305 0 7 9
a 1718 654 0 7 7
a 1718 848 0 15 10
a 1720 677 0 7 9
a 1720 342 0 17 2
a 1721 1024 0 7 2
a 1721 213 0 11 4
a 1722 1836 0 7 5
a 1722 1867 0 24 2
a 1723 309 0 7 2
a 1723 1162 0 5 6
a 1726 1225 0 7 3
a 1726 1529 0 35 6
a 1728 1842 0 7 8
a 1728 1660 0 21 7
a 1731 138 0 7 8
a 1731 1338 0 8 6
a 1732 1074 0 7 3
a 1732 506 0 10 7
a 1733 963 0 7 2
a 1733 1172 0 36 4
a 1734 1962 0 7 8
a 1734 621 0 33 3
a 1735 850 0 7 10
a 1735 1705 0 35 5
a 1737 1469 0 7 9
a 1737 453 0 36 9
a 1738 629 0 7 7
a 1738 1331 0 7 5
a 1739 1289 0 7 5
a 1739 825 0 9 6
a 1740 264 0 7 6
a 1740 1465 0 35 7
a 1741 765 0 7 5
a 1741 1542 0 6 5
a 1743 1294 0 7 5
a 1743 1716 0 15 4
a 1744 1165 0 7 9
a 1744 1144 0 20 1
a 1748 31 0 7 6
a 1748 1441 0 28 5
a 1749 453 0 7 9
a 1749 1648 0 45 6
a 1750 476 0 7 8
a 1750 320 0 46 2
a 1754 1327 0 7 1
a 1754 869 0 44 6
a 1755 1688 0 7 8
a 1755 610 0 50 1
a 1756 512 0 7 10
a 1756 562 0 9 2
a 1760 1173 0 7 8
a 1760 950 0 3 2
a 1762 1374 0 7 10
a 1762 634 0 10 9
a 1763 374 0 7 3
a 1763 1454 0 26 6
a 1764 786 0 7 3
a 1764 345 0 4 7
a 1765 1893 0 7 7
a 1765 988 0 3 9
a 1767 1669 0 7 7
a 1767 21 0 16 9
a 1768 1862 0 7 3
a 1768 506 0 20 6
a 1771 1559 0 7 7
a 1771 7 0 15 4
a 1772 39 0 7 6
a 1772 1515 0 40 1
a 1777 1167 0 7 7
a 1777 588 0 32 10
a 1780 1351 0 7 1
a 1780 1514 0 27 5
a 1782 936 0 7 10
a 1782 1615 0 10 4
a 1783 286 0 7 2
a 1783 624 0 25 3
a 1785 1084 0 7 2
a 1785 1300 0 40 10
a 1786 832 0 7 10
a 1786 187 0 39 8
a 1789 639 0 7 7
a 1789 125 0 11 5
a 1790 1965 0 7 6
a 1790 22 0 12 1
a 1791 238 0 7 5
a 1791 1547 0 38 9
a 1792 1568 0 7 10
a 1792 273 0 25 10
a 1793 992 0 7 9
a 1793 1601 0 1 5
a 1796 1693 0 7 9
a 1796 400 0 36 6
a 1801 1372 0 7 4
a 1801 1068 0 30 4
a 1802 1993 0 7 2
a 1802 627 0 9 4
a 1808 169 0 7 2
a 1808 971 0 13 9
a 1810 1715 0 7 3
a 1810 913 0 41 10
a 1812 1968 0 7 3
a 1812 26 0 37 2
a 1814 32 0 7 5
a 1814 756 0 50 9
a 1815 1229 0 7 9
a 1815 193 0 13 10
a 1817 1344 0 7 1
a 1817 1450 0 34 9
a 1818 641 0 7 9
a 1818 1240 0 14 7
a 1819 1304 0 7 7
a 1819 293 0 21 7
a 1822 1295 0 7 6
a 1822 1307 0 46 5
a 1824 785 0 7 2
a 1824 933 0 7 6
a 1825 1343 0 7 6
a 1825 1480 0 8 4
a 1829 1220 0 7 8
a 1829 1941 0 44 8
a 1830 1985 0 7 2
a 1830 1639 0 3 8
a 1832 14 0 7 7
a 1832 1251 0 26 1
a 1834 1198 0 7 3
a 1834 193 0 42 9
a 1835 1531 0 7 2
a 1835 1648 0 40 2
a 1836 554 0 7 9
a 1836 701 0 11 10
a 1837 147 0 7 4
a 1837 31 0 33 5
a 1838 1091 0 7 5
a 1838 1379 0 28 5
a 1839 491 0 7 8
a 1839 1213 0 35 7
a 1841 868 0 7 10
a 1841 567 0 32 5
a 1842 1760 0 7 6
a 1842 879 0 30 5
a 1843 365 0 7 10
a 1843 855 0 45 2
a 1844 348 0 7 1
a 1844 1774 0 25 7
a 1847 1119 0 7 9
a 1847 263 0 45 5
a 1848 64 0 7 10
a 1848 640 0 19 4
a 1849 986 0 7 6
a 1849 600 0 5 5
a 1851 917 0 7 1
a 1851 1660 0 1 9
a 1853 1507 0 7 8
a 1853 1188 0 50 8
a 1856 1061 0 7 8
a 1856 651 0 11 5
a 1861 1627 0 7 7
a 1861 302 0 9 2
a 1862 9 0 7 1
a 1862 1480 0 10 5
a 1863 689 0 7 3
a 1863 429 0 13 5
a 1866 206 0 7 9
a 1866 144 0 24 8
a 1867 243 0 7 8
a 1867 265 0 7 2
a 1869 1584 0 7 6
a 1869 1881 0 12 4
a 1874 1012 0 7 9
a 1874 1961 0 23 10
a 1879 642 0 7 9
a 1879 489 0 50 3
a 1880 1383 0 7 9
a 1880 694 0 4 8
a 1883 1508 0 7 7
a 1883 1605 0 15 2
a 1884 664 0 7 10
a 1884 954 0 29 2
a 1887 1849 0 7 9
a 1887 1520 0 22 2
a 1890 1328 0 7 5
a 1890 423 0 50 1
a 1892 1825 0 7 7
a 1892 727 0 11 5
a 1893 88 0 7 5
a 1893 791 0 14 3
a 1894 836 0 7 2
a 1894 1104 0 27 8
a 1895 503 0 7 1
a 1895 1128 0 25 10
a 1896 1989 0 7 6
a 1896 1963 0 34 7
a 1898 1768 0 7 4
a 1898 1866 0 47 8
a 1901 486 0 7 4
a 1901 330 0 11 6
a 1908 1744 0 7 10
a 1908 792 0 9 10
a 1909 681 0 7 7
a 1909 1058 0 18 8
a 1910 1771 0 7 8
a 1910 834 0 39 8
a 1911 1093 0 7 1
a 1911 420 0 15 9
a 1914 1159 0 7 10
a 1914 1429 0 2 10
a 1916 367 0 7 9
a 1916 591 0 24 5
a 1917 1863 0 7 1
a 1917 509 0 40 7
a 1918 954 0 7 8
a 1918 1585 0 24 7
a 1922 483 0 7 4
a 1922 1070 0 17 5
a 1923 1618 0 7 8
a 1923 1628 0 47 9
a 1924 81 0 7 7
a 1924 315 0 48 3
a 1927 1509 0 7 8
a 1927 558 0 35 5
a 1931 916 0 7 5
a 1931 1845 0 44 2
a 1933 1270 0 7 7
a 1933 831 0 15 10
a 1934 685 0 7 9
a 1934 1126 0 48 10
a 1935 60 0 7 6
a 1935 865 0 2 9
a 1939 1931 0 7 1
a 1939 1886 0 6 10
a 1943 598 0 7 3
a 1943 1622 0 7 4
a 1944 625 0 7 6
a 1944 458 0 33 1
a 1945 555 0 7 5
a 1945 1490 0 11 1
a 1947 1375 0 7 10
a 1947 1568 0 14 1
a 1948 874 0 7 10
a 1948 646 0 49 2
a 1949 1785 0 7 5
a 1949 1964 0 38 2
a 1950 26 0 7 9
a 1950 265 0 41 3
a 1953 1365 0 7 9
a 1953 289 0 39 3
a 1958 155 0 7 3
a 1958 1928 0 12 8
a 1959 1992 0 7 4
a 1959 183 0 16 4
a 1960 1953 0 7 10
a 1960 185 0 1 1
a 1961 1812 0 7 7
a 1961 1253 0 4 7
a 1962 107 0 7 8
a 1962 577 0 28 2
a 1963 758 0 7 2
a 1963 421 0 7 4
a 1965 1686 0 7 8
a 1965 1977 0 17 8
a 1968 211 0 7 9
a 1968 1543 0 9 10
a 1971 2000 0 7 7
a 1971 442 0 7 2
a 1973 583 0 7 2
a 1973 860 0 46 9
a 1974 981 0 7 4
a 1974 666 0 46 1
a 1975 1422 0 7 10
a 1975 874 0 31 4
a 1977 1738 0 7 1
a 1977 189 0 0 8
a 1978 249 0 7 7
a 1978 71 0 46 3
a 1979 794 0 7 5
a 1979 468 0 7 2
a 1981 229 0 7 9
a 1981 483 0 14 1
a 1982 708 0 7 6
a 1982 199 0 35 6
a 1983 1943 0 7 1
a 1983 1273 0 9 4
a 1985 252 0 7 4
a 1985 1855 0 20 4
a 1988 473 0 7 7
a 1988 1806 0 22 9
a 1989 1819 0 7 6
a 1989 1826 0 35 8
a 1991 918 0 7 3
a 1991 1685 0 21 3
a 1992 1143 0 7 7
a 1992 1117 0 16 9
a 1993 392 0 7 6
a 1993 477 0 10 9
a 1995 1887 0 7 3
a 1995 1257 0 44 5
a 2 1966 0 43 9
a 2 531 0 11 8
a 7 1576 0 43 6
a 7 1930 0 38 8
a 8 1860 0 43 7
a 8 244 0 16 10
a 12 631 0 43 10
a 12 1891 0 18 9
a 18 40 0 43 9
a 18 333 0 14 6
a 20 1181 0 43 5
a 20 407 0 27 8
a 21 1105 0 43 1
a 21 783 0 25 3
a 27 1671 0 43 7
a 27 8 0 33 10
a 28 1015 0 43 9
a 28 1864 0 30 2
a 29 1902 0 43 1
a 29 800 0 13 1
a 30 386 0 43 6
a 30 1908 0 33 1
a 33 1595 0 43 3
a 33 1448 0 28 6
a 35 619 0 43 4
a 35 435 0 19 9
a 37 21 0 43 7
a 37 147 0 27 5
a 40 338 0 43 4
a 40 746 0 44 8
a 41 891 0 43 4
a 41 153 0 5 1
a 43 951 0 43 1
a 43 916 0 36 2
a 46 269 0 43 4
a 46 1611 0 44 7
a 47 1581 0 43 2
a 47 805 0 32 9
a 49 281 0 43 6
a 49 1520 0 22 4
a 50 33 0 43 1
a 50 1006 0 36 4
a 51 1859 0 43 10
a 51 1233 0 32 5
a 54 854 0 43 3
a 54 1727 0 17 1
a 55 62 0 43 5
a 55 1697 0 32 9
a 56 1357 0 43 2
a 56 1222 0 27 5
a 57 201 0 43 4
a 57 1987 0 27 6
a 62 745 0 43 7
a 62 234 0 32 9
a 63 1529 0 43 8
a 63 201 0 29 9
a 70 1533 0 43 5
a 70 626 0 9 6
a 71 419 0 43 8
a 71 486 0 6 3
a 72 711 0 43 4
a 72 895 0 9 4
a 73 334 0 43 3
a 73 583 0 32 8
a 74 1775 0 43 4
a 74 604 0 19 9
a 76 549 0 43 2
a 76 1048 0 15 3
a 77 1636 0 43 8
a 77 1504 0 49 5
a 78 355 0 43 10
a 78 1328 0 30 1
a 80 1904 0 43 6
a 80 1089 0 15 2
a 83 748 0 43 8
a 83 308 0 8 5
a 86 1042 0 43 9
a 86 1599 0 48 4
a 87 55 0 43 4
a 87 799 0 11 2
a 89 214 0 43 6
a 89 675 0 31 7
a 90 1364 0 43 4
a 90 590 0 12 1
a 91 1135 0 43 9
a 91 454 0 33 6
a 94 1970 0 43 4
a 94 214 0 34 5
a 96 622 0 43 6
a 96 1325 0 9 9
a 97 1882 0 43 7
a 97 281 0 49 5
a 98 1637 0 43 6
a 98 1278 0 11 8
a 100 1899 0 43 4
a 100 993 0 12 5
a 101 1244 0 43 1
a 101 637 0 44 9
a 102 968 0 43 9
a 102 1719 0 23 10
a 103 1546 0 43 7
a 103 312 0 50 5
a 104 879 0 43 9
a 104 1758 0 15 4
a 108 416 0 43 6
a 108 1260 0 22 10
a 109 875 0 43 7
a 109 171 0 8 10
a 110 780 0 43 6
a 110 205 0 35 6
a 111 1833 0 43 3
a 111 1628 0 14 4
a 112 1224 0 43 1
a 112 1868 0 19 1
a 113 585 0 43 1
a 113 1713 0 41 9
a 114 1888 0 43 1
a 114 396 0 2 9
a 116 1499 0 43 8
a 116 1867 0 44 4
a 117 291 0 43 7
a 117 1096 0 32 5
a 122 1120 0 43 4
a 122 1783 0 5 5
a 123 760 0 43 1
a 123 1564 0 2 6
a 124 684 0 43 6
a 124 128 0 14 2
a 125 674 0 43 3
a 125 1537 0 19 5
a 127 1117 0 43 10
a 127 1760 0 22 3
a 130 650 0 43 7
a 130 748 0 3 2
a 132 1245 0 43 5
a 132 1327 0 44 3
a 140 1672 0 43 10
a 140 1590 0 37 2
a 141 340 0 43 7
a 141 143 0 47 2
a 143 1410 0 43 6
a 143 456 0 25 10
a 144 1846 0 43 10
a 144 153 0 41 6
a 146 1464 0 43 7
a 146 1120 0 4 10
a 148 1492 0 43 9
a 148 466 0 42 8
a 149 1378 0 43 9
a 149 1433 0 26 10
a 150 847 0 43 8
a 150 630 0 34 5
a 153 1583 0 43 5
a 153 213 0 26 9
a 154 804 0 43 3
a 154 1076 0 1 7
a 156 575 0 43 8
a 156 1340 0 17 9
a 157 1484 0 43 8
a 157 667 0 1 8
a 160 1228 0 43 3
a 160 1317 0 27 9
a 167 235 0 43 3
a 167 99 0 43 2
a 168 1788 0 43 2
a 168 1526 0 14 9
a 172 1926 0 43 4
a 172 1794 0 49 6
a 173 1387 0 43 9
a 173 936 0 23 6
a 175 950 0 43 8
a 175 665 0 41 9
a 176 1316 0 43 8
a 176 1594 0 23 2
a 178 1340 0 43 10
a 178 305 0 18 7
a 180 1575 0 43 9
a 180 1969 0 15 10
a 182 1002 0 43 3
a 182 1636 0 3 2
a 183 849 0 43 4
a 183 964 0 10 9
a 189 305 0 43 1
a 189 1266 0 34 5
a 192 313 0 43 7
a 192 1665 0 46 2
a 196 245 0 43 8
a 196 606 0 6 3
a 197 1272 0 43 9
a 197 464 0 12 2
a 198 1930 0 43 9
a 198 1149 0 49 7
a 199 370 0 43 7
a 199 1434 0 49 4
a 200 815 0 43 4
a 200 535 0 36 8
a 201 385 0 43 6
a 201 1640 0 28 3
a 204 478 0 43 5
a 204 1873 0 28 7
a 205 1471 0 43 1
a 205 382 0 33 3
a 209 323 0 43 7
a 209 772 0 20 1
a 210 606 0 43 2
a 210 1522 0 7 3
a 213 204 0 43 5
a 213 1399 0 15 6
a 214 482 0 43 5
a 214 467 0 43 2
a 220 1088 0 43 1
a 220 337 0 44 2
a 221 236 0 43 1
a 221 1409 0 11 4
a 222 285 0 43 10
a 222 494 0 43 1
a 223 502 0 43 5
a 223 1930 0 45 4
a 224 1831 0 43 9
a 224 840 0 5 10
a 226 1172 0 43 5
a 226 620 0 41 9
a 227 970 0 43 3
a 227 542 0 20 2
a 228 1540 0 43 5
a 228 877 0 11 2
a 230 1235 0 43 5
a 230 403 0 20 1
a 231 887 0 43 1
a 231 1331 0 4 6
a 233 1891 0 43 1
a 233 234 0 34 5
a 235 1742 0 43 1
a 235 1903 0 24 10
a 236 802 0 43 10
a 236 937 0 27 7
a 239 1776 0 43 7
a 239 1045 0 50 4
a 242 1285 0 43 6
a 242 1408 0 39 10
a 245 993 0 43 8
a 245 848 0 7 5
a 246 939 0 43 9
a 246 454 0 47 8
a 251 1426 0 43 3
a 251 609 0 30 6
a 253 114 0 43 1
a 253 291 0 35 4
a 255 80 0 43 6
a 255 123 0 19 3
a 256 996 0 43 10
a 256 877 0 18 3
a 258 1136 0 43 1
a 258 316 0 28 5
a 259 1554 0 43 4
a 259 535 0 36 8
a 262 1634 0 43 9
a 262 247 0 24 7
a 263 1276 0 43 1
a 263 679 0 29 8
a 269 277 0 43 3
a 269 1177 0 8 3
a 270 762 0 43 10
a 270 637 0 41 7
a 272 1193 0 43 10
a 272 836 0 22 9
a 275 1539 0 43 9
a 275 251 0 20 9
a 276 1072 0 43 3
a 276 1568 0 46 6
a 277 1239 0 43 2
a 277 1787 0 27 8
a 281 424 0 43 3
a 281 1999 0 0 2
a 285 149 0 43 9
a 285 765 0 37 6
a 287 1811 0 43 8
a 287 28 0 32 2
a 288 1897 0 43 9
a 288 1386 0 13 10
a 289 938 0 43 9
a 289 1807 0 34 1
a 291 816 0 43 2
a 291 395 0 34 9
a 292 1121 0 43 3
a 292 1378 0 27 3
a 296 1984 0 43 1
a 296 1250 0 25 4
a 297 1148 0 43 3
a 297 1231 0 0 3
a 299 1338 0 43 6
a 299 976 0 26 4
a 302 570 0 43 5
a 302 444 0 12 5
a 304 390 0 43 8
a 304 574 0 49 5
a 305 1296 0 43 3
a 305 202 0 26 6
a 307 1474 0 43 6
a 307 587 0 25 2
a 308 731 0 43 5
a 308 1922 0 36 1
a 310 746 0 43 4
a 310 898 0 0 8
a 311 144 0 43 6
a 311 771 0 20 10
a 313 1386 0 43 1
a 313 1809 0 9 6
a 314 205 0 43 7
a 314 80 0 36 8
a 315 853 0 43 6
a 315 1937 0 14 10
a 316 1864 0 43 7
a 316 1612 0 36 7
a 317 1886 0 43 8
a 317 177 0 40 6
a 318 153 0 43 8
a 318 1217 0 35 6
a 319 89 0 43 10
a 319 763 0 11 1
a 320 1419 0 43 8
a 320 902 0 23 1
a 322 1706 0 43 4
a 322 1256 0 5 4
a 323 1102 0 43 9
a 323 924 0 47 9
a 325 1803 0 43 5
a 325 1426 0 13 7
a 327 1878 0 43 4
a 327 1420 0 9 7
a 328 342 0 43 1
a 328 526 0 21 8
a 330 436 0 43 5
a 330 1839 0 7 5
a 332 1001 0 43 8
a 332 676 0 8 7
a 334 91 0 43 7
a 334 96 0 46 4
a 338 668 0 43 2
a 338 1963 0 23 6
a 340 1596 0 43 1
a 340 743 0 10 7
a 342 363 0 43 1
a 342 1217 0 10 7
a 344 98 0 43 3
a 344 1955 0 8 7
a 345 1415 0 43 10
a 345 519 0 40 6
a 346 1717 0 43 2
a 346 883 0 3 2
a 347 388 0 43 10
a 347 1618 0 49 10
a 350 988 0 43 6
a 350 1325 0 32 10
a 351 1398 0 43 2
a 351 1391 0 16 8
a 353 110 0 43 3
a 353 1640 0 21 10
a 354 670 0 43 5
a 354 11 0 20 3
a 355 1606 0 43 4
a 355 471 0 39 8
a 356 1349 0 43 1
a 356 201 0 22 9
a 357 722 0 43 9
a 357 1204 0 32 4
a 359 224 0 43 10
a 359 243 0 23 9
a 361 1449 0 43 10
a 361 689 0 42 7
a 362 288 0 43 3
a 362 347 0 27 8
a 363 327 0 43 2
a 363 1425 0 31 6
a 368 573 0 43 8
a 368 1621 0 1 10
a 370 812 0 43 7
a 370 479 0 24 2
a 371 612 0 43 6
a 371 357 0 22 2
a 373 1385 0 43 10
a 373 1636 0 30 5
a 376 20 0 43 1
a 376 947 0 0 7
a 377 1544 0 43 7
a 377 1142 0 1 3
a 379 1523 0 43 9
a 379 1374 0 44 10
a 382 402 0 43 3
a 382 1910 0 20 9
a 383 1565 0 43 1
a 383 247 0 25 1
a 384 1223 0 43 3
a 384 1242 0 5 4
a 385 617 0 43 8
a 385 1005 0 39 6
a 386 1275 0 43 10
a 386 1269 0 32 9
a 387 500 0 43 1
a 387 869 0 2 1
a 388 377 0 43 6
a 388 526 0 43 10
a 389 831 0 43 8
a 389 1995 0 26 10
a 390 1332 0 43 2
a 390 619 0 45 7
a 391 1907 0 43 10
a 391 795 0 25 1
a 395 1670 0 43 9
a 395 588 0 50 5
a 401 1115 0 43 8
a 401 1472 0 12 5
a 402 1800 0 43 1
a 402 589 0 30 1
a 403 1437 0 43 10
a 403 618 0 44 4
a 406 1745 0 43 3
a 406 1677 0 35 4
a 407 624 0 43 3
a 407 58 0 12 4
a 409 1157 0 43 1
a 409 461 0 1 3
a 411 344 0 43 8
a 411 241 0 10 5
a 414 1795 0 43 7
a 414 1693 0 39 5
a 416 1096 0 43 3
a 416 188 0 42 1
a 419 1010 0 43 7
a 419 1829 0 43 4
a 423 1562 0 43 8
a 423 1914 0 17 6
a 424 904 0 43 9
a 424 251 0 49 10
a 427 1497 0 43 7
a 427 672 0 35 3
a 428 620 0 43 1
a 428 1702 0 13 9
a 433 1558 0 43 4
a 433 793 0 10 4
a 436 72 0 43 1
a 436 235 0 19 6
a 439 602 0 43 6
a 439 1306 0 15 1
a 447 1872 0 43 1
a 447 963 0 14 7
a 450 130 0 43 5
a 450 1099 0 11 8
a 451 1457 0 43 6
a 451 1376 0 21 7
a 452 1183 0 43 2
a 452 152 0 17 5
a 454 1322 0 43 5
a 454 865 0 29 7
a 455 990 0 43 4
a 455 1772 0 47 2
a 456 1200 0 43 10
a 456 556 0 33 10
a 457 656 0 43 3
a 457 1167 0 12 5
a 459 1666 0 43 5
a 459 1999 0 43 9
a 461 172 0 43 6
a 461 150 0 41 9
a 462 320 0 43 3
a 462 1777 0 50 8
a 463 1673 0 43 3
a 463 655 0 40 8
a 472 820 0 43 8
a 472 84 0 34 10
a 475 719 0 43 2
a 475 1181 0 16 6
a 478 1486 0 43 9
a 478 1021 0 23 5
a 479 383 0 43 9
a 479 766 0 22 9
a 481 1066 0 43 2
a 481 655 0 48 4
a 482 716 0 43 1
a 482 1579 0 38 9
a 484 1503 0 43 10
a 484 1091 0 49 4
a 488 1649 0 43 1
a 488 879 0 3 10
a 490 1033 0 43 6
a 490 1513 0 3 7
a 498 1212 0 43 1
a 498 1506 0 34 4
a 499 989 0 43 5
a 499 804 0 29 5
a 500 1280 0 43 2
a 500 693 0 2 7
a 502 1799 0 43 8
a 502 107 0 47 1
a 505 533 0 43 4
a 505 1174 0 6 3
a 508 1151 0 43 6
a 508 524 0 47 10
a 514 644 0 43 2
a 514 1826 0 30 3
a 517 973 0 43 5
a 517 356 0 1 1
a 522 1069 0 43 2
a 522 1553 0 35 8
a 524 787 0 43 5
a 524 1151 0 40 9
a 527 1937 0 43 9
a 527 925 0 32 8
a 528 141 0 43 7
a 528 1075 0 5 2
a 531 1070 0 43 10
a 531 874 0 42 5
a 532 1112 0 43 9
a 532 1254 0 16 10
a 533 362 0 43 7
a 533 896 0 27 8
a 536 790 0 43 1
a 536 282 0 26 4
a 539 1644 0 43 5
a 539 1196 0 43 4
a 540 423 0 43 6
a 540 1479 0 48 5
a 541 1954 0 43 10
a 541 797 0 46 2
a 542 1854 0 43 10
a 542 575 0 2 1
a 546 1380 0 43 8
a 546 1501 0 24 5
a 547 1629 0 43 7
a 547 1724 0 25 5
a 549 769 0 43 10
a 549 472 0 40 4
a 550 63 0 43 4
a 550 1203 0 28 1
a 551 1769 0 43 2
a 551 1893 0 27 1
a 553 1603 0 43 6
a 553 967 0 23 5
a 556 132 0 43 3
a 556 1173 0 44 3
a 558 347 0 43 10
a 558 1113 0 49 4
a 560 87 0 43 1
a 560 1480 0 50 6
a 565 123 0 43 5
a 565 1439 0 36 1
a 568 1751 0 43 5
a 568 640 0 50 6
a 569 50 0 43 2
a 569 619 0 48 2
a 570 1857 0 43 7
a 570 1647 0 9 8
a 573 838 0 43 1
a 573 1541 0 39 6
a 575 1941 0 43 10
a 575 1970 0 17 10
a 578 1806 0 43 6
a 578 901 0 23 3
a 580 1442 0 43 8
a 580 1608 0 36 5
a 585 1247 0 43 8
a 585 688 0 46 8
a 586 1238 0 43 3
a 586 700 0 46 4
a 587 259 0 43 10
a 587 1384 0 23 6
a 588 844 0 43 7
a 588 56 0 33 7
a 594 1368 0 43 9
a 594 1562 0 45 2
a 595 1203 0 43 8
a 595 551 0 9 6
a 597 1346 0 43 3
a 597 880 0 26 2
a 601 1942 0 43 5
a 601 1959 0 24 1
a 602 1156 0 43 8
a 602 664 0 41 4
a 603 1652 0 43 8
a 603 1931 0 39 9
a 604 1405 0 43 10
a 604 359 0 13 8
a 606 387 0 43 3
a 606 1691 0 24 10
a 608 1500 0 43 10
a 608 1963 0 24 4
a 609 116 0 43 1
a 609 717 0 22 10
a 611 728 0 43 10
a 611 70 0 0 6
a 612 673 0 43 3
a 612 207 0 39 9
a 613 877 0 43 5
a 613 992 0 43 2
a 615 1724 0 43 2
a 615 35 0 25 10
a 616 76 0 43 1
a 616 1054 0 43 1
a 617 1900 0 43 3
a 617 216 0 15 6
a 619 221 0 43 2
a 619 347 0 33 5
a 620 861 0 43 9
a 620 1850 0 33 9
a 622 1408 0 43 7
a 622 1416 0 6 7
a 624 1727 0 43 3
a 624 385 0 44 9
a 626 837 0 43 6
a 626 1005 0 11 1
a 628 856 0 43 7
a 628 221 0 26 7
a 630 921 0 43 3
a 630 1098 0 36 10
a 631 1232 0 43 8
a 631 630 0 41 2
a 633 1255 0 43 5
a 633 1385 0 30 3
a 634 527 0 43 5
a 634 1556 0 20 4
a 635 1393 0 43 5
a 635 1870 0 14 7
a 637 1955 0 43 1
a 637 407 0 43 4
a 640 1373 0 43 5
a 640 441 0 39 1
a 644 761 0 43 4
a 644 680 0 35 10
a 646 1087 0 43 8
a 646 554 0 36 4
a 649 833 0 43 2
a 649 1340 0 30 8
a 650 651 0 43 3
a 650 1852 0 14 8
a 651 1161 0 43 5
a 651 265 0 38 2
a 653 49 0 43 5
a 653 1560 0 42 7
a 656 750 0 43 10
a 656 714 0 28 6
a 657 1019 0 43 8
a 657 1537 0 23 4
a 663 97 0 43 7
a 663 1749 0 32 7
a 665 117 0 43 5
a 665 1365 0 3 10
a 668 1615 0 43 8
a 668 546 0 30 10
a 670 1057 0 43 3
a 670 840 0 40 7
a 673 730 0 43 8
a 673 764 0 27 4
a 674 1407 0 43 7
a 674 210 0 11 7
a 675 532 0 43 6
a 675 1938 0 1 4
a 680 863 0 43 10
a 680 848 0 50 9
a 683 1081 0 43 8
a 683 1226 0 37 7
a 684 508 0 43 3
a 684 1180 0 19 6
a 686 384 0 43 1
a 686 822 0 49 6
a 693 192 0 43 2
a 693 471 0 15 9
a 695 1060 0 43 6
a 695 314 0 50 8
a 696 1213 0 43 6
a 696 1357 0 47 2
a 699 1591 0 43 3
a 699 596 0 31 6
a 701 1114 0 43 4
a 701 1599 0 20 4
a 704 461 0 43 5
a 704 444 0 33 4
a 705 1845 0 43 9
a 705 158 0 3 1
a 706 1561 0 43 9
a 706 190 0 34 4
a 711 1269 0 43 3
a 711 1106 0 8 3
a 715 569 0 43 7
a 715 943 0 35 2
a 716 307 0 43 7
a 716 1181 0 38 5
a 717 1306 0 43 4
a 717 1321 0 38 7
a 719 1445 0 43 1
a 719 1199 0 22 10
a 721 971 0 43 9
a 721 1644 0 4 1
a 722 611 0 43 4
a 722 374 0 10 9
a 726 1094 0 43 10
a 726 254 0 21 6
a 728 872 0 43 6
a 728 1466 0 3 7
a 730 1302 0 43 9
a 730 1079 0 47 2
a 731 168 0 43 4
a 731 1723 0 46 6
a 732 1915 0 43 5
a 732 570 0 19 2
a 733 1397 0 43 8
a 733 1237 0 6 4
a 735 1611 0 43 6
a 735 256 0 22 2
a 740 311 0 43 10
a 740 1346 0 50 5
a 745 1998 0 43 5
a 745 1400 0 17 10
a 746 455 0 43 9
a 746 1454 0 26 7
a 748 345 0 43 2
a 748 938 0 32 8
a 749 1067 0 43 9
a 749 1465 0 2 7
a 750 735 0 43 5
a 750 258 0 6 2
a 755 180 0 43 6
a 755 1134 0 41 7
a 757 1335 0 43 6
a 757 1678 0 8 5
a 760 1379 0 43 4
a 760 432 0 30 10
a 761 1779 0 43 10
a 761 718 0 40 9
a 762 528 0 43 6
a 762 1580 0 38 4
a 763 1257 0 43 8
a 763 519 0 22 1
a 767 1451 0 43 8
a 767 1336 0 36 5
a 768 1312 0 43 4
a 768 1061 0 2 8
a 769 253 0 43 10
a 769 583 0 7 10
a 771 8 0 43 9
a 771 1078 0 31 9
a 780 1674 0 43 3
a 780 787 0 9 9
a 784 1154 0 43 5
a 784 247 0 8 1
a 787 1865 0 43 8
a 787 1052 0 34 9
a 789 454 0 43 4
a 789 306 0 1 2
a 790 852 0 43 8
a 790 1099 0 18 9
a 793 1396 0 43 10
a 793 222 0 9 3
a 796 1185 0 43 2
a 796 1041 0 16 6
a 798 558 0 43 2
a 798 186 0 31 7
a 800 1288 0 43 8
a 800 510 0 42 10
a 801 920 0 43 7
a 801 1693 0 46 8
a 802 1377 0 43 7
a 802 702 0 33 8
a 804 793 0 43 5
a 804 465 0 18 2
a 806 822 0 43 4
a 806 937 0 33 5
a 809 1543 0 43 3
a 809 1767 0 36 5
a 811 1932 0 43 10
a 811 655 0 26 9
a 812 1642 0 43 10
a 812 174 0 10 6
a 813 1557 0 43 4
a 813 573 0 36 2
a 815 1997 0 43 4
a 815 801 0 1 3
a 816 1237 0 43 2
a 816 934 0 39 2
a 818 1919 0 43 7
a 818 857 0 15 9
a 820 609 0 43 4
a 820 1103 0 33 2
a 822 696 0 43 6
a 822 100 0 15 1
a 824 1994 0 43 2
a 824 1681 0 0 5
a 825 701 0 43 5
a 825 53 0 32 6
a 826 1215 0 43 4
a 826 1704 0 24 4
a 828 1065 0 43 9
a 828 335 0 29 2
a 829 356 0 43 5
a 829 1045 0 23 10
a 831 1858 0 43 9
a 831 1749 0 36 6
a 833 882 0 43 4
a 833 1568 0 47 9
a 835 1319 0 43 10
a 835 1819 0 24 1
a 837 1075 0 43 6
a 837 215 0 21 6
a 838 51 0 43 9
a 838 1861 0 45 2
a 839 1311 0 43 3
a 839 1066 0 21 4
a 841 721 0 43 7
a 841 1976 0 34 1
a 843 1169 0 43 6
a 843 346 0 0 10
a 844 1458 0 43 4
a 844 963 0 19 9
a 845 1293 0 43 4
a 845 397 0 22 8
a 847 1253 0 43 5
a 847 1662 0 49 4
a 849 108 0 43 2
a 849 1369 0 34 4
a 851 587 0 43 5
a 851 1271 0 31 5
a 852 1823 0 43 6
a 852 1219 0 24 1
a 853 705 0 43 6
a 853 1430 0 0 4
a 854 1613 0 43 1
a 854 4 0 8 7
a 855 1871 0 43 9
a 855 599 0 3 7
a 856 1736 0 43 2
a 856 975 0 48 8
a 861 200 0 43 6
a 861 148 0 47 4
a 862 1388 0 43 1
a 862 1595 0 27 9
a 863 1216 0 43 4
a 863 972 0 30 2
a 866 353 0 43 8
a 866 1402 0 32 10
a 872 1101 0 43 5
a 872 207 0 41 9
a 873 613 0 43 9
a 873 1615 0 30 2
a 875 1178 0 43 9
a 875 1241 0 22 8
a 876 1468 0 43 2
a 876 836 0 33 8
a 877 1536 0 43 9
a 877 1599 0 50 2
a 879 1052 0 43 4
a 879 384 0 27 2
a 881 740 0 43 7
a 881 816 0 40 7
a 882 975 0 43 6
a 882 183 0 9 5
a 884 1095 0 43 3
a 884 1577 0 26 2
a 886 945 0 43 10
a 886 432 0 24 3
a 887 796 0 43 3
a 887 185 0 0 5
a 888 1778 0 43 7
a 888 1622 0 39 8
a 889 1367 0 43 1
a 889 346 0 47 2
a 891 359 0 43 3
a 891 1614 0 22 1
a 893 818 0 43 6
a 893 1454 0 29 6
a 896 251 0 43 5
a 896 1180 0 25 9
a 897 531 0 43 5
a 897 185 0 35 7
a 898 873 0 43 8
a 898 1777 0 6 2
a 904 314 0 43 4
a 904 91 0 13 5
a 905 926 0 43 10
a 905 411 0 22 6
a 906 1286 0 43 6
a 906 1924 0 31 6
a 907 1689 0 43 9
a 907 1761 0 48 1
a 908 801 0 43 2
a 908 1617 0 13 1
a 909 1282 0 43 1
a 909 312 0 7 7
a 913 1828 0 43 6
a 913 847 0 16 1
a 914 1472 0 43 1
a 914 1414 0 11 9
a 920 1360 0 43 9
a 920 1608 0 44 6
a 921 956 0 43 6
a 921 196 0 12 8
a 926 749 0 43 1
a 926 167 0 50 6
a 927 806 0 43 6
a 927 615 0 41 9
a 929 813 0 43 7
a 929 1368 0 40 8
a 930 1622 0 43 3
a 930 59 0 22 9
a 931 1925 0 43 9
a 931 673 0 8 2
a 932 800 0 43 5
a 932 810 0 38 3
a 933 330 0 43 5
a 933 895 0 1 3
a 935 1687 0 43 3
a 935 1808 0 31 9
a 938 615 0 43 1
a 938 1937 0 30 2
a 939 1609 0 43 10
a 939 1619 0 9 5
a 944 1227 0 43 7
a 944 1842 0 5 7
a 945 843 0 43 3
a 945 868 0 22 5
a 949 1243 0 43 2
a 949 223 0 43 1
a 950 1665 0 43 4
a 950 1271 0 50 6
a 951 1116 0 43 6
a 951 1786 0 11 9
a 953 1996 0 43 3
a 953 455 0 33 7
a 956 395 0 43 4
a 956 877 0 41 6
a 957 897 0 43 10
a 957 1676 0 49 5
a 960 103 0 43 10
a 960 687 0 31 7
a 961 490 0 43 5
a 961 373 0 3 5
a 962 1746 0 43 5
a 962 602 0 19 5
a 965 210 0 43 2
a 965 825 0 13 10
a 968 1217 0 43 4
a 968 359 0 47 7
a 969 258 0 43 4
a 969 905 0 8 10
a 970 351 0 43 7
a 970 883 0 12 5
a 971 1619 0 43 5
a 971 1484 0 6 4
a 973 102 0 43 9
a 973 322 0 47 5
a 974 310 0 43 8
a 974 14 0 33 5
a 975 1195 0 43 4
a 975 103 0 2 9
a 977 272 0 43 5
a 977 1806 0 9 10
a 979 1881 0 43 7
a 979 1691 0 28 4
a 983 1334 0 43 1
a 983 276 0 30 5
a 984 233 0 43 4
a 984 602 0 43 2
a 987 175 0 43 6
a 987 1823 0 4 7
a 988 628 0 43 5
a 988 1048 0 27 10
a 989 1487 0 43 2
a 989 1801 0 7 3
a 990 1885 0 43 2
a 990 56 0 32 8
a 993 459 0 43 7
a 993 1569 0 10 2
a 996 1376 0 43 2
a 996 748 0 11 3
a 1000 1356 0 43 8
a 1000 930 0 46 5
a 1001 1085 0 43 7
a 1001 1940 0 35 8
a 1002 1153 0 43 9
a 1002 1434 0 6 6
a 1003 90 0 43 4
a 1003 1869 0 19 2
a 1010 1592 0 43 5
a 1010 1457 0 3 5
a 1011 888 0 43 2
a 1011 99 0 46 7
a 1015 824 0 43 3
a 1015 1098 0 50 6
a 1019 127 0 43 4
a 1019 1369 0 28 10
a 1020 913 0 43 4
a 1020 383 0 18 1
a 1021 1986 0 43 1
a 1021 670 0 30 7
a 1023 987 0 43 4
a 1023 761 0 38 8
a 1026 546 0 43 9
a 1026 554 0 42 7
a 1027 1504 0 43 5
a 1027 341 0 44 10
a 1028 125 0 43 6
a 1028 1835 0 33 1
a 1030 475 0 43 3
a 1030 376 0 19 1
a 1033 472 0 43 10
a 1033 723 0 36 2
a 1035 540 0 43 9
a 1035 1346 0 21 9
a 1036 382 0 43 10
a 1036 817 0 34 7
a 1042 646 0 43 10
a 1042 225 0 47 5
a 1043 1030 0 43 2
a 1043 600 0 23 2
a 1045 122 0 43 3
a 1045 779 0 2 6
a 1048 77 0 43 10
a 1048 1149 0 49 10
a 1050 499 0 43 10
a 1050 238 0 28 4
a 1052 1429 0 43 7
a 1052 179 0 42 3
a 1055 1913 0 43 2
a 1055 272 0 31 8
a 1057 1248 0 43 5
a 1057 1869 0 35 9
a 1058 1870 0 43 8
a 1058 794 0 33 6
a 1060 28 0 43 10
a 1060 875 0 21 9
a 1063 653 0 43 2
a 1063 1525 0 15 9
a 1064 1852 0 43 8
a 1064 1628 0 6 2
a 1065 1086 0 43 9
a 1065 158 0 34 8
a 1066 1710 0 43 9
a 1066 1735 0 24 8
a 1067 346 0 43 8
a 1067 1446 0 36 1
a 1068 100 0 43 8
a 1068 1903 0 23 5
a 1069 757 0 43 9
a 1069 1847 0 20 7
a 1070 1956 0 43 1
a 1070 1349 0 26 5
a 1071 428 0 43 4
a 1071 391 0 4 3
a 1072 484 0 43 4
a 1072 924 0 39 8
a 1075 228 0 43 7
a 1075 456 0 28 2
a 1076 304 0 43 9
a 1076 1778 0 30 6
a 1079 1797 0 43 7
a 1079 670 0 28 1
a 1081 156 0 43 10
a 1081 780 0 28 5
a 1085 953 0 43 9
a 1085 472 0 48 2
a 1086 1309 0 43 6
a 1086 1889 0 3 9
a 1087 1444 0 43 2
a 1087 1872 0 41 4
a 1088 73 0 43 10
a 1088 359 0 7 7
a 1089 1164 0 43 4
a 1089 821 0 50 6
a 1090 154 0 43 3
a 1090 1379 0 15 8
a 1092 657 0 43 4
a 1092 354 0 40 1
a 1094 930 0 43 6
a 1094 1670 0 34 3
a 1095 35 0 43 9
a 1095 1356 0 24 9
a 1096 983 0 43 8
a 1096 903 0 35 3
a 1097 196 0 43 5
a 1097 1911 0 33 5
a 1100 1241 0 43 6
a 1100 360 0 25 3
a 1101 368 0 43 8
a 1101 184 0 22 1
a 1102 41 0 43 1
a 1102 1684 0 38 9
a 1103 1624 0 43 5
a 1103 1423 0 47 2
a 1105 1570 0 43 9
a 1105 1532 0 11 5
a 1109 637 0 43 3
a 1109 1107 0 0 8
a 1112 1573 0 43 7
a 1112 1416 0 22 7
a 1114 1967 0 43 5
a 1114 1992 0 21 7
a 1115 316 0 43 6
a 1115 20 0 9 4
a 1116 1661 0 43 3
a 1116 1595 0 17 8
a 1117 1513 0 43 7
a 1117 665 0 4 2
a 1118 974 0 43 6
a 1118 1369 0 6 6
a 1120 1125 0 43 3
a 1120 390 0 21 2
a 1121 845 0 43 10
a 1121 1609 0 18 1
a 1123 809 0 43 6
a 1123 1673 0 8 1
a 1125 784 0 43 8
a 1125 527 0 15 2
a 1126 220 0 43 3
a 1126 1852 0 48 5
a 1131 1729 0 43 6
a 1131 955 0 32 6
a 1133 944 0 43 4
a 1133 832 0 40 3
a 1135 1003 0 43 10
a 1135 593 0 48 5
a 1136 1021 0 43 3
a 1136 1476 0 37 10
a 1139 704 0 43 1
a 1139 1165 0 37 5
a 1141 522 0 43 2
a 1141 429 0 24 8
a 1144 524 0 43 5
a 1144 1315 0 24 8
a 1145 1569 0 43 9
a 1145 1335 0 9 7
a 1148 1641 0 43 8
a 1148 430 0 27 5
a 1149 896 0 43 2
a 1149 690 0 46 10
a 1151 1820 0 43 5
a 1151 465 0 39 3
a 1153 1139 0 43 2
a 1153 1234 0 0 1
a 1154 43 0 43 5
a 1154 399 0 18 6
a 1155 1026 0 43 5
a 1155 1591 0 25 8
a 1156 197 0 43 9
a 1156 422 0 19 2
a 1157 586 0 43 1
a 1157 1368 0 39 3
a 1158 1011 0 43 2
a 1158 1404 0 47 10
a 1160 411 0 43 1
a 1160 1007 0 19 3
a 1161 1805 0 43 5
a 1161 1457 0 26 2
a 1164 1759 0 43 4
a 1164 1715 0 35 3
a 1166 124 0 43 4
a 1166 240 0 43 1
a 1168 262 0 43 4
a 1168 663 0 14 1
a 1169 1090 0 43 4
a 1169 1375 0 46 9
a 1171 222 0 43 6
a 1171 1795 0 32 7
a 1172 350 0 43 1
a 1172 1117 0 10 9
a 1174 414 0 43 5
a 1174 1151 0 47 7
a 1175 640 0 43 9
a 1175 263 0 6 10
a 1178 608 0 43 3
a 1178 264 0 25 3
a 1181 1921 0 43 7
a 1181 824 0 22 4
a 1182 96 0 43 8
a 1182 987 0 5 7
a 1183 433 0 43 7
a 1183 1592 0 11 6
a 1185 957 0 43 7
a 1185 580 0 27 10
a 1186 1462 0 43 8
a 1186 575 0 0 1
a 1193 325 0 43 9
a 1193 1202 0 27 7
a 1195 763 0 43 9
a 1195 631 0 22 6
a 1199 223 0 43 2
a 1199 1960 0 7 10
a 1200 1118 0 43 1
a 1200 1463 0 31 7
a 1201 866 0 43 6
a 1201 1884 0 19 6
a 1202 450 0 43 10
a 1202 544 0 17 2
a 1203 183 0 43 8
a 1203 104 0 11 2
a 1204 1826 0 43 5
a 1204 572 0 13 9
a 1209 1798 0 43 10
a 1209 1248 0 40 9
a 1210 1027 0 43 5
a 1210 1484 0 39 6
a 1211 1716 0 43 10
a 1211 18 0 47 1
a 1212 328 0 43 6
a 1212 1589 0 46 1
a 1213 1804 0 43 10
a 1213 1147 0 37 4
a 1215 1354 0 43 7
a 1215 348 0 19 1
a 1216 1435 0 43 4
a 1216 472 0 31 8
a 1217 1747 0 43 1
a 1217 51 0 37 10
a 1218 1431 0 43 5
a 1218 1948 0 26 6
a 1222 322 0 43 8
a 1222 1909 0 31 6
a 1223 1202 0 43 3
a 1223 689 0 0 4
a 1224 255 0 43 1
a 1224 704 0 49 8
a 1227 479 0 43 3
a 1227 472 0 33 9
a 1228 498 0 43 4
a 1228 1880 0 38 1
a 1232 488 0 43 3
a 1232 965 0 12 4
a 1233 1000 0 43 4
a 1233 1658 0 3 2
a 1234 270 0 43 10
a 1234 2000 0 32 1
a 1235 1493 0 43 2
a 1235 423 0 26 7
a 1236 86 0 43 6
a 1236 805 0 9 8
a 1237 1821 0 43 7
a 1237 139 0 45 10
a 1238 1505 0 43 2
a 1238 1348 0 34 9
a 1239 275 0 43 3
a 1239 1969 0 46 2
a 1240 1260 0 43 5
a 1240 579 0 22 10
a 1241 354 0 43 10
a 1241 798 0 16 8
a 1242 74 0 43 2
a 1242 1809 0 28 8
a 1243 829 0 43 2
a 1243 1177 0 8 10
a 1244 451 0 43 9
a 1244 1680 0 16 8
a 1245 560 0 43 8
a 1245 173 0 0 1
a 1247 886 0 43 7
a 1247 313 0 30 2
a 1248 962 0 43 5
a 1248 1179 0 25 4
a 1249 1427 0 43 2
a 1249 703 0 25 8
a 1252 1532 0 43 1
a 1252 1795 0 12 3
a 1253 456 0 43 4
a 1253 1984 0 46 8
a 1255 1045 0 43 7
a 1255 872 0 50 5
a 1257 1089 0 43 9
a 1257 824 0 29 7
a 1258 1964 0 43 8
a 1258 1504 0 28 6
a 1259 1784 0 43 2
a 1259 140 0 31 7
a 1260 1774 0 43 6
a 1260 415 0 8 5
a 1267 635 0 43 7
a 1267 227 0 6 7
a 1268 407 0 43 9
a 1268 83 0 37 2
a 1269 1987 0 43 3
a 1269 469 0 10 1
a 1272 157 0 43 7
a 1272 83 0 23 1
a 1275 406 0 43 2
a 1275 1251 0 9 6
a 1276 1980 0 43 4
a 1276 535 0 8 7
a 1278 178 0 43 7
a 1278 207 0 45 4
a 1279 111 0 43 3
a 1279 357 0 8 2
a 1280 71 0 43 3
a 1280 1860 0 37 9
a 1282 835 0 43 4
a 1282 4 0 32 9
a 1283 403 0 43 7
a 1283 1608 0 37 9
a 1284 308 0 43 4
a 1284 875 0 5 2
a 1285 839 0 43 9
a 1285 1168 0 28 3
a 1286 1757 0 43 6
a 1286 1217 0 18 7
a 1288 1616 0 43 3
a 1288 604 0 50 1
a 1292 1035 0 43 8
a 1292 165 0 38 8
a 1293 1538 0 43 3
a 1293 776 0 23 8
a 1296 1491 0 43 3
a 1296 639 0 23 9
a 1297 1209 0 43 3
a 1297 1457 0 43 6
a 1302 189 0 43 5
a 1302 151 0 4 2
a 1303 256 0 43 1
a 1303 1516 0 18 9
a 1306 935 0 43 7
a 1306 1368 0 18 6
a 1309 889 0 43 7
a 1309 684 0 2 4
a 1311 239 0 43 1
a 1311 941 0 8 6
a 1312 146 0 43 8
a 1312 447 0 40 10
a 1316 160 0 43 6
a 1316 997 0 24 6
a 1317 905 0 43 7
a 1317 630 0 0 8
a 1319 876 0 43 1
a 1319 312 0 2 5
a 1322 246 0 43 7
a 1322 1585 0 17 2
a 1324 227 0 43 8
a 1324 323 0 39 4
a 1325 1662 0 43 6
a 1325 890 0 18 2
a 1329 1317 0 43 10
a 1329 350 0 37 1
a 1330 1877 0 43 5
a 1330 1887 0 18 4
a 1332 699 0 43 1
a 1332 385 0 10 9
a 1334 12 0 43 10
a 1334 879 0 3 6
a 1335 1283 0 43 9
a 1335 415 0 34 10
a 1338 914 0 43 1
a 1338 1442 0 43 8
a 1339 1432 0 43 3
a 1339 676 0 40 2
a 1340 1036 0 43 6
a 1340 475 0 1 2
a 1341 1588 0 43 4
a 1341 298 0 10 7
a 1346 302 0 43 9
a 1346 1334 0 48 8
a 1349 984 0 43 9
a 1349 733 0 7 3
a 1354 755 0 43 5
a 1354 1524 0 9 3
a 1355 1807 0 43 7
a 1355 1483 0 34 7
a 1356 1607 0 43 6
a 1356 263 0 31 2
a 1357 1204 0 43 1
a 1357 74 0 37 4
a 1360 357 0 43 9
a 1360 824 0 31 6
a 1361 1210 0 43 2
a 1361 1750 0 1 3
a 1363 176 0 43 8
a 1363 1870 0 9 6
a 1364 630 0 43 1
a 1364 1627 0 13 3
a 1366 199 0 43 4
a 1366 867 0 8 6
a 1367 1158 0 43 8
a 1367 1916 0 30 8
a 1368 1050 0 43 6
a 1368 370 0 20 3
a 1370 1234 0 43 9
a 1370 1276 0 18 6
a 1373 514 0 43 4
a 1373 975 0 19 1
a 1376 1516 0 43 4
a 1376 356 0 23 3
a 1377 1940 0 43 2
a 1377 1005 0 27 6
a 1378 1608 0 43 6
a 1378 1436 0 48 1
a 1379 550 0 43 8
a 1379 566 0 43 4
a 1380 1303 0 43 5
a 1380 532 0 45 6
a 1381 969 0 43 4
a 1381 1436 0 38 9
a 1385 633 0 43 1
a 1385 1718 0 44 10
a 1386 616 0 43 4
a 1386 162 0 41 1
a 1387 595 0 43 6
a 1387 630 0 6 10
a 1388 693 0 43 1
a 1388 1666 0 29 10
a 1390 231 0 43 8
a 1390 385 0 17 2
a 1393 1438 0 43 4
a 1393 1772 0 50 3
a 1396 1297 0 43 7
a 1396 457 0 48 1
a 1397 1594 0 43 6
a 1397 1551 0 32 6
a 1398 626 0 43 3
a 1398 206 0 31 5
a 1403 1131 0 43 5
a 1403 1423 0 13 6
a 1405 1813 0 43 5
a 1405 1124 0 7 10
a 1406 1623 0 43 1
a 1406 281 0 3 7
a 1407 1076 0 43 2
a 1407 252 0 37 2
a 1408 1092 0 43 6
a 1408 1196 0 38 7
a 1410 112 0 43 2
a 1410 1156 0 26 5
a 1415 1068 0 43 5
a 1415 505 0 8 8
a 1416 57 0 43 2
a 1416 465 0 36 3
a 1419 884 0 43 3
a 1419 893 0 11 6
a 1426 78 0 43 7
a 1426 809 0 25 8
a 1427 1123 0 43 1
a 1427 1748 0 31 2
a 1429 148 0 43 3
a 1429 590 0 22 4
a 1430 1324 0 43 6
a 1430 242 0 28 8
a 1431 933 0 43 2
a 1431 1784 0 25 6
a 1432 1522 0 43 10
a 1432 1387 0 3 2
a 1434 841 0 43 5
a 1434 271 0 35 9
a 1435 1278 0 43 4
a 1435 123 0 22 1
a 1437 1850 0 43 4
a 1437 8 0 12 9
a 1438 318 0 43 6
a 1438 328 0 7 4
a 1439 1679 0 43 4
a 1439 945 0 14 2
a 1440 83 0 43 5
a 1440 1784 0 32 6
a 1442 1071 0 43 4
a 1442 1379 0 31 10
a 1444 1339 0 43 9
a 1444 721 0 40 7
a 1445 1201 0 43 2
a 1445 976 0 48 3
a 1446 1144 0 43 7
a 1446 852 0 17 9
a 1449 462 0 43 9
a 1449 592 0 45 10
a 1451 1684 0 43 6
a 1451 1163 0 13 10
a 1453 547 0 43 3
a 1453 1865 0 19 2
a 1457 1633 0 43 7
a 1457 320 0 47 1
a 1458 1809 0 43 8
a 1458 1060 0 10 6
a 1462 1676 0 43 2
a 1462 108 0 13 6
a 1464 182 0 43 7
a 1464 1349 0 1 5
a 1466 1521 0 43 9
a 1466 1832 0 25 6
a 1467 851 0 43 3
a 1467 676 0 42 4
a 1468 1330 0 43 9
a 1468 414 0 11 7
a 1471 1571 0 43 2
a 1471 1300 0 39 6
a 1472 1758 0 43 8
a 1472 430 0 23 4
a 1474 101 0 43 7
a 1474 1646 0 50 10
a 1476 1141 0 43 5
a 1476 1761 0 14 9
a 1477 1416 0 43 7
a 1477 1231 0 22 1
a 1484 601 0 43 1
a 1484 209 0 20 4
a 1486 1534 0 43 6
a 1486 689 0 0 6
a 1487 37 0 43 9
a 1487 1118 0 44 10
a 1488 1658 0 43 8
a 1488 1231 0 38 8
a 1489 1149 0 43 1
a 1489 123 0 28 6
a 1490 1440 0 43 3
a 1490 1259 0 47 1
a 1491 70 0 43 2
a 1491 36 0 24 5
a 1492 1600 0 43 2
a 1492 128 0 37 7
a 1493 578 0 43 5
a 1493 158 0 4 1
a 1496 391 0 43 10
a 1496 1054 0 49 4
a 1497 927 0 43 2
a 1497 1125 0 16 5
a 1499 439 0 43 7
a 1499 1766 0 18 7
a 1500 297 0 43 10
a 1500 122 0 4 9
a 1503 317 0 43 7
a 1503 893 0 44 10
a 1504 1453 0 43 2
a 1504 1298 0 31 1
a 1505 447 0 43 10
a 1505 1707 0 40 10
a 1511 1868 0 43 1
a 1511 1090 0 2 1
a 1513 1957 0 43 10
a 1513 1902 0 37 4
a 1516 1952 0 43 8
a 1516 927 0 26 10
a 1518 565 0 43 6
a 1518 481 0 10 9
a 1519 1537 0 43 3
a 1519 127 0 3 4
a 1521 1366 0 43 1
a 1521 1129 0 43 6
a 1522 909 0 43 6
a 1522 1760 0 49 10
a 1523 1548 0 43 7
a 1523 1782 0 47 4
a 1527 140 0 43 6
a 1527 991 0 19 10
a 1529 1079 0 43 2
a 1529 387 0 3 4
a 1532 1259 0 43 1
a 1532 216 0 25 9
a 1533 603 0 43 2
a 1533 1051 0 11 1
a 1534 1660 0 43 3
a 1534 705 0 34 5
a 1536 1268 0 43 9
a 1536 771 0 3 10
a 1537 1160 0 43 8
a 1537 407 0 47 4
a 1538 373 0 43 5
a 1538 812 0 45 3
a 1539 1166 0 43 2
a 1539 1723 0 9 7
a 1540 1655 0 43 8
a 1540 1020 0 17 8
a 1543 1511 0 43 3
a 1543 1285 0 26 6
a 1544 1951 0 43 7
a 1544 276 0 36 1
a 1546 1719 0 43 7
a 1546 1314 0 10 2
a 1547 2000 0 43 1
a 1547 599 0 17 5
a 1548 1370 0 43 4
a 1548 1990 0 47 9
a 1551 452 0 43 3
a 1551 781 0 42 9
a 1554 230 0 43 5
a 1554 1167 0 20 8
a 1557 1604 0 43 7
a 1557 1804 0 41 1
a 1558 789 0 43 10
a 1558 1490 0 30 2
a 1561 1698 0 43 2
a 1561 1569 0 46 2
a 1562 226 0 43 9
a 1562 1650 0 27 2
a 1564 907 0 43 9
a 1564 1161 0 8 3
a 1565 1730 0 43 8
a 1565 1663 0 50 2
a 1569 706 0 43 6
a 1569 865 0 17 3
a 1570 1906 0 43 2
a 1570 52 0 41 5
a 1571 94 0 43 7
a 1571 1389 0 45 5
a 1572 1586 0 43 9
a 1572 97 0 34 10
a 1573 1766 0 43 5
a 1573 1850 0 0 3
a 1575 1329 0 43 2
a 1575 1229 0 44 3
a 1576 594 0 43 10
a 1576 675 0 49 9
a 1581 568 0 43 9
a 1581 1001 0 1 10
a 1583 828 0 43 9
a 1583 756 0 10 1
a 1586 1518 0 43 2
a 1586 1146 0 28 7
a 1588 1816 0 43 3
a 1588 1157 0 30 8
a 1591 1645 0 43 5
a 1591 1522 0 16 7
a 1592 1929 0 43 10
a 1592 1465 0 33 10
a 1594 1292 0 43 4
a 1594 1687 0 12 10
a 1595 56 0 43 1
a 1595 1107 0 22 1
a 1596 539 0 43 10
a 1596 1628 0 36 8
a 1600 1928 0 43 7
a 1600 1759 0 6 1
a 1601 1355 0 43 9
a 1601 1837 0 43 4
a 1603 1990 0 43 9
a 1603 983 0 16 1
a 1604 1873 0 43 7
a 1604 162 0 23 3
a 1606 143 0 43 7
a 1606 1170 0 25 4
a 1607 1236 0 43 2
a 1607 1018 0 21 8
a 1608 732 0 43 6
a 1608 1799 0 28 2
a 1609 1519 0 43 2
a 1609 478 0 19 9
a 1610 542 0 43 6
a 1610 869 0 21 10
a 1611 167 0 43 8
a 1611 531 0 19 2
a 1613 536 0 43 5
a 1613 75 0 37 4
a 1615 1938 0 43 2
a 1615 951 0 30 2
a 1616 825 0 43 5
a 1616 1284 0 16 6
a 1619 1242 0 43 6
a 1619 281 0 19 4
a 1622 1527 0 43 7
a 1622 1746 0 29 1
a 1623 1781 0 43 10
a 1623 996 0 35 7
a 1624 1222 0 43 3
a 1624 1635 0 23 7
a 1626 1199 0 43 4
a 1626 70 0 17 8
a 1628 1675 0 43 1
a 1628 1954 0 11 4
a 1629 663 0 43 5
a 1629 746 0 10 8
a 1630 665 0 43 1
a 1630 1947 0 16 8
a 1633 768 0 43 10
a 1633 259 0 43 6
a 1634 1827 0 43 1
a 1634 782 0 9 8
a 1635 213 0 43 3
a 1635 62 0 33 5
a 1636 1725 0 43 10
a 1636 1178 0 8 1
a 1637 150 0 43 2
a 1637 1199 0 4 1
a 1641 1028 0 43 1
a 1641 1633 0 4 6
a 1642 113 0 43 9
a 1642 786 0 20 3
a 1644 1708 0 43 1
a 1644 1051 0 25 7
a 1645 1175 0 43 1
a 1645 1455 0 6 2
a 1649 1467 0 43 2
a 1649 55 0 39 7
a 1652 1279 0 43 4
a 1652 1266 0 6 9
a 1655 931 0 43 10
a 1655 1874 0 31 1
a 1657 1875 0 43 9
a 1657 1869 0 2 9
a 1658 1770 0 43 9
a 1658 1952 0 33 10
a 1660 1657 0 43 6
a 1660 1275 0 17 5
a 1661 276 0 43 3
a 1661 26 0 20 9
a 1662 463 0 43 5
a 1662 1100 0 27 10
a 1665 1753 0 43 1
a 1665 731 0 23 10
a 1666 1023 0 43 7
a 1666 1341 0 1 4
a 1670 332 0 43 6
a 1670 86 0 2 8
a 1671 726 0 43 1
a 1671 1704 0 5 6
a 1672 1100 0 43 4
a 1672 1086 0 7 10
a 1673 46 0 43 5
a 1673 201 0 45 4
a 1674 1258 0 43 2
a 1674 1900 0 4 9
a 1675 1446 0 43 3
a 1675 599 0 24 4
a 1676 1063 0 43 1
a 1676 1933 0 31 1
a 1679 1564 0 43 6
a 1679 205 0 12 1
a 1684 1341 0 43 5
a 1684 331 0 24 5
a 1687 1490 0 43 2
a 1687 1398 0 39 1
a 1689 1171 0 43 9
a 1689 1781 0 5 3
a 1691 1284 0 43 7
a 1691 1896 0 47 6
a 1694 30 0 43 1
a 1694 619 0 13 6
a 1696 104 0 43 10
a 1696 521 0 33 3
a 1698 1489 0 43 3
a 1698 1143 0 25 2
a 1703 1048 0 43 10
a 1703 533 0 34 2
a 1706 881 0 43 3
a 1706 1218 0 44 2
a 1708 1430 0 43 2
a 1708 1906 0 36 2
a 1710 517 0 43 1
a 1710 1659 0 45 4
a 1712 604 0 43 2
a 1712 1604 0 50 9
a 1716 556 0 43 3
a 1716 930 0 5 7
a 1717 1145 0 43 9
a 1717 935 0 6 5
a 1719 1547 0 43 7
a 1719 85 0 14 10
a 1724 27 0 43 4
a 1724 675 0 27 7
a 1725 1626 0 43 2
a 1725 1315 0 10 2
a 1727 1905 0 43 9
a 1727 31 0 19 4
a 1729 319 0 43 4
a 1729 178 0 8 2
a 1730 965 0 43 9
a 1730 182 0 27 9
a 1736 427 0 43 5
a 1736 1753 0 33 1
a 1742 686 0 43 10
a 1742 1531 0 23 2
a 1745 1969 0 43 8
a 1745 1615 0 45 1
a 1746 1920 0 43 1
a 1746 1941 0 37 9
a 1747 1363 0 43 2
a 1747 1979 0 16 10
a 1751 1109 0 43 9
a 1751 1449 0 12 10
a 1752 771 0 43 4
a 1752 536 0 36 2
a 1753 29 0 43 9
a 1753 47 0 21 1
a 1757 481 0 43 4
a 1757 764 0 41 8
a 1758 1703 0 43 4
a 1758 1609 0 3 3
a 1759 1912 0 43 7
a 1759 234 0 0 9
a 1761 717 0 43 7
a 1761 1666 0 19 4
a 1766 1406 0 43 10
a 1766 1565 0 13 7
a 1769 1855 0 43 2
a 1769 1837 0 21 9
a 1770 209 0 43 1
a 1770 113 0 8 2
a 1773 1752 0 43 6
a 1773 257 0 48 5
a 1774 1903 0 43 1
a 1774 123 0 10 10
a 1775 1182 0 43 6
a 1775 1011 0 3 2
a 1776 47 0 43 5
a 1776 168 0 18 7
a 1778 18 0 43 6
a 1778 1799 0 17 5
a 1779 1696 0 43 9
a 1779 321 0 14 8
a 1781 1601 0 43 4
a 1781 286 0 28 3
a 1784 855 0 43 9
a 1784 1773 0 46 6
a 1787 409 0 43 9
a 1787 1866 0 49 10
a 1788 541 0 43 10
a 1788 713 0 46 6
a 1794 1097 0 43 5
a 1794 835 0 26 9
a 1795 1020 0 43 1
a 1795 1476 0 0 10
a 1797 580 0 43 7
a 1797 1214 0 13 6
a 1798 292 0 43 5
a 1798 273 0 49 2
a 1799 1218 0 43 3
a 1799 569 0 7 2
a 1800 1889 0 43 8
a 1800 1375 0 32 7
a 1803 109 0 43 5
a 1803 271 0 36 5
a 1804 1496 0 43 3
a 1804 727 0 30 5
a 1805 929 0 43 2
a 1805 1536 0 30 10
a 1806 299 0 43 4
a 1806 1603 0 23 2
a 1807 1466 0 43 1
a 1807 1387 0 37 7
a 1809 1630 0 43 8
a 1809 1710 0 17 8
a 1811 767 0 43 7
a 1811 1301 0 42 3
a 1813 1403 0 43 3
a 1813 207 0 43 7
a 1816 649 0 43 8
a 1816 1469 0 38 4
a 1820 798 0 43 3
a 1820 932 0 24 1
a 1821 401 0 43 3
a 1821 281 0 17 4
a 1823 1976 0 43 1
a 1823 321 0 38 6
a 1826 960 0 43 2
a 1826 357 0 34 10
a 1827 379 0 43 7
a 1827 327 0 50 10
a 1828 361 0 43 4
a 1828 1359 0 20 3
a 1831 389 0 43 3
a 1831 1447 0 19 9
a 1833 949 0 43 10
a 1833 691 0 1 5
a 1840 1126 0 43 10
a 1840 1513 0 49 8
a 1845 173 0 43 6
a 1845 1688 0 32 7
a 1846 1043 0 43 2
a 1846 1797 0 21 3
a 1850 296 0 43 5
a 1850 1521 0 40 6
a 1852 1712 0 43 10
a 1852 1614 0 37 5
a 1854 1267 0 43 10
a 1854 1446 0 3 2
a 1855 683 0 43 6
a 1855 406 0 31 3
a 1857 1390 0 43 4
a 1857 429 0 47 3
a 1858 1694 0 43 2
a 1858 1522 0 49 10
a 1859 1635 0 43 1
a 1859 1128 0 34 5
a 1860 977 0 43 3
a 1860 1811 0 33 3
a 1864 1477 0 43 6
a 1864 241 0 31 8
a 1865 1946 0 43 3
a 1865 1593 0 17 6
a 1868 505 0 43 5
a 1868 201 0 36 9
a 1870 908 0 43 9
a 1870 973 0 0 5
a 1871 1249 0 43 6
a 1871 549 0 14 5
a 1872 315 0 43 8
a 1872 47 0 4 2
a 1873 1058 0 43 5
a 1873 1969 0 21 9
a 1875 1103 0 43 2
a 1875 828 0 9 7
a 1876 1211 0 43 5
a 1876 1122 0 17 9
a 1877 457 0 43 9
a 1877 473 0 13 4
a 1878 733 0 43 4
a 1878 175 0 40 5
a 1881 1361 0 43 6
a 1881 516 0 32 1
a 1882 826 0 43 1
a 1882 259 0 9 3
a 1885 287 0 43 7
a 1885 1106 0 4 9
a 1886 7 0 43 10
a 1886 1466 0 33 2
a 1888 1628 0 43 8
a 1888 1203 0 48 10
a 1889 551 0 43 7
a 1889 702 0 3 4
a 1891 1233 0 43 4
a 1891 308 0 15 3
a 1897 1551 0 43 1
a 1897 1314 0 41 9
a 1899 906 0 43 5
a 1899 1906 0 16 6
a 1900 1840 0 43 7
a 1900 956 0 47 10
a 1902 695 0 43 7
a 1902 378 0 28 3
a 1903 588 0 43 5
a 1903 1626 0 39 10
a 1904 1610 0 43 6
a 1904 1409 0 1 7
a 1905 1168 0 43 5
a 1905 87 0 38 3
a 1906 1876 0 43 7
a 1906 338 0 6 8
a 1907 898 0 43 9
a 1907 694 0 24 8
a 1912 242 0 43 7
a 1912 56 0 37 7
a 1913 1773 0 43 3
a 1913 126 0 33 9
a 1915 1155 0 43 6
a 1915 631 0 28 10
a 1919 979 0 43 7
a 1919 876 0 17 4
a 1920 1064 0 43 1
a 1920 585 0 48 8
a 1921 597 0 43 1
a 1921 1039 0 27 10
a 1925 553 0 43 4
a 1925 219 0 10 7
a 1926 1936 0 43 1
a 1926 815 0 13 3
a 1928 862 0 43 6
a 1928 24 0 32 3
a 1929 1325 0 43 3
a 1929 1981 0 44 3
a 1930 1761 0 43 10
a 1930 79 0 47 5
a 1932 1572 0 43 9
a 1932 1664 0 3 9
a 1936 634 0 43 3
a 1936 1030 0 10 3
a 1937 1186 0 43 1
a 1937 1968 0 5 4
a 1938 932 0 43 6
a 1938 712 0 21 7
a 1940 1972 0 43 2
a 1940 683 0 30 9
a 1941 1488 0 43 1
a 1941 1000 0 42 10
a 1942 675 0 43 9
a 1942 751 0 29 8
a 1946 54 0 43 3
a 1946 1897 0 27 2
a 1951 1794 0 43 3
a 1951 668 0 42 7
a 1952 1133 0 43 7
a 1952 45 0 40 4
a 1954 680 0 43 2
a 1954 85 0 48 7
a 1955 376 0 43 2
a 1955 654 0 6 4
a 1956 961 0 43 9
a 1956 1428 0 34 9
a 1957 1252 0 43 1
a 1957 1805 0 21 5
a 1964 198 0 43 8
a 1964 1465 0 31 1
a 1966 1434 0 43 7
a 1966 1327 0 13 3
a 1967 1240 0 43 5
a 1967 1509 0 30 2
a 1969 1439 0 43 10
a 1969 756 0 0 4
a 1970 1691 0 43 3
a 1970 1878 0 3 7
a 1972 893 0 43 9
a 1972 1739 0 0 1
a 1976 1174 0 43 1
a 1976 398 0 29 8
a 1980 1055 0 43 4
a 1980 1166 0 25 6
a 1984 1787 0 43 4
a 1984 189 0 17 1
a 1986 1476 0 43 8
a 1986 1796 0 37 2
a 1987 289 0 43 8
a 1987 1283 0 33 5
a 1990 715 0 43 5
a 1990 1853 0 27 1
a 1994 371 0 43 3
a 1994 1489 0 5 1
a 1996 811 0 43 3
a 1996 1544 0 0 3
a 1997 1381 0 43 9
a 1997 1110 0 7 8
a 1998 263 0 43 1
a 1998 1503 0 2 9
