c PyNETGEN v1.0.0
c $ pip install pynetgen
c
c  NETGEN flow network generation algorithm
c  Problem input parameters
c  -------------------------------------
c   Random seed:          15
c   Number of nodes:      2000
c   Source nodes:         2
c   Sink nodes:           2
c   Number of arcs:       4000
c   Minimum arc cost:     1
c   Maximum arc cost:     10
c   Total supply:         50
c   Transshipment -
c     Sources:            0
c     Sinks:              0
c   Skeleton arcs -
c     With max cost:      0
c     Capacitated:        100
c   Minimum arc capacity: 0
c   Maximum arc capacity: 50
c
c  *** Minimum cost flow ***
c
p min 2000 4000
n 1 46
n 2 4
n 1999 -19
n 2000 -31
a 1 26 0 46 6
a 1 167 0 20 9
a 1 1217 0 48 4
a 3 1353 0 46 10
a 3 1217 0 41 6
a 3 1368 0 3 2
a 4 487 0 46 2
a 4 589 0 41 2
a 5 938 0 46 9
a 5 1414 0 42 5
a 5 1372 0 45 10
a 7 407 0 46 1
a 7 815 0 19 6
a 7 1997 0 8 3
a 8 498 0 46 10
a 8 141 0 6 3
a 10 1565 0 46 10
a 10 554 0 15 3
a 13 250 0 46 5
a 13 472 0 48 7
a 14 1498 0 46 4
a 14 1155 0 8 5
a 15 405 0 46 7
a 15 285 0 39 3
a 16 1464 0 46 8
a 16 1066 0 25 4
a 17 985 0 46 6
a 17 1270 0 16 4
a 20 422 0 46 8
a 20 1805 0 36 3
a 21 459 0 46 3
a 21 1286 0 24 8
a 23 425 0 46 7
a 23 591 0 26 4
a 24 1581 0 46 6
a 24 1011 0 20 7
a 26 1028 0 46 9
a 26 258 0 1 9
a 27 1572 0 46 7
a 27 588 0 12 5
a 33 47 0 46 10
a 33 1269 0 45 7
a 36 1202 0 46 7
a 36 526 0 12 2
a 38 59 0 46 7
a 38 1990 0 39 2
a 39 1145 0 46 10
a 39 797 0 14 4
a 40 1086 0 46 4
a 40 1449 0 7 5
a 42 825 0 46 9
a 42 555 0 49 1
a 44 1269 0 46 7
a 44 755 0 23 6
a 46 1077 0 46 10
a 46 1744 0 34 3
a 47 389 0 46 1
a 47 628 0 18 8
a 48 403 0 46 10
a 48 610 0 7 5
a 49 1444 0 46 2
a 49 994 0 40 7
a 51 13 0 46 10
a 51 421 0 28 4
a 52 1294 0 46 10
a 52 1611 0 49 6
a 53 210 0 46 8
a 53 1950 0 28 8
a 54 349 0 46 6
a 54 255 0 25 4
a 59 226 0 46 5
a 59 1277 0 33 5
a 63 1843 0 46 10
a 63 1588 0 24 1
a 64 1194 0 46 5
a 64 608 0 40 2
a 71 1961 0 46 9
a 71 306 0 22 4
a 74 1375 0 46 9
a 74 357 0 41 1
a 75 530 0 46 6
a 75 1383 0 35 4
a 76 1636 0 46 4
a 76 1106 0 48 1
a 78 1829 0 46 7
a 78 1660 0 9 7
a 83 1968 0 46 8
a 83 113 0 24 2
a 85 1039 0 46 3
a 85 631 0 20 2
a 87 23 0 46 4
a 87 447 0 22 8
a 91 36 0 46 10
a 91 550 0 45 4
a 92 737 0 46 9
a 92 1404 0 42 2
a 97 27 0 46 2
a 97 1883 0 33 10
a 100 1473 0 46 10
a 100 1252 0 41 3
a 101 790 0 46 6
a 101 498 0 3 8
a 102 587 0 46 6
a 102 1653 0 50 1
a 103 361 0 46 8
a 103 1032 0 19 7
a 104 984 0 46 9
a 104 1376 0 17 8
a 107 1442 0 46 7
a 107 1602 0 23 6
a 119 701 0 46 7
a 119 450 0 42 5
a 121 457 0 46 4
a 121 1487 0 23 4
a 122 1914 0 46 6
a 122 1799 0 12 8
a 123 1785 0 46 1
a 123 438 0 6 7
a 126 224 0 46 7
a 126 940 0 43 1
a 128 1669 0 46 1
a 128 1887 0 48 4
a 129 644 0 46 9
a 129 1821 0 5 10
a 130 1621 0 46 3
a 130 113 0 31 7
a 131 1716 0 46 8
a 131 641 0 4 2
a 133 1212 0 46 4
a 133 304 0 35 3
a 134 1563 0 46 5
a 134 774 0 25 9
a 135 1555 0 46 5
a 135 696 0 40 9
a 136 1667 0 46 4
a 136 1730 0 10 2
a 137 107 0 46 4
a 137 929 0 34 10
a 138 1443 0 46 4
a 138 1284 0 23 2
a 139 1743 0 46 2
a 139 323 0 25 10
a 142 477 0 46 9
a 142 1802 0 27 9
a 144 871 0 46 3
a 144 1060 0 7 1
a 145 270 0 46 1
a 145 96 0 34 10
a 146 346 0 46 8
a 146 170 0 31 4
a 147 1423 0 46 5
a 147 1064 0 7 10
a 149 1951 0 46 9
a 149 1833 0 16 10
a 150 798 0 46 5
a 150 158 0 45 10
a 151 169 0 46 2
a 151 110 0 8 9
a 154 1051 0 46 8
a 154 1001 0 21 9
a 157 1466 0 46 2
a 157 1358 0 2 3
a 158 1445 0 46 7
a 158 98 0 2 6
a 159 1944 0 46 4
a 159 700 0 38 10
a 160 263 0 46 10
a 160 46 0 28 3
a 166 1333 0 46 3
a 166 1861 0 39 7
a 167 485 0 46 1
a 167 99 0 44 7
a 168 38 0 46 10
a 168 840 0 21 1
a 169 194 0 46 7
a 169 1606 0 14 10
a 170 887 0 46 8
a 170 1312 0 46 2
a 171 1045 0 46 9
a 171 160 0 37 5
a 175 1243 0 46 10
a 175 575 0 40 9
a 177 92 0 46 6
a 177 896 0 11 4
a 178 916 0 46 4
a 178 1456 0 3 7
a 184 1672 0 46 3
a 184 294 0 43 5
a 185 1038 0 46 7
a 185 338 0 40 2
a 187 788 0 46 1
a 187 1100 0 11 5
a 189 78 0 46 5
a 189 1388 0 15 5
a 190 1012 0 46 9
a 190 1402 0 40 10
a 191 1938 0 46 7
a 191 1822 0 33 4
a 194 1884 0 46 5
a 194 1079 0 46 5
a 197 1006 0 46 4
a 197 1835 0 44 5
a 199 119 0 46 9
a 199 955 0 17 7
a 201 1537 0 46 9
a 201 1215 0 22 6
a 202 890 0 46 4
a 202 938 0 49 2
a 206 1851 0 46 6
a 206 325 0 37 7
a 210 619 0 46 10
a 210 1472 0 29 8
a 216 1717 0 46 4
a 216 1626 0 12 1
a 217 1560 0 46 1
a 217 1563 0 47 2
a 219 44 0 46 5
a 219 1087 0 11 2
a 220 221 0 46 1
a 220 643 0 30 4
a 221 20 0 46 7
a 221 772 0 46 5
a 222 244 0 46 4
a 222 1430 0 41 9
a 223 1690 0 46 9
a 223 298 0 13 1
a 224 74 0 46 1
a 224 1618 0 44 5
a 226 275 0 46 4
a 226 1104 0 41 3
a 227 168 0 46 3
a 227 144 0 9 10
a 229 554 0 46 9
a 229 247 0 36 3
a 230 1568 0 46 7
a 230 1876 0 15 2
a 233 1664 0 46 8
a 233 455 0 38 10
a 237 1703 0 46 8
a 237 1470 0 11 2
a 240 1247 0 46 8
a 240 1207 0 27 1
a 242 1229 0 46 3
a 242 615 0 7 10
a 244 709 0 46 8
a 244 567 0 33 3
a 245 299 0 46 2
a 245 1395 0 13 1
a 249 339 0 46 8
a 249 407 0 29 6
a 250 1337 0 46 4
a 250 1852 0 23 8
a 254 1545 0 46 10
a 254 699 0 22 6
a 256 171 0 46 2
a 256 811 0 17 6
a 257 1547 0 46 5
a 257 639 0 20 4
a 258 1833 0 46 2
a 258 1541 0 36 2
a 262 668 0 46 10
a 262 968 0 31 8
a 263 147 0 46 1
a 263 553 0 26 6
a 264 760 0 46 2
a 264 1602 0 7 4
a 265 1528 0 46 2
a 265 390 0 43 6
a 266 48 0 46 3
a 266 1969 0 18 10
a 270 891 0 46 7
a 270 1250 0 17 5
a 271 1722 0 46 8
a 271 23 0 20 5
a 272 1005 0 46 3
a 272 768 0 37 2
a 275 1570 0 46 5
a 275 77 0 17 2
a 276 1015 0 46 10
a 276 614 0 15 1
a 277 1292 0 46 2
a 277 863 0 37 1
a 280 927 0 46 7
a 280 1790 0 19 2
a 282 1369 0 46 2
a 282 1104 0 14 1
a 283 1970 0 46 5
a 283 1764 0 43 6
a 285 886 0 46 9
a 285 938 0 30 1
a 286 355 0 46 5
a 286 191 0 31 3
a 288 1558 0 46 10
a 288 518 0 43 1
a 291 129 0 46 6
a 291 1834 0 50 1
a 292 444 0 46 10
a 292 1682 0 37 4
a 293 1334 0 46 1
a 293 1727 0 33 4
a 294 1860 0 46 4
a 294 1542 0 29 7
a 297 21 0 46 7
a 297 886 0 4 6
a 299 1626 0 46 9
a 299 1485 0 33 9
a 300 1983 0 46 3
a 300 895 0 47 4
a 301 977 0 46 6
a 301 1747 0 45 5
a 304 1208 0 46 6
a 304 881 0 12 8
a 309 1277 0 46 4
a 309 1807 0 42 2
a 310 1600 0 46 4
a 310 1669 0 50 4
a 314 1802 0 46 7
a 314 1574 0 26 4
a 316 1586 0 46 10
a 316 988 0 37 9
a 317 1065 0 46 8
a 317 842 0 29 9
a 320 1264 0 46 4
a 320 1956 0 9 6
a 330 1892 0 46 10
a 330 568 0 11 1
a 331 1185 0 46 2
a 331 1454 0 30 3
a 333 827 0 46 8
a 333 392 0 49 7
a 338 197 0 46 1
a 338 854 0 12 5
a 339 1318 0 46 7
a 339 1310 0 22 8
a 343 458 0 46 9
a 343 1088 0 12 8
a 344 1088 0 46 5
a 344 935 0 1 9
a 346 410 0 46 2
a 346 422 0 2 2
a 347 338 0 46 2
a 347 540 0 14 7
a 348 956 0 46 10
a 348 1139 0 31 5
a 349 1927 0 46 6
a 349 1450 0 14 10
a 352 1804 0 46 9
a 352 1517 0 30 3
a 353 1652 0 46 1
a 353 586 0 4 10
a 354 1960 0 46 8
a 354 464 0 31 3
a 355 1936 0 46 7
a 355 1374 0 49 9
a 356 559 0 46 2
a 356 463 0 32 3
a 358 1142 0 46 3
a 358 1042 0 42 5
a 360 33 0 46 2
a 360 577 0 39 6
a 361 1588 0 46 3
a 361 44 0 12 2
a 362 661 0 46 9
a 362 512 0 45 1
a 366 1311 0 46 4
a 366 1145 0 14 2
a 368 1536 0 46 2
a 368 22 0 44 1
a 371 859 0 46 7
a 371 1901 0 24 5
a 372 753 0 46 5
a 372 1645 0 23 9
a 374 237 0 46 2
a 374 786 0 48 5
a 375 1622 0 46 3
a 375 1189 0 49 5
a 376 1597 0 46 2
a 376 507 0 26 9
a 379 1699 0 46 4
a 379 139 0 11 8
a 380 529 0 46 9
a 380 1326 0 13 3
a 383 896 0 46 7
a 383 1151 0 4 7
a 387 1029 0 46 7
a 387 881 0 8 4
a 388 374 0 46 2
a 388 275 0 32 6
a 389 348 0 46 9
a 389 1612 0 23 1
a 392 1290 0 46 2
a 392 1766 0 5 9
a 400 1331 0 46 7
a 400 803 0 2 6
a 403 618 0 46 4
a 403 778 0 10 10
a 405 272 0 46 5
a 405 505 0 0 10
a 406 854 0 46 6
a 406 256 0 32 9
a 407 936 0 46 7
a 407 819 0 39 6
a 408 1643 0 46 3
a 408 1677 0 25 6
a 410 64 0 46 8
a 410 857 0 28 1
a 412 769 0 46 8
a 412 911 0 25 1
a 413 104 0 46 3
a 413 1063 0 4 1
a 414 698 0 46 4
a 414 846 0 48 4
a 415 408 0 46 8
a 415 1761 0 30 10
a 416 972 0 46 6
a 416 596 0 13 1
a 420 1360 0 46 4
a 420 1569 0 21 1
a 421 656 0 46 5
a 421 972 0 50 1
a 422 1406 0 46 8
a 422 348 0 16 1
a 423 563 0 46 6
a 423 1093 0 23 9
a 425 568 0 46 4
a 425 684 0 26 5
a 427 1593 0 46 2
a 427 698 0 33 4
a 428 1753 0 46 3
a 428 752 0 44 9
a 429 14 0 46 1
a 429 112 0 27 6
a 430 495 0 46 6
a 430 1657 0 5 9
a 433 1839 0 46 3
a 433 1545 0 23 9
a 435 314 0 46 8
a 435 1672 0 31 4
a 437 1408 0 46 3
a 437 150 0 26 4
a 439 1609 0 46 2
a 439 1002 0 3 1
a 440 1687 0 46 7
a 440 1296 0 3 7
a 444 1958 0 46 5
a 444 1154 0 3 3
a 447 400 0 46 6
a 447 1101 0 44 7
a 448 689 0 46 10
a 448 880 0 11 4
a 451 1770 0 46 2
a 451 1199 0 13 2
a 452 1472 0 46 5
a 452 1802 0 29 6
a 453 1792 0 46 1
a 453 1394 0 30 8
a 454 292 0 46 4
a 454 785 0 22 7
a 457 1114 0 46 4
a 457 518 0 16 3
a 458 271 0 46 3
a 458 1312 0 3 5
a 459 1062 0 46 4
a 459 1315 0 43 7
a 461 1575 0 46 5
a 461 37 0 0 2
a 463 1323 0 46 9
a 463 1950 0 29 8
a 464 881 0 46 10
a 464 1333 0 32 7
a 465 1590 0 46 10
a 465 1020 0 35 7
a 466 7 0 46 8
a 466 587 0 48 2
a 467 416 0 46 1
a 467 1629 0 25 10
a 470 1778 0 46 2
a 470 1043 0 6 3
a 471 1376 0 46 7
a 471 364 0 28 1
a 473 1071 0 46 7
a 473 1518 0 33 1
a 475 1226 0 46 7
a 475 43 0 4 10
a 476 1932 0 46 3
a 476 242 0 11 2
a 477 1819 0 46 3
a 477 304 0 12 6
a 479 1775 0 46 9
a 479 1285 0 8 4
a 481 1748 0 46 5
a 481 1628 0 12 6
a 482 1407 0 46 5
a 482 989 0 20 2
a 483 823 0 46 4
a 483 1764 0 15 2
a 485 997 0 46 6
a 485 533 0 33 6
a 487 1426 0 46 9
a 487 1071 0 38 10
a 490 429 0 46 10
a 490 1185 0 4 6
a 494 387 0 46 2
a 494 1522 0 17 3
a 495 766 0 46 7
a 495 1512 0 36 8
a 496 227 0 46 5
a 496 509 0 0 10
a 498 1645 0 46 8
a 498 1953 0 14 4
a 499 718 0 46 8
a 499 680 0 6 5
a 500 166 0 46 9
a 500 1428 0 18 6
a 505 1076 0 46 7
a 505 1233 0 13 8
a 506 1662 0 46 9
a 506 359 0 15 10
a 512 1427 0 46 5
a 512 1443 0 49 9
a 516 102 0 46 3
a 516 227 0 35 5
a 518 1446 0 46 8
a 518 1047 0 19 4
a 519 1948 0 46 5
a 519 1686 0 2 3
a 525 466 0 46 5
a 525 380 0 34 2
a 527 1943 0 46 8
a 527 112 0 50 9
a 528 1324 0 46 10
a 528 984 0 15 8
a 529 1219 0 46 8
a 529 1850 0 2 5
a 530 1093 0 46 5
a 530 1620 0 36 6
a 534 1878 0 46 7
a 534 1302 0 19 8
a 540 1973 0 46 7
a 540 951 0 26 9
a 541 131 0 46 3
a 541 414 0 8 1
a 542 580 0 46 6
a 542 641 0 27 4
a 543 1720 0 46 2
a 543 409 0 38 2
a 544 1610 0 46 1
a 544 1165 0 3 7
a 545 1724 0 46 6
a 545 1077 0 21 7
a 547 1658 0 46 5
a 547 125 0 0 2
a 548 1504 0 46 10
a 548 1381 0 41 1
a 550 620 0 46 4
a 550 1196 0 12 2
a 552 1097 0 46 9
a 552 1997 0 33 8
a 554 437 0 46 5
a 554 445 0 40 10
a 555 1256 0 46 2
a 555 862 0 17 9
a 556 1413 0 46 5
a 556 701 0 46 2
a 557 1521 0 46 2
a 557 266 0 37 10
a 558 849 0 46 5
a 558 640 0 35 8
a 559 909 0 46 8
a 559 1503 0 4 7
a 563 294 0 46 7
a 563 101 0 49 6
a 567 122 0 46 2
a 567 890 0 5 9
a 568 1845 0 46 4
a 568 29 0 40 7
a 569 908 0 46 10
a 569 1770 0 46 10
a 572 1060 0 46 1
a 572 1943 0 17 10
a 574 613 0 46 7
a 574 461 0 50 6
a 576 1744 0 46 3
a 576 986 0 27 8
a 577 1853 0 46 6
a 577 1826 0 26 2
a 578 848 0 46 1
a 578 902 0 13 3
a 580 1846 0 46 4
a 580 1261 0 32 7
a 584 392 0 46 10
a 584 1427 0 6 4
a 586 1858 0 46 3
a 586 1011 0 3 9
a 587 1218 0 46 2
a 587 12 0 46 9
a 588 189 0 46 3
a 588 1304 0 37 8
a 589 527 0 46 3
a 589 1677 0 15 4
a 590 828 0 46 2
a 590 1772 0 32 6
a 591 873 0 46 5
a 591 483 0 29 1
a 594 555 0 46 10
a 594 493 0 6 1
a 599 671 0 46 8
a 599 1761 0 44 1
a 600 142 0 46 8
a 600 1865 0 44 4
a 602 1793 0 46 1
a 602 694 0 30 4
a 603 1055 0 46 1
a 603 1097 0 12 8
a 606 87 0 46 2
a 606 1164 0 17 2
a 608 952 0 46 5
a 608 1029 0 6 10
a 609 1011 0 46 9
a 609 441 0 25 1
a 613 1771 0 46 7
a 613 142 0 48 6
a 615 473 0 46 5
a 615 1633 0 38 7
a 617 1160 0 46 6
a 617 979 0 27 9
a 618 998 0 46 1
a 618 239 0 19 9
a 619 1854 0 46 3
a 619 1136 0 39 5
a 620 1035 0 46 6
a 620 1390 0 13 9
a 622 1801 0 46 5
a 622 1473 0 22 4
a 627 959 0 46 9
a 627 420 0 9 10
a 629 829 0 46 7
a 629 644 0 8 2
a 633 734 0 46 2
a 633 820 0 7 10
a 634 901 0 46 5
a 634 1799 0 20 7
a 637 1384 0 46 7
a 637 1875 0 13 9
a 638 199 0 46 7
a 638 447 0 6 5
a 640 1259 0 46 8
a 640 249 0 47 3
a 641 1437 0 46 7
a 641 598 0 11 10
a 643 130 0 46 3
a 643 1874 0 33 8
a 644 876 0 46 7
a 644 818 0 6 3
a 645 1287 0 46 3
a 645 533 0 22 1
a 648 1371 0 46 4
a 648 1033 0 41 1
a 651 978 0 46 6
a 651 522 0 25 7
a 652 1663 0 46 1
a 652 258 0 1 5
a 653 201 0 46 2
a 653 314 0 39 9
a 656 1797 0 46 5
a 656 925 0 8 7
a 657 1661 0 46 7
a 657 1109 0 10 3
a 659 584 0 46 1
a 659 1037 0 43 3
a 661 220 0 46 5
a 661 567 0 43 2
a 664 744 0 46 6
a 664 1128 0 5 10
a 666 1025 0 46 2
a 666 772 0 7 1
a 667 1857 0 46 5
a 667 726 0 43 9
a 668 1246 0 46 1
a 668 1436 0 18 10
a 671 3 0 46 7
a 671 2000 0 2 10
a 673 1147 0 46 1
a 673 1378 0 14 2
a 674 904 0 46 1
a 674 74 0 31 6
a 675 794 0 46 6
a 675 678 0 48 5
a 676 137 0 46 2
a 676 1185 0 11 9
a 679 1270 0 46 4
a 679 961 0 14 1
a 680 223 0 46 1
a 680 1676 0 30 6
a 681 470 0 46 9
a 681 1249 0 1 6
a 682 1332 0 46 1
a 682 210 0 8 10
a 683 146 0 46 1
a 683 703 0 35 2
a 686 1386 0 46 8
a 686 1999 0 46 7
a 689 476 0 46 5
a 689 759 0 48 3
a 691 1007 0 46 10
a 691 223 0 25 4
a 697 815 0 46 2
a 697 681 0 11 1
a 698 356 0 46 2
a 698 557 0 28 6
a 699 586 0 46 5
a 699 172 0 6 7
a 701 1079 0 46 5
a 701 1058 0 50 1
a 703 834 0 46 10
a 703 1261 0 29 5
a 706 627 0 46 3
a 706 1721 0 21 3
a 707 541 0 46 3
a 707 1695 0 31 6
a 709 516 0 46 1
a 709 390 0 47 2
a 715 2000 0 46 10
a 715 772 0 9 9
a 718 1596 0 46 3
a 718 1414 0 37 7
a 719 1284 0 46 3
a 719 228 0 38 2
a 723 1856 0 46 7
a 723 465 0 19 8
a 725 1751 0 46 4
a 725 277 0 28 6
a 727 544 0 46 1
a 727 1356 0 28 3
a 728 1800 0 46 9
a 728 1534 0 7 7
a 729 602 0 46 10
a 729 1659 0 21 7
a 732 785 0 46 6
a 732 174 0 22 9
a 734 789 0 46 9
a 734 1403 0 50 10
a 737 39 0 46 5
a 737 578 0 11 9
a 740 257 0 46 3
a 740 1364 0 22 1
a 741 1592 0 46 6
a 741 648 0 47 10
a 744 1805 0 46 8
a 744 1754 0 6 2
a 746 1036 0 46 7
a 746 1329 0 36 7
a 747 657 0 46 4
a 747 183 0 40 6
a 751 703 0 46 7
a 751 1405 0 10 5
a 752 380 0 46 7
a 752 1435 0 39 4
a 753 1684 0 46 6
a 753 1336 0 19 6
a 756 686 0 46 8
a 756 565 0 39 5
a 760 1695 0 46 10
a 760 1757 0 48 1
a 762 1137 0 46 7
a 762 1003 0 0 7
a 763 1278 0 46 2
a 763 32 0 24 1
a 765 1790 0 46 9
a 765 525 0 47 10
a 766 76 0 46 8
a 766 852 0 23 10
a 767 1508 0 46 6
a 767 869 0 31 2
a 769 1156 0 46 4
a 769 1901 0 14 5
a 776 1191 0 46 4
a 776 1547 0 26 4
a 777 1921 0 46 6
a 777 396 0 28 3
a 779 344 0 46 8
a 779 1302 0 25 2
a 780 723 0 46 7
a 780 1030 0 31 4
a 781 1014 0 46 2
a 781 1259 0 21 2
a 782 1946 0 46 2
a 782 432 0 12 9
a 785 1754 0 46 8
a 785 370 0 41 6
a 786 1252 0 46 10
a 786 1502 0 48 8
a 788 24 0 46 8
a 788 667 0 28 7
a 789 448 0 46 4
a 789 503 0 6 5
a 790 762 0 46 1
a 790 1593 0 21 4
a 791 847 0 46 7
a 791 1529 0 6 3
a 793 1364 0 46 2
a 793 1076 0 43 10
a 794 1439 0 46 5
a 794 1576 0 11 9
a 797 1312 0 46 2
a 797 964 0 6 3
a 798 837 0 46 9
a 798 331 0 35 5
a 799 1343 0 46 6
a 799 787 0 1 8
a 800 608 0 46 3
a 800 1912 0 14 3
a 801 1861 0 46 8
a 801 1732 0 21 10
a 803 1121 0 46 9
a 803 114 0 16 7
a 807 1267 0 46 7
a 807 1907 0 18 5
a 809 950 0 46 10
a 809 182 0 8 1
a 810 675 0 46 10
a 810 1390 0 5 10
a 812 145 0 46 5
a 812 1682 0 16 8
a 815 1109 0 46 8
a 815 177 0 5 7
a 816 1546 0 46 4
a 816 883 0 40 7
a 821 1074 0 46 1
a 821 1767 0 21 8
a 822 121 0 46 8
a 822 455 0 38 3
a 823 4 0 46 4
a 823 524 0 9 3
a 825 1396 0 46 2
a 825 1225 0 28 7
a 826 412 0 46 6
a 826 442 0 3 4
a 827 49 0 46 5
a 827 650 0 30 4
a 828 1013 0 46 6
a 828 1656 0 27 5
a 829 1632 0 46 3
a 829 1213 0 4 7
a 832 547 0 46 6
a 832 247 0 43 9
a 834 1950 0 46 9
a 834 404 0 2 7
a 836 1512 0 46 5
a 836 1394 0 39 5
a 837 1196 0 46 5
a 837 153 0 3 8
a 840 1490 0 46 9
a 840 1675 0 2 1
a 843 648 0 46 3
a 843 1753 0 38 8
a 845 440 0 46 7
a 845 843 0 24 6
a 847 506 0 46 2
a 847 392 0 48 4
a 848 599 0 46 1
a 848 1850 0 23 7
a 849 1840 0 46 6
a 849 8 0 1 7
a 850 1815 0 46 9
a 850 1076 0 31 4
a 854 242 0 46 3
a 854 1923 0 2 3
a 857 222 0 46 10
a 857 1041 0 2 10
a 858 1434 0 46 1
a 858 396 0 8 8
a 859 1763 0 46 3
a 859 1634 0 34 8
a 863 680 0 46 7
a 863 542 0 16 4
a 869 1382 0 46 4
a 869 1890 0 44 8
a 870 1180 0 46 1
a 870 1582 0 10 4
a 871 175 0 46 9
a 871 467 0 9 3
a 873 907 0 46 7
a 873 554 0 14 2
a 876 676 0 46 5
a 876 270 0 34 10
a 878 483 0 46 10
a 878 1093 0 30 7
a 879 1415 0 46 10
a 879 992 0 46 3
a 881 640 0 46 9
a 881 357 0 17 2
a 882 1709 0 46 2
a 882 1905 0 0 8
a 885 1100 0 46 9
a 885 1553 0 40 10
a 886 1752 0 46 4
a 886 1430 0 31 2
a 887 52 0 46 4
a 887 538 0 30 10
a 890 1451 0 46 4
a 890 162 0 10 6
a 891 576 0 46 4
a 891 1471 0 14 3
a 892 1341 0 46 1
a 892 1848 0 7 5
a 895 1096 0 46 1
a 895 30 0 5 2
a 896 258 0 46 2
a 896 420 0 41 3
a 897 1268 0 46 9
a 897 37 0 34 3
a 898 1906 0 46 5
a 898 744 0 1 4
a 899 368 0 46 5
a 899 259 0 6 3
a 900 1347 0 46 5
a 900 1418 0 2 2
a 901 249 0 46 6
a 901 1833 0 8 6
a 903 423 0 46 8
a 903 584 0 4 1
a 904 1749 0 46 3
a 904 114 0 16 6
a 905 100 0 46 8
a 905 838 0 44 8
a 906 779 0 46 5
a 906 1012 0 10 2
a 907 388 0 46 8
a 907 585 0 24 6
a 908 1997 0 46 7
a 908 1155 0 1 2
a 909 1834 0 46 8
a 909 1273 0 21 10
a 911 969 0 46 4
a 911 700 0 42 10
a 912 184 0 46 8
a 912 1686 0 28 10
a 915 751 0 46 9
a 915 707 0 50 1
a 916 1176 0 46 1
a 916 1577 0 23 4
a 921 1056 0 46 5
a 921 1944 0 35 6
a 923 1929 0 46 6
a 923 1358 0 24 1
a 926 590 0 46 9
a 926 1352 0 10 7
a 927 1551 0 46 5
a 927 1541 0 34 3
a 931 990 0 46 7
a 931 200 0 33 10
a 932 1356 0 46 10
a 932 1414 0 47 1
a 936 1774 0 46 5
a 936 1859 0 39 7
a 938 921 0 46 3
a 938 1621 0 29 1
a 939 673 0 46 8
a 939 382 0 4 10
a 942 1992 0 46 3
a 942 863 0 24 8
a 947 1163 0 46 10
a 947 1474 0 26 4
a 950 1895 0 46 10
a 950 1594 0 21 1
a 951 256 0 46 5
a 951 1146 0 44 10
a 952 1566 0 46 5
a 952 1016 0 45 5
a 953 1179 0 46 5
a 953 192 0 31 3
a 956 101 0 46 6
a 956 1396 0 40 3
a 958 490 0 46 6
a 958 956 0 25 4
a 959 1336 0 46 2
a 959 970 0 23 8
a 961 1177 0 46 8
a 961 1723 0 35 10
a 962 467 0 46 7
a 962 1806 0 2 2
a 969 1850 0 46 2
a 969 378 0 21 5
a 970 843 0 46 5
a 970 923 0 18 2
a 971 219 0 46 10
a 971 1513 0 32 10
a 972 1505 0 46 2
a 972 585 0 0 5
a 976 1475 0 46 4
a 976 1121 0 13 2
a 977 1222 0 46 6
a 977 1846 0 22 7
a 978 863 0 46 5
a 978 1547 0 42 1
a 982 525 0 46 2
a 982 846 0 22 7
a 984 1136 0 46 9
a 984 1601 0 45 7
a 985 1438 0 46 5
a 985 509 0 38 9
a 986 178 0 46 10
a 986 1285 0 29 7
a 990 1824 0 46 3
a 990 1282 0 10 7
a 993 1782 0 46 1
a 993 1260 0 45 9
a 997 433 0 46 7
a 997 1474 0 21 3
a 998 347 0 46 2
a 998 802 0 26 9
a 1002 1153 0 46 3
a 1002 1400 0 11 4
a 1004 923 0 46 10
a 1004 322 0 22 2
a 1005 1700 0 46 8
a 1005 1954 0 16 9
a 1006 1507 0 46 9
a 1006 1919 0 29 8
a 1007 962 0 46 5
a 1007 1717 0 40 1
a 1010 1693 0 46 9
a 1010 618 0 29 6
a 1011 1149 0 46 6
a 1011 559 0 34 8
a 1012 594 0 46 9
a 1012 1807 0 22 2
a 1013 138 0 46 9
a 1013 762 0 47 3
a 1014 1215 0 46 10
a 1014 1959 0 16 2
a 1015 1515 0 46 10
a 1015 519 0 47 5
a 1018 265 0 46 10
a 1018 1978 0 20 1
a 1024 1135 0 46 7
a 1024 775 0 30 6
a 1025 1511 0 46 9
a 1025 1592 0 48 6
a 1026 528 0 46 3
a 1026 25 0 8 5
a 1027 1787 0 46 8
a 1027 605 0 13 8
a 1028 461 0 46 4
a 1028 12 0 31 10
a 1029 557 0 46 5
a 1029 1140 0 49 2
a 1030 383 0 46 8
a 1030 264 0 36 10
a 1031 1370 0 46 10
a 1031 250 0 12 7
a 1032 167 0 46 5
a 1032 308 0 23 5
a 1033 1623 0 46 1
a 1033 457 0 25 8
a 1035 1668 0 46 1
a 1035 1309 0 38 10
a 1036 958 0 46 6
a 1036 252 0 3 5
a 1038 1704 0 46 5
a 1038 1965 0 15 2
a 1039 10 0 46 7
a 1039 674 0 45 10
a 1040 97 0 46 3
a 1040 1523 0 47 7
a 1043 283 0 46 1
a 1043 292 0 44 4
a 1044 240 0 46 6
a 1044 634 0 41 4
a 1045 353 0 46 8
a 1045 266 0 47 10
a 1046 1746 0 46 8
a 1046 461 0 50 9
a 1049 1634 0 46 10
a 1049 1228 0 42 8
a 1050 1559 0 46 4
a 1050 126 0 43 9
a 1051 915 0 46 9
a 1051 1116 0 23 10
a 1052 413 0 46 2
a 1052 790 0 27 6
a 1054 85 0 46 2
a 1054 270 0 27 8
a 1055 1995 0 46 1
a 1055 10 0 10 5
a 1056 879 0 46 8
a 1056 1823 0 35 5
a 1057 1453 0 46 3
a 1057 1243 0 44 4
a 1058 1273 0 46 9
a 1058 1850 0 50 6
a 1060 1659 0 46 8
a 1060 1358 0 14 2
a 1062 629 0 46 10
a 1062 575 0 2 6
a 1065 280 0 46 1
a 1065 1845 0 8 10
a 1067 1030 0 46 6
a 1067 613 0 25 7
a 1069 293 0 46 10
a 1069 966 0 20 10
a 1071 826 0 46 9
a 1071 1697 0 12 5
a 1074 352 0 46 2
a 1074 1053 0 0 7
a 1076 1705 0 46 1
a 1076 300 0 40 10
a 1077 1940 0 46 4
a 1077 1163 0 42 10
a 1079 310 0 46 6
a 1079 1637 0 33 1
a 1081 453 0 46 10
a 1081 1248 0 40 6
a 1086 217 0 46 10
a 1086 55 0 44 6
a 1087 1069 0 46 6
a 1087 533 0 47 6
a 1088 543 0 46 6
a 1088 766 0 14 2
a 1093 729 0 46 4
a 1093 1525 0 50 4
a 1094 1182 0 46 7
a 1094 1706 0 48 9
a 1096 1133 0 46 9
a 1096 393 0 44 3
a 1097 1711 0 46 10
a 1097 1195 0 12 6
a 1100 1707 0 46 3
a 1100 1674 0 22 1
a 1101 715 0 46 3
a 1101 197 0 38 8
a 1103 262 0 46 9
a 1103 1012 0 36 1
a 1105 882 0 46 10
a 1105 890 0 29 1
a 1106 1195 0 46 6
a 1106 912 0 47 5
a 1108 1557 0 46 10
a 1108 60 0 34 3
a 1109 1031 0 46 9
a 1109 535 0 13 2
a 1110 1152 0 46 4
a 1110 1786 0 6 3
a 1112 1216 0 46 9
a 1112 772 0 44 6
a 1114 1040 0 46 5
a 1114 357 0 36 3
a 1120 719 0 46 9
a 1120 1117 0 43 5
a 1121 1913 0 46 5
a 1121 820 0 41 4
a 1122 1024 0 46 10
a 1122 1284 0 4 3
a 1123 1485 0 46 2
a 1123 104 0 15 5
a 1128 1105 0 46 6
a 1128 715 0 38 4
a 1129 697 0 46 9
a 1129 410 0 48 9
a 1133 1533 0 46 6
a 1133 1904 0 49 4
a 1135 643 0 46 2
a 1135 1249 0 49 5
a 1136 1813 0 46 4
a 1136 1507 0 19 5
a 1137 1143 0 46 8
a 1137 510 0 20 1
a 1142 606 0 46 7
a 1142 511 0 7 1
a 1143 1821 0 46 10
a 1143 1676 0 20 8
a 1144 1460 0 46 2
a 1144 1954 0 39 7
a 1145 91 0 46 4
a 1145 716 0 15 6
a 1147 1523 0 46 10
a 1147 102 0 16 8
a 1149 1272 0 46 7
a 1149 349 0 37 8
a 1152 123 0 46 4
a 1152 249 0 34 8
a 1153 191 0 46 4
a 1153 783 0 4 9
a 1156 1571 0 46 9
a 1156 362 0 41 1
a 1159 1452 0 46 5
a 1159 132 0 16 3
a 1160 1112 0 46 1
a 1160 911 0 15 9
a 1161 1682 0 46 5
a 1161 713 0 1 8
a 1163 1791 0 46 10
a 1163 1112 0 6 7
a 1164 534 0 46 10
a 1164 212 0 20 10
a 1165 46 0 46 3
a 1165 1973 0 23 9
a 1167 1293 0 46 1
a 1167 1850 0 26 10
a 1168 1478 0 46 10
a 1168 991 0 17 4
a 1169 1919 0 46 5
a 1169 1315 0 19 6
a 1171 1484 0 46 4
a 1171 1817 0 6 9
a 1176 1004 0 46 4
a 1176 1549 0 23 9
a 1177 233 0 46 3
a 1177 757 0 3 10
a 1179 1993 0 46 5
a 1179 1582 0 43 3
a 1180 1665 0 46 7
a 1180 786 0 26 3
a 1181 1128 0 46 7
a 1181 1991 0 16 5
a 1182 206 0 46 10
a 1182 1472 0 13 2
a 1185 810 0 46 10
a 1185 885 0 41 3
a 1188 740 0 46 1
a 1188 1591 0 10 8
a 1190 499 0 46 3
a 1190 1920 0 7 1
a 1191 1027 0 46 4
a 1191 1259 0 24 3
a 1194 170 0 46 10
a 1194 537 0 19 1
a 1195 1101 0 46 5
a 1195 1462 0 31 7
a 1196 475 0 46 8
a 1196 1580 0 50 10
a 1202 1372 0 46 9
a 1202 440 0 20 3
a 1203 103 0 46 5
a 1203 1098 0 3 6
a 1205 1908 0 46 5
a 1205 1528 0 8 6
a 1208 1067 0 46 10
a 1208 275 0 12 5
a 1211 633 0 46 7
a 1211 1666 0 45 1
a 1212 1595 0 46 4
a 1212 1665 0 14 1
a 1215 430 0 46 1
a 1215 4 0 32 3
a 1216 1046 0 46 8
a 1216 742 0 44 5
a 1218 366 0 46 4
a 1218 563 0 0 1
a 1219 320 0 46 3
a 1219 1245 0 8 3
a 1222 706 0 46 8
a 1222 669 0 34 2
a 1225 1836 0 46 3
a 1225 1006 0 20 10
a 1226 414 0 46 8
a 1226 1572 0 4 10
a 1228 316 0 46 8
a 1228 225 0 21 2
a 1229 1474 0 46 9
a 1229 269 0 2 5
a 1230 454 0 46 3
a 1230 13 0 14 4
a 1237 961 0 46 8
a 1237 350 0 22 1
a 1238 1876 0 46 5
a 1238 539 0 49 4
a 1239 435 0 46 10
a 1239 133 0 47 6
a 1241 1772 0 46 10
a 1241 1095 0 8 5
a 1242 840 0 46 2
a 1242 414 0 42 3
a 1243 1723 0 46 6
a 1243 380 0 23 7
a 1245 1589 0 46 10
a 1245 1260 0 13 2
a 1246 1870 0 46 6
a 1246 166 0 44 4
a 1247 1441 0 46 3
a 1247 1542 0 20 6
a 1248 1931 0 46 1
a 1248 1585 0 18 10
a 1251 1975 0 46 8
a 1251 708 0 26 6
a 1252 765 0 46 2
a 1252 1754 0 49 9
a 1253 591 0 46 10
a 1253 1489 0 21 4
a 1255 1620 0 46 2
a 1255 974 0 31 8
a 1256 1681 0 46 6
a 1256 1419 0 12 2
a 1258 1129 0 46 4
a 1258 473 0 11 1
a 1259 245 0 46 8
a 1259 1556 0 22 1
a 1261 1245 0 46 4
a 1261 80 0 29 5
a 1264 360 0 46 10
a 1264 795 0 32 5
a 1266 53 0 46 8
a 1266 485 0 24 1
a 1267 1018 0 46 9
a 1267 918 0 50 5
a 1268 651 0 46 2
a 1268 200 0 25 4
a 1269 187 0 46 7
a 1269 919 0 11 5
a 1270 727 0 46 10
a 1270 1805 0 2 1
a 1271 1391 0 46 10
a 1271 1483 0 34 7
a 1272 1430 0 46 10
a 1272 1886 0 23 10
a 1273 1862 0 46 3
a 1273 815 0 10 6
a 1277 782 0 46 6
a 1277 43 0 39 1
a 1278 1241 0 46 9
a 1278 1149 0 44 3
a 1279 463 0 46 2
a 1279 1969 0 29 7
a 1281 1398 0 46 1
a 1281 1353 0 27 7
a 1283 780 0 46 7
a 1283 550 0 22 9
a 1284 505 0 46 1
a 1284 1881 0 10 1
a 1287 885 0 46 8
a 1287 673 0 22 6
a 1288 1248 0 46 3
a 1288 816 0 46 1
a 1290 1458 0 46 6
a 1290 999 0 23 2
a 1292 947 0 46 6
a 1292 1299 0 44 6
a 1293 540 0 46 7
a 1293 110 0 16 1
a 1294 1694 0 46 6
a 1294 569 0 45 2
a 1305 1487 0 46 3
a 1305 1929 0 26 6
a 1306 617 0 46 10
a 1306 149 0 31 2
a 1309 776 0 46 7
a 1309 1760 0 3 4
a 1311 1796 0 46 2
a 1311 1215 0 8 8
a 1312 1685 0 46 2
a 1312 50 0 46 1
a 1313 496 0 46 4
a 1313 292 0 28 4
a 1315 1982 0 46 8
a 1315 991 0 13 5
a 1318 494 0 46 9
a 1318 636 0 9 4
a 1321 869 0 46 5
a 1321 1069 0 24 10
a 1323 1416 0 46 10
a 1323 1825 0 34 5
a 1324 1211 0 46 6
a 1324 476 0 27 3
a 1325 679 0 46 9
a 1325 530 0 46 6
a 1331 752 0 46 5
a 1331 585 0 27 6
a 1332 1828 0 46 10
a 1332 1915 0 19 10
a 1333 870 0 46 8
a 1333 1233 0 43 7
a 1334 1986 0 46 6
a 1334 299 0 27 3
a 1336 297 0 46 9
a 1336 1476 0 50 10
a 1337 1518 0 46 10
a 1337 362 0 17 2
a 1338 1094 0 46 10
a 1338 1711 0 31 4
a 1340 1735 0 46 9
a 1340 1153 0 29 1
a 1341 1123 0 46 3
a 1341 616 0 27 10
a 1342 558 0 46 3
a 1342 1636 0 39 2
a 1343 1032 0 46 2
a 1343 1936 0 3 5
a 1345 133 0 46 8
a 1345 1730 0 28 6
a 1347 1660 0 46 1
a 1347 1447 0 19 6
a 1350 1315 0 46 8
a 1350 276 0 7 1
a 1353 1899 0 46 5
a 1353 1653 0 35 9
a 1354 1242 0 46 7
a 1354 45 0 20 2
a 1356 482 0 46 1
a 1356 1592 0 39 6
a 1357 609 0 46 3
a 1357 879 0 27 10
a 1360 793 0 46 8
a 1360 1940 0 37 6
a 1364 1120 0 46 1
a 1364 379 0 38 4
a 1366 667 0 46 10
a 1366 202 0 0 4
a 1368 1205 0 46 6
a 1368 1444 0 18 10
a 1369 659 0 46 5
a 1369 1624 0 39 2
a 1370 1987 0 46 4
a 1370 978 0 19 4
a 1371 691 0 46 3
a 1371 1329 0 0 9
a 1372 150 0 46 10
a 1372 447 0 27 6
a 1373 465 0 46 3
a 1373 507 0 46 4
a 1374 1741 0 46 1
a 1374 1335 0 50 7
a 1375 1912 0 46 5
a 1375 23 0 27 10
a 1376 1350 0 46 2
a 1376 1506 0 12 6
a 1377 1340 0 46 4
a 1377 1788 0 38 2
a 1382 376 0 46 4
a 1382 748 0 50 2
a 1383 1054 0 46 8
a 1383 993 0 49 5
a 1384 1897 0 46 6
a 1384 171 0 26 9
a 1386 301 0 46 3
a 1386 1632 0 43 1
a 1391 1168 0 46 3
a 1391 1461 0 23 1
a 1395 134 0 46 2
a 1395 708 0 23 3
a 1396 1509 0 46 8
a 1396 811 0 33 8
a 1398 421 0 46 7
a 1398 598 0 24 7
a 1402 1354 0 46 6
a 1402 268 0 31 1
a 1406 1081 0 46 10
a 1406 132 0 34 7
a 1407 982 0 46 7
a 1407 290 0 11 3
a 1408 16 0 46 7
a 1408 336 0 8 3
a 1410 666 0 46 4
a 1410 1805 0 6 7
a 1413 451 0 46 10
a 1413 299 0 20 3
a 1414 653 0 46 3
a 1414 206 0 12 7
a 1415 903 0 46 3
a 1415 1112 0 0 5
a 1416 545 0 46 10
a 1416 1465 0 34 9
a 1419 285 0 46 10
a 1419 1845 0 25 7
a 1421 1777 0 46 2
a 1421 1466 0 7 8
a 1423 1402 0 46 4
a 1423 1170 0 19 9
a 1426 1496 0 46 1
a 1426 463 0 49 2
a 1427 942 0 46 5
a 1427 129 0 20 10
a 1430 1773 0 46 10
a 1430 1617 0 18 10
a 1434 291 0 46 1
a 1434 474 0 7 6
a 1435 379 0 46 3
a 1435 1726 0 33 8
a 1437 1345 0 46 5
a 1437 409 0 12 3
a 1438 54 0 46 2
a 1438 205 0 6 8
a 1439 1739 0 46 4
a 1439 723 0 27 4
a 1440 1476 0 46 2
a 1440 1878 0 16 9
a 1441 1103 0 46 5
a 1441 501 0 46 6
a 1442 420 0 46 6
a 1442 1103 0 35 3
a 1443 681 0 46 8
a 1443 1293 0 49 1
a 1444 911 0 46 7
a 1444 1541 0 10 7
a 1445 1619 0 46 10
a 1445 1640 0 13 1
a 1446 932 0 46 6
a 1446 150 0 2 9
a 1451 1238 0 46 2
a 1451 546 0 36 10
a 1452 202 0 46 4
a 1452 1344 0 12 6
a 1453 1261 0 46 4
a 1453 141 0 44 10
a 1458 548 0 46 8
a 1458 1525 0 25 7
a 1460 1920 0 46 7
a 1460 325 0 29 1
a 1464 634 0 46 6
a 1464 50 0 33 4
a 1466 652 0 46 5
a 1466 1429 0 18 7
a 1467 577 0 46 6
a 1467 1464 0 6 8
a 1472 300 0 46 3
a 1472 1488 0 38 7
a 1473 674 0 46 4
a 1473 1433 0 35 6
a 1474 230 0 46 3
a 1474 217 0 39 9
a 1475 1730 0 46 5
a 1475 928 0 9 5
a 1476 732 0 46 6
a 1476 569 0 17 6
a 1478 1169 0 46 5
a 1478 1203 0 21 1
a 1484 1977 0 46 4
a 1484 72 0 17 4
a 1485 177 0 46 3
a 1485 721 0 1 4
a 1487 331 0 46 3
a 1487 1516 0 34 2
a 1490 1052 0 46 4
a 1490 1166 0 12 2
a 1492 1871 0 46 7
a 1492 884 0 26 1
a 1496 809 0 46 9
a 1496 1826 0 41 8
a 1497 986 0 46 6
a 1497 1858 0 16 1
a 1498 807 0 46 8
a 1498 1044 0 36 1
a 1500 1288 0 46 8
a 1500 374 0 28 5
a 1501 550 0 46 8
a 1501 50 0 29 1
a 1504 1106 0 46 2
a 1504 1329 0 50 3
a 1505 1728 0 46 10
a 1505 552 0 28 2
a 1507 725 0 46 6
a 1507 431 0 24 10
a 1508 603 0 46 9
a 1508 1207 0 24 4
a 1509 699 0 46 8
a 1509 1007 0 17 2
a 1511 5 0 46 8
a 1511 879 0 48 8
a 1512 71 0 46 10
a 1512 1715 0 14 3
a 1514 1497 0 46 3
a 1514 1552 0 20 1
a 1515 500 0 46 7
a 1515 793 0 43 3
a 1518 1421 0 46 5
a 1518 616 0 4 10
a 1520 1366 0 46 5
a 1520 1036 0 19 1
a 1521 1258 0 46 7
a 1521 582 0 39 6
a 1523 1501 0 46 1
a 1523 1417 0 36 6
a 1527 1251 0 46 2
a 1527 729 0 37 2
a 1528 1321 0 46 9
a 1528 1687 0 38 6
a 1530 1010 0 46 5
a 1530 1608 0 26 10
a 1531 1889 0 46 1
a 1531 705 0 4 10
a 1533 1809 0 46 10
a 1533 969 0 46 3
a 1536 1306 0 46 6
a 1536 427 0 22 1
a 1537 1492 0 46 4
a 1537 1029 0 49 4
a 1539 1190 0 46 10
a 1539 757 0 22 4
a 1544 372 0 46 5
a 1544 1000 0 26 5
a 1545 282 0 46 8
a 1545 1828 0 6 8
a 1546 1283 0 46 5
a 1546 1922 0 27 3
a 1547 471 0 46 3
a 1547 1922 0 4 6
a 1548 970 0 46 2
a 1548 132 0 23 6
a 1550 588 0 46 9
a 1550 1162 0 30 8
a 1551 556 0 46 6
a 1551 903 0 3 4
a 1555 1033 0 46 4
a 1555 1275 0 36 9
a 1557 1026 0 46 9
a 1557 1083 0 42 5
a 1558 276 0 46 2
a 1558 1814 0 43 1
a 1559 1657 0 46 10
a 1559 621 0 1 5
a 1560 75 0 46 7
a 1560 1377 0 46 8
a 1563 1383 0 46 7
a 1563 119 0 42 8
a 1565 1683 0 46 7
a 1565 809 0 14 7
a 1566 1726 0 46 6
a 1566 996 0 30 6
a 1568 905 0 46 9
a 1568 703 0 40 5
a 1570 1164 0 46 3
a 1570 1175 0 43 7
a 1571 836 0 46 6
a 1571 891 0 22 5
a 1572 1755 0 46 5
a 1572 364 0 38 1
a 1574 898 0 46 6
a 1574 880 0 31 2
a 1575 1837 0 46 5
a 1575 1742 0 17 8
a 1579 358 0 46 5
a 1579 981 0 42 5
a 1581 1410 0 46 8
a 1581 1134 0 24 4
a 1582 288 0 46 7
a 1582 1745 0 28 5
a 1586 128 0 46 8
a 1586 1251 0 42 6
a 1588 42 0 46 7
a 1588 687 0 12 8
a 1589 1279 0 46 8
a 1589 641 0 29 1
a 1590 892 0 46 1
a 1590 1477 0 22 9
a 1592 1435 0 46 2
a 1592 1511 0 0 1
a 1593 1718 0 46 9
a 1593 805 0 16 8
a 1595 1574 0 46 8
a 1595 295 0 7 10
a 1596 1548 0 46 7
a 1596 1639 0 33 10
a 1597 1271 0 46 9
a 1597 1364 0 4 10
a 1600 1255 0 46 3
a 1600 569 0 34 6
a 1606 845 0 46 5
a 1606 1267 0 48 6
a 1609 791 0 46 8
a 1609 182 0 7 8
a 1610 371 0 46 9
a 1610 1865 0 35 10
a 1611 832 0 46 7
a 1611 1794 0 23 7
a 1617 158 0 46 3
a 1617 294 0 37 2
a 1619 1043 0 46 7
a 1619 1901 0 42 1
a 1620 1325 0 46 3
a 1620 1216 0 28 2
a 1621 1228 0 46 9
a 1621 1156 0 22 1
a 1622 40 0 46 4
a 1622 765 0 9 5
a 1623 154 0 46 9
a 1623 1363 0 19 8
a 1626 1767 0 46 8
a 1626 480 0 42 8
a 1632 1883 0 46 4
a 1632 497 0 15 8
a 1634 1368 0 46 5
a 1634 77 0 20 3
a 1636 1808 0 46 10
a 1636 1379 0 43 2
a 1643 277 0 46 4
a 1643 1669 0 13 3
a 1645 375 0 46 3
a 1645 1277 0 18 4
a 1648 1769 0 46 6
a 1648 1634 0 25 7
a 1652 1165 0 46 8
a 1652 1889 0 7 1
a 1653 1550 0 46 3
a 1653 1346 0 26 8
a 1655 1648 0 46 2
a 1655 1176 0 7 8
a 1657 254 0 46 2
a 1657 1278 0 35 1
a 1658 428 0 46 6
a 1658 95 0 7 8
a 1659 452 0 46 7
a 1659 1007 0 37 2
a 1660 572 0 46 7
a 1660 1220 0 42 4
a 1661 1710 0 46 7
a 1661 360 0 13 1
a 1662 589 0 46 8
a 1662 290 0 32 6
a 1663 747 0 46 2
a 1663 1412 0 19 4
a 1664 971 0 46 8
a 1664 629 0 25 6
a 1665 330 0 46 4
a 1665 476 0 28 4
a 1667 51 0 46 4
a 1667 1195 0 9 1
a 1668 415 0 46 6
a 1668 1939 0 24 3
a 1669 816 0 46 6
a 1669 1860 0 13 2
a 1671 83 0 46 8
a 1671 687 0 28 10
a 1672 1655 0 46 6
a 1672 257 0 39 9
a 1681 1727 0 46 6
a 1681 1627 0 11 1
a 1682 286 0 46 1
a 1682 1175 0 25 3
a 1683 800 0 46 4
a 1683 483 0 14 9
a 1684 615 0 46 7
a 1684 655 0 4 6
a 1685 427 0 46 2
a 1685 163 0 35 10
a 1687 741 0 46 2
a 1687 1392 0 43 8
a 1688 479 0 46 7
a 1688 893 0 26 8
a 1690 160 0 46 7
a 1690 1179 0 23 2
a 1692 447 0 46 8
a 1692 199 0 26 8
a 1693 149 0 46 7
a 1693 1948 0 24 3
a 1694 812 0 46 1
a 1694 905 0 36 1
a 1695 1764 0 46 5
a 1695 917 0 37 9
a 1699 229 0 46 10
a 1699 1546 0 47 7
a 1700 858 0 46 6
a 1700 1556 0 38 8
a 1702 707 0 46 10
a 1702 1352 0 11 7
a 1703 1357 0 46 7
a 1703 1198 0 28 2
a 1704 542 0 46 6
a 1704 173 0 10 4
a 1705 304 0 46 6
a 1705 608 0 23 5
a 1707 1203 0 46 3
a 1707 14 0 6 2
a 1708 1606 0 46 4
a 1708 1309 0 11 9
a 1709 1653 0 46 2
a 1709 911 0 45 1
a 1710 1050 0 46 6
a 1710 170 0 48 10
a 1711 1159 0 46 4
a 1711 1376 0 15 4
a 1712 906 0 46 10
a 1712 42 0 22 2
a 1716 481 0 46 8
a 1716 411 0 32 6
a 1717 139 0 46 3
a 1717 414 0 23 9
a 1718 1779 0 46 1
a 1718 913 0 23 3
a 1720 912 0 46 2
a 1720 1769 0 5 2
a 1721 1702 0 46 4
a 1721 1405 0 42 5
a 1722 1544 0 46 9
a 1722 459 0 34 6
a 1723 1991 0 46 3
a 1723 1579 0 4 1
a 1724 567 0 46 7
a 1724 1627 0 30 6
a 1726 897 0 46 8
a 1726 264 0 0 7
a 1727 1110 0 46 9
a 1727 1129 0 23 5
a 1728 1898 0 46 7
a 1728 1010 0 29 4
a 1730 931 0 46 2
a 1730 519 0 4 9
a 1735 439 0 46 6
a 1735 790 0 1 4
a 1739 1712 0 46 4
a 1739 349 0 36 6
a 1741 895 0 46 3
a 1741 459 0 1 9
a 1743 803 0 46 5
a 1743 435 0 15 7
a 1744 1514 0 46 3
a 1744 1818 0 27 6
a 1746 354 0 46 4
a 1746 1171 0 48 1
a 1748 899 0 46 4
a 1748 1551 0 8 7
a 1749 17 0 46 2
a 1749 896 0 34 1
a 1751 512 0 46 2
a 1751 412 0 29 2
a 1752 1161 0 46 4
a 1752 652 0 12 7
a 1753 1181 0 46 5
a 1753 887 0 42 7
a 1754 1887 0 46 1
a 1754 1637 0 37 8
a 1755 926 0 46 1
a 1755 1724 0 43 8
a 1763 1831 0 46 6
a 1763 1162 0 29 6
a 1764 799 0 46 1
a 1764 96 0 12 8
a 1767 637 0 46 10
a 1767 169 0 19 5
a 1769 1087 0 46 9
a 1769 799 0 39 1
a 1770 552 0 46 3
a 1770 1471 0 19 5
a 1771 1167 0 46 3
a 1771 492 0 34 9
a 1772 976 0 46 1
a 1772 1667 0 11 1
a 1773 1414 0 46 3
a 1773 752 0 0 10
a 1774 1671 0 46 5
a 1774 1017 0 17 3
a 1775 1281 0 46 1
a 1775 1277 0 32 3
a 1777 190 0 46 4
a 1777 1079 0 19 9
a 1778 1225 0 46 4
a 1778 785 0 44 10
a 1779 777 0 46 2
a 1779 425 0 23 1
a 1782 1900 0 46 1
a 1782 706 0 8 9
a 1785 63 0 46 7
a 1785 274 0 37 4
a 1787 1305 0 46 10
a 1787 274 0 8 7
a 1790 1057 0 46 7
a 1790 304 0 28 1
a 1791 1814 0 46 10
a 1791 349 0 20 2
a 1792 1823 0 46 7
a 1792 299 0 44 6
a 1793 519 0 46 9
a 1793 111 0 33 5
a 1796 786 0 46 9
a 1796 708 0 24 3
a 1797 1058 0 46 2
a 1797 1055 0 42 7
a 1800 767 0 46 4
a 1800 1238 0 30 8
a 1801 1881 0 46 1
a 1801 1351 0 45 8
a 1802 136 0 46 3
a 1802 468 0 32 1
a 1804 781 0 46 10
a 1804 1031 0 31 7
a 1805 1530 0 46 9
a 1805 977 0 47 9
a 1808 264 0 46 5
a 1808 1672 0 30 6
a 1809 1930 0 46 5
a 1809 1128 0 3 8
a 1813 821 0 46 3
a 1813 1393 0 5 10
a 1814 1266 0 46 8
a 1814 962 0 24 8
a 1815 343 0 46 4
a 1815 517 0 3 6
a 1819 1373 0 46 4
a 1819 876 0 17 6
a 1821 1171 0 46 8
a 1821 1231 0 15 7
a 1823 1894 0 46 7
a 1823 245 0 9 4
a 1824 797 0 46 9
a 1824 1783 0 17 6
a 1828 159 0 46 3
a 1828 513 0 27 8
a 1829 1419 0 46 7
a 1829 915 0 49 6
a 1830 951 0 46 10
a 1830 1921 0 33 1
a 1831 1841 0 46 1
a 1831 1690 0 19 1
a 1833 763 0 46 5
a 1833 557 0 6 2
a 1834 1880 0 46 2
a 1834 1395 0 10 5
a 1836 1617 0 46 3
a 1836 1572 0 42 4
a 1837 1374 0 46 7
a 1837 158 0 9 10
a 1839 1467 0 46 2
a 1839 759 0 25 7
a 1840 953 0 46 5
a 1840 1903 0 1 2
a 1841 144 0 46 7
a 1841 1801 0 40 5
a 1843 185 0 46 2
a 1843 1585 0 9 4
a 1845 8 0 46 4
a 1845 1270 0 35 6
a 1846 15 0 46 9
a 1846 608 0 18 8
a 1848 569 0 46 10
a 1848 889 0 8 10
a 1850 850 0 46 3
a 1850 518 0 24 1
a 1851 641 0 46 2
a 1851 1814 0 1 1
a 1853 157 0 46 5
a 1853 72 0 30 5
a 1854 266 0 46 5
a 1854 1305 0 44 10
a 1856 746 0 46 7
a 1856 1400 0 28 1
a 1857 317 0 46 2
a 1857 739 0 14 3
a 1858 1044 0 46 6
a 1858 1160 0 28 2
a 1860 1108 0 46 6
a 1860 406 0 38 10
a 1861 1395 0 46 9
a 1861 1674 0 16 2
a 1862 1377 0 46 3
a 1862 1497 0 37 7
a 1870 1911 0 46 6
a 1870 1859 0 32 8
a 1871 578 0 46 4
a 1871 179 0 0 10
a 1876 1890 0 46 6
a 1876 336 0 32 1
a 1878 1239 0 46 7
a 1878 282 0 7 8
a 1880 1237 0 46 3
a 1880 221 0 12 10
a 1881 993 0 46 9
a 1881 824 0 34 7
a 1883 1579 0 46 5
a 1883 793 0 24 4
a 1884 1253 0 46 9
a 1884 156 0 49 2
a 1887 1230 0 46 7
a 1887 1309 0 26 4
a 1889 1338 0 46 1
a 1889 1609 0 10 2
a 1890 638 0 46 3
a 1890 1788 0 13 7
a 1892 1539 0 46 10
a 1892 1679 0 1 6
a 1894 135 0 46 2
a 1894 1823 0 39 2
a 1895 1721 0 46 5
a 1895 879 0 42 10
a 1897 645 0 46 5
a 1897 1693 0 45 9
a 1898 309 0 46 1
a 1898 445 0 26 8
a 1899 1122 0 46 5
a 1899 759 0 18 9
a 1900 822 0 46 1
a 1900 1193 0 43 10
a 1904 1520 0 46 9
a 1904 1549 0 18 9
a 1906 126 0 46 3
a 1906 1303 0 45 1
a 1908 1002 0 46 2
a 1908 149 0 5 3
a 1911 801 0 46 3
a 1911 397 0 36 10
a 1912 1848 0 46 10
a 1912 568 0 43 5
a 1913 878 0 46 5
a 1913 988 0 44 1
a 1914 1830 0 46 4
a 1914 1440 0 13 10
a 1915 1939 0 46 4
a 1915 1124 0 36 3
a 1919 1692 0 46 6
a 1919 1853 0 27 4
a 1920 1708 0 46 4
a 1920 1965 0 46 2
a 1921 1049 0 46 10
a 1921 232 0 30 7
a 1927 682 0 46 5
a 1927 269 0 40 7
a 1929 333 0 46 1
a 1929 619 0 30 5
a 1930 622 0 46 9
a 1930 773 0 48 4
a 1931 728 0 46 8
a 1931 37 0 3 1
a 1932 857 0 46 5
a 1932 1276 0 18 8
a 1936 406 0 46 1
a 1936 427 0 25 5
a 1938 574 0 46 6
a 1938 387 0 15 9
a 1939 939 0 46 10
a 1939 1979 0 5 6
a 1940 362 0 46 6
a 1940 1104 0 11 1
a 1943 1342 0 46 3
a 1943 354 0 10 4
a 1944 1527 0 46 6
a 1944 1851 0 32 4
a 1946 464 0 46 10
a 1946 21 0 29 8
a 1948 151 0 46 1
a 1948 908 0 22 4
a 1950 1500 0 46 4
a 1950 715 0 36 1
a 1951 1440 0 46 7
a 1951 963 0 32 1
a 1958 1688 0 46 8
a 1958 604 0 0 10
a 1960 900 0 46 10
a 1960 1418 0 19 5
a 1961 1313 0 46 9
a 1961 1397 0 1 6
a 1968 1582 0 46 3
a 1968 298 0 25 1
a 1970 683 0 46 1
a 1970 1848 0 45 9
a 1973 1531 0 46 3
a 1973 210 0 35 9
a 1975 518 0 46 5
a 1975 985 0 25 9
a 1977 600 0 46 10
a 1977 1669 0 13 1
a 1982 664 0 46 2
a 1982 518 0 44 6
a 1983 756 0 46 8
a 1983 81 0 16 4
a 1986 216 0 46 4
a 1986 256 0 36 9
a 1987 1188 0 46 8
a 1987 1502 0 18 9
a 1991 1915 0 46 6
a 1991 1506 0 49 6
a 1992 1144 0 46 3
a 1992 422 0 12 3
a 1993 1611 0 46 10
a 1993 907 0 26 9
a 1995 1904 0 46 3
a 1995 1890 0 22 10
a 1997 1309 0 46 9
a 1997 1208 0 35 7
a 2 1189 0 4 1
a 2 306 0 41 10
a 6 1822 0 4 6
a 6 435 0 25 7
a 9 820 0 4 9
a 9 832 0 4 5
a 11 1275 0 4 8
a 11 1328 0 46 2
a 12 1976 0 4 3
a 12 845 0 36 3
a 18 522 0 4 10
a 18 299 0 48 7
a 19 775 0 4 8
a 19 183 0 49 10
a 22 1947 0 4 9
a 22 1590 0 3 9
a 25 735 0 4 5
a 25 1122 0 33 7
a 28 334 0 4 2
a 28 1231 0 22 3
a 29 1627 0 4 4
a 29 1450 0 43 10
a 30 784 0 4 10
a 30 708 0 0 8
a 31 1061 0 4 10
a 31 208 0 35 2
a 32 1506 0 4 6
a 32 1416 0 5 3
a 34 1980 0 4 4
a 34 1109 0 8 9
a 35 1964 0 4 1
a 35 1392 0 3 7
a 37 1285 0 4 5
a 37 763 0 29 7
a 41 37 0 4 6
a 41 638 0 50 10
a 43 955 0 4 10
a 43 617 0 43 8
a 45 1020 0 4 10
a 45 1193 0 1 9
a 50 98 0 4 1
a 50 1904 0 20 1
a 55 1852 0 4 6
a 55 241 0 26 3
a 56 1420 0 4 7
a 56 379 0 36 1
a 57 1016 0 4 10
a 57 1805 0 32 1
a 58 1326 0 4 3
a 58 1483 0 44 1
a 60 1232 0 4 3
a 60 1676 0 22 1
a 61 902 0 4 7
a 61 1694 0 10 4
a 62 966 0 4 5
a 62 1763 0 10 10
a 65 566 0 4 10
a 65 632 0 42 9
a 66 34 0 4 1
a 66 1730 0 0 3
a 67 631 0 4 1
a 67 580 0 19 9
a 68 342 0 4 9
a 68 42 0 3 10
a 69 1217 0 4 7
a 69 1176 0 12 5
a 70 1874 0 4 10
a 70 1415 0 15 2
a 72 1963 0 4 7
a 72 741 0 31 7
a 73 929 0 4 6
a 73 48 0 45 3
a 77 1397 0 4 3
a 77 1209 0 14 6
a 79 335 0 4 4
a 79 95 0 12 5
a 80 1677 0 4 2
a 80 75 0 17 2
a 81 805 0 4 8
a 81 1013 0 19 8
a 82 397 0 4 9
a 82 993 0 20 7
a 84 1224 0 4 10
a 84 1335 0 34 10
a 86 774 0 4 7
a 86 1830 0 35 6
a 88 274 0 4 8
a 88 791 0 18 5
a 89 935 0 4 2
a 89 108 0 38 6
a 90 1673 0 4 3
a 90 822 0 49 4
a 93 1811 0 4 5
a 93 778 0 7 2
a 94 114 0 4 4
a 94 590 0 38 7
a 95 321 0 4 1
a 95 644 0 40 4
a 96 472 0 4 3
a 96 732 0 7 3
a 98 1780 0 4 5
a 98 835 0 50 7
a 99 1917 0 4 5
a 99 555 0 5 4
a 105 1745 0 4 3
a 105 1580 0 28 1
a 106 351 0 4 9
a 106 1886 0 31 4
a 108 45 0 4 9
a 108 69 0 22 3
a 109 1598 0 4 5
a 109 1718 0 26 2
a 110 738 0 4 2
a 110 511 0 26 9
a 111 866 0 4 3
a 111 1229 0 8 9
a 112 521 0 4 2
a 112 618 0 7 4
a 113 1234 0 4 4
a 113 1889 0 29 4
a 114 835 0 4 10
a 114 1673 0 41 6
a 115 1236 0 4 8
a 115 1930 0 30 10
a 116 1731 0 4 1
a 116 1365 0 11 5
a 117 30 0 4 5
a 117 1900 0 21 4
a 118 67 0 4 7
a 118 548 0 30 10
a 120 1747 0 4 4
a 120 1845 0 12 2
a 124 302 0 4 2
a 124 562 0 35 9
a 125 236 0 4 3
a 125 817 0 12 10
a 127 243 0 4 6
a 127 416 0 30 6
a 132 1449 0 4 2
a 132 615 0 41 4
a 140 86 0 4 10
a 140 392 0 18 5
a 141 933 0 4 9
a 141 1240 0 20 4
a 143 755 0 4 5
a 143 828 0 14 1
a 148 802 0 4 2
a 148 684 0 16 2
a 152 162 0 4 10
a 152 1937 0 10 3
a 153 1227 0 4 1
a 153 1207 0 47 8
a 155 924 0 4 2
a 155 19 0 37 5
a 156 1867 0 4 4
a 156 1792 0 47 3
a 161 153 0 4 9
a 161 1078 0 30 5
a 162 1068 0 4 10
a 162 519 0 13 10
a 163 565 0 4 5
a 163 264 0 10 2
a 164 1249 0 4 6
a 164 504 0 44 6
a 165 583 0 4 8
a 165 696 0 20 7
a 172 251 0 4 7
a 172 293 0 48 8
a 173 710 0 4 8
a 173 1477 0 29 3
a 174 1495 0 4 3
a 174 1820 0 50 1
a 176 1422 0 4 7
a 176 1764 0 18 3
a 179 95 0 4 2
a 179 985 0 37 6
a 180 1847 0 4 10
a 180 629 0 7 8
a 181 868 0 4 5
a 181 740 0 44 7
a 182 179 0 4 7
a 182 1089 0 37 8
a 183 1844 0 4 2
a 183 432 0 36 10
a 186 742 0 4 1
a 186 212 0 45 10
a 188 279 0 4 1
a 188 63 0 20 2
a 192 1631 0 4 7
a 192 1232 0 6 9
a 193 141 0 4 3
a 193 1927 0 13 4
a 195 205 0 4 1
a 195 1344 0 29 9
a 196 949 0 4 9
a 196 969 0 38 4
a 198 996 0 4 2
a 198 232 0 48 6
a 200 535 0 4 2
a 200 1434 0 9 4
a 203 1174 0 4 2
a 203 165 0 13 5
a 204 672 0 4 8
a 204 70 0 28 3
a 205 345 0 4 1
a 205 1147 0 38 8
a 207 1933 0 4 7
a 207 183 0 5 3
a 208 770 0 4 3
a 208 223 0 0 10
a 209 974 0 4 7
a 209 779 0 22 8
a 211 234 0 4 1
a 211 69 0 0 10
a 212 1394 0 4 7
a 212 1648 0 47 7
a 213 1187 0 4 10
a 213 779 0 22 6
a 214 853 0 4 3
a 214 219 0 39 10
a 215 50 0 4 4
a 215 1967 0 13 8
a 218 1348 0 4 4
a 218 808 0 3 9
a 225 124 0 4 2
a 225 1279 0 40 4
a 228 750 0 4 2
a 228 1639 0 5 2
a 231 504 0 4 3
a 231 1312 0 29 10
a 232 702 0 4 6
a 232 1388 0 19 6
a 234 1260 0 4 1
a 234 387 0 25 10
a 235 813 0 4 9
a 235 1281 0 36 4
a 236 975 0 4 2
a 236 1494 0 7 5
a 238 1733 0 4 8
a 238 882 0 11 6
a 239 1955 0 4 3
a 239 442 0 23 9
a 241 509 0 4 4
a 241 1135 0 2 1
a 243 308 0 4 9
a 243 891 0 50 2
a 246 306 0 4 10
a 246 1011 0 40 9
a 247 860 0 4 8
a 247 163 0 43 4
a 248 941 0 4 5
a 248 1383 0 38 10
a 251 593 0 4 4
a 251 871 0 15 9
a 252 1173 0 4 4
a 252 398 0 44 4
a 253 1875 0 4 9
a 253 941 0 1 9
a 255 382 0 4 1
a 255 441 0 46 3
a 259 1535 0 4 10
a 259 143 0 10 3
a 260 913 0 4 9
a 260 765 0 34 8
a 261 1455 0 4 4
a 261 287 0 3 10
a 267 1151 0 4 1
a 267 765 0 43 4
a 268 311 0 4 9
a 268 183 0 35 2
a 269 1816 0 4 2
a 269 1029 0 9 3
a 273 1832 0 4 7
a 273 750 0 15 5
a 274 1148 0 4 10
a 274 41 0 18 5
a 278 1200 0 4 10
a 278 557 0 34 7
a 279 373 0 4 3
a 279 1020 0 19 9
a 281 1001 0 4 5
a 281 1261 0 6 2
a 284 920 0 4 6
a 284 401 0 33 8
a 287 695 0 4 4
a 287 728 0 27 7
a 289 1282 0 4 3
a 289 297 0 34 6
a 290 56 0 4 8
a 290 1671 0 45 9
a 295 764 0 4 4
a 295 820 0 45 5
a 296 1872 0 4 4
a 296 1935 0 35 1
a 298 513 0 4 4
a 298 215 0 5 6
a 302 1990 0 4 10
a 302 498 0 28 5
a 303 212 0 4 10
a 303 1050 0 22 7
a 305 80 0 4 1
a 305 1281 0 4 10
a 306 445 0 4 8
a 306 1538 0 15 3
a 307 759 0 4 7
a 307 687 0 10 2
a 308 455 0 4 8
a 308 863 0 16 1
a 311 468 0 4 5
a 311 1968 0 31 1
a 312 1412 0 4 2
a 312 1577 0 48 6
a 313 842 0 4 8
a 313 1973 0 37 1
a 315 1132 0 4 4
a 315 689 0 16 3
a 318 424 0 4 10
a 318 1318 0 12 4
a 319 312 0 4 8
a 319 573 0 9 8
a 321 1494 0 4 1
a 321 1091 0 48 1
a 322 1879 0 4 4
a 322 1658 0 19 5
a 323 1150 0 4 3
a 323 1975 0 28 6
a 324 259 0 4 7
a 324 766 0 17 4
a 325 1469 0 4 9
a 325 497 0 27 7
a 326 1806 0 4 5
a 326 686 0 8 10
a 327 1602 0 4 4
a 327 921 0 8 4
a 328 204 0 4 10
a 328 1031 0 41 2
a 329 1070 0 4 3
a 329 1959 0 34 7
a 332 704 0 4 3
a 332 1190 0 32 2
a 334 1959 0 4 4
a 334 1198 0 21 10
a 335 623 0 4 2
a 335 1739 0 41 5
a 336 22 0 4 8
a 336 883 0 24 5
a 337 636 0 4 8
a 337 870 0 36 4
a 340 480 0 4 7
a 340 1957 0 43 1
a 341 1319 0 4 3
a 341 1254 0 38 10
a 342 378 0 4 4
a 342 134 0 26 4
a 345 1401 0 4 2
a 345 808 0 3 9
a 350 484 0 4 6
a 350 1707 0 11 4
a 351 685 0 4 5
a 351 576 0 22 9
a 357 1000 0 4 1
a 357 747 0 48 6
a 359 1542 0 4 4
a 359 1506 0 9 7
a 363 1335 0 4 7
a 363 428 0 31 1
a 364 1701 0 4 2
a 364 111 0 0 6
a 365 296 0 4 8
a 365 979 0 17 2
a 367 1825 0 4 6
a 367 1932 0 9 4
a 369 269 0 4 6
a 369 1207 0 14 7
a 370 1516 0 4 8
a 370 1141 0 5 9
a 373 18 0 4 1
a 373 110 0 49 9
a 377 1003 0 4 10
a 377 1490 0 48 7
a 378 208 0 4 7
a 378 747 0 29 7
a 381 1863 0 4 10
a 381 225 0 22 8
a 382 1124 0 4 5
a 382 1179 0 43 5
a 384 1646 0 4 4
a 384 1379 0 26 7
a 385 261 0 4 1
a 385 1098 0 6 10
a 386 1162 0 4 6
a 386 847 0 24 6
a 390 1552 0 4 3
a 390 547 0 10 10
a 391 968 0 4 5
a 391 1379 0 5 9
a 393 1297 0 4 9
a 393 1689 0 17 6
a 394 1329 0 4 4
a 394 624 0 8 2
a 395 6 0 4 7
a 395 1283 0 20 3
a 396 561 0 4 2
a 396 1095 0 38 5
a 397 687 0 4 8
a 397 1215 0 18 4
a 398 678 0 4 3
a 398 542 0 42 4
a 399 1759 0 4 9
a 399 1613 0 3 2
a 401 350 0 4 4
a 401 1667 0 39 2
a 402 1633 0 4 8
a 402 451 0 30 1
a 404 411 0 4 6
a 404 116 0 50 5
a 409 592 0 4 10
a 409 365 0 4 2
a 411 1172 0 4 6
a 411 1602 0 26 1
a 417 1584 0 4 2
a 417 476 0 45 6
a 418 694 0 4 2
a 418 994 0 45 1
a 419 1675 0 4 7
a 419 715 0 19 7
a 424 1400 0 4 6
a 424 1570 0 15 5
a 426 632 0 4 3
a 426 1724 0 9 10
a 431 72 0 4 6
a 431 491 0 46 1
a 432 1962 0 4 6
a 432 192 0 16 2
a 434 654 0 4 5
a 434 1767 0 23 2
a 436 228 0 4 8
a 436 54 0 4 10
a 438 717 0 4 10
a 438 1272 0 15 9
a 441 979 0 4 5
a 441 893 0 45 1
a 442 65 0 4 2
a 442 1616 0 2 10
a 443 650 0 4 10
a 443 1366 0 37 1
a 445 1468 0 4 1
a 445 719 0 11 5
a 446 808 0 4 2
a 446 252 0 6 4
a 449 402 0 4 3
a 449 1374 0 32 6
a 450 1092 0 4 3
a 450 873 0 49 10
a 455 1942 0 4 9
a 455 1460 0 31 9
a 456 325 0 4 5
a 456 966 0 39 10
a 460 1262 0 4 4
a 460 444 0 29 4
a 462 658 0 4 8
a 462 1570 0 24 7
a 468 1549 0 4 7
a 468 76 0 36 3
a 469 1479 0 4 9
a 469 1197 0 38 10
a 472 1037 0 4 6
a 472 570 0 5 10
a 474 1738 0 4 5
a 474 164 0 32 5
a 478 804 0 4 3
a 478 1918 0 6 5
a 480 399 0 4 5
a 480 1953 0 41 4
a 484 156 0 4 9
a 484 1331 0 15 3
a 486 449 0 4 10
a 486 1846 0 10 1
a 488 520 0 4 9
a 488 1824 0 49 5
a 489 914 0 4 6
a 489 1871 0 6 3
a 491 1095 0 4 3
a 491 655 0 29 7
a 492 1209 0 4 2
a 492 61 0 11 7
a 493 1628 0 4 2
a 493 631 0 28 5
a 497 1768 0 4 9
a 497 1002 0 39 2
a 501 1066 0 4 9
a 501 1646 0 13 5
a 502 1265 0 4 3
a 502 1847 0 44 1
a 503 918 0 4 8
a 503 1403 0 38 3
a 504 28 0 4 5
a 504 154 0 15 9
a 507 948 0 4 9
a 507 1787 0 39 8
a 508 838 0 4 2
a 508 604 0 30 8
a 509 1447 0 4 2
a 509 622 0 30 7
a 510 1996 0 4 4
a 510 390 0 16 1
a 511 1099 0 4 9
a 511 1863 0 5 7
a 513 1580 0 4 5
a 513 1068 0 14 3
a 514 213 0 4 6
a 514 1540 0 39 6
a 515 273 0 4 3
a 515 654 0 25 10
a 517 1776 0 4 8
a 517 1363 0 37 9
a 520 865 0 4 8
a 520 1720 0 4 5
a 521 1810 0 4 5
a 521 740 0 37 1
a 522 73 0 4 9
a 522 1658 0 25 10
a 523 278 0 4 3
a 523 787 0 28 2
a 524 1715 0 4 9
a 524 418 0 13 8
a 526 1322 0 4 8
a 526 916 0 39 2
a 531 696 0 4 5
a 531 347 0 33 1
a 532 493 0 4 1
a 532 1716 0 34 7
a 533 1696 0 4 7
a 533 1906 0 24 1
a 535 181 0 4 7
a 535 621 0 43 4
a 536 1399 0 4 7
a 536 1618 0 46 1
a 537 318 0 4 7
a 537 1067 0 22 5
a 538 1206 0 4 10
a 538 243 0 35 6
a 539 1510 0 4 1
a 539 1110 0 19 2
a 546 1072 0 4 4
a 546 435 0 25 8
a 549 1637 0 4 8
a 549 1966 0 48 8
a 551 1864 0 4 1
a 551 1469 0 7 3
a 553 510 0 4 4
a 553 22 0 33 5
a 560 1989 0 4 2
a 560 330 0 44 3
a 561 621 0 4 4
a 561 281 0 12 5
a 562 96 0 4 10
a 562 883 0 48 5
a 564 635 0 4 2
a 564 1807 0 2 9
a 565 1725 0 4 7
a 565 427 0 27 8
a 566 1393 0 4 2
a 566 1806 0 50 8
a 570 1758 0 4 9
a 570 1831 0 5 3
a 571 604 0 4 5
a 571 1245 0 11 1
a 573 1448 0 4 1
a 573 1169 0 3 4
a 575 817 0 4 5
a 575 685 0 10 9
a 579 1431 0 4 1
a 579 279 0 19 2
a 581 267 0 4 8
a 581 1422 0 44 2
a 582 462 0 4 4
a 582 284 0 29 1
a 583 1170 0 4 4
a 583 1309 0 50 8
a 585 1349 0 4 4
a 585 1657 0 47 6
a 592 874 0 4 5
a 592 891 0 31 1
a 593 517 0 4 1
a 593 369 0 13 7
a 595 1838 0 4 2
a 595 1658 0 17 9
a 596 1714 0 4 8
a 596 727 0 12 9
a 597 1233 0 4 6
a 597 1350 0 7 8
a 598 1286 0 4 8
a 598 191 0 16 5
a 601 1629 0 4 3
a 601 341 0 3 7
a 604 200 0 4 10
a 604 903 0 31 2
a 605 1465 0 4 4
a 605 160 0 44 4
a 607 1866 0 4 2
a 607 85 0 33 10
a 610 1934 0 4 3
a 610 260 0 11 2
a 611 856 0 4 9
a 611 705 0 47 7
a 612 1380 0 4 5
a 612 379 0 17 4
a 614 1204 0 4 2
a 614 884 0 40 10
a 616 1732 0 4 2
a 616 860 0 12 9
a 621 336 0 4 6
a 621 1903 0 30 7
a 623 363 0 4 1
a 623 403 0 1 1
a 624 70 0 4 7
a 624 581 0 14 2
a 625 1827 0 4 3
a 625 744 0 1 4
a 626 1979 0 4 2
a 626 528 0 5 6
a 628 1482 0 4 10
a 628 464 0 19 7
a 630 1363 0 4 6
a 630 61 0 7 9
a 631 596 0 4 10
a 631 1008 0 15 9
a 632 877 0 4 6
a 632 1543 0 11 4
a 635 625 0 4 2
a 635 941 0 12 7
a 636 1969 0 4 8
a 636 744 0 47 1
a 639 446 0 4 2
a 639 1419 0 15 4
a 642 66 0 4 1
a 642 1662 0 41 10
a 646 337 0 4 8
a 646 240 0 46 1
a 647 1538 0 4 1
a 647 493 0 31 2
a 649 419 0 4 9
a 649 1315 0 50 8
a 650 183 0 4 5
a 650 1415 0 17 6
a 654 313 0 4 5
a 654 1532 0 42 3
a 655 630 0 4 2
a 655 1010 0 49 3
a 658 390 0 4 6
a 658 684 0 48 7
a 660 1869 0 4 9
a 660 546 0 49 3
a 662 1486 0 4 3
a 662 425 0 20 7
a 663 1367 0 4 4
a 663 748 0 4 9
a 665 570 0 4 6
a 665 304 0 14 5
a 669 68 0 4 1
a 669 1284 0 49 2
a 670 980 0 4 8
a 670 869 0 32 6
a 672 1686 0 4 10
a 672 31 0 21 7
a 677 1450 0 4 6
a 677 720 0 13 4
a 678 612 0 4 3
a 678 1221 0 47 9
a 684 564 0 4 10
a 684 330 0 41 3
a 685 705 0 4 10
a 685 517 0 33 9
a 687 89 0 4 3
a 687 686 0 26 4
a 688 910 0 4 2
a 688 221 0 48 1
a 690 1462 0 4 9
a 690 100 0 27 9
a 692 1041 0 4 2
a 692 837 0 28 5
a 693 1231 0 4 5
a 693 1475 0 42 8
a 694 1183 0 4 7
a 694 939 0 10 7
a 695 983 0 4 8
a 695 446 0 23 10
a 696 1048 0 4 5
a 696 1620 0 38 9
a 700 1985 0 4 1
a 700 1999 0 4 8
a 702 1910 0 4 9
a 702 782 0 1 5
a 704 193 0 4 8
a 704 1728 0 36 8
a 705 125 0 4 9
a 705 339 0 1 9
a 708 281 0 4 1
a 708 1476 0 19 1
a 710 880 0 4 6
a 710 268 0 1 10
a 711 539 0 4 10
a 711 364 0 28 5
a 712 1302 0 4 5
a 712 1165 0 19 1
a 713 1679 0 4 8
a 713 1869 0 16 2
a 714 1201 0 4 4
a 714 1260 0 1 1
a 716 1630 0 4 7
a 716 61 0 41 5
a 717 925 0 4 10
a 717 279 0 26 4
a 720 639 0 4 8
a 720 1430 0 13 3
a 721 1459 0 4 6
a 721 265 0 33 3
a 722 94 0 4 5
a 722 1515 0 0 2
a 724 215 0 4 7
a 724 1456 0 21 2
a 726 1556 0 4 3
a 726 878 0 49 1
a 730 806 0 4 6
a 730 231 0 34 1
a 731 43 0 4 7
a 731 356 0 20 4
a 733 957 0 4 3
a 733 1069 0 14 8
a 735 319 0 4 4
a 735 1129 0 15 10
a 736 57 0 4 9
a 736 1581 0 30 10
a 738 1131 0 4 1
a 738 1137 0 19 8
a 739 508 0 4 8
a 739 1328 0 3 4
a 742 1612 0 4 3
a 742 1484 0 4 6
a 743 1166 0 4 6
a 743 576 0 48 6
a 745 1868 0 4 7
a 745 712 0 35 10
a 748 1310 0 4 2
a 748 1093 0 13 9
a 749 1891 0 4 2
a 749 714 0 1 5
a 750 1405 0 4 10
a 750 827 0 4 4
a 754 1022 0 4 9
a 754 1416 0 16 7
a 755 662 0 4 3
a 755 1241 0 41 4
a 757 946 0 4 1
a 757 1151 0 28 7
a 758 295 0 4 10
a 758 980 0 33 9
a 759 1480 0 4 6
a 759 872 0 50 10
a 761 418 0 4 2
a 761 1933 0 38 3
a 764 173 0 4 4
a 764 1239 0 18 2
a 768 1138 0 4 3
a 768 974 0 35 10
a 770 546 0 4 8
a 770 915 0 20 10
a 771 31 0 4 6
a 771 141 0 28 3
a 772 811 0 4 9
a 772 993 0 10 10
a 773 1907 0 4 2
a 773 525 0 33 6
a 774 231 0 4 9
a 774 471 0 27 6
a 775 875 0 4 2
a 775 844 0 16 7
a 778 1198 0 4 5
a 778 57 0 40 5
a 783 711 0 4 1
a 783 369 0 11 5
a 784 1922 0 4 7
a 784 1483 0 27 10
a 787 497 0 4 10
a 787 1156 0 10 9
a 792 714 0 4 5
a 792 567 0 29 8
a 795 1352 0 4 5
a 795 1515 0 6 9
a 796 1812 0 4 2
a 796 1188 0 6 4
a 802 438 0 4 1
a 802 1401 0 44 5
a 804 660 0 4 8
a 804 101 0 26 10
a 805 195 0 4 8
a 805 752 0 21 9
a 806 1280 0 4 5
a 806 1428 0 40 5
a 808 748 0 4 9
a 808 221 0 46 9
a 811 1614 0 4 1
a 811 806 0 37 10
a 813 1789 0 4 2
a 813 1546 0 44 6
a 814 1240 0 4 4
a 814 1927 0 23 3
a 817 340 0 4 9
a 817 1551 0 23 1
a 818 341 0 4 5
a 818 1142 0 25 4
a 819 1034 0 4 7
a 819 790 0 36 6
a 820 1608 0 4 3
a 820 698 0 2 6
a 824 404 0 4 9
a 824 986 0 46 3
a 830 526 0 4 7
a 830 1167 0 28 5
a 831 1477 0 4 10
a 831 1961 0 42 4
a 833 1483 0 4 8
a 833 1199 0 30 10
a 835 186 0 4 4
a 835 42 0 1 1
a 838 1756 0 4 6
a 838 1632 0 24 2
a 839 1327 0 4 1
a 839 108 0 25 7
a 841 248 0 4 4
a 841 1705 0 9 8
a 842 1697 0 4 5
a 842 1681 0 20 1
a 844 1638 0 4 2
a 844 1246 0 37 7
a 846 537 0 4 6
a 846 904 0 26 3
a 851 867 0 4 2
a 851 22 0 2 2
a 852 642 0 4 5
a 852 980 0 20 7
a 853 749 0 4 2
a 853 661 0 13 4
a 855 207 0 4 9
a 855 1265 0 29 1
a 856 176 0 4 6
a 856 306 0 26 4
a 860 1403 0 4 9
a 860 1535 0 46 1
a 861 148 0 4 5
a 861 475 0 37 5
a 862 1461 0 4 10
a 862 1519 0 17 1
a 864 1526 0 4 5
a 864 1378 0 33 8
a 865 1388 0 4 5
a 865 544 0 25 3
a 866 268 0 4 2
a 866 217 0 4 10
a 867 1971 0 4 5
a 867 892 0 38 5
a 868 992 0 4 2
a 868 1031 0 42 8
a 872 922 0 4 3
a 872 531 0 50 7
a 874 241 0 4 2
a 874 61 0 12 9
a 875 720 0 4 7
a 875 1182 0 15 1
a 877 1513 0 4 2
a 877 556 0 13 7
a 880 1616 0 4 9
a 880 1921 0 37 6
a 883 1554 0 4 4
a 883 1822 0 18 2
a 884 432 0 4 5
a 884 1094 0 34 5
a 888 235 0 4 8
a 888 1857 0 7 2
a 889 1877 0 4 3
a 889 761 0 30 5
a 893 1902 0 4 6
a 893 75 0 2 5
a 894 120 0 4 3
a 894 113 0 34 4
a 902 768 0 4 10
a 902 849 0 17 1
a 910 163 0 4 6
a 910 1972 0 24 6
a 913 409 0 4 4
a 913 1393 0 0 8
a 914 730 0 4 3
a 914 988 0 33 2
a 917 1126 0 4 3
a 917 228 0 22 3
a 918 396 0 4 9
a 918 470 0 35 5
a 919 1641 0 4 2
a 919 1637 0 24 4
a 920 724 0 4 3
a 920 425 0 45 10
a 922 1493 0 4 3
a 922 1900 0 44 8
a 924 1098 0 4 7
a 924 1395 0 21 1
a 925 69 0 4 3
a 925 1864 0 23 7
a 928 1567 0 4 10
a 928 1857 0 22 5
a 929 796 0 4 7
a 929 322 0 35 8
a 930 1432 0 4 7
a 930 1181 0 40 3
a 933 824 0 4 9
a 933 675 0 40 8
a 934 783 0 4 5
a 934 1466 0 25 3
a 935 398 0 4 9
a 935 1547 0 2 7
a 937 814 0 4 5
a 937 1232 0 49 8
a 940 1613 0 4 8
a 940 1840 0 47 1
a 941 1295 0 4 5
a 941 1831 0 16 7
a 943 533 0 4 7
a 943 1107 0 11 10
a 944 515 0 4 8
a 944 829 0 13 8
a 945 434 0 4 1
a 945 1395 0 30 10
a 946 1807 0 4 1
a 946 148 0 43 2
a 948 1299 0 4 3
a 948 1876 0 48 5
a 949 1064 0 4 10
a 949 863 0 5 8
a 954 1882 0 4 5
a 954 1470 0 40 1
a 955 1118 0 4 5
a 955 1279 0 11 6
a 957 736 0 4 7
a 957 1569 0 28 9
a 960 1339 0 4 3
a 960 596 0 21 6
a 963 649 0 4 2
a 963 333 0 15 10
a 964 1075 0 4 5
a 964 1993 0 43 9
a 965 1972 0 4 10
a 965 365 0 34 5
a 966 524 0 4 6
a 966 809 0 30 6
a 967 1525 0 4 9
a 967 1958 0 49 1
a 968 1289 0 4 7
a 968 1136 0 35 1
a 973 1591 0 4 3
a 973 913 0 11 2
a 974 1761 0 4 9
a 974 1306 0 38 7
a 975 1994 0 4 8
a 975 1446 0 39 6
a 979 1344 0 4 6
a 979 1945 0 7 10
a 980 332 0 4 9
a 980 1402 0 2 5
a 981 367 0 4 2
a 981 658 0 31 9
a 983 1534 0 4 4
a 983 626 0 11 8
a 987 1117 0 4 8
a 987 1759 0 40 9
a 988 1078 0 4 9
a 988 1231 0 13 8
a 989 773 0 4 8
a 989 1462 0 37 10
a 991 1924 0 4 9
a 991 42 0 5 1
a 992 1113 0 4 7
a 992 686 0 2 2
a 994 532 0 4 4
a 994 378 0 24 5
a 995 1082 0 4 2
a 995 231 0 7 10
a 996 1676 0 4 4
a 996 1930 0 15 3
a 999 514 0 4 6
a 999 802 0 1 4
a 1000 1650 0 4 5
a 1000 600 0 26 10
a 1001 991 0 4 3
a 1001 512 0 17 5
a 1003 1125 0 4 3
a 1003 389 0 48 5
a 1008 19 0 4 2
a 1008 205 0 44 2
a 1009 772 0 4 6
a 1009 1866 0 19 3
a 1016 1896 0 4 8
a 1016 582 0 7 5
a 1017 1909 0 4 5
a 1017 1082 0 34 3
a 1019 391 0 4 7
a 1019 278 0 14 6
a 1020 538 0 4 3
a 1020 1021 0 6 10
a 1021 488 0 4 3
a 1021 1828 0 16 8
a 1022 172 0 4 4
a 1022 1559 0 43 5
a 1023 1678 0 4 4
a 1023 1738 0 18 8
a 1034 1543 0 4 8
a 1034 1511 0 24 2
a 1037 1639 0 4 5
a 1037 1976 0 7 2
a 1041 252 0 4 9
a 1041 1544 0 7 5
a 1042 203 0 4 9
a 1042 528 0 20 8
a 1047 1603 0 4 1
a 1047 909 0 27 3
a 1048 1320 0 4 1
a 1048 893 0 45 8
a 1053 106 0 4 5
a 1053 1968 0 11 10
a 1059 182 0 4 8
a 1059 1094 0 34 2
a 1061 1130 0 4 5
a 1061 1161 0 21 1
a 1063 919 0 4 10
a 1063 405 0 8 10
a 1064 1021 0 4 9
a 1064 885 0 44 1
a 1066 1689 0 4 9
a 1066 16 0 28 3
a 1068 1346 0 4 6
a 1068 1153 0 4 10
a 1070 1978 0 4 5
a 1070 1568 0 48 4
a 1072 377 0 4 3
a 1072 1546 0 27 1
a 1073 1949 0 4 4
a 1073 1693 0 10 9
a 1075 247 0 4 3
a 1075 947 0 12 2
a 1078 1317 0 4 4
a 1078 182 0 25 2
a 1080 1532 0 4 4
a 1080 996 0 42 7
a 1082 1635 0 4 2
a 1082 907 0 1 8
a 1083 1175 0 4 3
a 1083 434 0 20 1
a 1084 381 0 4 8
a 1084 1735 0 48 6
a 1085 35 0 4 3
a 1085 1834 0 0 9
a 1089 1573 0 4 6
a 1089 1675 0 48 10
a 1090 503 0 4 7
a 1090 798 0 45 10
a 1091 1624 0 4 7
a 1091 315 0 40 2
a 1092 1085 0 4 10
a 1092 1537 0 3 6
a 1095 1488 0 4 9
a 1095 343 0 7 2
a 1098 298 0 4 8
a 1098 1715 0 45 7
a 1099 944 0 4 9
a 1099 1672 0 47 3
a 1102 1925 0 4 9
a 1102 1456 0 7 4
a 1104 598 0 4 5
a 1104 80 0 42 1
a 1107 165 0 4 3
a 1107 898 0 40 1
a 1111 677 0 4 1
a 1111 196 0 30 6
a 1113 486 0 4 3
a 1113 33 0 49 8
a 1115 1916 0 4 7
a 1115 1908 0 10 9
a 1116 489 0 4 2
a 1116 89 0 41 2
a 1117 995 0 4 8
a 1117 690 0 38 9
a 1118 560 0 4 2
a 1118 1727 0 25 1
a 1119 1213 0 4 7
a 1119 1879 0 37 9
a 1124 585 0 4 8
a 1124 1978 0 21 5
a 1125 1781 0 4 7
a 1125 891 0 42 8
a 1126 284 0 4 9
a 1126 392 0 19 6
a 1127 307 0 4 4
a 1127 416 0 50 5
a 1130 196 0 4 3
a 1130 1462 0 22 8
a 1131 571 0 4 6
a 1131 745 0 0 9
a 1132 1981 0 4 2
a 1132 1458 0 41 5
a 1134 1425 0 4 6
a 1134 1931 0 19 6
a 1138 1008 0 4 3
a 1138 1189 0 42 4
a 1139 771 0 4 7
a 1139 436 0 1 9
a 1140 841 0 4 10
a 1140 1574 0 17 9
a 1141 1594 0 4 8
a 1141 46 0 42 7
a 1146 1817 0 4 8
a 1146 1038 0 18 3
a 1148 105 0 4 10
a 1148 448 0 44 10
a 1150 624 0 4 5
a 1150 450 0 37 10
a 1151 1019 0 4 9
a 1151 1184 0 38 3
a 1154 1576 0 4 10
a 1154 572 0 12 7
a 1155 1090 0 4 3
a 1155 1617 0 23 6
a 1157 597 0 4 3
a 1157 791 0 9 3
a 1158 1017 0 4 9
a 1158 387 0 42 4
a 1162 864 0 4 1
a 1162 648 0 1 10
a 1166 329 0 4 4
a 1166 372 0 28 1
a 1170 1842 0 4 5
a 1170 334 0 46 2
a 1172 1146 0 4 4
a 1172 1440 0 36 8
a 1173 1886 0 4 7
a 1173 874 0 35 6
a 1174 1361 0 4 3
a 1174 1206 0 25 3
a 1175 1489 0 4 10
a 1175 648 0 34 8
a 1178 833 0 4 6
a 1178 956 0 11 1
a 1183 1561 0 4 8
a 1183 1904 0 42 5
a 1184 614 0 4 7
a 1184 1954 0 28 8
a 1186 960 0 4 1
a 1186 182 0 6 8
a 1187 1042 0 4 9
a 1187 1819 0 27 10
a 1189 1291 0 4 4
a 1189 522 0 23 5
a 1192 1601 0 4 2
a 1192 1896 0 11 5
a 1193 700 0 4 5
a 1193 28 0 23 10
a 1197 1418 0 4 7
a 1197 720 0 1 6
a 1198 393 0 4 4
a 1198 1584 0 6 5
a 1199 1803 0 4 6
a 1199 549 0 46 5
a 1200 491 0 4 8
a 1200 1281 0 50 3
a 1201 164 0 4 5
a 1201 914 0 34 1
a 1204 1502 0 4 4
a 1204 1161 0 40 7
a 1206 1855 0 4 2
a 1206 1876 0 0 5
a 1207 1404 0 4 8
a 1207 169 0 44 4
a 1209 531 0 4 5
a 1209 1890 0 6 5
a 1210 1102 0 4 7
a 1210 68 0 25 1
a 1213 1998 0 4 5
a 1213 588 0 42 6
a 1214 417 0 4 10
a 1214 291 0 26 1
a 1217 934 0 4 8
a 1217 122 0 36 6
a 1220 1784 0 4 9
a 1220 32 0 23 10
a 1221 1564 0 4 10
a 1221 930 0 5 1
a 1223 795 0 4 2
a 1223 857 0 14 9
a 1224 940 0 4 10
a 1224 665 0 34 2
a 1227 1553 0 4 10
a 1227 783 0 18 3
a 1231 327 0 4 1
a 1231 1431 0 19 5
a 1232 1762 0 4 8
a 1232 1350 0 32 10
a 1233 441 0 4 5
a 1233 431 0 40 6
a 1234 88 0 4 10
a 1234 748 0 30 5
a 1235 115 0 4 10
a 1235 1669 0 12 10
a 1236 1134 0 4 6
a 1236 814 0 46 6
a 1240 1389 0 4 5
a 1240 1262 0 12 5
a 1244 450 0 4 4
a 1244 808 0 19 2
a 1249 1719 0 4 10
a 1249 1600 0 48 8
a 1250 82 0 4 8
a 1250 667 0 41 2
a 1254 460 0 4 10
a 1254 1680 0 41 3
a 1257 1835 0 4 10
a 1257 717 0 50 3
a 1260 238 0 4 7
a 1260 507 0 47 2
a 1262 1783 0 4 2
a 1262 229 0 49 6
a 1263 1865 0 4 5
a 1263 779 0 14 10
a 1265 79 0 4 7
a 1265 941 0 43 1
a 1274 605 0 4 7
a 1274 1225 0 2 1
a 1275 140 0 4 1
a 1275 1897 0 30 2
a 1276 1517 0 4 5
a 1276 1890 0 36 7
a 1280 1104 0 4 6
a 1280 1021 0 34 6
a 1282 562 0 4 9
a 1282 716 0 27 1
a 1285 1244 0 4 6
a 1285 739 0 36 7
a 1286 1274 0 4 6
a 1286 139 0 3 9
a 1289 1184 0 4 9
a 1289 626 0 40 4
a 1291 1457 0 4 8
a 1291 604 0 13 2
a 1295 1210 0 4 9
a 1295 693 0 26 3
a 1296 29 0 4 7
a 1296 210 0 23 1
a 1297 112 0 4 10
a 1297 1360 0 35 9
a 1298 152 0 4 10
a 1298 1365 0 10 2
a 1299 1742 0 4 10
a 1299 432 0 18 4
a 1300 989 0 4 4
a 1300 307 0 2 7
a 1301 965 0 4 10
a 1301 233 0 11 3
a 1302 945 0 4 6
a 1302 1164 0 0 1
a 1303 862 0 4 10
a 1303 1298 0 25 3
a 1304 582 0 4 9
a 1304 166 0 7 10
a 1307 846 0 4 5
a 1307 770 0 30 6
a 1308 1428 0 4 1
a 1308 1363 0 37 10
a 1310 1197 0 4 5
a 1310 1249 0 8 6
a 1314 573 0 4 3
a 1314 238 0 29 2
a 1316 579 0 4 8
a 1316 1056 0 45 7
a 1317 1141 0 4 2
a 1317 1429 0 42 10
a 1319 551 0 4 8
a 1319 1119 0 17 7
a 1320 77 0 4 4
a 1320 602 0 35 4
a 1322 1328 0 4 2
a 1322 740 0 33 9
a 1326 1918 0 4 7
a 1326 178 0 15 3
a 1327 1965 0 4 1
a 1327 1570 0 30 8
a 1328 1674 0 4 10
a 1328 517 0 12 8
a 1329 1491 0 4 4
a 1329 243 0 7 5
a 1330 716 0 4 2
a 1330 633 0 28 5
a 1335 174 0 4 2
a 1335 1943 0 44 2
a 1339 928 0 4 10
a 1339 1855 0 44 2
a 1344 113 0 4 10
a 1344 734 0 28 7
a 1346 553 0 4 8
a 1346 671 0 28 10
a 1348 1680 0 4 7
a 1348 258 0 1 2
a 1349 1385 0 4 6
a 1349 541 0 21 6
a 1351 1786 0 4 10
a 1351 358 0 32 5
a 1352 626 0 4 9
a 1352 1610 0 23 2
a 1355 370 0 4 6
a 1355 753 0 4 1
a 1358 507 0 4 7
a 1358 733 0 46 3
a 1359 893 0 4 1
a 1359 732 0 5 5
a 1361 1263 0 4 6
a 1361 179 0 28 1
a 1362 1139 0 4 10
a 1362 1342 0 26 5
a 1363 733 0 4 10
a 1363 13 0 43 8
a 1365 246 0 4 5
a 1365 749 0 4 4
a 1367 1257 0 4 8
a 1367 565 0 0 1
a 1378 999 0 4 5
a 1378 225 0 21 3
a 1379 1935 0 4 8
a 1379 300 0 4 7
a 1380 1089 0 4 5
a 1380 561 0 35 5
a 1381 1424 0 4 6
a 1381 1174 0 27 9
a 1385 1698 0 4 6
a 1385 361 0 9 7
a 1387 385 0 4 2
a 1387 1844 0 20 7
a 1388 818 0 4 6
a 1388 1747 0 28 5
a 1389 1471 0 4 8
a 1389 1706 0 3 10
a 1390 1974 0 4 3
a 1390 880 0 14 3
a 1392 84 0 4 3
a 1392 86 0 49 8
a 1393 1750 0 4 3
a 1393 750 0 41 7
a 1394 1928 0 4 9
a 1394 1493 0 42 2
a 1397 1957 0 4 6
a 1397 1547 0 43 10
a 1399 357 0 4 8
a 1399 780 0 35 4
a 1400 60 0 4 1
a 1400 459 0 33 5
a 1401 1304 0 4 1
a 1401 1658 0 29 10
a 1403 211 0 4 10
a 1403 1992 0 40 4
a 1404 1587 0 4 6
a 1404 1636 0 15 1
a 1405 575 0 4 10
a 1405 520 0 22 7
a 1409 1362 0 4 9
a 1409 616 0 18 10
a 1411 1954 0 4 8
a 1411 367 0 35 3
a 1412 41 0 4 7
a 1412 1858 0 29 3
a 1417 601 0 4 5
a 1417 1721 0 1 8
a 1418 1651 0 4 4
a 1418 217 0 10 7
a 1420 739 0 4 6
a 1420 858 0 6 9
a 1422 1355 0 4 2
a 1422 1987 0 1 4
a 1424 239 0 4 7
a 1424 1295 0 47 6
a 1425 394 0 4 8
a 1425 1095 0 23 1
a 1428 1119 0 4 10
a 1428 1333 0 45 4
a 1429 359 0 4 3
a 1429 357 0 15 7
a 1431 2000 0 4 5
a 1431 820 0 12 3
a 1432 1788 0 4 4
a 1432 26 0 1 9
a 1433 663 0 4 3
a 1433 1445 0 28 6
a 1436 830 0 4 8
a 1436 1585 0 35 2
a 1447 943 0 4 1
a 1447 1575 0 28 10
a 1448 1351 0 4 3
a 1448 1765 0 2 8
a 1449 1186 0 4 1
a 1449 1226 0 47 9
a 1450 1358 0 4 9
a 1450 4 0 38 6
a 1454 1276 0 4 8
a 1454 67 0 18 7
a 1455 99 0 4 4
a 1455 37 0 26 4
a 1456 1529 0 4 10
a 1456 1956 0 50 2
a 1457 9 0 4 5
a 1457 544 0 46 4
a 1459 431 0 4 2
a 1459 191 0 39 5
a 1461 1849 0 4 1
a 1461 420 0 6 3
a 1462 118 0 4 6
a 1462 1112 0 25 8
a 1463 478 0 4 8
a 1463 1456 0 45 7
a 1465 326 0 4 8
a 1465 1789 0 38 8
a 1468 987 0 4 10
a 1468 1559 0 14 4
a 1469 81 0 4 7
a 1469 507 0 33 2
a 1470 1670 0 4 6
a 1470 362 0 47 4
a 1471 1615 0 4 6
a 1471 661 0 1 2
a 1477 1193 0 4 8
a 1477 3 0 19 6
a 1479 981 0 4 9
a 1479 585 0 30 3
a 1480 937 0 4 7
a 1480 669 0 44 2
a 1481 669 0 4 10
a 1481 623 0 8 1
a 1482 214 0 4 9
a 1482 1768 0 2 7
a 1483 1023 0 4 9
a 1483 1767 0 23 3
a 1486 1411 0 4 10
a 1486 409 0 48 4
a 1488 607 0 4 3
a 1488 1198 0 23 2
a 1489 693 0 4 8
a 1489 505 0 2 2
a 1491 713 0 4 1
a 1491 1586 0 42 6
a 1493 1378 0 4 4
a 1493 1040 0 41 8
a 1494 328 0 4 6
a 1494 267 0 27 1
a 1495 90 0 4 10
a 1495 346 0 44 4
a 1499 1760 0 4 3
a 1499 845 0 6 2
a 1502 1429 0 4 7
a 1502 1562 0 49 5
a 1503 1470 0 4 9
a 1503 1730 0 32 3
a 1506 1140 0 4 10
a 1506 356 0 24 3
a 1510 1063 0 4 9
a 1510 648 0 36 2
a 1513 872 0 4 9
a 1513 3 0 50 7
a 1516 1301 0 4 6
a 1516 970 0 34 5
a 1517 884 0 4 3
a 1517 372 0 37 4
a 1519 492 0 4 9
a 1519 45 0 35 2
a 1522 1585 0 4 5
a 1522 1944 0 47 3
a 1524 253 0 4 5
a 1524 651 0 41 2
a 1525 127 0 4 6
a 1525 1298 0 2 2
a 1526 1330 0 4 6
a 1526 1452 0 36 4
a 1529 287 0 4 9
a 1529 290 0 29 8
a 1532 967 0 4 6
a 1532 744 0 4 2
a 1534 1736 0 4 1
a 1534 31 0 1 6
a 1535 1765 0 4 9
a 1535 1145 0 38 3
a 1538 1127 0 4 7
a 1538 1150 0 48 8
a 1540 1799 0 4 10
a 1540 1106 0 31 10
a 1541 1392 0 4 5
a 1541 1919 0 18 1
a 1542 1604 0 4 8
a 1542 479 0 12 3
a 1543 1522 0 4 6
a 1543 645 0 26 10
a 1549 1154 0 4 4
a 1549 100 0 41 6
a 1552 1795 0 4 10
a 1552 429 0 16 4
a 1553 1417 0 4 7
a 1553 1579 0 25 7
a 1554 232 0 4 3
a 1554 1522 0 15 5
a 1556 963 0 4 4
a 1556 1549 0 17 9
a 1561 1569 0 4 10
a 1561 1465 0 39 10
a 1562 218 0 4 10
a 1562 1052 0 39 2
a 1564 655 0 4 3
a 1564 1979 0 18 9
a 1567 745 0 4 9
a 1567 484 0 48 9
a 1569 32 0 4 4
a 1569 1594 0 0 1
a 1573 1873 0 4 10
a 1573 860 0 0 5
a 1576 647 0 4 8
a 1576 526 0 41 10
a 1577 1463 0 4 7
a 1577 861 0 21 2
a 1578 1644 0 4 9
a 1578 1874 0 38 5
a 1580 290 0 4 1
a 1580 553 0 43 3
a 1583 1577 0 4 1
a 1583 1502 0 18 3
a 1584 1888 0 4 10
a 1584 1535 0 8 9
a 1585 117 0 4 7
a 1585 833 0 49 9
a 1587 690 0 4 7
a 1587 1356 0 4 7
a 1591 1654 0 4 10
a 1591 755 0 19 8
a 1594 1952 0 4 8
a 1594 233 0 42 9
a 1598 1757 0 4 2
a 1598 951 0 18 2
a 1599 628 0 4 1
a 1599 583 0 33 3
a 1601 111 0 4 2
a 1601 954 0 46 10
a 1602 1387 0 4 6
a 1602 1981 0 18 9
a 1603 883 0 4 3
a 1603 498 0 41 6
a 1604 469 0 4 6
a 1604 730 0 49 9
a 1605 1214 0 4 8
a 1605 1345 0 31 7
a 1607 1073 0 4 4
a 1607 1686 0 14 1
a 1608 670 0 4 8
a 1608 503 0 20 6
a 1612 1647 0 4 2
a 1612 1894 0 33 10
a 1613 1199 0 4 4
a 1613 997 0 9 4
a 1614 688 0 4 5
a 1614 1532 0 2 9
a 1615 1605 0 4 10
a 1615 685 0 2 7
a 1616 595 0 4 2
a 1616 248 0 42 4
a 1618 1905 0 4 2
a 1618 1619 0 26 7
a 1624 1903 0 4 1
a 1624 1824 0 31 6
a 1625 1740 0 4 8
a 1625 1286 0 31 4
a 1627 1818 0 4 1
a 1627 1779 0 3 8
a 1628 1625 0 4 1
a 1628 928 0 21 10
a 1629 1734 0 4 2
a 1629 1200 0 19 4
a 1630 55 0 4 8
a 1630 1955 0 36 1
a 1631 973 0 4 10
a 1631 1261 0 20 8
a 1633 305 0 4 2
a 1633 1757 0 17 5
a 1635 161 0 4 4
a 1635 406 0 34 3
a 1637 1390 0 4 8
a 1637 252 0 3 2
a 1638 1107 0 4 1
a 1638 817 0 24 7
a 1639 303 0 4 3
a 1639 411 0 27 7
a 1640 1059 0 4 7
a 1640 1194 0 12 1
a 1641 1080 0 4 5
a 1641 749 0 12 2
a 1642 188 0 4 6
a 1642 1020 0 27 5
a 1644 1254 0 4 2
a 1644 1849 0 6 4
a 1646 1111 0 4 8
a 1646 1555 0 5 3
a 1647 757 0 4 6
a 1647 500 0 33 7
a 1649 1937 0 4 3
a 1649 1741 0 49 1
a 1650 855 0 4 3
a 1650 591 0 5 10
a 1651 255 0 4 10
a 1651 1670 0 6 7
a 1654 1984 0 4 9
a 1654 1946 0 41 4
a 1656 692 0 4 7
a 1656 561 0 29 7
a 1666 401 0 4 6
a 1666 370 0 40 3
a 1670 1599 0 4 6
a 1670 1388 0 34 7
a 1673 1826 0 4 7
a 1673 1587 0 4 8
a 1674 1953 0 4 1
a 1674 1623 0 42 4
a 1675 861 0 4 5
a 1675 828 0 1 9
a 1676 1433 0 4 5
a 1676 719 0 43 6
a 1677 501 0 4 1
a 1677 965 0 40 1
a 1678 289 0 4 6
a 1678 1510 0 29 5
a 1679 610 0 4 1
a 1679 1902 0 14 8
a 1680 1859 0 4 3
a 1680 1214 0 10 6
a 1686 1706 0 4 8
a 1686 757 0 35 3
a 1689 787 0 4 8
a 1689 1775 0 10 2
a 1691 1084 0 4 8
a 1691 339 0 26 2
a 1696 1618 0 4 6
a 1696 208 0 2 3
a 1697 581 0 4 4
a 1697 61 0 18 10
a 1698 1456 0 4 10
a 1698 321 0 37 2
a 1701 1966 0 4 9
a 1701 1253 0 35 3
a 1706 11 0 4 7
a 1706 1192 0 10 10
a 1713 1296 0 4 2
a 1713 1587 0 38 7
a 1714 1115 0 4 2
a 1714 61 0 17 2
a 1715 792 0 4 6
a 1715 1652 0 18 7
a 1719 395 0 4 3
a 1719 787 0 30 6
a 1725 502 0 4 5
a 1725 605 0 29 6
a 1729 1047 0 4 5
a 1729 863 0 28 1
a 1731 132 0 4 6
a 1731 990 0 17 9
a 1732 1640 0 4 4
a 1732 1442 0 22 7
a 1733 684 0 4 10
a 1733 107 0 22 2
a 1734 722 0 4 10
a 1734 1943 0 17 2
a 1736 646 0 4 7
a 1736 734 0 21 8
a 1737 1436 0 4 9
a 1737 630 0 48 2
a 1738 192 0 4 7
a 1738 1314 0 27 5
a 1740 523 0 4 10
a 1740 553 0 5 5
a 1742 1481 0 4 7
a 1742 1140 0 11 9
a 1745 143 0 4 8
a 1745 419 0 31 7
a 1747 436 0 4 7
a 1747 1433 0 8 10
a 1750 108 0 4 3
a 1750 205 0 48 10
a 1756 758 0 4 3
a 1756 73 0 11 8
a 1757 665 0 4 9
a 1757 1595 0 23 7
a 1758 1223 0 4 5
a 1758 1847 0 48 3
a 1759 1885 0 4 2
a 1759 1740 0 50 3
a 1760 1540 0 4 9
a 1760 478 0 42 6
a 1761 198 0 4 7
a 1761 709 0 26 5
a 1762 964 0 4 10
a 1762 671 0 6 5
a 1765 549 0 4 5
a 1765 1542 0 24 10
a 1766 1893 0 4 4
a 1766 154 0 41 8
a 1768 1945 0 4 4
a 1768 784 0 33 5
a 1776 1519 0 4 9
a 1776 506 0 6 6
a 1780 839 0 4 7
a 1780 1313 0 28 1
a 1781 754 0 4 4
a 1781 1477 0 37 7
a 1783 1713 0 4 9
a 1783 428 0 29 6
a 1784 1607 0 4 9
a 1784 1043 0 33 1
a 1786 1379 0 4 6
a 1786 825 0 46 9
a 1788 888 0 4 6
a 1788 341 0 13 7
a 1789 731 0 4 2
a 1789 1845 0 3 4
a 1794 851 0 4 5
a 1794 1320 0 26 2
a 1795 1235 0 4 7
a 1795 565 0 14 10
a 1798 894 0 4 1
a 1798 1545 0 10 7
a 1799 917 0 4 6
a 1799 1469 0 34 5
a 1803 1649 0 4 4
a 1803 94 0 16 2
a 1806 1729 0 4 10
a 1806 1148 0 23 5
a 1807 743 0 4 3
a 1807 330 0 25 9
a 1810 1503 0 4 3
a 1810 435 0 4 7
a 1811 324 0 4 1
a 1811 392 0 2 8
a 1812 384 0 4 10
a 1812 770 0 41 8
a 1816 1009 0 4 6
a 1816 1048 0 27 5
a 1817 1308 0 4 6
a 1817 21 0 41 4
a 1818 323 0 4 5
a 1818 902 0 4 10
a 1820 1157 0 4 9
a 1820 176 0 19 10
a 1822 442 0 4 5
a 1822 554 0 17 8
a 1825 726 0 4 5
a 1825 1990 0 8 7
a 1826 1220 0 4 9
a 1826 1384 0 42 9
a 1827 611 0 4 10
a 1827 1468 0 3 6
a 1832 1083 0 4 3
a 1832 544 0 8 3
a 1835 58 0 4 3
a 1835 1639 0 42 8
a 1838 180 0 4 4
a 1838 1139 0 40 5
a 1842 1583 0 4 6
a 1842 119 0 3 9
a 1844 116 0 4 8
a 1844 1005 0 49 3
a 1847 1923 0 4 10
a 1847 573 0 50 10
a 1849 844 0 4 1
a 1849 324 0 3 1
a 1852 778 0 4 5
a 1852 1915 0 6 4
a 1855 260 0 4 1
a 1855 387 0 40 9
a 1859 12 0 4 6
a 1859 1616 0 30 4
a 1863 1642 0 4 2
a 1863 599 0 32 7
a 1864 988 0 4 5
a 1864 545 0 3 6
a 1865 1578 0 4 4
a 1865 52 0 14 1
a 1866 386 0 4 9
a 1866 1635 0 37 4
a 1867 1409 0 4 9
a 1867 758 0 6 9
a 1868 1314 0 4 6
a 1868 1380 0 29 10
a 1869 443 0 4 2
a 1869 218 0 37 4
a 1872 1541 0 4 10
a 1872 1032 0 33 5
a 1873 1820 0 4 9
a 1873 1571 0 42 7
a 1874 1656 0 4 5
a 1874 319 0 13 7
a 1875 721 0 4 10
a 1875 1558 0 3 3
a 1877 954 0 4 6
a 1877 1361 0 26 10
a 1879 1941 0 4 1
a 1879 1333 0 33 9
a 1882 110 0 4 9
a 1882 942 0 30 7
a 1885 1192 0 4 4
a 1885 11 0 11 9
a 1886 365 0 4 4
a 1886 147 0 22 1
a 1888 369 0 4 9
a 1888 231 0 9 8
a 1891 61 0 4 1
a 1891 216 0 40 9
a 1893 1926 0 4 10
a 1893 1561 0 12 4
a 1896 1158 0 4 2
a 1896 843 0 14 6
a 1901 852 0 4 4
a 1901 1238 0 30 1
a 1902 426 0 4 7
a 1902 1332 0 33 6
a 1903 225 0 4 9
a 1903 536 0 11 1
a 1905 712 0 4 4
a 1905 869 0 34 3
a 1907 1666 0 4 3
a 1907 1171 0 35 3
a 1909 155 0 4 10
a 1909 1645 0 26 1
a 1910 889 0 4 4
a 1910 1420 0 1 3
a 1916 1091 0 4 8
a 1916 30 0 18 9
a 1917 831 0 4 1
a 1917 1387 0 33 2
a 1918 1207 0 4 1
a 1918 772 0 45 1
a 1922 474 0 4 6
a 1922 228 0 43 8
a 1923 930 0 4 9
a 1923 1826 0 43 1
a 1924 1737 0 4 2
a 1924 174 0 43 2
a 1925 1307 0 4 4
a 1925 1370 0 0 4
a 1926 1381 0 4 1
a 1926 866 0 22 8
a 1928 1798 0 4 5
a 1928 1384 0 14 4
a 1933 209 0 4 7
a 1933 1791 0 43 10
a 1934 93 0 4 2
a 1934 879 0 16 7
a 1935 1454 0 4 10
a 1935 1178 0 14 5
a 1937 1300 0 4 2
a 1937 1377 0 29 2
a 1941 1901 0 4 6
a 1941 1823 0 6 3
a 1942 1298 0 4 1
a 1942 777 0 12 9
a 1945 62 0 4 7
a 1945 1748 0 28 3
a 1947 1499 0 4 8
a 1947 853 0 29 5
a 1949 1766 0 4 1
a 1949 1033 0 24 4
a 1952 25 0 4 3
a 1952 1509 0 3 4
a 1953 1794 0 4 9
a 1953 1761 0 38 8
a 1954 1053 0 4 9
a 1954 760 0 0 3
a 1955 1116 0 4 2
a 1955 820 0 17 5
a 1956 536 0 4 1
a 1956 141 0 2 1
a 1957 1956 0 4 3
a 1957 1360 0 2 1
a 1959 1967 0 4 3
a 1959 1695 0 20 9
a 1962 1562 0 4 6
a 1962 1265 0 16 1
a 1963 364 0 4 8
a 1963 1708 0 47 4
a 1964 322 0 4 5
a 1964 555 0 50 10
a 1965 1178 0 4 5
a 1965 629 0 4 6
a 1966 109 0 4 8
a 1966 1417 0 30 3
a 1967 1155 0 4 8
a 1967 1094 0 16 6
a 1969 1988 0 4 6
a 1969 1981 0 24 3
a 1971 616 0 4 10
a 1971 95 0 27 10
a 1972 819 0 4 8
a 1972 1517 0 12 8
a 1974 511 0 4 9
a 1974 1704 0 41 7
a 1976 708 0 4 9
a 1976 1791 0 0 5
a 1978 1524 0 4 4
a 1978 1494 0 6 3
a 1979 315 0 4 8
a 1979 83 0 26 7
a 1980 761 0 4 5
a 1980 536 0 13 1
a 1981 1221 0 4 8
a 1981 740 0 25 6
a 1984 1316 0 4 3
a 1984 546 0 35 3
a 1985 1365 0 4 9
a 1985 868 0 41 2
a 1988 1303 0 4 2
a 1988 87 0 5 5
a 1989 1359 0 4 3
a 1989 1572 0 32 6
a 1990 994 0 4 1
a 1990 917 0 32 5
a 1994 1691 0 4 3
a 1994 1422 0 23 9
a 1996 456 0 4 2
a 1996 514 0 45 2
a 1998 1250 0 4 4
a 1998 610 0 29 8
