c PyNETGEN v1.0.0
c $ pip install pynetgen
c
c  NETGEN flow network generation algorithm
c  Problem input parameters
c  -------------------------------------
c   Random seed:          1
c   Number of nodes:      2000
c   Source nodes:         2
c   Sink nodes:           2
c   Number of arcs:       4000
c   Minimum arc cost:     1
c   Maximum arc cost:     10
c   Total supply:         50
c   Transshipment -
c     Sources:            0
c     Sinks:              0
c   Skeleton arcs -
c     With max cost:      0
c     Capacitated:        100
c   Minimum arc capacity: 0
c   Maximum arc capacity: 50
c
c  *** Minimum cost flow ***
c
p min 2000 4000
n 1 9
n 2 41
n 1999 -29
n 2000 -21
a 1 1579 0 9 4
a 1 472 0 23 4
a 1 1835 0 25 9
a 4 636 0 9 5
a 4 351 0 33 10
a 5 660 0 9 8
a 5 1673 0 30 8
a 5 1490 0 11 4
a 6 490 0 9 7
a 6 1067 0 16 2
a 11 6 0 9 2
a 11 1508 0 36 4
a 12 1099 0 9 3
a 12 308 0 36 9
a 12 998 0 40 1
a 15 926 0 9 4
a 15 1349 0 37 4
a 15 1994 0 33 8
a 17 1691 0 9 2
a 17 412 0 20 2
a 18 1367 0 9 3
a 18 1256 0 46 3
a 22 871 0 9 8
a 22 488 0 40 9
a 23 1766 0 9 4
a 23 1568 0 39 5
a 26 493 0 9 8
a 26 1612 0 23 3
a 27 524 0 9 3
a 27 1670 0 9 2
a 28 1645 0 9 5
a 28 385 0 49 10
a 32 1872 0 9 5
a 32 294 0 22 9
a 33 1535 0 9 4
a 33 1994 0 25 10
a 34 1859 0 9 7
a 34 87 0 17 10
a 35 246 0 9 8
a 35 1012 0 26 5
a 39 1320 0 9 9
a 39 1034 0 37 8
a 40 1285 0 9 1
a 40 1081 0 16 6
a 41 522 0 9 9
a 41 1852 0 40 7
a 43 1950 0 9 1
a 43 323 0 16 6
a 49 1309 0 9 5
a 49 1113 0 19 8
a 50 694 0 9 3
a 50 247 0 37 2
a 51 1946 0 9 8
a 51 564 0 13 8
a 54 330 0 9 5
a 54 1348 0 26 8
a 56 563 0 9 5
a 56 1362 0 1 5
a 57 997 0 9 5
a 57 1760 0 17 7
a 59 1239 0 9 1
a 59 1097 0 45 8
a 60 1314 0 9 5
a 60 756 0 32 8
a 61 715 0 9 3
a 61 814 0 32 6
a 63 1352 0 9 8
a 63 1827 0 39 8
a 66 1140 0 9 3
a 66 1648 0 25 3
a 69 1992 0 9 9
a 69 421 0 29 4
a 72 1869 0 9 1
a 72 5 0 37 6
a 73 1918 0 9 9
a 73 1700 0 16 8
a 74 937 0 9 4
a 74 1304 0 42 1
a 78 361 0 9 8
a 78 1085 0 38 3
a 79 349 0 9 4
a 79 1006 0 21 9
a 82 1108 0 9 3
a 82 1143 0 42 5
a 84 1930 0 9 1
a 84 1437 0 31 10
a 85 1567 0 9 5
a 85 1475 0 15 5
a 90 51 0 9 5
a 90 1089 0 23 2
a 91 525 0 9 7
a 91 1742 0 32 9
a 92 1707 0 9 10
a 92 469 0 37 5
a 96 17 0 9 5
a 96 1236 0 45 8
a 98 1991 0 9 2
a 98 1726 0 2 9
a 99 1318 0 9 1
a 99 1426 0 28 10
a 102 931 0 9 4
a 102 554 0 17 2
a 106 1080 0 9 6
a 106 956 0 5 2
a 109 774 0 9 5
a 109 1071 0 1 6
a 110 1263 0 9 6
a 110 1419 0 33 6
a 111 980 0 9 1
a 111 465 0 47 4
a 115 305 0 9 7
a 115 1143 0 23 5
a 117 833 0 9 7
a 117 176 0 8 6
a 118 1695 0 9 4
a 118 914 0 38 6
a 119 565 0 9 3
a 119 1453 0 12 8
a 120 376 0 9 4
a 120 688 0 28 2
a 121 1589 0 9 1
a 121 1578 0 47 8
a 129 1127 0 9 10
a 129 827 0 46 2
a 130 1794 0 9 1
a 130 1986 0 39 5
a 132 260 0 9 9
a 132 1237 0 5 10
a 133 1656 0 9 7
a 133 1310 0 4 9
a 134 109 0 9 4
a 134 1771 0 49 8
a 135 1458 0 9 8
a 135 619 0 21 1
a 136 725 0 9 9
a 136 695 0 41 4
a 138 1428 0 9 3
a 138 1248 0 26 6
a 140 1251 0 9 5
a 140 518 0 47 7
a 142 1526 0 9 4
a 142 520 0 39 10
a 144 846 0 9 4
a 144 71 0 5 10
a 145 665 0 9 4
a 145 1598 0 34 1
a 149 705 0 9 7
a 149 1349 0 43 1
a 150 115 0 9 5
a 150 1361 0 17 10
a 155 1922 0 9 8
a 155 1316 0 46 5
a 158 1802 0 9 2
a 158 1286 0 16 5
a 159 1496 0 9 8
a 159 960 0 13 7
a 162 929 0 9 1
a 162 1934 0 36 8
a 163 760 0 9 2
a 163 1712 0 18 3
a 164 418 0 9 7
a 164 1233 0 34 6
a 166 1556 0 9 2
a 166 180 0 12 6
a 176 1130 0 9 7
a 176 1825 0 43 1
a 178 189 0 9 8
a 178 399 0 5 1
a 180 234 0 9 2
a 180 1947 0 50 7
a 181 121 0 9 5
a 181 1852 0 47 8
a 182 442 0 9 7
a 182 1753 0 42 6
a 183 862 0 9 5
a 183 1738 0 43 8
a 184 1030 0 9 6
a 184 919 0 18 4
a 185 1675 0 9 2
a 185 1204 0 31 2
a 186 603 0 9 4
a 186 1004 0 50 1
a 187 1457 0 9 4
a 187 1838 0 4 10
a 189 654 0 9 7
a 189 1728 0 5 7
a 192 1616 0 9 5
a 192 1739 0 47 8
a 195 598 0 9 1
a 195 1165 0 43 8
a 200 43 0 9 6
a 200 654 0 50 1
a 202 1179 0 9 4
a 202 1886 0 1 8
a 203 1475 0 9 10
a 203 474 0 11 2
a 207 1982 0 9 10
a 207 369 0 41 6
a 209 371 0 9 6
a 209 1769 0 1 5
a 210 1972 0 9 1
a 210 1153 0 11 4
a 211 1478 0 9 7
a 211 1524 0 50 6
a 218 988 0 9 4
a 218 1645 0 1 9
a 221 1606 0 9 7
a 221 243 0 37 8
a 222 256 0 9 1
a 222 965 0 19 7
a 227 568 0 9 6
a 227 174 0 29 6
a 229 473 0 9 1
a 229 1968 0 31 1
a 230 1280 0 9 7
a 230 1661 0 49 6
a 232 1152 0 9 8
a 232 1999 0 16 3
a 233 693 0 9 7
a 233 75 0 34 7
a 234 597 0 9 4
a 234 884 0 23 10
a 235 1831 0 9 3
a 235 483 0 28 1
a 238 358 0 9 4
a 238 1207 0 16 3
a 241 1216 0 9 3
a 241 1879 0 45 10
a 244 758 0 9 7
a 244 1542 0 6 5
a 245 878 0 9 9
a 245 1145 0 26 9
a 246 1993 0 9 2
a 246 1742 0 9 2
a 247 32 0 9 7
a 247 1497 0 40 7
a 249 351 0 9 6
a 249 1188 0 21 6
a 252 789 0 9 7
a 252 827 0 48 8
a 253 84 0 9 6
a 253 1615 0 27 5
a 254 1372 0 9 2
a 254 769 0 48 6
a 256 1123 0 9 3
a 256 3 0 2 10
a 260 192 0 9 6
a 260 955 0 4 6
a 261 466 0 9 8
a 261 363 0 41 4
a 263 1980 0 9 8
a 263 437 0 15 5
a 265 1742 0 9 8
a 265 219 0 30 2
a 267 622 0 9 4
a 267 1877 0 40 5
a 268 1652 0 9 2
a 268 1051 0 25 6
a 270 1131 0 9 1
a 270 268 0 19 7
a 273 1000 0 9 5
a 273 1407 0 17 7
a 274 39 0 9 1
a 274 906 0 0 10
a 275 764 0 9 4
a 275 13 0 19 9
a 282 1865 0 9 3
a 282 1397 0 40 7
a 283 1979 0 9 9
a 283 267 0 45 7
a 285 1736 0 9 1
a 285 1825 0 11 5
a 286 1605 0 9 6
a 286 626 0 30 9
a 287 49 0 9 5
a 287 1283 0 19 6
a 288 1598 0 9 2
a 288 74 0 1 8
a 289 1785 0 9 1
a 289 1286 0 50 6
a 290 1442 0 9 8
a 290 1199 0 16 7
a 292 79 0 9 10
a 292 1151 0 18 10
a 293 1467 0 9 7
a 293 957 0 9 5
a 295 270 0 9 4
a 295 1194 0 50 3
a 297 1121 0 9 3
a 297 1213 0 22 7
a 298 955 0 9 10
a 298 1141 0 19 9
a 299 570 0 9 3
a 299 601 0 47 8
a 301 1630 0 9 4
a 301 643 0 25 1
a 303 287 0 9 1
a 303 1543 0 48 7
a 305 1005 0 9 8
a 305 518 0 43 8
a 306 1890 0 9 7
a 306 1614 0 39 3
a 310 303 0 9 5
a 310 788 0 24 4
a 311 971 0 9 8
a 311 1663 0 36 2
a 313 507 0 9 6
a 313 1262 0 3 3
a 314 921 0 9 9
a 314 1525 0 47 6
a 317 1434 0 9 8
a 317 1060 0 4 8
a 323 1525 0 9 8
a 323 952 0 50 6
a 324 761 0 9 6
a 324 1794 0 44 1
a 327 1037 0 9 3
a 327 1351 0 32 3
a 329 792 0 9 2
a 329 157 0 14 9
a 330 1810 0 9 1
a 330 710 0 17 6
a 331 412 0 9 10
a 331 1672 0 38 9
a 332 1405 0 9 5
a 332 1868 0 4 10
a 334 1834 0 9 7
a 334 1994 0 17 3
a 338 935 0 9 2
a 338 1132 0 37 9
a 339 520 0 9 5
a 339 1954 0 38 7
a 343 295 0 9 2
a 343 1629 0 42 8
a 346 915 0 9 8
a 346 704 0 9 9
a 349 40 0 9 10
a 349 1028 0 27 3
a 351 1938 0 9 2
a 351 1717 0 46 3
a 354 1732 0 9 10
a 354 253 0 6 4
a 356 1821 0 9 9
a 356 619 0 19 10
a 357 1196 0 9 4
a 357 780 0 16 6
a 358 567 0 9 10
a 358 1917 0 39 1
a 359 1923 0 9 2
a 359 1920 0 39 5
a 360 1395 0 9 8
a 360 700 0 29 3
a 361 1928 0 9 1
a 361 975 0 10 9
a 364 1348 0 9 1
a 364 766 0 31 3
a 366 1622 0 9 1
a 366 701 0 13 3
a 370 1798 0 9 2
a 370 1965 0 50 8
a 371 827 0 9 1
a 371 1634 0 33 2
a 373 1915 0 9 2
a 373 947 0 13 6
a 374 910 0 9 1
a 374 523 0 45 4
a 376 1774 0 9 3
a 376 1018 0 25 8
a 378 735 0 9 9
a 378 1905 0 49 10
a 380 15 0 9 9
a 380 283 0 42 10
a 382 1368 0 9 4
a 382 306 0 49 6
a 386 1472 0 9 8
a 386 15 0 25 10
a 387 1149 0 9 4
a 387 902 0 34 2
a 392 386 0 9 1
a 392 716 0 4 2
a 393 1147 0 9 8
a 393 602 0 38 5
a 396 677 0 9 1
a 396 1212 0 0 8
a 397 57 0 9 6
a 397 1512 0 26 5
a 398 1665 0 9 4
a 398 1753 0 2 2
a 404 853 0 9 6
a 404 1583 0 15 3
a 405 1621 0 9 10
a 405 1252 0 7 2
a 407 1846 0 9 8
a 407 1521 0 49 4
a 411 580 0 9 3
a 411 1823 0 2 6
a 412 1633 0 9 2
a 412 206 0 5 3
a 418 805 0 9 6
a 418 1382 0 24 7
a 425 836 0 9 4
a 425 227 0 43 7
a 426 1676 0 9 1
a 426 1113 0 42 6
a 433 1068 0 9 5
a 433 585 0 17 1
a 436 674 0 9 5
a 436 1388 0 27 5
a 438 1629 0 9 9
a 438 295 0 29 1
a 439 1842 0 9 2
a 439 1857 0 44 4
a 442 1812 0 9 10
a 442 1918 0 0 2
a 444 1010 0 9 3
a 444 1234 0 48 4
a 446 145 0 9 2
a 446 152 0 1 9
a 448 286 0 9 8
a 448 1259 0 22 6
a 452 164 0 9 8
a 452 1314 0 11 7
a 453 1331 0 9 2
a 453 297 0 37 6
a 454 178 0 9 8
a 454 1063 0 5 3
a 458 1754 0 9 2
a 458 1514 0 29 1
a 462 1360 0 9 7
a 462 252 0 35 6
a 463 1738 0 9 10
a 463 254 0 12 6
a 466 1203 0 9 10
a 466 942 0 17 8
a 467 734 0 9 7
a 467 120 0 25 10
a 472 317 0 9 1
a 472 1395 0 36 9
a 473 682 0 9 4
a 473 1508 0 20 1
a 477 1301 0 9 1
a 477 1002 0 5 9
a 478 267 0 9 5
a 478 207 0 5 6
a 481 1625 0 9 4
a 481 1774 0 41 1
a 483 1464 0 9 10
a 483 1941 0 47 5
a 485 1974 0 9 6
a 485 1585 0 4 1
a 487 1903 0 9 7
a 487 1776 0 48 9
a 488 1208 0 9 10
a 488 1166 0 17 2
a 489 1731 0 9 8
a 489 1405 0 46 6
a 490 1125 0 9 10
a 490 1727 0 35 5
a 492 448 0 9 6
a 492 148 0 50 5
a 493 252 0 9 10
a 493 1496 0 41 3
a 495 1603 0 9 1
a 495 1807 0 18 2
a 497 1600 0 9 10
a 497 1144 0 20 9
a 498 1109 0 9 10
a 498 1184 0 44 6
a 499 1100 0 9 2
a 499 765 0 29 2
a 502 894 0 9 9
a 502 1248 0 41 7
a 503 398 0 9 2
a 503 1537 0 25 1
a 504 1339 0 9 9
a 504 1769 0 3 3
a 507 1509 0 9 3
a 507 1086 0 14 5
a 512 488 0 9 3
a 512 470 0 32 7
a 520 1034 0 9 1
a 520 44 0 14 5
a 521 1850 0 9 4
a 521 1699 0 46 9
a 522 1971 0 9 2
a 522 1890 0 9 6
a 524 1674 0 9 1
a 524 1821 0 50 10
a 525 1312 0 9 3
a 525 1413 0 31 7
a 529 891 0 9 10
a 529 866 0 16 1
a 530 354 0 9 9
a 530 1120 0 30 7
a 531 56 0 9 5
a 531 1586 0 4 2
a 532 1350 0 9 3
a 532 82 0 7 2
a 534 221 0 9 4
a 534 385 0 38 1
a 537 940 0 9 7
a 537 873 0 46 4
a 539 392 0 9 6
a 539 1961 0 35 1
a 541 273 0 9 2
a 541 1813 0 2 8
a 542 1554 0 9 10
a 542 1931 0 49 3
a 543 810 0 9 6
a 543 977 0 23 3
a 544 1020 0 9 8
a 544 1462 0 14 1
a 550 1597 0 9 10
a 550 941 0 35 4
a 552 1595 0 9 2
a 552 1187 0 48 6
a 553 1493 0 9 10
a 553 1395 0 50 1
a 555 1413 0 9 4
a 555 1201 0 3 2
a 558 1648 0 9 4
a 558 1831 0 14 2
a 559 1330 0 9 6
a 559 553 0 35 7
a 562 907 0 9 4
a 562 41 0 12 3
a 563 739 0 9 6
a 563 858 0 46 7
a 565 1586 0 9 8
a 565 1601 0 32 4
a 566 1158 0 9 9
a 566 1334 0 40 5
a 567 1460 0 9 5
a 567 510 0 29 6
a 568 752 0 9 5
a 568 325 0 43 6
a 570 986 0 9 5
a 570 1666 0 6 7
a 571 1087 0 9 7
a 571 1731 0 5 5
a 573 288 0 9 4
a 573 1296 0 48 9
a 574 1200 0 9 8
a 574 1821 0 12 2
a 575 1967 0 9 2
a 575 281 0 50 8
a 576 283 0 9 2
a 576 117 0 34 8
a 580 950 0 9 2
a 580 681 0 42 7
a 583 807 0 9 10
a 583 321 0 0 1
a 586 1421 0 9 5
a 586 687 0 28 1
a 587 849 0 9 5
a 587 1666 0 11 6
a 590 1439 0 9 8
a 590 920 0 24 4
a 593 1838 0 9 6
a 593 328 0 28 5
a 594 334 0 9 4
a 594 1659 0 40 2
a 596 73 0 9 10
a 596 1241 0 3 8
a 597 467 0 9 8
a 597 628 0 31 7
a 598 802 0 9 9
a 598 793 0 43 2
a 600 621 0 9 6
a 600 110 0 12 10
a 603 590 0 9 1
a 603 1586 0 15 2
a 609 211 0 9 1
a 609 707 0 29 2
a 611 1575 0 9 5
a 611 1373 0 11 6
a 612 404 0 9 5
a 612 1815 0 35 9
a 613 209 0 9 6
a 613 1472 0 11 6
a 616 512 0 9 4
a 616 447 0 20 7
a 618 1214 0 9 9
a 618 1134 0 12 2
a 620 1038 0 9 1
a 620 1575 0 32 6
a 621 452 0 9 3
a 621 588 0 4 2
a 622 616 0 9 2
a 622 872 0 34 5
a 623 331 0 9 5
a 623 171 0 24 9
a 624 1427 0 9 9
a 624 1994 0 24 4
a 634 1455 0 9 7
a 634 1639 0 42 1
a 635 1698 0 9 5
a 635 1273 0 2 8
a 636 436 0 9 10
a 636 1824 0 6 1
a 637 575 0 9 4
a 637 1616 0 31 4
a 641 1419 0 9 3
a 641 419 0 44 3
a 642 1233 0 9 3
a 642 183 0 7 3
a 643 957 0 9 2
a 643 1534 0 18 4
a 644 1476 0 9 10
a 644 1674 0 23 3
a 647 808 0 9 4
a 647 1721 0 34 7
a 649 1538 0 9 5
a 649 24 0 48 7
a 650 1786 0 9 2
a 650 1027 0 47 2
a 651 1040 0 9 9
a 651 1537 0 2 9
a 652 1057 0 9 2
a 652 1305 0 49 3
a 654 253 0 9 3
a 654 1152 0 37 8
a 655 1857 0 9 2
a 655 1236 0 38 4
a 656 755 0 9 10
a 656 712 0 29 4
a 657 373 0 9 10
a 657 292 0 42 2
a 659 964 0 9 8
a 659 625 0 50 5
a 660 1111 0 9 5
a 660 717 0 21 7
a 665 1142 0 9 6
a 665 878 0 37 7
a 669 366 0 9 3
a 669 1977 0 43 9
a 670 823 0 9 2
a 670 1999 0 26 7
a 673 1688 0 9 6
a 673 227 0 7 3
a 674 642 0 9 7
a 674 1566 0 47 7
a 676 1344 0 9 7
a 676 986 0 11 8
a 677 285 0 9 3
a 677 62 0 14 9
a 682 707 0 9 2
a 682 248 0 25 9
a 684 1237 0 9 10
a 684 1353 0 19 6
a 693 1564 0 9 1
a 693 408 0 29 2
a 694 534 0 9 9
a 694 1715 0 2 7
a 700 1490 0 9 3
a 700 1303 0 1 3
a 701 706 0 9 1
a 701 160 0 21 10
a 702 241 0 9 6
a 702 511 0 49 1
a 705 1913 0 9 7
a 705 1566 0 15 10
a 706 1892 0 9 2
a 706 689 0 26 6
a 707 370 0 9 2
a 707 553 0 19 1
a 709 1316 0 9 5
a 709 32 0 9 9
a 710 618 0 9 8
a 710 212 0 40 1
a 713 195 0 9 6
a 713 455 0 11 4
a 715 481 0 9 7
a 715 18 0 22 10
a 717 1191 0 9 9
a 717 1778 0 34 3
a 723 1207 0 9 4
a 723 1265 0 11 6
a 725 1524 0 9 2
a 725 846 0 8 2
a 727 1614 0 9 3
a 727 1616 0 39 9
a 729 41 0 9 10
a 729 1028 0 6 7
a 731 657 0 9 7
a 731 1377 0 46 2
a 732 163 0 9 9
a 732 1469 0 30 4
a 734 1494 0 9 7
a 734 421 0 14 3
a 735 1359 0 9 5
a 735 1754 0 16 7
a 736 791 0 9 8
a 736 1247 0 41 4
a 737 1317 0 9 7
a 737 1507 0 5 2
a 738 1369 0 9 7
a 738 1704 0 19 6
a 739 382 0 9 10
a 739 79 0 31 10
a 743 992 0 9 4
a 743 373 0 18 3
a 746 1573 0 9 9
a 746 1893 0 6 7
a 749 1634 0 9 1
a 749 1558 0 34 4
a 750 1355 0 9 1
a 750 1186 0 37 4
a 752 787 0 9 2
a 752 494 0 9 6
a 753 306 0 9 6
a 753 1983 0 19 9
a 755 149 0 9 10
a 755 772 0 20 1
a 756 537 0 9 3
a 756 680 0 8 1
a 758 11 0 9 4
a 758 1403 0 19 9
a 760 407 0 9 7
a 760 1301 0 47 6
a 761 1481 0 9 4
a 761 986 0 38 10
a 764 405 0 9 2
a 764 1715 0 30 2
a 766 1404 0 9 10
a 766 1503 0 4 8
a 771 676 0 9 9
a 771 545 0 41 4
a 772 1937 0 9 9
a 772 448 0 6 10
a 773 338 0 9 6
a 773 501 0 31 1
a 774 1218 0 9 9
a 774 1196 0 5 6
a 775 91 0 9 4
a 775 210 0 15 2
a 776 487 0 9 10
a 776 171 0 20 4
a 778 180 0 9 6
a 778 629 0 39 6
a 781 893 0 9 8
a 781 495 0 29 6
a 783 1751 0 9 9
a 783 1838 0 48 10
a 786 458 0 9 7
a 786 802 0 20 10
a 787 1750 0 9 1
a 787 131 0 27 5
a 789 1608 0 9 3
a 789 894 0 0 3
a 791 1092 0 9 4
a 791 1838 0 30 2
a 792 66 0 9 3
a 792 977 0 5 10
a 793 521 0 9 3
a 793 255 0 14 5
a 795 96 0 9 8
a 795 271 0 42 5
a 797 1293 0 9 3
a 797 3 0 45 8
a 798 314 0 9 9
a 798 146 0 6 3
a 799 1773 0 9 6
a 799 1060 0 36 4
a 800 463 0 9 3
a 800 488 0 50 7
a 801 1205 0 9 2
a 801 1764 0 50 4
a 802 611 0 9 4
a 802 1696 0 5 1
a 804 1089 0 9 1
a 804 439 0 27 5
a 805 158 0 9 5
a 805 1427 0 46 7
a 807 1386 0 9 7
a 807 1572 0 10 5
a 808 1861 0 9 7
a 808 1248 0 27 10
a 809 1510 0 9 7
a 809 1644 0 39 4
a 810 783 0 9 6
a 810 1270 0 39 3
a 812 85 0 9 2
a 812 1583 0 3 2
a 819 979 0 9 7
a 819 257 0 2 4
a 822 942 0 9 1
a 822 1677 0 10 9
a 823 1297 0 9 1
a 823 858 0 4 2
a 827 1583 0 9 6
a 827 1076 0 36 3
a 828 550 0 9 7
a 828 1695 0 44 6
a 830 498 0 9 6
a 830 152 0 20 3
a 831 495 0 9 6
a 831 1132 0 15 3
a 832 1505 0 9 8
a 832 231 0 5 2
a 833 1257 0 9 10
a 833 1191 0 1 2
a 834 140 0 9 9
a 834 1483 0 2 6
a 835 1311 0 9 5
a 835 986 0 8 5
a 836 1983 0 9 8
a 836 159 0 17 5
a 838 573 0 9 6
a 838 1141 0 36 9
a 839 906 0 9 2
a 839 1913 0 43 2
a 843 797 0 9 3
a 843 1474 0 25 1
a 844 244 0 9 4
a 844 314 0 24 6
a 845 851 0 9 10
a 845 306 0 14 8
a 846 801 0 9 5
a 846 1109 0 18 2
a 849 778 0 9 10
a 849 1542 0 3 1
a 850 1220 0 9 10
a 850 359 0 35 9
a 851 738 0 9 1
a 851 279 0 50 6
a 853 1129 0 9 10
a 853 1610 0 24 6
a 854 478 0 9 8
a 854 1483 0 32 9
a 856 1088 0 9 5
a 856 69 0 24 9
a 860 1477 0 9 9
a 860 567 0 44 8
a 862 1470 0 9 8
a 862 1230 0 27 7
a 869 1772 0 9 3
a 869 1167 0 33 8
a 870 953 0 9 4
a 870 399 0 14 6
a 871 832 0 9 5
a 871 1701 0 25 9
a 872 1110 0 9 4
a 872 1286 0 22 1
a 874 230 0 9 7
a 874 790 0 20 1
a 876 659 0 9 9
a 876 1980 0 21 2
a 877 920 0 9 10
a 877 434 0 29 8
a 878 1407 0 9 8
a 878 1787 0 10 6
a 879 1146 0 9 4
a 879 677 0 10 7
a 885 1492 0 9 4
a 885 239 0 38 5
a 887 1803 0 9 6
a 887 1653 0 22 8
a 889 670 0 9 10
a 889 1236 0 36 2
a 890 786 0 9 3
a 890 13 0 46 2
a 891 1157 0 9 6
a 891 450 0 5 3
a 892 1770 0 9 8
a 892 1910 0 25 9
a 893 133 0 9 9
a 893 1868 0 14 9
a 894 732 0 9 9
a 894 1071 0 2 4
a 895 1568 0 9 5
a 895 1132 0 10 6
a 897 1673 0 9 6
a 897 1315 0 35 3
a 898 1102 0 9 10
a 898 1402 0 43 6
a 904 1551 0 9 9
a 904 1116 0 6 1
a 905 1381 0 9 4
a 905 239 0 19 9
a 906 771 0 9 8
a 906 825 0 5 4
a 907 1023 0 9 5
a 907 1018 0 44 7
a 908 1596 0 9 1
a 908 440 0 38 10
a 910 984 0 9 3
a 910 1722 0 48 8
a 915 1729 0 9 7
a 915 1037 0 42 5
a 916 60 0 9 1
a 916 794 0 5 2
a 920 1791 0 9 5
a 920 1594 0 36 3
a 921 1463 0 9 2
a 921 1247 0 38 2
a 926 856 0 9 4
a 926 1651 0 19 1
a 929 566 0 9 8
a 929 945 0 7 5
a 931 1784 0 9 10
a 931 505 0 25 2
a 933 134 0 9 10
a 933 628 0 46 8
a 935 462 0 9 6
a 935 1021 0 14 9
a 936 831 0 9 5
a 936 1394 0 7 10
a 937 753 0 9 5
a 937 1954 0 15 8
a 940 1258 0 9 6
a 940 690 0 0 5
a 941 1362 0 9 8
a 941 489 0 11 10
a 942 374 0 9 2
a 942 636 0 0 10
a 944 1899 0 9 1
a 944 318 0 16 7
a 948 1073 0 9 3
a 948 1121 0 10 5
a 950 977 0 9 2
a 950 760 0 38 1
a 953 1963 0 9 2
a 953 1090 0 0 6
a 955 684 0 9 4
a 955 234 0 17 10
a 956 1126 0 9 9
a 956 557 0 14 5
a 957 652 0 9 6
a 957 1434 0 49 7
a 958 558 0 9 5
a 958 42 0 11 8
a 960 1255 0 9 6
a 960 830 0 6 7
a 964 530 0 9 9
a 964 88 0 49 8
a 966 669 0 9 5
a 966 1029 0 9 3
a 971 1414 0 9 9
a 971 1391 0 45 4
a 975 28 0 9 7
a 975 620 0 18 2
a 977 1113 0 9 8
a 977 181 0 20 1
a 979 1823 0 9 2
a 979 1070 0 1 5
a 980 644 0 9 6
a 980 1596 0 6 2
a 984 552 0 9 5
a 984 1073 0 50 7
a 986 750 0 9 9
a 986 1016 0 17 1
a 988 289 0 9 2
a 988 1511 0 25 9
a 990 346 0 9 5
a 990 1048 0 34 3
a 992 1192 0 9 2
a 992 227 0 27 9
a 993 822 0 9 8
a 993 894 0 14 4
a 994 1425 0 9 6
a 994 793 0 12 4
a 995 183 0 9 4
a 995 105 0 7 8
a 996 795 0 9 1
a 996 1380 0 38 3
a 997 904 0 9 4
a 997 1862 0 45 5
a 1000 1335 0 9 9
a 1000 1719 0 24 10
a 1002 1266 0 9 6
a 1002 1713 0 1 5
a 1004 958 0 9 8
a 1004 202 0 27 10
a 1005 359 0 9 10
a 1005 551 0 25 3
a 1007 1410 0 9 3
a 1007 565 0 9 5
a 1009 1245 0 9 4
a 1009 1704 0 49 9
a 1010 1306 0 9 9
a 1010 1050 0 8 6
a 1012 1916 0 9 8
a 1012 923 0 24 6
a 1014 1084 0 9 8
a 1014 1966 0 11 5
a 1016 1867 0 9 1
a 1016 840 0 40 7
a 1020 1889 0 9 8
a 1020 900 0 47 5
a 1023 232 0 9 4
a 1023 956 0 29 6
a 1026 155 0 9 9
a 1026 854 0 17 6
a 1027 993 0 9 4
a 1027 306 0 33 1
a 1028 543 0 9 5
a 1028 1933 0 14 5
a 1029 1175 0 9 4
a 1029 989 0 10 8
a 1030 559 0 9 4
a 1030 399 0 43 4
a 1032 1416 0 9 6
a 1032 1963 0 34 5
a 1033 876 0 9 7
a 1033 600 0 16 2
a 1034 1829 0 9 2
a 1034 1770 0 50 8
a 1036 1871 0 9 9
a 1036 73 0 29 1
a 1037 596 0 9 2
a 1037 547 0 12 9
a 1038 1115 0 9 2
a 1038 362 0 1 6
a 1039 1065 0 9 10
a 1039 1047 0 47 2
a 1040 1148 0 9 5
a 1040 1600 0 20 5
a 1044 1508 0 9 1
a 1044 1901 0 43 10
a 1045 956 0 9 7
a 1045 612 0 14 10
a 1046 229 0 9 6
a 1046 1264 0 4 10
a 1050 1565 0 9 1
a 1050 327 0 43 7
a 1052 1932 0 9 9
a 1052 126 0 40 1
a 1053 1026 0 9 8
a 1053 1929 0 34 2
a 1054 736 0 9 7
a 1054 538 0 20 4
a 1057 1939 0 9 9
a 1057 665 0 40 10
a 1064 647 0 9 5
a 1064 850 0 29 8
a 1065 343 0 9 4
a 1065 1577 0 18 2
a 1068 749 0 9 6
a 1068 910 0 43 7
a 1071 723 0 9 10
a 1071 1016 0 25 4
a 1073 1814 0 9 6
a 1073 1731 0 15 8
a 1074 1832 0 9 1
a 1074 1285 0 43 6
a 1076 1052 0 9 10
a 1076 1827 0 22 3
a 1080 1199 0 9 9
a 1080 1922 0 11 7
a 1084 1822 0 9 6
a 1084 1527 0 15 7
a 1087 1443 0 9 3
a 1087 647 0 35 4
a 1088 502 0 9 6
a 1088 622 0 17 3
a 1089 1267 0 9 6
a 1089 1520 0 40 10
a 1090 1357 0 9 8
a 1090 342 0 37 10
a 1091 1399 0 9 6
a 1091 1810 0 14 1
a 1092 1027 0 9 8
a 1092 1292 0 42 3
a 1099 1465 0 9 6
a 1099 1793 0 25 10
a 1100 1334 0 9 1
a 1100 312 0 45 4
a 1102 1839 0 9 4
a 1102 1322 0 40 10
a 1103 489 0 9 2
a 1103 1576 0 2 8
a 1106 1178 0 9 2
a 1106 1307 0 19 4
a 1107 746 0 9 8
a 1107 1941 0 14 7
a 1108 1074 0 9 4
a 1108 465 0 14 9
a 1109 22 0 9 1
a 1109 1938 0 2 8
a 1110 117 0 9 5
a 1110 1274 0 25 6
a 1111 1361 0 9 6
a 1111 1067 0 22 10
a 1112 872 0 9 6
a 1112 1600 0 42 9
a 1113 812 0 9 2
a 1113 1577 0 28 7
a 1115 34 0 9 2
a 1115 717 0 36 10
a 1116 1507 0 9 2
a 1116 357 0 38 2
a 1121 1647 0 9 9
a 1121 1627 0 43 10
a 1123 772 0 9 4
a 1123 352 0 20 8
a 1124 887 0 9 5
a 1124 939 0 14 5
a 1125 426 0 9 4
a 1125 1550 0 28 1
a 1126 1050 0 9 7
a 1126 1100 0 29 5
a 1127 1518 0 9 10
a 1127 327 0 13 5
a 1129 339 0 9 1
a 1129 208 0 24 9
a 1130 1007 0 9 6
a 1130 1586 0 44 5
a 1131 1253 0 9 4
a 1131 1842 0 11 6
a 1133 504 0 9 6
a 1133 1635 0 30 7
a 1135 781 0 9 9
a 1135 1150 0 47 7
a 1138 142 0 9 5
a 1138 1892 0 18 1
a 1139 1824 0 9 4
a 1139 276 0 22 3
a 1140 1929 0 9 9
a 1140 302 0 45 9
a 1142 773 0 9 7
a 1142 245 0 5 6
a 1146 651 0 9 5
a 1146 1450 0 9 8
a 1147 4 0 9 2
a 1147 130 0 28 9
a 1148 1602 0 9 8
a 1148 1819 0 29 8
a 1149 27 0 9 2
a 1149 942 0 7 4
a 1150 1452 0 9 3
a 1150 1419 0 4 1
a 1152 1849 0 9 5
a 1152 1021 0 48 7
a 1153 798 0 9 7
a 1153 186 0 44 7
a 1157 1466 0 9 7
a 1157 883 0 28 10
a 1158 1165 0 9 9
a 1158 204 0 49 5
a 1162 1948 0 9 2
a 1162 1785 0 18 1
a 1165 439 0 9 5
a 1165 996 0 44 6
a 1166 713 0 9 5
a 1166 1367 0 14 4
a 1167 1734 0 9 3
a 1167 590 0 15 2
a 1169 1071 0 9 2
a 1169 1575 0 33 7
a 1174 1277 0 9 9
a 1174 1733 0 30 9
a 1175 1776 0 9 3
a 1175 1468 0 36 10
a 1178 1174 0 9 9
a 1178 1904 0 44 6
a 1179 809 0 9 5
a 1179 615 0 15 7
a 1187 1291 0 9 7
a 1187 1543 0 13 10
a 1191 553 0 9 7
a 1191 682 0 12 4
a 1192 700 0 9 7
a 1192 1175 0 27 8
a 1196 1473 0 9 3
a 1196 326 0 29 8
a 1198 1107 0 9 7
a 1198 1689 0 36 1
a 1199 1879 0 9 4
a 1199 109 0 40 1
a 1200 1516 0 9 8
a 1200 464 0 30 10
a 1201 1799 0 9 8
a 1201 669 0 44 6
a 1203 656 0 9 7
a 1203 1851 0 1 8
a 1204 35 0 9 9
a 1204 1114 0 37 6
a 1205 1045 0 9 5
a 1205 1029 0 48 1
a 1207 380 0 9 1
a 1207 999 0 2 8
a 1208 26 0 9 9
a 1208 1890 0 13 7
a 1213 1244 0 9 10
a 1213 1191 0 9 9
a 1214 1124 0 9 3
a 1214 1524 0 0 1
a 1216 1044 0 9 9
a 1216 1885 0 50 7
a 1218 245 0 9 3
a 1218 1189 0 14 4
a 1220 576 0 9 5
a 1220 1425 0 45 1
a 1222 828 0 9 4
a 1222 1142 0 28 4
a 1233 293 0 9 1
a 1233 1909 0 10 3
a 1237 542 0 9 1
a 1237 1431 0 5 9
a 1238 1795 0 9 6
a 1238 372 0 35 6
a 1239 1506 0 9 8
a 1239 1004 0 12 7
a 1240 635 0 9 6
a 1240 90 0 44 8
a 1241 1004 0 9 3
a 1241 842 0 17 10
a 1244 99 0 9 8
a 1244 1298 0 3 9
a 1245 1076 0 9 9
a 1245 212 0 45 1
a 1247 1238 0 9 2
a 1247 261 0 9 8
a 1250 1753 0 9 4
a 1250 1752 0 30 4
a 1251 845 0 9 10
a 1251 1868 0 42 9
a 1253 1910 0 9 7
a 1253 963 0 34 4
a 1255 737 0 9 5
a 1255 607 0 41 3
a 1257 282 0 9 10
a 1257 1171 0 16 3
a 1258 587 0 9 3
a 1258 11 0 14 4
a 1259 1358 0 9 7
a 1259 1541 0 11 8
a 1261 1715 0 9 6
a 1261 537 0 44 1
a 1263 233 0 9 4
a 1263 1812 0 31 2
a 1266 1588 0 9 10
a 1266 1559 0 35 10
a 1267 1241 0 9 3
a 1267 1803 0 6 2
a 1268 1269 0 9 9
a 1268 996 0 4 2
a 1269 800 0 9 6
a 1269 704 0 29 4
a 1276 641 0 9 9
a 1276 1264 0 37 1
a 1277 292 0 9 3
a 1277 1809 0 35 4
a 1278 1988 0 9 4
a 1278 845 0 32 4
a 1279 1298 0 9 1
a 1279 1269 0 27 3
a 1280 111 0 9 4
a 1280 1519 0 28 6
a 1285 1527 0 9 7
a 1285 866 0 11 1
a 1287 1711 0 9 1
a 1287 1837 0 7 7
a 1291 1046 0 9 8
a 1291 71 0 33 8
a 1293 1520 0 9 10
a 1293 499 0 36 7
a 1294 1150 0 9 3
a 1294 37 0 42 3
a 1297 1294 0 9 9
a 1297 845 0 27 9
a 1298 1371 0 9 6
a 1298 1114 0 13 3
a 1299 438 0 9 4
a 1299 111 0 30 1
a 1300 1445 0 9 5
a 1300 1308 0 45 6
a 1301 1624 0 9 1
a 1301 1986 0 3 10
a 1303 702 0 9 10
a 1303 1225 0 24 5
a 1306 186 0 9 8
a 1306 511 0 23 8
a 1307 1014 0 9 10
a 1307 1931 0 22 9
a 1308 1240 0 9 2
a 1308 310 0 34 1
a 1309 529 0 9 6
a 1309 1984 0 17 7
a 1311 860 0 9 2
a 1311 1612 0 25 3
a 1312 1745 0 9 4
a 1312 369 0 31 7
a 1314 503 0 9 10
a 1314 877 0 35 6
a 1315 1342 0 9 9
a 1315 645 0 44 3
a 1316 1570 0 9 3
a 1316 838 0 20 2
a 1317 378 0 9 8
a 1317 173 0 27 4
a 1318 1514 0 9 4
a 1318 1475 0 28 6
a 1320 1332 0 9 9
a 1320 1427 0 29 2
a 1322 1392 0 9 10
a 1322 91 0 18 8
a 1323 799 0 9 1
a 1323 1357 0 41 8
a 1327 1796 0 9 3
a 1327 1078 0 26 7
a 1328 870 0 9 8
a 1328 1459 0 36 7
a 1329 364 0 9 9
a 1329 1284 0 33 4
a 1330 1353 0 9 8
a 1330 1001 0 10 8
a 1331 238 0 9 4
a 1331 1812 0 9 3
a 1332 1308 0 9 10
a 1332 560 0 47 5
a 1334 129 0 9 2
a 1334 1402 0 25 4
a 1335 843 0 9 1
a 1335 533 0 2 5
a 1336 531 0 9 9
a 1336 1066 0 20 7
a 1339 1935 0 9 7
a 1339 250 0 26 7
a 1342 444 0 9 8
a 1342 321 0 24 4
a 1344 1009 0 9 9
a 1344 705 0 15 7
a 1348 1855 0 9 1
a 1348 1504 0 18 6
a 1350 835 0 9 10
a 1350 1784 0 27 1
a 1352 69 0 9 10
a 1352 336 0 30 3
a 1353 1103 0 9 7
a 1353 1254 0 3 6
a 1355 1408 0 9 8
a 1355 1822 0 50 6
a 1357 235 0 9 3
a 1357 1648 0 15 9
a 1358 1895 0 9 5
a 1358 972 0 37 8
a 1359 1667 0 9 3
a 1359 1852 0 16 9
a 1360 59 0 9 7
a 1360 1034 0 13 5
a 1361 1322 0 9 3
a 1361 98 0 19 6
a 1362 472 0 9 6
a 1362 1411 0 17 6
a 1365 838 0 9 2
a 1365 36 0 34 2
a 1367 1663 0 9 9
a 1367 1907 0 47 8
a 1368 532 0 9 5
a 1368 1088 0 19 2
a 1369 1952 0 9 7
a 1369 794 0 45 6
a 1370 1106 0 9 1
a 1370 696 0 13 10
a 1371 1807 0 9 1
a 1371 961 0 41 1
a 1372 1961 0 9 3
a 1372 90 0 2 8
a 1374 1792 0 9 4
a 1374 208 0 44 5
a 1376 756 0 9 7
a 1376 1601 0 21 7
a 1379 1533 0 9 1
a 1379 902 0 33 1
a 1381 1187 0 9 5
a 1381 506 0 26 6
a 1386 110 0 9 6
a 1386 1488 0 28 4
a 1392 227 0 9 9
a 1392 1235 0 37 2
a 1395 187 0 9 3
a 1395 1351 0 4 8
a 1399 1133 0 9 3
a 1399 692 0 19 5
a 1404 1587 0 9 10
a 1404 1293 0 40 3
a 1405 301 0 9 9
a 1405 1480 0 6 7
a 1407 1943 0 9 10
a 1407 643 0 11 3
a 1408 1720 0 9 6
a 1408 534 0 37 3
a 1410 207 0 9 6
a 1410 589 0 46 6
a 1413 268 0 9 3
a 1413 1536 0 41 7
a 1414 936 0 9 1
a 1414 894 0 20 10
a 1416 1039 0 9 7
a 1416 112 0 48 4
a 1417 624 0 9 6
a 1417 201 0 7 6
a 1419 261 0 9 8
a 1419 1689 0 40 5
a 1421 323 0 9 7
a 1421 653 0 17 2
a 1423 701 0 9 10
a 1423 208 0 33 9
a 1425 1365 0 9 8
a 1425 843 0 33 5
a 1426 975 0 9 5
a 1426 1881 0 17 8
a 1427 263 0 9 8
a 1427 1066 0 29 9
a 1428 1721 0 9 4
a 1428 1424 0 18 9
a 1434 1090 0 9 5
a 1434 840 0 30 2
a 1439 1064 0 9 3
a 1439 1381 0 34 4
a 1440 1548 0 9 6
a 1440 1726 0 18 2
a 1442 1112 0 9 1
a 1442 1053 0 0 9
a 1443 1760 0 9 6
a 1443 1356 0 6 6
a 1445 727 0 9 7
a 1445 1469 0 5 4
a 1446 74 0 9 10
a 1446 1517 0 3 9
a 1450 1307 0 9 4
a 1450 1682 0 1 10
a 1452 203 0 9 10
a 1452 1109 0 5 2
a 1454 775 0 9 8
a 1454 1274 0 5 3
a 1455 839 0 9 3
a 1455 1511 0 13 4
a 1456 1198 0 9 10
a 1456 1955 0 5 8
a 1457 1450 0 9 8
a 1457 1337 0 13 4
a 1458 729 0 9 5
a 1458 979 0 16 7
a 1460 136 0 9 1
a 1460 684 0 21 10
a 1463 1572 0 9 10
a 1463 961 0 16 8
a 1464 1681 0 9 8
a 1464 798 0 28 1
a 1465 433 0 9 5
a 1465 831 0 39 9
a 1466 717 0 9 2
a 1466 1812 0 30 5
a 1467 1921 0 9 6
a 1467 1611 0 49 8
a 1468 492 0 9 2
a 1468 633 0 12 5
a 1470 1328 0 9 3
a 1470 1103 0 15 1
a 1471 176 0 9 6
a 1471 1325 0 27 7
a 1472 1261 0 9 8
a 1472 172 0 7 2
a 1473 499 0 9 9
a 1473 671 0 23 8
a 1475 1700 0 9 9
a 1475 337 0 25 1
a 1476 1029 0 9 10
a 1476 89 0 40 8
a 1477 1701 0 9 3
a 1477 18 0 30 3
a 1478 1153 0 9 5
a 1478 1663 0 20 5
a 1479 1638 0 9 4
a 1479 907 0 33 6
a 1481 23 0 9 9
a 1481 155 0 18 10
a 1487 2000 0 9 6
a 1487 885 0 9 9
a 1490 1912 0 9 3
a 1490 1234 0 23 7
a 1492 1896 0 9 5
a 1492 204 0 14 4
a 1493 1497 0 9 10
a 1493 1938 0 14 1
a 1494 1468 0 9 1
a 1494 1183 0 14 9
a 1496 1213 0 9 6
a 1496 888 0 36 5
a 1497 834 0 9 9
a 1497 1982 0 34 4
a 1499 1811 0 9 2
a 1499 778 0 6 10
a 1500 1680 0 9 4
a 1500 1827 0 25 8
a 1505 1426 0 9 10
a 1505 1022 0 43 4
a 1506 1033 0 9 6
a 1506 1058 0 13 1
a 1507 634 0 9 9
a 1507 401 0 43 3
a 1508 995 0 9 3
a 1508 1140 0 33 9
a 1509 541 0 9 8
a 1509 1700 0 29 2
a 1510 210 0 9 4
a 1510 24 0 19 7
a 1512 593 0 9 8
a 1512 521 0 31 6
a 1514 1250 0 9 2
a 1514 1091 0 23 3
a 1516 54 0 9 7
a 1516 985 0 5 3
a 1518 1561 0 9 7
a 1518 120 0 5 10
a 1520 948 0 9 2
a 1520 1738 0 36 10
a 1524 254 0 9 6
a 1524 223 0 30 3
a 1525 966 0 9 3
a 1525 1558 0 7 10
a 1526 1594 0 9 5
a 1526 1011 0 11 8
a 1527 1836 0 9 1
a 1527 1236 0 26 4
a 1528 1945 0 9 1
a 1528 1414 0 43 1
a 1533 98 0 9 1
a 1533 1307 0 7 10
a 1535 90 0 9 6
a 1535 315 0 6 4
a 1536 574 0 9 7
a 1536 341 0 37 3
a 1538 1169 0 9 8
a 1538 931 0 13 7
a 1540 994 0 9 4
a 1540 1546 0 32 3
a 1545 477 0 9 7
a 1545 1472 0 19 4
a 1548 485 0 9 1
a 1548 176 0 33 5
a 1551 1727 0 9 3
a 1551 1622 0 39 5
a 1554 1370 0 9 8
a 1554 1515 0 23 10
a 1556 766 0 9 8
a 1556 540 0 50 7
a 1560 275 0 9 4
a 1560 1981 0 33 9
a 1561 1560 0 9 7
a 1561 685 0 44 8
a 1564 1303 0 9 10
a 1564 575 0 46 9
a 1565 1599 0 9 9
a 1565 1547 0 42 6
a 1567 1947 0 9 9
a 1567 512 0 0 8
a 1568 332 0 9 2
a 1568 1089 0 8 10
a 1570 144 0 9 8
a 1570 1355 0 20 7
a 1572 655 0 9 3
a 1572 1816 0 6 10
a 1573 1528 0 9 3
a 1573 490 0 49 2
a 1574 600 0 9 3
a 1574 501 0 38 8
a 1575 360 0 9 9
a 1575 1127 0 6 3
a 1579 1591 0 9 4
a 1579 1950 0 35 4
a 1582 643 0 9 8
a 1582 1857 0 27 10
a 1583 1278 0 9 7
a 1583 1366 0 18 8
a 1586 166 0 9 8
a 1586 1484 0 4 4
a 1587 1487 0 9 5
a 1587 1110 0 21 4
a 1588 200 0 9 10
a 1588 1827 0 16 4
a 1589 1762 0 9 2
a 1589 1780 0 16 7
a 1591 905 0 9 1
a 1591 117 0 32 4
a 1594 1672 0 9 5
a 1594 1543 0 7 10
a 1595 1222 0 9 3
a 1595 555 0 18 1
a 1596 544 0 9 6
a 1596 1170 0 18 3
a 1597 310 0 9 2
a 1597 1847 0 20 5
a 1598 106 0 9 3
a 1598 1518 0 37 7
a 1599 329 0 9 7
a 1599 1653 0 22 9
a 1600 1755 0 9 8
a 1600 538 0 2 3
a 1602 1878 0 9 4
a 1602 1173 0 44 8
a 1603 82 0 9 3
a 1603 1818 0 7 6
a 1605 1985 0 9 6
a 1605 292 0 27 5
a 1606 1456 0 9 8
a 1606 65 0 24 10
a 1608 1139 0 9 5
a 1608 839 0 7 5
a 1614 130 0 9 10
a 1614 102 0 33 5
a 1616 869 0 9 10
a 1616 1688 0 33 5
a 1617 1654 0 9 5
a 1617 1498 0 23 6
a 1621 731 0 9 5
a 1621 1643 0 34 4
a 1622 1877 0 9 3
a 1622 57 0 25 8
a 1624 249 0 9 7
a 1624 544 0 50 10
a 1625 1536 0 9 1
a 1625 714 0 26 1
a 1629 1764 0 9 8
a 1629 1599 0 46 3
a 1630 898 0 9 9
a 1630 715 0 38 10
a 1633 612 0 9 5
a 1633 1235 0 50 9
a 1634 324 0 9 1
a 1634 1727 0 3 6
a 1635 1279 0 9 7
a 1635 921 0 31 7
a 1638 185 0 9 4
a 1638 1771 0 12 8
a 1645 1735 0 9 4
a 1645 318 0 30 10
a 1647 311 0 9 3
a 1647 1925 0 30 9
a 1648 162 0 9 4
a 1648 375 0 39 8
a 1649 583 0 9 5
a 1649 1406 0 29 8
a 1652 290 0 9 6
a 1652 204 0 23 8
a 1653 1649 0 9 3
a 1653 1817 0 43 3
a 1654 1635 0 9 2
a 1654 1814 0 27 1
a 1656 1658 0 9 3
a 1656 988 0 18 3
a 1658 1953 0 9 3
a 1658 1360 0 10 9
a 1659 1036 0 9 4
a 1659 1247 0 16 1
a 1661 50 0 9 10
a 1661 186 0 2 3
a 1663 1135 0 9 3
a 1663 629 0 9 1
a 1665 620 0 9 4
a 1665 433 0 0 7
a 1667 879 0 9 10
a 1667 958 0 12 1
a 1672 1327 0 9 8
a 1672 1618 0 32 4
a 1673 1819 0 9 6
a 1673 1887 0 34 1
a 1674 609 0 9 4
a 1674 1155 0 38 1
a 1675 877 0 9 3
a 1675 1520 0 47 1
a 1676 1440 0 9 2
a 1676 835 0 4 3
a 1680 297 0 9 3
a 1680 618 0 28 7
a 1681 743 0 9 9
a 1681 1897 0 27 10
a 1688 1329 0 9 8
a 1688 20 0 1 6
a 1691 357 0 9 7
a 1691 260 0 38 9
a 1695 960 0 9 10
a 1695 1921 0 6 6
a 1698 1853 0 9 10
a 1698 1721 0 18 8
a 1699 1901 0 9 1
a 1699 812 0 21 8
a 1700 119 0 9 2
a 1700 785 0 8 3
a 1701 539 0 9 9
a 1701 1463 0 50 3
a 1707 265 0 9 2
a 1707 1275 0 26 10
a 1708 92 0 9 1
a 1708 355 0 45 1
a 1711 218 0 9 3
a 1711 1221 0 15 2
a 1714 1708 0 9 4
a 1714 927 0 36 3
a 1715 673 0 9 1
a 1715 1217 0 0 10
a 1720 396 0 9 2
a 1720 66 0 41 2
a 1721 1617 0 9 3
a 1721 864 0 7 6
a 1727 1315 0 9 10
a 1727 1288 0 24 2
a 1728 118 0 9 5
a 1728 529 0 38 5
a 1729 850 0 9 5
a 1729 1622 0 33 1
a 1730 1300 0 9 10
a 1730 810 0 43 3
a 1731 1805 0 9 7
a 1731 1234 0 36 8
a 1732 356 0 9 10
a 1732 748 0 8 3
a 1734 594 0 9 4
a 1734 1865 0 39 4
a 1735 1777 0 9 1
a 1735 197 0 27 8
a 1736 313 0 9 1
a 1736 1665 0 31 1
a 1738 804 0 9 1
a 1738 390 0 22 6
a 1742 1032 0 9 2
a 1742 82 0 9 7
a 1744 1276 0 9 1
a 1744 1624 0 12 6
a 1745 890 0 9 9
a 1745 729 0 26 6
a 1750 1091 0 9 10
a 1750 1317 0 26 5
a 1751 1894 0 9 8
a 1751 524 0 27 9
a 1753 895 0 9 3
a 1753 678 0 4 6
a 1754 1323 0 9 9
a 1754 1244 0 5 8
a 1755 1956 0 9 6
a 1755 871 0 4 3
a 1760 425 0 9 8
a 1760 1864 0 47 4
a 1762 1204 0 9 4
a 1762 365 0 15 10
a 1764 1499 0 9 7
a 1764 1798 0 20 4
a 1766 411 0 9 7
a 1766 719 0 15 6
a 1770 1744 0 9 10
a 1770 613 0 8 3
a 1772 446 0 9 5
a 1772 1025 0 9 7
a 1773 1379 0 9 5
a 1773 1291 0 38 4
a 1774 1374 0 9 9
a 1774 1600 0 18 5
a 1776 1201 0 9 6
a 1776 461 0 21 4
a 1777 397 0 9 7
a 1777 936 0 38 5
a 1784 393 0 9 7
a 1784 749 0 10 1
a 1785 182 0 9 7
a 1785 1990 0 21 9
a 1786 1920 0 9 10
a 1786 1507 0 49 6
a 1791 1728 0 9 3
a 1791 920 0 7 10
a 1792 1446 0 9 5
a 1792 1695 0 16 8
a 1794 1908 0 9 4
a 1794 669 0 13 7
a 1795 613 0 9 10
a 1795 776 0 25 4
a 1796 1714 0 9 3
a 1796 1351 0 6 2
a 1798 1835 0 9 9
a 1798 94 0 35 3
a 1799 1162 0 9 3
a 1799 725 0 31 8
a 1802 102 0 9 3
a 1802 1295 0 10 8
a 1803 327 0 9 1
a 1803 1825 0 3 10
a 1805 497 0 9 6
a 1805 1112 0 24 10
a 1806 571 0 9 6
a 1806 1287 0 40 2
a 1807 1336 0 9 8
a 1807 1424 0 14 8
a 1808 298 0 9 9
a 1808 1906 0 29 2
a 1810 1924 0 9 7
a 1810 1449 0 0 9
a 1811 1574 0 9 6
a 1811 1218 0 39 1
a 1812 990 0 9 1
a 1812 11 0 8 9
a 1813 1806 0 9 9
a 1813 1282 0 34 9
a 1814 61 0 9 6
a 1814 1880 0 27 4
a 1818 1454 0 9 5
a 1818 802 0 32 6
a 1819 1827 0 9 7
a 1819 536 0 43 7
a 1821 586 0 9 6
a 1821 1232 0 10 8
a 1822 1730 0 9 9
a 1822 1266 0 21 3
a 1823 709 0 9 7
a 1823 131 0 49 9
a 1824 623 0 9 6
a 1824 29 0 27 7
a 1827 1299 0 9 5
a 1827 1386 0 14 6
a 1829 1138 0 9 2
a 1829 1253 0 48 3
a 1831 5 0 9 8
a 1831 977 0 22 2
a 1832 874 0 9 9
a 1832 1444 0 26 7
a 1834 844 0 9 2
a 1834 1867 0 11 1
a 1835 650 0 9 3
a 1835 1724 0 9 5
a 1836 1512 0 9 7
a 1836 1811 0 33 2
a 1838 1417 0 9 9
a 1838 383 0 29 10
a 1839 710 0 9 1
a 1839 704 0 45 2
a 1842 830 0 9 2
a 1842 1619 0 6 8
a 1846 1376 0 9 8
a 1846 950 0 21 1
a 1849 483 0 9 5
a 1849 1336 0 28 2
a 1850 1116 0 9 3
a 1850 1670 0 7 6
a 1852 1054 0 9 7
a 1852 1667 0 9 5
a 1853 33 0 9 1
a 1853 312 0 0 8
a 1855 18 0 9 4
a 1855 1705 0 50 7
a 1856 897 0 9 1
a 1856 1960 0 36 5
a 1857 181 0 9 9
a 1857 1125 0 35 7
a 1859 1545 0 9 1
a 1859 1719 0 35 9
a 1861 120 0 9 9
a 1861 601 0 42 7
a 1865 1852 0 9 2
a 1865 57 0 9 4
a 1867 1002 0 9 1
a 1867 1500 0 16 7
a 1869 63 0 9 5
a 1869 13 0 26 1
a 1871 299 0 9 9
a 1871 1436 0 15 2
a 1872 1259 0 9 8
a 1872 1439 0 37 1
a 1877 1012 0 9 7
a 1877 555 0 30 6
a 1878 1808 0 9 10
a 1878 1156 0 7 8
a 1879 1016 0 9 6
a 1879 1145 0 27 3
a 1889 637 0 9 4
a 1889 1737 0 11 1
a 1890 1028 0 9 3
a 1890 129 0 34 6
a 1892 1247 0 9 5
a 1892 359 0 6 3
a 1894 159 0 9 6
a 1894 168 0 0 1
a 1895 562 0 9 5
a 1895 1521 0 36 9
a 1896 793 0 9 6
a 1896 845 0 37 2
a 1899 1582 0 9 4
a 1899 1905 0 17 8
a 1901 889 0 9 3
a 1901 1624 0 41 1
a 1903 247 0 9 6
a 1903 1923 0 2 1
a 1904 944 0 9 1
a 1904 584 0 15 2
a 1908 274 0 9 7
a 1908 1568 0 7 6
a 1910 908 0 9 3
a 1910 689 0 30 1
a 1912 132 0 9 8
a 1912 1964 0 45 6
a 1913 78 0 9 7
a 1913 848 0 7 10
a 1915 1268 0 9 3
a 1915 1045 0 50 6
a 1916 1423 0 9 7
a 1916 1649 0 44 10
a 1918 916 0 9 3
a 1918 847 0 42 6
a 1920 150 0 9 3
a 1920 1758 0 19 5
a 1921 776 0 9 1
a 1921 19 0 25 2
a 1922 1471 0 9 2
a 1922 1267 0 29 2
a 1923 819 0 9 2
a 1923 428 0 41 4
a 1924 1167 0 9 9
a 1924 1935 0 50 3
a 1928 941 0 9 1
a 1928 1470 0 36 9
a 1929 1053 0 9 7
a 1929 1377 0 27 2
a 1930 184 0 9 2
a 1930 1187 0 44 10
a 1932 649 0 9 2
a 1932 1099 0 9 10
a 1934 1540 0 9 1
a 1934 596 0 48 10
a 1935 1856 0 9 7
a 1935 834 0 2 10
a 1937 1479 0 9 9
a 1937 1248 0 8 7
a 1938 202 0 9 3
a 1938 1090 0 12 10
a 1939 1661 0 9 1
a 1939 658 0 10 2
a 1943 1500 0 9 10
a 1943 1173 0 3 3
a 1945 387 0 9 5
a 1945 1383 0 22 4
a 1946 135 0 9 8
a 1946 1458 0 1 9
a 1947 1904 0 9 3
a 1947 798 0 34 2
a 1948 1166 0 9 10
a 1948 695 0 33 8
a 1950 555 0 9 4
a 1950 1618 0 32 8
a 1952 222 0 9 4
a 1952 297 0 14 3
a 1953 854 0 9 6
a 1953 1187 0 35 9
a 1956 996 0 9 5
a 1956 1419 0 14 7
a 1961 72 0 9 5
a 1961 1236 0 48 4
a 1963 1818 0 9 7
a 1963 29 0 34 8
a 1967 12 0 9 6
a 1967 1172 0 36 2
a 1971 892 0 9 10
a 1971 753 0 46 9
a 1972 1813 0 9 6
a 1972 431 0 43 3
a 1974 1653 0 9 6
a 1974 72 0 41 5
a 1979 454 0 9 3
a 1979 395 0 3 10
a 1980 1699 0 9 9
a 1980 449 0 13 7
a 1982 1659 0 9 3
a 1982 23 0 0 7
a 1983 933 0 9 3
a 1983 110 0 31 6
a 1985 138 0 9 5
a 1985 1542 0 28 5
a 1988 1934 0 9 3
a 1988 70 0 10 9
a 1991 453 0 9 7
a 1991 1330 0 38 4
a 1992 1287 0 9 2
a 1992 1259 0 50 6
a 1993 1999 0 9 5
a 1993 463 0 20 5
a 2 747 0 41 4
a 2 1636 0 1 10
a 3 1101 0 41 1
a 3 578 0 1 5
a 7 1302 0 41 6
a 7 942 0 47 9
a 8 1161 0 41 1
a 8 1533 0 25 7
a 9 395 0 41 10
a 9 287 0 39 3
a 10 1957 0 41 6
a 10 976 0 31 9
a 13 886 0 41 1
a 13 448 0 40 3
a 14 1870 0 41 10
a 14 1963 0 1 7
a 16 1449 0 41 9
a 16 1075 0 50 10
a 19 848 0 41 1
a 19 736 0 2 3
a 20 1817 0 41 5
a 20 430 0 46 5
a 21 86 0 41 1
a 21 1895 0 30 4
a 24 614 0 41 7
a 24 1033 0 2 6
a 25 1781 0 41 2
a 25 295 0 21 8
a 29 417 0 41 7
a 29 45 0 24 4
a 30 350 0 41 4
a 30 1261 0 32 2
a 31 1987 0 41 4
a 31 309 0 22 5
a 36 779 0 41 9
a 36 1516 0 23 2
a 37 46 0 41 10
a 37 1304 0 10 2
a 38 1406 0 41 9
a 38 1212 0 11 10
a 42 1097 0 41 5
a 42 1059 0 36 6
a 44 336 0 41 10
a 44 1793 0 19 8
a 45 528 0 41 2
a 45 515 0 2 7
a 46 214 0 41 1
a 46 438 0 48 9
a 47 658 0 41 1
a 47 249 0 34 5
a 48 377 0 41 4
a 48 175 0 13 1
a 52 1077 0 41 5
a 52 1117 0 36 3
a 53 818 0 41 4
a 53 260 0 31 6
a 55 440 0 41 3
a 55 1006 0 39 8
a 58 1610 0 41 5
a 58 401 0 25 10
a 62 368 0 41 6
a 62 1391 0 20 2
a 64 447 0 41 7
a 64 171 0 39 9
a 65 1683 0 41 5
a 65 385 0 40 6
a 67 549 0 41 10
a 67 1963 0 4 6
a 68 431 0 41 2
a 68 1460 0 3 8
a 70 932 0 41 1
a 70 307 0 16 1
a 71 432 0 41 9
a 71 1946 0 45 2
a 75 29 0 41 8
a 75 1540 0 16 1
a 76 1804 0 41 3
a 76 996 0 33 10
a 77 167 0 41 5
a 77 1465 0 45 10
a 80 1402 0 41 2
a 80 281 0 20 2
a 81 1474 0 41 3
a 81 741 0 26 10
a 83 250 0 41 1
a 83 1078 0 37 6
a 86 1484 0 41 8
a 86 203 0 8 3
a 87 1833 0 41 7
a 87 1799 0 38 10
a 88 601 0 41 3
a 88 377 0 29 5
a 89 226 0 41 1
a 89 653 0 40 1
a 93 1066 0 41 10
a 93 1401 0 42 3
a 94 372 0 41 2
a 94 369 0 41 10
a 95 740 0 41 10
a 95 269 0 1 2
a 97 1999 0 41 6
a 97 503 0 26 1
a 100 1613 0 41 5
a 100 881 0 27 2
a 101 605 0 41 10
a 101 726 0 42 9
a 103 638 0 41 9
a 103 835 0 39 8
a 104 1182 0 41 4
a 104 1528 0 36 1
a 105 1657 0 41 2
a 105 551 0 25 7
a 107 415 0 41 5
a 107 329 0 30 9
a 108 474 0 41 1
a 108 1279 0 49 2
a 112 1522 0 41 2
a 112 1844 0 2 6
a 113 516 0 41 5
a 113 23 0 41 7
a 114 385 0 41 3
a 114 292 0 41 8
a 116 1062 0 41 7
a 116 126 0 27 1
a 122 14 0 41 4
a 122 979 0 41 6
a 123 1909 0 41 8
a 123 482 0 42 7
a 124 943 0 41 9
a 124 1790 0 1 1
a 125 1771 0 41 9
a 125 67 0 27 2
a 126 1898 0 41 1
a 126 1054 0 18 1
a 127 1173 0 41 6
a 127 1965 0 5 5
a 128 1712 0 41 5
a 128 413 0 19 7
a 131 934 0 41 3
a 131 1152 0 31 7
a 137 1815 0 41 1
a 137 708 0 45 2
a 139 422 0 41 2
a 139 1890 0 13 9
a 141 1210 0 41 5
a 141 656 0 19 8
a 143 1006 0 41 10
a 143 1268 0 43 1
a 146 788 0 41 6
a 146 445 0 47 8
a 147 131 0 41 6
a 147 1790 0 44 3
a 148 77 0 41 3
a 148 915 0 13 5
a 151 972 0 41 4
a 151 1833 0 34 6
a 152 1377 0 41 3
a 152 7 0 11 2
a 153 1156 0 41 4
a 153 89 0 28 5
a 154 1264 0 41 5
a 154 171 0 19 3
a 156 1230 0 41 4
a 156 1034 0 37 9
a 157 307 0 41 1
a 157 254 0 45 4
a 160 1788 0 41 7
a 160 1614 0 21 8
a 161 309 0 41 3
a 161 793 0 35 1
a 165 1517 0 41 5
a 165 248 0 23 5
a 167 333 0 41 8
a 167 1431 0 6 8
a 168 901 0 41 3
a 168 1594 0 19 4
a 169 1752 0 41 9
a 169 1626 0 24 5
a 170 1433 0 41 8
a 170 544 0 35 8
a 171 1697 0 41 4
a 171 528 0 16 5
a 172 1469 0 41 3
a 172 1374 0 37 10
a 173 883 0 41 2
a 173 1498 0 46 3
a 174 545 0 41 7
a 174 1781 0 9 8
a 175 37 0 41 10
a 175 1230 0 6 8
a 177 302 0 41 3
a 177 600 0 24 5
a 179 919 0 41 8
a 179 355 0 22 7
a 188 16 0 41 2
a 188 55 0 5 3
a 190 1881 0 41 8
a 190 360 0 27 9
a 191 1197 0 41 4
a 191 165 0 0 10
a 193 75 0 41 9
a 193 1081 0 49 5
a 194 1340 0 41 7
a 194 813 0 17 8
a 196 1646 0 41 2
a 196 821 0 15 8
a 197 712 0 41 10
a 197 1979 0 29 4
a 198 475 0 41 6
a 198 311 0 17 7
a 199 1058 0 41 7
a 199 410 0 44 7
a 201 1778 0 41 4
a 201 1194 0 6 2
a 204 1373 0 41 10
a 204 1137 0 17 3
a 205 617 0 41 1
a 205 1914 0 19 1
a 206 1761 0 41 2
a 206 1846 0 35 7
a 208 1543 0 41 5
a 208 217 0 36 6
a 212 1726 0 41 7
a 212 917 0 28 7
a 213 1541 0 41 5
a 213 1705 0 4 10
a 214 813 0 41 7
a 214 1981 0 43 9
a 215 1120 0 41 4
a 215 519 0 5 5
a 216 627 0 41 10
a 216 58 0 21 7
a 217 400 0 41 2
a 217 430 0 30 10
a 219 588 0 41 1
a 219 967 0 40 5
a 220 667 0 41 5
a 220 258 0 50 7
a 223 1902 0 41 3
a 223 218 0 45 8
a 224 961 0 41 10
a 224 80 0 21 5
a 225 1741 0 41 5
a 225 1874 0 18 6
a 226 1163 0 41 8
a 226 515 0 36 6
a 228 1743 0 41 3
a 228 1010 0 18 9
a 231 272 0 41 6
a 231 1584 0 29 10
a 236 1489 0 41 9
a 236 1946 0 4 10
a 237 1118 0 41 7
a 237 1545 0 38 8
a 239 1650 0 41 4
a 239 1368 0 35 1
a 240 608 0 41 9
a 240 1396 0 3 1
a 242 237 0 41 8
a 242 1746 0 30 9
a 243 857 0 41 5
a 243 219 0 10 7
a 248 456 0 41 5
a 248 1863 0 44 5
a 250 423 0 41 9
a 250 231 0 42 6
a 251 205 0 41 10
a 251 1593 0 33 2
a 255 1797 0 41 9
a 255 836 0 31 1
a 257 951 0 41 8
a 257 1015 0 18 6
a 258 1837 0 41 5
a 258 1540 0 19 5
a 259 515 0 41 6
a 259 639 0 36 3
a 262 501 0 41 7
a 262 284 0 3 4
a 264 811 0 41 1
a 264 1295 0 13 7
a 266 1521 0 41 9
a 266 1898 0 36 10
a 269 1640 0 41 4
a 269 1344 0 43 7
a 271 389 0 41 6
a 271 1107 0 41 2
a 272 1996 0 41 6
a 272 1532 0 28 7
a 276 1843 0 41 4
a 276 906 0 44 6
a 277 21 0 41 2
a 277 143 0 19 9
a 278 945 0 41 4
a 278 1058 0 38 2
a 279 394 0 41 10
a 279 1458 0 46 9
a 280 457 0 41 2
a 280 909 0 26 6
a 281 691 0 41 8
a 281 592 0 46 7
a 284 572 0 41 5
a 284 1394 0 17 2
a 291 690 0 41 10
a 291 10 0 20 10
a 294 1787 0 41 8
a 294 688 0 3 6
a 296 151 0 41 2
a 296 75 0 3 4
a 300 1354 0 41 3
a 300 462 0 3 10
a 302 76 0 41 6
a 302 1734 0 38 1
a 304 1891 0 41 3
a 304 918 0 11 2
a 307 981 0 41 5
a 307 338 0 44 4
a 308 1569 0 41 4
a 308 347 0 38 8
a 309 1310 0 41 10
a 309 1533 0 19 5
a 312 1884 0 41 10
a 312 1754 0 17 2
a 315 1705 0 41 2
a 315 1626 0 6 7
a 316 678 0 41 1
a 316 1154 0 15 3
a 318 348 0 41 6
a 318 340 0 33 8
a 319 1483 0 41 2
a 319 665 0 14 8
a 320 976 0 41 1
a 320 995 0 43 1
a 321 1949 0 41 1
a 321 1563 0 49 2
a 322 146 0 41 2
a 322 442 0 27 1
a 325 1584 0 41 7
a 325 765 0 20 10
a 326 794 0 41 3
a 326 514 0 33 6
a 328 1041 0 41 5
a 328 421 0 28 5
a 333 179 0 41 10
a 333 1908 0 48 5
a 335 965 0 41 7
a 335 979 0 28 2
a 336 1424 0 41 3
a 336 1235 0 8 3
a 337 1226 0 41 9
a 337 680 0 17 8
a 340 1639 0 41 1
a 340 1830 0 47 3
a 341 1768 0 41 10
a 341 1536 0 4 7
a 342 107 0 41 7
a 342 588 0 7 6
a 344 68 0 41 7
a 344 1125 0 12 5
a 345 277 0 41 10
a 345 1164 0 28 8
a 347 451 0 41 6
a 347 1303 0 36 2
a 348 1451 0 41 10
a 348 1403 0 36 1
a 350 340 0 41 9
a 350 1163 0 1 2
a 352 967 0 41 7
a 352 1774 0 11 4
a 353 899 0 41 1
a 353 432 0 48 7
a 355 1212 0 41 7
a 355 218 0 28 1
a 362 1172 0 41 10
a 362 168 0 7 8
a 363 863 0 41 5
a 363 385 0 24 8
a 365 328 0 41 5
a 365 1775 0 15 3
a 367 45 0 41 7
a 367 505 0 31 10
a 368 296 0 41 7
a 368 1269 0 8 4
a 369 1618 0 41 5
a 369 1581 0 25 3
a 372 213 0 41 1
a 372 473 0 4 4
a 375 820 0 41 6
a 375 1490 0 41 5
a 377 316 0 41 3
a 377 102 0 5 9
a 379 427 0 41 6
a 379 865 0 32 9
a 381 1626 0 41 10
a 381 791 0 7 9
a 383 1955 0 41 5
a 383 1703 0 38 7
a 384 591 0 41 4
a 384 270 0 38 2
a 385 538 0 41 1
a 385 1851 0 28 3
a 388 1844 0 41 2
a 388 526 0 29 9
a 389 1242 0 41 7
a 389 1536 0 3 8
a 390 165 0 41 6
a 390 312 0 16 8
a 391 1105 0 41 7
a 391 840 0 21 4
a 394 1382 0 41 6
a 394 505 0 28 7
a 395 1840 0 41 4
a 395 1143 0 41 4
a 399 1190 0 41 5
a 399 171 0 13 7
a 400 1043 0 41 9
a 400 1128 0 8 4
a 401 1193 0 41 7
a 401 564 0 10 5
a 402 1144 0 41 2
a 402 971 0 13 5
a 403 1223 0 41 3
a 403 1331 0 34 3
a 406 903 0 41 4
a 406 1307 0 19 7
a 408 1094 0 41 10
a 408 1537 0 31 3
a 409 1519 0 41 7
a 409 560 0 35 10
a 410 1612 0 41 8
a 410 437 0 41 10
a 413 1722 0 41 10
a 413 1754 0 17 8
a 414 123 0 41 1
a 414 1977 0 13 2
a 415 560 0 41 1
a 415 1495 0 21 6
a 416 1128 0 41 8
a 416 476 0 20 6
a 417 1858 0 41 1
a 417 468 0 14 4
a 419 1900 0 41 2
a 419 962 0 35 5
a 420 381 0 41 3
a 420 450 0 33 10
a 421 391 0 41 7
a 421 479 0 27 3
a 422 973 0 41 4
a 422 789 0 5 6
a 423 900 0 41 1
a 423 731 0 50 4
a 424 762 0 41 8
a 424 1255 0 37 3
a 427 852 0 41 10
a 427 534 0 25 4
a 428 421 0 41 3
a 428 1835 0 36 9
a 429 1628 0 41 5
a 429 978 0 46 7
a 430 1969 0 41 6
a 430 254 0 20 2
a 431 1180 0 41 4
a 431 1489 0 47 3
a 432 1885 0 41 6
a 432 679 0 21 5
a 434 1864 0 41 9
a 434 1940 0 40 7
a 435 1409 0 41 2
a 435 1055 0 17 10
a 437 922 0 41 1
a 437 1424 0 44 8
a 440 607 0 41 1
a 440 35 0 37 3
a 441 1444 0 41 3
a 441 1762 0 29 7
a 443 148 0 41 5
a 443 544 0 47 3
a 445 1977 0 41 2
a 445 1930 0 23 8
a 447 829 0 41 9
a 447 954 0 49 10
a 449 1975 0 41 9
a 449 919 0 48 6
a 450 1231 0 41 9
a 450 44 0 37 7
a 451 464 0 41 6
a 451 1638 0 48 5
a 455 1557 0 41 2
a 455 894 0 19 6
a 456 1679 0 41 2
a 456 1129 0 30 8
a 457 912 0 41 7
a 457 1118 0 26 4
a 459 255 0 41 1
a 459 266 0 42 1
a 460 1704 0 41 8
a 460 415 0 14 6
a 461 859 0 41 2
a 461 1778 0 25 5
a 464 1432 0 41 5
a 464 46 0 40 5
a 465 639 0 41 5
a 465 1768 0 29 5
a 468 1403 0 41 6
a 468 514 0 11 5
a 469 204 0 41 3
a 469 106 0 17 6
a 470 1530 0 41 8
a 470 1519 0 22 9
a 471 1394 0 41 8
a 471 1307 0 29 10
a 474 610 0 41 8
a 474 1176 0 34 3
a 475 127 0 41 3
a 475 1293 0 13 10
a 476 1396 0 41 6
a 476 1297 0 3 5
a 479 403 0 41 2
a 479 346 0 6 2
a 480 646 0 41 2
a 480 730 0 35 4
a 482 730 0 41 4
a 482 851 0 2 9
a 484 294 0 41 10
a 484 1427 0 23 3
a 486 518 0 41 9
a 486 104 0 35 2
a 491 108 0 41 6
a 491 1187 0 42 8
a 494 341 0 41 4
a 494 496 0 41 2
a 496 742 0 41 5
a 496 1346 0 4 9
a 500 1671 0 41 2
a 500 625 0 30 3
a 501 240 0 41 7
a 501 600 0 49 1
a 505 1488 0 41 9
a 505 108 0 50 7
a 506 1962 0 41 1
a 506 265 0 9 4
a 508 584 0 41 4
a 508 367 0 0 9
a 509 999 0 41 8
a 509 1109 0 19 2
a 510 369 0 41 1
a 510 387 0 15 7
a 511 582 0 41 4
a 511 1639 0 19 6
a 513 20 0 41 2
a 513 1481 0 43 9
a 514 1485 0 41 1
a 514 328 0 29 3
a 515 1202 0 41 6
a 515 921 0 27 1
a 516 1905 0 41 8
a 516 1302 0 14 6
a 517 449 0 41 7
a 517 1851 0 28 3
a 518 223 0 41 8
a 518 55 0 2 2
a 519 842 0 41 7
a 519 1124 0 14 8
a 523 714 0 41 7
a 523 1189 0 17 1
a 526 1221 0 41 8
a 526 1495 0 33 5
a 527 1873 0 41 6
a 527 1415 0 50 8
a 528 1960 0 41 1
a 528 140 0 14 4
a 533 1246 0 41 3
a 533 687 0 27 5
a 535 352 0 41 4
a 535 1068 0 0 9
a 536 1547 0 41 2
a 536 1630 0 0 8
a 538 1418 0 41 6
a 538 398 0 21 7
a 540 1800 0 41 7
a 540 118 0 49 8
a 545 662 0 41 10
a 545 1838 0 50 10
a 546 197 0 41 10
a 546 1312 0 11 5
a 547 803 0 41 1
a 547 525 0 28 3
a 548 987 0 41 7
a 548 340 0 33 1
a 549 1749 0 41 6
a 549 1944 0 1 6
a 551 1825 0 41 6
a 551 70 0 33 6
a 554 231 0 41 5
a 554 880 0 17 5
a 556 215 0 41 4
a 556 1768 0 41 7
a 557 548 0 41 1
a 557 1524 0 6 3
a 560 1723 0 41 8
a 560 778 0 17 2
a 561 1363 0 41 1
a 561 1043 0 9 7
a 564 681 0 41 7
a 564 1179 0 21 3
a 569 52 0 41 5
a 569 542 0 5 7
a 572 1282 0 41 3
a 572 1277 0 21 6
a 577 1141 0 41 6
a 577 1834 0 22 5
a 578 429 0 41 3
a 578 44 0 21 2
a 579 666 0 41 7
a 579 1645 0 42 10
a 581 703 0 41 2
a 581 1787 0 49 6
a 582 1095 0 41 4
a 582 822 0 4 8
a 584 1718 0 41 1
a 584 656 0 23 4
a 585 13 0 41 2
a 585 352 0 12 9
a 588 629 0 41 1
a 588 368 0 19 3
a 589 1229 0 41 4
a 589 1758 0 22 9
a 591 1793 0 41 9
a 591 554 0 47 9
a 592 1693 0 41 2
a 592 784 0 47 3
a 595 1347 0 41 3
a 595 666 0 37 2
a 599 1025 0 41 5
a 599 1115 0 2 5
a 601 409 0 41 4
a 601 283 0 25 4
a 602 1669 0 41 3
a 602 1267 0 42 4
a 604 173 0 41 6
a 604 668 0 49 1
a 605 1459 0 41 7
a 605 700 0 12 3
a 606 939 0 41 1
a 606 1470 0 9 7
a 607 1696 0 41 2
a 607 809 0 25 3
a 608 685 0 41 3
a 608 243 0 4 4
a 610 1337 0 41 5
a 610 24 0 3 5
a 614 1559 0 41 1
a 614 500 0 34 2
a 615 47 0 41 8
a 615 527 0 29 6
a 617 194 0 41 4
a 617 827 0 10 8
a 619 914 0 41 7
a 619 206 0 46 9
a 625 815 0 41 10
a 625 878 0 33 6
a 626 782 0 41 1
a 626 747 0 22 5
a 627 413 0 41 5
a 627 1373 0 4 9
a 628 116 0 41 7
a 628 1346 0 13 4
a 629 695 0 41 6
a 629 1356 0 11 2
a 630 480 0 41 3
a 630 940 0 29 8
a 631 867 0 41 6
a 631 1319 0 44 8
a 632 100 0 41 4
a 632 1135 0 47 2
a 633 103 0 41 4
a 633 1409 0 34 3
a 638 928 0 41 1
a 638 1419 0 31 1
a 639 763 0 41 4
a 639 157 0 23 6
a 640 1687 0 41 6
a 640 295 0 21 8
a 645 1746 0 41 2
a 645 692 0 24 10
a 646 251 0 41 10
a 646 1525 0 28 10
a 648 365 0 41 5
a 648 55 0 44 7
a 653 139 0 41 10
a 653 1876 0 29 10
a 658 212 0 41 5
a 658 1723 0 45 2
a 661 785 0 41 4
a 661 1200 0 43 9
a 662 1719 0 41 4
a 662 1752 0 31 10
a 663 62 0 41 9
a 663 709 0 49 3
a 664 1779 0 41 8
a 664 1374 0 13 9
a 666 1702 0 41 6
a 666 853 0 43 1
a 667 1868 0 41 8
a 667 1925 0 38 5
a 668 171 0 41 6
a 668 1188 0 46 8
a 671 1234 0 41 3
a 671 118 0 27 5
a 672 1461 0 41 10
a 672 781 0 23 2
a 675 1981 0 41 1
a 675 481 0 3 5
a 678 759 0 41 7
a 678 1969 0 12 10
a 679 390 0 41 5
a 679 1662 0 42 1
a 680 1845 0 41 10
a 680 206 0 46 5
a 681 1984 0 41 3
a 681 336 0 50 4
a 683 1642 0 41 9
a 683 1874 0 33 2
a 685 30 0 41 3
a 685 939 0 33 1
a 686 1206 0 41 7
a 686 1961 0 1 10
a 687 959 0 41 10
a 687 1496 0 40 9
a 688 65 0 41 9
a 688 17 0 35 5
a 689 1973 0 41 1
a 689 995 0 35 1
a 690 881 0 41 7
a 690 442 0 22 10
a 691 206 0 41 6
a 691 905 0 15 10
a 692 1333 0 41 1
a 692 1577 0 28 4
a 695 1826 0 41 8
a 695 437 0 1 7
a 696 1122 0 41 2
a 696 454 0 15 2
a 697 1013 0 41 4
a 697 1514 0 32 2
a 698 1209 0 41 10
a 698 667 0 13 1
a 699 821 0 41 3
a 699 1437 0 47 3
a 703 1542 0 41 10
a 703 1880 0 29 4
a 704 1072 0 41 10
a 704 1178 0 21 1
a 708 1283 0 41 7
a 708 843 0 42 9
a 711 998 0 41 9
a 711 1755 0 14 5
a 712 1713 0 41 9
a 712 1558 0 49 9
a 714 1757 0 41 10
a 714 968 0 4 4
a 716 280 0 41 1
a 716 1623 0 13 2
a 718 8 0 41 6
a 718 1520 0 40 5
a 719 383 0 41 4
a 719 1887 0 43 7
a 720 946 0 41 5
a 720 595 0 20 10
a 721 441 0 41 2
a 721 1594 0 25 1
a 722 648 0 41 3
a 722 1076 0 46 1
a 724 719 0 41 2
a 724 1184 0 39 5
a 726 1225 0 41 8
a 726 1129 0 18 9
a 728 224 0 41 10
a 728 236 0 14 2
a 730 1356 0 41 1
a 730 254 0 47 7
a 733 1694 0 41 4
a 733 1805 0 38 5
a 740 160 0 41 6
a 740 1439 0 24 10
a 741 1592 0 41 6
a 741 1606 0 20 8
a 742 201 0 41 7
a 742 1738 0 29 7
a 744 1398 0 41 5
a 744 972 0 4 4
a 745 1685 0 41 7
a 745 1455 0 19 3
a 747 1577 0 41 10
a 747 531 0 20 4
a 748 1228 0 41 9
a 748 1492 0 11 3
a 751 817 0 41 1
a 751 1050 0 36 2
a 754 741 0 41 2
a 754 234 0 25 6
a 757 1195 0 41 8
a 757 176 0 40 2
a 759 112 0 41 8
a 759 1311 0 14 8
a 762 1874 0 41 4
a 762 1592 0 43 1
a 763 721 0 41 2
a 763 1765 0 26 3
a 765 855 0 41 10
a 765 417 0 23 6
a 767 318 0 41 3
a 767 1608 0 11 7
a 768 1305 0 41 4
a 768 1441 0 0 2
a 769 1576 0 41 7
a 769 948 0 39 7
a 770 858 0 41 5
a 770 990 0 44 3
a 777 1555 0 41 7
a 777 499 0 42 8
a 779 671 0 41 2
a 779 21 0 23 7
a 780 1136 0 41 5
a 780 1972 0 6 6
a 782 362 0 41 3
a 782 679 0 47 3
a 784 1132 0 41 9
a 784 906 0 10 10
a 785 1851 0 41 6
a 785 1245 0 17 8
a 788 38 0 41 1
a 788 1666 0 40 7
a 790 125 0 41 2
a 790 431 0 27 1
a 794 1420 0 41 4
a 794 1802 0 18 7
a 796 663 0 41 9
a 796 1952 0 48 2
a 803 1321 0 41 6
a 803 1491 0 31 5
a 806 1384 0 41 4
a 806 301 0 27 9
a 811 873 0 41 2
a 811 408 0 23 9
a 813 308 0 41 1
a 813 1914 0 9 9
a 814 1809 0 41 6
a 814 1627 0 41 1
a 815 1931 0 41 7
a 815 74 0 41 2
a 816 1737 0 41 7
a 816 1589 0 32 2
a 817 1176 0 41 1
a 817 1974 0 35 1
a 818 1438 0 41 4
a 818 1576 0 3 8
a 820 720 0 41 5
a 820 1608 0 39 4
a 821 1411 0 41 10
a 821 280 0 26 7
a 824 592 0 41 3
a 824 673 0 17 1
a 825 55 0 41 2
a 825 1918 0 33 10
a 826 1747 0 41 4
a 826 162 0 13 6
a 829 325 0 41 1
a 829 450 0 2 3
a 837 697 0 41 8
a 837 828 0 33 2
a 840 1378 0 41 8
a 840 1672 0 33 3
a 841 25 0 41 8
a 841 998 0 40 9
a 842 345 0 41 7
a 842 1192 0 25 5
a 847 1544 0 41 6
a 847 1490 0 15 2
a 848 909 0 41 4
a 848 540 0 31 4
a 852 326 0 41 4
a 852 1081 0 33 8
a 855 1677 0 41 3
a 855 1876 0 43 9
a 857 1783 0 41 4
a 857 1115 0 24 8
a 858 479 0 41 8
a 858 908 0 49 10
a 859 216 0 41 3
a 859 703 0 38 1
a 861 420 0 41 8
a 861 1516 0 38 1
a 863 1313 0 41 5
a 863 1921 0 2 8
a 864 1502 0 41 8
a 864 377 0 25 6
a 865 585 0 41 2
a 865 612 0 35 3
a 866 1546 0 41 4
a 866 374 0 42 10
a 867 884 0 41 7
a 867 1347 0 50 4
a 868 97 0 41 9
a 868 339 0 36 9
a 873 95 0 41 9
a 873 1632 0 8 4
a 875 930 0 41 9
a 875 1039 0 36 3
a 880 1351 0 41 6
a 880 436 0 36 8
a 881 53 0 41 6
a 881 963 0 9 8
a 882 430 0 41 5
a 882 42 0 8 5
a 883 1848 0 41 8
a 883 1455 0 36 8
a 884 1018 0 41 4
a 884 530 0 30 4
a 886 196 0 41 10
a 886 1431 0 5 9
a 888 1552 0 41 2
a 888 1586 0 15 2
a 896 1364 0 41 7
a 896 1575 0 22 3
a 899 923 0 41 1
a 899 1896 0 2 7
a 900 1188 0 41 10
a 900 854 0 37 6
a 901 880 0 41 5
a 901 746 0 20 10
a 902 154 0 41 2
a 902 1595 0 47 5
a 903 1970 0 41 6
a 903 693 0 38 4
a 909 1717 0 41 10
a 909 754 0 1 6
a 911 1692 0 41 1
a 911 1375 0 29 7
a 912 1532 0 41 9
a 912 1512 0 43 3
a 913 619 0 41 8
a 913 941 0 28 3
a 914 1740 0 41 5
a 914 1724 0 15 9
a 917 664 0 41 4
a 917 998 0 35 8
a 918 718 0 41 9
a 918 1055 0 13 7
a 919 48 0 41 9
a 919 1709 0 39 2
a 922 745 0 41 1
a 922 893 0 19 1
a 923 1593 0 41 3
a 923 196 0 40 3
a 924 1759 0 41 6
a 924 1438 0 15 6
a 925 1271 0 41 7
a 925 239 0 7 5
a 927 1345 0 41 7
a 927 288 0 50 10
a 928 615 0 41 4
a 928 376 0 25 2
a 930 1194 0 41 7
a 930 1659 0 2 8
a 932 1324 0 41 5
a 932 609 0 46 5
a 934 837 0 41 1
a 934 1847 0 1 2
a 938 1270 0 41 9
a 938 1042 0 36 4
a 939 1689 0 41 2
a 939 882 0 39 4
a 943 589 0 41 8
a 943 884 0 2 3
a 945 896 0 41 4
a 945 1989 0 38 6
a 946 1480 0 41 5
a 946 1288 0 24 8
a 947 67 0 41 9
a 947 464 0 23 3
a 949 1739 0 41 5
a 949 1950 0 21 7
a 951 1986 0 41 7
a 951 1982 0 37 8
a 952 1284 0 41 7
a 952 553 0 20 8
a 954 913 0 41 9
a 954 758 0 37 7
a 959 947 0 41 4
a 959 680 0 32 7
a 961 1917 0 41 4
a 961 557 0 8 6
a 962 319 0 41 9
a 962 1709 0 3 6
a 963 468 0 41 7
a 963 614 0 22 5
a 965 93 0 41 6
a 965 310 0 14 2
a 967 450 0 41 1
a 967 1351 0 47 9
a 968 1275 0 41 2
a 968 749 0 6 6
a 969 1539 0 41 4
a 969 238 0 8 1
a 970 533 0 41 3
a 970 752 0 25 9
a 972 1430 0 41 6
a 972 1564 0 12 1
a 973 228 0 41 2
a 973 1931 0 27 7
a 974 509 0 41 9
a 974 1083 0 8 3
a 976 564 0 41 7
a 976 1177 0 42 8
a 978 983 0 41 9
a 978 1690 0 9 2
a 981 1882 0 41 1
a 981 1893 0 35 10
a 982 1081 0 41 10
a 982 249 0 8 2
a 983 1486 0 41 9
a 983 888 0 26 9
a 985 1668 0 41 3
a 985 1083 0 27 3
a 987 770 0 41 7
a 987 1065 0 10 9
a 989 1252 0 41 6
a 989 1002 0 43 5
a 991 1024 0 41 3
a 991 1004 0 41 10
a 998 470 0 41 9
a 998 1425 0 7 2
a 999 1415 0 41 8
a 999 314 0 49 2
a 1001 952 0 41 6
a 1001 339 0 29 3
a 1003 1265 0 41 1
a 1003 620 0 2 9
a 1006 1093 0 41 3
a 1006 512 0 24 6
a 1008 1104 0 41 3
a 1008 1388 0 44 10
a 1011 1782 0 41 6
a 1011 42 0 46 1
a 1013 1145 0 41 7
a 1013 267 0 6 6
a 1015 64 0 41 7
a 1015 121 0 43 3
a 1017 1995 0 41 8
a 1017 95 0 8 3
a 1018 455 0 41 2
a 1018 69 0 40 4
a 1019 416 0 41 10
a 1019 867 0 42 3
a 1021 174 0 41 9
a 1021 509 0 19 6
a 1022 1748 0 41 7
a 1022 1262 0 29 2
a 1024 1880 0 41 6
a 1024 401 0 46 4
a 1025 128 0 41 5
a 1025 1794 0 19 7
a 1031 1978 0 41 8
a 1031 404 0 49 2
a 1035 147 0 41 2
a 1035 1136 0 22 8
a 1041 1186 0 41 3
a 1041 535 0 39 3
a 1042 938 0 41 1
a 1042 10 0 42 1
a 1043 1380 0 41 9
a 1043 772 0 1 4
a 1047 551 0 41 6
a 1047 798 0 25 9
a 1048 733 0 41 5
a 1048 769 0 23 9
a 1049 465 0 41 7
a 1049 2000 0 41 1
a 1051 101 0 41 8
a 1051 1848 0 16 5
a 1055 1690 0 41 5
a 1055 943 0 5 4
a 1056 1070 0 41 8
a 1056 116 0 39 4
a 1058 1325 0 41 5
a 1058 1909 0 6 10
a 1059 1887 0 41 3
a 1059 1589 0 8 4
a 1060 88 0 41 9
a 1060 505 0 11 7
a 1061 476 0 41 3
a 1061 1474 0 23 6
a 1062 36 0 41 3
a 1062 131 0 41 3
a 1063 963 0 41 8
a 1063 725 0 36 3
a 1066 1211 0 41 10
a 1066 1546 0 26 4
a 1067 716 0 41 9
a 1067 1699 0 19 6
a 1069 686 0 41 3
a 1069 538 0 28 4
a 1070 814 0 41 1
a 1070 1031 0 33 3
a 1072 10 0 41 9
a 1072 1887 0 25 6
a 1075 927 0 41 10
a 1075 1554 0 49 5
a 1077 1098 0 41 8
a 1077 1459 0 19 4
a 1078 982 0 41 2
a 1078 1290 0 12 9
a 1079 9 0 41 4
a 1079 1459 0 47 6
a 1081 271 0 41 1
a 1081 1906 0 17 2
a 1082 699 0 41 5
a 1082 1520 0 40 5
a 1083 1063 0 41 9
a 1083 141 0 48 7
a 1085 1385 0 41 4
a 1085 423 0 29 3
a 1086 1164 0 41 1
a 1086 1619 0 47 3
a 1093 1933 0 41 3
a 1093 813 0 2 2
a 1094 1888 0 41 10
a 1094 461 0 23 4
a 1095 970 0 41 7
a 1095 1817 0 27 1
a 1096 1716 0 41 10
a 1096 552 0 41 10
a 1097 918 0 41 10
a 1097 1122 0 42 8
a 1098 408 0 41 2
a 1098 120 0 27 5
a 1101 1860 0 41 6
a 1101 1491 0 9 4
a 1104 199 0 41 3
a 1104 6 0 11 8
a 1105 191 0 41 5
a 1105 148 0 49 8
a 1114 824 0 41 10
a 1114 1860 0 6 9
a 1117 1011 0 41 8
a 1117 1721 0 22 8
a 1118 1042 0 41 5
a 1118 238 0 23 3
a 1119 1631 0 41 8
a 1119 1124 0 32 4
a 1120 1400 0 41 1
a 1120 1546 0 15 1
a 1122 974 0 41 4
a 1122 476 0 30 6
a 1128 1436 0 41 10
a 1128 1669 0 6 2
a 1132 1171 0 41 3
a 1132 1260 0 21 3
a 1134 1217 0 41 7
a 1134 866 0 22 10
a 1136 840 0 41 6
a 1136 1720 0 31 2
a 1137 1534 0 41 4
a 1137 242 0 8 9
a 1141 1936 0 41 5
a 1141 1134 0 47 4
a 1143 602 0 41 10
a 1143 1336 0 31 9
a 1144 1437 0 41 2
a 1144 836 0 35 3
a 1145 1733 0 41 5
a 1145 535 0 4 5
a 1151 278 0 41 7
a 1151 283 0 5 6
a 1154 137 0 41 2
a 1154 1293 0 30 4
a 1155 768 0 41 1
a 1155 840 0 31 6
a 1156 1031 0 41 10
a 1156 282 0 23 9
a 1159 672 0 41 4
a 1159 1544 0 33 2
a 1160 1219 0 41 5
a 1160 1354 0 44 6
a 1161 722 0 41 1
a 1161 645 0 26 4
a 1163 469 0 41 8
a 1163 549 0 3 8
a 1164 757 0 41 4
a 1164 758 0 28 10
a 1168 581 0 41 7
a 1168 1583 0 42 1
a 1170 911 0 41 3
a 1170 769 0 49 10
a 1171 367 0 41 1
a 1171 478 0 32 9
a 1172 1886 0 41 7
a 1172 1184 0 0 6
a 1173 471 0 41 3
a 1173 166 0 38 9
a 1176 291 0 41 5
a 1176 1331 0 25 3
a 1177 1725 0 41 8
a 1177 1954 0 23 6
a 1180 243 0 41 5
a 1180 491 0 10 8
a 1181 1990 0 41 9
a 1181 196 0 47 6
a 1182 1075 0 41 9
a 1182 1819 0 18 7
a 1183 1724 0 41 8
a 1183 1166 0 30 1
a 1184 767 0 41 7
a 1184 1476 0 8 8
a 1185 335 0 41 2
a 1185 1269 0 43 1
a 1186 1341 0 41 8
a 1186 1005 0 14 9
a 1188 1155 0 41 7
a 1188 1462 0 31 5
a 1189 257 0 41 9
a 1189 1561 0 44 9
a 1190 284 0 41 4
a 1190 1506 0 14 5
a 1193 1170 0 41 8
a 1193 309 0 47 5
a 1194 1578 0 41 7
a 1194 1073 0 10 9
a 1195 87 0 41 1
a 1195 509 0 46 9
a 1197 1523 0 41 2
a 1197 1564 0 6 10
a 1202 1137 0 41 5
a 1202 1601 0 26 1
a 1206 1641 0 41 9
a 1206 504 0 41 2
a 1209 527 0 41 2
a 1209 201 0 22 10
a 1210 1585 0 41 6
a 1210 1073 0 7 3
a 1211 1655 0 41 2
a 1211 805 0 14 4
a 1212 496 0 41 8
a 1212 26 0 33 10
a 1215 728 0 41 1
a 1215 1362 0 29 6
a 1217 156 0 41 9
a 1217 1820 0 7 4
a 1219 1664 0 41 5
a 1219 1804 0 0 7
a 1221 104 0 41 1
a 1221 1865 0 20 4
a 1223 925 0 41 9
a 1223 380 0 2 2
a 1224 1571 0 41 2
a 1224 670 0 20 8
a 1225 1001 0 41 6
a 1225 1997 0 15 8
a 1226 628 0 41 3
a 1226 1574 0 12 2
a 1227 1511 0 41 1
a 1227 268 0 37 4
a 1228 435 0 41 6
a 1228 339 0 32 10
a 1229 556 0 41 6
a 1229 663 0 7 6
a 1230 1079 0 41 7
a 1230 1420 0 43 9
a 1231 344 0 41 4
a 1231 1689 0 0 7
a 1232 1435 0 41 6
a 1232 457 0 42 10
a 1234 172 0 41 5
a 1234 469 0 19 10
a 1235 599 0 41 7
a 1235 1340 0 25 5
a 1236 1662 0 41 10
a 1236 1781 0 33 3
a 1242 1224 0 41 5
a 1242 458 0 15 2
a 1243 1019 0 41 6
a 1243 1624 0 38 7
a 1246 726 0 41 2
a 1246 1618 0 10 1
a 1248 1563 0 41 3
a 1248 1300 0 0 8
a 1249 461 0 41 2
a 1249 1422 0 23 2
a 1252 1349 0 41 9
a 1252 165 0 7 8
a 1254 1863 0 41 4
a 1254 890 0 45 1
a 1256 1304 0 41 7
a 1256 1512 0 30 2
a 1260 689 0 41 8
a 1260 366 0 14 2
a 1262 875 0 41 9
a 1262 512 0 6 9
a 1264 124 0 41 1
a 1264 977 0 39 4
a 1265 114 0 41 5
a 1265 181 0 4 4
a 1270 31 0 41 8
a 1270 1596 0 18 2
a 1271 985 0 41 1
a 1271 1449 0 4 2
a 1272 1181 0 41 5
a 1272 1692 0 30 3
a 1273 1959 0 41 5
a 1273 405 0 42 10
a 1274 402 0 41 6
a 1274 1771 0 33 3
a 1275 1289 0 41 5
a 1275 70 0 45 1
a 1281 1003 0 41 8
a 1281 398 0 32 6
a 1282 484 0 41 5
a 1282 710 0 15 9
a 1283 1366 0 41 4
a 1283 979 0 25 6
a 1284 388 0 41 4
a 1284 328 0 11 3
a 1286 1604 0 41 9
a 1286 612 0 28 5
a 1288 1017 0 41 9
a 1288 831 0 44 7
a 1289 506 0 41 5
a 1289 1794 0 5 10
a 1290 347 0 41 5
a 1290 1631 0 48 10
a 1292 1942 0 41 6
a 1292 11 0 2 2
a 1295 1607 0 41 8
a 1295 1240 0 34 1
a 1296 80 0 41 8
a 1296 1850 0 19 1
a 1302 1637 0 41 6
a 1302 522 0 39 3
a 1304 1495 0 41 7
a 1304 266 0 40 9
a 1305 1346 0 41 4
a 1305 1390 0 9 10
a 1310 170 0 41 8
a 1310 1788 0 0 10
a 1313 1082 0 41 2
a 1313 1193 0 32 9
a 1319 375 0 41 4
a 1319 1810 0 24 5
a 1321 769 0 41 3
a 1321 500 0 43 9
a 1324 193 0 41 5
a 1324 572 0 18 10
a 1325 1623 0 41 6
a 1325 1613 0 46 5
a 1326 94 0 41 10
a 1326 1543 0 50 5
a 1333 969 0 41 6
a 1333 1605 0 20 10
a 1337 482 0 41 3
a 1337 1680 0 32 6
a 1338 1274 0 41 2
a 1338 664 0 36 3
a 1340 1272 0 41 7
a 1340 1334 0 5 10
a 1341 1580 0 41 8
a 1341 1988 0 43 1
a 1343 1682 0 41 10
a 1343 921 0 19 8
a 1345 698 0 41 5
a 1345 358 0 17 2
a 1346 1925 0 41 3
a 1346 834 0 25 9
a 1347 443 0 41 6
a 1347 1259 0 23 6
a 1349 777 0 41 5
a 1349 1150 0 1 9
a 1351 1215 0 41 7
a 1351 1144 0 7 3
a 1354 625 0 41 10
a 1354 1784 0 29 5
a 1356 765 0 41 2
a 1356 1968 0 33 2
a 1363 494 0 41 10
a 1363 855 0 7 1
a 1364 1801 0 41 7
a 1364 983 0 16 1
a 1366 569 0 41 2
a 1366 1499 0 36 4
a 1373 519 0 41 7
a 1373 622 0 49 1
a 1375 1390 0 41 9
a 1375 568 0 23 10
a 1377 262 0 41 3
a 1377 1199 0 42 7
a 1378 460 0 41 5
a 1378 7 0 12 9
a 1380 281 0 41 3
a 1380 662 0 34 9
a 1382 83 0 41 4
a 1382 1692 0 37 10
a 1383 1816 0 41 2
a 1383 948 0 25 3
a 1384 991 0 41 7
a 1384 433 0 48 4
a 1385 924 0 41 10
a 1385 43 0 47 7
a 1387 679 0 41 10
a 1387 378 0 5 7
a 1388 1143 0 41 10
a 1388 332 0 18 9
a 1389 1134 0 41 7
a 1389 140 0 46 3
a 1390 1168 0 41 9
a 1390 480 0 34 9
a 1391 1048 0 41 5
a 1391 979 0 5 7
a 1393 353 0 41 9
a 1393 1246 0 45 2
a 1394 300 0 41 7
a 1394 1362 0 29 6
a 1396 1236 0 41 8
a 1396 203 0 34 10
a 1397 949 0 41 6
a 1397 542 0 3 6
a 1398 1056 0 41 6
a 1398 614 0 41 5
a 1400 321 0 41 10
a 1400 1764 0 4 10
a 1401 968 0 41 10
a 1401 1235 0 10 8
a 1402 547 0 41 4
a 1402 485 0 43 5
a 1403 1498 0 41 5
a 1403 406 0 20 3
a 1406 645 0 41 6
a 1406 1592 0 29 9
a 1409 459 0 41 6
a 1409 797 0 46 7
a 1411 692 0 41 9
a 1411 1512 0 11 4
a 1412 825 0 41 1
a 1412 1007 0 3 2
a 1415 1601 0 41 10
a 1415 1480 0 1 2
a 1418 71 0 41 5
a 1418 214 0 30 4
a 1420 410 0 41 10
a 1420 1016 0 30 5
a 1422 190 0 41 6
a 1422 1616 0 41 2
a 1424 796 0 41 1
a 1424 1039 0 29 2
a 1429 445 0 41 5
a 1429 742 0 41 5
a 1430 513 0 41 9
a 1430 490 0 16 2
a 1431 751 0 41 5
a 1431 1932 0 35 8
a 1432 236 0 41 7
a 1432 1036 0 35 7
a 1433 790 0 41 4
a 1433 1146 0 1 8
a 1435 1119 0 41 10
a 1435 1877 0 9 9
a 1436 486 0 41 1
a 1436 156 0 46 5
a 1437 1666 0 41 10
a 1437 154 0 39 7
a 1438 1907 0 41 4
a 1438 1674 0 43 10
a 1441 505 0 41 4
a 1441 1932 0 7 3
a 1444 1620 0 41 6
a 1444 1992 0 10 6
a 1447 1319 0 41 1
a 1447 148 0 8 1
a 1448 379 0 41 6
a 1448 1637 0 47 5
a 1449 1397 0 41 4
a 1449 372 0 40 7
a 1451 1389 0 41 5
a 1451 825 0 50 3
a 1453 816 0 41 4
a 1453 1508 0 14 7
a 1459 1854 0 41 5
a 1459 485 0 37 2
a 1461 1286 0 41 1
a 1461 1193 0 15 6
a 1462 1550 0 41 5
a 1462 537 0 36 10
a 1469 978 0 41 3
a 1469 1417 0 49 5
a 1474 1085 0 41 1
a 1474 933 0 0 2
a 1480 917 0 41 10
a 1480 439 0 3 10
a 1482 279 0 41 4
a 1482 1349 0 21 9
a 1483 1447 0 41 3
a 1483 761 0 30 7
a 1484 630 0 41 10
a 1484 567 0 27 8
a 1485 312 0 41 9
a 1485 125 0 22 9
a 1486 399 0 41 9
a 1486 1970 0 3 6
a 1488 1254 0 41 5
a 1488 1332 0 40 3
a 1489 864 0 41 6
a 1489 1266 0 12 9
a 1491 554 0 41 6
a 1491 84 0 15 10
a 1495 337 0 41 4
a 1495 1143 0 6 8
a 1498 861 0 41 10
a 1498 447 0 50 9
a 1501 579 0 41 3
a 1501 906 0 11 5
a 1502 1086 0 41 5
a 1502 517 0 48 10
a 1503 105 0 41 10
a 1503 161 0 47 1
a 1504 1260 0 41 5
a 1504 1408 0 22 8
a 1511 1758 0 41 6
a 1511 1030 0 30 8
a 1513 847 0 41 8
a 1513 1729 0 29 9
a 1515 141 0 41 6
a 1515 1438 0 28 9
a 1517 1609 0 41 1
a 1517 406 0 24 9
a 1519 1021 0 41 8
a 1519 985 0 34 4
a 1521 1830 0 41 1
a 1521 475 0 10 5
a 1522 1989 0 41 1
a 1522 1375 0 15 9
a 1523 1060 0 41 8
a 1523 622 0 13 10
a 1529 161 0 41 2
a 1529 132 0 27 1
a 1530 1262 0 41 1
a 1530 596 0 13 9
a 1531 1651 0 41 6
a 1531 1544 0 33 10
a 1532 1841 0 41 10
a 1532 368 0 0 9
a 1534 1875 0 41 5
a 1534 617 0 1 7
a 1537 217 0 41 3
a 1537 629 0 0 6
a 1539 434 0 41 5
a 1539 699 0 37 10
a 1541 1765 0 41 3
a 1541 1790 0 41 7
a 1542 266 0 41 4
a 1542 1987 0 44 2
a 1543 1767 0 41 3
a 1543 1332 0 2 8
a 1544 384 0 41 5
a 1544 1550 0 32 1
a 1546 42 0 41 6
a 1546 682 0 41 3
a 1547 1256 0 41 1
a 1547 951 0 36 1
a 1549 219 0 41 4
a 1549 146 0 7 5
a 1550 653 0 41 3
a 1550 1598 0 35 7
a 1552 1968 0 41 4
a 1552 164 0 28 6
a 1553 1828 0 41 4
a 1553 1102 0 12 4
a 1555 1051 0 41 5
a 1555 772 0 33 7
a 1557 1549 0 41 4
a 1557 532 0 5 8
a 1558 1160 0 41 3
a 1558 1828 0 22 10
a 1559 1994 0 41 3
a 1559 1298 0 20 6
a 1562 1504 0 41 2
a 1562 1483 0 33 1
a 1563 1296 0 41 5
a 1563 826 0 37 2
a 1566 989 0 41 5
a 1566 1653 0 12 8
a 1569 1183 0 41 1
a 1569 862 0 40 10
a 1571 1756 0 41 2
a 1571 1855 0 28 10
a 1576 784 0 41 1
a 1576 186 0 5 2
a 1577 1232 0 41 9
a 1577 105 0 45 8
a 1578 683 0 41 7
a 1578 712 0 50 10
a 1580 168 0 41 1
a 1580 1721 0 3 7
a 1581 954 0 41 5
a 1581 799 0 1 8
a 1584 1383 0 41 2
a 1584 1778 0 6 5
a 1585 754 0 41 9
a 1585 263 0 21 6
a 1590 1243 0 41 1
a 1590 272 0 43 8
a 1592 81 0 41 4
a 1592 1577 0 47 4
a 1593 1281 0 41 6
a 1593 929 0 20 1
a 1601 1780 0 41 9
a 1601 885 0 0 8
a 1604 122 0 41 1
a 1604 822 0 37 8
a 1607 1343 0 41 2
a 1607 45 0 6 8
a 1609 724 0 41 1
a 1609 1140 0 32 8
a 1610 606 0 41 2
a 1610 860 0 33 7
a 1611 1295 0 41 3
a 1611 963 0 13 1
a 1612 70 0 41 5
a 1612 813 0 42 10
a 1613 1790 0 41 10
a 1613 1509 0 24 8
a 1615 577 0 41 3
a 1615 102 0 42 1
a 1618 640 0 41 1
a 1618 19 0 46 3
a 1619 1529 0 41 2
a 1619 1457 0 25 4
a 1620 595 0 41 2
a 1620 1024 0 30 7
a 1623 1069 0 41 9
a 1623 1790 0 45 7
a 1626 841 0 41 10
a 1626 1092 0 2 2
a 1627 1185 0 41 3
a 1627 236 0 37 2
a 1628 44 0 41 1
a 1628 342 0 28 10
a 1631 1558 0 41 1
a 1631 1063 0 35 2
a 1632 175 0 41 8
a 1632 88 0 44 7
a 1636 578 0 41 4
a 1636 1032 0 0 10
a 1637 198 0 41 10
a 1637 1269 0 50 7
a 1639 153 0 41 4
a 1639 14 0 47 4
a 1640 406 0 41 7
a 1640 387 0 31 1
a 1641 1292 0 41 3
a 1641 372 0 14 4
a 1642 1964 0 41 2
a 1642 371 0 32 5
a 1643 632 0 41 10
a 1643 663 0 5 5
a 1644 546 0 41 10
a 1644 1092 0 47 4
a 1646 355 0 41 9
a 1646 1872 0 32 5
a 1650 888 0 41 9
a 1650 1389 0 39 8
a 1651 902 0 41 1
a 1651 761 0 41 7
a 1655 1941 0 41 7
a 1655 1577 0 5 8
a 1657 491 0 41 1
a 1657 1759 0 1 5
a 1660 1067 0 41 8
a 1660 1510 0 1 2
a 1662 1022 0 41 4
a 1662 1161 0 21 5
a 1664 1008 0 41 7
a 1664 35 0 40 1
a 1666 1919 0 41 7
a 1666 1806 0 1 8
a 1668 1513 0 41 5
a 1668 1717 0 7 7
a 1669 315 0 41 9
a 1669 108 0 39 10
a 1670 517 0 41 3
a 1670 360 0 10 5
a 1671 526 0 41 9
a 1671 859 0 32 5
a 1677 248 0 41 1
a 1677 1155 0 28 5
a 1678 424 0 41 7
a 1678 134 0 38 9
a 1679 1958 0 41 6
a 1679 1890 0 10 6
a 1682 19 0 41 2
a 1682 260 0 46 3
a 1683 58 0 41 10
a 1683 979 0 7 8
a 1684 1117 0 41 4
a 1684 1249 0 29 5
a 1685 208 0 41 8
a 1685 1998 0 32 7
a 1686 1709 0 41 8
a 1686 1313 0 36 7
a 1687 1951 0 41 5
a 1687 1659 0 2 3
a 1689 626 0 41 10
a 1689 1323 0 50 1
a 1690 523 0 41 3
a 1690 1638 0 0 6
a 1692 1047 0 41 6
a 1692 1093 0 6 7
a 1693 1412 0 41 1
a 1693 73 0 19 1
a 1694 1965 0 41 8
a 1694 581 0 0 8
a 1696 1789 0 41 1
a 1696 1782 0 45 8
a 1697 1482 0 41 10
a 1697 1344 0 39 1
a 1702 962 0 41 5
a 1702 1678 0 47 2
a 1703 1710 0 41 3
a 1703 59 0 45 7
a 1704 704 0 41 3
a 1704 1686 0 44 10
a 1705 557 0 41 1
a 1705 744 0 23 4
a 1706 152 0 41 9
a 1706 1193 0 14 6
a 1709 508 0 41 2
a 1709 1903 0 38 10
a 1710 1249 0 41 3
a 1710 246 0 43 7
a 1712 113 0 41 3
a 1712 1224 0 10 1
a 1713 225 0 41 1
a 1713 808 0 15 9
a 1716 1388 0 41 1
a 1716 398 0 8 9
a 1717 1976 0 41 3
a 1717 719 0 4 1
a 1718 1966 0 41 10
a 1718 256 0 41 1
a 1719 1288 0 41 3
a 1719 1873 0 7 1
a 1722 1061 0 41 4
a 1722 71 0 50 7
a 1723 1537 0 41 5
a 1723 1753 0 30 5
a 1724 868 0 41 6
a 1724 1666 0 47 4
a 1725 1926 0 41 8
a 1725 1201 0 19 2
a 1726 1078 0 41 1
a 1726 35 0 7 8
a 1733 826 0 41 3
a 1733 230 0 10 9
a 1737 1636 0 41 8
a 1737 1177 0 11 1
a 1739 1429 0 41 4
a 1739 1904 0 32 7
a 1740 806 0 41 7
a 1740 527 0 49 2
a 1741 220 0 41 8
a 1741 117 0 47 6
a 1743 1627 0 41 1
a 1743 842 0 20 3
a 1746 1997 0 41 2
a 1746 1730 0 32 6
a 1747 264 0 41 3
a 1747 971 0 39 4
a 1748 1151 0 41 7
a 1748 512 0 41 6
a 1749 1911 0 41 9
a 1749 1313 0 2 10
a 1752 177 0 41 4
a 1752 246 0 17 1
a 1756 1059 0 41 10
a 1756 1304 0 24 3
a 1757 536 0 41 5
a 1757 697 0 27 7
a 1758 631 0 41 5
a 1758 222 0 36 3
a 1759 1391 0 41 6
a 1759 1714 0 44 2
a 1761 1876 0 41 10
a 1761 458 0 8 3
a 1763 1035 0 41 6
a 1763 259 0 32 3
a 1765 1401 0 41 2
a 1765 1988 0 35 5
a 1767 511 0 41 4
a 1767 627 0 37 10
a 1768 1393 0 41 7
a 1768 461 0 46 9
a 1769 1096 0 41 6
a 1769 135 0 44 8
a 1771 304 0 41 1
a 1771 72 0 1 6
a 1775 1914 0 41 8
a 1775 949 0 12 5
a 1778 1615 0 41 10
a 1778 517 0 14 4
a 1779 169 0 41 5
a 1779 1488 0 29 10
a 1780 680 0 41 9
a 1780 1632 0 50 7
a 1781 748 0 41 3
a 1781 393 0 5 4
a 1782 1503 0 41 2
a 1782 1596 0 46 5
a 1783 1491 0 41 2
a 1783 1744 0 35 10
a 1787 744 0 41 2
a 1787 1986 0 28 5
a 1788 1897 0 41 3
a 1788 1886 0 44 6
a 1789 1562 0 41 2
a 1789 105 0 15 3
a 1790 661 0 41 3
a 1790 1106 0 38 8
a 1793 1515 0 41 1
a 1793 187 0 41 3
a 1797 363 0 41 1
a 1797 959 0 43 4
a 1800 882 0 41 3
a 1800 452 0 6 5
a 1801 1775 0 41 6
a 1801 1988 0 42 6
a 1804 1847 0 41 3
a 1804 424 0 39 2
a 1809 1678 0 41 7
a 1809 105 0 17 10
a 1815 604 0 41 8
a 1815 1842 0 32 2
a 1816 1049 0 41 7
a 1816 305 0 45 2
a 1817 1441 0 41 9
a 1817 161 0 44 6
a 1820 239 0 41 9
a 1820 1535 0 33 3
a 1825 1235 0 41 8
a 1825 521 0 5 9
a 1826 1273 0 41 8
a 1826 428 0 40 6
a 1828 711 0 41 1
a 1828 638 0 18 9
a 1830 1670 0 41 4
a 1830 948 0 43 4
a 1833 1611 0 41 4
a 1833 479 0 6 10
a 1837 1632 0 41 6
a 1837 1091 0 5 9
a 1840 1453 0 41 9
a 1840 98 0 43 9
a 1841 540 0 41 1
a 1841 1851 0 1 9
a 1843 1553 0 41 7
a 1843 293 0 9 8
a 1844 1227 0 41 2
a 1844 1379 0 12 4
a 1845 1906 0 41 8
a 1845 1889 0 15 5
a 1847 866 0 41 3
a 1847 1587 0 3 10
a 1848 24 0 41 6
a 1848 705 0 44 5
a 1851 865 0 41 10
a 1851 1462 0 7 7
a 1854 143 0 41 3
a 1854 1989 0 28 10
a 1858 342 0 41 7
a 1858 206 0 24 8
a 1860 1159 0 41 8
a 1860 1411 0 17 3
a 1862 708 0 41 2
a 1862 349 0 29 5
a 1863 157 0 41 8
a 1863 761 0 23 5
a 1864 535 0 41 9
a 1864 1221 0 31 5
a 1866 696 0 41 5
a 1866 1510 0 41 1
a 1868 188 0 41 6
a 1868 1655 0 39 10
a 1870 269 0 41 4
a 1870 187 0 4 9
a 1873 1769 0 41 5
a 1873 1446 0 29 4
a 1874 1643 0 41 4
a 1874 1615 0 18 5
a 1875 1326 0 41 5
a 1875 83 0 33 1
a 1876 3 0 41 8
a 1876 388 0 22 10
a 1880 1644 0 41 6
a 1880 1735 0 27 10
a 1881 1883 0 41 2
a 1881 757 0 26 2
a 1882 1114 0 41 8
a 1882 997 0 12 8
a 1883 687 0 41 3
a 1883 869 0 33 2
a 1884 633 0 41 3
a 1884 101 0 37 7
a 1885 1660 0 41 2
a 1885 713 0 43 7
a 1886 320 0 41 7
a 1886 135 0 40 4
a 1887 126 0 41 9
a 1887 1468 0 26 1
a 1888 1055 0 41 7
a 1888 894 0 4 3
a 1891 428 0 41 7
a 1891 196 0 29 10
a 1893 1154 0 41 3
a 1893 1600 0 7 5
a 1897 276 0 41 10
a 1897 653 0 9 9
a 1898 500 0 41 3
a 1898 1754 0 48 5
a 1900 1531 0 41 2
a 1900 1441 0 21 6
a 1902 1290 0 41 9
a 1902 984 0 5 10
a 1905 1763 0 41 3
a 1905 393 0 5 9
a 1906 1248 0 41 6
a 1906 1883 0 25 1
a 1907 1422 0 41 6
a 1907 1366 0 48 1
a 1909 1501 0 41 9
a 1909 1259 0 8 9
a 1911 514 0 41 3
a 1911 595 0 35 6
a 1914 1431 0 41 8
a 1914 1122 0 33 5
a 1917 242 0 41 9
a 1917 503 0 45 7
a 1919 437 0 41 1
a 1919 797 0 22 2
a 1925 1015 0 41 3
a 1925 23 0 1 6
a 1926 1462 0 41 8
a 1926 87 0 26 1
a 1927 1177 0 41 5
a 1927 691 0 13 3
a 1931 89 0 41 2
a 1931 875 0 18 1
a 1933 1590 0 41 2
a 1933 1990 0 6 4
a 1936 1619 0 41 7
a 1936 700 0 0 8
a 1940 1375 0 41 2
a 1940 1389 0 14 1
a 1941 401 0 41 1
a 1941 854 0 14 4
a 1942 1706 0 41 5
a 1942 1516 0 10 3
a 1944 1448 0 41 1
a 1944 1109 0 34 1
a 1949 1083 0 41 9
a 1949 1122 0 44 9
a 1951 1189 0 41 8
a 1951 1819 0 29 7
a 1954 1866 0 41 4
a 1954 297 0 33 1
a 1955 1581 0 41 10
a 1955 1954 0 10 5
a 1957 1893 0 41 10
a 1957 604 0 50 9
a 1958 1820 0 41 3
a 1958 448 0 32 10
a 1959 414 0 41 2
a 1959 641 0 5 9
a 1960 1686 0 41 5
a 1960 1802 0 13 7
a 1962 322 0 41 10
a 1962 1751 0 38 3
a 1964 675 0 41 8
a 1964 849 0 37 7
a 1965 510 0 41 9
a 1965 313 0 5 5
a 1966 688 0 41 6
a 1966 318 0 41 8
a 1968 780 0 41 6
a 1968 1887 0 7 2
a 1969 1998 0 41 10
a 1969 541 0 1 2
a 1970 1338 0 41 6
a 1970 1629 0 44 7
a 1973 1703 0 41 3
a 1973 837 0 10 2
a 1975 1927 0 41 6
a 1975 1915 0 14 1
a 1976 7 0 41 4
a 1976 95 0 45 7
a 1977 259 0 41 1
a 1977 500 0 0 6
a 1978 1944 0 41 9
a 1978 1041 0 0 4
a 1981 1954 0 41 10
a 1981 178 0 0 2
a 1984 1566 0 41 7
a 1984 260 0 45 2
a 1986 1684 0 41 7
a 1986 813 0 25 6
a 1987 1184 0 41 5
a 1987 1829 0 24 9
a 1989 419 0 41 4
a 1989 727 0 33 2
a 1990 258 0 41 4
a 1990 482 0 36 2
a 1994 668 0 41 7
a 1994 137 0 48 9
a 1995 1940 0 41 5
a 1995 840 0 29 7
a 1996 1387 0 41 6
a 1996 445 0 3 10
a 1997 561 0 41 6
a 1997 1708 0 20 7
a 1998 1862 0 41 1
a 1998 398 0 0 3
