c PyNETGEN v1.0.0
c $ pip install pynetgen
c
c  NETGEN flow network generation algorithm
c  Problem input parameters
c  -------------------------------------
c   Random seed:          16
c   Number of nodes:      2000
c   Source nodes:         2
c   Sink nodes:           2
c   Number of arcs:       4000
c   Minimum arc cost:     1
c   Maximum arc cost:     10
c   Total supply:         50
c   Transshipment -
c     Sources:            0
c     Sinks:              0
c   Skeleton arcs -
c     With max cost:      0
c     Capacitated:        100
c   Minimum arc capacity: 0
c   Maximum arc capacity: 50
c
c  *** Minimum cost flow ***
c
p min 2000 4000
n 1 25
n 2 25
n 1999 -15
n 2000 -35
a 1 1602 0 25 2
a 1 635 0 18 2
a 1 1239 0 22 5
a 3 837 0 25 7
a 3 1565 0 23 5
a 5 915 0 25 9
a 5 1857 0 22 4
a 6 1282 0 25 2
a 6 1192 0 4 10
a 8 1076 0 25 1
a 8 1717 0 36 8
a 8 1009 0 43 9
a 11 1030 0 25 2
a 11 327 0 19 4
a 11 120 0 7 10
a 13 1304 0 25 8
a 13 1549 0 7 9
a 13 341 0 23 3
a 15 456 0 25 6
a 15 880 0 43 1
a 16 1985 0 25 9
a 16 1188 0 3 7
a 17 1905 0 25 7
a 17 769 0 28 1
a 18 1393 0 25 4
a 18 634 0 39 8
a 19 355 0 25 3
a 19 881 0 14 9
a 20 270 0 25 3
a 20 1474 0 20 4
a 21 1484 0 25 10
a 21 1667 0 22 10
a 22 635 0 25 4
a 22 881 0 48 5
a 23 469 0 25 9
a 23 1005 0 20 6
a 24 1931 0 25 8
a 24 1118 0 18 8
a 27 159 0 25 7
a 27 377 0 13 2
a 29 504 0 25 1
a 29 1080 0 6 4
a 32 1292 0 25 10
a 32 384 0 28 7
a 35 1187 0 25 8
a 35 1841 0 28 1
a 37 921 0 25 3
a 37 1117 0 5 9
a 39 1520 0 25 8
a 39 561 0 1 2
a 40 531 0 25 1
a 40 1576 0 35 2
a 41 119 0 25 7
a 41 1316 0 11 3
a 42 1119 0 25 4
a 42 1090 0 9 3
a 44 1576 0 25 5
a 44 1985 0 45 5
a 45 1664 0 25 7
a 45 1145 0 50 4
a 48 1024 0 25 2
a 48 91 0 9 4
a 50 1591 0 25 7
a 50 1950 0 35 1
a 53 1963 0 25 2
a 53 423 0 30 1
a 55 1713 0 25 8
a 55 556 0 16 5
a 59 1518 0 25 8
a 59 1899 0 25 6
a 62 1924 0 25 6
a 62 1693 0 11 1
a 63 1984 0 25 10
a 63 1590 0 36 6
a 65 1743 0 25 3
a 65 1085 0 5 2
a 66 1281 0 25 5
a 66 1606 0 39 7
a 68 1809 0 25 6
a 68 218 0 3 6
a 70 1570 0 25 9
a 70 1164 0 31 5
a 72 303 0 25 9
a 72 248 0 39 5
a 73 533 0 25 7
a 73 1875 0 40 6
a 74 1106 0 25 5
a 74 1585 0 39 9
a 75 1296 0 25 7
a 75 1716 0 43 3
a 76 1885 0 25 10
a 76 964 0 29 6
a 78 452 0 25 2
a 78 1015 0 31 1
a 80 326 0 25 6
a 80 1416 0 11 9
a 84 1537 0 25 6
a 84 1609 0 10 1
a 86 1330 0 25 3
a 86 677 0 44 5
a 87 767 0 25 2
a 87 1049 0 46 2
a 92 1682 0 25 1
a 92 1385 0 4 2
a 93 1246 0 25 5
a 93 878 0 46 2
a 94 1311 0 25 7
a 94 1571 0 50 6
a 95 1124 0 25 7
a 95 843 0 19 2
a 97 488 0 25 6
a 97 369 0 14 2
a 98 1102 0 25 10
a 98 439 0 31 9
a 99 1121 0 25 9
a 99 1491 0 50 3
a 103 1517 0 25 6
a 103 1887 0 18 4
a 104 248 0 25 3
a 104 1623 0 46 2
a 105 1676 0 25 1
a 105 1464 0 19 1
a 106 386 0 25 1
a 106 648 0 0 4
a 108 1701 0 25 6
a 108 98 0 45 4
a 112 1820 0 25 6
a 112 1874 0 35 4
a 113 73 0 25 10
a 113 1611 0 39 1
a 114 1109 0 25 8
a 114 544 0 49 9
a 115 999 0 25 2
a 115 1312 0 10 2
a 116 1550 0 25 2
a 116 1201 0 26 8
a 117 1114 0 25 6
a 117 176 0 9 8
a 118 1353 0 25 8
a 118 1799 0 19 1
a 119 715 0 25 5
a 119 1617 0 13 9
a 126 1460 0 25 5
a 126 1870 0 32 8
a 129 461 0 25 9
a 129 657 0 16 1
a 132 1523 0 25 7
a 132 1441 0 26 10
a 136 1434 0 25 2
a 136 307 0 23 6
a 137 1184 0 25 2
a 137 1157 0 28 4
a 139 846 0 25 10
a 139 1897 0 7 7
a 143 105 0 25 5
a 143 1892 0 7 9
a 144 1059 0 25 2
a 144 43 0 19 9
a 146 954 0 25 9
a 146 712 0 39 1
a 148 375 0 25 1
a 148 1368 0 11 1
a 150 216 0 25 8
a 150 1053 0 40 4
a 155 1503 0 25 3
a 155 1301 0 30 10
a 159 80 0 25 10
a 159 1219 0 8 6
a 161 41 0 25 7
a 161 588 0 38 6
a 163 315 0 25 5
a 163 1948 0 40 7
a 168 300 0 25 6
a 168 1369 0 38 9
a 170 1040 0 25 1
a 170 1343 0 32 7
a 171 196 0 25 3
a 171 231 0 13 5
a 175 969 0 25 10
a 175 141 0 43 6
a 176 1191 0 25 6
a 176 355 0 14 2
a 179 1240 0 25 2
a 179 732 0 15 6
a 184 1473 0 25 3
a 184 1182 0 34 3
a 185 908 0 25 10
a 185 31 0 39 5
a 186 489 0 25 7
a 186 279 0 7 2
a 191 1740 0 25 9
a 191 1749 0 10 5
a 195 828 0 25 1
a 195 1273 0 16 2
a 196 979 0 25 1
a 196 1872 0 0 4
a 197 600 0 25 6
a 197 190 0 23 2
a 202 646 0 25 3
a 202 1625 0 22 9
a 205 1798 0 25 7
a 205 1764 0 30 1
a 207 253 0 25 8
a 207 1255 0 16 5
a 208 1567 0 25 5
a 208 1637 0 49 4
a 209 155 0 25 3
a 209 1954 0 35 9
a 212 1358 0 25 9
a 212 1285 0 31 3
a 213 698 0 25 8
a 213 423 0 7 6
a 215 880 0 25 4
a 215 374 0 18 1
a 216 1144 0 25 7
a 216 2000 0 45 10
a 228 558 0 25 5
a 228 1085 0 27 4
a 230 1642 0 25 10
a 230 714 0 39 10
a 239 549 0 25 3
a 239 431 0 18 4
a 240 923 0 25 6
a 240 689 0 44 2
a 242 1947 0 25 2
a 242 281 0 4 3
a 243 519 0 25 6
a 243 276 0 13 7
a 245 1305 0 25 10
a 245 644 0 47 10
a 248 1369 0 25 4
a 248 1285 0 35 8
a 250 1736 0 25 10
a 250 766 0 20 7
a 253 1915 0 25 6
a 253 151 0 4 8
a 256 805 0 25 6
a 256 1639 0 8 8
a 257 11 0 25 7
a 257 297 0 34 2
a 260 1698 0 25 3
a 260 1598 0 29 5
a 261 1655 0 25 7
a 261 1380 0 4 8
a 262 1966 0 25 3
a 262 567 0 10 5
a 264 1877 0 25 10
a 264 348 0 17 6
a 266 821 0 25 8
a 266 765 0 19 9
a 267 1888 0 25 1
a 267 288 0 13 2
a 268 1779 0 25 10
a 268 1692 0 1 10
a 270 1761 0 25 8
a 270 1463 0 32 3
a 275 1901 0 25 9
a 275 467 0 45 2
a 276 1593 0 25 2
a 276 1807 0 4 1
a 279 978 0 25 4
a 279 373 0 48 4
a 284 690 0 25 4
a 284 233 0 1 8
a 286 1037 0 25 5
a 286 392 0 26 2
a 287 624 0 25 4
a 287 1784 0 7 2
a 288 148 0 25 1
a 288 236 0 38 6
a 291 1018 0 25 10
a 291 1074 0 3 9
a 293 800 0 25 6
a 293 646 0 25 6
a 295 750 0 25 7
a 295 828 0 31 7
a 296 1846 0 25 9
a 296 148 0 18 9
a 298 113 0 25 10
a 298 678 0 40 6
a 300 796 0 25 9
a 300 840 0 28 7
a 301 626 0 25 6
a 301 1717 0 12 1
a 303 369 0 25 1
a 303 60 0 49 5
a 306 500 0 25 8
a 306 1735 0 17 8
a 308 1326 0 25 1
a 308 926 0 27 10
a 310 877 0 25 7
a 310 108 0 25 1
a 313 1551 0 25 5
a 313 1114 0 39 8
a 314 1597 0 25 9
a 314 1253 0 50 4
a 315 994 0 25 10
a 315 3 0 9 10
a 317 333 0 25 8
a 317 243 0 25 1
a 318 1420 0 25 10
a 318 1156 0 17 9
a 320 1270 0 25 4
a 320 449 0 28 9
a 324 940 0 25 9
a 324 1925 0 18 10
a 326 1555 0 25 1
a 326 155 0 50 6
a 328 239 0 25 7
a 328 50 0 41 10
a 329 1421 0 25 3
a 329 1938 0 42 5
a 330 1723 0 25 1
a 330 758 0 41 10
a 333 1923 0 25 9
a 333 1461 0 18 4
a 334 899 0 25 9
a 334 1702 0 33 6
a 335 266 0 25 4
a 335 1920 0 26 10
a 337 997 0 25 1
a 337 328 0 21 4
a 338 1495 0 25 6
a 338 407 0 47 4
a 339 980 0 25 7
a 339 1213 0 41 10
a 340 245 0 25 8
a 340 1447 0 22 8
a 343 691 0 25 2
a 343 1520 0 35 8
a 348 844 0 25 8
a 348 806 0 25 1
a 349 408 0 25 8
a 349 1716 0 39 5
a 350 852 0 25 9
a 350 1788 0 21 6
a 352 1050 0 25 7
a 352 1959 0 3 1
a 353 1840 0 25 6
a 353 137 0 48 4
a 354 757 0 25 4
a 354 790 0 46 3
a 355 495 0 25 1
a 355 535 0 50 4
a 357 1242 0 25 2
a 357 1007 0 5 5
a 365 1965 0 25 8
a 365 1433 0 44 6
a 367 462 0 25 2
a 367 1284 0 18 4
a 368 1061 0 25 8
a 368 1161 0 9 8
a 369 574 0 25 10
a 369 348 0 8 7
a 370 1652 0 25 2
a 370 1225 0 12 8
a 371 8 0 25 6
a 371 521 0 4 7
a 372 250 0 25 3
a 372 541 0 13 3
a 373 1916 0 25 3
a 373 1674 0 20 3
a 374 777 0 25 10
a 374 1456 0 7 9
a 375 1661 0 25 4
a 375 1665 0 8 5
a 378 1097 0 25 4
a 378 1037 0 18 8
a 380 931 0 25 5
a 380 585 0 22 7
a 382 5 0 25 3
a 382 705 0 40 8
a 383 422 0 25 5
a 383 1866 0 46 10
a 386 797 0 25 3
a 386 1979 0 49 4
a 387 616 0 25 8
a 387 185 0 9 3
a 389 1167 0 25 7
a 389 1629 0 15 2
a 391 1803 0 25 6
a 391 1924 0 26 7
a 392 1814 0 25 7
a 392 1138 0 4 4
a 398 1177 0 25 2
a 398 391 0 34 8
a 400 1303 0 25 5
a 400 27 0 9 7
a 402 72 0 25 7
a 402 1194 0 38 6
a 404 993 0 25 1
a 404 1018 0 12 10
a 405 629 0 25 4
a 405 323 0 26 2
a 406 1081 0 25 6
a 406 1377 0 38 8
a 407 595 0 25 9
a 407 1485 0 5 2
a 408 185 0 25 1
a 408 1635 0 5 8
a 409 293 0 25 10
a 409 1821 0 31 5
a 410 1624 0 25 3
a 410 1566 0 42 4
a 411 406 0 25 2
a 411 217 0 45 4
a 412 1962 0 25 2
a 412 1074 0 1 5
a 414 1309 0 25 4
a 414 1355 0 33 1
a 417 1943 0 25 8
a 417 1478 0 41 10
a 419 536 0 25 10
a 419 458 0 5 4
a 421 197 0 25 1
a 421 607 0 36 4
a 422 1587 0 25 5
a 422 497 0 48 9
a 423 1064 0 25 2
a 423 228 0 21 9
a 424 15 0 25 8
a 424 1659 0 2 7
a 425 1001 0 25 10
a 425 1387 0 9 4
a 426 478 0 25 4
a 426 523 0 31 7
a 428 823 0 25 6
a 428 211 0 37 4
a 429 1260 0 25 2
a 429 1779 0 3 4
a 432 838 0 25 10
a 432 362 0 39 1
a 433 988 0 25 5
a 433 598 0 48 9
a 435 1766 0 25 2
a 435 443 0 23 8
a 436 16 0 25 8
a 436 1066 0 16 2
a 438 1186 0 25 9
a 438 1655 0 21 7
a 442 1709 0 25 5
a 442 3 0 34 9
a 443 412 0 25 4
a 443 280 0 34 5
a 444 1039 0 25 1
a 444 1705 0 19 3
a 451 1955 0 25 5
a 451 1040 0 15 4
a 452 735 0 25 8
a 452 1242 0 15 4
a 454 1903 0 25 8
a 454 1752 0 36 10
a 455 99 0 25 4
a 455 968 0 21 10
a 456 1441 0 25 8
a 456 1577 0 25 3
a 461 267 0 25 3
a 461 1288 0 32 1
a 462 734 0 25 9
a 462 663 0 41 10
a 463 62 0 25 5
a 463 1584 0 44 10
a 466 262 0 25 4
a 466 1121 0 10 8
a 469 1533 0 25 4
a 469 1956 0 46 3
a 470 1528 0 25 1
a 470 1910 0 22 6
a 471 1491 0 25 4
a 471 96 0 36 1
a 472 1438 0 25 8
a 472 266 0 0 6
a 474 1513 0 25 9
a 474 899 0 22 5
a 475 540 0 25 2
a 475 1397 0 28 5
a 477 941 0 25 7
a 477 128 0 20 10
a 478 1890 0 25 2
a 478 1609 0 35 10
a 481 547 0 25 10
a 481 338 0 47 5
a 487 1912 0 25 10
a 487 1739 0 50 1
a 488 1055 0 25 7
a 488 132 0 46 10
a 489 205 0 25 6
a 489 903 0 11 5
a 492 20 0 25 4
a 492 1475 0 14 10
a 493 539 0 25 7
a 493 494 0 28 9
a 495 1841 0 25 6
a 495 107 0 50 1
a 496 1241 0 25 1
a 496 1349 0 45 6
a 497 1288 0 25 8
a 497 1390 0 15 10
a 499 1692 0 25 2
a 499 232 0 0 3
a 500 23 0 25 6
a 500 835 0 50 9
a 504 933 0 25 7
a 504 261 0 1 3
a 507 783 0 25 8
a 507 1324 0 13 8
a 510 1204 0 25 7
a 510 437 0 49 5
a 513 830 0 25 6
a 513 1706 0 37 6
a 514 1543 0 25 8
a 514 140 0 20 5
a 517 75 0 25 8
a 517 368 0 2 2
a 518 108 0 25 8
a 518 419 0 10 6
a 519 1549 0 25 1
a 519 532 0 40 10
a 520 433 0 25 1
a 520 1421 0 1 3
a 525 825 0 25 9
a 525 56 0 49 6
a 526 676 0 25 6
a 526 1598 0 3 3
a 529 260 0 25 8
a 529 1725 0 40 8
a 531 892 0 25 3
a 531 1235 0 29 8
a 532 1145 0 25 8
a 532 1710 0 6 2
a 533 641 0 25 1
a 533 316 0 4 5
a 534 813 0 25 2
a 534 359 0 31 3
a 535 1290 0 25 9
a 535 722 0 3 4
a 536 1239 0 25 4
a 536 967 0 0 7
a 539 1006 0 25 3
a 539 1459 0 31 3
a 540 1558 0 25 9
a 540 485 0 31 9
a 541 1938 0 25 3
a 541 1237 0 39 8
a 542 1929 0 25 6
a 542 688 0 37 2
a 544 268 0 25 5
a 544 1280 0 12 4
a 545 867 0 25 7
a 545 534 0 12 6
a 547 429 0 25 7
a 547 1222 0 0 5
a 549 383 0 25 7
a 549 846 0 44 4
a 550 651 0 25 8
a 550 861 0 23 7
a 551 170 0 25 9
a 551 1694 0 32 4
a 553 1463 0 25 3
a 553 770 0 43 7
a 558 497 0 25 8
a 558 520 0 6 10
a 559 1780 0 25 7
a 559 718 0 49 2
a 562 1430 0 25 2
a 562 1668 0 43 6
a 564 116 0 25 3
a 564 1430 0 27 9
a 569 648 0 25 6
a 569 1610 0 16 6
a 571 871 0 25 10
a 571 1684 0 39 7
a 573 1170 0 25 2
a 573 1592 0 34 10
a 574 471 0 25 8
a 574 179 0 26 2
a 577 1459 0 25 7
a 577 1584 0 5 8
a 579 1082 0 25 6
a 579 1414 0 3 8
a 580 780 0 25 3
a 580 1684 0 45 2
a 581 1573 0 25 4
a 581 119 0 39 9
a 586 1808 0 25 6
a 586 180 0 7 7
a 589 1027 0 25 3
a 589 265 0 17 7
a 590 1236 0 25 5
a 590 131 0 41 1
a 592 726 0 25 4
a 592 374 0 5 2
a 595 1058 0 25 1
a 595 1782 0 27 2
a 600 1462 0 25 1
a 600 427 0 37 9
a 603 1021 0 25 7
a 603 575 0 14 5
a 605 1452 0 25 5
a 605 1500 0 21 7
a 608 1368 0 25 5
a 608 1387 0 12 9
a 609 1343 0 25 10
a 609 1678 0 22 6
a 611 402 0 25 2
a 611 675 0 39 6
a 613 35 0 25 9
a 613 1294 0 11 7
a 616 1560 0 25 10
a 616 1537 0 42 9
a 617 1310 0 25 7
a 617 1191 0 13 10
a 619 1363 0 25 8
a 619 1895 0 35 4
a 622 1244 0 25 3
a 622 967 0 13 3
a 624 308 0 25 6
a 624 564 0 8 1
a 626 950 0 25 10
a 626 522 0 23 6
a 629 1375 0 25 9
a 629 70 0 34 6
a 635 1792 0 25 6
a 635 868 0 0 3
a 636 661 0 25 5
a 636 1688 0 5 2
a 638 1741 0 25 10
a 638 528 0 36 10
a 639 1174 0 25 3
a 639 1759 0 13 2
a 641 318 0 25 10
a 641 105 0 34 5
a 643 435 0 25 3
a 643 1129 0 8 10
a 645 766 0 25 4
a 645 396 0 1 8
a 646 786 0 25 8
a 646 641 0 34 1
a 648 432 0 25 10
a 648 1044 0 14 5
a 651 1360 0 25 4
a 651 143 0 16 3
a 652 419 0 25 6
a 652 1638 0 24 6
a 653 1956 0 25 2
a 653 505 0 20 6
a 654 990 0 25 2
a 654 1273 0 47 1
a 656 1540 0 25 6
a 656 728 0 5 8
a 661 1870 0 25 3
a 661 1059 0 37 2
a 664 789 0 25 5
a 664 531 0 8 2
a 666 985 0 25 5
a 666 1834 0 49 3
a 668 475 0 25 4
a 668 1191 0 37 10
a 670 845 0 25 1
a 670 1808 0 49 10
a 672 987 0 25 7
a 672 601 0 42 4
a 675 373 0 25 3
a 675 1001 0 40 7
a 676 1365 0 25 9
a 676 1475 0 2 7
a 688 1400 0 25 1
a 688 1916 0 45 4
a 689 313 0 25 8
a 689 1246 0 32 6
a 690 1350 0 25 3
a 690 1796 0 3 8
a 691 40 0 25 5
a 691 1920 0 2 2
a 692 992 0 25 10
a 692 1327 0 16 3
a 693 666 0 25 8
a 693 768 0 29 4
a 695 411 0 25 5
a 695 280 0 26 4
a 696 1314 0 25 9
a 696 1615 0 41 8
a 698 891 0 25 10
a 698 403 0 20 1
a 701 68 0 25 7
a 701 228 0 1 10
a 702 580 0 25 7
a 702 924 0 2 1
a 703 1861 0 25 1
a 703 382 0 0 4
a 704 744 0 25 1
a 704 1492 0 30 10
a 706 103 0 25 1
a 706 1699 0 20 2
a 711 314 0 25 5
a 711 1532 0 6 7
a 712 1135 0 25 10
a 712 690 0 2 5
a 713 1207 0 25 10
a 713 1556 0 41 4
a 715 638 0 25 1
a 715 1384 0 12 6
a 716 901 0 25 6
a 716 271 0 26 3
a 724 150 0 25 6
a 724 1922 0 36 2
a 726 39 0 25 10
a 726 1516 0 7 4
a 727 1183 0 25 9
a 727 1552 0 24 3
a 730 1415 0 25 2
a 730 385 0 24 8
a 734 1026 0 25 6
a 734 863 0 46 6
a 735 209 0 25 5
a 735 1618 0 33 1
a 737 507 0 25 8
a 737 537 0 27 1
a 741 1041 0 25 9
a 741 337 0 44 6
a 744 586 0 25 9
a 744 1973 0 28 2
a 746 890 0 25 2
a 746 1203 0 2 7
a 747 1574 0 25 7
a 747 1910 0 18 3
a 748 953 0 25 2
a 748 1256 0 23 9
a 749 1589 0 25 4
a 749 144 0 24 4
a 750 850 0 25 4
a 750 1648 0 12 8
a 751 1265 0 25 1
a 751 791 0 5 8
a 752 672 0 25 1
a 752 863 0 38 10
a 755 335 0 25 1
a 755 1367 0 44 7
a 757 551 0 25 1
a 757 251 0 41 1
a 760 787 0 25 2
a 760 791 0 35 6
a 766 256 0 25 4
a 766 1175 0 3 3
a 767 407 0 25 6
a 767 459 0 21 6
a 770 1635 0 25 8
a 770 833 0 29 9
a 771 320 0 25 2
a 771 607 0 29 10
a 774 1450 0 25 7
a 774 503 0 26 1
a 777 854 0 25 9
a 777 1143 0 36 1
a 780 1605 0 25 2
a 780 713 0 27 4
a 783 1952 0 25 6
a 783 283 0 36 10
a 784 1013 0 25 1
a 784 1009 0 9 3
a 786 86 0 25 9
a 786 967 0 49 5
a 787 1384 0 25 10
a 787 47 0 45 1
a 789 1122 0 25 7
a 789 1882 0 40 3
a 791 1249 0 25 3
a 791 324 0 14 10
a 794 806 0 25 5
a 794 562 0 30 1
a 795 803 0 25 8
a 795 1221 0 3 1
a 796 1190 0 25 1
a 796 143 0 24 1
a 797 1370 0 25 7
a 797 1688 0 14 8
a 798 126 0 25 9
a 798 847 0 26 6
a 799 1694 0 25 4
a 799 1620 0 18 3
a 800 1423 0 25 10
a 800 1960 0 45 6
a 803 357 0 25 10
a 803 1529 0 27 1
a 804 287 0 25 3
a 804 1859 0 9 4
a 805 55 0 25 3
a 805 809 0 37 10
a 806 276 0 25 2
a 806 1144 0 42 7
a 807 1003 0 25 10
a 807 1524 0 44 8
a 809 1223 0 25 4
a 809 439 0 43 3
a 810 117 0 25 4
a 810 1840 0 46 3
a 813 1125 0 25 4
a 813 1077 0 38 5
a 815 1906 0 25 6
a 815 1992 0 11 2
a 817 1426 0 25 8
a 817 40 0 42 7
a 820 1442 0 25 1
a 820 597 0 32 10
a 821 1862 0 25 9
a 821 1744 0 1 3
a 822 306 0 25 6
a 822 1282 0 48 1
a 823 1683 0 25 7
a 823 1556 0 42 2
a 825 760 0 25 1
a 825 1705 0 3 10
a 828 400 0 25 1
a 828 1553 0 19 3
a 830 298 0 25 9
a 830 866 0 30 4
a 831 1507 0 25 6
a 831 1638 0 23 2
a 833 1716 0 25 10
a 833 815 0 34 4
a 836 1163 0 25 10
a 836 429 0 23 9
a 837 1258 0 25 7
a 837 1602 0 29 4
a 838 1023 0 25 4
a 838 1206 0 41 7
a 844 1000 0 25 5
a 844 1412 0 30 6
a 845 1842 0 25 7
a 845 1482 0 6 8
a 846 1247 0 25 8
a 846 510 0 7 5
a 847 1993 0 25 2
a 847 1714 0 16 9
a 848 961 0 25 2
a 848 1885 0 30 4
a 849 1220 0 25 8
a 849 983 0 47 2
a 850 32 0 25 2
a 850 352 0 2 4
a 852 1153 0 25 1
a 852 200 0 43 4
a 854 1557 0 25 3
a 854 432 0 2 3
a 857 1976 0 25 3
a 857 282 0 19 3
a 863 799 0 25 2
a 863 230 0 31 7
a 864 932 0 25 7
a 864 912 0 11 6
a 866 1424 0 25 10
a 866 1242 0 36 6
a 867 1531 0 25 6
a 867 1371 0 11 9
a 868 343 0 25 6
a 868 1571 0 23 1
a 871 1760 0 25 3
a 871 439 0 28 1
a 873 1632 0 25 10
a 873 1737 0 44 1
a 874 161 0 25 4
a 874 1277 0 3 8
a 875 1851 0 25 5
a 875 1061 0 36 8
a 877 798 0 25 7
a 877 1550 0 24 6
a 879 911 0 25 5
a 879 648 0 26 5
a 880 29 0 25 8
a 880 208 0 39 1
a 881 1279 0 25 6
a 881 986 0 37 10
a 882 444 0 25 2
a 882 363 0 0 1
a 886 807 0 25 1
a 886 1741 0 1 10
a 889 1834 0 25 8
a 889 1721 0 21 6
a 890 795 0 25 6
a 890 1343 0 50 4
a 891 1884 0 25 9
a 891 279 0 33 8
a 892 1489 0 25 9
a 892 380 0 18 8
a 893 1408 0 25 8
a 893 1679 0 48 7
a 894 1329 0 25 8
a 894 1529 0 7 4
a 898 1474 0 25 7
a 898 242 0 15 9
a 899 1287 0 25 3
a 899 788 0 7 8
a 900 477 0 25 3
a 900 1828 0 17 2
a 901 1412 0 25 3
a 901 1608 0 49 9
a 902 541 0 25 3
a 902 1398 0 29 7
a 904 1226 0 25 1
a 904 1743 0 37 10
a 905 529 0 25 1
a 905 1728 0 50 5
a 908 1686 0 25 8
a 908 1120 0 26 3
a 911 496 0 25 10
a 911 963 0 25 8
a 912 1678 0 25 7
a 912 499 0 42 8
a 915 1211 0 25 7
a 915 28 0 12 9
a 916 1777 0 25 4
a 916 694 0 32 5
a 921 1302 0 25 9
a 921 1686 0 26 9
a 923 886 0 25 7
a 923 135 0 5 4
a 924 973 0 25 7
a 924 502 0 30 6
a 925 1431 0 25 7
a 925 1786 0 8 8
a 928 1511 0 25 9
a 928 1816 0 26 5
a 931 1052 0 25 2
a 931 1306 0 31 8
a 932 1011 0 25 2
a 932 1933 0 20 4
a 933 391 0 25 1
a 933 227 0 26 10
a 937 1390 0 25 1
a 937 1690 0 46 6
a 940 1987 0 25 3
a 940 855 0 30 5
a 941 639 0 25 7
a 941 1596 0 46 2
a 946 526 0 25 7
a 946 37 0 1 9
a 947 670 0 25 4
a 947 1975 0 21 10
a 948 972 0 25 8
a 948 1139 0 6 7
a 950 1849 0 25 2
a 950 1434 0 37 6
a 952 76 0 25 6
a 952 307 0 21 4
a 953 948 0 25 10
a 953 1093 0 42 2
a 954 711 0 25 9
a 954 852 0 26 8
a 955 1213 0 25 1
a 955 132 0 35 2
a 956 955 0 25 5
a 956 1660 0 49 3
a 957 215 0 25 9
a 957 1596 0 48 1
a 958 1641 0 25 8
a 958 509 0 13 6
a 961 337 0 25 3
a 961 373 0 50 8
a 962 423 0 25 1
a 962 1613 0 21 9
a 964 1564 0 25 9
a 964 118 0 44 8
a 965 1218 0 25 1
a 965 1530 0 13 4
a 966 317 0 25 7
a 966 47 0 3 7
a 967 1075 0 25 4
a 967 3 0 8 1
a 968 1361 0 25 5
a 968 1266 0 6 4
a 969 1128 0 25 6
a 969 727 0 22 3
a 970 1182 0 25 6
a 970 1863 0 25 4
a 971 1306 0 25 3
a 971 1336 0 43 4
a 972 264 0 25 10
a 972 1790 0 18 10
a 973 545 0 25 1
a 973 1804 0 46 8
a 974 1264 0 25 8
a 974 1550 0 5 3
a 978 1336 0 25 3
a 978 202 0 33 1
a 979 1807 0 25 3
a 979 448 0 24 2
a 980 1767 0 25 4
a 980 321 0 30 6
a 983 45 0 25 9
a 983 170 0 15 1
a 984 965 0 25 6
a 984 1935 0 38 6
a 985 139 0 25 9
a 985 1522 0 48 4
a 987 902 0 25 6
a 987 645 0 49 7
a 988 1485 0 25 10
a 988 469 0 49 8
a 989 971 0 25 10
a 989 1809 0 7 4
a 990 1795 0 25 1
a 990 1464 0 0 1
a 992 1409 0 25 3
a 992 1285 0 39 9
a 993 822 0 25 4
a 993 1131 0 1 2
a 994 106 0 25 7
a 994 1764 0 14 9
a 997 866 0 25 10
a 997 132 0 5 4
a 999 1787 0 25 9
a 999 1501 0 46 6
a 1000 520 0 25 8
a 1000 1650 0 20 1
a 1001 1826 0 25 10
a 1001 1059 0 38 5
a 1003 18 0 25 4
a 1003 581 0 46 1
a 1004 499 0 25 7
a 1004 628 0 5 8
a 1006 571 0 25 7
a 1006 1658 0 20 2
a 1011 569 0 25 5
a 1011 751 0 16 2
a 1012 137 0 25 7
a 1012 875 0 28 2
a 1013 1453 0 25 8
a 1013 203 0 30 9
a 1015 609 0 25 6
a 1015 1747 0 15 6
a 1016 1669 0 25 2
a 1016 1585 0 42 5
a 1017 481 0 25 9
a 1017 173 0 30 7
a 1018 1418 0 25 3
a 1018 465 0 5 9
a 1021 1433 0 25 8
a 1021 1325 0 40 9
a 1023 1245 0 25 1
a 1023 527 0 6 1
a 1024 904 0 25 5
a 1024 1005 0 22 2
a 1025 664 0 25 4
a 1025 1247 0 40 2
a 1026 882 0 25 6
a 1026 218 0 32 3
a 1027 746 0 25 10
a 1027 891 0 49 3
a 1029 1130 0 25 8
a 1029 186 0 26 4
a 1030 1813 0 25 6
a 1030 419 0 37 2
a 1036 820 0 25 3
a 1036 1227 0 1 1
a 1037 1863 0 25 5
a 1037 246 0 49 2
a 1038 1848 0 25 9
a 1038 1190 0 30 3
a 1039 1600 0 25 2
a 1039 1772 0 7 7
a 1040 1105 0 25 4
a 1040 1276 0 23 1
a 1041 295 0 25 8
a 1041 1642 0 11 8
a 1043 1860 0 25 3
a 1043 118 0 48 8
a 1044 1322 0 25 10
a 1044 406 0 12 4
a 1049 1969 0 25 7
a 1049 1360 0 10 8
a 1050 368 0 25 2
a 1050 1752 0 9 3
a 1052 353 0 25 10
a 1052 1654 0 5 2
a 1054 1805 0 25 1
a 1054 1161 0 25 10
a 1055 874 0 25 8
a 1055 751 0 2 1
a 1057 136 0 25 10
a 1057 1770 0 8 5
a 1058 1156 0 25 8
a 1058 468 0 47 3
a 1059 1387 0 25 4
a 1059 1060 0 1 1
a 1061 1950 0 25 9
a 1061 915 0 41 1
a 1063 129 0 25 1
a 1063 1326 0 20 4
a 1064 1838 0 25 3
a 1064 1553 0 47 4
a 1065 836 0 25 7
a 1065 242 0 23 6
a 1066 144 0 25 1
a 1066 922 0 32 4
a 1075 1831 0 25 2
a 1075 1154 0 21 4
a 1076 1414 0 25 8
a 1076 1220 0 50 1
a 1078 288 0 25 1
a 1078 665 0 45 9
a 1079 1843 0 25 2
a 1079 473 0 9 1
a 1081 1210 0 25 5
a 1081 1196 0 10 5
a 1082 208 0 25 1
a 1082 1074 0 32 6
a 1083 87 0 25 4
a 1083 1027 0 41 6
a 1087 1224 0 25 2
a 1087 1788 0 3 10
a 1088 645 0 25 9
a 1088 135 0 22 3
a 1091 514 0 25 4
a 1091 1030 0 15 7
a 1092 1289 0 25 10
a 1092 1369 0 37 1
a 1093 329 0 25 4
a 1093 1493 0 48 2
a 1095 354 0 25 4
a 1095 1574 0 38 5
a 1097 1379 0 25 9
a 1097 446 0 30 6
a 1098 112 0 25 5
a 1098 1169 0 23 10
a 1102 1945 0 25 9
a 1102 800 0 15 3
a 1105 421 0 25 6
a 1105 199 0 31 5
a 1106 1238 0 25 3
a 1106 383 0 43 5
a 1109 875 0 25 1
a 1109 1252 0 14 6
a 1113 1796 0 25 1
a 1113 109 0 3 6
a 1114 212 0 25 7
a 1114 1835 0 18 2
a 1115 132 0 25 9
a 1115 1010 0 20 8
a 1119 1715 0 25 3
a 1119 1452 0 21 8
a 1121 1391 0 25 8
a 1121 234 0 37 1
a 1122 1568 0 25 4
a 1122 1905 0 45 1
a 1123 338 0 25 7
a 1123 952 0 22 5
a 1124 590 0 25 3
a 1124 863 0 17 9
a 1125 13 0 25 3
a 1125 851 0 20 9
a 1128 286 0 25 1
a 1128 1156 0 28 4
a 1130 1337 0 25 2
a 1130 1029 0 44 10
a 1135 1988 0 25 4
a 1135 568 0 42 4
a 1137 1448 0 25 4
a 1137 713 0 15 6
a 1142 365 0 25 3
a 1142 995 0 36 5
a 1144 1404 0 25 7
a 1144 429 0 44 9
a 1145 1410 0 25 6
a 1145 333 0 28 6
a 1152 652 0 25 3
a 1152 81 0 38 9
a 1153 544 0 25 7
a 1153 1778 0 46 10
a 1155 19 0 25 2
a 1155 1594 0 30 10
a 1156 1629 0 25 1
a 1156 1956 0 24 7
a 1161 1175 0 25 2
a 1161 1014 0 18 2
a 1163 349 0 25 1
a 1163 269 0 44 5
a 1167 771 0 25 7
a 1167 697 0 13 3
a 1170 857 0 25 5
a 1170 130 0 7 9
a 1171 492 0 25 4
a 1171 1632 0 37 1
a 1172 6 0 25 7
a 1172 117 0 36 8
a 1173 1651 0 25 8
a 1173 1611 0 18 9
a 1174 770 0 25 7
a 1174 1362 0 29 10
a 1175 1595 0 25 1
a 1175 264 0 13 10
a 1177 713 0 25 6
a 1177 1336 0 23 2
a 1178 146 0 25 8
a 1178 219 0 11 10
a 1179 706 0 25 8
a 1179 1361 0 42 3
a 1181 809 0 25 1
a 1181 1427 0 33 2
a 1182 1029 0 25 7
a 1182 1642 0 10 4
a 1183 559 0 25 7
a 1183 818 0 29 1
a 1184 1446 0 25 9
a 1184 1392 0 42 10
a 1185 163 0 25 4
a 1185 1182 0 20 4
a 1186 1995 0 25 10
a 1186 1238 0 45 2
a 1187 573 0 25 8
a 1187 732 0 29 1
a 1190 737 0 25 2
a 1190 910 0 34 7
a 1191 810 0 25 1
a 1191 702 0 18 6
a 1193 916 0 25 6
a 1193 1369 0 47 5
a 1195 751 0 25 6
a 1195 877 0 16 4
a 1199 1899 0 25 3
a 1199 1620 0 36 6
a 1204 398 0 25 6
a 1204 22 0 44 2
a 1207 392 0 25 1
a 1207 269 0 31 10
a 1210 1556 0 25 2
a 1210 466 0 26 2
a 1211 328 0 25 3
a 1211 1969 0 30 4
a 1213 3 0 25 8
a 1213 792 0 17 1
a 1217 748 0 25 6
a 1217 758 0 37 9
a 1218 1733 0 25 5
a 1218 1159 0 25 9
a 1219 1181 0 25 2
a 1219 1606 0 47 7
a 1220 367 0 25 9
a 1220 151 0 16 9
a 1223 1636 0 25 6
a 1223 248 0 37 5
a 1224 964 0 25 5
a 1224 203 0 31 8
a 1226 1063 0 25 6
a 1226 1152 0 30 6
a 1232 487 0 25 9
a 1232 1729 0 29 8
a 1235 340 0 25 5
a 1235 1413 0 1 1
a 1236 389 0 25 4
a 1236 397 0 21 6
a 1237 1675 0 25 2
a 1237 951 0 1 3
a 1238 1490 0 25 7
a 1238 380 0 16 5
a 1239 1954 0 25 3
a 1239 877 0 18 4
a 1240 1774 0 25 10
a 1240 1631 0 21 6
a 1241 380 0 25 8
a 1241 1996 0 42 3
a 1242 1161 0 25 2
a 1242 280 0 4 4
a 1244 937 0 25 5
a 1244 378 0 11 10
a 1245 1004 0 25 1
a 1245 1291 0 2 5
a 1246 1356 0 25 6
a 1246 1914 0 37 4
a 1247 1098 0 25 1
a 1247 1654 0 50 6
a 1249 451 0 25 8
a 1249 478 0 31 5
a 1251 92 0 25 1
a 1251 467 0 17 7
a 1255 1650 0 25 3
a 1255 772 0 2 2
a 1256 1038 0 25 1
a 1256 1260 0 40 7
a 1258 696 0 25 1
a 1258 1179 0 43 2
a 1259 65 0 25 6
a 1259 1215 0 48 10
a 1260 17 0 25 5
a 1260 1990 0 16 7
a 1264 191 0 25 7
a 1264 898 0 25 8
a 1265 693 0 25 1
a 1265 1637 0 46 6
a 1270 791 0 25 3
a 1270 1174 0 21 2
a 1274 409 0 25 3
a 1274 71 0 28 8
a 1277 1496 0 25 1
a 1277 1706 0 20 10
a 1279 1078 0 25 5
a 1279 1027 0 5 1
a 1281 1152 0 25 10
a 1281 1306 0 38 9
a 1282 1456 0 25 7
a 1282 456 0 24 9
a 1283 1016 0 25 6
a 1283 1358 0 37 9
a 1284 1653 0 25 6
a 1284 762 0 22 6
a 1285 1585 0 25 4
a 1285 416 0 18 9
a 1287 925 0 25 9
a 1287 1009 0 34 7
a 1288 1725 0 25 4
a 1288 1750 0 24 6
a 1289 1810 0 25 10
a 1289 1709 0 38 9
a 1290 22 0 25 7
a 1290 79 0 20 7
a 1291 592 0 25 3
a 1291 1399 0 8 5
a 1292 695 0 25 2
a 1292 1256 0 14 10
a 1294 1980 0 25 10
a 1294 1746 0 35 6
a 1296 1968 0 25 9
a 1296 550 0 34 2
a 1302 1256 0 25 9
a 1302 1820 0 11 6
a 1303 1217 0 25 1
a 1303 51 0 36 3
a 1304 1541 0 25 8
a 1304 1865 0 6 10
a 1305 1662 0 25 7
a 1305 332 0 27 1
a 1306 63 0 25 2
a 1306 1720 0 27 6
a 1307 622 0 25 3
a 1307 1803 0 13 9
a 1309 905 0 25 8
a 1309 1121 0 39 5
a 1310 688 0 25 6
a 1310 651 0 10 9
a 1311 404 0 25 4
a 1311 1841 0 31 9
a 1313 1937 0 25 10
a 1313 301 0 36 7
a 1314 1429 0 25 2
a 1314 425 0 49 6
a 1316 240 0 25 9
a 1316 222 0 23 5
a 1318 470 0 25 3
a 1318 317 0 11 8
a 1319 466 0 25 3
a 1319 1059 0 41 9
a 1322 873 0 25 8
a 1322 1609 0 49 1
a 1326 97 0 25 3
a 1326 577 0 36 9
a 1328 956 0 25 3
a 1328 669 0 30 3
a 1329 94 0 25 10
a 1329 811 0 48 1
a 1330 243 0 25 10
a 1330 1397 0 11 2
a 1334 348 0 25 4
a 1334 846 0 44 2
a 1336 1853 0 25 7
a 1336 1709 0 31 10
a 1337 1827 0 25 10
a 1337 308 0 20 6
a 1339 831 0 25 10
a 1339 188 0 9 5
a 1342 1674 0 25 6
a 1342 1333 0 43 4
a 1343 37 0 25 10
a 1343 1630 0 38 2
a 1345 1178 0 25 4
a 1345 1932 0 19 3
a 1350 417 0 25 8
a 1350 1612 0 0 10
a 1353 59 0 25 10
a 1353 1583 0 31 3
a 1356 1095 0 25 9
a 1356 1327 0 25 6
a 1358 525 0 25 8
a 1358 1712 0 24 9
a 1359 1091 0 25 10
a 1359 1186 0 32 5
a 1360 1825 0 25 1
a 1360 1501 0 49 8
a 1361 654 0 25 6
a 1361 669 0 24 9
a 1363 1932 0 25 1
a 1363 1292 0 21 10
a 1365 605 0 25 6
a 1365 1428 0 8 9
a 1368 702 0 25 10
a 1368 519 0 10 6
a 1369 339 0 25 7
a 1369 1899 0 8 9
a 1370 1043 0 25 2
a 1370 1185 0 50 10
a 1371 1386 0 25 6
a 1371 296 0 24 5
a 1372 2000 0 25 9
a 1372 1589 0 45 7
a 1375 1285 0 25 3
a 1375 1084 0 23 2
a 1376 518 0 25 8
a 1376 1806 0 12 4
a 1379 1880 0 25 2
a 1379 1789 0 37 9
a 1383 474 0 25 9
a 1383 1421 0 23 7
a 1384 1867 0 25 6
a 1384 200 0 38 8
a 1386 912 0 25 1
a 1386 1821 0 8 10
a 1387 279 0 25 3
a 1387 287 0 33 8
a 1389 653 0 25 1
a 1389 1479 0 45 6
a 1390 1752 0 25 9
a 1390 1029 0 5 2
a 1391 442 0 25 6
a 1391 807 0 2 2
a 1393 1986 0 25 6
a 1393 1893 0 21 6
a 1395 1066 0 25 5
a 1395 1838 0 33 9
a 1397 675 0 25 3
a 1397 1262 0 31 8
a 1400 1283 0 25 6
a 1400 375 0 31 1
a 1401 517 0 25 4
a 1401 272 0 7 10
a 1404 1017 0 25 6
a 1404 1174 0 37 4
a 1406 324 0 25 4
a 1406 1190 0 6 10
a 1407 261 0 25 6
a 1407 462 0 9 2
a 1408 1173 0 25 7
a 1408 810 0 32 6
a 1409 1672 0 25 6
a 1409 91 0 43 8
a 1410 257 0 25 1
a 1410 1596 0 41 2
a 1411 1970 0 25 7
a 1411 650 0 50 8
a 1412 1036 0 25 7
a 1412 1108 0 26 8
a 1414 1873 0 25 2
a 1414 1978 0 46 7
a 1415 428 0 25 2
a 1415 752 0 41 2
a 1418 784 0 25 7
a 1418 1301 0 29 1
a 1420 1972 0 25 9
a 1420 1824 0 13 9
a 1421 1812 0 25 2
a 1421 816 0 42 10
a 1423 643 0 25 8
a 1423 1142 0 21 9
a 1424 1318 0 25 5
a 1424 388 0 3 3
a 1426 334 0 25 8
a 1426 472 0 27 6
a 1429 350 0 25 8
a 1429 262 0 16 10
a 1430 1721 0 25 4
a 1430 388 0 49 10
a 1431 924 0 25 5
a 1431 1979 0 15 1
a 1433 370 0 25 3
a 1433 936 0 7 9
a 1434 1999 0 25 9
a 1434 1516 0 25 6
a 1438 1911 0 25 5
a 1438 1452 0 21 9
a 1441 24 0 25 5
a 1441 1663 0 47 1
a 1442 472 0 25 8
a 1442 370 0 1 4
a 1444 1259 0 25 10
a 1444 1868 0 42 5
a 1446 1049 0 25 5
a 1446 1483 0 10 7
a 1447 143 0 25 6
a 1447 1433 0 22 1
a 1448 1316 0 25 8
a 1448 327 0 46 3
a 1450 893 0 25 5
a 1450 903 0 2 6
a 1451 712 0 25 6
a 1451 350 0 37 4
a 1452 1645 0 25 5
a 1452 1939 0 2 9
a 1453 849 0 25 2
a 1453 778 0 46 9
a 1454 957 0 25 6
a 1454 1847 0 31 3
a 1456 1878 0 25 5
a 1456 567 0 30 9
a 1459 513 0 25 1
a 1459 1863 0 18 4
a 1460 968 0 25 5
a 1460 10 0 42 5
a 1462 1526 0 25 7
a 1462 508 0 30 9
a 1463 613 0 25 6
a 1463 1220 0 9 3
a 1472 1696 0 25 7
a 1472 1785 0 18 3
a 1473 1376 0 25 10
a 1473 429 0 48 9
a 1474 864 0 25 8
a 1474 1799 0 13 7
a 1477 1088 0 25 10
a 1477 498 0 49 7
a 1484 1219 0 25 7
a 1484 1447 0 10 2
a 1485 115 0 25 3
a 1485 410 0 6 2
a 1489 716 0 25 8
a 1489 235 0 16 7
a 1490 535 0 25 1
a 1490 881 0 23 9
a 1491 898 0 25 1
a 1491 321 0 33 6
a 1495 1093 0 25 4
a 1495 1779 0 30 10
a 1496 1251 0 25 6
a 1496 265 0 8 9
a 1497 928 0 25 2
a 1497 1765 0 2 5
a 1503 879 0 25 4
a 1503 119 0 45 6
a 1507 195 0 25 2
a 1507 1284 0 14 8
a 1511 1193 0 25 9
a 1511 1340 0 13 10
a 1513 171 0 25 3
a 1513 1175 0 41 10
a 1516 493 0 25 4
a 1516 1802 0 18 9
a 1517 1472 0 25 7
a 1517 1835 0 47 5
a 1518 1819 0 25 7
a 1518 1399 0 24 9
a 1520 863 0 25 3
a 1520 1655 0 16 1
a 1523 532 0 25 1
a 1523 1840 0 28 9
a 1525 1179 0 25 10
a 1525 297 0 7 2
a 1526 1930 0 25 9
a 1526 1338 0 19 10
a 1528 230 0 25 10
a 1528 1600 0 49 4
a 1531 1401 0 25 3
a 1531 1365 0 21 2
a 1533 1845 0 25 5
a 1533 215 0 1 3
a 1537 1917 0 25 4
a 1537 677 0 1 3
a 1538 424 0 25 3
a 1538 742 0 2 9
a 1540 755 0 25 2
a 1540 472 0 6 9
a 1541 1397 0 25 4
a 1541 1179 0 12 8
a 1543 42 0 25 7
a 1543 844 0 43 9
a 1549 752 0 25 8
a 1549 528 0 6 2
a 1550 1977 0 25 4
a 1550 1332 0 2 5
a 1551 1054 0 25 10
a 1551 245 0 3 5
a 1552 1454 0 25 8
a 1552 1722 0 33 6
a 1553 1477 0 25 5
a 1553 249 0 11 9
a 1554 1983 0 25 2
a 1554 302 0 39 6
a 1555 747 0 25 1
a 1555 374 0 15 3
a 1556 1291 0 25 8
a 1556 1654 0 44 8
a 1557 284 0 25 2
a 1557 275 0 8 3
a 1558 1115 0 25 1
a 1558 1429 0 48 3
a 1559 202 0 25 8
a 1559 1143 0 8 10
a 1560 291 0 25 1
a 1560 1095 0 46 3
a 1563 581 0 25 8
a 1563 1739 0 11 4
a 1564 1345 0 25 7
a 1564 421 0 25 3
a 1565 656 0 25 6
a 1565 4 0 3 10
a 1567 1092 0 25 10
a 1567 1740 0 10 8
a 1568 1113 0 25 6
a 1568 154 0 18 6
a 1570 1889 0 25 8
a 1570 1546 0 50 9
a 1573 426 0 25 9
a 1573 92 0 41 6
a 1574 1801 0 25 7
a 1574 263 0 35 8
a 1575 774 0 25 2
a 1575 1431 0 20 8
a 1576 817 0 25 3
a 1576 659 0 16 10
a 1581 833 0 25 10
a 1581 301 0 15 10
a 1585 1274 0 25 3
a 1585 1374 0 0 8
a 1587 1359 0 25 7
a 1587 1416 0 2 7
a 1589 984 0 25 10
a 1589 1187 0 17 5
a 1591 989 0 25 6
a 1591 616 0 25 3
a 1593 454 0 25 4
a 1593 63 0 44 10
a 1595 301 0 25 9
a 1595 1428 0 43 9
a 1597 1747 0 25 1
a 1597 837 0 47 10
a 1600 455 0 25 7
a 1600 1683 0 21 3
a 1602 619 0 25 1
a 1602 1506 0 12 4
a 1605 881 0 25 1
a 1605 1928 0 32 5
a 1621 1307 0 25 3
a 1621 1452 0 14 3
a 1623 1155 0 25 9
a 1623 502 0 4 10
a 1624 1799 0 25 2
a 1624 454 0 31 4
a 1629 1334 0 25 3
a 1629 1242 0 15 1
a 1632 1411 0 25 4
a 1632 1650 0 10 9
a 1635 815 0 25 2
a 1635 830 0 7 1
a 1636 1497 0 25 10
a 1636 477 0 9 2
a 1637 1835 0 25 2
a 1637 267 0 42 3
a 1641 1575 0 25 2
a 1641 574 0 4 9
a 1642 1744 0 25 5
a 1642 304 0 21 6
a 1645 577 0 25 5
a 1645 885 0 29 9
a 1650 1284 0 25 6
a 1650 845 0 16 1
a 1651 1705 0 25 5
a 1651 1797 0 22 10
a 1652 330 0 25 9
a 1652 93 0 45 7
a 1653 603 0 25 4
a 1653 1126 0 41 7
a 1655 436 0 25 9
a 1655 518 0 45 7
a 1661 947 0 25 1
a 1661 1891 0 30 1
a 1662 378 0 25 9
a 1662 1174 0 49 6
a 1663 66 0 25 10
a 1663 1800 0 47 6
a 1664 847 0 25 1
a 1664 1283 0 0 6
a 1669 1277 0 25 10
a 1669 201 0 35 5
a 1670 966 0 25 4
a 1670 1307 0 36 5
a 1672 70 0 25 6
a 1672 1636 0 28 5
a 1674 1811 0 25 1
a 1674 1619 0 17 7
a 1675 1670 0 25 8
a 1675 1721 0 14 5
a 1676 589 0 25 6
a 1676 1628 0 38 4
a 1678 296 0 25 8
a 1678 1633 0 15 8
a 1682 242 0 25 1
a 1682 816 0 18 6
a 1683 1328 0 25 3
a 1683 563 0 26 7
a 1686 1726 0 25 6
a 1686 1239 0 23 2
a 1689 463 0 25 7
a 1689 920 0 42 6
a 1692 894 0 25 8
a 1692 1381 0 31 2
a 1694 1565 0 25 4
a 1694 1531 0 50 6
a 1696 1406 0 25 4
a 1696 1619 0 24 4
a 1698 168 0 25 6
a 1698 1168 0 31 3
a 1701 228 0 25 4
a 1701 303 0 17 3
a 1702 44 0 25 1
a 1702 937 0 2 6
a 1705 1790 0 25 4
a 1705 493 0 13 9
a 1707 1559 0 25 4
a 1707 669 0 30 1
a 1709 275 0 25 4
a 1709 860 0 15 4
a 1711 1444 0 25 6
a 1711 1105 0 46 1
a 1713 48 0 25 10
a 1713 1939 0 48 1
a 1714 1552 0 25 8
a 1714 310 0 40 8
a 1715 1794 0 25 4
a 1715 1761 0 40 4
a 1716 1989 0 25 8
a 1716 944 0 37 8
a 1721 1065 0 25 8
a 1721 476 0 1 1
a 1722 983 0 25 6
a 1722 1159 0 44 7
a 1723 553 0 25 8
a 1723 1897 0 35 3
a 1725 1581 0 25 10
a 1725 1031 0 39 5
a 1726 372 0 25 9
a 1726 35 0 39 4
a 1729 1057 0 25 3
a 1729 1255 0 16 10
a 1733 1199 0 25 3
a 1733 1754 0 18 8
a 1734 970 0 25 7
a 1734 914 0 16 6
a 1736 405 0 25 6
a 1736 561 0 7 5
a 1737 1012 0 25 8
a 1737 1927 0 20 10
a 1740 1235 0 25 2
a 1740 986 0 24 2
a 1741 414 0 25 8
a 1741 1146 0 40 4
a 1743 1195 0 25 1
a 1743 794 0 8 4
a 1744 1389 0 25 9
a 1744 1064 0 49 1
a 1747 534 0 25 3
a 1747 1945 0 13 2
a 1752 352 0 25 2
a 1752 940 0 31 2
a 1758 1142 0 25 5
a 1758 115 0 47 10
a 1760 611 0 25 5
a 1760 1709 0 13 1
a 1761 1824 0 25 8
a 1761 1004 0 27 6
a 1766 1864 0 25 8
a 1766 358 0 7 7
a 1767 704 0 25 5
a 1767 1720 0 48 3
a 1774 1123 0 25 6
a 1774 727 0 47 5
a 1777 1637 0 25 1
a 1777 133 0 32 4
a 1779 1758 0 25 10
a 1779 1912 0 12 6
a 1780 1623 0 25 8
a 1780 485 0 33 6
a 1782 1015 0 25 4
a 1782 737 0 1 5
a 1785 1372 0 25 10
a 1785 879 0 4 4
a 1787 1313 0 25 9
a 1787 1470 0 31 6
a 1790 50 0 25 6
a 1790 1881 0 23 6
a 1792 550 0 25 4
a 1792 265 0 33 5
a 1794 958 0 25 3
a 1794 1077 0 5 4
a 1795 1451 0 25 3
a 1795 260 0 39 10
a 1796 1538 0 25 2
a 1796 1915 0 6 6
a 1798 95 0 25 5
a 1798 294 0 38 5
a 1799 848 0 25 7
a 1799 398 0 6 5
a 1801 382 0 25 10
a 1801 1589 0 8 9
a 1803 1894 0 25 10
a 1803 1659 0 28 2
a 1805 1319 0 25 8
a 1805 1688 0 37 6
a 1807 1737 0 25 3
a 1807 479 0 11 9
a 1808 889 0 25 2
a 1808 1946 0 0 4
a 1809 579 0 25 9
a 1809 1197 0 50 10
a 1810 730 0 25 1
a 1810 937 0 22 5
a 1811 1339 0 25 6
a 1811 925 0 6 6
a 1812 749 0 25 2
a 1812 166 0 26 3
a 1813 1689 0 25 5
a 1813 873 0 38 3
a 1814 1785 0 25 9
a 1814 1530 0 2 7
a 1817 74 0 25 6
a 1817 143 0 21 2
a 1819 1554 0 25 10
a 1819 315 0 0 2
a 1820 1944 0 25 7
a 1820 323 0 7 8
a 1824 184 0 25 1
a 1824 798 0 6 9
a 1825 1722 0 25 4
a 1825 1785 0 25 2
a 1826 310 0 25 6
a 1826 1747 0 9 1
a 1827 1663 0 25 10
a 1827 1583 0 22 6
a 1831 1342 0 25 8
a 1831 162 0 41 4
a 1834 1525 0 25 10
a 1834 114 0 46 8
a 1835 1172 0 25 3
a 1835 1839 0 0 10
a 1838 1185 0 25 8
a 1838 722 0 42 9
a 1840 1904 0 25 1
a 1840 1236 0 43 10
a 1841 1908 0 25 2
a 1841 980 0 29 5
a 1842 1711 0 25 4
a 1842 1281 0 3 8
a 1843 967 0 25 3
a 1843 1023 0 14 10
a 1845 868 0 25 2
a 1845 760 0 17 2
a 1846 952 0 25 10
a 1846 550 0 28 10
a 1847 668 0 25 4
a 1847 1062 0 34 7
a 1848 1232 0 25 5
a 1848 1737 0 18 5
a 1849 692 0 25 10
a 1849 1785 0 6 5
a 1851 53 0 25 3
a 1851 852 0 23 1
a 1853 104 0 25 8
a 1853 1265 0 15 5
a 1860 1395 0 25 4
a 1860 630 0 0 5
a 1861 1563 0 25 5
a 1861 1570 0 2 7
a 1862 562 0 25 6
a 1862 144 0 13 6
a 1863 1079 0 25 8
a 1863 1708 0 0 10
a 1864 946 0 25 1
a 1864 631 0 7 1
a 1867 689 0 25 4
a 1867 551 0 16 8
a 1870 1925 0 25 4
a 1870 1818 0 8 10
a 1873 1294 0 25 1
a 1873 356 0 22 3
a 1877 701 0 25 10
a 1877 753 0 44 8
a 1878 410 0 25 1
a 1878 95 0 7 3
a 1880 1255 0 25 1
a 1880 1544 0 14 9
a 1883 741 0 25 3
a 1883 862 0 10 1
a 1884 1951 0 25 6
a 1884 343 0 47 9
a 1885 794 0 25 8
a 1885 1972 0 9 2
a 1887 176 0 25 6
a 1887 1867 0 16 6
a 1888 1782 0 25 4
a 1888 1605 0 42 4
a 1889 1137 0 25 9
a 1889 938 0 46 7
a 1890 1621 0 25 2
a 1890 540 0 15 1
a 1894 703 0 25 5
a 1894 1678 0 1 5
a 1899 374 0 25 1
a 1899 488 0 19 2
a 1900 438 0 25 6
a 1900 1822 0 10 3
a 1901 1714 0 25 6
a 1901 1821 0 26 1
a 1903 636 0 25 1
a 1903 287 0 41 6
a 1904 1817 0 25 10
a 1904 405 0 20 1
a 1905 27 0 25 1
a 1905 914 0 1 8
a 1906 1553 0 25 9
a 1906 1866 0 20 4
a 1908 962 0 25 1
a 1908 1677 0 24 4
a 1911 21 0 25 5
a 1911 182 0 6 6
a 1912 727 0 25 10
a 1912 104 0 12 8
a 1915 387 0 25 10
a 1915 1853 0 26 7
a 1916 1371 0 25 2
a 1916 755 0 20 9
a 1917 542 0 25 6
a 1917 1952 0 34 2
a 1918 1847 0 25 1
a 1918 987 0 30 3
a 1923 179 0 25 2
a 1923 1452 0 27 1
a 1924 724 0 25 5
a 1924 763 0 45 1
a 1925 114 0 25 9
a 1925 976 0 11 2
a 1929 371 0 25 1
a 1929 1431 0 22 3
a 1930 443 0 25 9
a 1930 1555 0 35 9
a 1931 175 0 25 9
a 1931 700 0 27 5
a 1932 1025 0 25 7
a 1932 860 0 0 10
a 1937 1707 0 25 7
a 1937 1692 0 26 3
a 1938 510 0 25 10
a 1938 1873 0 29 1
a 1943 98 0 25 3
a 1943 983 0 34 7
a 1944 1237 0 25 4
a 1944 285 0 43 2
a 1945 1383 0 25 9
a 1945 1032 0 28 6
a 1947 608 0 25 1
a 1947 1427 0 30 2
a 1950 1083 0 25 4
a 1950 893 0 50 4
a 1951 617 0 25 10
a 1951 1964 0 27 6
a 1952 1887 0 25 10
a 1952 1379 0 37 8
a 1954 1918 0 25 2
a 1954 1328 0 1 3
a 1955 1734 0 25 6
a 1955 1715 0 16 10
a 1956 1998 0 25 10
a 1956 1329 0 41 4
a 1960 186 0 25 2
a 1960 1746 0 11 7
a 1962 213 0 25 1
a 1962 1153 0 26 5
a 1963 118 0 25 6
a 1963 140 0 16 8
a 1965 1407 0 25 2
a 1965 933 0 14 6
a 1966 1087 0 25 10
a 1966 961 0 28 1
a 1968 804 0 25 1
a 1968 1173 0 45 1
a 1969 207 0 25 1
a 1969 548 0 44 7
a 1970 93 0 25 7
a 1970 491 0 40 7
a 1972 1729 0 25 6
a 1972 1611 0 19 7
a 1976 1171 0 25 4
a 1976 432 0 19 8
a 1977 1447 0 25 8
a 1977 150 0 42 8
a 1980 425 0 25 3
a 1980 1013 0 32 7
a 1983 1044 0 25 4
a 1983 949 0 20 7
a 1984 1702 0 25 5
a 1984 1292 0 12 2
a 1985 564 0 25 7
a 1985 638 0 13 5
a 1986 84 0 25 10
a 1986 1060 0 22 8
a 1987 1883 0 25 4
a 1987 1857 0 0 5
a 1988 78 0 25 6
a 1988 1261 0 32 2
a 1989 900 0 25 9
a 1989 560 0 36 7
a 1993 1900 0 25 7
a 1993 659 0 3 1
a 1995 974 0 25 2
a 1995 809 0 29 8
a 1998 1960 0 25 4
a 1998 342 0 25 5
a 2 1933 0 25 10
a 2 506 0 35 6
a 4 1823 0 25 4
a 4 377 0 1 1
a 7 1706 0 25 4
a 7 1815 0 41 1
a 9 986 0 25 5
a 9 1674 0 5 1
a 10 1338 0 25 7
a 10 866 0 38 10
a 12 508 0 25 6
a 12 1066 0 29 2
a 14 1660 0 25 10
a 14 267 0 12 5
a 25 841 0 25 7
a 25 1080 0 10 4
a 26 1471 0 25 1
a 26 1829 0 47 6
a 28 610 0 25 10
a 28 1221 0 12 6
a 30 1108 0 25 3
a 30 387 0 39 10
a 31 30 0 25 4
a 31 1816 0 19 7
a 33 1613 0 25 4
a 33 787 0 47 10
a 34 1748 0 25 2
a 34 1243 0 13 9
a 36 887 0 25 5
a 36 233 0 9 4
a 38 361 0 25 2
a 38 173 0 39 7
a 43 1320 0 25 6
a 43 444 0 3 9
a 46 110 0 25 10
a 46 754 0 29 4
a 47 1300 0 25 3
a 47 464 0 13 7
a 49 182 0 25 8
a 49 399 0 7 7
a 51 1527 0 25 9
a 51 28 0 18 1
a 52 1607 0 25 5
a 52 966 0 38 8
a 54 942 0 25 10
a 54 565 0 18 7
a 56 1347 0 25 8
a 56 1938 0 13 5
a 57 1321 0 25 10
a 57 1982 0 38 7
a 58 1830 0 25 3
a 58 871 0 30 5
a 60 1273 0 25 8
a 60 1008 0 22 9
a 61 501 0 25 9
a 61 1432 0 35 1
a 64 28 0 25 4
a 64 956 0 30 3
a 67 241 0 25 8
a 67 613 0 42 2
a 69 1690 0 25 10
a 69 1974 0 45 7
a 71 1158 0 25 10
a 71 373 0 22 3
a 77 556 0 25 1
a 77 125 0 37 3
a 79 742 0 25 7
a 79 1177 0 24 1
a 81 1094 0 25 7
a 81 1682 0 15 1
a 82 982 0 25 10
a 82 424 0 17 9
a 83 1928 0 25 1
a 83 1425 0 18 10
a 85 1007 0 25 6
a 85 558 0 22 2
a 88 814 0 25 1
a 88 556 0 22 8
a 89 802 0 25 10
a 89 1983 0 24 9
a 90 4 0 25 1
a 90 51 0 12 10
a 91 123 0 25 10
a 91 1437 0 21 2
a 96 254 0 25 6
a 96 1398 0 49 9
a 100 1085 0 25 7
a 100 1515 0 5 10
a 101 1666 0 25 1
a 101 518 0 19 2
a 102 7 0 25 3
a 102 1116 0 16 9
a 107 870 0 25 1
a 107 1184 0 19 1
a 109 1939 0 25 8
a 109 36 0 3 10
a 110 1045 0 25 4
a 110 1735 0 13 1
a 111 1035 0 25 1
a 111 205 0 6 7
a 120 739 0 25 4
a 120 789 0 30 7
a 121 779 0 25 5
a 121 1733 0 12 7
a 122 393 0 25 3
a 122 968 0 13 2
a 123 107 0 25 7
a 123 346 0 10 9
a 124 31 0 25 4
a 124 1127 0 4 4
a 125 843 0 25 4
a 125 1030 0 28 3
a 127 1164 0 25 8
a 127 1072 0 38 9
a 128 594 0 25 9
a 128 299 0 44 5
a 130 1781 0 25 3
a 130 271 0 32 6
a 131 502 0 25 2
a 131 653 0 12 8
a 133 252 0 25 9
a 133 1181 0 23 6
a 134 768 0 25 6
a 134 282 0 18 6
a 135 1455 0 25 1
a 135 1686 0 50 9
a 138 1596 0 25 2
a 138 1079 0 31 4
a 140 758 0 25 3
a 140 240 0 34 9
a 141 878 0 25 10
a 141 1706 0 33 5
a 142 722 0 25 7
a 142 1642 0 1 2
a 145 56 0 25 5
a 145 36 0 17 2
a 147 1101 0 25 9
a 147 422 0 1 7
a 149 1804 0 25 5
a 149 927 0 28 6
a 151 1759 0 25 5
a 151 1455 0 34 10
a 152 1978 0 25 8
a 152 1330 0 2 5
a 153 1536 0 25 8
a 153 1409 0 3 10
a 154 630 0 25 5
a 154 196 0 10 3
a 156 1891 0 25 6
a 156 1052 0 28 7
a 157 927 0 25 10
a 157 369 0 47 4
a 158 1202 0 25 10
a 158 649 0 46 4
a 160 447 0 25 8
a 160 106 0 6 7
a 162 717 0 25 5
a 162 1187 0 21 3
a 164 363 0 25 9
a 164 1384 0 36 6
a 165 1757 0 25 10
a 165 717 0 30 2
a 166 1425 0 25 5
a 166 50 0 6 3
a 167 46 0 25 10
a 167 1923 0 46 7
a 169 54 0 25 1
a 169 1308 0 43 2
a 172 473 0 25 3
a 172 108 0 41 6
a 173 304 0 25 5
a 173 1207 0 12 5
a 174 1957 0 25 10
a 174 924 0 50 3
a 177 1469 0 25 10
a 177 1075 0 22 3
a 178 1252 0 25 6
a 178 1644 0 47 7
a 180 1286 0 25 10
a 180 1844 0 47 5
a 181 720 0 25 1
a 181 58 0 5 5
a 182 464 0 25 9
a 182 1745 0 31 3
a 183 1771 0 25 4
a 183 1537 0 15 8
a 187 332 0 25 3
a 187 1539 0 40 1
a 188 926 0 25 6
a 188 1043 0 14 8
a 189 1727 0 25 9
a 189 796 0 30 1
a 190 60 0 25 9
a 190 1708 0 35 3
a 192 1958 0 25 4
a 192 670 0 37 3
a 193 1070 0 25 4
a 193 1594 0 48 7
a 194 1850 0 25 9
a 194 982 0 35 1
a 198 919 0 25 2
a 198 1859 0 39 10
a 199 681 0 25 7
a 199 1677 0 36 9
a 200 1461 0 25 9
a 200 16 0 31 10
a 201 1586 0 25 5
a 201 1080 0 40 6
a 203 1735 0 25 9
a 203 531 0 48 3
a 204 1649 0 25 9
a 204 802 0 40 1
a 206 125 0 25 4
a 206 1438 0 34 4
a 210 1750 0 25 1
a 210 1241 0 43 9
a 211 738 0 25 1
a 211 585 0 48 9
a 214 1628 0 25 2
a 214 1869 0 3 6
a 217 582 0 25 6
a 217 868 0 49 7
a 218 1770 0 25 4
a 218 814 0 2 9
a 219 1927 0 25 5
a 219 473 0 14 9
a 220 307 0 25 7
a 220 1682 0 43 5
a 221 1601 0 25 8
a 221 1992 0 9 1
a 222 674 0 25 4
a 222 576 0 19 7
a 223 1299 0 25 1
a 223 242 0 38 8
a 224 1658 0 25 2
a 224 1751 0 11 5
a 225 963 0 25 4
a 225 628 0 31 2
a 226 79 0 25 7
a 226 1844 0 47 5
a 227 203 0 25 7
a 227 493 0 48 6
a 229 1470 0 25 1
a 229 134 0 33 8
a 231 233 0 25 8
a 231 1130 0 42 8
a 232 1504 0 25 9
a 232 50 0 31 3
a 233 1465 0 25 9
a 233 449 0 19 10
a 234 1506 0 25 7
a 234 500 0 15 10
a 235 1140 0 25 8
a 235 1912 0 41 4
a 236 775 0 25 3
a 236 353 0 3 5
a 237 1074 0 25 8
a 237 1997 0 0 6
a 238 1942 0 25 7
a 238 305 0 49 4
a 241 224 0 25 5
a 241 53 0 39 6
a 244 1959 0 25 7
a 244 772 0 26 2
a 246 1335 0 25 7
a 246 393 0 17 1
a 247 299 0 25 6
a 247 787 0 17 7
a 249 465 0 25 8
a 249 755 0 29 5
a 251 1176 0 25 1
a 251 500 0 25 10
a 252 842 0 25 5
a 252 1238 0 0 5
a 254 591 0 25 1
a 254 730 0 1 10
a 255 38 0 25 9
a 255 885 0 24 9
a 258 100 0 25 8
a 258 1920 0 22 2
a 259 1159 0 25 5
a 259 402 0 27 1
a 263 88 0 25 1
a 263 1171 0 50 6
a 265 413 0 25 2
a 265 1843 0 21 4
a 269 381 0 25 10
a 269 1791 0 0 5
a 271 431 0 25 4
a 271 317 0 40 2
a 272 1071 0 25 4
a 272 1617 0 18 1
a 273 51 0 25 6
a 273 158 0 21 5
a 274 1657 0 25 1
a 274 1873 0 3 9
a 277 282 0 25 3
a 277 4 0 47 3
a 278 565 0 25 5
a 278 352 0 4 1
a 280 1865 0 25 8
a 280 432 0 45 4
a 281 255 0 25 2
a 281 1521 0 22 4
a 282 1896 0 25 5
a 282 581 0 46 1
a 283 1797 0 25 7
a 283 1289 0 10 7
a 285 1762 0 25 10
a 285 625 0 43 10
a 289 211 0 25 9
a 289 1630 0 1 6
a 290 1154 0 25 7
a 290 1618 0 18 6
a 292 1572 0 25 1
a 292 1046 0 17 8
a 294 225 0 25 9
a 294 1677 0 14 2
a 297 917 0 25 5
a 297 1349 0 16 3
a 299 158 0 25 3
a 299 188 0 41 7
a 302 1230 0 25 3
a 302 705 0 46 4
a 304 1584 0 25 4
a 304 262 0 46 6
a 305 1388 0 25 4
a 305 432 0 20 6
a 307 862 0 25 5
a 307 689 0 42 6
a 309 1839 0 25 9
a 309 1811 0 4 1
a 311 1107 0 25 3
a 311 1763 0 6 6
a 312 1263 0 25 2
a 312 14 0 22 2
a 316 269 0 25 4
a 316 1426 0 13 9
a 319 1964 0 25 3
a 319 782 0 32 8
a 321 82 0 25 8
a 321 1279 0 17 9
a 322 173 0 25 9
a 322 798 0 40 5
a 323 835 0 25 7
a 323 1716 0 2 5
a 325 183 0 25 1
a 325 401 0 19 10
a 327 1089 0 25 7
a 327 1184 0 39 7
a 331 1967 0 25 2
a 331 482 0 21 10
a 332 1069 0 25 2
a 332 1375 0 8 6
a 336 434 0 25 8
a 336 691 0 3 5
a 341 588 0 25 3
a 341 849 0 11 1
a 342 505 0 25 5
a 342 1241 0 28 2
a 344 1728 0 25 3
a 344 1732 0 48 3
a 345 1053 0 25 1
a 345 1490 0 19 6
a 346 1634 0 25 9
a 346 1270 0 35 9
a 347 401 0 25 1
a 347 1889 0 0 3
a 351 1509 0 25 3
a 351 1061 0 2 8
a 356 1141 0 25 10
a 356 1526 0 12 9
a 358 236 0 25 8
a 358 1819 0 40 10
a 359 951 0 25 4
a 359 492 0 25 4
a 360 364 0 25 5
a 360 1260 0 36 10
a 361 1778 0 25 5
a 361 785 0 27 1
a 362 1907 0 25 2
a 362 538 0 13 10
a 363 572 0 25 1
a 363 513 0 30 1
a 364 1494 0 25 4
a 364 1824 0 10 9
a 366 709 0 25 8
a 366 1989 0 27 9
a 376 9 0 25 3
a 376 1235 0 14 6
a 377 528 0 25 9
a 377 1587 0 25 4
a 379 1633 0 25 10
a 379 1172 0 24 9
a 381 584 0 25 5
a 381 1720 0 24 2
a 384 61 0 25 4
a 384 1175 0 9 4
a 385 1022 0 25 2
a 385 1233 0 37 10
a 388 1340 0 25 5
a 388 134 0 19 10
a 390 77 0 25 8
a 390 114 0 50 10
a 393 181 0 25 1
a 393 919 0 2 5
a 394 1357 0 25 8
a 394 480 0 20 2
a 395 1366 0 25 3
a 395 1387 0 2 9
a 396 289 0 25 8
a 396 374 0 8 4
a 397 1619 0 25 6
a 397 437 0 10 7
a 399 180 0 25 5
a 399 608 0 34 1
a 401 1599 0 25 10
a 401 1277 0 22 2
a 403 1622 0 25 6
a 403 1340 0 45 8
a 413 943 0 25 1
a 413 182 0 26 7
a 415 1852 0 25 10
a 415 362 0 46 7
a 416 1112 0 25 1
a 416 466 0 13 4
a 418 249 0 25 4
a 418 1388 0 30 1
a 420 949 0 25 4
a 420 1923 0 3 6
a 427 834 0 25 9
a 427 974 0 48 8
a 430 482 0 25 1
a 430 1530 0 42 6
a 431 1561 0 25 3
a 431 301 0 34 9
a 434 1201 0 25 2
a 434 507 0 7 3
a 437 1073 0 25 7
a 437 1543 0 18 3
a 439 808 0 25 9
a 439 1886 0 41 2
a 440 1700 0 25 5
a 440 331 0 50 9
a 441 1783 0 25 2
a 441 793 0 3 5
a 445 1898 0 25 7
a 445 888 0 10 5
a 446 599 0 25 8
a 446 183 0 33 7
a 447 1806 0 25 9
a 447 271 0 24 7
a 448 1856 0 25 10
a 448 817 0 22 3
a 449 285 0 25 10
a 449 1738 0 34 8
a 450 247 0 25 7
a 450 325 0 37 6
a 453 754 0 25 2
a 453 286 0 27 3
a 457 193 0 25 2
a 457 1769 0 43 1
a 458 763 0 25 7
a 458 585 0 31 8
a 459 634 0 25 3
a 459 160 0 32 9
a 460 134 0 25 2
a 460 958 0 50 6
a 464 1859 0 25 10
a 464 1331 0 22 9
a 465 377 0 25 3
a 465 413 0 21 3
a 467 1999 0 25 10
a 467 1669 0 33 1
a 468 69 0 25 6
a 468 1554 0 9 6
a 473 959 0 25 7
a 473 545 0 7 5
a 476 1132 0 25 7
a 476 289 0 48 5
a 479 1051 0 25 1
a 479 1059 0 0 1
a 480 782 0 25 10
a 480 1076 0 50 8
a 482 561 0 25 9
a 482 1351 0 37 1
a 483 1719 0 25 5
a 483 693 0 44 3
a 484 145 0 25 4
a 484 1072 0 0 6
a 485 725 0 25 10
a 485 953 0 40 9
a 486 1364 0 25 4
a 486 546 0 45 1
a 490 640 0 25 7
a 490 1394 0 45 7
a 491 1881 0 25 6
a 491 294 0 24 3
a 494 1886 0 25 8
a 494 213 0 26 3
a 498 1099 0 25 1
a 498 1471 0 36 7
a 501 309 0 25 1
a 501 982 0 20 1
a 502 998 0 25 8
a 502 617 0 32 2
a 503 895 0 25 3
a 503 480 0 0 10
a 505 858 0 25 6
a 505 36 0 13 6
a 506 1060 0 25 2
a 506 1876 0 50 4
a 508 1014 0 25 9
a 508 444 0 6 1
a 509 1134 0 25 7
a 509 770 0 7 9
a 511 960 0 25 3
a 511 1268 0 0 7
a 512 1269 0 25 7
a 512 155 0 50 8
a 515 102 0 25 5
a 515 1825 0 41 5
a 516 1973 0 25 3
a 516 1399 0 33 1
a 521 1691 0 25 4
a 521 64 0 21 2
a 522 154 0 25 2
a 522 1883 0 23 8
a 523 936 0 25 5
a 523 1447 0 49 1
a 524 321 0 25 4
a 524 746 0 14 3
a 527 1535 0 25 3
a 527 1983 0 50 7
a 528 359 0 25 1
a 528 1288 0 25 2
a 530 1816 0 25 9
a 530 937 0 32 4
a 537 1671 0 25 7
a 537 283 0 4 4
a 538 1578 0 25 10
a 538 1234 0 7 6
a 543 560 0 25 8
a 543 1524 0 1 2
a 546 1298 0 25 8
a 546 839 0 13 1
a 548 281 0 25 8
a 548 957 0 24 2
a 552 1971 0 25 6
a 552 371 0 47 6
a 554 1800 0 25 7
a 554 1739 0 20 6
a 555 578 0 25 10
a 555 96 0 16 7
a 556 83 0 25 4
a 556 1854 0 21 6
a 557 385 0 25 9
a 557 259 0 47 5
a 560 1677 0 25 8
a 560 1166 0 20 6
a 561 131 0 25 4
a 561 1911 0 48 6
a 563 1208 0 25 9
a 563 1418 0 48 1
a 565 1673 0 25 8
a 565 110 0 49 2
a 566 1100 0 25 2
a 566 717 0 9 1
a 567 1392 0 25 10
a 567 1969 0 30 9
a 568 524 0 25 10
a 568 641 0 33 7
a 570 1056 0 25 6
a 570 1553 0 1 9
a 572 1008 0 25 10
a 572 1559 0 7 2
a 575 1620 0 25 8
a 575 1301 0 42 9
a 576 147 0 25 4
a 576 572 0 1 7
a 578 1687 0 25 2
a 578 17 0 17 5
a 582 1618 0 25 1
a 582 348 0 11 5
a 583 199 0 25 9
a 583 1474 0 45 9
a 584 188 0 25 4
a 584 83 0 2 9
a 585 612 0 25 10
a 585 442 0 46 2
a 587 1695 0 25 5
a 587 1171 0 39 5
a 588 991 0 25 1
a 588 400 0 17 6
a 591 234 0 25 2
a 591 1729 0 8 6
a 593 1348 0 25 4
a 593 1355 0 12 10
a 594 1047 0 25 7
a 594 170 0 19 8
a 596 1148 0 25 6
a 596 479 0 16 1
a 597 1913 0 25 6
a 597 632 0 46 1
a 598 934 0 25 10
a 598 947 0 45 5
a 599 1571 0 25 4
a 599 1488 0 42 4
a 601 1233 0 25 3
a 601 1136 0 18 8
a 602 1990 0 25 6
a 602 521 0 16 8
a 604 910 0 25 7
a 604 1681 0 26 2
a 606 642 0 25 2
a 606 1085 0 11 10
a 607 336 0 25 4
a 607 1729 0 5 6
a 610 587 0 25 8
a 610 1409 0 9 5
a 612 192 0 25 5
a 612 815 0 0 1
a 614 1482 0 25 4
a 614 898 0 44 6
a 615 178 0 25 1
a 615 1913 0 0 8
a 618 135 0 25 9
a 618 835 0 14 10
a 620 483 0 25 7
a 620 1622 0 32 5
a 621 1693 0 25 6
a 621 776 0 4 3
a 623 1280 0 25 6
a 623 1998 0 33 8
a 625 1529 0 25 9
a 625 626 0 18 5
a 627 604 0 25 10
a 627 791 0 18 7
a 628 1946 0 25 8
a 628 1075 0 40 3
a 630 342 0 25 1
a 630 1785 0 19 7
a 631 290 0 25 5
a 631 593 0 15 4
a 632 1449 0 25 6
a 632 1019 0 8 6
a 633 1138 0 25 7
a 633 818 0 31 10
a 634 552 0 25 7
a 634 1713 0 19 7
a 637 1763 0 25 10
a 637 393 0 22 3
a 640 1793 0 25 2
a 640 777 0 35 1
a 642 1590 0 25 1
a 642 660 0 13 5
a 644 633 0 25 5
a 644 1282 0 25 8
a 647 1566 0 25 9
a 647 11 0 17 4
a 649 491 0 25 10
a 649 189 0 45 2
a 650 721 0 25 5
a 650 530 0 30 5
a 655 1647 0 25 10
a 655 513 0 7 10
a 657 935 0 25 2
a 657 784 0 50 3
a 658 840 0 25 1
a 658 1867 0 25 7
a 659 1548 0 25 3
a 659 517 0 3 8
a 660 658 0 25 6
a 660 138 0 37 3
a 662 223 0 25 6
a 662 2000 0 30 1
a 663 527 0 25 8
a 663 1275 0 43 8
a 665 1755 0 25 7
a 665 125 0 10 7
a 667 1828 0 25 8
a 667 264 0 28 6
a 669 1979 0 25 5
a 669 1340 0 14 5
a 671 1317 0 25 4
a 671 195 0 44 5
a 673 1111 0 25 4
a 673 654 0 45 10
a 674 699 0 25 7
a 674 1482 0 23 3
a 677 346 0 25 1
a 677 1691 0 4 2
a 678 568 0 25 9
a 678 1676 0 25 7
a 679 1981 0 25 8
a 679 12 0 5 4
a 680 1478 0 25 7
a 680 1711 0 28 1
a 681 1802 0 25 4
a 681 995 0 40 10
a 682 1355 0 25 8
a 682 990 0 45 9
a 683 1844 0 25 5
a 683 1966 0 43 2
a 684 1222 0 25 3
a 684 240 0 13 7
a 685 1110 0 25 2
a 685 973 0 29 8
a 686 2000 0 25 8
a 686 1385 0 25 9
a 687 1892 0 25 9
a 687 214 0 4 7
a 694 1789 0 25 1
a 694 1936 0 25 7
a 697 1440 0 25 8
a 697 1814 0 44 1
a 699 1594 0 25 5
a 699 671 0 47 2
a 700 1373 0 25 10
a 700 121 0 4 8
a 705 1308 0 25 9
a 705 1162 0 40 2
a 707 1539 0 25 10
a 707 153 0 37 7
a 708 187 0 25 5
a 708 351 0 18 10
a 709 707 0 25 2
a 709 1270 0 16 4
a 710 1271 0 25 5
a 710 881 0 43 10
a 714 128 0 25 7
a 714 1388 0 28 3
a 717 1254 0 25 8
a 717 973 0 11 7
a 718 1949 0 25 2
a 718 1219 0 18 5
a 719 778 0 25 3
a 719 81 0 7 1
a 720 736 0 25 6
a 720 369 0 11 3
a 721 1609 0 25 5
a 721 1796 0 8 2
a 722 1206 0 25 6
a 722 164 0 16 8
a 723 85 0 25 6
a 723 1403 0 15 8
a 725 1488 0 25 9
a 725 1706 0 36 6
a 728 394 0 25 7
a 728 649 0 15 2
a 729 1118 0 25 5
a 729 1533 0 47 9
a 731 1606 0 25 9
a 731 1308 0 1 7
a 732 1583 0 25 2
a 732 345 0 46 4
a 733 109 0 25 10
a 733 1145 0 47 6
a 736 1344 0 25 10
a 736 380 0 28 5
a 738 663 0 25 6
a 738 1865 0 27 3
a 739 1116 0 25 6
a 739 490 0 5 7
a 740 859 0 25 7
a 740 982 0 15 3
a 742 1103 0 25 4
a 742 975 0 5 1
a 743 206 0 25 6
a 743 142 0 26 9
a 745 1194 0 25 2
a 745 103 0 39 4
a 753 160 0 25 10
a 753 187 0 23 7
a 754 596 0 25 10
a 754 668 0 7 6
a 756 1611 0 25 2
a 756 87 0 46 2
a 758 647 0 25 7
a 758 1499 0 47 1
a 759 719 0 25 10
a 759 1135 0 18 10
a 761 416 0 25 2
a 761 1637 0 23 1
a 762 929 0 25 4
a 762 1206 0 42 4
a 763 1493 0 25 7
a 763 500 0 14 6
a 764 1253 0 25 5
a 764 909 0 42 10
a 765 762 0 25 3
a 765 730 0 17 1
a 768 1854 0 25 4
a 768 689 0 0 2
a 769 152 0 25 10
a 769 1923 0 13 7
a 772 1731 0 25 7
a 772 792 0 19 8
a 773 860 0 25 2
a 773 1323 0 22 7
a 775 1002 0 25 6
a 775 1514 0 17 10
a 776 1028 0 25 2
a 776 1318 0 11 9
a 778 1776 0 25 4
a 778 437 0 23 1
a 779 1542 0 25 1
a 779 858 0 0 10
a 781 1367 0 25 1
a 781 783 0 42 6
a 782 347 0 25 7
a 782 1974 0 6 3
a 785 708 0 25 3
a 785 1947 0 20 8
a 788 302 0 25 1
a 788 293 0 43 7
a 790 759 0 25 4
a 790 1189 0 3 10
a 792 516 0 25 7
a 792 721 0 9 3
a 793 981 0 25 8
a 793 802 0 39 9
a 801 1333 0 25 2
a 801 1189 0 6 10
a 802 1209 0 25 10
a 802 8 0 35 6
a 808 1377 0 25 10
a 808 1257 0 19 5
a 811 459 0 25 6
a 811 1671 0 15 8
a 812 1486 0 25 10
a 812 1974 0 49 6
a 814 1665 0 25 7
a 814 1543 0 29 6
a 816 790 0 25 6
a 816 408 0 29 3
a 818 1443 0 25 4
a 818 1141 0 44 2
a 819 189 0 25 8
a 819 1930 0 27 3
a 824 718 0 25 2
a 824 863 0 48 8
a 826 1765 0 25 5
a 826 1145 0 26 9
a 827 598 0 25 3
a 827 24 0 27 5
a 829 142 0 25 1
a 829 1468 0 18 3
a 832 1626 0 25 8
a 832 6 0 44 4
a 834 1293 0 25 4
a 834 1684 0 7 1
a 835 1603 0 25 2
a 835 1135 0 50 10
a 839 1189 0 25 2
a 839 1145 0 19 3
a 840 851 0 25 8
a 840 1553 0 12 6
a 841 671 0 25 10
a 841 179 0 26 9
a 842 169 0 25 9
a 842 1598 0 44 1
a 843 660 0 25 4
a 843 626 0 11 4
a 851 1616 0 25 10
a 851 1520 0 45 1
a 853 667 0 25 6
a 853 1233 0 1 4
a 855 907 0 25 1
a 855 621 0 40 6
a 856 1033 0 25 4
a 856 1693 0 7 4
a 858 258 0 25 4
a 858 1606 0 22 10
a 859 1608 0 25 7
a 859 1214 0 37 4
a 860 631 0 25 4
a 860 1168 0 50 8
a 861 1920 0 25 1
a 861 331 0 49 1
a 862 856 0 25 1
a 862 1229 0 6 7
a 865 1742 0 25 3
a 865 1511 0 29 8
a 869 1681 0 25 8
a 869 115 0 44 7
a 870 914 0 25 10
a 870 1345 0 42 3
a 872 204 0 25 9
a 872 1617 0 25 5
a 876 395 0 25 2
a 876 567 0 2 8
a 878 644 0 25 8
a 878 1615 0 11 7
a 883 26 0 25 4
a 883 653 0 9 3
a 884 576 0 25 2
a 884 16 0 18 9
a 885 427 0 25 6
a 885 1683 0 36 3
a 887 1703 0 25 5
a 887 512 0 19 2
a 888 1346 0 25 3
a 888 443 0 35 1
a 895 1180 0 25 10
a 895 541 0 49 4
a 896 1668 0 25 4
a 896 350 0 48 7
a 897 235 0 25 5
a 897 1686 0 15 6
a 903 764 0 25 7
a 903 530 0 6 1
a 906 1546 0 25 2
a 906 1350 0 47 2
a 907 1625 0 25 2
a 907 150 0 37 6
a 909 1149 0 25 9
a 909 1522 0 32 9
a 910 1475 0 25 2
a 910 1202 0 38 9
a 913 36 0 25 6
a 913 427 0 26 9
a 914 1756 0 25 7
a 914 1493 0 43 6
a 917 172 0 25 7
a 917 1807 0 16 2
a 918 1147 0 25 6
a 918 1763 0 24 2
a 919 1005 0 25 9
a 919 968 0 12 7
a 920 995 0 25 7
a 920 1418 0 43 2
a 922 1019 0 25 8
a 922 802 0 41 9
a 926 1445 0 25 10
a 926 981 0 4 7
a 927 683 0 25 2
a 927 390 0 44 9
a 929 47 0 25 6
a 929 1383 0 31 10
a 930 379 0 25 4
a 930 550 0 9 9
a 934 1858 0 25 7
a 934 1978 0 35 3
a 935 781 0 25 1
a 935 1645 0 34 6
a 936 876 0 25 2
a 936 870 0 29 2
a 938 1514 0 25 6
a 938 1601 0 40 8
a 939 812 0 25 3
a 939 887 0 39 5
a 942 1627 0 25 3
a 942 1914 0 46 3
a 943 1150 0 25 3
a 943 274 0 48 8
a 944 358 0 25 5
a 944 639 0 16 2
a 945 743 0 25 3
a 945 1879 0 45 5
a 949 1331 0 25 7
a 949 865 0 12 1
a 951 546 0 25 7
a 951 1737 0 38 3
a 959 494 0 25 2
a 959 1692 0 32 9
a 960 64 0 25 3
a 960 974 0 41 3
a 963 1704 0 25 5
a 963 971 0 24 4
a 975 1198 0 25 10
a 975 735 0 31 2
a 976 1732 0 25 7
a 976 763 0 11 1
a 977 1160 0 25 1
a 977 1339 0 9 3
a 981 1751 0 25 7
a 981 1520 0 25 5
a 982 120 0 25 10
a 982 1105 0 8 6
a 986 1684 0 25 9
a 986 679 0 12 9
a 991 277 0 25 4
a 991 1669 0 15 4
a 995 872 0 25 8
a 995 1528 0 38 4
a 996 1562 0 25 9
a 996 1442 0 47 6
a 998 637 0 25 10
a 998 1468 0 17 10
a 1002 292 0 25 9
a 1002 1631 0 43 6
a 1005 538 0 25 9
a 1005 447 0 43 2
a 1007 511 0 25 3
a 1007 1199 0 46 3
a 1008 1521 0 25 5
a 1008 334 0 30 4
a 1009 121 0 25 9
a 1009 1074 0 47 9
a 1010 1068 0 25 2
a 1010 473 0 31 7
a 1014 1165 0 25 6
a 1014 355 0 33 5
a 1019 1349 0 25 3
a 1019 541 0 37 8
a 1020 1275 0 25 2
a 1020 1737 0 45 10
a 1022 811 0 25 8
a 1022 366 0 15 4
a 1028 453 0 25 2
a 1028 527 0 42 7
a 1031 1588 0 25 6
a 1031 1826 0 5 10
a 1032 1688 0 25 8
a 1032 1256 0 12 6
a 1033 728 0 25 10
a 1033 313 0 17 5
a 1034 1067 0 25 7
a 1034 1469 0 23 8
a 1035 138 0 25 8
a 1035 890 0 21 1
a 1042 122 0 25 8
a 1042 585 0 21 2
a 1045 1997 0 25 10
a 1045 472 0 40 3
a 1046 1654 0 25 1
a 1046 697 0 27 2
a 1047 1643 0 25 10
a 1047 1557 0 34 8
a 1048 816 0 25 7
a 1048 1845 0 2 8
a 1051 657 0 25 3
a 1051 908 0 31 3
a 1053 1192 0 25 10
a 1053 1555 0 9 1
a 1056 903 0 25 6
a 1056 1339 0 31 4
a 1060 522 0 25 2
a 1060 336 0 31 2
a 1062 1697 0 25 10
a 1062 941 0 45 3
a 1067 327 0 25 1
a 1067 557 0 6 7
a 1068 884 0 25 3
a 1068 1743 0 6 7
a 1069 157 0 25 2
a 1069 1492 0 14 3
a 1070 1196 0 25 10
a 1070 420 0 49 4
a 1071 1031 0 25 5
a 1071 755 0 5 8
a 1072 632 0 25 10
a 1072 1484 0 4 1
a 1073 1656 0 25 1
a 1073 118 0 17 8
a 1074 265 0 25 10
a 1074 1488 0 23 7
a 1077 865 0 25 5
a 1077 584 0 45 5
a 1080 662 0 25 9
a 1080 600 0 15 9
a 1084 1717 0 25 1
a 1084 717 0 25 8
a 1085 1133 0 25 8
a 1085 1144 0 19 4
a 1086 548 0 25 4
a 1086 1367 0 0 7
a 1089 687 0 25 2
a 1089 1624 0 43 6
a 1090 1476 0 25 7
a 1090 1842 0 22 9
a 1094 430 0 25 5
a 1094 213 0 26 5
a 1096 1262 0 25 3
a 1096 831 0 19 3
a 1099 1250 0 25 2
a 1099 762 0 42 3
a 1100 1882 0 25 4
a 1100 814 0 44 7
a 1101 52 0 25 5
a 1101 1191 0 9 5
a 1103 111 0 25 6
a 1103 108 0 34 6
a 1104 678 0 25 4
a 1104 1514 0 38 4
a 1107 765 0 25 5
a 1107 778 0 17 6
a 1108 1104 0 25 2
a 1108 1994 0 36 4
a 1110 659 0 25 1
a 1110 1345 0 16 4
a 1111 1769 0 25 5
a 1111 1830 0 30 6
a 1112 220 0 25 5
a 1112 483 0 20 9
a 1116 388 0 25 4
a 1116 689 0 39 1
a 1117 1685 0 25 7
a 1117 1662 0 29 5
a 1118 165 0 25 9
a 1118 1962 0 45 2
a 1120 1869 0 25 5
a 1120 1727 0 23 9
a 1126 792 0 25 1
a 1126 1105 0 49 2
a 1127 509 0 25 6
a 1127 856 0 23 5
a 1129 732 0 25 2
a 1129 627 0 23 8
a 1131 418 0 25 7
a 1131 1448 0 18 6
a 1132 167 0 25 5
a 1132 1636 0 29 9
a 1133 1738 0 25 6
a 1133 1378 0 41 9
a 1134 1680 0 25 9
a 1134 927 0 2 8
a 1136 1162 0 25 6
a 1136 465 0 26 1
a 1138 1432 0 25 2
a 1138 1572 0 36 4
a 1139 420 0 25 9
a 1139 1181 0 25 8
a 1140 57 0 25 7
a 1140 840 0 38 3
a 1141 650 0 25 1
a 1141 734 0 2 5
a 1143 729 0 25 3
a 1143 1584 0 43 9
a 1146 1323 0 25 1
a 1146 790 0 38 5
a 1147 772 0 25 9
a 1147 914 0 1 6
a 1148 1168 0 25 10
a 1148 210 0 19 5
a 1149 621 0 25 7
a 1149 475 0 10 1
a 1150 1640 0 25 7
a 1150 1322 0 3 1
a 1151 1699 0 25 7
a 1151 1525 0 16 7
a 1154 1630 0 25 1
a 1154 368 0 39 3
a 1157 1351 0 25 1
a 1157 233 0 46 10
a 1158 1427 0 25 9
a 1158 1078 0 18 6
a 1159 1857 0 25 10
a 1159 1301 0 12 2
a 1160 503 0 25 8
a 1160 1304 0 50 5
a 1162 1020 0 25 3
a 1162 426 0 19 10
a 1164 366 0 25 5
a 1164 1971 0 10 6
a 1165 1080 0 25 6
a 1165 1960 0 48 4
a 1166 920 0 25 3
a 1166 1936 0 29 9
a 1168 1090 0 25 5
a 1168 1926 0 0 4
a 1169 190 0 25 7
a 1169 402 0 3 6
a 1176 351 0 25 10
a 1176 1261 0 44 1
a 1180 238 0 25 3
a 1180 1919 0 14 2
a 1188 1639 0 25 1
a 1188 923 0 37 6
a 1189 855 0 25 1
a 1189 1767 0 13 4
a 1192 723 0 25 9
a 1192 1862 0 9 3
a 1194 360 0 25 5
a 1194 205 0 48 6
a 1196 274 0 25 9
a 1196 1920 0 1 10
a 1197 399 0 25 9
a 1197 496 0 4 10
a 1198 1151 0 25 9
a 1198 965 0 27 4
a 1200 1243 0 25 9
a 1200 810 0 18 4
a 1201 1617 0 25 4
a 1201 1954 0 16 4
a 1202 1902 0 25 9
a 1202 1072 0 23 10
a 1203 1745 0 25 6
a 1203 693 0 38 1
a 1205 1492 0 25 10
a 1205 1720 0 11 8
a 1206 89 0 25 4
a 1206 877 0 23 2
a 1208 237 0 25 9
a 1208 675 0 27 1
a 1209 818 0 25 8
a 1209 1817 0 37 1
a 1212 1084 0 25 8
a 1212 156 0 0 10
a 1214 1483 0 25 4
a 1214 184 0 47 5
a 1215 1034 0 25 8
a 1215 1720 0 41 10
a 1216 682 0 25 7
a 1216 538 0 0 4
a 1221 194 0 25 5
a 1221 1927 0 50 7
a 1222 1117 0 25 10
a 1222 1315 0 32 6
a 1225 897 0 25 2
a 1225 778 0 13 4
a 1227 140 0 25 3
a 1227 1622 0 27 6
a 1228 1352 0 25 4
a 1228 386 0 18 8
a 1229 829 0 25 3
a 1229 1053 0 39 9
a 1230 96 0 25 6
a 1230 696 0 43 10
a 1231 1197 0 25 5
a 1231 716 0 16 3
a 1233 776 0 25 9
a 1233 1934 0 44 9
a 1234 484 0 25 9
a 1234 1593 0 32 8
a 1243 819 0 25 6
a 1243 1617 0 31 5
a 1248 1644 0 25 3
a 1248 353 0 16 9
a 1250 824 0 25 10
a 1250 1359 0 7 5
a 1252 1764 0 25 5
a 1252 343 0 0 4
a 1253 1897 0 25 3
a 1253 1401 0 35 3
a 1254 1214 0 25 2
a 1254 1134 0 25 7
a 1257 344 0 25 3
a 1257 1405 0 25 5
a 1261 441 0 25 4
a 1261 368 0 50 8
a 1262 325 0 25 7
a 1262 747 0 16 5
a 1263 14 0 25 3
a 1263 523 0 49 2
a 1266 1417 0 25 10
a 1266 1647 0 33 3
a 1267 1532 0 25 5
a 1267 1007 0 5 1
a 1268 977 0 25 3
a 1268 277 0 37 3
a 1269 773 0 25 1
a 1269 828 0 16 2
a 1271 1086 0 25 6
a 1271 451 0 38 3
a 1272 246 0 25 7
a 1272 941 0 49 6
a 1273 853 0 25 5
a 1273 1714 0 46 1
a 1275 226 0 25 3
a 1275 941 0 46 4
a 1276 1394 0 25 3
a 1276 501 0 18 1
a 1278 71 0 25 7
a 1278 1846 0 16 3
a 1280 1227 0 25 3
a 1280 1186 0 39 10
a 1286 1436 0 25 5
a 1286 709 0 42 6
a 1293 174 0 25 8
a 1293 499 0 49 7
a 1295 745 0 25 7
a 1295 5 0 39 7
a 1297 1136 0 25 3
a 1297 1214 0 23 7
a 1298 133 0 25 7
a 1298 1747 0 10 6
a 1299 1332 0 25 10
a 1299 1112 0 31 8
a 1300 827 0 25 4
a 1300 1213 0 11 3
a 1301 1836 0 25 8
a 1301 1205 0 49 1
a 1308 450 0 25 8
a 1308 1105 0 0 5
a 1312 1940 0 25 8
a 1312 330 0 46 8
a 1315 785 0 25 8
a 1315 56 0 21 10
a 1317 1221 0 25 5
a 1317 1690 0 10 1
a 1320 1833 0 25 9
a 1320 299 0 8 6
a 1321 700 0 25 1
a 1321 1808 0 36 7
a 1323 1829 0 25 6
a 1323 733 0 36 1
a 1324 446 0 25 3
a 1324 1367 0 30 7
a 1325 1991 0 25 1
a 1325 658 0 42 4
a 1327 554 0 25 8
a 1327 890 0 29 2
a 1331 944 0 25 4
a 1331 770 0 48 4
a 1332 498 0 25 6
a 1332 1258 0 26 5
a 1333 669 0 25 1
a 1333 1400 0 30 9
a 1335 1934 0 25 3
a 1335 1946 0 34 6
a 1338 1754 0 25 5
a 1338 641 0 2 10
a 1340 222 0 25 4
a 1340 1779 0 36 3
a 1341 570 0 25 2
a 1341 698 0 23 1
a 1344 1866 0 25 9
a 1344 1772 0 36 10
a 1346 12 0 25 1
a 1346 768 0 20 10
a 1347 1200 0 25 2
a 1347 1755 0 6 1
a 1348 1231 0 25 10
a 1348 827 0 43 2
a 1349 1508 0 25 4
a 1349 881 0 10 8
a 1351 1062 0 25 8
a 1351 1350 0 4 3
a 1352 788 0 25 4
a 1352 948 0 2 3
a 1354 1921 0 25 10
a 1354 1371 0 46 6
a 1355 623 0 25 10
a 1355 668 0 45 5
a 1357 1598 0 25 7
a 1357 1464 0 40 5
a 1362 460 0 25 2
a 1362 1046 0 18 8
a 1364 1009 0 25 3
a 1364 1744 0 17 6
a 1366 1855 0 25 1
a 1366 523 0 37 6
a 1367 673 0 25 1
a 1367 145 0 23 7
a 1373 1631 0 25 10
a 1373 424 0 37 1
a 1374 1519 0 25 6
a 1374 278 0 28 8
a 1377 938 0 25 8
a 1377 518 0 18 1
a 1378 1712 0 25 1
a 1378 32 0 1 8
a 1380 733 0 25 10
a 1380 510 0 42 1
a 1381 164 0 25 5
a 1381 1831 0 35 8
a 1382 679 0 25 4
a 1382 1516 0 40 8
a 1385 141 0 25 10
a 1385 1329 0 11 1
a 1388 1994 0 25 10
a 1388 726 0 13 4
a 1392 130 0 25 10
a 1392 1488 0 46 8
a 1394 1374 0 25 6
a 1394 788 0 29 1
a 1396 1413 0 25 1
a 1396 1650 0 45 1
a 1398 232 0 25 5
a 1398 1128 0 35 10
a 1399 567 0 25 9
a 1399 1840 0 39 1
a 1402 312 0 25 10
a 1402 1648 0 0 10
a 1403 10 0 25 4
a 1403 1435 0 37 2
a 1405 1879 0 25 7
a 1405 1098 0 6 1
a 1413 1524 0 25 1
a 1413 1255 0 12 2
a 1416 883 0 25 1
a 1416 110 0 33 9
a 1417 1505 0 25 8
a 1417 1544 0 34 3
a 1419 1402 0 25 10
a 1419 1543 0 24 8
a 1422 362 0 25 3
a 1422 912 0 45 4
a 1425 1261 0 25 4
a 1425 1101 0 39 4
a 1427 437 0 25 5
a 1427 1187 0 37 9
a 1428 649 0 25 9
a 1428 844 0 1 1
a 1432 331 0 25 9
a 1432 249 0 40 9
a 1435 1042 0 25 1
a 1435 1337 0 32 6
a 1436 563 0 25 6
a 1436 1279 0 49 6
a 1437 1577 0 25 4
a 1437 1168 0 25 6
a 1439 1941 0 25 6
a 1439 1088 0 27 9
a 1440 1974 0 25 2
a 1440 1007 0 42 8
a 1443 149 0 25 3
a 1443 1704 0 21 8
a 1445 1228 0 25 8
a 1445 562 0 48 4
a 1449 1648 0 25 3
a 1449 394 0 25 5
a 1455 714 0 25 1
a 1455 1495 0 37 6
a 1457 101 0 25 5
a 1457 1176 0 19 7
a 1458 1749 0 25 1
a 1458 481 0 31 5
a 1461 271 0 25 3
a 1461 1567 0 50 1
a 1464 515 0 25 9
a 1464 1554 0 32 6
a 1465 607 0 25 2
a 1465 539 0 45 10
a 1466 1327 0 25 10
a 1466 243 0 19 4
a 1467 449 0 25 7
a 1467 791 0 50 7
a 1468 1399 0 25 4
a 1468 651 0 40 7
a 1469 1422 0 25 7
a 1469 668 0 28 6
a 1470 665 0 25 9
a 1470 1567 0 39 4
a 1471 151 0 25 7
a 1471 758 0 11 9
a 1475 918 0 25 7
a 1475 220 0 4 6
a 1476 91 0 25 6
a 1476 731 0 45 5
a 1478 1131 0 25 6
a 1478 482 0 34 10
a 1479 1468 0 25 7
a 1479 1179 0 14 9
a 1480 356 0 25 1
a 1480 1105 0 1 2
a 1481 593 0 25 8
a 1481 508 0 13 3
a 1482 1381 0 25 3
a 1482 637 0 18 1
a 1483 801 0 25 5
a 1483 121 0 46 1
a 1486 397 0 25 6
a 1486 991 0 1 4
a 1487 1610 0 25 3
a 1487 1474 0 28 2
a 1488 467 0 25 10
a 1488 1663 0 25 1
a 1492 1868 0 25 5
a 1492 130 0 8 7
a 1493 839 0 25 10
a 1493 825 0 48 6
a 1494 1876 0 25 3
a 1494 601 0 2 4
a 1498 1975 0 25 8
a 1498 857 0 21 10
a 1499 251 0 25 6
a 1499 1290 0 49 9
a 1500 575 0 25 9
a 1500 1521 0 28 10
a 1501 81 0 25 6
a 1501 464 0 44 4
a 1502 1203 0 25 1
a 1502 1192 0 40 10
a 1504 618 0 25 4
a 1504 1376 0 26 4
a 1505 1502 0 25 10
a 1505 235 0 37 9
a 1506 1659 0 25 5
a 1506 463 0 25 8
a 1508 826 0 25 4
a 1508 1021 0 5 1
a 1509 697 0 25 5
a 1509 519 0 43 4
a 1510 756 0 25 3
a 1510 69 0 23 9
a 1512 1708 0 25 3
a 1512 1030 0 49 3
a 1514 1439 0 25 9
a 1514 1090 0 34 1
a 1515 1893 0 25 2
a 1515 884 0 47 10
a 1519 885 0 25 3
a 1519 1027 0 7 9
a 1521 896 0 25 6
a 1521 1531 0 36 3
a 1522 1821 0 25 2
a 1522 241 0 8 7
a 1524 34 0 25 3
a 1524 563 0 12 2
a 1527 1679 0 25 3
a 1527 597 0 11 4
a 1529 1909 0 25 2
a 1529 1411 0 29 2
a 1530 210 0 25 1
a 1530 181 0 30 4
a 1532 655 0 25 9
a 1532 584 0 49 10
a 1534 1772 0 25 5
a 1534 632 0 27 9
a 1535 1992 0 25 4
a 1535 959 0 20 10
a 1536 761 0 25 5
a 1536 251 0 32 7
a 1539 1773 0 25 4
a 1539 259 0 10 4
a 1542 1730 0 25 1
a 1542 298 0 22 2
a 1544 1315 0 25 3
a 1544 342 0 43 7
a 1545 124 0 25 4
a 1545 1979 0 13 9
a 1546 1405 0 25 3
a 1546 1550 0 6 7
a 1547 1922 0 25 1
a 1547 429 0 50 7
a 1548 1169 0 25 6
a 1548 101 0 48 4
a 1561 25 0 25 5
a 1561 189 0 17 9
a 1562 1982 0 25 10
a 1562 1539 0 6 2
a 1566 218 0 25 8
a 1566 1590 0 18 7
a 1569 153 0 25 9
a 1569 401 0 14 8
a 1571 1768 0 25 3
a 1571 224 0 18 3
a 1572 485 0 25 5
a 1572 819 0 9 8
a 1577 523 0 25 8
a 1577 1349 0 1 4
a 1578 1324 0 25 3
a 1578 1327 0 47 1
a 1579 1837 0 25 3
a 1579 1406 0 20 6
a 1580 684 0 25 4
a 1580 1974 0 34 2
a 1582 283 0 25 7
a 1582 759 0 18 10
a 1583 479 0 25 8
a 1583 1558 0 33 10
a 1584 480 0 25 2
a 1584 1111 0 40 5
a 1586 694 0 25 6
a 1586 1607 0 6 1
a 1588 922 0 25 2
a 1588 980 0 35 6
a 1590 1582 0 25 6
a 1590 1916 0 41 3
a 1592 1129 0 25 10
a 1592 1298 0 3 3
a 1594 1875 0 25 7
a 1594 1098 0 16 5
a 1596 1166 0 25 5
a 1596 106 0 49 6
a 1598 1278 0 25 1
a 1598 1727 0 9 5
a 1599 530 0 25 3
a 1599 101 0 6 2
a 1601 602 0 25 6
a 1601 1555 0 14 2
a 1603 1961 0 25 7
a 1603 191 0 43 9
a 1604 1614 0 25 2
a 1604 478 0 0 8
a 1606 221 0 25 3
a 1606 460 0 12 5
a 1607 1301 0 25 2
a 1607 1346 0 47 7
a 1608 1515 0 25 10
a 1608 778 0 2 9
a 1609 177 0 25 10
a 1609 1510 0 20 1
a 1610 1297 0 25 3
a 1610 293 0 5 3
a 1611 996 0 25 5
a 1611 315 0 9 5
a 1612 217 0 25 2
a 1612 1824 0 7 6
a 1613 976 0 25 9
a 1613 1710 0 15 9
a 1614 1720 0 25 7
a 1614 1371 0 50 9
a 1615 1710 0 25 4
a 1615 990 0 44 4
a 1616 606 0 25 2
a 1616 34 0 21 5
a 1617 1874 0 25 3
a 1617 1517 0 38 1
a 1618 1248 0 25 10
a 1618 1673 0 10 7
a 1619 555 0 25 7
a 1619 1965 0 32 4
a 1620 1739 0 25 6
a 1620 1098 0 46 8
a 1622 1996 0 25 3
a 1622 339 0 25 10
a 1625 1935 0 25 3
a 1625 814 0 42 8
a 1626 625 0 25 4
a 1626 376 0 31 6
a 1627 1638 0 25 3
a 1627 1732 0 13 10
a 1628 273 0 25 4
a 1628 515 0 42 2
a 1630 615 0 25 8
a 1630 1058 0 13 3
a 1631 445 0 25 9
a 1631 147 0 23 10
a 1633 1791 0 25 6
a 1633 1901 0 9 3
a 1634 1530 0 25 9
a 1634 1344 0 7 1
a 1638 229 0 25 4
a 1638 1337 0 38 10
a 1639 740 0 25 3
a 1639 1490 0 33 4
a 1640 490 0 25 2
a 1640 1991 0 45 3
a 1643 1871 0 25 8
a 1643 48 0 21 3
a 1644 1910 0 25 7
a 1644 137 0 34 8
a 1646 1914 0 25 1
a 1646 686 0 48 7
a 1647 930 0 25 9
a 1647 1488 0 20 5
a 1648 1948 0 25 1
a 1648 1892 0 32 8
a 1649 403 0 25 9
a 1649 1293 0 35 1
a 1654 1919 0 25 1
a 1654 342 0 18 5
a 1656 322 0 25 8
a 1656 899 0 41 9
a 1657 1398 0 25 9
a 1657 1134 0 42 4
a 1658 1822 0 25 6
a 1658 1174 0 34 4
a 1659 49 0 25 4
a 1659 1266 0 8 1
a 1660 628 0 25 10
a 1660 348 0 40 5
a 1665 1464 0 25 4
a 1665 880 0 50 3
a 1666 1926 0 25 1
a 1666 909 0 12 3
a 1667 1428 0 25 3
a 1667 107 0 27 6
a 1668 677 0 25 10
a 1668 1311 0 12 10
a 1671 90 0 25 2
a 1671 1747 0 11 4
a 1673 620 0 25 10
a 1673 518 0 30 7
a 1677 33 0 25 10
a 1677 683 0 41 9
a 1679 686 0 25 4
a 1679 1329 0 34 2
a 1680 476 0 25 8
a 1680 49 0 40 7
a 1681 1312 0 25 2
a 1681 199 0 29 2
a 1684 1096 0 25 1
a 1684 1460 0 46 2
a 1685 219 0 25 6
a 1685 1459 0 28 7
a 1687 396 0 25 4
a 1687 947 0 30 8
a 1688 583 0 25 1
a 1688 186 0 36 1
a 1690 1815 0 25 7
a 1690 173 0 40 9
a 1691 319 0 25 9
a 1691 398 0 14 10
a 1693 1378 0 25 6
a 1693 1799 0 34 7
a 1695 1746 0 25 8
a 1695 1974 0 48 7
a 1697 1437 0 25 1
a 1697 644 0 37 1
a 1699 1216 0 25 4
a 1699 1184 0 24 1
a 1700 909 0 25 2
a 1700 659 0 48 2
a 1703 1157 0 25 3
a 1703 797 0 2 1
a 1704 1126 0 25 10
a 1704 340 0 36 5
a 1706 468 0 25 6
a 1706 1791 0 43 4
a 1708 1784 0 25 4
a 1708 1233 0 1 1
a 1710 390 0 25 2
a 1710 1816 0 41 5
a 1712 1295 0 25 8
a 1712 287 0 25 3
a 1717 512 0 25 2
a 1717 1064 0 43 3
a 1718 198 0 25 8
a 1718 436 0 37 6
a 1719 259 0 25 6
a 1719 591 0 47 6
a 1720 1480 0 25 1
a 1720 1317 0 14 10
a 1724 1467 0 25 3
a 1724 1986 0 49 10
a 1727 43 0 25 5
a 1727 637 0 36 6
a 1728 1872 0 25 10
a 1728 1868 0 38 9
a 1730 1457 0 25 3
a 1730 944 0 3 9
a 1731 166 0 25 7
a 1731 126 0 3 6
a 1732 341 0 25 6
a 1732 1409 0 20 3
a 1735 939 0 25 10
a 1735 836 0 13 7
a 1738 1010 0 25 7
a 1738 353 0 16 3
a 1739 1266 0 25 10
a 1739 1138 0 29 7
a 1742 1724 0 25 9
a 1742 284 0 41 1
a 1745 1077 0 25 9
a 1745 1840 0 21 3
a 1746 1127 0 25 8
a 1746 1232 0 39 1
a 1748 543 0 25 1
a 1748 661 0 23 10
a 1749 705 0 25 6
a 1749 737 0 7 2
a 1750 1936 0 25 7
a 1750 1674 0 24 9
a 1751 1718 0 25 10
a 1751 1069 0 47 3
a 1753 710 0 25 7
a 1753 89 0 42 1
a 1754 1229 0 25 7
a 1754 304 0 31 8
a 1755 297 0 25 7
a 1755 1998 0 6 5
a 1756 1953 0 25 3
a 1756 465 0 26 10
a 1757 1276 0 25 3
a 1757 112 0 38 7
a 1759 1143 0 25 9
a 1759 1908 0 1 6
a 1762 448 0 25 3
a 1762 1674 0 17 7
a 1763 345 0 25 4
a 1763 223 0 42 3
a 1764 200 0 25 1
a 1764 512 0 20 2
a 1765 1512 0 25 1
a 1765 1020 0 20 2
a 1768 1500 0 25 1
a 1768 800 0 6 3
a 1769 1435 0 25 2
a 1769 1108 0 36 6
a 1770 486 0 25 1
a 1770 1596 0 9 9
a 1771 1604 0 25 10
a 1771 639 0 3 5
a 1772 1786 0 25 10
a 1772 569 0 5 8
a 1773 1547 0 25 7
a 1773 326 0 41 1
a 1775 1481 0 25 7
a 1775 1730 0 22 9
a 1776 272 0 25 9
a 1776 202 0 16 4
a 1778 601 0 25 9
a 1778 1668 0 27 10
a 1781 1225 0 25 1
a 1781 1729 0 26 9
a 1783 1380 0 25 6
a 1783 1204 0 26 1
a 1784 294 0 25 9
a 1784 1321 0 22 6
a 1786 376 0 25 5
a 1786 1914 0 40 3
a 1788 685 0 25 8
a 1788 752 0 13 3
a 1789 1458 0 25 9
a 1789 1314 0 21 9
a 1791 439 0 25 8
a 1791 232 0 9 9
a 1793 906 0 25 6
a 1793 1072 0 35 2
a 1797 440 0 25 7
a 1797 1206 0 46 3
a 1800 1419 0 25 4
a 1800 1553 0 23 6
a 1802 127 0 25 5
a 1802 1420 0 9 8
a 1804 1212 0 25 6
a 1804 1379 0 8 5
a 1806 1032 0 25 8
a 1806 1189 0 10 6
a 1815 585 0 25 8
a 1815 938 0 0 10
a 1816 1341 0 25 5
a 1816 640 0 48 1
a 1818 1579 0 25 5
a 1818 559 0 34 7
a 1821 278 0 25 1
a 1821 1417 0 0 4
a 1822 1501 0 25 6
a 1822 1488 0 43 9
a 1823 1396 0 25 3
a 1823 1429 0 24 2
a 1828 1499 0 25 7
a 1828 1494 0 15 5
a 1829 58 0 25 5
a 1829 894 0 13 7
a 1830 1188 0 25 2
a 1830 160 0 28 2
a 1832 913 0 25 9
a 1832 1803 0 22 8
a 1833 597 0 25 4
a 1833 1376 0 13 3
a 1836 1667 0 25 6
a 1836 374 0 17 8
a 1837 1534 0 25 2
a 1837 1819 0 29 4
a 1839 1522 0 25 9
a 1839 10 0 49 2
a 1844 731 0 25 9
a 1844 1669 0 32 3
a 1850 1580 0 25 4
a 1850 809 0 37 5
a 1852 457 0 25 7
a 1852 1633 0 43 8
a 1854 1479 0 25 3
a 1854 1045 0 47 9
a 1855 1048 0 25 1
a 1855 1034 0 43 9
a 1856 1498 0 25 8
a 1856 402 0 41 5
a 1857 769 0 25 4
a 1857 1257 0 37 8
a 1858 1466 0 25 5
a 1858 1187 0 9 1
a 1859 1120 0 25 2
a 1859 399 0 21 10
a 1865 1267 0 25 10
a 1865 1943 0 0 2
a 1866 1832 0 25 1
a 1866 1874 0 28 2
a 1868 557 0 25 5
a 1868 91 0 8 3
a 1869 1416 0 25 9
a 1869 1937 0 42 7
a 1871 280 0 25 6
a 1871 1654 0 44 3
a 1872 1545 0 25 9
a 1872 1022 0 34 10
a 1874 832 0 25 10
a 1874 942 0 1 7
a 1875 201 0 25 10
a 1875 1125 0 29 2
a 1876 1775 0 25 1
a 1876 1807 0 13 4
a 1879 231 0 25 1
a 1879 516 0 18 8
a 1881 1215 0 25 3
a 1881 211 0 34 10
a 1882 244 0 25 9
a 1882 1709 0 15 3
a 1886 1325 0 25 8
a 1886 1184 0 20 2
a 1891 1487 0 25 6
a 1891 1399 0 6 10
a 1892 1268 0 25 7
a 1892 613 0 5 8
a 1893 1354 0 25 1
a 1893 1407 0 31 10
a 1895 305 0 25 9
a 1895 1810 0 32 4
a 1896 1272 0 25 3
a 1896 690 0 43 2
a 1897 67 0 25 6
a 1897 1531 0 5 5
a 1898 415 0 25 9
a 1898 32 0 2 2
a 1902 753 0 25 1
a 1902 1597 0 2 3
a 1907 1895 0 25 9
a 1907 948 0 0 5
a 1909 1362 0 25 3
a 1909 1451 0 12 8
a 1910 227 0 25 7
a 1910 166 0 48 8
a 1913 506 0 25 3
a 1913 887 0 23 6
a 1914 521 0 25 5
a 1914 249 0 15 7
a 1919 861 0 25 1
a 1919 1260 0 5 2
a 1920 1382 0 25 6
a 1920 1750 0 34 7
a 1921 1046 0 25 4
a 1921 1946 0 20 8
a 1922 316 0 25 1
a 1922 855 0 29 9
a 1926 1072 0 25 10
a 1926 1213 0 20 3
a 1927 458 0 25 1
a 1927 1628 0 1 5
a 1928 214 0 25 1
a 1928 45 0 13 8
a 1933 869 0 25 8
a 1933 1961 0 12 8
a 1934 1788 0 25 2
a 1934 932 0 43 2
a 1935 1612 0 25 10
a 1935 1327 0 32 10
a 1936 384 0 25 5
a 1936 837 0 20 8
a 1939 1818 0 25 1
a 1939 714 0 10 10
a 1940 1234 0 25 1
a 1940 202 0 42 3
a 1941 311 0 25 6
a 1941 1364 0 9 10
a 1942 614 0 25 4
a 1942 1999 0 33 2
a 1946 1544 0 25 10
a 1946 278 0 33 8
a 1948 323 0 25 5
a 1948 1794 0 29 6
a 1949 1205 0 25 5
a 1949 1334 0 33 3
a 1953 888 0 25 3
a 1953 864 0 4 7
a 1957 793 0 25 3
a 1957 945 0 45 3
a 1958 1139 0 25 6
a 1958 1304 0 12 7
a 1959 1146 0 25 7
a 1959 1633 0 17 7
a 1961 627 0 25 1
a 1961 1610 0 17 9
a 1964 945 0 25 5
a 1964 929 0 37 1
a 1967 1753 0 25 6
a 1967 1432 0 1 8
a 1971 1257 0 25 2
a 1971 1795 0 35 3
a 1973 263 0 25 2
a 1973 291 0 0 10
a 1974 975 0 25 5
a 1974 536 0 32 6
a 1975 566 0 25 7
a 1975 258 0 26 1
a 1978 1510 0 25 1
a 1978 793 0 7 5
a 1979 156 0 25 7
a 1979 332 0 25 4
a 1981 1592 0 25 10
a 1981 375 0 34 4
a 1982 680 0 25 5
a 1982 1592 0 49 3
a 1990 1615 0 25 5
a 1990 1342 0 41 9
a 1991 1569 0 25 9
a 1991 1706 0 29 4
a 1992 162 0 25 5
a 1992 1755 0 36 1
a 1994 1403 0 25 8
a 1994 1865 0 26 8
a 1996 1646 0 25 10
a 1996 998 0 14 8
a 1997 537 0 25 4
a 1997 1783 0 4 10
