c PyNETGEN v1.0.0
c $ pip install pynetgen
c
c  NETGEN flow network generation algorithm
c  Problem input parameters
c  -------------------------------------
c   Random seed:          7
c   Number of nodes:      2000
c   Source nodes:         2
c   Sink nodes:           2
c   Number of arcs:       4000
c   Minimum arc cost:     1
c   Maximum arc cost:     10
c   Total supply:         50
c   Transshipment -
c     Sources:            0
c     Sinks:              0
c   Skeleton arcs -
c     With max cost:      0
c     Capacitated:        100
c   Minimum arc capacity: 0
c   Maximum arc capacity: 50
c
c  *** Minimum cost flow ***
c
p min 2000 4000
n 1 25
n 2 25
n 1999 -23
n 2000 -27
a 1 1832 0 25 4
a 1 848 0 11 2
a 3 605 0 25 8
a 3 1974 0 39 7
a 4 914 0 25 1
a 4 1562 0 13 9
a 4 366 0 32 9
a 6 1860 0 25 10
a 6 759 0 37 4
a 6 1949 0 38 1
a 9 448 0 25 1
a 9 103 0 49 2
a 9 1533 0 31 4
a 11 118 0 25 1
a 11 198 0 1 4
a 12 1247 0 25 7
a 12 1429 0 30 2
a 12 895 0 29 2
a 16 30 0 25 1
a 16 1642 0 14 7
a 18 79 0 25 10
a 18 1562 0 19 4
a 20 983 0 25 9
a 20 512 0 25 10
a 21 1227 0 25 10
a 21 972 0 44 9
a 22 1542 0 25 2
a 22 831 0 9 10
a 24 1432 0 25 7
a 24 1680 0 39 10
a 25 728 0 25 7
a 25 1453 0 13 2
a 26 1926 0 25 4
a 26 373 0 2 2
a 30 136 0 25 2
a 30 1510 0 23 3
a 32 1913 0 25 2
a 32 1697 0 43 4
a 33 1265 0 25 9
a 33 1401 0 31 1
a 34 1285 0 25 5
a 34 342 0 4 9
a 35 1130 0 25 6
a 35 336 0 36 9
a 38 1139 0 25 2
a 38 1293 0 25 2
a 40 927 0 25 9
a 40 241 0 37 2
a 41 1367 0 25 9
a 41 1780 0 32 3
a 43 194 0 25 1
a 43 380 0 31 4
a 48 640 0 25 9
a 48 710 0 43 10
a 49 721 0 25 2
a 49 202 0 4 2
a 51 979 0 25 9
a 51 1855 0 34 1
a 59 619 0 25 7
a 59 649 0 20 5
a 60 1099 0 25 10
a 60 1561 0 10 9
a 64 1354 0 25 7
a 64 834 0 23 9
a 66 1868 0 25 3
a 66 13 0 21 8
a 67 509 0 25 6
a 67 676 0 45 6
a 68 1337 0 25 1
a 68 306 0 25 5
a 74 523 0 25 9
a 74 42 0 27 10
a 78 916 0 25 4
a 78 795 0 6 2
a 79 1401 0 25 6
a 79 1455 0 37 3
a 83 1806 0 25 2
a 83 1113 0 41 6
a 87 137 0 25 10
a 87 251 0 14 10
a 88 1027 0 25 2
a 88 1801 0 45 2
a 90 264 0 25 10
a 90 1983 0 41 9
a 93 1383 0 25 4
a 93 725 0 40 3
a 95 157 0 25 1
a 95 322 0 30 8
a 98 479 0 25 2
a 98 385 0 11 1
a 101 1423 0 25 3
a 101 964 0 46 9
a 102 1033 0 25 6
a 102 43 0 4 4
a 103 1083 0 25 8
a 103 1308 0 11 3
a 104 270 0 25 3
a 104 81 0 41 10
a 109 1658 0 25 9
a 109 1525 0 19 6
a 112 1386 0 25 2
a 112 197 0 44 6
a 114 382 0 25 6
a 114 574 0 35 4
a 117 1852 0 25 1
a 117 594 0 9 5
a 118 662 0 25 1
a 118 592 0 30 4
a 119 1461 0 25 1
a 119 1571 0 26 7
a 120 1841 0 25 8
a 120 1876 0 9 1
a 123 1786 0 25 8
a 123 1879 0 7 2
a 127 995 0 25 2
a 127 1057 0 12 2
a 130 467 0 25 7
a 130 1715 0 35 9
a 134 1299 0 25 1
a 134 351 0 20 4
a 135 1484 0 25 1
a 135 1377 0 0 6
a 136 449 0 25 9
a 136 111 0 43 7
a 137 634 0 25 7
a 137 677 0 21 2
a 138 853 0 25 9
a 138 1315 0 12 9
a 141 117 0 25 3
a 141 721 0 28 3
a 142 151 0 25 5
a 142 726 0 13 5
a 143 1962 0 25 3
a 143 652 0 22 10
a 144 138 0 25 7
a 144 743 0 35 7
a 145 1579 0 25 5
a 145 1063 0 4 8
a 146 696 0 25 9
a 146 387 0 26 2
a 148 1690 0 25 2
a 148 1513 0 44 3
a 150 1074 0 25 7
a 150 480 0 36 9
a 151 1190 0 25 4
a 151 733 0 37 3
a 152 567 0 25 3
a 152 987 0 21 4
a 153 1591 0 25 1
a 153 1405 0 45 3
a 155 1575 0 25 3
a 155 1097 0 44 7
a 156 1378 0 25 3
a 156 887 0 38 7
a 157 829 0 25 8
a 157 1821 0 41 1
a 160 1325 0 25 10
a 160 312 0 24 5
a 163 1327 0 25 4
a 163 1867 0 1 1
a 164 364 0 25 2
a 164 1287 0 35 8
a 166 90 0 25 7
a 166 1572 0 33 8
a 168 1819 0 25 8
a 168 661 0 48 4
a 174 1531 0 25 9
a 174 1436 0 37 9
a 176 1493 0 25 10
a 176 1958 0 45 8
a 177 391 0 25 9
a 177 1735 0 24 9
a 182 1400 0 25 6
a 182 156 0 15 2
a 186 1632 0 25 2
a 186 936 0 49 9
a 188 1332 0 25 9
a 188 1198 0 1 7
a 191 1274 0 25 8
a 191 1090 0 41 1
a 192 1667 0 25 4
a 192 1787 0 46 10
a 193 93 0 25 4
a 193 753 0 3 3
a 194 1478 0 25 8
a 194 866 0 37 3
a 196 791 0 25 5
a 196 501 0 23 8
a 197 329 0 25 4
a 197 811 0 49 3
a 199 1358 0 25 2
a 199 448 0 44 10
a 200 649 0 25 10
a 200 1973 0 7 3
a 201 1840 0 25 9
a 201 78 0 27 10
a 202 359 0 25 3
a 202 1341 0 34 5
a 204 1324 0 25 9
a 204 269 0 35 8
a 207 1638 0 25 6
a 207 1953 0 29 10
a 210 1329 0 25 2
a 210 1327 0 47 5
a 211 1228 0 25 7
a 211 1398 0 10 3
a 213 1020 0 25 8
a 213 1571 0 31 10
a 216 1084 0 25 7
a 216 294 0 34 3
a 217 1061 0 25 5
a 217 1872 0 25 2
a 218 1554 0 25 1
a 218 443 0 16 3
a 221 512 0 25 3
a 221 1952 0 37 4
a 222 1665 0 25 8
a 222 1544 0 10 4
a 224 1408 0 25 8
a 224 1285 0 36 3
a 225 1798 0 25 1
a 225 946 0 11 7
a 226 1393 0 25 5
a 226 477 0 19 10
a 228 103 0 25 2
a 228 1547 0 11 7
a 232 211 0 25 5
a 232 1482 0 12 2
a 233 441 0 25 3
a 233 784 0 43 7
a 234 1407 0 25 5
a 234 1112 0 4 10
a 241 1341 0 25 8
a 241 864 0 39 10
a 242 964 0 25 8
a 242 803 0 0 2
a 243 130 0 25 4
a 243 1856 0 21 8
a 245 1404 0 25 5
a 245 1324 0 32 8
a 248 344 0 25 9
a 248 411 0 38 9
a 249 555 0 25 10
a 249 926 0 5 8
a 251 1125 0 25 7
a 251 1894 0 41 6
a 253 351 0 25 4
a 253 223 0 4 2
a 254 1124 0 25 8
a 254 1634 0 32 2
a 255 1825 0 25 6
a 255 932 0 4 1
a 257 1014 0 25 9
a 257 1852 0 34 10
a 259 1785 0 25 7
a 259 1467 0 1 5
a 260 903 0 25 6
a 260 18 0 48 5
a 262 1091 0 25 10
a 262 640 0 8 2
a 263 66 0 25 2
a 263 1393 0 45 5
a 264 1284 0 25 6
a 264 1436 0 0 9
a 266 490 0 25 5
a 266 409 0 32 7
a 267 1417 0 25 4
a 267 109 0 27 9
a 269 1863 0 25 3
a 269 1852 0 12 6
a 270 691 0 25 6
a 270 326 0 28 8
a 272 307 0 25 2
a 272 702 0 33 6
a 274 1679 0 25 2
a 274 1744 0 34 9
a 278 1857 0 25 6
a 278 1613 0 8 10
a 280 1449 0 25 4
a 280 1665 0 46 2
a 281 1866 0 25 5
a 281 1055 0 36 5
a 282 1328 0 25 3
a 282 1932 0 26 4
a 284 141 0 25 2
a 284 688 0 15 9
a 286 74 0 25 5
a 286 1898 0 47 1
a 287 578 0 25 1
a 287 476 0 29 8
a 288 688 0 25 2
a 288 1527 0 6 10
a 289 818 0 25 3
a 289 962 0 49 6
a 290 1425 0 25 2
a 290 1598 0 25 3
a 291 1671 0 25 4
a 291 683 0 7 3
a 292 1433 0 25 6
a 292 1607 0 46 6
a 294 1855 0 25 3
a 294 1187 0 20 8
a 295 289 0 25 2
a 295 1052 0 41 2
a 296 422 0 25 10
a 296 1524 0 49 3
a 299 156 0 25 8
a 299 820 0 22 5
a 300 813 0 25 3
a 300 1335 0 24 9
a 302 1034 0 25 10
a 302 524 0 4 8
a 304 569 0 25 9
a 304 1430 0 21 1
a 306 1958 0 25 2
a 306 551 0 3 6
a 307 1816 0 25 8
a 307 1335 0 22 5
a 309 1045 0 25 10
a 309 1418 0 24 6
a 312 388 0 25 3
a 312 69 0 44 6
a 315 454 0 25 3
a 315 367 0 11 3
a 316 1522 0 25 7
a 316 962 0 29 10
a 318 1016 0 25 2
a 318 732 0 19 3
a 319 1430 0 25 4
a 319 243 0 31 2
a 321 232 0 25 1
a 321 453 0 38 2
a 322 1999 0 25 7
a 322 65 0 41 6
a 323 1898 0 25 5
a 323 805 0 14 9
a 325 1225 0 25 7
a 325 1955 0 38 1
a 326 1041 0 25 3
a 326 1574 0 16 4
a 327 1239 0 25 9
a 327 1755 0 42 1
a 329 629 0 25 5
a 329 1872 0 6 7
a 331 1384 0 25 7
a 331 1337 0 37 5
a 332 1861 0 25 4
a 332 1412 0 46 9
a 333 1009 0 25 4
a 333 556 0 46 2
a 334 248 0 25 8
a 334 885 0 26 3
a 336 611 0 25 6
a 336 814 0 19 6
a 339 886 0 25 10
a 339 462 0 13 3
a 340 572 0 25 7
a 340 785 0 40 4
a 342 1080 0 25 1
a 342 529 0 20 10
a 344 421 0 25 7
a 344 207 0 2 1
a 345 1969 0 25 8
a 345 1394 0 41 2
a 347 795 0 25 6
a 347 1535 0 35 5
a 348 101 0 25 4
a 348 1115 0 22 6
a 351 216 0 25 7
a 351 1222 0 38 2
a 353 1916 0 25 6
a 353 295 0 16 4
a 354 1837 0 25 5
a 354 1241 0 12 9
a 358 1748 0 25 2
a 358 1200 0 50 7
a 359 1377 0 25 5
a 359 1415 0 34 3
a 360 226 0 25 6
a 360 1325 0 3 6
a 361 959 0 25 10
a 361 976 0 13 5
a 364 1464 0 25 1
a 364 1582 0 27 9
a 365 1751 0 25 5
a 365 908 0 29 9
a 367 985 0 25 5
a 367 263 0 15 10
a 369 1503 0 25 1
a 369 628 0 4 7
a 371 1595 0 25 7
a 371 1869 0 24 8
a 375 1465 0 25 9
a 375 643 0 40 4
a 376 1526 0 25 10
a 376 1089 0 42 8
a 377 1064 0 25 1
a 377 1761 0 10 8
a 381 694 0 25 6
a 381 440 0 42 2
a 382 1302 0 25 1
a 382 1908 0 23 9
a 383 312 0 25 4
a 383 896 0 42 1
a 385 1255 0 25 1
a 385 749 0 18 3
a 388 1676 0 25 1
a 388 374 0 37 1
a 389 1355 0 25 5
a 389 1607 0 0 1
a 390 1394 0 25 7
a 390 107 0 2 1
a 391 481 0 25 10
a 391 536 0 2 10
a 393 88 0 25 1
a 393 1294 0 33 8
a 394 1521 0 25 4
a 394 933 0 35 7
a 395 1218 0 25 3
a 395 1469 0 1 2
a 396 929 0 25 6
a 396 741 0 2 3
a 400 210 0 25 3
a 400 402 0 31 6
a 401 1314 0 25 9
a 401 1423 0 36 4
a 402 867 0 25 6
a 402 594 0 27 1
a 403 1697 0 25 1
a 403 863 0 17 6
a 404 870 0 25 10
a 404 542 0 33 6
a 408 899 0 25 6
a 408 1360 0 19 10
a 409 939 0 25 1
a 409 716 0 24 4
a 411 540 0 25 3
a 411 1751 0 48 7
a 412 1625 0 25 4
a 412 1322 0 41 6
a 415 931 0 25 10
a 415 1003 0 37 7
a 418 1391 0 25 4
a 418 548 0 37 5
a 421 975 0 25 5
a 421 303 0 32 7
a 422 1696 0 25 4
a 422 1580 0 24 4
a 424 450 0 25 5
a 424 650 0 29 1
a 427 497 0 25 2
a 427 324 0 33 6
a 428 1559 0 25 2
a 428 931 0 44 10
a 429 1065 0 25 6
a 429 608 0 43 4
a 432 1949 0 25 10
a 432 752 0 44 2
a 433 1387 0 25 2
a 433 1797 0 21 5
a 434 819 0 25 6
a 434 1132 0 32 7
a 435 457 0 25 1
a 435 978 0 25 7
a 436 163 0 25 7
a 436 671 0 15 6
a 437 690 0 25 9
a 437 1386 0 5 4
a 438 857 0 25 7
a 438 898 0 1 7
a 439 1347 0 25 10
a 439 1499 0 35 8
a 440 26 0 25 6
a 440 1526 0 24 10
a 441 418 0 25 9
a 441 1931 0 49 3
a 442 1990 0 25 4
a 442 1590 0 47 7
a 444 83 0 25 3
a 444 1948 0 23 5
a 446 1740 0 25 6
a 446 961 0 22 9
a 448 291 0 25 1
a 448 1783 0 17 10
a 449 1303 0 25 10
a 449 788 0 39 1
a 450 1742 0 25 9
a 450 1853 0 19 4
a 452 1613 0 25 4
a 452 550 0 14 8
a 454 1439 0 25 2
a 454 1605 0 36 7
a 456 1892 0 25 9
a 456 159 0 33 2
a 457 1281 0 25 4
a 457 1091 0 5 6
a 459 761 0 25 1
a 459 449 0 0 3
a 461 1063 0 25 2
a 461 568 0 38 4
a 462 562 0 25 1
a 462 770 0 17 4
a 463 1236 0 25 9
a 463 393 0 42 9
a 466 551 0 25 7
a 466 1462 0 42 8
a 467 1686 0 25 2
a 467 1510 0 39 3
a 470 525 0 25 2
a 470 1491 0 8 10
a 473 353 0 25 8
a 473 222 0 47 10
a 474 730 0 25 4
a 474 467 0 42 7
a 475 134 0 25 7
a 475 637 0 33 4
a 478 49 0 25 9
a 478 96 0 46 4
a 479 622 0 25 10
a 479 735 0 48 3
a 481 883 0 25 4
a 481 810 0 23 1
a 485 984 0 25 4
a 485 1859 0 17 8
a 486 278 0 25 5
a 486 1048 0 33 1
a 488 639 0 25 4
a 488 765 0 19 2
a 490 955 0 25 8
a 490 1867 0 47 2
a 492 1198 0 25 10
a 492 438 0 0 1
a 497 1482 0 25 1
a 497 1893 0 50 4
a 498 723 0 25 8
a 498 261 0 22 8
a 500 1019 0 25 7
a 500 431 0 19 5
a 506 1940 0 25 6
a 506 1222 0 10 5
a 507 334 0 25 4
a 507 172 0 31 7
a 508 1973 0 25 10
a 508 633 0 33 7
a 509 1884 0 25 6
a 509 288 0 19 5
a 512 1295 0 25 4
a 512 1137 0 10 9
a 515 1415 0 25 10
a 515 1422 0 40 6
a 517 1051 0 25 2
a 517 126 0 0 10
a 519 991 0 25 7
a 519 350 0 19 6
a 520 1115 0 25 9
a 520 1987 0 26 9
a 521 218 0 25 5
a 521 764 0 17 10
a 522 1669 0 25 9
a 522 1060 0 44 7
a 523 1344 0 25 7
a 523 1603 0 1 8
a 525 1801 0 25 2
a 525 1342 0 21 5
a 526 1109 0 25 8
a 526 1043 0 41 6
a 528 25 0 25 6
a 528 1536 0 21 4
a 529 433 0 25 4
a 529 310 0 34 3
a 532 1004 0 25 4
a 532 1869 0 4 8
a 533 112 0 25 10
a 533 1704 0 26 8
a 536 377 0 25 4
a 536 1939 0 27 5
a 540 541 0 25 7
a 540 592 0 18 10
a 541 1406 0 25 2
a 541 1848 0 28 8
a 546 579 0 25 1
a 546 231 0 15 9
a 547 918 0 25 3
a 547 1927 0 33 4
a 548 290 0 25 7
a 548 129 0 22 9
a 551 1515 0 25 7
a 551 770 0 4 10
a 552 1784 0 25 4
a 552 419 0 37 2
a 555 888 0 25 2
a 555 1851 0 42 7
a 556 1770 0 25 3
a 556 1509 0 15 2
a 562 906 0 25 2
a 562 1798 0 40 7
a 565 188 0 25 2
a 565 1239 0 17 8
a 566 1455 0 25 6
a 566 1539 0 17 6
a 567 408 0 25 2
a 567 81 0 13 2
a 569 1323 0 25 7
a 569 35 0 5 7
a 570 1789 0 25 8
a 570 379 0 25 7
a 572 1279 0 25 1
a 572 727 0 0 8
a 573 51 0 25 2
a 573 1708 0 10 5
a 575 1633 0 25 8
a 575 710 0 36 8
a 578 199 0 25 9
a 578 150 0 7 5
a 579 1390 0 25 1
a 579 292 0 23 8
a 580 740 0 25 9
a 580 749 0 40 5
a 585 1307 0 25 3
a 585 1791 0 13 7
a 587 1229 0 25 8
a 587 719 0 5 5
a 594 580 0 25 1
a 594 201 0 38 1
a 597 1410 0 25 4
a 597 1746 0 50 2
a 599 1116 0 25 10
a 599 1586 0 14 8
a 600 1545 0 25 2
a 600 1478 0 20 1
a 603 1143 0 25 5
a 603 1339 0 21 9
a 605 21 0 25 4
a 605 912 0 5 3
a 607 1736 0 25 4
a 607 1833 0 21 5
a 608 326 0 25 7
a 608 1545 0 29 2
a 609 436 0 25 1
a 609 1908 0 25 3
a 610 1682 0 25 5
a 610 1729 0 50 6
a 611 1357 0 25 8
a 611 447 0 1 10
a 612 1414 0 25 10
a 612 1194 0 47 6
a 613 1395 0 25 6
a 613 1613 0 49 10
a 614 64 0 25 3
a 614 237 0 34 8
a 618 573 0 25 7
a 618 1956 0 2 6
a 619 556 0 25 2
a 619 776 0 40 1
a 620 1460 0 25 3
a 620 228 0 10 5
a 622 1219 0 25 1
a 622 661 0 48 10
a 629 839 0 25 6
a 629 230 0 39 9
a 632 340 0 25 3
a 632 959 0 31 7
a 633 868 0 25 3
a 633 814 0 6 1
a 634 1156 0 25 6
a 634 1410 0 7 4
a 638 1097 0 25 2
a 638 541 0 13 3
a 639 1851 0 25 6
a 639 1025 0 1 9
a 640 1361 0 25 4
a 640 1058 0 3 5
a 642 789 0 25 9
a 642 779 0 4 6
a 644 1553 0 25 6
a 644 1109 0 37 5
a 646 204 0 25 5
a 646 1953 0 3 1
a 647 599 0 25 4
a 647 1907 0 5 10
a 649 403 0 25 8
a 649 417 0 45 10
a 651 1291 0 25 10
a 651 1177 0 42 2
a 653 200 0 25 5
a 653 1960 0 18 3
a 655 1132 0 25 3
a 655 606 0 34 10
a 658 323 0 25 2
a 658 1605 0 24 4
a 659 651 0 25 9
a 659 605 0 37 5
a 662 6 0 25 6
a 662 1827 0 7 7
a 665 1812 0 25 9
a 665 873 0 36 8
a 667 1645 0 25 8
a 667 255 0 7 5
a 669 749 0 25 10
a 669 1314 0 40 2
a 671 452 0 25 8
a 671 934 0 26 5
a 674 699 0 25 6
a 674 1245 0 19 6
a 677 642 0 25 7
a 677 17 0 35 4
a 678 1750 0 25 6
a 678 186 0 30 10
a 680 428 0 25 1
a 680 118 0 15 2
a 682 678 0 25 5
a 682 1433 0 31 5
a 683 767 0 25 3
a 683 1275 0 15 7
a 684 1604 0 25 1
a 684 744 0 8 3
a 685 1483 0 25 5
a 685 1700 0 7 10
a 688 910 0 25 9
a 688 1870 0 0 4
a 690 1025 0 25 4
a 690 1226 0 39 6
a 691 855 0 25 4
a 691 1111 0 9 10
a 694 1102 0 25 2
a 694 67 0 30 10
a 696 804 0 25 7
a 696 919 0 34 4
a 698 982 0 25 5
a 698 238 0 44 7
a 699 123 0 25 1
a 699 161 0 13 3
a 702 1976 0 25 5
a 702 1034 0 10 5
a 703 263 0 25 5
a 703 226 0 4 10
a 706 381 0 25 9
a 706 739 0 40 8
a 709 186 0 25 8
a 709 723 0 45 6
a 712 222 0 25 8
a 712 125 0 1 2
a 714 444 0 25 5
a 714 1972 0 30 3
a 718 255 0 25 1
a 718 265 0 41 3
a 719 1441 0 25 3
a 719 900 0 38 8
a 721 1301 0 25 3
a 721 1023 0 27 7
a 723 1640 0 25 8
a 723 1636 0 8 7
a 725 1373 0 25 8
a 725 1598 0 38 9
a 728 383 0 25 8
a 728 1327 0 50 2
a 730 1511 0 25 10
a 730 1874 0 14 7
a 731 456 0 25 1
a 731 338 0 10 10
a 736 415 0 25 7
a 736 563 0 18 3
a 738 1481 0 25 9
a 738 188 0 50 5
a 740 1794 0 25 4
a 740 69 0 46 3
a 741 1173 0 25 1
a 741 233 0 46 1
a 742 1276 0 25 7
a 742 199 0 10 1
a 743 1650 0 25 3
a 743 1395 0 38 4
a 745 361 0 25 4
a 745 1868 0 42 2
a 746 921 0 25 3
a 746 108 0 22 9
a 749 102 0 25 6
a 749 1399 0 37 3
a 751 1375 0 25 5
a 751 1391 0 46 1
a 752 709 0 25 1
a 752 1546 0 21 7
a 759 155 0 25 3
a 759 1406 0 23 7
a 761 1551 0 25 8
a 761 898 0 15 8
a 762 327 0 25 9
a 762 1729 0 21 6
a 764 339 0 25 10
a 764 328 0 4 8
a 767 1418 0 25 1
a 767 300 0 24 1
a 768 67 0 25 5
a 768 1748 0 3 4
a 770 1692 0 25 8
a 770 1382 0 41 5
a 771 332 0 25 6
a 771 1022 0 29 3
a 773 937 0 25 5
a 773 380 0 38 6
a 774 1092 0 25 4
a 774 1442 0 7 8
a 775 521 0 25 5
a 775 1041 0 14 4
a 776 412 0 25 8
a 776 891 0 5 8
a 779 610 0 25 10
a 779 1097 0 45 4
a 780 1142 0 25 1
a 780 1862 0 23 7
a 786 1159 0 25 7
a 786 164 0 22 3
a 787 1754 0 25 4
a 787 306 0 48 9
a 789 685 0 25 4
a 789 1733 0 16 1
a 790 1249 0 25 3
a 790 128 0 48 8
a 791 1996 0 25 5
a 791 1302 0 24 10
a 792 336 0 25 2
a 792 1896 0 21 7
a 795 1985 0 25 10
a 795 57 0 43 5
a 797 331 0 25 6
a 797 1937 0 21 1
a 799 684 0 25 4
a 799 1930 0 16 2
a 804 315 0 25 9
a 804 1483 0 47 10
a 806 234 0 25 9
a 806 801 0 43 2
a 807 142 0 25 9
a 807 1515 0 2 10
a 808 333 0 25 5
a 808 938 0 13 5
a 809 1119 0 25 3
a 809 938 0 3 3
a 813 475 0 25 2
a 813 780 0 50 6
a 815 799 0 25 4
a 815 1013 0 22 5
a 818 1758 0 25 1
a 818 544 0 4 9
a 819 1793 0 25 6
a 819 187 0 40 9
a 820 507 0 25 2
a 820 1747 0 45 10
a 821 402 0 25 2
a 821 1026 0 27 10
a 823 296 0 25 2
a 823 59 0 46 4
a 826 1997 0 25 4
a 826 1842 0 46 1
a 827 926 0 25 4
a 827 771 0 37 2
a 829 738 0 25 2
a 829 1568 0 4 6
a 833 585 0 25 2
a 833 637 0 24 7
a 835 1011 0 25 4
a 835 1629 0 19 7
a 836 1382 0 25 5
a 836 694 0 38 1
a 837 9 0 25 9
a 837 1699 0 25 9
a 839 182 0 25 10
a 839 1070 0 24 7
a 842 1283 0 25 2
a 842 1036 0 17 5
a 851 1588 0 25 8
a 851 585 0 21 9
a 853 1927 0 25 5
a 853 1090 0 16 1
a 855 612 0 25 9
a 855 1693 0 21 9
a 857 719 0 25 5
a 857 1359 0 17 7
a 859 348 0 25 4
a 859 437 0 6 3
a 860 193 0 25 5
a 860 540 0 11 5
a 861 1737 0 25 8
a 861 1785 0 3 2
a 867 644 0 25 3
a 867 624 0 37 2
a 868 1614 0 25 3
a 868 46 0 6 9
a 869 1755 0 25 3
a 869 1918 0 16 8
a 870 288 0 25 7
a 870 215 0 11 7
a 872 160 0 25 8
a 872 1932 0 23 10
a 874 114 0 25 3
a 874 1392 0 37 6
a 877 202 0 25 1
a 877 662 0 33 6
a 878 680 0 25 6
a 878 153 0 24 7
a 881 1709 0 25 4
a 881 195 0 25 4
a 883 4 0 25 4
a 883 1935 0 43 10
a 886 768 0 25 9
a 886 685 0 49 10
a 888 1947 0 25 7
a 888 81 0 1 4
a 890 95 0 25 7
a 890 1672 0 29 3
a 898 365 0 25 6
a 898 1492 0 28 1
a 899 1078 0 25 3
a 899 968 0 27 3
a 903 345 0 25 10
a 903 436 0 2 7
a 904 274 0 25 6
a 904 548 0 37 8
a 906 842 0 25 4
a 906 1387 0 45 1
a 910 1002 0 25 1
a 910 1982 0 13 10
a 912 1507 0 25 4
a 912 1176 0 2 8
a 914 1188 0 25 2
a 914 1957 0 18 7
a 916 192 0 25 10
a 916 1780 0 24 5
a 917 759 0 25 6
a 917 26 0 12 1
a 918 966 0 25 5
a 918 611 0 29 3
a 921 993 0 25 9
a 921 581 0 17 9
a 926 807 0 25 3
a 926 156 0 40 5
a 927 1713 0 25 2
a 927 1962 0 14 7
a 928 1095 0 25 5
a 928 402 0 9 8
a 929 1783 0 25 1
a 929 323 0 0 3
a 930 603 0 25 5
a 930 1586 0 41 3
a 931 570 0 25 8
a 931 1479 0 7 1
a 936 1258 0 25 2
a 936 1054 0 45 7
a 937 243 0 25 4
a 937 608 0 44 9
a 938 152 0 25 2
a 938 1429 0 20 9
a 939 1743 0 25 4
a 939 900 0 24 10
a 941 1311 0 25 1
a 941 432 0 10 5
a 942 1767 0 25 3
a 942 1572 0 36 2
a 944 1995 0 25 6
a 944 138 0 22 2
a 950 1087 0 25 2
a 950 1878 0 35 5
a 953 698 0 25 5
a 953 275 0 50 9
a 955 986 0 25 4
a 955 1646 0 14 4
a 959 1024 0 25 10
a 959 1363 0 35 2
a 960 492 0 25 10
a 960 1139 0 17 9
a 962 1657 0 25 2
a 962 1874 0 35 5
a 963 1684 0 25 5
a 963 954 0 11 9
a 964 325 0 25 10
a 964 1731 0 22 4
a 965 1224 0 25 7
a 965 1943 0 38 7
a 966 409 0 25 10
a 966 1811 0 12 5
a 968 1900 0 25 10
a 968 1338 0 7 9
a 973 119 0 25 10
a 973 791 0 43 6
a 974 104 0 25 10
a 974 871 0 1 1
a 975 1042 0 25 3
a 975 544 0 0 8
a 976 1888 0 25 5
a 976 1407 0 24 2
a 977 34 0 25 4
a 977 238 0 2 2
a 979 861 0 25 9
a 979 1521 0 19 8
a 982 669 0 25 4
a 982 1242 0 4 4
a 983 941 0 25 7
a 983 1525 0 23 9
a 984 659 0 25 1
a 984 918 0 19 9
a 985 950 0 25 10
a 985 1558 0 46 5
a 986 143 0 25 9
a 986 1293 0 36 8
a 987 703 0 25 5
a 987 190 0 10 4
a 988 743 0 25 10
a 988 724 0 46 3
a 989 1189 0 25 6
a 989 1607 0 50 1
a 991 300 0 25 6
a 991 1817 0 36 9
a 993 1693 0 25 7
a 993 78 0 34 8
a 994 1438 0 25 10
a 994 97 0 23 4
a 995 1643 0 25 2
a 995 1524 0 15 4
a 999 191 0 25 4
a 999 1636 0 48 4
a 1000 904 0 25 3
a 1000 1830 0 47 3
a 1001 1365 0 25 5
a 1001 1946 0 4 6
a 1002 522 0 25 4
a 1002 946 0 47 1
a 1003 224 0 25 2
a 1003 1201 0 0 7
a 1004 1272 0 25 10
a 1004 169 0 11 1
a 1006 1901 0 25 1
a 1006 868 0 39 2
a 1009 1765 0 25 7
a 1009 645 0 26 2
a 1010 1243 0 25 5
a 1010 607 0 50 5
a 1011 860 0 25 5
a 1011 921 0 27 6
a 1012 506 0 25 6
a 1012 357 0 23 2
a 1013 1177 0 25 6
a 1013 1100 0 24 4
a 1014 989 0 25 6
a 1014 893 0 30 3
a 1016 1630 0 25 7
a 1016 1658 0 49 4
a 1019 528 0 25 2
a 1019 1453 0 28 7
a 1020 371 0 25 10
a 1020 1783 0 2 5
a 1024 821 0 25 4
a 1024 684 0 3 1
a 1025 731 0 25 5
a 1025 1191 0 42 10
a 1027 532 0 25 5
a 1027 1116 0 45 8
a 1029 1662 0 25 2
a 1029 1299 0 0 3
a 1030 360 0 25 5
a 1030 1159 0 30 2
a 1031 302 0 25 6
a 1031 1441 0 48 3
a 1033 786 0 25 6
a 1033 144 0 40 3
a 1034 706 0 25 4
a 1034 879 0 24 4
a 1037 1370 0 25 4
a 1037 505 0 37 8
a 1041 1345 0 25 8
a 1041 1582 0 28 4
a 1042 775 0 25 4
a 1042 914 0 15 10
a 1044 1535 0 25 8
a 1044 1134 0 34 2
a 1045 1402 0 25 6
a 1045 1474 0 49 5
a 1048 779 0 25 10
a 1048 1136 0 50 10
a 1051 259 0 25 9
a 1051 1560 0 40 6
a 1052 1462 0 25 9
a 1052 795 0 49 9
a 1054 207 0 25 6
a 1054 1465 0 29 9
a 1056 1467 0 25 2
a 1056 1082 0 16 10
a 1059 1517 0 25 7
a 1059 1699 0 20 5
a 1061 1069 0 25 1
a 1061 1674 0 0 7
a 1063 1006 0 25 10
a 1063 1599 0 37 3
a 1064 1270 0 25 3
a 1064 58 0 49 7
a 1065 614 0 25 7
a 1065 450 0 41 9
a 1069 1031 0 25 4
a 1069 895 0 49 4
a 1070 764 0 25 10
a 1070 396 0 45 10
a 1071 1955 0 25 1
a 1071 361 0 26 2
a 1072 1275 0 25 6
a 1072 275 0 17 9
a 1074 1908 0 25 3
a 1074 554 0 17 6
a 1075 1310 0 25 8
a 1075 1762 0 2 8
a 1077 18 0 25 2
a 1077 1665 0 3 1
a 1078 1957 0 25 2
a 1078 1434 0 32 3
a 1080 736 0 25 3
a 1080 1590 0 24 5
a 1083 1213 0 25 7
a 1083 794 0 0 3
a 1084 287 0 25 8
a 1084 696 0 27 8
a 1087 1616 0 25 3
a 1087 100 0 37 10
a 1090 987 0 25 9
a 1090 1592 0 10 4
a 1091 1537 0 25 1
a 1091 138 0 15 2
a 1092 912 0 25 6
a 1092 885 0 43 6
a 1093 1488 0 25 2
a 1093 1504 0 50 8
a 1094 600 0 25 3
a 1094 474 0 1 7
a 1095 432 0 25 1
a 1095 1041 0 3 9
a 1097 976 0 25 2
a 1097 257 0 30 1
a 1098 1941 0 25 5
a 1098 1956 0 3 1
a 1099 1929 0 25 1
a 1099 845 0 20 4
a 1101 60 0 25 6
a 1101 1747 0 38 9
a 1102 1030 0 25 7
a 1102 1166 0 0 1
a 1103 1351 0 25 2
a 1103 959 0 29 8
a 1106 473 0 25 7
a 1106 334 0 22 7
a 1108 294 0 25 5
a 1108 456 0 31 6
a 1109 68 0 25 3
a 1109 1685 0 2 6
a 1110 1687 0 25 5
a 1110 458 0 9 3
a 1114 1090 0 25 8
a 1114 1048 0 24 10
a 1115 607 0 25 3
a 1115 1992 0 28 6
a 1116 272 0 25 4
a 1116 966 0 30 6
a 1119 1469 0 25 8
a 1119 1568 0 17 6
a 1122 1044 0 25 5
a 1122 1536 0 35 4
a 1124 233 0 25 8
a 1124 994 0 12 10
a 1125 1380 0 25 7
a 1125 938 0 2 10
a 1128 1436 0 25 5
a 1128 1813 0 50 4
a 1130 1106 0 25 2
a 1130 303 0 0 4
a 1132 1979 0 25 6
a 1132 350 0 7 2
a 1133 1552 0 25 5
a 1133 1451 0 3 5
a 1139 1346 0 25 2
a 1139 507 0 8 6
a 1141 797 0 25 3
a 1141 459 0 7 4
a 1142 3 0 25 9
a 1142 1869 0 6 7
a 1143 78 0 25 1
a 1143 1652 0 16 6
a 1144 546 0 25 3
a 1144 781 0 17 2
a 1150 437 0 25 9
a 1150 228 0 38 9
a 1154 1970 0 25 4
a 1154 991 0 27 6
a 1156 1644 0 25 3
a 1156 1080 0 20 3
a 1159 1214 0 25 7
a 1159 1091 0 48 7
a 1161 1204 0 25 4
a 1161 298 0 11 6
a 1165 385 0 25 7
a 1165 1541 0 18 1
a 1166 376 0 25 1
a 1166 29 0 19 10
a 1168 655 0 25 6
a 1168 5 0 12 5
a 1169 1619 0 25 6
a 1169 1261 0 43 8
a 1173 1037 0 25 3
a 1173 915 0 34 3
a 1177 1371 0 25 1
a 1177 1726 0 4 9
a 1184 32 0 25 7
a 1184 1001 0 18 6
a 1185 1480 0 25 8
a 1185 1070 0 49 10
a 1187 1298 0 25 9
a 1187 247 0 10 4
a 1188 120 0 25 7
a 1188 926 0 38 10
a 1189 1598 0 25 4
a 1189 156 0 6 5
a 1190 677 0 25 3
a 1190 1405 0 42 3
a 1192 196 0 25 3
a 1192 1071 0 35 1
a 1194 837 0 25 8
a 1194 1017 0 32 10
a 1196 745 0 25 4
a 1196 188 0 12 7
a 1197 547 0 25 8
a 1197 837 0 24 2
a 1198 1975 0 25 8
a 1198 668 0 29 9
a 1199 474 0 25 8
a 1199 84 0 28 1
a 1201 1856 0 25 4
a 1201 1789 0 13 6
a 1203 282 0 25 4
a 1203 1245 0 41 3
a 1204 597 0 25 8
a 1204 614 0 43 10
a 1206 1715 0 25 7
a 1206 1302 0 29 6
a 1208 306 0 25 2
a 1208 34 0 27 7
a 1213 1003 0 25 2
a 1213 839 0 4 3
a 1214 1288 0 25 7
a 1214 990 0 18 1
a 1217 1818 0 25 4
a 1217 244 0 46 5
a 1218 973 0 25 10
a 1218 1660 0 37 1
a 1219 938 0 25 10
a 1219 514 0 46 4
a 1222 667 0 25 1
a 1222 834 0 2 9
a 1224 1726 0 25 6
a 1224 1965 0 26 9
a 1225 251 0 25 10
a 1225 1593 0 27 9
a 1227 367 0 25 2
a 1227 153 0 25 6
a 1228 1450 0 25 3
a 1228 576 0 42 5
a 1229 1052 0 25 9
a 1229 1907 0 13 5
a 1236 435 0 25 5
a 1236 909 0 43 7
a 1239 1206 0 25 5
a 1239 1538 0 34 10
a 1242 1093 0 25 8
a 1242 263 0 11 6
a 1243 1187 0 25 1
a 1243 1454 0 47 3
a 1245 1648 0 25 9
a 1245 1236 0 42 9
a 1247 135 0 25 9
a 1247 338 0 36 9
a 1248 633 0 25 10
a 1248 1068 0 4 2
a 1249 1412 0 25 7
a 1249 933 0 11 4
a 1251 38 0 25 6
a 1251 220 0 17 1
a 1255 1282 0 25 3
a 1255 1609 0 24 4
a 1258 1844 0 25 5
a 1258 462 0 15 3
a 1259 1576 0 25 7
a 1259 796 0 41 8
a 1260 1624 0 25 5
a 1260 398 0 4 10
a 1265 424 0 25 5
a 1265 973 0 41 6
a 1266 1606 0 25 10
a 1266 1086 0 12 10
a 1267 1836 0 25 5
a 1267 213 0 45 9
a 1269 1245 0 25 10
a 1269 312 0 50 7
a 1270 197 0 25 10
a 1270 177 0 26 3
a 1271 466 0 25 6
a 1271 1485 0 9 5
a 1272 942 0 25 5
a 1272 214 0 5 1
a 1274 168 0 25 5
a 1274 537 0 0 1
a 1275 1950 0 25 3
a 1275 537 0 27 4
a 1276 319 0 25 3
a 1276 117 0 45 9
a 1279 478 0 25 8
a 1279 677 0 15 5
a 1280 1882 0 25 10
a 1280 1908 0 23 8
a 1281 1538 0 25 10
a 1281 472 0 23 8
a 1282 254 0 25 9
a 1282 392 0 40 1
a 1283 963 0 25 2
a 1283 1786 0 38 3
a 1284 146 0 25 5
a 1284 849 0 4 8
a 1285 836 0 25 5
a 1285 568 0 18 7
a 1286 1289 0 25 7
a 1286 818 0 3 6
a 1287 1618 0 25 3
a 1287 523 0 25 4
a 1288 1919 0 25 9
a 1288 373 0 39 6
a 1289 221 0 25 2
a 1289 1445 0 34 1
a 1291 1594 0 25 1
a 1291 1440 0 23 4
a 1295 20 0 25 10
a 1295 305 0 20 2
a 1298 342 0 25 3
a 1298 1526 0 4 2
a 1299 1830 0 25 8
a 1299 356 0 6 3
a 1301 1541 0 25 4
a 1301 1291 0 12 9
a 1302 1512 0 25 3
a 1302 341 0 43 2
a 1303 488 0 25 10
a 1303 1340 0 31 4
a 1307 1169 0 25 2
a 1307 535 0 45 5
a 1308 304 0 25 8
a 1308 1348 0 35 7
a 1310 1597 0 25 6
a 1310 1234 0 24 5
a 1311 1833 0 25 9
a 1311 1940 0 31 7
a 1312 1724 0 25 8
a 1312 1106 0 11 2
a 1314 1010 0 25 7
a 1314 1641 0 40 10
a 1323 439 0 25 9
a 1323 1057 0 8 3
a 1324 869 0 25 7
a 1324 612 0 16 5
a 1325 461 0 25 8
a 1325 219 0 3 1
a 1326 35 0 25 5
a 1326 1089 0 20 8
a 1327 389 0 25 4
a 1327 1864 0 2 7
a 1328 1442 0 25 7
a 1328 1422 0 4 5
a 1329 396 0 25 2
a 1329 1182 0 44 8
a 1332 213 0 25 6
a 1332 194 0 7 4
a 1335 917 0 25 4
a 1335 229 0 5 10
a 1336 1075 0 25 1
a 1336 1948 0 32 5
a 1337 1886 0 25 10
a 1337 1720 0 26 7
a 1341 751 0 25 7
a 1341 1019 0 19 6
a 1342 1602 0 25 4
a 1342 826 0 1 10
a 1343 177 0 25 1
a 1343 1283 0 4 3
a 1344 1739 0 25 6
a 1344 1997 0 42 8
a 1345 1596 0 25 5
a 1345 633 0 9 6
a 1346 1029 0 25 3
a 1346 1366 0 41 10
a 1347 12 0 25 6
a 1347 1438 0 32 2
a 1349 742 0 25 1
a 1349 1283 0 49 2
a 1351 393 0 25 9
a 1351 486 0 2 8
a 1354 1977 0 25 1
a 1354 554 0 20 8
a 1355 1048 0 25 3
a 1355 554 0 4 2
a 1357 1564 0 25 5
a 1357 1786 0 2 2
a 1358 1474 0 25 5
a 1358 275 0 45 8
a 1360 1013 0 25 6
a 1360 1451 0 2 3
a 1361 658 0 25 4
a 1361 1083 0 0 9
a 1364 1911 0 25 8
a 1364 1871 0 32 8
a 1365 1867 0 25 5
a 1365 1552 0 10 5
a 1367 618 0 25 6
a 1367 409 0 24 3
a 1368 548 0 25 9
a 1368 1702 0 3 10
a 1370 281 0 25 6
a 1370 607 0 42 2
a 1371 770 0 25 1
a 1371 1049 0 10 7
a 1373 936 0 25 3
a 1373 1721 0 23 7
a 1375 1706 0 25 4
a 1375 878 0 9 3
a 1377 253 0 25 4
a 1377 1645 0 11 1
a 1378 43 0 25 2
a 1378 1581 0 10 3
a 1380 1729 0 25 7
a 1380 900 0 15 10
a 1382 1114 0 25 7
a 1382 793 0 11 2
a 1383 809 0 25 10
a 1383 473 0 43 8
a 1384 746 0 25 7
a 1384 1619 0 12 5
a 1386 1071 0 25 9
a 1386 771 0 47 6
a 1387 988 0 25 2
a 1387 1057 0 38 5
a 1390 292 0 25 10
a 1390 1471 0 44 3
a 1391 1780 0 25 2
a 1391 581 0 45 7
a 1393 1012 0 25 10
a 1393 1347 0 33 9
a 1394 1654 0 25 9
a 1394 1165 0 40 6
a 1395 1525 0 25 6
a 1395 1970 0 36 2
a 1400 1000 0 25 10
a 1400 1274 0 5 10
a 1401 1944 0 25 1
a 1401 1159 0 38 2
a 1402 1607 0 25 5
a 1402 744 0 25 1
a 1404 369 0 25 7
a 1404 574 0 36 2
a 1406 674 0 25 10
a 1406 1459 0 49 7
a 1407 174 0 25 6
a 1407 1719 0 25 2
a 1408 1617 0 25 1
a 1408 443 0 34 10
a 1410 394 0 25 1
a 1410 303 0 13 7
a 1412 22 0 25 10
a 1412 1899 0 4 9
a 1414 529 0 25 10
a 1414 1839 0 27 4
a 1415 1479 0 25 4
a 1415 646 0 30 2
a 1417 166 0 25 1
a 1417 1040 0 4 4
a 1418 48 0 25 3
a 1418 1396 0 27 5
a 1423 1154 0 25 8
a 1423 1492 0 14 10
a 1425 1846 0 25 8
a 1425 600 0 47 10
a 1428 1308 0 25 4
a 1428 468 0 28 6
a 1429 714 0 25 10
a 1429 955 0 16 1
a 1430 257 0 25 4
a 1430 824 0 13 8
a 1432 1287 0 25 5
a 1432 418 0 47 4
a 1433 977 0 25 2
a 1433 45 0 3 4
a 1436 321 0 25 4
a 1436 1709 0 47 7
a 1438 1196 0 25 1
a 1438 1819 0 6 8
a 1439 217 0 25 10
a 1439 1206 0 40 4
a 1440 682 0 25 8
a 1440 1236 0 17 7
a 1441 508 0 25 1
a 1441 1101 0 50 9
a 1442 1738 0 25 8
a 1442 1575 0 5 6
a 1445 109 0 25 5
a 1445 879 0 34 6
a 1449 1510 0 25 10
a 1449 1357 0 6 7
a 1450 1775 0 25 3
a 1450 1804 0 33 7
a 1453 1897 0 25 2
a 1453 100 0 11 1
a 1455 1504 0 25 7
a 1455 697 0 26 2
a 1460 266 0 25 6
a 1460 292 0 31 5
a 1461 1077 0 25 8
a 1461 477 0 27 5
a 1462 1838 0 25 8
a 1462 476 0 6 7
a 1464 1948 0 25 4
a 1464 1779 0 22 2
a 1465 1445 0 25 9
a 1465 921 0 34 2
a 1467 872 0 25 10
a 1467 720 0 10 5
a 1469 1584 0 25 7
a 1469 990 0 33 9
a 1474 928 0 25 7
a 1474 419 0 4 5
a 1475 1777 0 25 3
a 1475 1138 0 50 10
a 1478 267 0 25 4
a 1478 398 0 47 10
a 1479 647 0 25 1
a 1479 155 0 28 7
a 1480 1260 0 25 2
a 1480 1507 0 9 4
a 1481 262 0 25 1
a 1481 1456 0 4 10
a 1482 1342 0 25 9
a 1482 464 0 30 10
a 1483 16 0 25 10
a 1483 540 0 2 6
a 1484 164 0 25 1
a 1484 154 0 11 10
a 1488 665 0 25 4
a 1488 329 0 40 1
a 1490 299 0 25 3
a 1490 1292 0 15 3
a 1493 552 0 25 10
a 1493 522 0 18 8
a 1503 249 0 25 2
a 1503 1319 0 3 10
a 1504 968 0 25 6
a 1504 1340 0 48 9
a 1507 485 0 25 8
a 1507 94 0 39 6
a 1508 1101 0 25 5
a 1508 115 0 22 5
a 1510 806 0 25 10
a 1510 1706 0 31 5
a 1511 144 0 25 1
a 1511 1761 0 26 6
a 1512 1664 0 25 4
a 1512 1848 0 8 3
a 1515 309 0 25 9
a 1515 1824 0 15 5
a 1517 1827 0 25 10
a 1517 1247 0 43 10
a 1519 874 0 25 2
a 1519 1608 0 50 3
a 1521 316 0 25 4
a 1521 415 0 16 2
a 1522 500 0 25 6
a 1522 1602 0 43 2
a 1525 1490 0 25 2
a 1525 437 0 15 9
a 1526 176 0 25 5
a 1526 1719 0 21 9
a 1529 1428 0 25 8
a 1529 1358 0 4 8
a 1531 404 0 25 6
a 1531 1046 0 42 3
a 1535 1165 0 25 3
a 1535 493 0 45 3
a 1537 774 0 25 10
a 1537 1299 0 24 10
a 1538 1144 0 25 3
a 1538 2000 0 25 8
a 1539 1208 0 25 2
a 1539 675 0 27 6
a 1540 201 0 25 8
a 1540 1647 0 40 7
a 1541 446 0 25 10
a 1541 987 0 4 2
a 1542 653 0 25 1
a 1542 276 0 24 1
a 1545 565 0 25 6
a 1545 1143 0 36 5
a 1546 566 0 25 5
a 1546 1551 0 41 2
a 1547 434 0 25 5
a 1547 645 0 49 9
a 1549 820 0 25 3
a 1549 1810 0 27 8
a 1551 1103 0 25 9
a 1551 920 0 4 8
a 1552 153 0 25 8
a 1552 382 0 10 2
a 1553 400 0 25 2
a 1553 1490 0 9 5
a 1554 127 0 25 10
a 1554 275 0 23 8
a 1559 429 0 25 6
a 1559 1789 0 21 2
a 1560 358 0 25 4
a 1560 1660 0 32 6
a 1561 40 0 25 10
a 1561 312 0 43 1
a 1562 1747 0 25 3
a 1562 995 0 39 2
a 1564 284 0 25 7
a 1564 972 0 47 7
a 1575 401 0 25 7
a 1575 1194 0 22 4
a 1576 944 0 25 5
a 1576 334 0 16 5
a 1578 1054 0 25 2
a 1578 1167 0 9 5
a 1579 1168 0 25 5
a 1579 1325 0 6 2
a 1584 1364 0 25 4
a 1584 141 0 6 6
a 1588 898 0 25 8
a 1588 604 0 18 9
a 1591 395 0 25 2
a 1591 172 0 25 8
a 1593 1110 0 25 2
a 1593 1747 0 9 2
a 1594 1280 0 25 8
a 1594 1046 0 48 7
a 1595 1695 0 25 6
a 1595 1025 0 39 6
a 1596 1711 0 25 5
a 1596 1245 0 27 4
a 1597 1774 0 25 4
a 1597 1076 0 46 7
a 1598 1872 0 25 2
a 1598 1390 0 38 3
a 1600 718 0 25 2
a 1600 58 0 15 3
a 1602 1549 0 25 10
a 1602 728 0 12 9
a 1604 498 0 25 7
a 1604 1689 0 27 6
a 1606 1203 0 25 6
a 1606 1807 0 36 7
a 1607 1631 0 25 8
a 1607 437 0 46 2
a 1612 741 0 25 4
a 1612 760 0 37 3
a 1613 815 0 25 7
a 1613 1967 0 11 4
a 1614 587 0 25 8
a 1614 1749 0 26 4
a 1615 347 0 25 10
a 1615 952 0 29 4
a 1616 517 0 25 8
a 1616 1865 0 45 3
a 1617 440 0 25 3
a 1617 1272 0 13 9
a 1618 33 0 25 5
a 1618 793 0 10 2
a 1619 859 0 25 3
a 1619 476 0 11 6
a 1624 1925 0 25 9
a 1624 1332 0 19 4
a 1625 1593 0 25 2
a 1625 1601 0 50 6
a 1630 1269 0 25 1
a 1630 455 0 22 6
a 1631 632 0 25 1
a 1631 259 0 6 1
a 1632 1453 0 25 5
a 1632 571 0 47 4
a 1633 41 0 25 7
a 1633 810 0 6 6
a 1635 773 0 25 9
a 1635 464 0 37 6
a 1638 515 0 25 1
a 1638 431 0 5 7
a 1640 470 0 25 8
a 1640 484 0 49 7
a 1642 354 0 25 7
a 1642 68 0 0 7
a 1643 1070 0 25 3
a 1643 779 0 34 4
a 1644 1546 0 25 4
a 1644 819 0 1 2
a 1645 1600 0 25 6
a 1645 1014 0 42 6
a 1648 1266 0 25 4
a 1648 1240 0 12 8
a 1650 771 0 25 4
a 1650 23 0 4 1
a 1654 1817 0 25 3
a 1654 1997 0 23 5
a 1657 827 0 25 5
a 1657 1750 0 49 10
a 1658 1059 0 25 4
a 1658 335 0 31 5
a 1662 225 0 25 8
a 1662 606 0 44 4
a 1664 594 0 25 1
a 1664 142 0 13 6
a 1665 1192 0 25 1
a 1665 1987 0 40 3
a 1667 1161 0 25 7
a 1667 1387 0 1 8
a 1669 390 0 25 8
a 1669 114 0 40 2
a 1671 1560 0 25 3
a 1671 144 0 8 5
a 1672 1360 0 25 3
a 1672 986 0 6 1
a 1676 1943 0 25 6
a 1676 768 0 5 4
a 1679 438 0 25 6
a 1679 1548 0 37 3
a 1680 533 0 25 5
a 1680 1514 0 5 1
a 1682 1877 0 25 2
a 1682 706 0 12 10
a 1683 1349 0 25 1
a 1683 868 0 28 3
a 1684 1984 0 25 10
a 1684 1375 0 49 10
a 1685 1821 0 25 1
a 1685 876 0 5 2
a 1686 1701 0 25 3
a 1686 1691 0 14 7
a 1687 1259 0 25 5
a 1687 1352 0 31 4
a 1690 1184 0 25 3
a 1690 281 0 33 8
a 1692 1133 0 25 1
a 1692 1163 0 39 5
a 1693 646 0 25 1
a 1693 1814 0 12 7
a 1695 1835 0 25 5
a 1695 1974 0 27 2
a 1696 780 0 25 6
a 1696 1549 0 21 10
a 1697 1642 0 25 1
a 1697 1209 0 12 2
a 1701 1562 0 25 8
a 1701 1226 0 47 10
a 1706 1850 0 25 9
a 1706 703 0 45 7
a 1709 245 0 25 6
a 1709 552 0 38 9
a 1711 575 0 25 8
a 1711 770 0 50 4
a 1713 442 0 25 9
a 1713 1419 0 10 10
a 1714 725 0 25 7
a 1714 1344 0 41 3
a 1715 671 0 25 4
a 1715 1309 0 24 1
a 1724 1326 0 25 5
a 1724 1013 0 17 4
a 1726 463 0 25 5
a 1726 976 0 44 4
a 1729 1915 0 25 7
a 1729 1843 0 13 5
a 1736 1772 0 25 1
a 1736 172 0 19 10
a 1737 1336 0 25 6
a 1737 1545 0 48 6
a 1738 145 0 25 1
a 1738 1330 0 16 9
a 1739 1547 0 25 2
a 1739 1671 0 26 1
a 1740 1963 0 25 10
a 1740 740 0 48 2
a 1742 295 0 25 3
a 1742 451 0 0 4
a 1743 1795 0 25 6
a 1743 1699 0 2 3
a 1744 260 0 25 2
a 1744 525 0 44 9
a 1747 712 0 25 10
a 1747 1172 0 7 9
a 1748 59 0 25 2
a 1748 89 0 10 2
a 1750 762 0 25 9
a 1750 1931 0 39 2
a 1751 536 0 25 5
a 1751 1605 0 48 5
a 1754 1271 0 25 8
a 1754 519 0 47 9
a 1755 1440 0 25 8
a 1755 615 0 21 10
a 1758 1978 0 25 6
a 1758 1195 0 22 8
a 1760 1312 0 25 1
a 1760 457 0 14 3
a 1765 1217 0 25 2
a 1765 185 0 36 5
a 1767 930 0 25 4
a 1767 1694 0 48 5
a 1770 286 0 25 3
a 1770 1433 0 31 10
a 1772 1072 0 25 5
a 1772 719 0 29 1
a 1774 228 0 25 2
a 1774 1216 0 31 6
a 1775 1368 0 25 1
a 1775 1732 0 28 4
a 1777 427 0 25 5
a 1777 1180 0 14 1
a 1780 1197 0 25 8
a 1780 569 0 30 6
a 1783 1965 0 25 3
a 1783 1002 0 0 6
a 1784 1967 0 25 1
a 1784 1695 0 9 1
a 1785 702 0 25 10
a 1785 887 0 19 3
a 1786 322 0 25 10
a 1786 538 0 47 1
a 1789 1612 0 25 5
a 1789 1679 0 46 1
a 1793 890 0 25 1
a 1793 24 0 26 1
a 1794 1834 0 25 8
a 1794 3 0 39 1
a 1795 1248 0 25 9
a 1795 833 0 0 9
a 1798 1683 0 25 5
a 1798 269 0 47 6
a 1801 1887 0 25 1
a 1801 1270 0 49 7
a 1806 833 0 25 7
a 1806 979 0 43 2
a 1812 999 0 25 1
a 1812 1145 0 17 10
a 1816 881 0 25 6
a 1816 525 0 41 5
a 1817 1185 0 25 4
a 1817 1937 0 12 2
a 1818 1519 0 25 6
a 1818 388 0 36 3
a 1819 823 0 25 2
a 1819 743 0 29 4
a 1821 752 0 25 2
a 1821 47 0 6 4
a 1822 776 0 25 9
a 1822 68 0 4 10
a 1825 375 0 25 8
a 1825 1873 0 32 6
a 1827 519 0 25 4
a 1827 90 0 0 8
a 1830 1098 0 25 6
a 1830 783 0 11 1
a 1832 1201 0 25 7
a 1832 1271 0 28 4
a 1833 1475 0 25 10
a 1833 778 0 36 4
a 1834 1561 0 25 1
a 1834 499 0 19 7
a 1835 1680 0 25 8
a 1835 1151 0 3 1
a 1836 1343 0 25 2
a 1836 977 0 23 2
a 1837 613 0 25 6
a 1837 680 0 5 8
a 1838 242 0 25 10
a 1838 886 0 19 10
a 1840 1508 0 25 4
a 1840 1363 0 32 3
a 1841 1714 0 25 8
a 1841 1346 0 14 4
a 1844 1540 0 25 3
a 1844 413 0 30 4
a 1846 960 0 25 8
a 1846 87 0 49 8
a 1850 1578 0 25 5
a 1850 706 0 6 7
a 1851 1760 0 25 8
a 1851 1633 0 36 5
a 1852 1934 0 25 8
a 1852 700 0 26 3
a 1855 1874 0 25 4
a 1855 1981 0 47 1
a 1856 608 0 25 9
a 1856 1432 0 4 10
a 1857 1094 0 25 10
a 1857 1035 0 16 8
a 1860 1141 0 25 8
a 1860 1082 0 32 1
a 1861 835 0 25 1
a 1861 450 0 48 4
a 1862 683 0 25 1
a 1862 1645 0 1 8
a 1863 1122 0 25 3
a 1863 98 0 35 10
a 1866 87 0 25 3
a 1866 1431 0 21 5
a 1867 790 0 25 9
a 1867 956 0 50 5
a 1868 1128 0 25 2
a 1868 304 0 37 7
a 1872 787 0 25 6
a 1872 971 0 4 2
a 1874 953 0 25 7
a 1874 1574 0 15 7
a 1877 280 0 25 10
a 1877 1717 0 31 3
a 1882 620 0 25 3
a 1882 1829 0 42 6
a 1884 1166 0 25 6
a 1884 292 0 5 5
a 1886 98 0 25 8
a 1886 1511 0 36 3
a 1887 411 0 25 7
a 1887 932 0 45 4
a 1888 148 0 25 7
a 1888 545 0 24 7
a 1892 826 0 25 1
a 1892 1566 0 29 10
a 1897 1529 0 25 8
a 1897 536 0 34 5
a 1898 150 0 25 8
a 1898 1913 0 35 4
a 1900 792 0 25 7
a 1900 1633 0 3 2
a 1901 994 0 25 4
a 1901 1993 0 23 3
a 1906 1335 0 25 2
a 1906 58 0 50 3
a 1908 1199 0 25 1
a 1908 1855 0 16 6
a 1911 269 0 25 5
a 1911 263 0 24 6
a 1913 1982 0 25 5
a 1913 536 0 30 5
a 1915 1150 0 25 3
a 1915 1298 0 34 9
a 1916 974 0 25 8
a 1916 195 0 49 4
a 1919 1267 0 25 3
a 1919 377 0 44 9
a 1925 851 0 25 8
a 1925 119 0 48 8
a 1926 1672 0 25 6
a 1926 1598 0 9 2
a 1927 520 0 25 7
a 1927 1422 0 23 3
a 1929 965 0 25 6
a 1929 1465 0 43 2
a 1934 11 0 25 8
a 1934 1256 0 0 3
a 1940 878 0 25 7
a 1940 752 0 40 4
a 1941 962 0 25 7
a 1941 347 0 18 4
a 1943 24 0 25 8
a 1943 31 0 46 3
a 1944 638 0 25 2
a 1944 860 0 13 2
a 1947 808 0 25 6
a 1947 812 0 21 8
a 1948 1822 0 25 1
a 1948 1227 0 38 8
a 1949 1429 0 25 10
a 1949 1184 0 12 5
a 1950 1994 0 25 10
a 1950 563 0 34 4
a 1955 1222 0 25 1
a 1955 1919 0 8 7
a 1957 486 0 25 6
a 1957 917 0 49 3
a 1958 1862 0 25 7
a 1958 1496 0 48 3
a 1962 1906 0 25 7
a 1962 1542 0 21 3
a 1963 1685 0 25 8
a 1963 1932 0 15 5
a 1965 1194 0 25 4
a 1965 673 0 1 4
a 1967 459 0 25 7
a 1967 515 0 34 3
a 1969 1286 0 25 2
a 1969 186 0 45 6
a 1970 1539 0 25 6
a 1970 1806 0 42 8
a 1973 1001 0 25 5
a 1973 1325 0 16 4
a 1975 877 0 25 6
a 1975 38 0 33 5
a 1976 609 0 25 1
a 1976 1212 0 14 5
a 1977 1615 0 25 6
a 1977 1598 0 22 9
a 1978 526 0 25 3
a 1978 290 0 41 10
a 1979 1251 0 25 2
a 1979 369 0 46 7
a 1982 1744 0 25 8
a 1982 477 0 3 9
a 1984 1056 0 25 9
a 1984 493 0 10 6
a 1985 1635 0 25 10
a 1985 1783 0 20 1
a 1990 318 0 25 3
a 1990 1588 0 2 9
a 1994 462 0 25 2
a 1994 74 0 48 6
a 1995 1242 0 25 4
a 1995 1656 0 34 6
a 1996 1108 0 25 10
a 1996 1143 0 42 3
a 1997 241 0 25 7
a 1997 932 0 30 7
a 2 1221 0 25 8
a 2 1978 0 17 1
a 5 1076 0 25 4
a 5 1801 0 25 10
a 7 185 0 25 1
a 7 1355 0 13 2
a 8 1230 0 25 7
a 8 1801 0 44 2
a 10 704 0 25 2
a 10 1123 0 48 2
a 13 1443 0 25 6
a 13 1616 0 41 10
a 14 1422 0 25 1
a 14 1066 0 44 7
a 15 1988 0 25 9
a 15 1345 0 2 6
a 17 631 0 25 6
a 17 1735 0 28 1
a 19 1708 0 25 1
a 19 986 0 49 5
a 23 1809 0 25 4
a 23 1683 0 11 6
a 27 676 0 25 6
a 27 1509 0 12 8
a 28 129 0 25 8
a 28 1882 0 38 6
a 29 1557 0 25 10
a 29 853 0 27 4
a 31 885 0 25 1
a 31 1022 0 37 4
a 36 830 0 25 3
a 36 1837 0 14 10
a 37 1210 0 25 1
a 37 1064 0 31 6
a 39 735 0 25 4
a 39 1528 0 7 1
a 42 511 0 25 2
a 42 71 0 32 8
a 44 1381 0 25 2
a 44 928 0 11 3
a 45 430 0 25 5
a 45 955 0 1 4
a 46 1318 0 25 3
a 46 441 0 26 9
a 47 1028 0 25 9
a 47 131 0 42 3
a 50 1334 0 25 8
a 50 1233 0 7 2
a 52 71 0 25 2
a 52 1753 0 35 1
a 53 689 0 25 8
a 53 1395 0 5 7
a 54 726 0 25 7
a 54 1710 0 36 7
a 55 1509 0 25 7
a 55 952 0 16 5
a 56 107 0 25 6
a 56 1381 0 20 5
a 57 183 0 25 10
a 57 1798 0 49 6
a 58 1215 0 25 3
a 58 953 0 24 9
a 61 849 0 25 9
a 61 176 0 32 10
a 62 845 0 25 4
a 62 1716 0 39 4
a 63 956 0 25 7
a 63 794 0 16 4
a 65 1499 0 25 5
a 65 921 0 33 1
a 69 1660 0 25 5
a 69 23 0 34 5
a 70 798 0 25 3
a 70 1636 0 13 4
a 71 1296 0 25 10
a 71 1505 0 32 5
a 72 822 0 25 10
a 72 1690 0 42 1
a 73 279 0 25 5
a 73 1636 0 8 3
a 75 378 0 25 5
a 75 1565 0 38 3
a 76 656 0 25 1
a 76 39 0 26 1
a 77 1653 0 25 6
a 77 1749 0 36 5
a 80 641 0 25 4
a 80 1207 0 34 3
a 81 777 0 25 3
a 81 1939 0 13 5
a 82 1558 0 25 4
a 82 1611 0 12 4
a 84 539 0 25 10
a 84 1117 0 17 7
a 85 465 0 25 7
a 85 134 0 8 9
a 86 894 0 25 7
a 86 861 0 47 9
a 89 1211 0 25 8
a 89 1095 0 23 5
a 91 1068 0 25 2
a 91 1194 0 29 8
a 92 423 0 25 5
a 92 1057 0 41 8
a 94 1939 0 25 2
a 94 717 0 10 8
a 96 56 0 25 8
a 96 810 0 26 1
a 97 616 0 25 4
a 97 1277 0 19 8
a 99 601 0 25 2
a 99 1509 0 6 8
a 100 1920 0 25 4
a 100 1119 0 4 5
a 105 1409 0 25 7
a 105 92 0 10 4
a 106 1566 0 25 3
a 106 852 0 21 8
a 107 1179 0 25 4
a 107 644 0 42 10
a 108 301 0 25 1
a 108 1606 0 36 1
a 110 720 0 25 5
a 110 5 0 45 9
a 111 7 0 25 8
a 111 1483 0 7 4
a 113 482 0 25 10
a 113 1714 0 18 5
a 115 534 0 25 8
a 115 127 0 42 8
a 116 106 0 25 7
a 116 793 0 11 5
a 121 126 0 25 1
a 121 1946 0 6 10
a 122 171 0 25 1
a 122 1253 0 44 4
a 124 1107 0 25 8
a 124 17 0 14 9
a 125 531 0 25 10
a 125 1708 0 17 9
a 126 781 0 25 3
a 126 1290 0 17 2
a 128 28 0 25 8
a 128 1243 0 1 6
a 129 1171 0 25 6
a 129 254 0 38 5
a 131 1776 0 25 2
a 131 835 0 13 2
a 132 757 0 25 7
a 132 1474 0 28 10
a 133 1527 0 25 6
a 133 1106 0 12 2
a 139 1434 0 25 2
a 139 456 0 17 5
a 140 1244 0 25 3
a 140 847 0 5 5
a 147 1389 0 25 6
a 147 627 0 2 7
a 149 1678 0 25 1
a 149 157 0 20 3
a 154 1573 0 25 3
a 154 1963 0 5 8
a 158 244 0 25 4
a 158 1463 0 17 10
a 159 574 0 25 2
a 159 622 0 19 3
a 161 189 0 25 3
a 161 1727 0 34 10
a 162 1089 0 25 1
a 162 1251 0 44 8
a 165 664 0 25 7
a 165 1389 0 48 5
a 167 549 0 25 8
a 167 1078 0 43 2
a 169 1514 0 25 8
a 169 1040 0 28 4
a 170 1725 0 25 6
a 170 641 0 48 5
a 171 972 0 25 2
a 171 1949 0 12 5
a 172 1313 0 25 9
a 172 1502 0 48 3
a 173 563 0 25 10
a 173 984 0 32 2
a 175 320 0 25 10
a 175 751 0 28 4
a 178 503 0 25 1
a 178 899 0 20 8
a 179 1590 0 25 4
a 179 1845 0 36 3
a 180 94 0 25 3
a 180 544 0 45 5
a 181 1936 0 25 9
a 181 669 0 27 4
a 183 1946 0 25 5
a 183 366 0 0 4
a 184 1385 0 25 10
a 184 616 0 27 3
a 185 535 0 25 6
a 185 1748 0 26 7
a 187 945 0 25 10
a 187 1509 0 30 3
a 189 238 0 25 2
a 189 363 0 37 3
a 190 1153 0 25 7
a 190 1569 0 17 7
a 195 212 0 25 9
a 195 874 0 21 4
a 198 1719 0 25 9
a 198 885 0 34 9
a 203 753 0 25 1
a 203 632 0 22 6
a 205 1157 0 25 5
a 205 592 0 3 1
a 206 1152 0 25 2
a 206 381 0 39 8
a 208 159 0 25 9
a 208 1918 0 2 10
a 209 1603 0 25 5
a 209 510 0 13 3
a 212 862 0 25 3
a 212 1087 0 0 5
a 214 1702 0 25 4
a 214 776 0 34 1
a 215 314 0 25 9
a 215 1121 0 25 3
a 219 817 0 25 3
a 219 1965 0 21 1
a 220 1728 0 25 1
a 220 1385 0 16 2
a 223 149 0 25 2
a 223 1280 0 23 4
a 227 1823 0 25 4
a 227 516 0 23 8
a 229 1175 0 25 2
a 229 1731 0 32 8
a 230 1734 0 25 1
a 230 720 0 43 3
a 231 1620 0 25 7
a 231 665 0 2 1
a 235 1763 0 25 1
a 235 870 0 33 7
a 236 125 0 25 7
a 236 168 0 38 1
a 237 1057 0 25 10
a 237 530 0 42 5
a 238 1727 0 25 4
a 238 1121 0 6 4
a 239 843 0 25 9
a 239 20 0 43 1
a 240 373 0 25 5
a 240 418 0 17 7
a 244 1398 0 25 3
a 244 388 0 39 10
a 246 1592 0 25 6
a 246 1913 0 49 5
a 247 483 0 25 7
a 247 401 0 22 1
a 250 1853 0 25 8
a 250 772 0 22 4
a 252 1983 0 25 8
a 252 466 0 13 4
a 256 593 0 25 10
a 256 750 0 1 1
a 258 1498 0 25 4
a 258 1458 0 30 2
a 261 1338 0 25 7
a 261 1079 0 39 6
a 265 1548 0 25 7
a 265 278 0 31 8
a 268 1257 0 25 6
a 268 1391 0 44 7
a 271 54 0 25 3
a 271 495 0 19 9
a 273 1468 0 25 3
a 273 1618 0 30 8
a 275 747 0 25 6
a 275 695 0 27 6
a 276 1180 0 25 3
a 276 1417 0 22 8
a 277 716 0 25 3
a 277 947 0 22 7
a 279 1485 0 25 4
a 279 52 0 38 3
a 283 558 0 25 4
a 283 961 0 13 3
a 285 1910 0 25 2
a 285 1674 0 15 7
a 293 756 0 25 8
a 293 1472 0 3 6
a 297 8 0 25 1
a 297 486 0 20 4
a 298 84 0 25 2
a 298 1350 0 33 7
a 301 1992 0 25 3
a 301 1169 0 19 8
a 303 866 0 25 10
a 303 194 0 5 5
a 305 1348 0 25 3
a 305 744 0 43 10
a 308 1263 0 25 1
a 308 1916 0 25 3
a 310 1496 0 25 3
a 310 305 0 3 9
a 311 643 0 25 9
a 311 92 0 26 2
a 313 1195 0 25 8
a 313 194 0 8 7
a 314 1712 0 25 10
a 314 25 0 20 9
a 317 14 0 25 6
a 317 1442 0 25 3
a 320 268 0 25 2
a 320 1814 0 50 7
a 324 590 0 25 2
a 324 18 0 7 6
a 328 785 0 25 1
a 328 746 0 3 10
a 330 1105 0 25 9
a 330 1675 0 31 6
a 335 72 0 25 1
a 335 626 0 46 10
a 337 122 0 25 7
a 337 1160 0 50 3
a 338 1163 0 25 5
a 338 1010 0 17 8
a 341 1849 0 25 9
a 341 1088 0 31 8
a 343 1023 0 25 9
a 343 1509 0 14 4
a 346 484 0 25 5
a 346 1204 0 31 2
a 349 1111 0 25 4
a 349 621 0 48 7
a 350 1870 0 25 6
a 350 1955 0 28 8
a 352 184 0 25 5
a 352 1974 0 33 5
a 355 701 0 25 8
a 355 1810 0 37 9
a 356 205 0 25 8
a 356 707 0 46 10
a 357 69 0 25 10
a 357 1857 0 24 5
a 362 1623 0 25 1
a 362 1918 0 14 1
a 363 368 0 25 1
a 363 211 0 37 1
a 366 1471 0 25 3
a 366 508 0 45 7
a 368 650 0 25 6
a 368 335 0 1 7
a 370 628 0 25 2
a 370 635 0 22 10
a 372 510 0 25 2
a 372 56 0 10 6
a 373 352 0 25 3
a 373 539 0 48 4
a 374 1974 0 25 8
a 374 631 0 43 3
a 378 1073 0 25 8
a 378 327 0 9 8
a 379 831 0 25 9
a 379 1074 0 43 5
a 380 1550 0 25 7
a 380 1878 0 31 10
a 384 1207 0 25 1
a 384 709 0 47 5
a 386 1956 0 25 7
a 386 1897 0 40 4
a 387 1134 0 25 4
a 387 1196 0 9 8
a 392 952 0 25 5
a 392 1912 0 7 1
a 397 230 0 25 10
a 397 306 0 14 5
a 398 1424 0 25 1
a 398 1459 0 41 9
a 399 1058 0 25 2
a 399 1375 0 9 3
a 405 537 0 25 6
a 405 942 0 20 8
a 406 214 0 25 1
a 406 614 0 42 10
a 407 1038 0 25 10
a 407 346 0 48 9
a 410 1426 0 25 3
a 410 1205 0 40 9
a 413 652 0 25 3
a 413 815 0 49 1
a 414 121 0 25 7
a 414 1500 0 42 9
a 416 1306 0 25 3
a 416 1016 0 28 6
a 417 1611 0 25 8
a 417 442 0 12 10
a 419 908 0 25 10
a 419 623 0 37 6
a 420 559 0 25 7
a 420 1102 0 44 1
a 423 1700 0 25 8
a 423 1883 0 5 1
a 425 687 0 25 10
a 425 1719 0 24 7
a 426 305 0 25 5
a 426 839 0 50 5
a 430 1986 0 25 4
a 430 727 0 43 3
a 431 1670 0 25 9
a 431 542 0 15 10
a 443 564 0 25 8
a 443 1967 0 23 4
a 445 247 0 25 8
a 445 1850 0 45 4
a 447 504 0 25 3
a 447 246 0 25 8
a 451 1322 0 25 4
a 451 46 0 19 9
a 453 1626 0 25 3
a 453 1954 0 28 10
a 455 660 0 25 9
a 455 1341 0 5 10
a 458 1659 0 25 10
a 458 1104 0 25 8
a 460 850 0 25 7
a 460 454 0 0 7
a 464 1636 0 25 6
a 464 1846 0 10 3
a 465 766 0 25 2
a 465 1437 0 14 3
a 468 1668 0 25 7
a 468 313 0 30 5
a 469 1753 0 25 3
a 469 626 0 6 9
a 471 283 0 25 8
a 471 1456 0 6 7
a 472 1379 0 25 6
a 472 245 0 31 1
a 476 1802 0 25 3
a 476 1892 0 6 10
a 477 1805 0 25 3
a 477 1365 0 29 10
a 480 1174 0 25 4
a 480 1732 0 40 9
a 482 1921 0 25 3
a 482 1562 0 50 4
a 483 748 0 25 6
a 483 331 0 22 9
a 484 172 0 25 2
a 484 1860 0 26 9
a 487 625 0 25 5
a 487 1924 0 25 8
a 489 1845 0 25 5
a 489 1578 0 1 8
a 491 91 0 25 7
a 491 1396 0 19 2
a 493 1437 0 25 2
a 493 522 0 1 6
a 494 561 0 25 2
a 494 1142 0 0 7
a 495 313 0 25 2
a 495 216 0 34 7
a 496 1796 0 25 4
a 496 594 0 41 4
a 499 811 0 25 9
a 499 1849 0 21 9
a 501 46 0 25 7
a 501 1187 0 19 7
a 502 1238 0 25 10
a 502 1423 0 41 5
a 503 1202 0 25 4
a 503 1050 0 16 10
a 504 518 0 25 4
a 504 1533 0 11 7
a 505 1321 0 25 3
a 505 1046 0 41 3
a 510 1931 0 25 9
a 510 293 0 41 3
a 511 317 0 25 8
a 511 1004 0 7 7
a 513 1889 0 25 2
a 513 965 0 5 3
a 514 1904 0 25 1
a 514 1136 0 7 5
a 516 1489 0 25 2
a 516 511 0 40 9
a 518 705 0 25 5
a 518 1852 0 19 3
a 524 598 0 25 1
a 524 1839 0 39 10
a 527 1749 0 25 7
a 527 556 0 3 7
a 530 1826 0 25 2
a 530 1744 0 6 10
a 531 1170 0 25 9
a 531 246 0 4 6
a 534 1993 0 25 2
a 534 135 0 6 6
a 535 496 0 25 6
a 535 355 0 23 5
a 537 935 0 25 1
a 537 1061 0 0 10
a 538 1079 0 25 2
a 538 1548 0 11 1
a 539 1655 0 25 9
a 539 999 0 49 8
a 542 1875 0 25 9
a 542 1285 0 43 3
a 543 700 0 25 10
a 543 1481 0 14 7
a 544 948 0 25 5
a 544 1743 0 47 3
a 545 1732 0 25 1
a 545 978 0 45 10
a 549 1040 0 25 3
a 549 1232 0 29 9
a 550 722 0 25 6
a 550 571 0 46 2
a 553 29 0 25 4
a 553 79 0 23 8
a 554 538 0 25 1
a 554 1571 0 11 1
a 557 328 0 25 2
a 557 1016 0 28 5
a 558 1587 0 25 10
a 558 1735 0 27 9
a 559 80 0 25 9
a 559 1444 0 46 8
a 560 1735 0 25 2
a 560 1479 0 40 3
a 561 1879 0 25 4
a 561 1194 0 20 7
a 563 543 0 25 4
a 563 1170 0 1 1
a 564 1637 0 25 9
a 564 1663 0 46 10
a 568 1991 0 25 5
a 568 1144 0 2 7
a 571 895 0 25 9
a 571 717 0 7 1
a 574 1705 0 25 6
a 574 472 0 28 4
a 576 1008 0 25 8
a 576 475 0 19 1
a 577 1723 0 25 7
a 577 1039 0 7 8
a 581 187 0 25 1
a 581 658 0 43 7
a 582 675 0 25 5
a 582 545 0 45 7
a 583 553 0 25 3
a 583 1625 0 15 9
a 584 1113 0 25 9
a 584 1793 0 47 1
a 586 1234 0 25 5
a 586 1668 0 10 1
a 588 1721 0 25 7
a 588 1266 0 46 1
a 589 380 0 25 4
a 589 1167 0 29 8
a 590 1518 0 25 7
a 590 961 0 46 4
a 591 1694 0 25 2
a 591 620 0 42 3
a 592 648 0 25 10
a 592 501 0 40 6
a 593 357 0 25 7
a 593 412 0 4 3
a 595 816 0 25 3
a 595 133 0 8 5
a 596 1905 0 25 6
a 596 1999 0 10 7
a 598 502 0 25 3
a 598 899 0 7 8
a 601 637 0 25 1
a 601 1077 0 1 2
a 602 891 0 25 2
a 602 646 0 49 2
a 604 1764 0 25 7
a 604 1030 0 50 10
a 606 1661 0 25 3
a 606 1423 0 5 1
a 615 147 0 25 2
a 615 567 0 16 5
a 616 1413 0 25 8
a 616 638 0 48 5
a 617 384 0 25 5
a 617 1197 0 42 5
a 621 311 0 25 4
a 621 654 0 12 3
a 623 1167 0 25 5
a 623 1997 0 10 3
a 624 1628 0 25 1
a 624 278 0 12 5
a 625 1331 0 25 3
a 625 1983 0 22 3
a 626 1505 0 25 5
a 626 1242 0 29 5
a 627 82 0 25 7
a 627 43 0 48 1
a 628 1674 0 25 10
a 628 267 0 35 8
a 630 1513 0 25 9
a 630 1563 0 50 2
a 631 907 0 25 7
a 631 104 0 20 6
a 635 31 0 25 9
a 635 1426 0 43 3
a 636 1741 0 25 2
a 636 797 0 27 2
a 637 550 0 25 1
a 637 1214 0 3 9
a 641 362 0 25 8
a 641 269 0 3 6
a 643 1300 0 25 3
a 643 80 0 41 5
a 645 568 0 25 4
a 645 1036 0 29 8
a 648 111 0 25 5
a 648 1674 0 0 6
a 650 1021 0 25 2
a 650 1996 0 3 6
a 652 1120 0 25 1
a 652 1485 0 25 8
a 654 1146 0 25 5
a 654 964 0 11 5
a 656 1647 0 25 1
a 656 699 0 16 4
a 657 654 0 25 5
a 657 976 0 35 6
a 660 1256 0 25 4
a 660 829 0 21 5
a 661 480 0 25 10
a 661 1941 0 42 2
a 663 1319 0 25 2
a 663 556 0 45 2
a 664 1960 0 25 7
a 664 1145 0 30 8
a 666 1871 0 25 6
a 666 1125 0 1 9
a 668 1374 0 25 9
a 668 831 0 12 7
a 670 1506 0 25 7
a 670 1055 0 46 10
a 672 455 0 25 4
a 672 256 0 15 9
a 673 920 0 25 6
a 673 1611 0 37 10
a 675 1416 0 25 8
a 675 726 0 40 2
a 676 198 0 25 1
a 676 629 0 49 9
a 679 1814 0 25 5
a 679 1468 0 12 5
a 681 417 0 25 6
a 681 972 0 17 9
a 686 1839 0 25 5
a 686 366 0 38 4
a 687 1172 0 25 3
a 687 124 0 8 3
a 689 1492 0 25 9
a 689 134 0 24 9
a 692 170 0 25 2
a 692 893 0 9 6
a 693 1572 0 25 7
a 693 403 0 14 4
a 695 458 0 25 9
a 695 541 0 44 8
a 697 1183 0 25 3
a 697 338 0 46 7
a 700 1966 0 25 3
a 700 1446 0 27 4
a 701 229 0 25 4
a 701 1225 0 2 6
a 704 1137 0 25 5
a 704 1614 0 10 10
a 705 13 0 25 7
a 705 1574 0 0 7
a 707 1231 0 25 9
a 707 436 0 41 7
a 708 626 0 25 3
a 708 1624 0 18 3
a 710 892 0 25 5
a 710 638 0 4 7
a 711 1035 0 25 1
a 711 208 0 30 2
a 713 273 0 25 10
a 713 143 0 45 2
a 715 576 0 25 8
a 715 161 0 33 9
a 716 1885 0 25 1
a 716 280 0 4 10
a 717 1800 0 25 4
a 717 586 0 46 7
a 720 1082 0 25 9
a 720 552 0 43 9
a 722 1788 0 25 3
a 722 717 0 50 8
a 724 1046 0 25 3
a 724 1047 0 0 7
a 726 1297 0 25 4
a 726 1786 0 47 10
a 727 834 0 25 3
a 727 223 0 16 6
a 729 932 0 25 9
a 729 170 0 47 5
a 732 828 0 25 5
a 732 1238 0 37 10
a 733 355 0 25 6
a 733 1877 0 30 1
a 734 1756 0 25 9
a 734 23 0 17 8
a 735 1454 0 25 8
a 735 1406 0 0 5
a 737 167 0 25 4
a 737 318 0 46 2
a 739 1232 0 25 7
a 739 48 0 41 10
a 744 1487 0 25 3
a 744 1925 0 24 6
a 747 92 0 25 4
a 747 1514 0 16 10
a 748 169 0 25 1
a 748 1828 0 20 8
a 750 1039 0 25 8
a 750 1785 0 50 9
a 753 1392 0 25 3
a 753 1964 0 23 7
a 754 1043 0 25 3
a 754 99 0 26 1
a 755 1586 0 25 10
a 755 520 0 38 5
a 756 338 0 25 2
a 756 732 0 41 9
a 757 70 0 25 6
a 757 790 0 14 2
a 758 624 0 25 6
a 758 51 0 50 2
a 760 998 0 25 8
a 760 1570 0 4 4
a 763 223 0 25 1
a 763 1294 0 8 7
a 765 173 0 25 10
a 765 378 0 41 1
a 766 880 0 25 5
a 766 1988 0 1 10
a 769 139 0 25 4
a 769 111 0 23 1
a 772 617 0 25 3
a 772 1180 0 22 2
a 777 1688 0 25 6
a 777 772 0 28 7
a 778 1399 0 25 3
a 778 719 0 49 5
a 781 887 0 25 5
a 781 1141 0 47 7
a 782 195 0 25 3
a 782 241 0 30 4
a 783 132 0 25 3
a 783 21 0 8 6
a 784 1017 0 25 4
a 784 360 0 1 1
a 785 1779 0 25 2
a 785 1630 0 27 1
a 788 330 0 25 6
a 788 181 0 21 9
a 793 527 0 25 5
a 793 1689 0 28 4
a 794 1148 0 25 6
a 794 1481 0 42 9
a 796 23 0 25 10
a 796 1685 0 36 6
a 798 734 0 25 1
a 798 914 0 44 6
a 800 341 0 25 10
a 800 294 0 49 3
a 801 1569 0 25 5
a 801 222 0 19 6
a 802 1290 0 25 4
a 802 1820 0 45 8
a 803 55 0 25 9
a 803 767 0 0 6
a 805 1026 0 25 3
a 805 890 0 11 10
a 810 1376 0 25 5
a 810 606 0 26 3
a 811 1294 0 25 7
a 811 1993 0 32 1
a 812 398 0 25 1
a 812 761 0 40 5
a 814 1608 0 25 1
a 814 763 0 12 3
a 816 1621 0 25 10
a 816 843 0 9 6
a 817 140 0 25 3
a 817 1392 0 14 7
a 822 1123 0 25 6
a 822 165 0 9 4
a 824 516 0 25 1
a 824 393 0 7 1
a 825 1730 0 25 6
a 825 676 0 22 1
a 828 99 0 25 7
a 828 592 0 18 3
a 830 235 0 25 4
a 830 1022 0 23 3
a 831 858 0 25 2
a 831 1246 0 46 8
a 832 800 0 25 4
a 832 1944 0 30 2
a 834 1894 0 25 3
a 834 1365 0 19 7
a 838 592 0 25 10
a 838 978 0 28 6
a 840 431 0 25 4
a 840 232 0 43 2
a 841 1448 0 25 7
a 841 687 0 41 10
a 843 1864 0 25 3
a 843 453 0 3 6
a 844 1570 0 25 10
a 844 473 0 3 7
a 845 346 0 25 10
a 845 968 0 25 6
a 846 276 0 25 3
a 846 1107 0 22 5
a 847 1053 0 25 6
a 847 1204 0 4 8
a 848 445 0 25 8
a 848 884 0 14 10
a 849 1149 0 25 8
a 849 663 0 28 9
a 850 5 0 25 4
a 850 241 0 22 3
a 852 873 0 25 5
a 852 1794 0 16 8
a 854 1829 0 25 3
a 854 1449 0 39 10
a 856 1922 0 25 4
a 856 1682 0 39 7
a 858 1968 0 25 5
a 858 493 0 39 6
a 862 1264 0 25 8
a 862 998 0 15 8
a 863 1577 0 25 9
a 863 518 0 49 1
a 864 1942 0 25 8
a 864 267 0 44 3
a 865 1998 0 25 1
a 865 1275 0 41 6
a 866 981 0 25 3
a 866 87 0 47 7
a 871 1761 0 25 6
a 871 1908 0 49 2
a 873 105 0 25 9
a 873 194 0 33 8
a 875 1223 0 25 6
a 875 1590 0 23 5
a 876 591 0 25 1
a 876 933 0 49 2
a 879 542 0 25 4
a 879 279 0 14 8
a 880 110 0 25 2
a 880 170 0 31 2
a 882 246 0 25 9
a 882 180 0 49 8
a 884 636 0 25 1
a 884 1256 0 6 2
a 885 1268 0 25 3
a 885 5 0 36 9
a 887 997 0 25 8
a 887 648 0 31 7
a 889 1320 0 25 9
a 889 1685 0 1 1
a 891 1627 0 25 4
a 891 1600 0 14 3
a 892 1155 0 25 3
a 892 749 0 31 2
a 893 588 0 25 5
a 893 1549 0 39 3
a 894 1928 0 25 10
a 894 1824 0 23 8
a 895 1486 0 25 2
a 895 1513 0 11 7
a 896 1457 0 25 6
a 896 1940 0 34 8
a 897 1813 0 25 3
a 897 1617 0 0 9
a 900 406 0 25 6
a 900 580 0 23 4
a 901 825 0 25 8
a 901 1346 0 44 5
a 902 1999 0 25 2
a 902 737 0 4 9
a 905 1524 0 25 4
a 905 1302 0 16 9
a 907 1158 0 25 2
a 907 481 0 43 6
a 908 763 0 25 5
a 908 732 0 21 3
a 909 897 0 25 9
a 909 1017 0 34 10
a 911 879 0 25 1
a 911 1356 0 26 3
a 913 1589 0 25 4
a 913 61 0 4 9
a 915 1641 0 25 5
a 915 436 0 25 5
a 919 19 0 25 2
a 919 1893 0 47 7
a 920 420 0 25 4
a 920 619 0 49 1
a 922 363 0 25 1
a 922 383 0 40 6
a 923 1768 0 25 8
a 923 588 0 19 4
a 924 744 0 25 7
a 924 922 0 33 3
a 925 1523 0 25 6
a 925 1175 0 23 7
a 932 673 0 25 10
a 932 947 0 20 4
a 933 372 0 25 3
a 933 68 0 14 5
a 934 1663 0 25 10
a 934 1917 0 11 4
a 935 1363 0 25 9
a 935 1786 0 43 10
a 940 460 0 25 3
a 940 786 0 8 5
a 943 604 0 25 4
a 943 423 0 22 8
a 945 1278 0 25 1
a 945 1768 0 4 6
a 946 1055 0 25 2
a 946 974 0 15 2
a 947 1085 0 25 10
a 947 412 0 6 6
a 948 392 0 25 2
a 948 1864 0 46 2
a 949 1652 0 25 4
a 949 224 0 5 4
a 951 464 0 25 5
a 951 290 0 23 2
a 952 1047 0 25 9
a 952 616 0 27 1
a 954 1050 0 25 8
a 954 484 0 47 3
a 956 681 0 25 10
a 956 1001 0 26 2
a 957 47 0 25 1
a 957 1905 0 17 2
a 958 469 0 25 4
a 958 1985 0 33 3
a 961 96 0 25 8
a 961 1919 0 48 10
a 967 990 0 25 5
a 967 52 0 8 6
a 969 62 0 25 8
a 969 1404 0 11 1
a 970 996 0 25 6
a 970 235 0 8 5
a 971 175 0 25 8
a 971 1002 0 41 2
a 972 190 0 25 2
a 972 1378 0 40 1
a 978 1362 0 25 7
a 978 1915 0 17 10
a 980 1902 0 25 7
a 980 1284 0 31 3
a 981 1340 0 25 10
a 981 1766 0 5 6
a 990 1574 0 25 1
a 990 684 0 36 1
a 992 801 0 25 6
a 992 109 0 46 7
a 996 1790 0 25 9
a 996 1337 0 21 2
a 997 1494 0 25 1
a 997 1351 0 8 2
a 998 1088 0 25 10
a 998 740 0 25 6
a 1005 410 0 25 9
a 1005 855 0 13 4
a 1007 707 0 25 8
a 1007 252 0 50 5
a 1008 425 0 25 9
a 1008 1001 0 40 5
a 1015 1629 0 25 5
a 1015 1571 0 15 6
a 1017 1293 0 25 7
a 1017 1595 0 30 4
a 1018 209 0 25 5
a 1018 612 0 42 3
a 1021 501 0 25 2
a 1021 1853 0 43 1
a 1022 583 0 25 2
a 1022 1601 0 49 8
a 1023 924 0 25 10
a 1023 647 0 6 4
a 1026 1543 0 25 7
a 1026 800 0 28 5
a 1028 1773 0 25 10
a 1028 391 0 40 8
a 1032 1555 0 25 10
a 1032 1436 0 31 8
a 1035 36 0 25 5
a 1035 1604 0 27 10
a 1036 645 0 25 1
a 1036 1907 0 18 1
a 1038 1881 0 25 5
a 1038 443 0 7 6
a 1039 557 0 25 10
a 1039 815 0 39 4
a 1040 1581 0 25 8
a 1040 1491 0 3 9
a 1043 239 0 25 5
a 1043 406 0 20 1
a 1046 1062 0 25 10
a 1046 722 0 41 6
a 1047 85 0 25 9
a 1047 1731 0 33 1
a 1049 81 0 25 4
a 1049 1571 0 25 10
a 1050 495 0 25 1
a 1050 1703 0 8 10
a 1053 737 0 25 3
a 1053 719 0 8 7
a 1055 17 0 25 7
a 1055 1872 0 41 6
a 1057 697 0 25 7
a 1057 181 0 50 2
a 1058 1007 0 25 8
a 1058 110 0 30 6
a 1060 1907 0 25 1
a 1060 1401 0 7 5
a 1062 1646 0 25 3
a 1062 783 0 50 10
a 1066 37 0 25 5
a 1066 75 0 16 9
a 1067 1873 0 25 9
a 1067 1028 0 20 10
a 1068 1718 0 25 1
a 1068 799 0 2 7
a 1073 513 0 25 1
a 1073 1214 0 27 1
a 1076 108 0 25 4
a 1076 486 0 23 3
a 1079 925 0 25 2
a 1079 1961 0 25 3
a 1081 856 0 25 4
a 1081 221 0 25 7
a 1082 672 0 25 6
a 1082 746 0 0 1
a 1085 686 0 25 10
a 1085 1972 0 50 6
a 1086 1745 0 25 2
a 1086 281 0 32 10
a 1088 73 0 25 7
a 1088 921 0 42 4
a 1089 1820 0 25 3
a 1089 888 0 30 2
a 1096 370 0 25 6
a 1096 1478 0 18 5
a 1100 1828 0 25 3
a 1100 983 0 43 9
a 1104 951 0 25 2
a 1104 861 0 49 2
a 1105 1722 0 25 9
a 1105 494 0 11 1
a 1107 154 0 25 1
a 1107 1485 0 25 7
a 1111 261 0 25 5
a 1111 475 0 50 8
a 1112 1771 0 25 1
a 1112 1929 0 3 8
a 1113 349 0 25 5
a 1113 145 0 41 2
a 1117 1703 0 25 7
a 1117 118 0 17 3
a 1118 933 0 25 10
a 1118 924 0 5 7
a 1120 715 0 25 10
a 1120 1076 0 10 2
a 1121 1869 0 25 8
a 1121 1964 0 10 8
a 1123 901 0 25 7
a 1123 806 0 30 5
a 1126 769 0 25 10
a 1126 1720 0 16 5
a 1127 310 0 25 6
a 1127 406 0 20 5
a 1129 1799 0 25 9
a 1129 1698 0 37 3
a 1131 793 0 25 1
a 1131 1194 0 18 8
a 1134 711 0 25 6
a 1134 1766 0 1 8
a 1135 1917 0 25 9
a 1135 1934 0 38 5
a 1136 1858 0 25 6
a 1136 412 0 50 7
a 1137 630 0 25 3
a 1137 140 0 35 5
a 1138 1252 0 25 5
a 1138 426 0 20 6
a 1140 1292 0 25 1
a 1140 689 0 47 9
a 1145 679 0 25 9
a 1145 1662 0 2 1
a 1146 356 0 25 1
a 1146 854 0 45 5
a 1147 958 0 25 10
a 1147 1592 0 8 4
a 1148 277 0 25 7
a 1148 1374 0 11 6
a 1149 1930 0 25 3
a 1149 49 0 18 7
a 1151 1782 0 25 9
a 1151 1577 0 19 4
a 1152 1405 0 25 7
a 1152 1665 0 9 4
a 1153 472 0 25 8
a 1153 1992 0 29 1
a 1155 131 0 25 3
a 1155 1705 0 6 6
a 1157 900 0 25 2
a 1157 159 0 15 4
a 1158 1599 0 25 8
a 1158 791 0 19 10
a 1160 871 0 25 4
a 1160 196 0 29 5
a 1162 162 0 25 9
a 1162 1288 0 15 9
a 1163 1250 0 25 5
a 1163 1204 0 23 7
a 1164 1458 0 25 7
a 1164 1025 0 39 5
a 1167 443 0 25 4
a 1167 573 0 4 5
a 1170 250 0 25 8
a 1170 690 0 18 2
a 1171 1530 0 25 5
a 1171 1281 0 0 5
a 1172 1536 0 25 10
a 1172 1413 0 34 1
a 1174 1100 0 25 9
a 1174 1948 0 7 4
a 1175 494 0 25 8
a 1175 853 0 13 10
a 1176 670 0 25 7
a 1176 1279 0 23 6
a 1178 1262 0 25 8
a 1178 1605 0 37 4
a 1179 854 0 25 9
a 1179 574 0 33 7
a 1180 841 0 25 6
a 1180 293 0 38 3
a 1181 1136 0 25 3
a 1181 889 0 37 3
a 1182 227 0 25 10
a 1182 408 0 11 9
a 1183 413 0 25 3
a 1183 566 0 18 8
a 1186 1803 0 25 2
a 1186 1238 0 35 1
a 1191 782 0 25 7
a 1191 1388 0 36 1
a 1193 1240 0 25 5
a 1193 1894 0 8 8
a 1195 1583 0 25 9
a 1195 266 0 48 7
a 1200 732 0 25 4
a 1200 1684 0 38 6
a 1202 1233 0 25 7
a 1202 1156 0 38 6
a 1205 934 0 25 4
a 1205 237 0 36 1
a 1207 1352 0 25 6
a 1207 289 0 34 10
a 1209 1923 0 25 2
a 1209 1782 0 21 10
a 1210 1178 0 25 2
a 1210 1766 0 45 8
a 1211 1112 0 25 7
a 1211 1331 0 28 4
a 1212 1253 0 25 5
a 1212 589 0 22 1
a 1215 165 0 25 6
a 1215 21 0 11 5
a 1216 1205 0 25 9
a 1216 1543 0 7 9
a 1220 1200 0 25 5
a 1220 1611 0 33 3
a 1221 97 0 25 3
a 1221 866 0 20 2
a 1223 1666 0 25 8
a 1223 1334 0 8 7
a 1226 876 0 25 8
a 1226 695 0 3 8
a 1230 1118 0 25 4
a 1230 250 0 43 3
a 1231 258 0 25 4
a 1231 1397 0 7 3
a 1232 1759 0 25 2
a 1232 1121 0 6 8
a 1233 784 0 25 9
a 1233 227 0 10 1
a 1234 1066 0 25 10
a 1234 1082 0 22 8
a 1235 635 0 25 9
a 1235 1154 0 49 8
a 1237 1746 0 25 8
a 1237 681 0 8 10
a 1238 58 0 25 10
a 1238 1751 0 23 2
a 1240 324 0 25 4
a 1240 177 0 21 7
a 1241 1359 0 25 6
a 1241 543 0 37 1
a 1244 386 0 25 10
a 1244 1494 0 10 10
a 1246 1945 0 25 6
a 1246 1308 0 39 9
a 1250 1246 0 25 10
a 1250 1557 0 4 6
a 1252 949 0 25 9
a 1252 218 0 19 8
a 1253 840 0 25 9
a 1253 1355 0 26 1
a 1254 236 0 25 9
a 1254 1818 0 36 5
a 1256 1932 0 25 2
a 1256 1376 0 11 9
a 1257 180 0 25 2
a 1257 1412 0 2 9
a 1261 1544 0 25 9
a 1261 1847 0 12 1
a 1262 911 0 25 10
a 1262 1660 0 0 2
a 1263 846 0 25 7
a 1263 1094 0 6 6
a 1264 1396 0 25 10
a 1264 61 0 35 1
a 1268 124 0 25 6
a 1268 1227 0 2 10
a 1273 298 0 25 2
a 1273 36 0 29 4
a 1277 10 0 25 4
a 1277 1399 0 26 2
a 1278 1890 0 25 4
a 1278 205 0 8 6
a 1290 1567 0 25 10
a 1290 637 0 27 4
a 1292 1397 0 25 2
a 1292 1327 0 7 2
a 1293 814 0 25 3
a 1293 445 0 50 6
a 1294 1677 0 25 6
a 1294 1252 0 18 8
a 1296 970 0 25 9
a 1296 1328 0 21 6
a 1297 75 0 25 2
a 1297 1717 0 50 8
a 1300 1160 0 25 6
a 1300 1705 0 7 7
a 1304 1533 0 25 7
a 1304 1234 0 11 4
a 1305 1145 0 25 6
a 1305 1331 0 42 4
a 1306 1435 0 25 10
a 1306 955 0 6 6
a 1309 1563 0 25 4
a 1309 1294 0 42 4
a 1313 208 0 25 3
a 1313 1154 0 27 1
a 1315 1792 0 25 6
a 1315 870 0 41 9
a 1316 919 0 25 6
a 1316 1748 0 13 8
a 1317 554 0 25 5
a 1317 273 0 27 10
a 1318 1699 0 25 2
a 1318 1567 0 46 9
a 1319 1891 0 25 8
a 1319 1363 0 44 6
a 1320 414 0 25 5
a 1320 1553 0 28 6
a 1321 943 0 25 3
a 1321 37 0 50 6
a 1322 1964 0 25 9
a 1322 786 0 17 9
a 1330 1388 0 25 2
a 1330 1459 0 7 5
a 1331 1495 0 25 7
a 1331 317 0 49 9
a 1333 1304 0 25 2
a 1333 516 0 6 6
a 1334 1420 0 25 2
a 1334 1336 0 48 9
a 1338 1067 0 25 9
a 1338 124 0 28 10
a 1339 865 0 25 6
a 1339 1904 0 26 6
a 1340 113 0 25 4
a 1340 1530 0 10 5
a 1348 179 0 25 8
a 1348 343 0 33 2
a 1350 366 0 25 8
a 1350 698 0 37 3
a 1352 1757 0 25 1
a 1352 811 0 42 9
a 1353 1446 0 25 3
a 1353 1103 0 31 3
a 1356 116 0 25 9
a 1356 212 0 26 2
a 1359 158 0 25 2
a 1359 1130 0 4 4
a 1362 1698 0 25 2
a 1362 1219 0 13 5
a 1363 1131 0 25 9
a 1363 360 0 4 2
a 1366 1500 0 25 9
a 1366 754 0 18 3
a 1369 275 0 25 9
a 1369 1473 0 4 8
a 1372 760 0 25 3
a 1372 1205 0 3 10
a 1374 1959 0 25 6
a 1374 300 0 42 8
a 1376 692 0 25 10
a 1376 1817 0 50 6
a 1379 1209 0 25 4
a 1379 1133 0 4 4
a 1381 602 0 25 4
a 1381 218 0 32 3
a 1385 1356 0 25 3
a 1385 720 0 36 8
a 1388 1972 0 25 9
a 1388 106 0 39 4
a 1389 1129 0 25 5
a 1389 1969 0 1 9
a 1392 256 0 25 2
a 1392 873 0 8 7
a 1396 902 0 25 4
a 1396 916 0 26 1
a 1397 1582 0 25 1
a 1397 117 0 43 7
a 1398 86 0 25 8
a 1398 933 0 36 5
a 1399 1431 0 25 9
a 1399 601 0 18 2
a 1403 1691 0 25 1
a 1403 1566 0 48 1
a 1405 708 0 25 1
a 1405 1102 0 32 4
a 1409 582 0 25 6
a 1409 1390 0 40 8
a 1411 1018 0 25 2
a 1411 943 0 22 10
a 1413 1848 0 25 1
a 1413 579 0 12 1
a 1416 271 0 25 2
a 1416 1572 0 2 9
a 1419 1766 0 25 2
a 1419 962 0 11 3
a 1420 1164 0 25 4
a 1420 1708 0 33 5
a 1421 1403 0 25 2
a 1421 607 0 44 9
a 1422 76 0 25 8
a 1422 501 0 32 9
a 1424 178 0 25 6
a 1424 697 0 16 10
a 1426 1127 0 25 2
a 1426 885 0 15 2
a 1427 1317 0 25 4
a 1427 1155 0 41 6
a 1431 724 0 25 1
a 1431 490 0 10 8
a 1434 1656 0 25 7
a 1434 316 0 37 2
a 1435 978 0 25 8
a 1435 440 0 22 6
a 1437 335 0 25 6
a 1437 371 0 32 2
a 1443 940 0 25 5
a 1443 539 0 32 3
a 1444 755 0 25 2
a 1444 1318 0 50 2
a 1446 350 0 25 6
a 1446 255 0 45 4
a 1447 1824 0 25 10
a 1447 996 0 15 10
a 1448 1411 0 25 2
a 1448 623 0 15 2
a 1451 215 0 25 10
a 1451 1522 0 40 8
a 1452 980 0 25 5
a 1452 1996 0 31 9
a 1454 1182 0 25 10
a 1454 1016 0 41 5
a 1456 1937 0 25 2
a 1456 1046 0 44 7
a 1457 713 0 25 8
a 1457 729 0 21 5
a 1458 884 0 25 6
a 1458 1804 0 43 4
a 1459 1847 0 25 3
a 1459 1358 0 19 3
a 1463 1104 0 25 4
a 1463 461 0 26 2
a 1466 1954 0 25 8
a 1466 1090 0 32 3
a 1468 663 0 25 1
a 1468 50 0 6 9
a 1470 1689 0 25 7
a 1470 1403 0 38 7
a 1471 50 0 25 1
a 1471 1354 0 22 10
a 1472 1427 0 25 4
a 1472 51 0 9 5
a 1473 219 0 25 4
a 1473 1789 0 20 6
a 1476 1610 0 25 6
a 1476 1126 0 9 1
a 1477 1810 0 25 6
a 1477 1635 0 5 6
a 1485 905 0 25 1
a 1485 829 0 44 3
a 1486 889 0 25 9
a 1486 40 0 17 3
a 1487 1254 0 25 3
a 1487 1506 0 19 9
a 1489 405 0 25 5
a 1489 1035 0 11 1
a 1491 181 0 25 6
a 1491 1706 0 48 4
a 1492 387 0 25 4
a 1492 264 0 0 4
a 1494 1716 0 25 9
a 1494 911 0 8 5
a 1495 1193 0 25 5
a 1495 1912 0 27 2
a 1496 1456 0 25 9
a 1496 1173 0 48 5
a 1497 971 0 25 10
a 1497 389 0 44 2
a 1498 1186 0 25 6
a 1498 426 0 45 10
a 1499 1769 0 25 10
a 1499 1285 0 26 8
a 1500 1277 0 25 7
a 1500 1593 0 46 9
a 1501 772 0 25 4
a 1501 1685 0 5 7
a 1502 1781 0 25 2
a 1502 1936 0 41 5
a 1505 668 0 25 10
a 1505 76 0 29 3
a 1506 913 0 25 6
a 1506 758 0 41 10
a 1509 595 0 25 9
a 1509 1508 0 48 3
a 1513 1797 0 25 7
a 1513 922 0 21 1
a 1514 852 0 25 1
a 1514 1663 0 45 2
a 1516 1036 0 25 3
a 1516 991 0 23 6
a 1518 1585 0 25 10
a 1518 1167 0 43 4
a 1520 1899 0 25 2
a 1520 10 0 19 9
a 1523 1731 0 25 1
a 1523 1416 0 16 7
a 1524 379 0 25 4
a 1524 1944 0 13 1
a 1527 374 0 25 1
a 1527 732 0 35 1
a 1528 1707 0 25 5
a 1528 1368 0 14 1
a 1530 1235 0 25 3
a 1530 620 0 19 4
a 1532 1808 0 25 9
a 1532 1413 0 26 1
a 1533 577 0 25 7
a 1533 1798 0 23 7
a 1534 1952 0 25 8
a 1534 1614 0 9 8
a 1536 1918 0 25 1
a 1536 462 0 15 6
a 1543 838 0 25 4
a 1543 672 0 34 7
a 1544 623 0 25 7
a 1544 430 0 7 1
a 1548 1651 0 25 6
a 1548 1156 0 26 4
a 1550 1459 0 25 7
a 1550 1114 0 7 9
a 1555 824 0 25 5
a 1555 1662 0 13 6
a 1556 967 0 25 9
a 1556 208 0 48 6
a 1557 1463 0 25 8
a 1557 25 0 50 7
a 1558 954 0 25 8
a 1558 57 0 6 10
a 1563 416 0 25 6
a 1563 1299 0 28 8
a 1565 61 0 25 4
a 1565 859 0 9 2
a 1566 471 0 25 7
a 1566 867 0 21 10
a 1567 957 0 25 9
a 1567 1693 0 14 4
a 1568 1176 0 25 4
a 1568 1679 0 3 6
a 1569 695 0 25 8
a 1569 1462 0 37 5
a 1570 297 0 25 10
a 1570 19 0 28 4
a 1571 1605 0 25 4
a 1571 965 0 34 3
a 1572 1135 0 25 6
a 1572 541 0 32 1
a 1573 1162 0 25 3
a 1573 446 0 48 8
a 1574 293 0 25 4
a 1574 783 0 4 8
a 1577 89 0 25 1
a 1577 1652 0 11 10
a 1580 1971 0 25 1
a 1580 1876 0 41 6
a 1581 1571 0 25 8
a 1581 1559 0 34 6
a 1582 468 0 25 8
a 1582 973 0 12 2
a 1583 1681 0 25 10
a 1583 1716 0 41 10
a 1585 1704 0 25 10
a 1585 384 0 5 8
a 1586 571 0 25 2
a 1586 1562 0 14 5
a 1587 115 0 25 8
a 1587 1129 0 7 8
a 1589 1565 0 25 3
a 1589 852 0 47 2
a 1590 1951 0 25 3
a 1590 1647 0 3 1
a 1592 606 0 25 6
a 1592 1536 0 47 8
a 1599 397 0 25 8
a 1599 1361 0 24 8
a 1601 1895 0 25 2
a 1601 1287 0 10 9
a 1603 1909 0 25 6
a 1603 452 0 40 2
a 1605 992 0 25 5
a 1605 1654 0 47 2
a 1608 44 0 25 8
a 1608 45 0 10 8
a 1609 491 0 25 10
a 1609 1206 0 43 10
a 1610 1138 0 25 8
a 1610 983 0 18 3
a 1611 909 0 25 3
a 1611 1432 0 0 4
a 1620 1353 0 25 6
a 1620 951 0 42 2
a 1621 946 0 25 5
a 1621 728 0 41 5
a 1622 863 0 25 3
a 1622 1721 0 7 3
a 1623 1787 0 25 5
a 1623 878 0 43 4
a 1626 1859 0 25 1
a 1626 1978 0 1 6
a 1627 1528 0 25 3
a 1627 1696 0 5 8
a 1628 63 0 25 6
a 1628 934 0 46 1
a 1629 923 0 25 3
a 1629 1089 0 48 7
a 1634 1476 0 25 9
a 1634 210 0 22 10
a 1636 1369 0 25 2
a 1636 876 0 23 8
a 1637 1854 0 25 2
a 1637 1349 0 19 2
a 1639 586 0 25 3
a 1639 736 0 36 1
a 1641 499 0 25 7
a 1641 606 0 48 5
a 1646 1733 0 25 6
a 1646 75 0 11 9
a 1647 1477 0 25 1
a 1647 1087 0 22 10
a 1649 1961 0 25 9
a 1649 1868 0 14 7
a 1651 1126 0 25 9
a 1651 1755 0 23 6
a 1652 847 0 25 9
a 1652 983 0 29 6
a 1653 1804 0 25 7
a 1653 1854 0 14 5
a 1655 399 0 25 7
a 1655 1589 0 2 9
a 1656 788 0 25 1
a 1656 1912 0 50 6
a 1659 1914 0 25 6
a 1659 1089 0 36 6
a 1660 1710 0 25 1
a 1660 1324 0 34 9
a 1661 453 0 25 5
a 1661 1279 0 36 6
a 1663 285 0 25 2
a 1663 108 0 24 1
a 1666 1366 0 25 5
a 1666 336 0 47 6
a 1668 1520 0 25 9
a 1668 280 0 32 5
a 1670 1226 0 25 6
a 1670 1282 0 34 7
a 1673 514 0 25 4
a 1673 748 0 12 5
a 1674 802 0 25 5
a 1674 154 0 22 3
a 1675 447 0 25 7
a 1675 496 0 41 10
a 1677 710 0 25 4
a 1677 1184 0 11 6
a 1678 657 0 25 2
a 1678 1600 0 15 1
a 1681 128 0 25 3
a 1681 297 0 7 3
a 1688 1778 0 25 9
a 1688 677 0 24 9
a 1689 133 0 25 3
a 1689 990 0 23 4
a 1691 896 0 25 2
a 1691 326 0 4 7
a 1694 1534 0 25 8
a 1694 328 0 33 4
a 1698 1060 0 25 3
a 1698 1896 0 17 7
a 1699 961 0 25 3
a 1699 1779 0 46 1
a 1700 1989 0 25 10
a 1700 1617 0 7 9
a 1702 947 0 25 10
a 1702 1332 0 22 8
a 1703 337 0 25 6
a 1703 1175 0 7 5
a 1704 750 0 25 1
a 1704 1353 0 14 1
a 1705 1815 0 25 9
a 1705 1348 0 29 2
a 1707 1601 0 25 6
a 1707 558 0 20 2
a 1708 581 0 25 1
a 1708 1877 0 32 8
a 1710 1791 0 25 10
a 1710 894 0 34 7
a 1712 1981 0 25 6
a 1712 988 0 22 3
a 1716 803 0 25 3
a 1716 1407 0 5 10
a 1717 1339 0 25 9
a 1717 805 0 27 6
a 1718 1005 0 25 3
a 1718 1277 0 6 7
a 1719 1096 0 25 4
a 1719 1201 0 46 3
a 1720 1865 0 25 5
a 1720 1176 0 35 9
a 1721 1903 0 25 3
a 1721 1215 0 5 10
a 1722 1452 0 25 1
a 1722 212 0 33 2
a 1723 1049 0 25 9
a 1723 519 0 6 8
a 1725 875 0 25 6
a 1725 880 0 32 5
a 1727 476 0 25 6
a 1727 1480 0 8 10
a 1728 584 0 25 7
a 1728 1676 0 2 9
a 1730 765 0 25 9
a 1730 727 0 3 3
a 1731 1330 0 25 8
a 1731 1567 0 4 5
a 1732 161 0 25 2
a 1732 973 0 11 6
a 1733 15 0 25 1
a 1733 1627 0 42 8
a 1734 1372 0 25 9
a 1734 844 0 16 4
a 1735 27 0 25 2
a 1735 107 0 30 4
a 1741 1580 0 25 10
a 1741 1590 0 38 6
a 1745 1315 0 25 3
a 1745 127 0 9 9
a 1746 343 0 25 3
a 1746 1604 0 4 4
a 1749 505 0 25 7
a 1749 402 0 19 6
a 1752 1151 0 25 1
a 1752 1059 0 1 4
a 1753 65 0 25 4
a 1753 1641 0 50 8
a 1756 530 0 25 8
a 1756 1374 0 22 2
a 1757 1261 0 25 7
a 1757 1012 0 17 7
a 1759 1938 0 25 3
a 1759 891 0 35 1
a 1761 1086 0 25 6
a 1761 1749 0 2 7
a 1762 915 0 25 1
a 1762 83 0 15 9
a 1763 796 0 25 6
a 1763 29 0 8 4
a 1764 1081 0 25 2
a 1764 1401 0 43 6
a 1766 57 0 25 6
a 1766 73 0 10 6
a 1768 53 0 25 9
a 1768 1669 0 20 2
a 1769 1675 0 25 1
a 1769 365 0 22 5
a 1771 812 0 25 5
a 1771 1315 0 26 8
a 1773 489 0 25 10
a 1773 1113 0 10 1
a 1776 1649 0 25 7
a 1776 1153 0 44 5
a 1778 1811 0 25 10
a 1778 478 0 2 6
a 1779 1568 0 25 3
a 1779 973 0 49 8
a 1781 1473 0 25 10
a 1781 530 0 42 4
a 1782 544 0 25 6
a 1782 421 0 3 8
a 1787 778 0 25 10
a 1787 1430 0 23 4
a 1788 303 0 25 3
a 1788 775 0 38 3
a 1790 1237 0 25 6
a 1790 1531 0 10 3
a 1791 864 0 25 4
a 1791 1097 0 4 4
a 1792 308 0 25 9
a 1792 1333 0 7 7
a 1796 1032 0 25 1
a 1796 11 0 1 4
a 1797 524 0 25 1
a 1797 576 0 24 8
a 1799 1556 0 25 8
a 1799 574 0 40 5
a 1800 45 0 25 5
a 1800 114 0 17 8
a 1802 1421 0 25 2
a 1802 359 0 15 10
a 1803 733 0 25 5
a 1803 1811 0 36 1
a 1804 969 0 25 4
a 1804 385 0 35 10
a 1805 783 0 25 9
a 1805 1054 0 33 10
a 1807 1022 0 25 5
a 1807 967 0 14 10
a 1808 1191 0 25 1
a 1808 350 0 23 2
a 1809 882 0 25 2
a 1809 509 0 42 4
a 1810 1181 0 25 3
a 1810 1006 0 6 1
a 1811 2000 0 25 3
a 1811 727 0 25 4
a 1813 493 0 25 3
a 1813 955 0 44 3
a 1814 1980 0 25 6
a 1814 1387 0 44 3
a 1815 627 0 25 6
a 1815 887 0 23 4
a 1820 252 0 25 6
a 1820 457 0 36 6
a 1823 1532 0 25 3
a 1823 1444 0 4 4
a 1824 100 0 25 3
a 1824 1854 0 29 5
a 1826 1807 0 25 8
a 1826 1191 0 12 10
a 1828 1470 0 25 10
a 1828 98 0 2 5
a 1829 560 0 25 3
a 1829 1569 0 25 9
a 1831 666 0 25 5
a 1831 1743 0 46 1
a 1839 1117 0 25 7
a 1839 1675 0 43 9
a 1842 1309 0 25 5
a 1842 412 0 37 3
a 1843 1842 0 25 3
a 1843 226 0 46 5
a 1845 739 0 25 9
a 1845 507 0 33 9
a 1847 1935 0 25 8
a 1847 37 0 15 3
a 1848 1472 0 25 10
a 1848 1981 0 8 7
a 1849 1444 0 25 3
a 1849 1558 0 4 5
a 1853 1609 0 25 8
a 1853 1104 0 23 6
a 1854 1316 0 25 2
a 1854 34 0 5 4
a 1858 1350 0 25 7
a 1858 229 0 50 8
a 1859 794 0 25 7
a 1859 1809 0 44 4
a 1864 1502 0 25 9
a 1864 1317 0 41 9
a 1865 1876 0 25 3
a 1865 207 0 20 10
a 1869 758 0 25 6
a 1869 1100 0 25 5
a 1870 1831 0 25 9
a 1870 868 0 8 9
a 1871 1673 0 25 6
a 1871 431 0 41 9
a 1873 451 0 25 5
a 1873 1236 0 8 7
a 1875 1843 0 25 6
a 1875 1473 0 46 3
a 1876 1147 0 25 7
a 1876 1627 0 29 2
a 1878 661 0 25 2
a 1878 17 0 27 5
a 1879 893 0 25 7
a 1879 1201 0 50 9
a 1880 1447 0 25 1
a 1880 1340 0 28 6
a 1881 1220 0 25 2
a 1881 1808 0 3 6
a 1883 203 0 25 8
a 1883 37 0 12 6
a 1885 1933 0 25 4
a 1885 1289 0 29 8
a 1889 419 0 25 5
a 1889 974 0 34 9
a 1890 1516 0 25 10
a 1890 1182 0 27 3
a 1891 1273 0 25 10
a 1891 1024 0 5 3
a 1893 1216 0 25 8
a 1893 981 0 21 5
a 1894 693 0 25 5
a 1894 1263 0 0 2
a 1895 220 0 25 5
a 1895 1049 0 31 1
a 1896 1924 0 25 2
a 1896 587 0 30 1
a 1899 1893 0 25 8
a 1899 135 0 26 10
a 1902 1491 0 25 8
a 1902 1088 0 0 5
a 1903 805 0 25 9
a 1903 554 0 39 2
a 1904 717 0 25 5
a 1904 170 0 31 7
a 1905 240 0 25 10
a 1905 867 0 45 8
a 1907 1883 0 25 10
a 1907 1552 0 10 10
a 1909 1762 0 25 10
a 1909 737 0 36 5
a 1910 206 0 25 2
a 1910 1074 0 22 10
a 1912 42 0 25 2
a 1912 235 0 5 10
a 1914 1333 0 25 7
a 1914 369 0 31 9
a 1917 237 0 25 1
a 1917 41 0 42 9
a 1918 832 0 25 5
a 1918 965 0 30 9
a 1920 1622 0 25 6
a 1920 1836 0 37 2
a 1921 477 0 25 6
a 1921 1898 0 27 7
a 1922 487 0 25 5
a 1922 36 0 10 2
a 1923 615 0 25 3
a 1923 1262 0 32 6
a 1924 231 0 25 2
a 1924 1163 0 40 8
a 1928 1752 0 25 3
a 1928 1224 0 50 4
a 1930 1140 0 25 10
a 1930 1816 0 42 5
a 1931 1878 0 25 2
a 1931 1560 0 27 3
a 1932 407 0 25 10
a 1932 831 0 47 7
a 1933 1912 0 25 1
a 1933 1963 0 24 7
a 1935 922 0 25 9
a 1935 1727 0 47 1
a 1936 1419 0 25 3
a 1936 96 0 10 3
a 1937 1497 0 25 9
a 1937 957 0 28 7
a 1938 1639 0 25 2
a 1938 1067 0 25 3
a 1939 1880 0 25 7
a 1939 1956 0 28 3
a 1942 1466 0 25 9
a 1942 16 0 20 7
a 1945 265 0 25 4
a 1945 1331 0 47 6
a 1946 1896 0 25 10
a 1946 1457 0 23 10
a 1951 1634 0 25 10
a 1951 1582 0 11 9
a 1952 545 0 25 5
a 1952 949 0 16 2
a 1953 1015 0 25 4
a 1953 1369 0 14 7
a 1954 1501 0 25 6
a 1954 1042 0 5 8
a 1956 1121 0 25 6
a 1956 1732 0 35 7
a 1959 729 0 25 4
a 1959 1767 0 7 10
a 1960 589 0 25 4
a 1960 1987 0 24 10
a 1961 596 0 25 10
a 1961 890 0 33 8
a 1964 39 0 25 6
a 1964 1399 0 28 6
a 1966 77 0 25 3
a 1966 631 0 21 7
a 1968 754 0 25 2
a 1968 1412 0 24 3
a 1971 1987 0 25 2
a 1971 1417 0 36 6
a 1972 426 0 25 10
a 1972 260 0 0 9
a 1974 1212 0 25 2
a 1974 839 0 28 4
a 1980 1953 0 25 10
a 1980 1563 0 0 7
a 1981 1720 0 25 2
a 1981 141 0 35 4
a 1983 1305 0 25 5
a 1983 1575 0 25 1
a 1986 810 0 25 7
a 1986 360 0 18 3
a 1987 844 0 25 2
a 1987 1073 0 29 1
a 1988 1241 0 25 2
a 1988 27 0 48 1
a 1989 1451 0 25 9
a 1989 1719 0 30 3
a 1991 1717 0 25 9
a 1991 651 0 1 2
a 1992 848 0 25 8
a 1992 1102 0 48 4
a 1993 52 0 25 1
a 1993 626 0 38 2
a 1998 621 0 25 1
a 1998 1108 0 27 7
