c PyNETGEN v1.0.0
c $ pip install pynetgen
c
c  NETGEN flow network generation algorithm
c  Problem input parameters
c  -------------------------------------
c   Random seed:          12
c   Number of nodes:      1000
c   Source nodes:         2
c   Sink nodes:           2
c   Number of arcs:       2000
c   Minimum arc cost:     1
c   Maximum arc cost:     10
c   Total supply:         50
c   Transshipment -
c     Sources:            0
c     Sinks:              0
c   Skeleton arcs -
c     With max cost:      0
c     Capacitated:        100
c   Minimum arc capacity: 0
c   Maximum arc capacity: 50
c
c  *** Minimum cost flow ***
c
p min 1000 2000
n 1 10
n 2 40
n 999 -24
n 1000 -26
a 1 889 0 10 6
a 1 920 0 0 5
a 3 817 0 10 6
a 3 278 0 19 5
a 4 391 0 10 6
a 4 584 0 14 10
a 4 412 0 16 7
a 6 101 0 10 9
a 6 286 0 17 7
a 7 33 0 10 9
a 7 583 0 50 5
a 8 266 0 10 6
a 8 623 0 13 8
a 8 410 0 3 3
a 13 368 0 10 7
a 13 233 0 26 10
a 13 145 0 7 5
a 14 614 0 10 9
a 14 973 0 42 8
a 14 881 0 47 2
a 15 571 0 10 5
a 15 490 0 16 3
a 16 247 0 10 3
a 16 538 0 36 3
a 18 146 0 10 1
a 18 736 0 14 3
a 20 968 0 10 2
a 20 773 0 18 1
a 22 219 0 10 4
a 22 277 0 7 10
a 25 764 0 10 10
a 25 790 0 28 5
a 27 772 0 10 9
a 27 7 0 42 9
a 32 137 0 10 9
a 32 572 0 9 7
a 33 482 0 10 10
a 33 161 0 37 9
a 36 519 0 10 9
a 36 387 0 42 2
a 37 388 0 10 8
a 37 919 0 18 1
a 38 285 0 10 7
a 38 811 0 29 2
a 39 876 0 10 9
a 39 448 0 12 6
a 41 274 0 10 10
a 41 511 0 45 4
a 44 286 0 10 3
a 44 399 0 49 7
a 45 660 0 10 8
a 45 784 0 39 4
a 47 732 0 10 9
a 47 949 0 37 1
a 48 227 0 10 2
a 48 351 0 46 4
a 50 696 0 10 9
a 50 837 0 6 3
a 51 763 0 10 7
a 51 862 0 12 6
a 52 913 0 10 5
a 52 454 0 34 5
a 53 499 0 10 2
a 53 63 0 36 5
a 56 814 0 10 5
a 56 753 0 32 10
a 57 588 0 10 7
a 57 887 0 25 9
a 60 985 0 10 10
a 60 89 0 22 1
a 62 225 0 10 6
a 62 320 0 24 4
a 63 598 0 10 9
a 63 735 0 5 1
a 65 671 0 10 7
a 65 763 0 22 2
a 67 317 0 10 5
a 67 125 0 29 3
a 69 894 0 10 4
a 69 972 0 47 4
a 72 392 0 10 1
a 72 226 0 34 7
a 74 924 0 10 6
a 74 635 0 38 8
a 76 439 0 10 4
a 76 664 0 43 8
a 80 190 0 10 6
a 80 12 0 32 7
a 81 898 0 10 1
a 81 727 0 33 10
a 83 1000 0 10 4
a 83 90 0 3 9
a 85 840 0 10 6
a 85 716 0 0 8
a 87 234 0 10 7
a 87 548 0 12 4
a 89 604 0 10 7
a 89 789 0 46 10
a 94 857 0 10 8
a 94 107 0 0 4
a 95 597 0 10 2
a 95 402 0 26 8
a 97 13 0 10 2
a 97 74 0 47 5
a 100 412 0 10 10
a 100 355 0 0 6
a 101 27 0 10 6
a 101 688 0 45 4
a 103 824 0 10 6
a 103 311 0 43 7
a 105 815 0 10 6
a 105 373 0 43 8
a 106 418 0 10 6
a 106 737 0 6 3
a 107 725 0 10 4
a 107 915 0 38 3
a 108 887 0 10 1
a 108 378 0 42 4
a 110 921 0 10 10
a 110 964 0 19 8
a 112 232 0 10 8
a 112 355 0 9 9
a 115 736 0 10 6
a 115 849 0 37 7
a 116 422 0 10 1
a 116 842 0 28 5
a 120 795 0 10 9
a 120 12 0 1 6
a 128 379 0 10 3
a 128 26 0 8 9
a 130 937 0 10 3
a 130 26 0 18 7
a 132 811 0 10 5
a 132 805 0 42 3
a 136 884 0 10 9
a 136 456 0 21 2
a 137 53 0 10 5
a 137 193 0 27 7
a 138 955 0 10 10
a 138 381 0 48 10
a 141 843 0 10 2
a 141 421 0 46 7
a 142 110 0 10 5
a 142 381 0 9 3
a 143 536 0 10 4
a 143 587 0 9 9
a 144 374 0 10 7
a 144 9 0 7 7
a 146 581 0 10 6
a 146 480 0 35 8
a 147 370 0 10 3
a 147 995 0 28 3
a 151 847 0 10 9
a 151 30 0 25 8
a 152 643 0 10 1
a 152 720 0 41 3
a 153 996 0 10 5
a 153 213 0 21 5
a 155 428 0 10 7
a 155 527 0 43 8
a 156 970 0 10 7
a 156 547 0 19 6
a 157 599 0 10 2
a 157 557 0 37 1
a 161 845 0 10 3
a 161 332 0 33 3
a 164 807 0 10 3
a 164 244 0 47 7
a 165 728 0 10 5
a 165 598 0 1 1
a 168 907 0 10 4
a 168 209 0 22 5
a 172 534 0 10 6
a 172 257 0 48 5
a 173 62 0 10 6
a 173 459 0 17 8
a 174 691 0 10 7
a 174 22 0 6 9
a 178 794 0 10 7
a 178 950 0 33 10
a 179 8 0 10 1
a 179 941 0 9 6
a 181 479 0 10 7
a 181 440 0 6 10
a 182 280 0 10 7
a 182 230 0 13 3
a 184 872 0 10 8
a 184 324 0 6 7
a 187 226 0 10 2
a 187 185 0 13 6
a 188 994 0 10 9
a 188 433 0 45 5
a 190 72 0 10 4
a 190 139 0 0 2
a 192 409 0 10 1
a 192 256 0 39 2
a 193 903 0 10 7
a 193 454 0 18 10
a 196 638 0 10 10
a 196 264 0 45 1
a 200 983 0 10 7
a 200 938 0 19 3
a 201 353 0 10 10
a 201 838 0 31 7
a 204 980 0 10 1
a 204 895 0 44 1
a 210 697 0 10 6
a 210 668 0 9 10
a 211 263 0 10 2
a 211 671 0 32 9
a 212 371 0 10 2
a 212 66 0 13 6
a 213 483 0 10 3
a 213 688 0 3 1
a 216 858 0 10 4
a 216 474 0 12 2
a 218 931 0 10 10
a 218 507 0 0 4
a 219 505 0 10 6
a 219 370 0 38 1
a 221 446 0 10 3
a 221 600 0 22 7
a 222 711 0 10 3
a 222 985 0 49 1
a 224 142 0 10 4
a 224 850 0 3 6
a 225 182 0 10 9
a 225 255 0 18 6
a 226 488 0 10 8
a 226 672 0 26 2
a 227 57 0 10 8
a 227 199 0 33 10
a 228 868 0 10 1
a 228 574 0 24 7
a 229 719 0 10 7
a 229 739 0 7 10
a 230 132 0 10 4
a 230 937 0 8 4
a 232 854 0 10 10
a 232 253 0 46 8
a 233 566 0 10 6
a 233 520 0 0 8
a 234 891 0 10 8
a 234 372 0 38 8
a 240 823 0 10 5
a 240 854 0 27 7
a 241 474 0 10 10
a 241 69 0 2 10
a 242 165 0 10 7
a 242 140 0 14 4
a 243 253 0 10 5
a 243 322 0 9 2
a 244 531 0 10 3
a 244 552 0 14 1
a 246 447 0 10 4
a 246 939 0 2 3
a 247 211 0 10 1
a 247 41 0 45 9
a 249 990 0 10 4
a 249 99 0 28 7
a 250 953 0 10 3
a 250 99 0 20 7
a 251 6 0 10 10
a 251 481 0 45 7
a 252 602 0 10 7
a 252 68 0 41 4
a 253 453 0 10 7
a 253 124 0 4 5
a 255 747 0 10 4
a 255 984 0 30 9
a 256 593 0 10 5
a 256 803 0 14 10
a 257 326 0 10 6
a 257 686 0 26 5
a 260 85 0 10 3
a 260 161 0 3 2
a 261 65 0 10 4
a 261 798 0 42 1
a 263 339 0 10 4
a 263 924 0 35 9
a 266 395 0 10 8
a 266 334 0 36 2
a 269 503 0 10 10
a 269 102 0 45 5
a 274 670 0 10 8
a 274 34 0 17 4
a 280 216 0 10 4
a 280 665 0 3 7
a 281 472 0 10 4
a 281 824 0 41 6
a 285 491 0 10 2
a 285 94 0 12 7
a 286 481 0 10 4
a 286 686 0 1 9
a 289 485 0 10 6
a 289 665 0 12 1
a 295 152 0 10 2
a 295 334 0 5 6
a 301 674 0 10 5
a 301 720 0 48 2
a 303 387 0 10 5
a 303 311 0 41 2
a 305 932 0 10 9
a 305 220 0 41 6
a 307 498 0 10 9
a 307 761 0 50 7
a 308 323 0 10 6
a 308 925 0 34 8
a 311 108 0 10 3
a 311 476 0 39 9
a 313 635 0 10 9
a 313 764 0 24 7
a 315 173 0 10 8
a 315 997 0 8 7
a 317 311 0 10 7
a 317 620 0 29 9
a 319 777 0 10 6
a 319 667 0 3 1
a 321 351 0 10 3
a 321 531 0 48 6
a 323 438 0 10 8
a 323 695 0 23 2
a 326 662 0 10 10
a 326 298 0 26 5
a 328 954 0 10 6
a 328 663 0 46 4
a 333 307 0 10 8
a 333 857 0 37 5
a 336 977 0 10 10
a 336 344 0 10 5
a 338 244 0 10 3
a 338 589 0 31 8
a 339 213 0 10 6
a 339 682 0 47 9
a 341 765 0 10 8
a 341 251 0 8 4
a 343 904 0 10 7
a 343 670 0 36 1
a 345 321 0 10 9
a 345 81 0 29 3
a 346 20 0 10 4
a 346 624 0 26 4
a 348 720 0 10 9
a 348 921 0 16 3
a 349 39 0 10 10
a 349 828 0 17 1
a 351 95 0 10 6
a 351 146 0 44 7
a 352 489 0 10 5
a 352 682 0 6 9
a 353 451 0 10 1
a 353 42 0 26 10
a 355 372 0 10 2
a 355 748 0 49 9
a 358 620 0 10 3
a 358 880 0 48 7
a 360 41 0 10 10
a 360 145 0 7 10
a 363 83 0 10 8
a 363 906 0 18 9
a 364 944 0 10 9
a 364 475 0 26 7
a 365 364 0 10 1
a 365 28 0 27 10
a 366 143 0 10 3
a 366 622 0 5 2
a 367 128 0 10 9
a 367 330 0 17 6
a 368 591 0 10 9
a 368 795 0 13 1
a 369 605 0 10 2
a 369 644 0 47 3
a 370 378 0 10 3
a 370 508 0 21 6
a 371 668 0 10 10
a 371 730 0 10 2
a 372 269 0 10 9
a 372 126 0 23 2
a 373 910 0 10 6
a 373 27 0 34 4
a 374 859 0 10 2
a 374 777 0 4 2
a 376 432 0 10 6
a 376 81 0 36 4
a 378 7 0 10 7
a 378 776 0 21 4
a 379 37 0 10 8
a 379 159 0 1 2
a 383 842 0 10 3
a 383 514 0 35 10
a 387 938 0 10 7
a 387 428 0 36 10
a 388 947 0 10 1
a 388 643 0 40 7
a 389 896 0 10 4
a 389 658 0 21 1
a 390 187 0 10 1
a 390 376 0 42 3
a 391 521 0 10 9
a 391 429 0 26 1
a 392 836 0 10 10
a 392 190 0 39 5
a 395 863 0 10 3
a 395 867 0 8 5
a 396 831 0 10 5
a 396 121 0 7 6
a 399 240 0 10 9
a 399 225 0 40 10
a 402 106 0 10 9
a 402 899 0 31 4
a 404 433 0 10 6
a 404 993 0 32 10
a 405 678 0 10 2
a 405 932 0 7 10
a 406 551 0 10 5
a 406 449 0 29 5
a 407 585 0 10 4
a 407 108 0 12 4
a 409 212 0 10 7
a 409 802 0 25 8
a 412 830 0 10 5
a 412 627 0 21 7
a 418 155 0 10 7
a 418 963 0 14 3
a 420 779 0 10 5
a 420 282 0 42 1
a 422 48 0 10 10
a 422 850 0 48 8
a 424 441 0 10 8
a 424 708 0 28 9
a 425 801 0 10 7
a 425 210 0 23 4
a 428 366 0 10 2
a 428 809 0 23 9
a 429 255 0 10 7
a 429 732 0 43 4
a 432 860 0 10 10
a 432 724 0 4 7
a 433 261 0 10 8
a 433 374 0 26 9
a 434 908 0 10 3
a 434 78 0 28 8
a 438 528 0 10 7
a 438 446 0 36 6
a 439 781 0 10 4
a 439 924 0 8 1
a 441 943 0 10 3
a 441 87 0 1 6
a 446 229 0 10 1
a 446 420 0 33 10
a 447 564 0 10 7
a 447 719 0 28 6
a 448 681 0 10 1
a 448 413 0 35 5
a 449 710 0 10 10
a 449 170 0 41 6
a 451 452 0 10 8
a 451 799 0 44 4
a 452 870 0 10 4
a 452 220 0 8 1
a 453 832 0 10 10
a 453 125 0 23 10
a 459 992 0 10 7
a 459 695 0 49 6
a 460 289 0 10 7
a 460 571 0 50 10
a 462 241 0 10 9
a 462 425 0 20 10
a 463 669 0 10 5
a 463 268 0 9 5
a 466 627 0 10 1
a 466 321 0 33 10
a 468 136 0 10 6
a 468 124 0 19 1
a 469 246 0 10 10
a 469 555 0 40 5
a 472 112 0 10 8
a 472 811 0 39 6
a 473 882 0 10 6
a 473 143 0 48 6
a 474 56 0 10 3
a 474 911 0 30 2
a 475 617 0 10 1
a 475 160 0 1 6
a 476 308 0 10 10
a 476 12 0 13 4
a 478 407 0 10 8
a 478 297 0 32 9
a 479 723 0 10 9
a 479 850 0 8 1
a 481 785 0 10 10
a 481 120 0 35 7
a 482 144 0 10 4
a 482 490 0 37 3
a 483 179 0 10 8
a 483 18 0 31 5
a 485 475 0 10 3
a 485 179 0 7 7
a 486 257 0 10 10
a 486 344 0 30 4
a 488 32 0 10 1
a 488 462 0 21 9
a 489 138 0 10 7
a 489 145 0 18 2
a 491 539 0 10 5
a 491 536 0 31 3
a 494 60 0 10 6
a 494 307 0 27 2
a 498 988 0 10 2
a 498 913 0 42 7
a 499 406 0 10 1
a 499 370 0 27 2
a 500 168 0 10 8
a 500 322 0 17 5
a 501 762 0 10 10
a 501 714 0 10 7
a 503 658 0 10 3
a 503 10 0 12 4
a 504 373 0 10 4
a 504 930 0 41 10
a 505 328 0 10 9
a 505 13 0 30 3
a 506 544 0 10 9
a 506 324 0 22 3
a 508 899 0 10 2
a 508 734 0 11 3
a 512 853 0 10 10
a 512 188 0 16 4
a 513 45 0 10 6
a 513 936 0 45 9
a 516 774 0 10 5
a 516 999 0 10 1
a 517 816 0 10 4
a 517 572 0 24 10
a 519 200 0 10 4
a 519 241 0 2 3
a 520 44 0 10 6
a 520 596 0 39 1
a 521 405 0 10 3
a 521 44 0 13 7
a 523 51 0 10 7
a 523 360 0 12 2
a 525 67 0 10 2
a 525 571 0 33 6
a 526 130 0 10 1
a 526 998 0 19 1
a 527 157 0 10 3
a 527 882 0 13 4
a 528 303 0 10 1
a 528 499 0 24 5
a 531 707 0 10 5
a 531 685 0 42 6
a 532 526 0 10 4
a 532 906 0 26 3
a 534 319 0 10 7
a 534 806 0 39 5
a 535 178 0 10 4
a 535 554 0 48 6
a 536 252 0 10 5
a 536 565 0 47 6
a 539 383 0 10 2
a 539 177 0 1 9
a 544 390 0 10 10
a 544 922 0 1 3
a 547 813 0 10 5
a 547 243 0 46 10
a 548 562 0 10 6
a 548 631 0 48 4
a 549 38 0 10 2
a 549 861 0 49 6
a 550 948 0 10 2
a 550 971 0 46 9
a 551 233 0 10 10
a 551 910 0 6 3
a 553 722 0 10 4
a 553 874 0 23 1
a 556 74 0 10 9
a 556 605 0 9 5
a 557 494 0 10 5
a 557 20 0 30 3
a 560 260 0 10 1
a 560 792 0 35 9
a 562 251 0 10 10
a 562 188 0 38 8
a 564 420 0 10 1
a 564 763 0 3 4
a 565 912 0 10 7
a 565 827 0 13 8
a 566 434 0 10 5
a 566 230 0 42 1
a 567 601 0 10 6
a 567 764 0 47 1
a 569 376 0 10 6
a 569 230 0 12 7
a 571 873 0 10 10
a 571 194 0 22 4
a 576 809 0 10 3
a 576 557 0 3 9
a 581 941 0 10 5
a 581 587 0 35 3
a 585 565 0 10 7
a 585 467 0 36 7
a 588 729 0 10 3
a 588 165 0 6 7
a 589 151 0 10 7
a 589 12 0 25 4
a 591 462 0 10 2
a 591 715 0 37 5
a 593 365 0 10 4
a 593 870 0 34 8
a 595 153 0 10 1
a 595 639 0 44 3
a 597 569 0 10 1
a 597 319 0 47 4
a 598 424 0 10 3
a 598 879 0 24 7
a 599 469 0 10 4
a 599 28 0 10 9
a 601 115 0 10 8
a 601 391 0 21 10
a 602 897 0 10 7
a 602 521 0 8 4
a 604 87 0 10 3
a 604 764 0 13 5
a 605 256 0 10 1
a 605 920 0 22 6
a 608 550 0 10 1
a 608 53 0 35 3
a 612 804 0 10 9
a 612 13 0 17 6
a 614 553 0 10 8
a 614 72 0 43 6
a 615 103 0 10 9
a 615 714 0 15 6
a 617 367 0 10 1
a 617 815 0 29 8
a 618 313 0 10 9
a 618 759 0 38 2
a 619 201 0 10 3
a 619 312 0 8 1
a 620 315 0 10 3
a 620 257 0 45 2
a 621 637 0 10 3
a 621 317 0 31 4
a 623 3 0 10 7
a 623 64 0 42 2
a 624 757 0 10 7
a 624 999 0 18 2
a 627 345 0 10 7
a 627 420 0 30 8
a 628 939 0 10 3
a 628 970 0 3 8
a 629 500 0 10 1
a 629 711 0 15 5
a 635 221 0 10 8
a 635 297 0 3 10
a 636 958 0 10 1
a 636 891 0 15 4
a 637 352 0 10 1
a 637 335 0 10 2
a 638 69 0 10 7
a 638 244 0 2 7
a 639 680 0 10 10
a 639 400 0 49 8
a 643 761 0 10 1
a 643 894 0 24 3
a 644 589 0 10 5
a 644 807 0 48 7
a 650 52 0 10 9
a 650 447 0 28 5
a 651 346 0 10 10
a 651 459 0 3 6
a 658 651 0 10 5
a 658 568 0 49 9
a 660 399 0 10 3
a 660 479 0 12 6
a 662 459 0 10 3
a 662 978 0 20 4
a 664 218 0 10 8
a 664 848 0 22 10
a 668 768 0 10 2
a 668 813 0 5 10
a 669 986 0 10 2
a 669 160 0 16 5
a 670 25 0 10 9
a 670 649 0 43 3
a 671 360 0 10 3
a 671 222 0 5 6
a 674 778 0 10 10
a 674 420 0 41 10
a 678 147 0 10 1
a 678 758 0 23 3
a 679 16 0 10 9
a 679 474 0 14 3
a 680 336 0 10 10
a 680 717 0 7 2
a 681 867 0 10 1
a 681 207 0 44 5
a 691 864 0 10 2
a 691 59 0 37 8
a 696 94 0 10 7
a 696 996 0 33 8
a 697 348 0 10 9
a 697 529 0 44 9
a 706 305 0 10 1
a 706 353 0 26 4
a 707 525 0 10 8
a 707 414 0 21 10
a 708 734 0 10 1
a 708 248 0 33 6
a 710 504 0 10 6
a 710 186 0 47 6
a 711 174 0 10 1
a 711 32 0 34 1
a 712 343 0 10 4
a 712 789 0 48 6
a 714 243 0 10 9
a 714 750 0 35 5
a 719 918 0 10 10
a 719 428 0 11 6
a 720 935 0 10 2
a 720 790 0 9 10
a 722 644 0 10 8
a 722 927 0 47 7
a 723 819 0 10 2
a 723 458 0 8 2
a 725 523 0 10 9
a 725 710 0 47 8
a 727 714 0 10 3
a 727 926 0 18 9
a 728 556 0 10 10
a 728 790 0 40 7
a 729 404 0 10 4
a 729 573 0 38 1
a 730 535 0 10 3
a 730 124 0 24 6
a 732 783 0 10 9
a 732 584 0 45 5
a 734 664 0 10 7
a 734 516 0 32 3
a 736 520 0 10 8
a 736 778 0 8 8
a 739 196 0 10 7
a 739 593 0 18 2
a 747 961 0 10 8
a 747 715 0 33 4
a 757 706 0 10 4
a 757 534 0 33 1
a 761 971 0 10 4
a 761 447 0 5 9
a 762 508 0 10 2
a 762 966 0 9 10
a 763 818 0 10 1
a 763 258 0 35 7
a 764 429 0 10 6
a 764 170 0 7 2
a 765 527 0 10 9
a 765 446 0 23 8
a 768 355 0 10 5
a 768 743 0 32 2
a 772 624 0 10 10
a 772 966 0 23 8
a 774 957 0 10 10
a 774 787 0 14 1
a 777 36 0 10 1
a 777 672 0 17 5
a 778 14 0 10 8
a 778 360 0 30 7
a 779 612 0 10 7
a 779 385 0 29 6
a 781 928 0 10 2
a 781 690 0 1 7
a 783 478 0 10 1
a 783 139 0 4 10
a 785 730 0 10 9
a 785 124 0 44 1
a 792 619 0 10 9
a 792 714 0 30 6
a 794 224 0 10 6
a 794 335 0 8 3
a 795 181 0 10 6
a 795 672 0 43 9
a 797 679 0 10 8
a 797 945 0 22 7
a 801 805 0 10 2
a 801 803 0 10 10
a 804 463 0 10 5
a 804 458 0 9 10
a 805 333 0 10 1
a 805 182 0 28 2
a 807 486 0 10 2
a 807 81 0 42 3
a 809 281 0 10 7
a 809 931 0 23 9
a 811 978 0 10 4
a 811 666 0 30 7
a 813 949 0 10 6
a 813 15 0 42 4
a 814 193 0 10 7
a 814 21 0 0 4
a 815 608 0 10 6
a 815 592 0 9 6
a 816 63 0 10 3
a 816 414 0 28 5
a 817 468 0 10 7
a 817 287 0 21 7
a 818 621 0 10 3
a 818 906 0 10 5
a 819 501 0 10 7
a 819 834 0 1 3
a 822 425 0 10 5
a 822 880 0 7 7
a 823 222 0 10 7
a 823 104 0 0 7
a 824 547 0 10 7
a 824 241 0 22 7
a 827 727 0 10 3
a 827 672 0 2 2
a 830 402 0 10 10
a 830 177 0 29 3
a 831 517 0 10 7
a 831 939 0 46 10
a 832 849 0 10 9
a 832 382 0 13 3
a 833 871 0 10 5
a 833 139 0 36 2
a 834 827 0 10 5
a 834 465 0 50 5
a 836 188 0 10 9
a 836 378 0 32 8
a 840 959 0 10 1
a 840 72 0 28 2
a 841 448 0 10 2
a 841 701 0 4 5
a 842 595 0 10 8
a 842 663 0 20 5
a 843 513 0 10 8
a 843 322 0 2 10
a 845 822 0 10 2
a 845 532 0 38 10
a 847 618 0 10 2
a 847 365 0 29 1
a 849 636 0 10 10
a 849 633 0 39 6
a 853 161 0 10 3
a 853 144 0 36 3
a 854 389 0 10 3
a 854 516 0 42 10
a 855 50 0 10 8
a 855 958 0 24 4
a 857 97 0 10 2
a 857 738 0 16 9
a 858 879 0 10 8
a 858 97 0 31 6
a 859 210 0 10 4
a 859 533 0 16 6
a 860 295 0 10 5
a 860 984 0 23 1
a 863 473 0 10 6
a 863 90 0 11 1
a 864 363 0 10 8
a 864 888 0 27 5
a 867 100 0 10 6
a 867 417 0 24 6
a 868 516 0 10 7
a 868 845 0 4 7
a 870 909 0 10 2
a 870 600 0 21 2
a 871 47 0 10 2
a 871 414 0 12 8
a 872 991 0 10 10
a 872 830 0 14 8
a 873 841 0 10 1
a 873 814 0 12 3
a 874 712 0 10 10
a 874 975 0 36 7
a 876 512 0 10 9
a 876 750 0 44 2
a 879 628 0 10 5
a 879 755 0 14 2
a 882 250 0 10 7
a 882 114 0 11 10
a 884 76 0 10 2
a 884 327 0 36 7
a 885 120 0 10 2
a 885 706 0 20 3
a 887 576 0 10 4
a 887 5 0 25 8
a 888 874 0 10 4
a 888 728 0 29 1
a 889 792 0 10 7
a 889 182 0 29 3
a 891 834 0 10 9
a 891 735 0 24 4
a 894 358 0 10 1
a 894 919 0 36 6
a 896 739 0 10 2
a 896 961 0 43 4
a 897 396 0 10 10
a 897 187 0 16 9
a 898 933 0 10 6
a 898 701 0 2 6
a 899 338 0 10 3
a 899 714 0 27 6
a 903 615 0 10 8
a 903 994 0 39 9
a 904 466 0 10 6
a 904 553 0 21 7
a 907 249 0 10 8
a 907 595 0 28 5
a 908 105 0 10 7
a 908 72 0 3 4
a 909 982 0 10 3
a 909 869 0 1 3
a 910 927 0 10 4
a 910 365 0 37 3
a 912 532 0 10 7
a 912 357 0 11 8
a 913 192 0 10 7
a 913 287 0 20 4
a 918 650 0 10 10
a 918 674 0 46 8
a 921 156 0 10 7
a 921 713 0 40 8
a 924 172 0 10 10
a 924 572 0 18 9
a 926 81 0 10 2
a 926 798 0 16 6
a 927 629 0 10 3
a 927 900 0 44 6
a 928 885 0 10 7
a 928 201 0 34 4
a 931 242 0 10 2
a 931 691 0 21 7
a 932 888 0 10 5
a 932 347 0 30 1
a 933 449 0 10 6
a 933 247 0 34 2
a 935 349 0 10 9
a 935 492 0 39 5
a 937 855 0 10 1
a 937 951 0 4 4
a 938 797 0 10 4
a 938 582 0 21 1
a 939 506 0 10 9
a 939 141 0 45 4
a 941 567 0 10 8
a 941 438 0 18 4
a 943 107 0 10 2
a 943 627 0 37 5
a 944 460 0 10 6
a 944 729 0 34 10
a 947 560 0 10 5
a 947 242 0 27 8
a 948 549 0 10 3
a 948 505 0 37 9
a 949 301 0 10 3
a 949 703 0 30 9
a 952 18 0 10 9
a 952 779 0 18 4
a 953 623 0 10 6
a 953 239 0 37 7
a 954 369 0 10 7
a 954 676 0 5 7
a 955 22 0 10 2
a 955 842 0 10 10
a 957 926 0 10 6
a 957 110 0 3 5
a 958 204 0 10 9
a 958 248 0 4 10
a 959 341 0 10 1
a 959 866 0 4 8
a 961 557 0 10 1
a 961 674 0 18 8
a 968 228 0 10 10
a 968 556 0 19 9
a 970 89 0 10 2
a 970 108 0 2 6
a 971 164 0 10 4
a 971 26 0 25 9
a 977 952 0 10 6
a 977 960 0 16 4
a 978 141 0 10 5
a 978 522 0 24 1
a 980 80 0 10 6
a 980 521 0 11 10
a 982 639 0 10 2
a 982 460 0 41 4
a 983 4 0 10 6
a 983 810 0 40 2
a 985 184 0 10 10
a 985 495 0 30 2
a 986 116 0 10 8
a 986 625 0 6 10
a 988 476 0 10 4
a 988 534 0 10 2
a 990 15 0 10 3
a 990 131 0 15 10
a 991 548 0 10 7
a 991 893 0 27 10
a 992 708 0 10 9
a 992 270 0 28 3
a 994 833 0 10 3
a 994 276 0 6 3
a 996 230 0 10 5
a 996 371 0 32 6
a 2 641 0 40 8
a 2 772 0 22 9
a 5 742 0 40 8
a 5 929 0 5 8
a 9 415 0 40 8
a 9 926 0 15 3
a 10 375 0 40 5
a 10 427 0 17 1
a 11 316 0 40 8
a 11 639 0 49 5
a 12 993 0 40 9
a 12 108 0 26 10
a 17 632 0 40 8
a 17 883 0 43 4
a 19 782 0 40 4
a 19 432 0 16 4
a 21 869 0 40 8
a 21 377 0 32 5
a 23 600 0 40 7
a 23 554 0 22 10
a 24 568 0 40 10
a 24 877 0 44 3
a 26 979 0 40 9
a 26 170 0 28 3
a 28 692 0 40 3
a 28 793 0 27 7
a 29 169 0 40 8
a 29 813 0 3 4
a 30 511 0 40 10
a 30 553 0 34 2
a 31 78 0 40 4
a 31 347 0 22 8
a 34 656 0 40 10
a 34 994 0 10 9
a 35 510 0 40 5
a 35 504 0 14 3
a 40 690 0 40 4
a 40 829 0 19 5
a 42 437 0 40 9
a 42 669 0 25 7
a 43 753 0 40 3
a 43 901 0 28 10
a 46 901 0 40 9
a 46 992 0 22 2
a 49 749 0 40 1
a 49 454 0 18 6
a 54 191 0 40 3
a 54 151 0 30 8
a 55 495 0 40 10
a 55 722 0 19 1
a 58 594 0 40 4
a 58 463 0 7 7
a 59 96 0 40 5
a 59 174 0 35 2
a 61 382 0 40 10
a 61 329 0 40 3
a 64 119 0 40 3
a 64 428 0 8 3
a 66 726 0 40 2
a 66 843 0 42 8
a 68 377 0 40 10
a 68 812 0 25 1
a 70 802 0 40 3
a 70 837 0 48 8
a 71 611 0 40 9
a 71 300 0 2 2
a 73 195 0 40 10
a 73 655 0 50 10
a 75 956 0 40 10
a 75 657 0 10 1
a 77 98 0 40 9
a 77 948 0 41 4
a 78 667 0 40 4
a 78 164 0 7 1
a 79 194 0 40 5
a 79 888 0 7 8
a 82 715 0 40 2
a 82 307 0 16 2
a 84 264 0 40 3
a 84 506 0 47 1
a 86 687 0 40 7
a 86 212 0 48 9
a 88 737 0 40 2
a 88 823 0 50 6
a 90 741 0 40 6
a 90 227 0 19 1
a 91 563 0 40 8
a 91 799 0 43 1
a 92 574 0 40 3
a 92 447 0 2 1
a 93 700 0 40 2
a 93 402 0 25 8
a 96 359 0 40 9
a 96 71 0 24 8
a 98 530 0 40 8
a 98 417 0 22 1
a 99 987 0 40 9
a 99 61 0 8 6
a 102 659 0 40 2
a 102 32 0 21 2
a 104 683 0 40 9
a 104 35 0 15 7
a 109 895 0 40 6
a 109 977 0 41 5
a 111 946 0 40 7
a 111 338 0 3 3
a 113 820 0 40 6
a 113 718 0 41 7
a 114 856 0 40 1
a 114 554 0 50 9
a 117 148 0 40 2
a 117 72 0 22 9
a 118 759 0 40 10
a 118 315 0 39 1
a 119 275 0 40 7
a 119 734 0 30 8
a 121 676 0 40 6
a 121 484 0 1 7
a 122 653 0 40 1
a 122 872 0 41 3
a 123 220 0 40 3
a 123 652 0 48 8
a 124 572 0 40 6
a 124 878 0 25 4
a 125 457 0 40 6
a 125 561 0 45 2
a 126 342 0 40 2
a 126 482 0 32 1
a 127 613 0 40 3
a 127 582 0 30 6
a 129 916 0 40 4
a 129 4 0 7 5
a 131 760 0 40 6
a 131 258 0 28 8
a 133 998 0 40 6
a 133 939 0 48 8
a 134 502 0 40 4
a 134 284 0 10 3
a 135 238 0 40 7
a 135 341 0 32 4
a 139 940 0 40 1
a 139 512 0 25 10
a 140 554 0 40 4
a 140 116 0 50 9
a 145 236 0 40 1
a 145 53 0 29 2
a 148 558 0 40 3
a 148 983 0 15 2
a 149 573 0 40 4
a 149 718 0 23 3
a 150 610 0 40 1
a 150 662 0 6 10
a 154 139 0 40 2
a 154 117 0 6 6
a 158 176 0 40 2
a 158 618 0 27 1
a 159 838 0 40 2
a 159 500 0 23 9
a 160 421 0 40 5
a 160 197 0 45 6
a 162 846 0 40 3
a 162 865 0 42 3
a 163 381 0 40 8
a 163 251 0 4 5
a 166 231 0 40 2
a 166 560 0 23 8
a 167 684 0 40 2
a 167 765 0 50 3
a 169 431 0 40 5
a 169 629 0 37 6
a 170 825 0 40 1
a 170 370 0 32 8
a 171 12 0 40 8
a 171 910 0 25 6
a 175 278 0 40 9
a 175 945 0 17 10
a 176 754 0 40 5
a 176 835 0 12 10
a 177 121 0 40 5
a 177 972 0 43 2
a 180 86 0 40 10
a 180 934 0 24 4
a 183 59 0 40 1
a 183 109 0 47 3
a 185 344 0 40 2
a 185 310 0 44 7
a 186 828 0 40 1
a 186 994 0 19 5
a 189 19 0 40 10
a 189 573 0 22 10
a 191 40 0 40 1
a 191 655 0 21 4
a 194 793 0 40 4
a 194 627 0 2 8
a 195 314 0 40 6
a 195 700 0 22 5
a 197 334 0 40 2
a 197 556 0 10 2
a 198 145 0 40 8
a 198 18 0 9 9
a 199 455 0 40 9
a 199 215 0 18 6
a 202 578 0 40 1
a 202 762 0 3 2
a 203 327 0 40 5
a 203 69 0 11 5
a 205 724 0 40 8
a 205 21 0 45 3
a 206 972 0 40 10
a 206 741 0 17 10
a 207 492 0 40 5
a 207 506 0 27 5
a 208 673 0 40 1
a 208 16 0 47 10
a 209 756 0 40 4
a 209 112 0 12 2
a 214 9 0 40 5
a 214 842 0 18 9
a 215 122 0 40 10
a 215 307 0 30 6
a 217 361 0 40 1
a 217 93 0 23 9
a 220 384 0 40 6
a 220 48 0 33 10
a 223 911 0 40 6
a 223 418 0 11 8
a 231 490 0 40 9
a 231 556 0 17 9
a 235 657 0 40 7
a 235 46 0 24 8
a 236 189 0 40 9
a 236 147 0 1 4
a 237 30 0 40 3
a 237 43 0 44 1
a 238 262 0 40 4
a 238 172 0 10 6
a 239 205 0 40 6
a 239 686 0 37 8
a 245 770 0 40 4
a 245 141 0 20 2
a 248 398 0 40 5
a 248 264 0 19 5
a 254 214 0 40 2
a 254 8 0 13 5
a 258 702 0 40 10
a 258 176 0 6 6
a 259 966 0 40 3
a 259 578 0 26 5
a 262 198 0 40 1
a 262 787 0 45 6
a 264 603 0 40 9
a 264 539 0 38 8
a 265 962 0 40 6
a 265 585 0 22 2
a 267 812 0 40 5
a 267 734 0 11 6
a 268 71 0 40 1
a 268 856 0 15 2
a 270 559 0 40 1
a 270 481 0 37 9
a 271 905 0 40 9
a 271 562 0 42 9
a 272 631 0 40 8
a 272 42 0 49 3
a 273 577 0 40 4
a 273 860 0 23 3
a 275 672 0 40 8
a 275 778 0 15 8
a 276 826 0 40 7
a 276 547 0 3 4
a 277 129 0 40 4
a 277 821 0 9 1
a 278 410 0 40 3
a 278 673 0 21 3
a 279 208 0 40 6
a 279 435 0 37 7
a 282 291 0 40 10
a 282 613 0 49 7
a 283 68 0 40 8
a 283 603 0 17 5
a 284 865 0 40 5
a 284 546 0 25 3
a 287 685 0 40 1
a 287 262 0 44 6
a 288 682 0 40 6
a 288 476 0 43 7
a 290 950 0 40 5
a 290 580 0 9 5
a 291 199 0 40 2
a 291 870 0 3 7
a 292 902 0 40 3
a 292 901 0 2 8
a 293 616 0 40 9
a 293 686 0 1 7
a 294 411 0 40 1
a 294 560 0 22 9
a 296 748 0 40 7
a 296 368 0 26 7
a 297 929 0 40 4
a 297 216 0 33 3
a 298 167 0 40 6
a 298 409 0 39 9
a 299 99 0 40 10
a 299 577 0 4 2
a 300 49 0 40 2
a 300 620 0 36 6
a 302 258 0 40 7
a 302 519 0 27 1
a 304 93 0 40 7
a 304 552 0 15 7
a 306 135 0 40 3
a 306 56 0 41 8
a 309 320 0 40 1
a 309 54 0 30 10
a 310 844 0 40 5
a 310 43 0 32 8
a 312 125 0 40 1
a 312 481 0 40 10
a 314 134 0 40 2
a 314 808 0 44 10
a 316 82 0 40 2
a 316 655 0 28 8
a 318 1000 0 40 5
a 318 950 0 17 10
a 320 254 0 40 9
a 320 183 0 22 5
a 322 758 0 40 4
a 322 183 0 50 10
a 324 325 0 40 9
a 324 151 0 31 1
a 325 456 0 40 6
a 325 806 0 5 3
a 327 934 0 40 8
a 327 62 0 41 3
a 329 158 0 40 7
a 329 364 0 38 10
a 330 126 0 40 7
a 330 616 0 8 5
a 331 480 0 40 5
a 331 756 0 2 10
a 332 312 0 40 6
a 332 256 0 36 7
a 334 416 0 40 5
a 334 293 0 15 4
a 335 118 0 40 5
a 335 127 0 18 3
a 337 541 0 40 6
a 337 904 0 23 9
a 340 92 0 40 7
a 340 496 0 31 4
a 342 417 0 40 10
a 342 654 0 32 8
a 344 282 0 40 10
a 344 624 0 26 2
a 347 268 0 40 8
a 347 846 0 24 7
a 350 426 0 40 5
a 350 379 0 28 3
a 354 552 0 40 2
a 354 759 0 33 3
a 356 784 0 40 10
a 356 765 0 3 2
a 357 799 0 40 2
a 357 712 0 32 9
a 359 666 0 40 10
a 359 442 0 13 3
a 361 109 0 40 1
a 361 838 0 22 8
a 362 829 0 40 6
a 362 577 0 48 8
a 375 166 0 40 3
a 375 369 0 17 10
a 377 464 0 40 2
a 377 720 0 8 2
a 380 237 0 40 3
a 380 159 0 2 3
a 381 177 0 40 5
a 381 360 0 1 1
a 382 890 0 40 5
a 382 25 0 39 9
a 384 207 0 40 2
a 384 533 0 18 7
a 385 127 0 40 6
a 385 652 0 32 1
a 386 149 0 40 6
a 386 116 0 5 8
a 393 771 0 40 10
a 393 480 0 40 5
a 394 866 0 40 3
a 394 10 0 34 9
a 397 704 0 40 8
a 397 458 0 34 7
a 398 454 0 40 6
a 398 431 0 30 8
a 400 91 0 40 1
a 400 737 0 8 9
a 401 335 0 40 1
a 401 321 0 10 10
a 403 215 0 40 7
a 403 999 0 40 2
a 408 586 0 40 8
a 408 127 0 29 6
a 410 694 0 40 5
a 410 53 0 24 10
a 411 862 0 40 7
a 411 745 0 26 2
a 413 915 0 40 2
a 413 238 0 37 10
a 414 277 0 40 4
a 414 243 0 22 3
a 415 354 0 40 10
a 415 295 0 26 8
a 416 555 0 40 4
a 416 491 0 0 5
a 417 542 0 40 9
a 417 270 0 15 5
a 419 298 0 40 2
a 419 679 0 5 8
a 421 5 0 40 4
a 421 397 0 35 9
a 423 786 0 40 6
a 423 733 0 50 1
a 426 893 0 40 5
a 426 521 0 18 3
a 427 773 0 40 7
a 427 412 0 14 9
a 430 960 0 40 6
a 430 588 0 20 9
a 431 10 0 40 3
a 431 199 0 27 1
a 435 981 0 40 5
a 435 695 0 7 8
a 436 776 0 40 3
a 436 403 0 31 1
a 437 413 0 40 1
a 437 342 0 33 4
a 440 514 0 40 6
a 440 663 0 16 3
a 442 848 0 40 10
a 442 115 0 40 4
a 443 283 0 40 7
a 443 549 0 23 3
a 444 470 0 40 6
a 444 911 0 28 3
a 445 880 0 40 7
a 445 601 0 26 10
a 450 861 0 40 10
a 450 986 0 38 3
a 454 271 0 40 8
a 454 473 0 34 4
a 455 435 0 40 1
a 455 304 0 45 4
a 456 835 0 40 3
a 456 652 0 20 6
a 457 663 0 40 7
a 457 470 0 38 4
a 458 487 0 40 2
a 458 499 0 46 8
a 461 77 0 40 7
a 461 909 0 11 6
a 464 21 0 40 10
a 464 92 0 12 8
a 465 385 0 40 7
a 465 188 0 36 10
a 467 400 0 40 2
a 467 970 0 8 8
a 470 798 0 40 5
a 470 781 0 35 1
a 471 401 0 40 2
a 471 715 0 22 7
a 477 886 0 40 10
a 477 847 0 42 4
a 480 914 0 40 6
a 480 358 0 19 4
a 484 883 0 40 7
a 484 652 0 14 6
a 487 248 0 40 3
a 487 53 0 7 5
a 490 806 0 40 7
a 490 961 0 50 7
a 492 111 0 40 1
a 492 847 0 45 10
a 493 661 0 40 6
a 493 188 0 43 8
a 495 995 0 40 9
a 495 372 0 22 3
a 496 279 0 40 3
a 496 518 0 10 7
a 497 852 0 40 6
a 497 735 0 30 7
a 502 509 0 40 3
a 502 120 0 6 6
a 507 524 0 40 8
a 507 511 0 8 9
a 509 718 0 40 10
a 509 381 0 1 7
a 510 133 0 40 6
a 510 194 0 41 9
a 511 973 0 40 6
a 511 900 0 41 2
a 514 84 0 40 9
a 514 149 0 21 1
a 515 290 0 40 3
a 515 35 0 2 10
a 518 575 0 40 6
a 518 144 0 26 6
a 522 170 0 40 9
a 522 706 0 11 10
a 524 70 0 40 8
a 524 796 0 29 8
a 529 743 0 40 7
a 529 554 0 32 1
a 530 332 0 40 10
a 530 5 0 29 1
a 533 892 0 40 4
a 533 549 0 48 6
a 537 461 0 40 7
a 537 128 0 18 2
a 538 124 0 40 8
a 538 9 0 17 5
a 540 705 0 40 6
a 540 349 0 12 2
a 541 123 0 40 3
a 541 822 0 45 4
a 542 752 0 40 4
a 542 853 0 8 10
a 543 626 0 40 9
a 543 367 0 7 8
a 545 288 0 40 9
a 545 931 0 42 2
a 546 740 0 40 4
a 546 668 0 48 8
a 552 646 0 40 8
a 552 366 0 16 10
a 554 73 0 40 9
a 554 791 0 16 6
a 555 340 0 40 4
a 555 138 0 20 3
a 558 633 0 40 8
a 558 583 0 33 10
a 559 731 0 40 7
a 559 901 0 15 2
a 561 356 0 40 10
a 561 149 0 47 10
a 563 497 0 40 8
a 563 205 0 17 6
a 568 665 0 40 7
a 568 300 0 13 7
a 570 430 0 40 4
a 570 155 0 18 7
a 572 309 0 40 5
a 572 114 0 31 10
a 573 803 0 40 8
a 573 281 0 31 9
a 574 318 0 40 7
a 574 353 0 0 4
a 575 686 0 40 5
a 575 148 0 35 6
a 577 877 0 40 4
a 577 747 0 37 3
a 578 465 0 40 10
a 578 78 0 14 10
a 579 746 0 40 10
a 579 664 0 40 8
a 580 648 0 40 7
a 580 62 0 41 5
a 582 154 0 40 10
a 582 625 0 43 1
a 583 443 0 40 6
a 583 317 0 21 3
a 584 42 0 40 2
a 584 54 0 32 5
a 586 675 0 40 7
a 586 700 0 38 7
a 587 17 0 40 7
a 587 902 0 15 4
a 590 775 0 40 8
a 590 405 0 13 5
a 592 703 0 40 4
a 592 939 0 21 9
a 594 302 0 40 4
a 594 518 0 50 9
a 596 350 0 40 2
a 596 607 0 36 2
a 600 330 0 40 9
a 600 725 0 13 1
a 603 655 0 40 9
a 603 279 0 1 5
a 606 579 0 40 9
a 606 398 0 24 1
a 607 850 0 40 9
a 607 809 0 46 2
a 609 925 0 40 9
a 609 611 0 4 5
a 610 104 0 40 6
a 610 50 0 3 2
a 611 299 0 40 4
a 611 684 0 27 4
a 613 54 0 40 5
a 613 251 0 46 3
a 616 808 0 40 10
a 616 779 0 7 4
a 622 386 0 40 8
a 622 730 0 22 7
a 625 645 0 40 3
a 625 166 0 9 10
a 626 43 0 40 3
a 626 820 0 30 9
a 630 625 0 40 3
a 630 330 0 37 6
a 631 183 0 40 9
a 631 482 0 9 7
a 632 272 0 40 2
a 632 931 0 22 3
a 633 587 0 40 1
a 633 288 0 37 2
a 634 582 0 40 8
a 634 491 0 13 3
a 640 767 0 40 1
a 640 948 0 42 2
a 641 223 0 40 8
a 641 745 0 15 5
a 642 239 0 40 7
a 642 692 0 44 4
a 645 837 0 40 6
a 645 519 0 5 9
a 646 440 0 40 2
a 646 310 0 27 6
a 647 584 0 40 8
a 647 196 0 41 4
a 648 507 0 40 8
a 648 514 0 9 8
a 649 688 0 40 5
a 649 557 0 18 10
a 652 545 0 40 1
a 652 55 0 21 2
a 653 90 0 40 7
a 653 505 0 46 8
a 654 175 0 40 9
a 654 62 0 12 3
a 655 791 0 40 3
a 655 556 0 36 6
a 656 709 0 40 1
a 656 146 0 17 8
a 657 185 0 40 10
a 657 820 0 22 8
a 659 607 0 40 9
a 659 914 0 11 10
a 661 923 0 40 7
a 661 169 0 49 1
a 663 160 0 40 1
a 663 734 0 12 2
a 665 738 0 40 4
a 665 190 0 50 8
a 666 186 0 40 5
a 666 490 0 50 10
a 667 717 0 40 3
a 667 369 0 44 6
a 672 583 0 40 9
a 672 306 0 34 5
a 673 293 0 40 1
a 673 376 0 40 5
a 675 936 0 40 9
a 675 92 0 30 6
a 676 337 0 40 3
a 676 265 0 45 6
a 677 414 0 40 10
a 677 853 0 11 6
a 682 357 0 40 7
a 682 442 0 31 6
a 683 113 0 40 10
a 683 23 0 10 6
a 684 976 0 40 6
a 684 130 0 28 4
a 685 300 0 40 1
a 685 615 0 18 9
a 686 984 0 40 2
a 686 435 0 4 8
a 687 79 0 40 5
a 687 336 0 7 10
a 688 471 0 40 6
a 688 281 0 1 1
a 689 546 0 40 10
a 689 75 0 45 10
a 690 450 0 40 7
a 690 583 0 27 5
a 692 380 0 40 9
a 692 298 0 11 4
a 693 642 0 40 2
a 693 169 0 5 3
a 694 881 0 40 6
a 694 818 0 18 2
a 695 796 0 40 9
a 695 903 0 39 9
a 698 543 0 40 5
a 698 609 0 33 8
a 699 789 0 40 10
a 699 110 0 27 10
a 700 922 0 40 9
a 700 916 0 29 9
a 701 997 0 40 5
a 701 373 0 5 9
a 702 331 0 40 10
a 702 975 0 14 7
a 703 26 0 40 1
a 703 512 0 32 3
a 704 171 0 40 2
a 704 689 0 1 10
a 705 945 0 40 4
a 705 449 0 40 6
a 709 989 0 40 9
a 709 5 0 2 8
a 713 974 0 40 1
a 713 490 0 4 9
a 715 609 0 40 7
a 715 147 0 13 2
a 716 265 0 40 6
a 716 404 0 11 10
a 717 580 0 40 6
a 717 173 0 0 1
a 718 35 0 40 1
a 718 586 0 3 6
a 721 11 0 40 9
a 721 333 0 47 4
a 724 259 0 40 3
a 724 379 0 17 7
a 726 203 0 40 6
a 726 419 0 3 5
a 731 292 0 40 9
a 731 457 0 33 8
a 733 630 0 40 9
a 733 844 0 8 8
a 735 310 0 40 10
a 735 43 0 34 5
a 737 965 0 40 4
a 737 366 0 2 3
a 738 622 0 40 5
a 738 988 0 48 4
a 740 716 0 40 3
a 740 653 0 19 4
a 741 209 0 40 2
a 741 280 0 40 1
a 742 162 0 40 8
a 742 868 0 21 6
a 743 294 0 40 3
a 743 106 0 5 9
a 744 496 0 40 10
a 744 23 0 38 4
a 745 150 0 40 2
a 745 558 0 28 8
a 746 64 0 40 9
a 746 376 0 18 2
a 748 284 0 40 4
a 748 843 0 41 8
a 749 780 0 40 7
a 749 620 0 6 7
a 750 393 0 40 7
a 750 366 0 35 2
a 751 963 0 40 6
a 751 979 0 27 3
a 752 322 0 40 5
a 752 194 0 38 2
a 753 561 0 40 3
a 753 235 0 37 7
a 754 654 0 40 9
a 754 824 0 11 1
a 755 839 0 40 6
a 755 577 0 9 10
a 756 467 0 40 7
a 756 100 0 16 5
a 758 88 0 40 10
a 758 684 0 19 10
a 759 267 0 40 3
a 759 262 0 43 6
a 760 701 0 40 6
a 760 801 0 39 2
a 766 634 0 40 6
a 766 198 0 23 8
a 767 522 0 40 6
a 767 482 0 37 4
a 769 570 0 40 8
a 769 240 0 47 9
a 770 287 0 40 7
a 770 968 0 47 3
a 771 906 0 40 1
a 771 461 0 40 6
a 773 540 0 40 6
a 773 423 0 43 8
a 775 800 0 40 10
a 775 915 0 47 1
a 776 744 0 40 9
a 776 601 0 34 2
a 780 878 0 40 5
a 780 53 0 2 9
a 782 975 0 40 3
a 782 368 0 30 1
a 784 677 0 40 9
a 784 895 0 27 8
a 786 917 0 40 6
a 786 887 0 17 7
a 787 296 0 40 1
a 787 383 0 46 9
a 788 493 0 40 6
a 788 101 0 50 6
a 789 397 0 40 2
a 789 237 0 42 8
a 790 647 0 40 10
a 790 954 0 46 9
a 791 689 0 40 2
a 791 148 0 31 9
a 793 31 0 40 9
a 793 132 0 46 1
a 796 930 0 40 8
a 796 46 0 32 7
a 798 721 0 40 9
a 798 389 0 0 6
a 799 790 0 40 4
a 799 459 0 21 9
a 800 75 0 40 2
a 800 363 0 50 7
a 802 590 0 40 8
a 802 45 0 22 3
a 803 640 0 40 3
a 803 823 0 37 7
a 806 114 0 40 8
a 806 301 0 23 1
a 808 755 0 40 4
a 808 432 0 21 2
a 810 518 0 40 3
a 810 746 0 0 9
a 812 444 0 40 10
a 812 833 0 4 6
a 820 596 0 40 3
a 820 258 0 25 4
a 821 55 0 40 1
a 821 333 0 8 6
a 825 445 0 40 1
a 825 289 0 16 3
a 826 217 0 40 5
a 826 800 0 50 3
a 828 529 0 40 7
a 828 505 0 24 8
a 829 735 0 40 5
a 829 124 0 22 2
a 835 964 0 40 3
a 835 227 0 19 10
a 837 304 0 40 5
a 837 182 0 33 10
a 838 920 0 40 9
a 838 877 0 6 6
a 839 533 0 40 1
a 839 315 0 36 3
a 844 537 0 40 2
a 844 987 0 20 3
a 846 28 0 40 10
a 846 396 0 20 8
a 848 713 0 40 7
a 848 912 0 37 10
a 850 649 0 40 6
a 850 432 0 49 10
a 851 61 0 40 1
a 851 323 0 38 5
a 852 206 0 40 9
a 852 723 0 0 10
a 856 787 0 40 2
a 856 531 0 50 7
a 861 403 0 40 5
a 861 959 0 23 4
a 862 942 0 40 4
a 862 184 0 35 5
a 865 695 0 40 8
a 865 626 0 7 6
a 866 592 0 40 7
a 866 863 0 3 9
a 869 851 0 40 7
a 869 452 0 36 3
a 875 751 0 40 2
a 875 240 0 42 3
a 877 163 0 40 8
a 877 529 0 39 6
a 878 159 0 40 4
a 878 268 0 25 5
a 880 951 0 40 7
a 880 670 0 32 5
a 881 180 0 40 10
a 881 892 0 47 5
a 883 821 0 40 4
a 883 66 0 15 7
a 886 306 0 40 3
a 886 538 0 25 6
a 890 297 0 40 8
a 890 738 0 25 5
a 892 329 0 40 2
a 892 295 0 23 2
a 893 58 0 40 8
a 893 589 0 7 6
a 895 484 0 40 6
a 895 567 0 1 9
a 900 606 0 40 5
a 900 771 0 28 3
a 901 698 0 40 8
a 901 533 0 30 4
a 902 46 0 40 4
a 902 659 0 25 8
a 905 197 0 40 2
a 905 646 0 38 4
a 906 117 0 40 6
a 906 65 0 12 5
a 911 423 0 40 6
a 911 21 0 33 2
a 914 427 0 40 10
a 914 598 0 9 5
a 915 699 0 40 1
a 915 103 0 29 1
a 916 900 0 40 10
a 916 420 0 50 9
a 917 324 0 40 10
a 917 724 0 2 10
a 919 408 0 40 9
a 919 910 0 44 9
a 920 538 0 40 2
a 920 556 0 7 1
a 922 276 0 40 10
a 922 927 0 49 3
a 923 131 0 40 4
a 923 676 0 28 9
a 925 969 0 40 4
a 925 136 0 48 8
a 929 788 0 40 5
a 929 902 0 42 9
a 930 458 0 40 8
a 930 922 0 33 6
a 934 347 0 40 2
a 934 46 0 46 8
a 936 810 0 40 5
a 936 113 0 25 5
a 940 29 0 40 3
a 940 968 0 20 7
a 942 394 0 40 2
a 942 729 0 13 10
a 945 769 0 40 4
a 945 235 0 23 10
a 946 419 0 40 1
a 946 432 0 28 6
a 950 766 0 40 2
a 950 508 0 43 2
a 951 235 0 40 1
a 951 440 0 4 8
a 956 140 0 40 4
a 956 874 0 8 9
a 960 102 0 40 4
a 960 595 0 45 2
a 962 202 0 40 8
a 962 36 0 1 7
a 963 362 0 40 7
a 963 8 0 39 8
a 964 34 0 40 7
a 964 314 0 10 4
a 965 477 0 40 5
a 965 808 0 14 1
a 966 442 0 40 10
a 966 816 0 27 3
a 967 750 0 40 3
a 967 70 0 4 1
a 969 967 0 40 8
a 969 563 0 44 10
a 972 66 0 40 7
a 972 310 0 21 7
a 973 23 0 40 7
a 973 472 0 48 2
a 974 245 0 40 3
a 974 210 0 8 1
a 975 919 0 40 3
a 975 477 0 19 8
a 976 24 0 40 9
a 976 331 0 5 4
a 979 515 0 40 8
a 979 866 0 31 9
a 981 733 0 40 4
a 981 462 0 27 9
a 984 436 0 40 4
a 984 229 0 31 3
a 987 273 0 40 7
a 987 250 0 31 2
a 989 652 0 40 3
a 989 147 0 40 4
a 993 875 0 40 2
a 993 700 0 36 2
a 995 745 0 40 2
a 995 849 0 23 6
a 997 693 0 40 5
a 997 947 0 29 7
a 998 270 0 40 9
a 998 721 0 27 10
