c PyNETGEN v1.0.0
c $ pip install pynetgen
c
c  NETGEN flow network generation algorithm
c  Problem input parameters
c  -------------------------------------
c   Random seed:          18
c   Number of nodes:      1000
c   Source nodes:         2
c   Sink nodes:           2
c   Number of arcs:       2000
c   Minimum arc cost:     1
c   Maximum arc cost:     10
c   Total supply:         50
c   Transshipment -
c     Sources:            0
c     Sinks:              0
c   Skeleton arcs -
c     With max cost:      0
c     Capacitated:        100
c   Minimum arc capacity: 0
c   Maximum arc capacity: 50
c
c  *** Minimum cost flow ***
c
p min 1000 2000
n 1 46
n 2 4
n 999 -6
n 1000 -44
a 1 834 0 46 5
a 1 381 0 13 2
a 3 814 0 46 5
a 3 415 0 3 7
a 7 440 0 46 10
a 7 335 0 21 1
a 9 798 0 46 9
a 9 761 0 21 9
a 9 958 0 0 3
a 12 23 0 46 3
a 12 872 0 50 2
a 15 955 0 46 5
a 15 354 0 7 10
a 16 615 0 46 6
a 16 458 0 30 4
a 17 310 0 46 2
a 17 778 0 23 7
a 20 573 0 46 8
a 20 880 0 50 8
a 20 323 0 7 4
a 21 188 0 46 2
a 21 236 0 11 2
a 22 184 0 46 7
a 22 267 0 16 9
a 22 60 0 6 4
a 23 144 0 46 9
a 23 206 0 46 1
a 23 781 0 40 1
a 24 33 0 46 2
a 24 413 0 49 1
a 25 51 0 46 1
a 25 724 0 29 5
a 27 867 0 46 8
a 27 9 0 50 1
a 28 336 0 46 1
a 28 397 0 1 8
a 29 83 0 46 8
a 29 699 0 30 8
a 30 833 0 46 1
a 30 41 0 12 9
a 31 177 0 46 8
a 31 878 0 27 1
a 32 539 0 46 3
a 32 637 0 5 6
a 33 493 0 46 3
a 33 592 0 5 5
a 34 541 0 46 6
a 34 685 0 4 2
a 35 474 0 46 9
a 35 596 0 48 10
a 36 452 0 46 3
a 36 636 0 33 7
a 37 927 0 46 3
a 37 922 0 43 4
a 41 843 0 46 9
a 41 943 0 18 2
a 44 655 0 46 3
a 44 256 0 22 7
a 45 472 0 46 5
a 45 254 0 18 7
a 46 475 0 46 2
a 46 601 0 13 10
a 48 286 0 46 1
a 48 631 0 16 7
a 51 722 0 46 2
a 51 590 0 48 1
a 54 208 0 46 8
a 54 332 0 25 3
a 55 36 0 46 1
a 55 670 0 46 9
a 58 410 0 46 5
a 58 936 0 36 7
a 62 295 0 46 6
a 62 602 0 33 1
a 63 379 0 46 10
a 63 565 0 46 1
a 67 453 0 46 7
a 67 146 0 18 2
a 69 873 0 46 2
a 69 419 0 32 7
a 70 479 0 46 6
a 70 258 0 0 10
a 73 437 0 46 10
a 73 413 0 44 8
a 74 794 0 46 7
a 74 534 0 39 3
a 76 1000 0 46 5
a 76 749 0 46 10
a 81 367 0 46 4
a 81 418 0 49 9
a 82 816 0 46 2
a 82 585 0 48 8
a 83 422 0 46 3
a 83 110 0 12 9
a 85 73 0 46 1
a 85 523 0 2 9
a 86 63 0 46 10
a 86 173 0 50 10
a 91 309 0 46 3
a 91 796 0 29 8
a 96 967 0 46 10
a 96 233 0 11 3
a 98 351 0 46 2
a 98 507 0 48 4
a 99 211 0 46 10
a 99 883 0 32 4
a 100 415 0 46 8
a 100 904 0 7 8
a 102 926 0 46 7
a 102 542 0 46 8
a 103 964 0 46 6
a 103 32 0 34 9
a 104 135 0 46 3
a 104 712 0 24 4
a 106 175 0 46 4
a 106 600 0 6 2
a 108 866 0 46 4
a 108 802 0 29 4
a 109 483 0 46 7
a 109 939 0 17 7
a 112 252 0 46 2
a 112 918 0 8 7
a 116 21 0 46 1
a 116 193 0 18 3
a 117 28 0 46 6
a 117 49 0 19 10
a 119 209 0 46 10
a 119 455 0 20 6
a 120 508 0 46 1
a 120 472 0 40 3
a 121 635 0 46 9
a 121 199 0 34 2
a 122 445 0 46 6
a 122 497 0 44 10
a 124 434 0 46 10
a 124 614 0 33 8
a 127 652 0 46 3
a 127 174 0 8 4
a 128 922 0 46 5
a 128 118 0 46 9
a 131 852 0 46 8
a 131 53 0 35 5
a 133 119 0 46 2
a 133 998 0 42 3
a 134 443 0 46 3
a 134 930 0 20 6
a 135 626 0 46 6
a 135 285 0 23 5
a 137 58 0 46 6
a 137 53 0 33 4
a 141 511 0 46 10
a 141 154 0 0 9
a 144 317 0 46 3
a 144 568 0 19 3
a 145 164 0 46 7
a 145 781 0 7 10
a 146 864 0 46 7
a 146 859 0 7 6
a 148 600 0 46 1
a 148 270 0 48 4
a 149 332 0 46 3
a 149 569 0 29 4
a 152 331 0 46 2
a 152 136 0 8 10
a 154 808 0 46 7
a 154 331 0 14 1
a 155 632 0 46 10
a 155 435 0 42 2
a 156 687 0 46 8
a 156 391 0 36 9
a 157 96 0 46 2
a 157 168 0 49 6
a 159 166 0 46 8
a 159 13 0 31 9
a 160 518 0 46 6
a 160 651 0 42 1
a 161 932 0 46 10
a 161 229 0 5 6
a 162 996 0 46 8
a 162 501 0 37 1
a 164 414 0 46 1
a 164 704 0 42 8
a 165 231 0 46 4
a 165 544 0 15 1
a 166 212 0 46 7
a 166 361 0 36 2
a 169 695 0 46 10
a 169 282 0 8 10
a 170 711 0 46 6
a 170 804 0 21 9
a 172 241 0 46 8
a 172 857 0 25 6
a 175 181 0 46 9
a 175 576 0 29 2
a 177 674 0 46 9
a 177 866 0 38 7
a 180 917 0 46 9
a 180 513 0 48 7
a 181 245 0 46 7
a 181 859 0 36 10
a 184 121 0 46 4
a 184 157 0 48 8
a 187 378 0 46 6
a 187 795 0 28 9
a 188 729 0 46 4
a 188 989 0 31 1
a 189 9 0 46 10
a 189 919 0 2 8
a 191 960 0 46 10
a 191 374 0 2 2
a 192 619 0 46 7
a 192 730 0 43 8
a 194 638 0 46 1
a 194 481 0 10 6
a 195 228 0 46 4
a 195 615 0 9 8
a 198 723 0 46 6
a 198 359 0 23 2
a 201 280 0 46 8
a 201 504 0 18 2
a 205 117 0 46 3
a 205 153 0 16 10
a 206 644 0 46 5
a 206 462 0 14 2
a 207 737 0 46 5
a 207 753 0 37 8
a 208 908 0 46 9
a 208 977 0 23 6
a 209 574 0 46 5
a 209 501 0 35 3
a 210 580 0 46 7
a 210 354 0 35 5
a 211 595 0 46 7
a 211 959 0 50 4
a 212 255 0 46 1
a 212 352 0 30 1
a 213 346 0 46 1
a 213 400 0 14 7
a 216 822 0 46 1
a 216 873 0 22 6
a 217 588 0 46 2
a 217 687 0 18 3
a 219 805 0 46 2
a 219 155 0 2 7
a 222 234 0 46 3
a 222 755 0 46 6
a 223 702 0 46 8
a 223 987 0 35 3
a 228 476 0 46 4
a 228 527 0 10 5
a 229 744 0 46 3
a 229 210 0 25 8
a 230 799 0 46 8
a 230 751 0 28 3
a 231 680 0 46 8
a 231 136 0 15 7
a 232 412 0 46 3
a 232 84 0 39 10
a 233 678 0 46 3
a 233 479 0 12 6
a 234 968 0 46 4
a 234 784 0 11 6
a 237 441 0 46 7
a 237 487 0 6 4
a 239 449 0 46 2
a 239 424 0 40 6
a 240 921 0 46 8
a 240 144 0 7 3
a 241 778 0 46 7
a 241 557 0 47 2
a 242 320 0 46 2
a 242 358 0 48 8
a 245 613 0 46 9
a 245 116 0 20 6
a 247 837 0 46 3
a 247 633 0 40 1
a 250 275 0 46 4
a 250 630 0 31 2
a 252 620 0 46 8
a 252 557 0 40 6
a 254 607 0 46 7
a 254 865 0 17 1
a 255 429 0 46 2
a 255 892 0 40 9
a 256 146 0 46 8
a 256 643 0 31 10
a 257 296 0 46 5
a 257 202 0 9 1
a 260 891 0 46 1
a 260 53 0 4 5
a 262 321 0 46 9
a 262 951 0 40 6
a 265 169 0 46 9
a 265 622 0 34 4
a 268 567 0 46 5
a 268 248 0 38 8
a 272 512 0 46 9
a 272 497 0 34 6
a 275 919 0 46 10
a 275 654 0 16 4
a 276 455 0 46 3
a 276 743 0 4 5
a 278 207 0 46 7
a 278 890 0 14 9
a 279 324 0 46 4
a 279 997 0 42 3
a 280 935 0 46 2
a 280 482 0 48 6
a 285 470 0 46 9
a 285 454 0 35 4
a 286 877 0 46 5
a 286 526 0 11 9
a 289 599 0 46 3
a 289 169 0 41 10
a 290 497 0 46 7
a 290 812 0 38 8
a 293 846 0 46 2
a 293 73 0 44 8
a 294 700 0 46 2
a 294 923 0 11 9
a 295 936 0 46 3
a 295 440 0 39 5
a 296 868 0 46 8
a 296 211 0 29 10
a 301 31 0 46 2
a 301 909 0 19 3
a 302 383 0 46 8
a 302 811 0 45 8
a 303 485 0 46 5
a 303 431 0 2 1
a 307 120 0 46 4
a 307 228 0 39 5
a 309 435 0 46 10
a 309 55 0 25 7
a 310 848 0 46 1
a 310 521 0 39 5
a 311 34 0 46 5
a 311 481 0 24 9
a 312 760 0 46 2
a 312 782 0 24 6
a 315 340 0 46 8
a 315 118 0 34 7
a 317 821 0 46 5
a 317 454 0 33 9
a 318 875 0 46 10
a 318 344 0 49 7
a 320 790 0 46 1
a 320 725 0 38 5
a 321 69 0 46 10
a 321 60 0 22 7
a 324 12 0 46 5
a 324 371 0 22 3
a 327 187 0 46 4
a 327 397 0 46 1
a 328 629 0 46 7
a 328 785 0 29 5
a 330 352 0 46 10
a 330 921 0 34 1
a 331 206 0 46 6
a 331 352 0 13 9
a 332 787 0 46 4
a 332 794 0 13 8
a 335 516 0 46 2
a 335 42 0 37 5
a 336 854 0 46 8
a 336 780 0 16 7
a 340 67 0 46 5
a 340 349 0 33 1
a 341 404 0 46 7
a 341 979 0 14 2
a 342 985 0 46 1
a 342 32 0 41 7
a 343 662 0 46 7
a 343 872 0 7 1
a 346 716 0 46 6
a 346 479 0 19 10
a 351 293 0 46 5
a 351 273 0 34 8
a 352 520 0 46 5
a 352 696 0 38 2
a 353 756 0 46 10
a 353 665 0 10 8
a 355 928 0 46 6
a 355 386 0 33 2
a 359 648 0 46 5
a 359 177 0 22 8
a 364 342 0 46 2
a 364 163 0 1 6
a 366 498 0 46 3
a 366 860 0 3 1
a 367 581 0 46 3
a 367 937 0 45 8
a 369 131 0 46 7
a 369 126 0 20 5
a 371 480 0 46 2
a 371 759 0 15 9
a 373 630 0 46 9
a 373 444 0 12 7
a 375 631 0 46 4
a 375 260 0 11 4
a 377 451 0 46 1
a 377 724 0 29 8
a 378 585 0 46 1
a 378 608 0 44 5
a 379 62 0 46 4
a 379 47 0 9 8
a 380 55 0 46 3
a 380 244 0 48 7
a 382 841 0 46 2
a 382 167 0 50 4
a 383 890 0 46 6
a 383 175 0 26 8
a 385 911 0 46 8
a 385 876 0 22 2
a 390 771 0 46 2
a 390 78 0 31 4
a 391 742 0 46 5
a 391 647 0 16 3
a 394 32 0 46 8
a 394 587 0 1 2
a 397 194 0 46 9
a 397 715 0 34 10
a 401 382 0 46 8
a 401 78 0 24 4
a 403 738 0 46 2
a 403 751 0 34 6
a 404 240 0 46 4
a 404 993 0 41 1
a 407 598 0 46 3
a 407 868 0 17 2
a 408 446 0 46 10
a 408 503 0 20 4
a 409 471 0 46 1
a 409 176 0 12 2
a 410 592 0 46 10
a 410 294 0 32 9
a 411 85 0 46 10
a 411 756 0 24 7
a 412 195 0 46 10
a 412 384 0 50 7
a 413 484 0 46 7
a 413 694 0 23 8
a 414 205 0 46 2
a 414 396 0 12 7
a 415 192 0 46 1
a 415 549 0 40 8
a 417 366 0 46 9
a 417 974 0 45 7
a 420 727 0 46 2
a 420 528 0 3 5
a 422 148 0 46 5
a 422 436 0 21 6
a 423 401 0 46 3
a 423 635 0 24 7
a 424 958 0 46 7
a 424 10 0 43 9
a 426 549 0 46 5
a 426 507 0 35 6
a 427 627 0 46 10
a 427 506 0 28 8
a 429 734 0 46 5
a 429 819 0 36 6
a 430 671 0 46 4
a 430 489 0 25 2
a 434 276 0 46 6
a 434 875 0 38 7
a 435 842 0 46 2
a 435 712 0 44 7
a 436 54 0 46 4
a 436 115 0 11 5
a 437 37 0 46 4
a 437 388 0 8 5
a 440 714 0 46 1
a 440 969 0 10 9
a 441 17 0 46 9
a 441 750 0 50 2
a 443 116 0 46 10
a 443 113 0 9 2
a 445 887 0 46 3
a 445 176 0 29 8
a 446 942 0 46 8
a 446 474 0 24 8
a 449 950 0 46 6
a 449 317 0 19 10
a 451 753 0 46 1
a 451 939 0 46 5
a 452 826 0 46 8
a 452 37 0 18 9
a 453 230 0 46 2
a 453 658 0 25 4
a 455 265 0 46 6
a 455 163 0 31 10
a 458 165 0 46 1
a 458 580 0 23 9
a 461 189 0 46 2
a 461 437 0 25 4
a 469 133 0 46 1
a 469 521 0 12 9
a 470 152 0 46 6
a 470 359 0 24 2
a 471 103 0 46 1
a 471 650 0 27 7
a 472 502 0 46 9
a 472 38 0 37 7
a 474 371 0 46 4
a 474 643 0 39 4
a 475 813 0 46 1
a 475 476 0 35 3
a 476 86 0 46 7
a 476 492 0 7 10
a 479 752 0 46 4
a 479 806 0 28 8
a 480 124 0 46 9
a 480 903 0 45 3
a 483 924 0 46 5
a 483 813 0 15 9
a 484 239 0 46 1
a 484 877 0 29 3
a 485 554 0 46 2
a 485 52 0 47 2
a 486 641 0 46 6
a 486 51 0 32 3
a 487 683 0 46 2
a 487 757 0 34 8
a 488 933 0 46 8
a 488 890 0 45 7
a 489 70 0 46 8
a 489 636 0 46 1
a 492 41 0 46 7
a 492 921 0 20 6
a 493 426 0 46 3
a 493 191 0 0 1
a 497 731 0 46 2
a 497 357 0 49 8
a 498 461 0 46 4
a 498 819 0 16 7
a 501 530 0 46 5
a 501 352 0 33 1
a 502 562 0 46 9
a 502 25 0 7 10
a 507 74 0 46 10
a 507 39 0 31 1
a 508 420 0 46 1
a 508 775 0 11 10
a 511 604 0 46 1
a 511 38 0 29 6
a 512 572 0 46 9
a 512 783 0 45 4
a 514 532 0 46 9
a 514 787 0 23 10
a 515 160 0 46 2
a 515 987 0 25 7
a 516 940 0 46 2
a 516 319 0 39 4
a 517 260 0 46 3
a 517 669 0 20 2
a 518 726 0 46 9
a 518 368 0 34 7
a 520 901 0 46 2
a 520 266 0 45 10
a 521 408 0 46 6
a 521 685 0 14 1
a 523 250 0 46 6
a 523 922 0 14 9
a 525 3 0 46 10
a 525 364 0 31 6
a 526 217 0 46 2
a 526 445 0 34 2
a 527 407 0 46 4
a 527 212 0 48 7
a 530 912 0 46 4
a 530 956 0 18 8
a 532 699 0 46 1
a 532 404 0 35 9
a 535 769 0 46 4
a 535 350 0 47 6
a 538 91 0 46 3
a 538 826 0 39 2
a 539 710 0 46 2
a 539 68 0 20 4
a 541 719 0 46 6
a 541 148 0 14 8
a 547 98 0 46 8
a 547 820 0 32 3
a 549 373 0 46 9
a 549 644 0 30 9
a 552 991 0 46 5
a 552 202 0 32 5
a 553 180 0 46 7
a 553 804 0 25 4
a 554 601 0 46 10
a 554 106 0 7 1
a 556 109 0 46 5
a 556 305 0 31 5
a 561 740 0 46 1
a 561 250 0 8 9
a 562 278 0 46 4
a 562 337 0 43 8
a 563 229 0 46 5
a 563 840 0 40 4
a 567 920 0 46 5
a 567 621 0 16 10
a 572 134 0 46 4
a 572 168 0 9 3
a 573 757 0 46 10
a 573 475 0 25 2
a 574 995 0 46 9
a 574 990 0 43 7
a 576 795 0 46 7
a 576 764 0 0 3
a 580 82 0 46 9
a 580 956 0 15 9
a 581 982 0 46 6
a 581 976 0 7 7
a 583 16 0 46 9
a 583 818 0 36 3
a 584 359 0 46 9
a 584 500 0 28 3
a 585 966 0 46 3
a 585 544 0 6 1
a 586 501 0 46 10
a 586 282 0 12 4
a 587 100 0 46 7
a 587 107 0 32 5
a 588 743 0 46 1
a 588 419 0 33 5
a 591 553 0 46 9
a 591 497 0 14 7
a 592 951 0 46 1
a 592 936 0 0 10
a 595 159 0 46 10
a 595 67 0 1 5
a 596 247 0 46 8
a 596 530 0 10 10
a 597 343 0 46 4
a 597 722 0 5 5
a 598 108 0 46 8
a 598 638 0 32 9
a 599 591 0 46 4
a 599 386 0 25 6
a 600 892 0 46 4
a 600 305 0 4 4
a 601 223 0 46 7
a 601 396 0 21 4
a 604 972 0 46 8
a 604 93 0 38 4
a 605 30 0 46 5
a 605 420 0 14 1
a 607 587 0 46 5
a 607 629 0 20 3
a 613 303 0 46 9
a 613 994 0 43 8
a 615 489 0 46 6
a 615 66 0 10 2
a 618 646 0 46 3
a 618 403 0 17 8
a 619 777 0 46 6
a 619 798 0 48 4
a 620 971 0 46 6
a 620 501 0 28 4
a 621 735 0 46 8
a 621 863 0 41 10
a 622 355 0 46 6
a 622 140 0 48 8
a 623 157 0 46 6
a 623 381 0 11 4
a 625 161 0 46 7
a 625 211 0 34 5
a 626 353 0 46 1
a 626 709 0 29 7
a 627 27 0 46 6
a 627 648 0 5 5
a 629 233 0 46 7
a 629 393 0 35 3
a 630 870 0 46 9
a 630 756 0 5 2
a 631 44 0 46 9
a 631 428 0 43 2
a 632 156 0 46 3
a 632 732 0 46 1
a 635 576 0 46 4
a 635 219 0 46 1
a 638 883 0 46 1
a 638 698 0 37 10
a 639 469 0 46 6
a 639 14 0 14 4
a 641 46 0 46 2
a 641 871 0 46 10
a 644 155 0 46 3
a 644 91 0 11 3
a 646 563 0 46 1
a 646 596 0 22 2
a 648 424 0 46 3
a 648 131 0 21 9
a 650 201 0 46 6
a 650 495 0 11 9
a 652 597 0 46 6
a 652 230 0 2 2
a 655 701 0 46 4
a 655 87 0 30 10
a 662 686 0 46 10
a 662 533 0 24 8
a 664 170 0 46 8
a 664 254 0 2 6
a 671 584 0 46 1
a 671 487 0 1 7
a 674 417 0 46 8
a 674 581 0 19 6
a 676 893 0 46 6
a 676 331 0 37 10
a 678 556 0 46 10
a 678 738 0 7 5
a 680 102 0 46 4
a 680 7 0 0 4
a 683 104 0 46 2
a 683 105 0 34 7
a 686 22 0 46 6
a 686 584 0 40 10
a 687 172 0 46 1
a 687 602 0 42 10
a 688 254 0 46 9
a 688 685 0 39 6
a 691 487 0 46 3
a 691 890 0 32 10
a 695 262 0 46 9
a 695 148 0 25 6
a 699 817 0 46 6
a 699 564 0 7 3
a 700 517 0 46 9
a 700 349 0 27 1
a 701 385 0 46 8
a 701 644 0 35 5
a 702 213 0 46 7
a 702 819 0 19 1
a 708 427 0 46 7
a 708 145 0 11 10
a 710 767 0 46 3
a 710 837 0 42 2
a 711 341 0 46 3
a 711 314 0 48 2
a 714 862 0 46 8
a 714 127 0 25 5
a 716 413 0 46 5
a 716 349 0 2 4
a 717 99 0 46 8
a 717 994 0 24 4
a 719 128 0 46 7
a 719 342 0 24 4
a 722 938 0 46 2
a 722 669 0 46 6
a 723 279 0 46 6
a 723 410 0 39 3
a 725 664 0 46 6
a 725 925 0 40 10
a 726 237 0 46 5
a 726 294 0 23 1
a 727 24 0 46 3
a 727 210 0 9 3
a 729 785 0 46 2
a 729 76 0 23 4
a 731 781 0 46 1
a 731 409 0 22 10
a 732 639 0 46 6
a 732 142 0 34 6
a 734 855 0 46 1
a 734 9 0 26 7
a 735 535 0 46 3
a 735 958 0 7 5
a 737 538 0 46 10
a 737 577 0 18 5
a 738 978 0 46 9
a 738 996 0 14 10
a 740 783 0 46 1
a 740 626 0 44 6
a 742 294 0 46 1
a 742 145 0 28 6
a 743 335 0 46 8
a 743 72 0 45 5
a 744 832 0 46 5
a 744 460 0 25 4
a 749 256 0 46 2
a 749 508 0 14 8
a 752 894 0 46 8
a 752 417 0 33 3
a 753 380 0 46 6
a 753 665 0 15 8
a 756 903 0 46 7
a 756 725 0 14 1
a 757 853 0 46 1
a 757 232 0 42 9
a 760 717 0 46 1
a 760 120 0 12 9
a 762 411 0 46 5
a 762 896 0 47 8
a 766 605 0 46 4
a 766 41 0 7 10
a 767 992 0 46 5
a 767 21 0 38 2
a 769 311 0 46 10
a 769 949 0 13 2
a 771 492 0 46 5
a 771 849 0 1 10
a 777 35 0 46 7
a 777 121 0 42 5
a 778 216 0 46 8
a 778 929 0 44 5
a 779 818 0 46 2
a 779 898 0 28 7
a 781 436 0 46 5
a 781 790 0 2 2
a 783 583 0 46 7
a 783 280 0 49 5
a 785 515 0 46 5
a 785 614 0 0 10
a 787 859 0 46 10
a 787 360 0 46 5
a 790 268 0 46 2
a 790 50 0 41 9
a 793 526 0 46 8
a 793 684 0 18 4
a 794 586 0 46 5
a 794 829 0 44 6
a 795 45 0 46 8
a 795 114 0 45 2
a 798 930 0 46 10
a 798 207 0 16 9
a 799 521 0 46 2
a 799 697 0 11 7
a 801 676 0 46 3
a 801 66 0 48 5
a 805 330 0 46 6
a 805 566 0 4 9
a 806 154 0 46 9
a 806 13 0 32 10
a 808 112 0 46 5
a 808 954 0 30 5
a 813 899 0 46 8
a 813 942 0 16 3
a 814 621 0 46 4
a 814 338 0 32 1
a 816 232 0 46 9
a 816 967 0 44 6
a 817 285 0 46 8
a 817 871 0 33 10
a 818 257 0 46 2
a 818 674 0 3 4
a 821 963 0 46 4
a 821 273 0 25 6
a 822 829 0 46 3
a 822 976 0 49 4
a 826 650 0 46 4
a 826 606 0 11 6
a 827 909 0 46 8
a 827 144 0 8 10
a 828 25 0 46 2
a 828 758 0 24 5
a 829 931 0 46 5
a 829 17 0 22 6
a 832 272 0 46 2
a 832 94 0 42 4
a 833 527 0 46 3
a 833 871 0 41 7
a 834 191 0 46 10
a 834 663 0 49 7
a 837 762 0 46 8
a 837 229 0 19 5
a 841 688 0 46 4
a 841 861 0 6 4
a 842 122 0 46 1
a 842 120 0 18 3
a 843 20 0 46 8
a 843 209 0 8 8
a 846 318 0 46 6
a 846 762 0 44 9
a 847 956 0 46 6
a 847 882 0 16 8
a 848 997 0 46 8
a 848 545 0 28 4
a 852 127 0 46 7
a 852 94 0 21 4
a 853 896 0 46 3
a 853 707 0 29 6
a 854 222 0 46 6
a 854 29 0 3 10
a 855 141 0 46 4
a 855 60 0 43 4
a 858 618 0 46 7
a 858 6 0 12 8
a 859 391 0 46 2
a 859 554 0 31 1
a 862 999 0 46 5
a 862 232 0 31 4
a 863 766 0 46 3
a 863 105 0 49 9
a 864 514 0 46 6
a 864 878 0 3 10
a 866 828 0 46 1
a 866 861 0 1 7
a 867 806 0 46 1
a 867 777 0 37 3
a 868 552 0 46 10
a 868 473 0 3 5
a 870 397 0 46 9
a 870 492 0 28 5
a 873 198 0 46 8
a 873 951 0 33 6
a 875 394 0 46 5
a 875 867 0 32 10
a 877 847 0 46 3
a 877 931 0 42 2
a 883 15 0 46 5
a 883 68 0 30 4
a 887 210 0 46 9
a 887 726 0 14 4
a 890 732 0 46 7
a 890 48 0 43 4
a 891 7 0 46 3
a 891 955 0 29 8
a 892 547 0 46 8
a 892 887 0 30 9
a 893 708 0 46 1
a 893 510 0 18 8
a 894 725 0 46 10
a 894 31 0 35 5
a 896 625 0 46 3
a 896 777 0 27 6
a 899 76 0 46 4
a 899 120 0 50 7
a 900 486 0 46 9
a 900 351 0 15 5
a 901 242 0 46 8
a 901 799 0 0 9
a 903 934 0 46 6
a 903 496 0 6 8
a 908 145 0 46 5
a 908 21 0 20 9
a 909 523 0 46 5
a 909 868 0 38 1
a 911 622 0 46 1
a 911 657 0 33 7
a 912 409 0 46 9
a 912 347 0 19 4
a 913 858 0 46 2
a 913 832 0 19 1
a 917 390 0 46 3
a 917 709 0 42 2
a 919 162 0 46 8
a 919 696 0 27 4
a 920 302 0 46 9
a 920 401 0 5 2
a 921 980 0 46 7
a 921 55 0 0 6
a 922 900 0 46 2
a 922 401 0 41 8
a 923 561 0 46 9
a 923 258 0 30 6
a 924 525 0 46 9
a 924 594 0 20 8
a 926 959 0 46 8
a 926 209 0 2 2
a 927 29 0 46 10
a 927 856 0 43 5
a 928 289 0 46 3
a 928 934 0 46 3
a 930 48 0 46 6
a 930 265 0 15 1
a 931 369 0 46 7
a 931 702 0 30 7
a 932 941 0 46 8
a 932 290 0 19 1
a 933 953 0 46 6
a 933 798 0 19 3
a 934 137 0 46 6
a 934 12 0 40 10
a 935 307 0 46 6
a 935 254 0 29 8
a 936 923 0 46 9
a 936 159 0 3 5
a 938 779 0 46 7
a 938 496 0 12 3
a 940 375 0 46 2
a 940 442 0 11 4
a 941 488 0 46 10
a 941 781 0 23 9
a 942 219 0 46 10
a 942 740 0 29 8
a 943 312 0 46 9
a 943 650 0 11 2
a 950 423 0 46 5
a 950 216 0 22 9
a 951 81 0 46 6
a 951 282 0 32 4
a 953 327 0 46 5
a 953 398 0 22 3
a 955 328 0 46 9
a 955 799 0 15 9
a 956 106 0 46 4
a 956 234 0 10 8
a 958 596 0 46 10
a 958 301 0 2 1
a 959 863 0 46 3
a 959 364 0 42 4
a 960 301 0 46 7
a 960 374 0 22 9
a 963 970 0 46 7
a 963 95 0 10 10
a 964 403 0 46 1
a 964 621 0 14 1
a 966 290 0 46 3
a 966 658 0 46 3
a 967 913 0 46 10
a 967 891 0 46 3
a 968 691 0 46 8
a 968 848 0 48 7
a 970 507 0 46 2
a 970 558 0 26 9
a 971 364 0 46 8
a 971 955 0 35 7
a 972 801 0 46 3
a 972 159 0 39 1
a 978 377 0 46 8
a 978 245 0 14 7
a 980 430 0 46 2
a 980 567 0 37 7
a 982 827 0 46 3
a 982 523 0 48 7
a 985 458 0 46 5
a 985 750 0 33 1
a 991 315 0 46 8
a 991 236 0 2 7
a 992 623 0 46 8
a 992 751 0 42 2
a 995 149 0 46 4
a 995 688 0 41 10
a 996 943 0 46 5
a 996 219 0 30 4
a 997 793 0 46 6
a 997 826 0 13 4
a 2 961 0 4 6
a 2 949 0 28 6
a 4 107 0 4 5
a 4 257 0 34 4
a 5 368 0 4 2
a 5 664 0 16 7
a 6 87 0 4 1
a 6 3 0 25 3
a 8 288 0 4 7
a 8 353 0 42 1
a 10 316 0 4 8
a 10 948 0 46 9
a 11 736 0 4 9
a 11 102 0 27 10
a 13 989 0 4 7
a 13 185 0 20 3
a 14 151 0 4 1
a 14 543 0 29 1
a 18 707 0 4 7
a 18 234 0 23 8
a 19 1000 0 4 2
a 19 297 0 2 9
a 26 804 0 4 3
a 26 951 0 35 9
a 38 78 0 4 7
a 38 102 0 50 4
a 39 510 0 4 1
a 39 186 0 25 8
a 40 350 0 4 6
a 40 678 0 12 4
a 42 72 0 4 2
a 42 755 0 21 3
a 43 300 0 4 1
a 43 449 0 16 9
a 47 97 0 4 6
a 47 482 0 24 1
a 49 677 0 4 6
a 49 446 0 15 6
a 50 675 0 4 8
a 50 882 0 23 2
a 52 200 0 4 4
a 52 664 0 23 1
a 53 791 0 4 7
a 53 372 0 49 8
a 56 150 0 4 6
a 56 499 0 24 9
a 57 902 0 4 4
a 57 716 0 20 6
a 59 506 0 4 5
a 59 815 0 21 6
a 60 416 0 4 6
a 60 734 0 50 7
a 61 888 0 4 7
a 61 797 0 3 4
a 64 889 0 4 8
a 64 199 0 1 4
a 65 603 0 4 9
a 65 131 0 41 6
a 66 349 0 4 1
a 66 103 0 38 3
a 68 243 0 4 8
a 68 526 0 23 3
a 71 313 0 4 10
a 71 86 0 33 1
a 72 582 0 4 8
a 72 91 0 38 7
a 75 93 0 4 9
a 75 87 0 6 6
a 77 326 0 4 3
a 77 472 0 23 5
a 78 132 0 4 10
a 78 886 0 11 2
a 79 571 0 4 3
a 79 426 0 17 9
a 80 772 0 4 5
a 80 577 0 36 10
a 84 298 0 4 6
a 84 830 0 24 6
a 87 800 0 4 6
a 87 147 0 46 1
a 88 384 0 4 3
a 88 511 0 33 6
a 89 356 0 4 5
a 89 61 0 32 3
a 90 392 0 4 2
a 90 725 0 27 10
a 92 50 0 4 4
a 92 270 0 11 2
a 93 999 0 4 9
a 93 277 0 4 10
a 94 689 0 4 9
a 94 696 0 31 3
a 95 261 0 4 6
a 95 291 0 47 10
a 97 308 0 4 5
a 97 561 0 22 5
a 101 468 0 4 1
a 101 337 0 3 10
a 105 118 0 4 1
a 105 624 0 31 4
a 107 60 0 4 1
a 107 313 0 12 9
a 110 246 0 4 7
a 110 372 0 16 8
a 111 548 0 4 2
a 111 525 0 12 7
a 113 721 0 4 6
a 113 484 0 32 9
a 114 884 0 4 5
a 114 139 0 29 2
a 115 718 0 4 10
a 115 91 0 16 7
a 118 612 0 4 10
a 118 65 0 11 1
a 123 405 0 4 7
a 123 361 0 36 1
a 125 53 0 4 6
a 125 1000 0 2 10
a 126 459 0 4 8
a 126 959 0 23 1
a 129 101 0 4 10
a 129 108 0 9 10
a 130 238 0 4 8
a 130 384 0 2 9
a 132 555 0 4 3
a 132 832 0 3 7
a 136 370 0 4 9
a 136 848 0 34 2
a 138 337 0 4 7
a 138 913 0 27 5
a 139 173 0 4 3
a 139 107 0 1 5
a 140 981 0 4 2
a 140 510 0 34 10
a 142 448 0 4 2
a 142 732 0 14 7
a 143 456 0 4 5
a 143 32 0 18 5
a 147 733 0 4 8
a 147 304 0 30 1
a 150 178 0 4 8
a 150 396 0 2 8
a 151 251 0 4 4
a 151 225 0 48 2
a 153 77 0 4 4
a 153 60 0 9 10
a 158 281 0 4 8
a 158 359 0 13 1
a 163 748 0 4 5
a 163 642 0 41 4
a 167 568 0 4 6
a 167 724 0 8 6
a 168 704 0 4 5
a 168 197 0 45 10
a 171 363 0 4 3
a 171 407 0 16 3
a 173 551 0 4 6
a 173 200 0 26 8
a 174 792 0 4 9
a 174 137 0 9 4
a 176 897 0 4 10
a 176 5 0 41 7
a 178 347 0 4 5
a 178 837 0 44 7
a 179 344 0 4 4
a 179 438 0 28 3
a 182 593 0 4 4
a 182 218 0 43 1
a 183 545 0 4 8
a 183 662 0 40 2
a 185 329 0 4 7
a 185 413 0 1 10
a 186 115 0 4 10
a 186 616 0 3 10
a 190 540 0 4 5
a 190 657 0 42 2
a 193 838 0 4 2
a 193 966 0 34 8
a 196 809 0 4 6
a 196 114 0 28 1
a 197 946 0 4 6
a 197 700 0 31 8
a 199 672 0 4 10
a 199 28 0 37 4
a 200 130 0 4 3
a 200 284 0 22 2
a 202 264 0 4 2
a 202 140 0 48 8
a 203 880 0 4 7
a 203 135 0 32 5
a 204 8 0 4 3
a 204 220 0 10 6
a 214 905 0 4 8
a 214 662 0 48 8
a 215 782 0 4 1
a 215 818 0 31 3
a 218 95 0 4 9
a 218 673 0 22 9
a 220 258 0 4 4
a 220 800 0 3 8
a 221 282 0 4 6
a 221 892 0 7 5
a 224 974 0 4 5
a 224 476 0 23 9
a 225 898 0 4 1
a 225 187 0 47 3
a 226 129 0 4 2
a 226 826 0 27 6
a 227 482 0 4 5
a 227 417 0 9 3
a 235 698 0 4 2
a 235 597 0 1 1
a 236 158 0 4 5
a 236 182 0 11 5
a 238 393 0 4 10
a 238 509 0 15 2
a 243 214 0 4 6
a 243 80 0 48 2
a 244 203 0 4 6
a 244 518 0 47 6
a 246 869 0 4 4
a 246 692 0 10 9
a 248 418 0 4 4
a 248 482 0 30 5
a 249 984 0 4 6
a 249 221 0 19 7
a 251 857 0 4 2
a 251 774 0 31 10
a 253 684 0 4 3
a 253 820 0 33 1
a 258 43 0 4 4
a 258 576 0 2 8
a 259 904 0 4 1
a 259 389 0 22 7
a 261 617 0 4 1
a 261 347 0 13 10
a 263 495 0 4 10
a 263 240 0 23 6
a 264 979 0 4 4
a 264 875 0 8 5
a 266 957 0 4 1
a 266 607 0 3 1
a 267 947 0 4 5
a 267 647 0 30 7
a 269 914 0 4 6
a 269 830 0 14 10
a 270 606 0 4 5
a 270 178 0 27 8
a 271 305 0 4 1
a 271 796 0 30 6
a 273 463 0 4 8
a 273 821 0 22 3
a 274 163 0 4 2
a 274 258 0 27 3
a 277 40 0 4 3
a 277 719 0 11 7
a 281 682 0 4 6
a 281 760 0 20 7
a 282 660 0 4 6
a 282 402 0 11 4
a 283 376 0 4 9
a 283 908 0 11 7
a 284 450 0 4 4
a 284 384 0 46 4
a 287 267 0 4 7
a 287 854 0 0 7
a 288 465 0 4 3
a 288 461 0 1 1
a 291 739 0 4 9
a 291 900 0 11 9
a 292 59 0 4 3
a 292 870 0 29 4
a 297 860 0 4 2
a 297 768 0 28 10
a 298 969 0 4 1
a 298 355 0 33 4
a 299 176 0 4 8
a 299 955 0 7 2
a 300 558 0 4 3
a 300 955 0 37 9
a 304 608 0 4 8
a 304 445 0 13 7
a 305 481 0 4 10
a 305 358 0 32 2
a 306 291 0 4 2
a 306 230 0 42 9
a 308 856 0 4 3
a 308 909 0 35 8
a 313 796 0 4 7
a 313 611 0 32 2
a 314 185 0 4 5
a 314 620 0 35 8
a 316 457 0 4 2
a 316 914 0 3 3
a 319 439 0 4 5
a 319 101 0 33 6
a 322 830 0 4 1
a 322 679 0 27 5
a 323 39 0 4 3
a 323 945 0 4 4
a 325 110 0 4 2
a 325 122 0 17 4
a 326 831 0 4 4
a 326 153 0 31 3
a 329 139 0 4 1
a 329 854 0 47 10
a 333 656 0 4 4
a 333 373 0 19 5
a 334 865 0 4 9
a 334 115 0 43 6
a 337 197 0 4 2
a 337 65 0 14 2
a 338 136 0 4 6
a 338 440 0 23 7
a 339 939 0 4 10
a 339 588 0 5 5
a 344 774 0 4 3
a 344 99 0 13 7
a 345 694 0 4 5
a 345 518 0 40 3
a 347 885 0 4 3
a 347 343 0 47 8
a 348 306 0 4 8
a 348 750 0 20 4
a 349 381 0 4 4
a 349 769 0 25 1
a 350 697 0 4 9
a 350 948 0 29 9
a 354 467 0 4 8
a 354 496 0 31 5
a 356 490 0 4 7
a 356 125 0 12 7
a 357 803 0 4 5
a 357 579 0 47 9
a 358 513 0 4 6
a 358 370 0 25 10
a 360 705 0 4 9
a 360 242 0 25 10
a 361 706 0 4 1
a 361 928 0 10 5
a 362 895 0 4 8
a 362 95 0 13 5
a 363 610 0 4 1
a 363 451 0 6 10
a 365 988 0 4 8
a 365 415 0 48 4
a 368 851 0 4 1
a 368 306 0 15 1
a 370 473 0 4 2
a 370 187 0 9 6
a 372 428 0 4 4
a 372 148 0 31 8
a 374 26 0 4 3
a 374 119 0 29 3
a 376 499 0 4 5
a 376 543 0 39 7
a 381 937 0 4 9
a 381 889 0 5 4
a 384 269 0 4 8
a 384 82 0 14 9
a 386 910 0 4 4
a 386 179 0 10 3
a 387 654 0 4 3
a 387 341 0 36 10
a 388 442 0 4 2
a 388 665 0 9 1
a 389 659 0 4 5
a 389 869 0 8 9
a 392 496 0 4 5
a 392 189 0 18 5
a 393 983 0 4 2
a 393 498 0 11 1
a 395 948 0 4 5
a 395 578 0 39 4
a 396 536 0 4 4
a 396 395 0 17 6
a 398 636 0 4 2
a 398 363 0 33 9
a 399 396 0 4 8
a 399 443 0 39 8
a 400 215 0 4 2
a 400 696 0 13 2
a 402 454 0 4 3
a 402 864 0 23 2
a 405 466 0 4 1
a 405 18 0 33 3
a 406 372 0 4 2
a 406 555 0 27 3
a 416 88 0 4 10
a 416 640 0 24 4
a 418 432 0 4 5
a 418 741 0 2 7
a 419 319 0 4 10
a 419 79 0 8 8
a 421 395 0 4 5
a 421 881 0 5 6
a 425 797 0 4 4
a 425 755 0 15 1
a 428 773 0 4 10
a 428 4 0 36 8
a 431 402 0 4 4
a 431 26 0 21 6
a 432 692 0 4 9
a 432 972 0 37 2
a 433 4 0 4 7
a 433 913 0 50 4
a 438 775 0 4 3
a 438 171 0 35 7
a 439 819 0 4 3
a 439 321 0 35 4
a 442 462 0 4 10
a 442 366 0 4 4
a 444 13 0 4 10
a 444 940 0 1 6
a 447 560 0 4 8
a 447 439 0 19 7
a 448 218 0 4 8
a 448 207 0 0 7
a 450 815 0 4 1
a 450 994 0 17 9
a 454 750 0 4 2
a 454 478 0 5 7
a 456 182 0 4 10
a 456 625 0 6 4
a 457 387 0 4 4
a 457 167 0 5 5
a 459 712 0 4 10
a 459 863 0 42 10
a 460 720 0 4 3
a 460 634 0 31 3
a 462 578 0 4 10
a 462 241 0 16 1
a 463 973 0 4 9
a 463 914 0 25 8
a 464 236 0 4 2
a 464 712 0 2 6
a 465 80 0 4 6
a 465 572 0 33 10
a 466 616 0 4 8
a 466 232 0 25 9
a 467 365 0 4 10
a 467 498 0 41 7
a 468 807 0 4 10
a 468 398 0 34 10
a 473 113 0 4 9
a 473 78 0 36 5
a 477 589 0 4 5
a 477 441 0 24 10
a 478 190 0 4 4
a 478 271 0 42 6
a 481 167 0 4 10
a 481 820 0 1 3
a 482 747 0 4 8
a 482 518 0 8 7
a 490 579 0 4 4
a 490 235 0 2 3
a 491 788 0 4 7
a 491 642 0 45 10
a 494 18 0 4 4
a 494 219 0 22 10
a 495 745 0 4 5
a 495 305 0 38 8
a 496 253 0 4 3
a 496 572 0 2 3
a 499 447 0 4 2
a 499 288 0 36 3
a 500 5 0 4 5
a 500 851 0 36 4
a 503 348 0 4 1
a 503 681 0 44 1
a 504 94 0 4 4
a 504 551 0 16 1
a 505 666 0 4 10
a 505 175 0 39 10
a 506 637 0 4 8
a 506 518 0 4 3
a 509 633 0 4 8
a 509 154 0 31 3
a 510 10 0 4 5
a 510 331 0 35 1
a 513 670 0 4 6
a 513 925 0 18 9
a 519 509 0 4 4
a 519 283 0 34 7
a 522 557 0 4 5
a 522 730 0 27 4
a 524 421 0 4 8
a 524 511 0 26 7
a 528 333 0 4 10
a 528 523 0 18 4
a 529 844 0 4 4
a 529 272 0 17 7
a 531 174 0 4 2
a 531 201 0 12 1
a 533 758 0 4 8
a 533 470 0 11 3
a 534 388 0 4 8
a 534 397 0 12 1
a 536 196 0 4 7
a 536 3 0 34 10
a 537 126 0 4 3
a 537 89 0 24 6
a 540 944 0 4 3
a 540 186 0 50 5
a 542 274 0 4 2
a 542 745 0 30 9
a 543 645 0 4 5
a 543 834 0 24 8
a 544 460 0 4 8
a 544 272 0 10 4
a 545 225 0 4 1
a 545 222 0 7 3
a 546 594 0 4 5
a 546 727 0 13 10
a 548 19 0 4 5
a 548 410 0 20 10
a 550 746 0 4 9
a 550 152 0 2 10
a 551 577 0 4 7
a 551 630 0 34 6
a 555 564 0 4 3
a 555 341 0 21 8
a 557 323 0 4 5
a 557 987 0 26 7
a 558 433 0 4 5
a 558 181 0 14 2
a 559 916 0 4 4
a 559 660 0 43 7
a 560 703 0 4 3
a 560 155 0 34 1
a 564 75 0 4 6
a 564 496 0 22 8
a 565 494 0 4 5
a 565 52 0 49 2
a 566 171 0 4 3
a 566 357 0 39 6
a 568 92 0 4 2
a 568 475 0 19 4
a 569 66 0 4 1
a 569 578 0 35 2
a 570 668 0 4 10
a 570 10 0 44 8
a 571 221 0 4 5
a 571 892 0 23 2
a 575 47 0 4 10
a 575 109 0 45 7
a 577 362 0 4 2
a 577 409 0 6 8
a 578 505 0 4 4
a 578 776 0 24 1
a 579 836 0 4 9
a 579 908 0 41 4
a 582 357 0 4 3
a 582 8 0 45 1
a 589 730 0 4 6
a 589 917 0 27 2
a 590 840 0 4 1
a 590 58 0 36 1
a 593 111 0 4 3
a 593 675 0 31 4
a 594 673 0 4 8
a 594 376 0 19 2
a 602 709 0 4 5
a 602 34 0 43 9
a 603 651 0 4 7
a 603 484 0 15 7
a 606 665 0 4 7
a 606 334 0 31 2
a 608 534 0 4 8
a 608 130 0 23 7
a 609 776 0 4 8
a 609 55 0 33 10
a 610 143 0 4 2
a 610 209 0 39 6
a 611 504 0 4 7
a 611 190 0 7 3
a 612 929 0 4 4
a 612 533 0 43 5
a 614 142 0 4 3
a 614 223 0 39 10
a 616 304 0 4 1
a 616 817 0 8 4
a 617 398 0 4 6
a 617 391 0 17 1
a 624 500 0 4 3
a 624 237 0 32 7
a 628 438 0 4 6
a 628 961 0 12 4
a 633 183 0 4 3
a 633 117 0 23 2
a 634 478 0 4 8
a 634 497 0 15 7
a 636 965 0 4 10
a 636 279 0 46 6
a 637 519 0 4 1
a 637 924 0 2 5
a 640 259 0 4 10
a 640 753 0 36 7
a 642 925 0 4 8
a 642 270 0 39 10
a 643 297 0 4 2
a 643 337 0 27 1
a 645 361 0 4 6
a 645 81 0 44 1
a 647 56 0 4 5
a 647 297 0 18 3
a 649 360 0 4 3
a 649 551 0 31 2
a 651 193 0 4 9
a 651 874 0 41 10
a 653 125 0 4 4
a 653 757 0 38 5
a 654 693 0 4 1
a 654 190 0 8 3
a 656 751 0 4 1
a 656 331 0 42 6
a 657 614 0 4 5
a 657 252 0 48 1
a 658 419 0 4 9
a 658 61 0 31 4
a 659 273 0 4 2
a 659 324 0 24 3
a 660 345 0 4 7
a 660 234 0 37 1
a 661 724 0 4 9
a 661 54 0 41 2
a 663 658 0 4 8
a 663 918 0 26 7
a 665 61 0 4 1
a 665 562 0 9 2
a 666 812 0 4 1
a 666 675 0 32 5
a 667 681 0 4 7
a 667 396 0 17 10
a 668 590 0 4 1
a 668 200 0 4 5
a 669 667 0 4 5
a 669 162 0 21 7
a 670 765 0 4 6
a 670 452 0 2 7
a 672 811 0 4 5
a 672 154 0 4 2
a 673 570 0 4 9
a 673 882 0 27 8
a 675 906 0 4 9
a 675 153 0 19 10
a 677 640 0 4 10
a 677 501 0 49 6
a 679 874 0 4 10
a 679 920 0 40 1
a 681 952 0 4 3
a 681 609 0 17 6
a 682 850 0 4 10
a 682 833 0 28 2
a 684 882 0 4 6
a 684 985 0 17 4
a 685 147 0 4 6
a 685 752 0 46 2
a 689 575 0 4 10
a 689 228 0 2 9
a 690 566 0 4 3
a 690 854 0 8 8
a 692 669 0 4 10
a 692 373 0 11 3
a 693 68 0 4 3
a 693 623 0 28 1
a 694 657 0 4 6
a 694 796 0 18 3
a 696 764 0 4 2
a 696 60 0 20 1
a 697 235 0 4 6
a 697 384 0 21 5
a 698 186 0 4 1
a 698 767 0 10 9
a 703 871 0 4 9
a 703 74 0 27 8
a 704 624 0 4 2
a 704 593 0 22 10
a 705 559 0 4 8
a 705 6 0 3 3
a 706 52 0 4 4
a 706 695 0 19 6
a 707 643 0 4 3
a 707 719 0 7 9
a 709 770 0 4 5
a 709 26 0 42 3
a 712 861 0 4 10
a 712 179 0 13 9
a 713 283 0 4 4
a 713 379 0 30 10
a 715 907 0 4 6
a 715 38 0 32 4
a 718 975 0 4 4
a 718 28 0 0 3
a 720 529 0 4 5
a 720 88 0 30 7
a 721 199 0 4 1
a 721 644 0 50 10
a 724 358 0 4 6
a 724 305 0 25 8
a 728 425 0 4 3
a 728 63 0 0 10
a 730 64 0 4 2
a 730 10 0 3 9
a 733 314 0 4 7
a 733 522 0 21 9
a 736 537 0 4 2
a 736 980 0 16 7
a 739 354 0 4 4
a 739 917 0 22 1
a 741 663 0 4 3
a 741 762 0 19 10
a 745 784 0 4 7
a 745 118 0 33 3
a 746 945 0 4 8
a 746 531 0 6 9
a 747 878 0 4 1
a 747 835 0 42 10
a 748 226 0 4 8
a 748 562 0 27 4
a 750 602 0 4 9
a 750 185 0 49 8
a 751 49 0 4 10
a 751 970 0 9 5
a 754 114 0 4 8
a 754 509 0 27 1
a 755 220 0 4 10
a 755 968 0 15 4
a 758 754 0 4 7
a 758 748 0 32 9
a 759 544 0 4 4
a 759 272 0 43 5
a 761 835 0 4 3
a 761 774 0 4 4
a 763 477 0 4 10
a 763 866 0 39 3
a 764 611 0 4 10
a 764 109 0 24 2
a 765 825 0 4 3
a 765 946 0 3 1
a 768 759 0 4 7
a 768 852 0 39 5
a 770 977 0 4 5
a 770 201 0 8 9
a 772 406 0 4 10
a 772 256 0 9 3
a 773 881 0 4 10
a 773 184 0 43 9
a 774 140 0 4 8
a 774 320 0 20 3
a 775 42 0 4 8
a 775 912 0 32 4
a 776 845 0 4 1
a 776 690 0 9 5
a 780 679 0 4 5
a 780 633 0 39 8
a 782 531 0 4 1
a 782 872 0 7 4
a 784 824 0 4 8
a 784 402 0 13 9
a 786 84 0 4 2
a 786 78 0 3 8
a 788 224 0 4 9
a 788 13 0 32 4
a 789 886 0 4 3
a 789 263 0 28 8
a 791 755 0 4 2
a 791 292 0 38 10
a 792 168 0 4 4
a 792 533 0 18 8
a 796 768 0 4 5
a 796 71 0 37 5
a 797 325 0 4 6
a 797 275 0 25 10
a 800 569 0 4 1
a 800 391 0 18 8
a 802 741 0 4 1
a 802 181 0 34 3
a 803 284 0 4 6
a 803 195 0 18 1
a 804 987 0 4 8
a 804 605 0 48 5
a 807 524 0 4 8
a 807 503 0 38 10
a 809 389 0 4 7
a 809 688 0 6 8
a 810 339 0 4 6
a 810 4 0 50 5
a 811 287 0 4 8
a 811 486 0 46 9
a 812 503 0 4 2
a 812 733 0 43 3
a 815 823 0 4 8
a 815 488 0 22 9
a 819 179 0 4 2
a 819 608 0 32 4
a 820 399 0 4 7
a 820 120 0 13 1
a 823 38 0 4 1
a 823 250 0 6 5
a 824 299 0 4 7
a 824 347 0 25 7
a 825 915 0 4 6
a 825 457 0 25 5
a 830 249 0 4 1
a 830 853 0 50 4
a 831 65 0 4 5
a 831 202 0 50 4
a 835 244 0 4 8
a 835 757 0 36 8
a 836 876 0 4 7
a 836 224 0 33 4
a 838 271 0 4 4
a 838 260 0 3 3
a 839 266 0 4 7
a 839 731 0 50 3
a 840 202 0 4 3
a 840 278 0 22 2
a 844 292 0 4 6
a 844 892 0 29 9
a 845 763 0 4 9
a 845 480 0 5 4
a 849 400 0 4 3
a 849 93 0 30 3
a 850 802 0 4 8
a 850 328 0 30 3
a 851 123 0 4 10
a 851 189 0 35 1
a 856 849 0 4 6
a 856 23 0 19 2
a 857 993 0 4 1
a 857 125 0 13 1
a 860 810 0 4 1
a 860 297 0 24 8
a 861 879 0 4 2
a 861 938 0 9 4
a 865 780 0 4 2
a 865 733 0 2 2
a 869 820 0 4 3
a 869 400 0 36 10
a 871 89 0 4 10
a 871 257 0 30 1
a 872 248 0 4 5
a 872 717 0 41 4
a 874 986 0 4 6
a 874 817 0 50 2
a 876 918 0 4 8
a 876 830 0 20 10
a 878 642 0 4 2
a 878 819 0 38 2
a 879 263 0 4 5
a 879 467 0 48 2
a 880 565 0 4 8
a 880 298 0 20 2
a 881 227 0 4 7
a 881 58 0 48 10
a 882 528 0 4 7
a 882 805 0 50 10
a 884 839 0 4 8
a 884 606 0 25 2
a 885 872 0 4 9
a 885 441 0 35 4
a 886 994 0 4 10
a 886 343 0 23 2
a 888 976 0 4 2
a 888 389 0 27 8
a 889 954 0 4 2
a 889 118 0 42 7
a 895 546 0 4 3
a 895 799 0 45 7
a 897 949 0 4 7
a 897 448 0 50 8
a 898 728 0 4 6
a 898 968 0 19 2
a 902 79 0 4 7
a 902 97 0 44 2
a 904 322 0 4 10
a 904 450 0 11 4
a 905 628 0 4 6
a 905 895 0 26 5
a 906 71 0 4 4
a 906 652 0 5 6
a 907 270 0 4 6
a 907 91 0 24 3
a 910 204 0 4 3
a 910 507 0 16 1
a 914 990 0 4 8
a 914 785 0 15 6
a 915 105 0 4 4
a 915 832 0 36 1
a 916 685 0 4 1
a 916 311 0 10 4
a 918 647 0 4 4
a 918 513 0 4 1
a 925 431 0 4 7
a 925 662 0 34 5
a 929 90 0 4 7
a 929 276 0 38 3
a 937 634 0 4 3
a 937 384 0 50 2
a 939 464 0 4 1
a 939 527 0 44 3
a 944 386 0 4 7
a 944 168 0 12 7
a 945 522 0 4 9
a 945 412 0 5 10
a 946 57 0 4 1
a 946 55 0 45 8
a 947 444 0 4 2
a 947 771 0 47 1
a 948 690 0 4 1
a 948 645 0 42 5
a 949 713 0 4 4
a 949 722 0 39 6
a 952 696 0 4 6
a 952 578 0 6 8
a 954 661 0 4 2
a 954 312 0 12 6
a 957 653 0 4 7
a 957 431 0 42 1
a 961 334 0 4 5
a 961 13 0 2 8
a 962 14 0 4 10
a 962 470 0 33 3
a 965 609 0 4 10
a 965 968 0 2 9
a 969 11 0 4 5
a 969 214 0 34 1
a 973 962 0 4 1
a 973 146 0 15 7
a 974 374 0 4 9
a 974 64 0 44 1
a 975 543 0 4 3
a 975 345 0 28 6
a 976 338 0 4 5
a 976 882 0 19 10
a 977 542 0 4 3
a 977 627 0 8 1
a 979 6 0 4 9
a 979 354 0 25 4
a 981 491 0 4 4
a 981 137 0 41 3
a 983 761 0 4 8
a 983 454 0 46 2
a 984 153 0 4 5
a 984 799 0 8 8
a 986 533 0 4 7
a 986 154 0 15 8
a 987 998 0 4 2
a 987 342 0 34 4
a 988 715 0 4 10
a 988 334 0 34 9
a 989 138 0 4 9
a 989 220 0 22 9
a 990 789 0 4 9
a 990 511 0 16 9
a 993 649 0 4 4
a 993 235 0 9 10
a 994 550 0 4 5
a 994 382 0 31 5
a 998 786 0 4 8
a 998 541 0 15 6
