c PyNETGEN v1.0.0
c $ pip install pynetgen
c
c  NETGEN flow network generation algorithm
c  Problem input parameters
c  -------------------------------------
c   Random seed:          11
c   Number of nodes:      1000
c   Source nodes:         2
c   Sink nodes:           2
c   Number of arcs:       2000
c   Minimum arc cost:     1
c   Maximum arc cost:     10
c   Total supply:         50
c   Transshipment -
c     Sources:            0
c     Sinks:              0
c   Skeleton arcs -
c     With max cost:      0
c     Capacitated:        100
c   Minimum arc capacity: 0
c   Maximum arc capacity: 50
c
c  *** Minimum cost flow ***
c
p min 1000 2000
n 1 25
n 2 25
n 999 -39
n 1000 -11
a 1 221 0 25 4
a 1 205 0 49 8
a 6 949 0 25 10
a 6 155 0 26 7
a 7 718 0 25 8
a 7 765 0 0 10
a 9 188 0 25 6
a 9 335 0 45 2
a 9 260 0 28 3
a 11 245 0 25 10
a 11 880 0 42 2
a 12 430 0 25 9
a 12 615 0 27 5
a 12 121 0 11 8
a 13 162 0 25 4
a 13 846 0 11 2
a 15 512 0 25 1
a 15 798 0 21 8
a 15 965 0 36 9
a 17 214 0 25 10
a 17 556 0 5 3
a 17 444 0 4 3
a 21 985 0 25 1
a 21 901 0 14 10
a 22 792 0 25 7
a 22 624 0 21 7
a 23 474 0 25 1
a 23 507 0 40 1
a 26 829 0 25 2
a 26 472 0 17 7
a 27 666 0 25 6
a 27 967 0 36 6
a 31 409 0 25 2
a 31 366 0 15 2
a 32 660 0 25 8
a 32 334 0 19 6
a 35 498 0 25 5
a 35 198 0 0 2
a 37 980 0 25 7
a 37 139 0 0 10
a 41 93 0 25 3
a 41 939 0 12 2
a 43 981 0 25 2
a 43 507 0 7 7
a 45 970 0 25 10
a 45 411 0 34 1
a 46 827 0 25 4
a 46 70 0 5 2
a 47 119 0 25 1
a 47 432 0 28 3
a 49 359 0 25 10
a 49 91 0 27 2
a 52 166 0 25 10
a 52 927 0 36 8
a 54 171 0 25 1
a 54 226 0 21 3
a 56 315 0 25 3
a 56 129 0 50 9
a 66 713 0 25 4
a 66 950 0 45 6
a 67 711 0 25 4
a 67 377 0 42 9
a 68 739 0 25 5
a 68 340 0 14 4
a 71 507 0 25 7
a 71 269 0 46 6
a 72 545 0 25 10
a 72 853 0 21 6
a 76 720 0 25 7
a 76 876 0 35 3
a 78 657 0 25 9
a 78 23 0 1 4
a 80 116 0 25 7
a 80 78 0 9 2
a 81 103 0 25 1
a 81 630 0 35 8
a 82 270 0 25 7
a 82 81 0 18 3
a 83 255 0 25 6
a 83 898 0 45 8
a 86 191 0 25 7
a 86 667 0 31 7
a 88 935 0 25 3
a 88 506 0 24 9
a 91 655 0 25 8
a 91 558 0 14 1
a 92 146 0 25 4
a 92 780 0 40 2
a 93 82 0 25 2
a 93 399 0 45 9
a 94 432 0 25 3
a 94 262 0 9 6
a 95 672 0 25 9
a 95 600 0 47 9
a 97 173 0 25 1
a 97 479 0 28 3
a 98 619 0 25 8
a 98 5 0 6 10
a 101 302 0 25 8
a 101 21 0 36 4
a 102 737 0 25 6
a 102 386 0 28 1
a 103 31 0 25 9
a 103 720 0 9 5
a 105 724 0 25 4
a 105 634 0 2 9
a 107 667 0 25 3
a 107 834 0 31 9
a 109 441 0 25 10
a 109 625 0 3 1
a 110 72 0 25 8
a 110 446 0 14 8
a 112 642 0 25 5
a 112 260 0 8 4
a 115 681 0 25 6
a 115 992 0 37 10
a 116 47 0 25 7
a 116 776 0 49 7
a 118 473 0 25 3
a 118 668 0 30 3
a 119 838 0 25 2
a 119 587 0 2 3
a 120 940 0 25 5
a 120 306 0 21 9
a 125 27 0 25 4
a 125 792 0 17 5
a 126 316 0 25 10
a 126 946 0 24 5
a 128 416 0 25 7
a 128 141 0 35 4
a 129 220 0 25 3
a 129 810 0 25 2
a 132 857 0 25 4
a 132 10 0 32 7
a 133 806 0 25 7
a 133 641 0 34 6
a 134 948 0 25 5
a 134 399 0 42 5
a 138 355 0 25 4
a 138 177 0 12 9
a 139 332 0 25 9
a 139 323 0 6 7
a 140 295 0 25 5
a 140 625 0 19 9
a 141 98 0 25 1
a 141 748 0 4 4
a 143 471 0 25 9
a 143 219 0 49 9
a 145 210 0 25 3
a 145 996 0 2 3
a 146 878 0 25 10
a 146 619 0 17 1
a 147 633 0 25 2
a 147 840 0 46 5
a 148 504 0 25 10
a 148 251 0 27 3
a 149 352 0 25 9
a 149 771 0 2 6
a 150 913 0 25 1
a 150 854 0 12 1
a 152 516 0 25 8
a 152 894 0 39 2
a 155 145 0 25 7
a 155 309 0 6 1
a 159 682 0 25 3
a 159 667 0 13 8
a 161 81 0 25 3
a 161 889 0 41 1
a 162 765 0 25 9
a 162 173 0 3 5
a 166 615 0 25 5
a 166 408 0 20 7
a 169 971 0 25 9
a 169 780 0 27 9
a 171 78 0 25 1
a 171 158 0 45 8
a 172 522 0 25 1
a 172 110 0 42 10
a 173 449 0 25 1
a 173 396 0 9 6
a 175 596 0 25 10
a 175 198 0 0 3
a 177 22 0 25 6
a 177 98 0 33 10
a 178 393 0 25 8
a 178 198 0 29 9
a 179 88 0 25 7
a 179 853 0 33 4
a 180 26 0 25 10
a 180 683 0 44 10
a 183 237 0 25 5
a 183 418 0 37 6
a 186 825 0 25 8
a 186 856 0 34 5
a 187 265 0 25 4
a 187 485 0 4 7
a 188 147 0 25 1
a 188 40 0 6 3
a 191 381 0 25 3
a 191 628 0 3 4
a 193 175 0 25 10
a 193 682 0 43 5
a 194 306 0 25 3
a 194 596 0 37 3
a 196 21 0 25 9
a 196 553 0 15 4
a 198 71 0 25 2
a 198 727 0 6 9
a 199 7 0 25 7
a 199 991 0 40 5
a 202 536 0 25 6
a 202 124 0 31 1
a 206 614 0 25 8
a 206 331 0 22 1
a 210 585 0 25 4
a 210 198 0 13 7
a 211 656 0 25 5
a 211 415 0 36 9
a 214 356 0 25 3
a 214 212 0 5 1
a 215 9 0 25 8
a 215 474 0 31 9
a 217 563 0 25 9
a 217 45 0 30 4
a 218 102 0 25 1
a 218 690 0 43 9
a 219 712 0 25 3
a 219 802 0 25 10
a 220 635 0 25 3
a 220 123 0 13 10
a 221 337 0 25 6
a 221 242 0 28 9
a 224 957 0 25 6
a 224 487 0 26 7
a 226 903 0 25 4
a 226 358 0 34 2
a 233 276 0 25 7
a 233 167 0 14 2
a 234 11 0 25 8
a 234 751 0 21 6
a 236 217 0 25 1
a 236 312 0 19 8
a 237 465 0 25 1
a 237 65 0 3 7
a 238 833 0 25 7
a 238 890 0 42 10
a 239 338 0 25 2
a 239 274 0 25 2
a 240 696 0 25 5
a 240 122 0 32 3
a 245 881 0 25 10
a 245 537 0 10 1
a 246 847 0 25 3
a 246 678 0 0 10
a 248 757 0 25 3
a 248 266 0 38 7
a 249 177 0 25 4
a 249 551 0 18 6
a 250 932 0 25 8
a 250 839 0 13 4
a 255 172 0 25 6
a 255 425 0 42 4
a 256 743 0 25 4
a 256 493 0 41 4
a 258 159 0 25 8
a 258 971 0 40 6
a 261 577 0 25 2
a 261 247 0 40 1
a 263 311 0 25 10
a 263 160 0 19 2
a 264 501 0 25 4
a 264 277 0 13 8
a 265 867 0 25 9
a 265 1000 0 25 10
a 266 998 0 25 6
a 266 326 0 16 10
a 270 343 0 25 4
a 270 277 0 2 6
a 271 357 0 25 6
a 271 291 0 3 6
a 273 161 0 25 9
a 273 816 0 50 6
a 275 155 0 25 4
a 275 901 0 40 6
a 276 612 0 25 2
a 276 96 0 23 5
a 280 887 0 25 4
a 280 765 0 14 1
a 282 894 0 25 7
a 282 349 0 18 5
a 285 140 0 25 6
a 285 598 0 37 7
a 290 609 0 25 1
a 290 403 0 12 4
a 291 691 0 25 3
a 291 621 0 13 2
a 293 76 0 25 3
a 293 61 0 15 7
a 295 689 0 25 7
a 295 243 0 11 7
a 296 804 0 25 6
a 296 621 0 32 3
a 298 398 0 25 5
a 298 588 0 24 7
a 299 118 0 25 2
a 299 150 0 3 5
a 301 92 0 25 3
a 301 897 0 4 1
a 302 249 0 25 4
a 302 250 0 24 10
a 303 6 0 25 1
a 303 294 0 41 8
a 305 110 0 25 4
a 305 260 0 32 2
a 306 394 0 25 4
a 306 456 0 49 7
a 308 862 0 25 6
a 308 37 0 4 6
a 309 56 0 25 2
a 309 732 0 15 8
a 310 453 0 25 2
a 310 287 0 8 4
a 311 219 0 25 4
a 311 95 0 49 1
a 314 193 0 25 9
a 314 242 0 50 1
a 315 12 0 25 7
a 315 920 0 19 1
a 316 440 0 25 8
a 316 184 0 14 4
a 320 505 0 25 7
a 320 704 0 49 4
a 324 280 0 25 2
a 324 389 0 35 8
a 325 741 0 25 4
a 325 630 0 15 1
a 326 314 0 25 7
a 326 134 0 13 4
a 328 868 0 25 6
a 328 629 0 30 7
a 332 958 0 25 4
a 332 574 0 39 10
a 335 420 0 25 7
a 335 944 0 37 8
a 336 697 0 25 1
a 336 310 0 34 8
a 337 575 0 25 1
a 337 282 0 23 9
a 338 695 0 25 6
a 338 579 0 19 1
a 341 553 0 25 7
a 341 587 0 12 6
a 342 218 0 25 9
a 342 862 0 49 7
a 343 603 0 25 8
a 343 8 0 12 1
a 344 436 0 25 8
a 344 360 0 46 5
a 345 32 0 25 2
a 345 903 0 8 4
a 349 499 0 25 6
a 349 473 0 49 2
a 352 933 0 25 5
a 352 402 0 0 6
a 355 233 0 25 7
a 355 321 0 4 4
a 356 995 0 25 9
a 356 27 0 13 2
a 357 291 0 25 3
a 357 912 0 14 5
a 359 482 0 25 4
a 359 293 0 39 4
a 360 324 0 25 1
a 360 685 0 45 10
a 364 581 0 25 1
a 364 491 0 37 4
a 365 406 0 25 2
a 365 305 0 42 2
a 367 95 0 25 1
a 367 183 0 47 8
a 370 759 0 25 1
a 370 827 0 6 1
a 372 303 0 25 4
a 372 725 0 10 6
a 375 564 0 25 8
a 375 387 0 46 6
a 378 945 0 25 1
a 378 836 0 39 6
a 380 860 0 25 2
a 380 233 0 37 2
a 381 335 0 25 1
a 381 223 0 16 8
a 382 491 0 25 9
a 382 702 0 12 10
a 383 607 0 25 4
a 383 897 0 8 9
a 384 628 0 25 7
a 384 199 0 13 2
a 386 576 0 25 6
a 386 819 0 31 10
a 388 639 0 25 1
a 388 410 0 49 9
a 391 629 0 25 2
a 391 578 0 38 10
a 393 13 0 25 5
a 393 399 0 41 5
a 394 834 0 25 10
a 394 871 0 39 1
a 395 636 0 25 1
a 395 886 0 22 5
a 397 692 0 25 1
a 397 44 0 40 4
a 398 729 0 25 5
a 398 297 0 29 9
a 406 308 0 25 5
a 406 728 0 36 2
a 408 380 0 25 9
a 408 845 0 18 7
a 409 367 0 25 9
a 409 445 0 9 10
a 411 97 0 25 7
a 411 503 0 36 6
a 415 668 0 25 3
a 415 757 0 10 10
a 416 378 0 25 9
a 416 525 0 42 5
a 418 891 0 25 2
a 418 403 0 38 9
a 420 600 0 25 1
a 420 223 0 36 7
a 422 845 0 25 4
a 422 86 0 12 9
a 424 922 0 25 7
a 424 381 0 30 4
a 425 524 0 25 3
a 425 889 0 31 2
a 429 942 0 25 8
a 429 353 0 26 2
a 430 299 0 25 9
a 430 881 0 36 4
a 432 459 0 25 5
a 432 917 0 45 5
a 435 772 0 25 1
a 435 362 0 48 4
a 436 388 0 25 4
a 436 550 0 37 8
a 440 143 0 25 3
a 440 555 0 36 1
a 441 83 0 25 9
a 441 109 0 2 8
a 449 722 0 25 4
a 449 537 0 48 3
a 450 561 0 25 2
a 450 56 0 50 8
a 452 548 0 25 8
a 452 762 0 8 4
a 453 326 0 25 4
a 453 140 0 38 5
a 455 528 0 25 6
a 455 272 0 11 1
a 457 597 0 25 8
a 457 910 0 12 7
a 458 258 0 25 2
a 458 961 0 25 9
a 459 742 0 25 1
a 459 424 0 37 7
a 460 706 0 25 5
a 460 463 0 31 8
a 465 341 0 25 1
a 465 555 0 42 6
a 468 215 0 25 4
a 468 793 0 36 7
a 471 395 0 25 9
a 471 970 0 43 4
a 472 112 0 25 7
a 472 187 0 36 10
a 473 120 0 25 9
a 473 745 0 21 10
a 474 747 0 25 10
a 474 823 0 36 8
a 476 844 0 25 1
a 476 769 0 22 2
a 477 662 0 25 3
a 477 396 0 40 1
a 478 944 0 25 5
a 478 869 0 0 4
a 480 644 0 25 10
a 480 485 0 15 9
a 481 496 0 25 6
a 481 729 0 1 8
a 482 309 0 25 6
a 482 563 0 47 2
a 484 928 0 25 8
a 484 849 0 27 4
a 490 342 0 25 3
a 490 967 0 11 1
a 491 889 0 25 3
a 491 429 0 16 10
a 493 500 0 25 1
a 493 777 0 6 2
a 495 180 0 25 7
a 495 552 0 32 3
a 496 892 0 25 6
a 496 519 0 45 1
a 498 621 0 25 10
a 498 154 0 35 4
a 499 604 0 25 1
a 499 838 0 24 3
a 500 67 0 25 3
a 500 805 0 4 8
a 501 999 0 25 3
a 501 34 0 7 6
a 502 35 0 25 6
a 502 545 0 6 5
a 504 567 0 25 1
a 504 827 0 36 6
a 505 296 0 25 9
a 505 268 0 32 1
a 506 798 0 25 2
a 506 676 0 13 6
a 507 285 0 25 1
a 507 809 0 25 3
a 508 198 0 25 6
a 508 555 0 46 6
a 511 950 0 25 3
a 511 895 0 46 10
a 512 101 0 25 6
a 512 727 0 45 8
a 514 224 0 25 8
a 514 27 0 1 2
a 515 138 0 25 8
a 515 183 0 27 10
a 516 784 0 25 1
a 516 467 0 7 10
a 517 344 0 25 7
a 517 157 0 38 2
a 519 964 0 25 4
a 519 775 0 10 7
a 520 533 0 25 8
a 520 866 0 48 1
a 521 750 0 25 4
a 521 719 0 13 5
a 522 733 0 25 3
a 522 536 0 24 8
a 524 593 0 25 7
a 524 518 0 9 2
a 528 521 0 25 1
a 528 193 0 46 8
a 533 799 0 25 1
a 533 350 0 24 3
a 536 150 0 25 8
a 536 815 0 32 5
a 538 91 0 25 2
a 538 877 0 45 4
a 539 424 0 25 1
a 539 176 0 42 3
a 545 345 0 25 4
a 545 777 0 4 6
a 547 246 0 25 4
a 547 741 0 30 2
a 548 186 0 25 1
a 548 40 0 37 7
a 550 763 0 25 4
a 550 589 0 37 2
a 551 169 0 25 7
a 551 390 0 10 5
a 553 382 0 25 7
a 553 175 0 25 1
a 556 133 0 25 6
a 556 404 0 19 7
a 557 457 0 25 10
a 557 847 0 38 1
a 561 598 0 25 9
a 561 994 0 10 7
a 563 484 0 25 2
a 563 208 0 23 7
a 564 589 0 25 1
a 564 553 0 8 10
a 565 480 0 25 9
a 565 844 0 2 6
a 567 41 0 25 4
a 567 68 0 0 2
a 575 386 0 25 6
a 575 828 0 31 1
a 576 814 0 25 4
a 576 629 0 45 9
a 577 435 0 25 8
a 577 600 0 18 2
a 579 298 0 25 2
a 579 661 0 45 8
a 581 238 0 25 3
a 581 514 0 3 9
a 583 890 0 25 5
a 583 165 0 9 10
a 585 665 0 25 6
a 585 45 0 46 9
a 588 983 0 25 3
a 588 441 0 5 7
a 589 551 0 25 6
a 589 378 0 0 9
a 590 490 0 25 8
a 590 70 0 1 9
a 592 832 0 25 4
a 592 944 0 35 6
a 593 740 0 25 10
a 593 533 0 4 1
a 596 931 0 25 3
a 596 335 0 36 3
a 597 477 0 25 9
a 597 515 0 1 10
a 598 68 0 25 9
a 598 240 0 40 2
a 599 837 0 25 2
a 599 568 0 11 5
a 600 631 0 25 7
a 600 622 0 9 2
a 601 148 0 25 6
a 601 76 0 3 3
a 603 460 0 25 7
a 603 672 0 15 3
a 604 955 0 25 5
a 604 574 0 41 3
a 607 622 0 25 6
a 607 513 0 35 6
a 609 45 0 25 5
a 609 658 0 16 6
a 612 310 0 25 8
a 612 977 0 34 6
a 614 365 0 25 9
a 614 498 0 41 8
a 615 826 0 25 10
a 615 918 0 33 4
a 616 647 0 25 2
a 616 205 0 3 7
a 619 429 0 25 6
a 619 537 0 24 2
a 620 730 0 25 3
a 620 932 0 18 9
a 621 349 0 25 8
a 621 426 0 1 6
a 622 637 0 25 8
a 622 749 0 35 10
a 626 721 0 25 9
a 626 970 0 3 4
a 628 452 0 25 5
a 628 890 0 26 5
a 629 768 0 25 10
a 629 903 0 27 6
a 631 909 0 25 10
a 631 105 0 36 6
a 633 54 0 25 3
a 633 301 0 9 9
a 635 579 0 25 8
a 635 971 0 16 1
a 636 842 0 25 7
a 636 431 0 43 1
a 637 694 0 25 9
a 637 521 0 35 9
a 639 896 0 25 2
a 639 447 0 24 6
a 642 947 0 25 6
a 642 972 0 42 8
a 644 256 0 25 5
a 644 996 0 11 4
a 647 583 0 25 9
a 647 700 0 39 5
a 651 149 0 25 6
a 651 560 0 38 4
a 652 187 0 25 7
a 652 776 0 2 8
a 655 885 0 25 10
a 655 707 0 3 9
a 656 824 0 25 4
a 656 650 0 13 9
a 657 115 0 25 2
a 657 113 0 13 4
a 659 132 0 25 6
a 659 531 0 29 2
a 660 17 0 25 7
a 660 176 0 31 6
a 661 391 0 25 7
a 661 772 0 11 5
a 662 519 0 25 4
a 662 530 0 21 9
a 664 493 0 25 5
a 664 116 0 10 4
a 665 715 0 25 9
a 665 846 0 28 2
a 666 872 0 25 7
a 666 243 0 25 2
a 667 717 0 25 1
a 667 464 0 19 4
a 668 782 0 25 6
a 668 364 0 30 8
a 669 129 0 25 4
a 669 434 0 19 9
a 670 744 0 25 10
a 670 522 0 17 5
a 672 282 0 25 7
a 672 107 0 21 1
a 674 616 0 25 6
a 674 586 0 26 3
a 681 305 0 25 5
a 681 176 0 0 9
a 682 273 0 25 1
a 682 623 0 30 3
a 684 707 0 25 3
a 684 693 0 17 4
a 689 152 0 25 8
a 689 721 0 41 2
a 691 556 0 25 4
a 691 68 0 7 9
a 692 626 0 25 2
a 692 855 0 27 2
a 693 239 0 25 7
a 693 171 0 12 1
a 694 109 0 25 9
a 694 405 0 47 9
a 695 590 0 25 7
a 695 720 0 44 1
a 696 37 0 25 7
a 696 935 0 8 3
a 697 775 0 25 8
a 697 665 0 28 2
a 702 855 0 25 3
a 702 790 0 48 7
a 706 472 0 25 4
a 706 722 0 37 7
a 707 908 0 25 7
a 707 535 0 46 2
a 710 196 0 25 7
a 710 135 0 24 9
a 711 107 0 25 5
a 711 852 0 33 10
a 712 511 0 25 10
a 712 81 0 35 8
a 713 895 0 25 6
a 713 363 0 20 1
a 715 23 0 25 6
a 715 245 0 12 2
a 717 588 0 25 3
a 717 706 0 39 8
a 718 539 0 25 7
a 718 261 0 25 10
a 720 951 0 25 8
a 720 936 0 13 2
a 721 752 0 25 1
a 721 632 0 13 2
a 722 372 0 25 2
a 722 244 0 28 7
a 724 854 0 25 5
a 724 852 0 8 9
a 729 418 0 25 4
a 729 879 0 43 5
a 730 266 0 25 10
a 730 688 0 17 8
a 733 468 0 25 10
a 733 526 0 21 5
a 736 809 0 25 10
a 736 521 0 4 2
a 737 370 0 25 8
a 737 599 0 15 4
a 739 802 0 25 1
a 739 869 0 28 3
a 740 815 0 25 10
a 740 589 0 24 3
a 741 506 0 25 8
a 741 54 0 30 4
a 742 383 0 25 6
a 742 8 0 1 8
a 743 793 0 25 3
a 743 780 0 41 1
a 744 236 0 25 10
a 744 71 0 31 9
a 747 325 0 25 7
a 747 493 0 0 8
a 749 450 0 25 3
a 749 668 0 19 2
a 750 43 0 25 9
a 750 813 0 48 9
a 752 710 0 25 3
a 752 419 0 31 7
a 755 275 0 25 9
a 755 61 0 16 3
a 757 15 0 25 6
a 757 993 0 26 1
a 759 779 0 25 7
a 759 787 0 21 1
a 763 898 0 25 4
a 763 453 0 21 6
a 765 408 0 25 9
a 765 613 0 47 10
a 766 411 0 25 9
a 766 118 0 23 3
a 767 684 0 25 9
a 767 6 0 21 6
a 768 976 0 25 1
a 768 678 0 47 2
a 772 80 0 25 7
a 772 313 0 49 8
a 773 364 0 25 6
a 773 12 0 23 7
a 775 820 0 25 1
a 775 975 0 13 7
a 779 797 0 25 4
a 779 399 0 38 7
a 782 290 0 25 4
a 782 128 0 24 8
a 784 502 0 25 10
a 784 894 0 1 6
a 790 702 0 25 6
a 790 95 0 34 3
a 792 966 0 25 7
a 792 670 0 4 6
a 793 921 0 25 6
a 793 374 0 35 4
a 796 49 0 25 4
a 796 471 0 42 3
a 797 538 0 25 4
a 797 705 0 22 8
a 798 94 0 25 2
a 798 266 0 38 3
a 799 515 0 25 10
a 799 940 0 46 4
a 800 905 0 25 8
a 800 652 0 31 4
a 802 179 0 25 9
a 802 633 0 31 6
a 804 992 0 25 9
a 804 941 0 42 7
a 806 495 0 25 2
a 806 256 0 49 4
a 809 328 0 25 4
a 809 444 0 38 4
a 810 481 0 25 3
a 810 395 0 27 2
a 814 914 0 25 3
a 814 884 0 17 7
a 815 886 0 25 2
a 815 617 0 22 8
a 820 183 0 25 5
a 820 99 0 14 4
a 824 839 0 25 5
a 824 875 0 36 4
a 825 226 0 25 2
a 825 734 0 50 6
a 826 202 0 25 4
a 826 364 0 7 3
a 827 250 0 25 4
a 827 955 0 33 3
a 829 105 0 25 2
a 829 940 0 38 10
a 832 66 0 25 4
a 832 654 0 39 7
a 833 46 0 25 10
a 833 290 0 2 8
a 834 796 0 25 2
a 834 160 0 19 4
a 835 670 0 25 4
a 835 63 0 27 1
a 837 52 0 25 1
a 837 737 0 46 6
a 838 520 0 25 1
a 838 375 0 7 7
a 839 178 0 25 4
a 839 909 0 6 5
a 842 907 0 25 1
a 842 736 0 36 10
a 844 736 0 25 4
a 844 143 0 32 6
a 845 415 0 25 10
a 845 463 0 15 7
a 847 954 0 25 3
a 847 338 0 11 6
a 854 773 0 25 10
a 854 298 0 14 10
a 855 126 0 25 3
a 855 784 0 17 10
a 857 384 0 25 2
a 857 699 0 17 6
a 860 336 0 25 1
a 860 247 0 12 5
a 862 234 0 25 2
a 862 83 0 46 7
a 867 766 0 25 5
a 867 109 0 29 10
a 868 767 0 25 9
a 868 682 0 40 5
a 872 293 0 25 1
a 872 80 0 29 7
a 878 547 0 25 7
a 878 287 0 3 9
a 881 476 0 25 10
a 881 342 0 41 1
a 885 987 0 25 6
a 885 107 0 46 3
a 886 455 0 25 10
a 886 438 0 12 5
a 887 550 0 25 2
a 887 614 0 4 6
a 889 514 0 25 8
a 889 740 0 23 4
a 890 211 0 25 8
a 890 506 0 10 10
a 891 661 0 25 2
a 891 322 0 36 2
a 892 125 0 25 10
a 892 527 0 28 10
a 894 517 0 25 3
a 894 272 0 4 1
a 895 320 0 25 4
a 895 340 0 41 1
a 896 422 0 25 1
a 896 894 0 20 5
a 898 508 0 25 5
a 898 764 0 2 4
a 902 810 0 25 8
a 902 870 0 42 7
a 903 261 0 25 5
a 903 519 0 35 5
a 905 592 0 25 3
a 905 23 0 21 7
a 907 749 0 25 5
a 907 288 0 24 1
a 908 664 0 25 4
a 908 471 0 46 6
a 909 800 0 25 9
a 909 912 0 15 10
a 913 674 0 25 8
a 913 712 0 40 4
a 914 134 0 25 1
a 914 973 0 31 6
a 921 478 0 25 8
a 921 531 0 15 4
a 922 953 0 25 2
a 922 954 0 15 1
a 928 240 0 25 5
a 928 669 0 29 6
a 931 978 0 25 4
a 931 258 0 19 8
a 932 790 0 25 5
a 932 858 0 27 9
a 933 755 0 25 2
a 933 182 0 47 10
a 935 557 0 25 5
a 935 86 0 24 6
a 940 652 0 25 4
a 940 548 0 46 7
a 942 620 0 25 7
a 942 945 0 34 1
a 944 194 0 25 1
a 944 496 0 1 1
a 945 206 0 25 4
a 945 256 0 8 10
a 947 248 0 25 6
a 947 368 0 4 10
a 948 902 0 25 1
a 948 541 0 19 2
a 949 375 0 25 6
a 949 721 0 42 3
a 950 360 0 25 7
a 950 609 0 19 8
a 951 425 0 25 7
a 951 454 0 28 1
a 953 835 0 25 2
a 953 339 0 26 8
a 954 565 0 25 7
a 954 217 0 41 7
a 955 962 0 25 5
a 955 174 0 10 2
a 957 141 0 25 7
a 957 112 0 44 8
a 958 693 0 25 8
a 958 106 0 6 9
a 962 271 0 25 8
a 962 593 0 43 2
a 964 659 0 25 9
a 964 238 0 10 2
a 966 86 0 25 4
a 966 473 0 27 8
a 970 601 0 25 5
a 970 767 0 25 7
a 971 263 0 25 9
a 971 326 0 11 5
a 976 397 0 25 4
a 976 690 0 8 9
a 978 599 0 25 5
a 978 722 0 25 2
a 980 669 0 25 6
a 980 257 0 5 7
a 981 301 0 25 9
a 981 237 0 25 6
a 983 651 0 25 2
a 983 264 0 29 7
a 985 139 0 25 10
a 985 337 0 47 1
a 987 264 0 25 3
a 987 957 0 20 1
a 992 199 0 25 7
a 992 454 0 35 3
a 995 458 0 25 5
a 995 727 0 17 10
a 998 128 0 25 5
a 998 772 0 29 7
a 2 423 0 25 9
a 2 128 0 7 1
a 3 228 0 25 1
a 3 460 0 18 9
a 4 605 0 25 5
a 4 769 0 45 5
a 5 961 0 25 5
a 5 619 0 1 9
a 8 438 0 25 9
a 8 404 0 20 1
a 10 330 0 25 8
a 10 153 0 0 9
a 14 850 0 25 10
a 14 650 0 32 7
a 16 990 0 25 5
a 16 656 0 27 9
a 18 756 0 25 6
a 18 702 0 38 5
a 19 658 0 25 6
a 19 812 0 25 2
a 20 1000 0 25 4
a 20 329 0 20 1
a 24 746 0 25 10
a 24 611 0 8 1
a 25 952 0 25 6
a 25 970 0 17 4
a 28 606 0 25 9
a 28 198 0 12 1
a 29 582 0 25 8
a 29 938 0 28 3
a 30 864 0 25 10
a 30 148 0 25 5
a 33 454 0 25 1
a 33 191 0 18 2
a 34 523 0 25 8
a 34 323 0 11 10
a 36 823 0 25 1
a 36 353 0 19 8
a 38 73 0 25 8
a 38 983 0 49 2
a 39 443 0 25 4
a 39 806 0 46 3
a 40 136 0 25 9
a 40 713 0 47 4
a 42 62 0 25 6
a 42 807 0 14 8
a 44 648 0 25 4
a 44 793 0 25 8
a 48 934 0 25 6
a 48 451 0 49 6
a 50 241 0 25 6
a 50 520 0 47 2
a 51 137 0 25 8
a 51 568 0 34 4
a 53 899 0 25 6
a 53 38 0 28 7
a 55 530 0 25 3
a 55 352 0 20 6
a 57 602 0 25 7
a 57 788 0 35 9
a 58 836 0 25 4
a 58 427 0 41 4
a 59 884 0 25 1
a 59 974 0 14 8
a 60 160 0 25 8
a 60 545 0 48 10
a 61 923 0 25 4
a 61 494 0 0 3
a 62 153 0 25 9
a 62 199 0 3 2
a 63 456 0 25 10
a 63 514 0 9 3
a 64 244 0 25 2
a 64 627 0 48 5
a 65 117 0 25 2
a 65 14 0 17 7
a 69 283 0 25 4
a 69 156 0 17 3
a 70 509 0 25 3
a 70 674 0 19 10
a 73 182 0 25 4
a 73 816 0 39 7
a 74 29 0 25 4
a 74 637 0 14 1
a 75 113 0 25 3
a 75 187 0 16 6
a 77 163 0 25 10
a 77 963 0 47 7
a 79 279 0 25 4
a 79 912 0 33 2
a 84 984 0 25 10
a 84 858 0 21 7
a 85 974 0 25 10
a 85 299 0 6 10
a 87 811 0 25 3
a 87 455 0 11 6
a 89 777 0 25 4
a 89 459 0 41 4
a 90 483 0 25 3
a 90 43 0 50 1
a 96 830 0 25 8
a 96 855 0 15 7
a 99 918 0 25 9
a 99 89 0 14 3
a 100 859 0 25 1
a 100 979 0 25 5
a 104 389 0 25 7
a 104 131 0 30 5
a 106 546 0 25 9
a 106 449 0 29 4
a 108 627 0 25 4
a 108 994 0 33 5
a 111 801 0 25 3
a 111 751 0 31 4
a 113 965 0 25 2
a 113 820 0 44 8
a 114 176 0 25 4
a 114 527 0 4 2
a 117 488 0 25 7
a 117 777 0 5 3
a 121 700 0 25 3
a 121 613 0 12 9
a 122 469 0 25 3
a 122 298 0 29 4
a 123 461 0 25 3
a 123 995 0 8 9
a 124 451 0 25 2
a 124 707 0 16 8
a 127 751 0 25 2
a 127 45 0 2 3
a 130 554 0 25 10
a 130 48 0 2 3
a 131 262 0 25 8
a 131 221 0 13 7
a 135 781 0 25 5
a 135 250 0 30 7
a 136 433 0 25 3
a 136 63 0 12 5
a 137 924 0 25 3
a 137 868 0 45 10
a 142 374 0 25 9
a 142 396 0 44 3
a 144 351 0 25 7
a 144 84 0 6 9
a 151 243 0 25 8
a 151 184 0 18 2
a 153 30 0 25 5
a 153 728 0 18 3
a 154 776 0 25 9
a 154 446 0 1 5
a 156 745 0 25 7
a 156 568 0 36 10
a 157 216 0 25 4
a 157 44 0 16 4
a 158 297 0 25 5
a 158 147 0 46 8
a 160 428 0 25 9
a 160 779 0 12 1
a 163 207 0 25 3
a 163 569 0 8 1
a 164 723 0 25 9
a 164 147 0 3 10
a 165 354 0 25 7
a 165 514 0 45 7
a 167 185 0 25 3
a 167 570 0 29 10
a 168 831 0 25 9
a 168 909 0 8 8
a 170 10 0 25 9
a 170 63 0 48 2
a 174 979 0 25 5
a 174 659 0 2 1
a 176 549 0 25 1
a 176 961 0 2 8
a 181 774 0 25 7
a 181 828 0 4 6
a 182 231 0 25 5
a 182 478 0 37 10
a 184 786 0 25 3
a 184 446 0 32 2
a 185 57 0 25 6
a 185 150 0 48 6
a 189 760 0 25 2
a 189 846 0 5 3
a 190 874 0 25 5
a 190 784 0 28 10
a 192 571 0 25 5
a 192 744 0 23 5
a 195 106 0 25 5
a 195 656 0 11 10
a 197 292 0 25 6
a 197 639 0 3 3
a 200 331 0 25 4
a 200 197 0 49 5
a 201 813 0 25 4
a 201 359 0 2 8
a 203 334 0 25 4
a 203 592 0 3 4
a 204 841 0 25 5
a 204 958 0 9 1
a 205 361 0 25 7
a 205 330 0 38 10
a 207 919 0 25 8
a 207 785 0 8 9
a 208 448 0 25 10
a 208 832 0 5 9
a 209 594 0 25 9
a 209 603 0 31 1
a 212 769 0 25 1
a 212 558 0 16 8
a 213 127 0 25 9
a 213 342 0 22 9
a 216 542 0 25 9
a 216 986 0 27 9
a 222 348 0 25 10
a 222 980 0 26 6
a 223 518 0 25 10
a 223 653 0 30 2
a 225 104 0 25 9
a 225 792 0 10 7
a 227 158 0 25 2
a 227 378 0 34 2
a 228 685 0 25 2
a 228 379 0 19 6
a 229 5 0 25 4
a 229 564 0 15 1
a 230 489 0 25 2
a 230 257 0 10 10
a 231 25 0 25 7
a 231 377 0 37 2
a 232 871 0 25 6
a 232 881 0 22 8
a 235 680 0 25 2
a 235 468 0 20 1
a 241 85 0 25 4
a 241 602 0 2 3
a 242 653 0 25 9
a 242 454 0 39 4
a 243 100 0 25 5
a 243 566 0 36 2
a 244 60 0 25 3
a 244 337 0 33 3
a 247 479 0 25 4
a 247 465 0 32 1
a 251 208 0 25 8
a 251 335 0 48 7
a 252 540 0 25 2
a 252 655 0 29 8
a 253 869 0 25 7
a 253 18 0 24 6
a 254 167 0 25 1
a 254 320 0 41 4
a 257 227 0 25 5
a 257 585 0 28 3
a 259 762 0 25 3
a 259 863 0 35 7
a 260 503 0 25 4
a 260 989 0 14 9
a 262 368 0 25 5
a 262 73 0 35 4
a 267 709 0 25 5
a 267 378 0 49 8
a 268 322 0 25 2
a 268 643 0 45 1
a 269 789 0 25 8
a 269 763 0 13 7
a 272 687 0 25 10
a 272 602 0 17 10
a 274 906 0 25 7
a 274 374 0 5 8
a 277 840 0 25 1
a 277 145 0 26 10
a 278 510 0 25 7
a 278 337 0 38 5
a 279 641 0 25 5
a 279 923 0 2 8
a 281 543 0 25 2
a 281 797 0 34 5
a 283 321 0 25 1
a 283 453 0 17 7
a 284 466 0 25 9
a 284 456 0 22 10
a 286 277 0 25 9
a 286 264 0 25 6
a 287 371 0 25 10
a 287 913 0 17 8
a 288 36 0 25 10
a 288 713 0 29 4
a 289 205 0 25 7
a 289 116 0 4 3
a 292 785 0 25 3
a 292 677 0 9 5
a 294 926 0 25 10
a 294 181 0 42 3
a 297 941 0 25 1
a 297 482 0 33 6
a 300 791 0 25 10
a 300 576 0 31 6
a 304 317 0 25 2
a 304 780 0 47 7
a 307 42 0 25 2
a 307 386 0 9 7
a 312 734 0 25 3
a 312 264 0 25 2
a 313 613 0 25 10
a 313 86 0 14 10
a 317 803 0 25 3
a 317 215 0 31 9
a 318 638 0 25 6
a 318 541 0 46 10
a 319 912 0 25 3
a 319 761 0 22 8
a 321 470 0 25 10
a 321 960 0 6 8
a 322 939 0 25 3
a 322 612 0 4 1
a 323 988 0 25 7
a 323 648 0 21 2
a 327 643 0 25 6
a 327 996 0 37 10
a 329 486 0 25 2
a 329 857 0 0 3
a 330 300 0 25 1
a 330 531 0 17 2
a 331 294 0 25 1
a 331 361 0 13 6
a 333 537 0 25 7
a 333 335 0 39 5
a 334 323 0 25 5
a 334 668 0 1 6
a 339 77 0 25 2
a 339 249 0 5 8
a 340 677 0 25 4
a 340 343 0 24 10
a 346 379 0 25 6
a 346 90 0 25 9
a 347 485 0 25 4
a 347 286 0 9 2
a 348 738 0 25 1
a 348 431 0 48 2
a 350 24 0 25 4
a 350 118 0 4 4
a 351 764 0 25 6
a 351 285 0 50 6
a 353 223 0 25 5
a 353 367 0 24 8
a 354 584 0 25 10
a 354 924 0 40 4
a 358 728 0 25 6
a 358 945 0 19 2
a 361 412 0 25 8
a 361 320 0 26 9
a 362 748 0 25 2
a 362 483 0 10 3
a 363 678 0 25 8
a 363 828 0 43 2
a 366 663 0 25 5
a 366 822 0 3 9
a 368 225 0 25 2
a 368 827 0 30 9
a 369 362 0 25 2
a 369 517 0 39 2
a 371 650 0 25 5
a 371 196 0 11 1
a 373 48 0 25 8
a 373 737 0 21 5
a 374 121 0 25 6
a 374 450 0 16 10
a 376 960 0 25 6
a 376 927 0 35 10
a 377 754 0 25 5
a 377 387 0 23 1
a 379 124 0 25 3
a 379 166 0 7 9
a 385 989 0 25 4
a 385 333 0 39 3
a 387 64 0 25 5
a 387 397 0 21 1
a 389 14 0 25 1
a 389 304 0 3 1
a 390 313 0 25 9
a 390 676 0 42 10
a 392 154 0 25 4
a 392 239 0 25 3
a 396 999 0 25 8
a 396 817 0 25 9
a 399 688 0 25 8
a 399 495 0 42 5
a 400 920 0 25 2
a 400 764 0 7 5
a 401 526 0 25 1
a 401 588 0 40 6
a 402 975 0 25 10
a 402 473 0 31 1
a 403 698 0 25 2
a 403 701 0 30 10
a 404 20 0 25 1
a 404 663 0 22 1
a 405 413 0 25 2
a 405 851 0 35 1
a 407 675 0 25 2
a 407 640 0 9 2
a 410 135 0 25 6
a 410 643 0 18 5
a 412 560 0 25 6
a 412 566 0 39 3
a 413 492 0 25 5
a 413 374 0 15 6
a 414 445 0 25 1
a 414 59 0 36 6
a 417 611 0 25 3
a 417 889 0 16 5
a 419 703 0 25 1
a 419 797 0 41 7
a 421 475 0 25 1
a 421 124 0 32 4
a 423 870 0 25 3
a 423 810 0 18 6
a 426 404 0 25 5
a 426 968 0 26 1
a 427 630 0 25 8
a 427 217 0 32 5
a 428 392 0 25 2
a 428 942 0 16 6
a 431 883 0 25 1
a 431 777 0 42 6
a 433 286 0 25 5
a 433 262 0 49 2
a 434 373 0 25 9
a 434 925 0 27 10
a 437 705 0 25 4
a 437 79 0 33 5
a 438 33 0 25 5
a 438 312 0 49 8
a 439 578 0 25 4
a 439 400 0 7 8
a 442 716 0 25 9
a 442 45 0 41 2
a 443 525 0 25 7
a 443 427 0 15 5
a 444 818 0 25 4
a 444 132 0 20 4
a 445 89 0 25 3
a 445 945 0 21 5
a 446 645 0 25 4
a 446 209 0 32 3
a 447 708 0 25 10
a 447 238 0 5 4
a 448 794 0 25 6
a 448 757 0 24 1
a 451 816 0 25 10
a 451 183 0 14 10
a 454 376 0 25 6
a 454 742 0 37 6
a 456 69 0 25 1
a 456 16 0 44 10
a 461 679 0 25 2
a 461 417 0 43 4
a 462 848 0 25 1
a 462 553 0 23 3
a 463 911 0 25 10
a 463 443 0 6 7
a 464 181 0 25 2
a 464 27 0 9 5
a 466 312 0 25 6
a 466 333 0 31 7
a 467 439 0 25 3
a 467 300 0 14 8
a 469 569 0 25 5
a 469 654 0 32 1
a 470 770 0 25 3
a 470 585 0 3 9
a 475 446 0 25 2
a 475 424 0 15 4
a 479 39 0 25 2
a 479 503 0 32 4
a 483 805 0 25 4
a 483 182 0 32 7
a 485 201 0 25 7
a 485 562 0 36 6
a 486 442 0 25 7
a 486 355 0 50 8
a 487 75 0 25 8
a 487 624 0 24 9
a 488 99 0 25 3
a 488 416 0 46 5
a 489 529 0 25 4
a 489 29 0 16 10
a 492 387 0 25 8
a 492 578 0 41 3
a 494 555 0 25 5
a 494 625 0 2 5
a 497 400 0 25 9
a 497 796 0 16 4
a 503 123 0 25 6
a 503 112 0 37 5
a 509 917 0 25 4
a 509 888 0 18 3
a 510 396 0 25 3
a 510 330 0 33 9
a 513 414 0 25 10
a 513 962 0 12 6
a 518 977 0 25 9
a 518 930 0 0 1
a 523 654 0 25 4
a 523 668 0 0 8
a 525 846 0 25 9
a 525 318 0 45 2
a 526 8 0 25 6
a 526 724 0 21 2
a 527 232 0 25 8
a 527 850 0 29 8
a 529 863 0 25 8
a 529 324 0 40 4
a 530 888 0 25 10
a 530 105 0 14 5
a 531 346 0 25 2
a 531 747 0 29 5
a 532 61 0 25 2
a 532 860 0 38 6
a 534 780 0 25 9
a 534 551 0 20 1
a 535 192 0 25 7
a 535 641 0 28 5
a 537 731 0 25 8
a 537 134 0 37 4
a 540 873 0 25 8
a 540 422 0 50 7
a 541 690 0 25 7
a 541 784 0 19 1
a 542 151 0 25 3
a 542 368 0 17 10
a 543 534 0 25 7
a 543 806 0 42 5
a 544 268 0 25 2
a 544 978 0 23 9
a 546 340 0 25 1
a 546 765 0 32 6
a 549 856 0 25 3
a 549 269 0 48 2
a 552 901 0 25 1
a 552 514 0 9 6
a 554 865 0 25 4
a 554 799 0 37 4
a 555 632 0 25 9
a 555 482 0 41 7
a 558 222 0 25 2
a 558 425 0 5 6
a 559 771 0 25 5
a 559 295 0 42 1
a 560 704 0 25 10
a 560 116 0 4 1
a 562 532 0 25 1
a 562 834 0 39 5
a 566 254 0 25 3
a 566 937 0 7 2
a 568 272 0 25 5
a 568 707 0 13 4
a 569 16 0 25 1
a 569 270 0 0 9
a 570 111 0 25 9
a 570 303 0 23 4
a 571 195 0 25 9
a 571 464 0 49 7
a 572 972 0 25 5
a 572 193 0 30 3
a 573 284 0 25 4
a 573 843 0 10 5
a 574 463 0 25 8
a 574 130 0 14 2
a 578 358 0 25 9
a 578 970 0 34 3
a 580 625 0 25 5
a 580 811 0 10 8
a 582 640 0 25 7
a 582 341 0 24 10
a 584 595 0 25 4
a 584 430 0 1 8
a 586 875 0 25 1
a 586 581 0 46 8
a 587 50 0 25 2
a 587 848 0 15 10
a 591 114 0 25 7
a 591 130 0 46 4
a 594 778 0 25 10
a 594 735 0 1 4
a 595 130 0 25 5
a 595 498 0 33 5
a 602 90 0 25 4
a 602 506 0 5 6
a 605 986 0 25 3
a 605 70 0 9 6
a 606 623 0 25 3
a 606 538 0 23 5
a 608 586 0 25 2
a 608 483 0 44 4
a 610 434 0 25 6
a 610 245 0 9 3
a 611 18 0 25 3
a 611 52 0 12 10
a 613 142 0 25 3
a 613 403 0 6 3
a 617 487 0 25 6
a 617 56 0 17 9
a 618 535 0 25 3
a 618 829 0 37 8
a 623 497 0 25 9
a 623 491 0 25 8
a 624 852 0 25 4
a 624 119 0 34 3
a 625 858 0 25 9
a 625 528 0 23 6
a 627 828 0 25 9
a 627 845 0 4 2
a 630 943 0 25 3
a 630 616 0 46 4
a 632 821 0 25 10
a 632 616 0 23 4
a 634 993 0 25 5
a 634 586 0 1 9
a 638 267 0 25 3
a 638 959 0 34 1
a 640 624 0 25 5
a 640 568 0 1 3
a 641 572 0 25 9
a 641 32 0 19 9
a 643 156 0 25 4
a 643 893 0 28 1
a 645 122 0 25 4
a 645 375 0 44 5
a 646 544 0 25 1
a 646 896 0 12 7
a 648 701 0 25 2
a 648 848 0 4 10
a 649 74 0 25 5
a 649 442 0 8 9
a 650 996 0 25 5
a 650 77 0 21 9
a 653 327 0 25 8
a 653 566 0 46 6
a 654 552 0 25 10
a 654 339 0 26 4
a 658 608 0 25 1
a 658 556 0 1 3
a 663 281 0 25 10
a 663 750 0 22 8
a 671 788 0 25 5
a 671 40 0 3 1
a 673 562 0 25 2
a 673 858 0 31 10
a 675 904 0 25 9
a 675 553 0 36 5
a 676 927 0 25 9
a 676 612 0 9 10
a 677 467 0 25 1
a 677 181 0 20 1
a 678 683 0 25 3
a 678 658 0 10 2
a 679 329 0 25 10
a 679 462 0 11 8
a 680 405 0 25 3
a 680 344 0 40 2
a 683 366 0 25 6
a 683 178 0 28 2
a 685 70 0 25 8
a 685 241 0 21 1
a 686 200 0 25 9
a 686 64 0 37 8
a 687 587 0 25 7
a 687 756 0 38 1
a 688 427 0 25 5
a 688 695 0 41 1
a 690 882 0 25 4
a 690 910 0 24 7
a 698 410 0 25 4
a 698 958 0 49 1
a 699 253 0 25 10
a 699 352 0 8 1
a 700 783 0 25 9
a 700 150 0 10 1
a 701 58 0 25 4
a 701 693 0 38 1
a 703 447 0 25 6
a 703 521 0 33 6
a 704 649 0 25 8
a 704 484 0 37 8
a 705 812 0 25 6
a 705 514 0 23 6
a 708 910 0 25 10
a 708 862 0 40 7
a 709 51 0 25 7
a 709 471 0 45 2
a 714 55 0 25 3
a 714 983 0 38 2
a 716 84 0 25 1
a 716 898 0 6 7
a 719 843 0 25 3
a 719 968 0 11 5
a 723 242 0 25 3
a 723 471 0 44 10
a 725 426 0 25 10
a 725 591 0 18 10
a 726 969 0 25 9
a 726 911 0 32 4
a 727 541 0 25 3
a 727 714 0 21 8
a 728 269 0 25 2
a 728 995 0 10 2
a 731 87 0 25 8
a 731 346 0 1 10
a 732 274 0 25 2
a 732 180 0 26 3
a 734 259 0 25 5
a 734 18 0 44 10
a 735 893 0 25 2
a 735 622 0 6 2
a 738 229 0 25 4
a 738 717 0 1 8
a 745 431 0 25 4
a 745 400 0 48 7
a 746 333 0 25 8
a 746 339 0 49 10
a 748 956 0 25 7
a 748 248 0 7 4
a 751 646 0 25 7
a 751 215 0 41 2
a 753 494 0 25 2
a 753 743 0 24 2
a 754 209 0 25 5
a 754 973 0 41 1
a 756 385 0 25 3
a 756 605 0 9 3
a 758 377 0 25 2
a 758 973 0 39 9
a 760 235 0 25 4
a 760 66 0 27 3
a 761 673 0 25 8
a 761 399 0 23 2
a 762 618 0 25 8
a 762 605 0 48 1
a 764 671 0 25 4
a 764 446 0 28 9
a 769 807 0 25 5
a 769 671 0 22 4
a 770 144 0 25 5
a 770 666 0 17 6
a 771 925 0 25 5
a 771 104 0 26 6
a 774 916 0 25 6
a 774 244 0 35 6
a 776 251 0 25 10
a 776 192 0 17 4
a 777 527 0 25 6
a 777 677 0 29 1
a 778 531 0 25 7
a 778 759 0 44 5
a 780 318 0 25 10
a 780 309 0 48 3
a 781 44 0 25 4
a 781 816 0 49 9
a 783 257 0 25 2
a 783 994 0 46 10
a 785 558 0 25 3
a 785 960 0 39 2
a 786 573 0 25 10
a 786 829 0 32 2
a 787 973 0 25 9
a 787 232 0 29 6
a 788 866 0 25 4
a 788 849 0 38 4
a 789 170 0 25 3
a 789 891 0 23 10
a 791 407 0 25 7
a 791 601 0 13 7
a 794 732 0 25 10
a 794 662 0 31 6
a 795 819 0 25 1
a 795 759 0 6 7
a 801 726 0 25 2
a 801 828 0 38 9
a 803 190 0 25 4
a 803 393 0 19 4
a 805 65 0 25 2
a 805 993 0 43 9
a 807 580 0 25 1
a 807 451 0 15 3
a 808 213 0 25 2
a 808 437 0 32 2
a 811 252 0 25 6
a 811 888 0 1 3
a 812 28 0 25 3
a 812 78 0 24 5
a 813 34 0 25 7
a 813 369 0 46 2
a 816 808 0 25 10
a 816 560 0 40 1
a 817 289 0 25 6
a 817 248 0 4 6
a 818 419 0 25 4
a 818 1000 0 14 7
a 819 63 0 25 3
a 819 654 0 30 1
a 821 795 0 25 3
a 821 523 0 21 1
a 822 686 0 25 1
a 822 938 0 27 1
a 823 164 0 25 8
a 823 345 0 28 5
a 828 462 0 25 6
a 828 10 0 8 6
a 830 350 0 25 3
a 830 602 0 39 10
a 831 570 0 25 7
a 831 339 0 29 5
a 836 96 0 25 8
a 836 133 0 42 3
a 840 353 0 25 8
a 840 204 0 6 7
a 841 936 0 25 3
a 841 587 0 36 6
a 843 997 0 25 6
a 843 448 0 12 2
a 846 307 0 25 3
a 846 750 0 14 7
a 848 849 0 25 8
a 848 19 0 2 2
a 849 617 0 25 8
a 849 794 0 32 5
a 850 861 0 25 6
a 850 5 0 28 6
a 851 982 0 25 10
a 851 172 0 32 8
a 852 676 0 25 4
a 852 763 0 46 5
a 853 787 0 25 1
a 853 883 0 38 4
a 856 559 0 25 3
a 856 132 0 35 8
a 858 877 0 25 1
a 858 169 0 49 5
a 859 230 0 25 1
a 859 428 0 46 3
a 861 959 0 25 9
a 861 363 0 43 8
a 863 929 0 25 7
a 863 824 0 24 9
a 864 174 0 25 4
a 864 349 0 30 2
a 865 53 0 25 2
a 865 537 0 9 8
a 866 287 0 25 10
a 866 413 0 33 10
a 869 197 0 25 3
a 869 40 0 16 3
a 870 79 0 25 4
a 870 227 0 40 4
a 871 879 0 25 8
a 871 166 0 31 7
a 873 758 0 25 10
a 873 509 0 34 7
a 874 876 0 25 7
a 874 665 0 30 4
a 875 930 0 25 1
a 875 53 0 33 6
a 876 131 0 25 9
a 876 862 0 2 2
a 877 59 0 25 4
a 877 73 0 12 5
a 879 369 0 25 3
a 879 91 0 38 3
a 880 421 0 25 7
a 880 631 0 49 9
a 882 165 0 25 1
a 882 193 0 23 2
a 883 963 0 25 9
a 883 299 0 11 7
a 884 853 0 25 7
a 884 987 0 35 3
a 888 4 0 25 8
a 888 989 0 15 7
a 893 513 0 25 8
a 893 671 0 29 8
a 897 247 0 25 2
a 897 329 0 27 6
a 899 203 0 25 8
a 899 539 0 42 3
a 900 967 0 25 5
a 900 770 0 26 8
a 901 699 0 25 3
a 901 706 0 5 1
a 904 212 0 25 10
a 904 34 0 42 3
a 906 260 0 25 4
a 906 108 0 25 1
a 910 610 0 25 9
a 910 963 0 38 10
a 911 417 0 25 10
a 911 643 0 0 9
a 912 347 0 25 8
a 912 303 0 39 7
a 915 3 0 25 10
a 915 163 0 4 4
a 916 108 0 25 10
a 916 835 0 32 10
a 917 204 0 25 2
a 917 362 0 12 4
a 918 402 0 25 6
a 918 632 0 37 2
a 919 591 0 25 10
a 919 73 0 28 10
a 920 304 0 25 3
a 920 229 0 45 5
a 923 184 0 25 9
a 923 588 0 10 7
a 924 278 0 25 7
a 924 204 0 16 2
a 925 946 0 25 3
a 925 156 0 50 4
a 926 288 0 25 9
a 926 747 0 25 10
a 927 915 0 25 5
a 927 711 0 6 2
a 929 900 0 25 5
a 929 841 0 6 6
a 930 634 0 25 1
a 930 337 0 0 3
a 934 897 0 25 8
a 934 868 0 15 4
a 936 189 0 25 5
a 936 255 0 38 9
a 937 390 0 25 9
a 937 648 0 13 10
a 938 937 0 25 2
a 938 552 0 39 10
a 939 319 0 25 10
a 939 964 0 17 2
a 941 727 0 25 8
a 941 949 0 40 4
a 943 822 0 25 2
a 943 36 0 27 5
a 946 568 0 25 5
a 946 163 0 33 6
a 952 339 0 25 6
a 952 911 0 23 8
a 956 761 0 25 5
a 956 947 0 30 10
a 959 753 0 25 1
a 959 599 0 18 6
a 960 735 0 25 7
a 960 516 0 29 3
a 961 719 0 25 7
a 961 10 0 3 5
a 963 401 0 25 7
a 963 23 0 3 5
a 965 399 0 25 8
a 965 805 0 48 1
a 967 38 0 25 6
a 967 749 0 23 3
a 968 157 0 25 1
a 968 856 0 24 10
a 969 19 0 25 5
a 969 907 0 36 6
a 972 851 0 25 8
a 972 57 0 46 9
a 973 994 0 25 1
a 973 237 0 48 10
a 974 566 0 25 6
a 974 486 0 4 5
a 975 880 0 25 2
a 975 993 0 34 3
a 977 363 0 25 2
a 977 433 0 16 9
a 979 574 0 25 5
a 979 751 0 14 2
a 982 938 0 25 3
a 982 315 0 28 2
a 984 437 0 25 8
a 984 948 0 11 5
a 986 403 0 25 1
a 986 445 0 43 8
a 988 444 0 25 5
a 988 654 0 33 8
a 989 714 0 25 6
a 989 775 0 1 9
a 990 725 0 25 7
a 990 402 0 1 8
a 991 464 0 25 10
a 991 468 0 30 7
a 993 968 0 25 7
a 993 360 0 31 8
a 994 168 0 25 5
a 994 772 0 21 7
a 996 991 0 25 5
a 996 708 0 50 7
a 997 40 0 25 8
a 997 685 0 8 6
