c PyNETGEN v1.0.0
c $ pip install pynetgen
c
c  NETGEN flow network generation algorithm
c  Problem input parameters
c  -------------------------------------
c   Random seed:          5
c   Number of nodes:      1000
c   Source nodes:         2
c   Sink nodes:           2
c   Number of arcs:       2000
c   Minimum arc cost:     1
c   Maximum arc cost:     10
c   Total supply:         50
c   Transshipment -
c     Sources:            0
c     Sinks:              0
c   Skeleton arcs -
c     With max cost:      0
c     Capacitated:        100
c   Minimum arc capacity: 0
c   Maximum arc capacity: 50
c
c  *** Minimum cost flow ***
c
p min 1000 2000
n 1 11
n 2 39
n 999 -35
n 1000 -15
a 1 276 0 11 8
a 1 744 0 36 1
a 3 320 0 11 1
a 3 18 0 16 5
a 4 289 0 11 4
a 4 16 0 44 2
a 4 931 0 0 3
a 5 94 0 11 1
a 5 736 0 45 7
a 5 307 0 30 1
a 6 342 0 11 8
a 6 962 0 35 8
a 6 325 0 33 10
a 7 879 0 11 7
a 7 564 0 48 9
a 8 246 0 11 3
a 8 268 0 5 10
a 9 528 0 11 2
a 9 298 0 28 9
a 10 918 0 11 5
a 10 917 0 25 2
a 10 300 0 34 7
a 13 132 0 11 7
a 13 177 0 34 4
a 16 592 0 11 4
a 16 718 0 14 1
a 18 890 0 11 9
a 18 580 0 18 1
a 20 860 0 11 4
a 20 336 0 26 6
a 22 688 0 11 5
a 22 115 0 35 9
a 23 127 0 11 3
a 23 365 0 32 3
a 25 325 0 11 9
a 25 510 0 27 5
a 26 260 0 11 7
a 26 658 0 32 3
a 28 923 0 11 8
a 28 406 0 30 3
a 29 272 0 11 3
a 29 980 0 3 9
a 30 668 0 11 9
a 30 602 0 31 10
a 31 947 0 11 6
a 31 189 0 41 2
a 33 65 0 11 8
a 33 893 0 21 4
a 36 158 0 11 5
a 36 235 0 29 7
a 38 803 0 11 8
a 38 239 0 33 2
a 39 68 0 11 6
a 39 34 0 30 5
a 41 397 0 11 7
a 41 551 0 49 5
a 45 781 0 11 9
a 45 709 0 34 8
a 49 431 0 11 6
a 49 561 0 39 5
a 50 502 0 11 7
a 50 231 0 12 4
a 54 466 0 11 3
a 54 849 0 34 9
a 58 448 0 11 7
a 58 432 0 30 8
a 60 170 0 11 2
a 60 412 0 21 9
a 62 82 0 11 6
a 62 296 0 11 8
a 63 301 0 11 3
a 63 405 0 14 1
a 65 783 0 11 10
a 65 212 0 6 9
a 67 706 0 11 8
a 67 749 0 11 9
a 68 362 0 11 5
a 68 60 0 29 7
a 69 387 0 11 8
a 69 454 0 34 8
a 70 380 0 11 2
a 70 635 0 14 4
a 71 204 0 11 9
a 71 729 0 43 9
a 72 231 0 11 8
a 72 767 0 18 6
a 73 773 0 11 5
a 73 316 0 11 9
a 76 249 0 11 9
a 76 575 0 41 3
a 78 419 0 11 10
a 78 219 0 20 9
a 79 491 0 11 3
a 79 743 0 21 9
a 81 205 0 11 8
a 81 666 0 22 5
a 82 934 0 11 10
a 82 689 0 21 4
a 84 757 0 11 6
a 84 508 0 23 9
a 86 339 0 11 4
a 86 765 0 15 4
a 90 687 0 11 2
a 90 684 0 11 8
a 94 673 0 11 8
a 94 918 0 40 10
a 95 922 0 11 7
a 95 32 0 21 4
a 96 495 0 11 1
a 96 511 0 20 8
a 97 959 0 11 2
a 97 798 0 18 3
a 99 853 0 11 6
a 99 392 0 43 3
a 102 373 0 11 8
a 102 537 0 5 4
a 104 332 0 11 4
a 104 89 0 41 7
a 110 485 0 11 2
a 110 726 0 46 3
a 114 543 0 11 5
a 114 911 0 10 4
a 115 630 0 11 4
a 115 881 0 28 1
a 118 18 0 11 9
a 118 413 0 3 10
a 120 627 0 11 6
a 120 1000 0 11 4
a 121 733 0 11 5
a 121 466 0 38 2
a 127 898 0 11 6
a 127 984 0 8 7
a 130 357 0 11 4
a 130 637 0 36 6
a 131 732 0 11 6
a 131 463 0 40 8
a 132 605 0 11 8
a 132 363 0 49 6
a 133 264 0 11 4
a 133 758 0 21 9
a 143 328 0 11 2
a 143 776 0 42 7
a 144 992 0 11 5
a 144 459 0 3 6
a 146 118 0 11 1
a 146 817 0 42 9
a 147 458 0 11 10
a 147 270 0 6 9
a 150 110 0 11 5
a 150 81 0 40 4
a 152 995 0 11 10
a 152 873 0 21 7
a 153 518 0 11 3
a 153 929 0 15 1
a 156 686 0 11 8
a 156 946 0 37 10
a 157 407 0 11 7
a 157 946 0 47 10
a 158 653 0 11 2
a 158 279 0 40 7
a 160 633 0 11 10
a 160 686 0 8 3
a 162 238 0 11 9
a 162 987 0 15 2
a 166 444 0 11 4
a 166 78 0 5 5
a 168 449 0 11 2
a 168 563 0 23 2
a 170 655 0 11 5
a 170 816 0 31 10
a 177 273 0 11 3
a 177 774 0 5 9
a 178 945 0 11 8
a 178 995 0 34 4
a 180 329 0 11 8
a 180 534 0 24 2
a 181 581 0 11 2
a 181 800 0 38 3
a 184 723 0 11 3
a 184 467 0 16 10
a 185 594 0 11 10
a 185 626 0 23 4
a 186 405 0 11 5
a 186 35 0 38 1
a 187 388 0 11 1
a 187 442 0 3 5
a 189 942 0 11 6
a 189 198 0 23 10
a 190 427 0 11 3
a 190 782 0 44 4
a 192 45 0 11 8
a 192 463 0 49 6
a 195 960 0 11 10
a 195 499 0 25 9
a 198 457 0 11 9
a 198 895 0 9 5
a 199 602 0 11 4
a 199 914 0 40 6
a 200 787 0 11 3
a 200 690 0 4 8
a 202 782 0 11 9
a 202 917 0 12 2
a 203 33 0 11 10
a 203 906 0 16 9
a 204 39 0 11 1
a 204 331 0 7 2
a 205 337 0 11 3
a 205 293 0 13 10
a 206 806 0 11 7
a 206 430 0 3 4
a 207 432 0 11 10
a 207 866 0 33 2
a 208 841 0 11 1
a 208 840 0 24 6
a 210 909 0 11 7
a 210 161 0 35 6
a 211 398 0 11 8
a 211 244 0 15 1
a 218 953 0 11 2
a 218 948 0 26 2
a 220 537 0 11 2
a 220 206 0 31 3
a 223 748 0 11 10
a 223 776 0 11 5
a 224 632 0 11 9
a 224 36 0 44 6
a 226 788 0 11 10
a 226 881 0 12 6
a 227 184 0 11 5
a 227 663 0 18 7
a 228 331 0 11 2
a 228 609 0 38 9
a 229 317 0 11 9
a 229 269 0 22 10
a 230 374 0 11 8
a 230 400 0 38 2
a 231 482 0 11 2
a 231 386 0 2 1
a 234 390 0 11 10
a 234 983 0 34 6
a 235 415 0 11 10
a 235 210 0 22 4
a 238 865 0 11 2
a 238 54 0 19 8
a 240 523 0 11 2
a 240 460 0 44 10
a 242 970 0 11 5
a 242 542 0 49 10
a 244 316 0 11 5
a 244 922 0 45 6
a 246 513 0 11 4
a 246 129 0 18 2
a 249 10 0 11 4
a 249 85 0 23 8
a 250 420 0 11 4
a 250 821 0 42 5
a 252 318 0 11 1
a 252 536 0 32 8
a 254 199 0 11 7
a 254 84 0 43 10
a 259 60 0 11 8
a 259 81 0 27 8
a 260 293 0 11 2
a 260 838 0 41 9
a 261 190 0 11 3
a 261 646 0 25 10
a 263 352 0 11 1
a 263 108 0 16 6
a 264 691 0 11 9
a 264 993 0 10 10
a 265 269 0 11 2
a 265 731 0 6 5
a 267 78 0 11 3
a 267 970 0 1 6
a 268 789 0 11 3
a 268 422 0 28 10
a 269 351 0 11 5
a 269 15 0 17 8
a 272 541 0 11 5
a 272 798 0 15 2
a 273 927 0 11 4
a 273 248 0 27 8
a 276 938 0 11 5
a 276 578 0 18 8
a 280 26 0 11 5
a 280 855 0 38 2
a 282 207 0 11 6
a 282 394 0 11 1
a 285 484 0 11 6
a 285 385 0 8 4
a 286 895 0 11 2
a 286 893 0 49 2
a 289 268 0 11 5
a 289 170 0 1 1
a 290 593 0 11 5
a 290 592 0 43 5
a 293 403 0 11 4
a 293 589 0 46 10
a 295 997 0 11 4
a 295 79 0 14 6
a 297 571 0 11 3
a 297 375 0 5 5
a 298 286 0 11 2
a 298 704 0 11 1
a 300 483 0 11 2
a 300 203 0 6 3
a 301 73 0 11 7
a 301 432 0 13 5
a 303 494 0 11 9
a 303 765 0 4 8
a 305 526 0 11 2
a 305 785 0 37 1
a 309 988 0 11 10
a 309 895 0 35 8
a 313 424 0 11 1
a 313 851 0 36 10
a 315 843 0 11 8
a 315 40 0 32 7
a 316 13 0 11 4
a 316 426 0 37 3
a 317 20 0 11 9
a 317 169 0 29 6
a 318 939 0 11 4
a 318 52 0 22 8
a 319 25 0 11 2
a 319 964 0 18 6
a 320 563 0 11 8
a 320 957 0 4 2
a 323 839 0 11 8
a 323 401 0 13 2
a 325 671 0 11 6
a 325 16 0 36 6
a 326 662 0 11 8
a 326 730 0 18 6
a 328 941 0 11 4
a 328 484 0 2 4
a 329 355 0 11 9
a 329 615 0 22 9
a 330 986 0 11 6
a 330 37 0 39 2
a 331 548 0 11 4
a 331 150 0 36 7
a 332 533 0 11 8
a 332 794 0 26 1
a 334 472 0 11 10
a 334 478 0 43 6
a 335 629 0 11 9
a 335 68 0 36 1
a 336 718 0 11 1
a 336 972 0 20 10
a 337 634 0 11 7
a 337 464 0 47 1
a 338 147 0 11 10
a 338 373 0 34 6
a 339 617 0 11 6
a 339 746 0 45 4
a 341 712 0 11 4
a 341 746 0 35 5
a 342 925 0 11 7
a 342 760 0 29 9
a 343 736 0 11 4
a 343 209 0 36 1
a 345 848 0 11 8
a 345 800 0 30 9
a 349 897 0 11 6
a 349 114 0 41 3
a 350 423 0 11 1
a 350 552 0 36 3
a 351 999 0 11 1
a 351 227 0 18 8
a 352 615 0 11 2
a 352 4 0 34 1
a 354 54 0 11 8
a 354 63 0 9 10
a 355 914 0 11 6
a 355 359 0 5 2
a 357 614 0 11 4
a 357 881 0 5 5
a 359 341 0 11 2
a 359 644 0 26 2
a 360 41 0 11 10
a 360 965 0 28 2
a 361 143 0 11 8
a 361 212 0 16 6
a 362 674 0 11 8
a 362 994 0 30 5
a 366 819 0 11 3
a 366 730 0 13 10
a 373 717 0 11 9
a 373 946 0 19 1
a 374 343 0 11 6
a 374 963 0 35 6
a 375 305 0 11 4
a 375 328 0 31 3
a 380 678 0 11 5
a 380 925 0 45 2
a 384 859 0 11 10
a 384 770 0 43 10
a 387 885 0 11 6
a 387 373 0 44 8
a 388 76 0 11 1
a 388 809 0 22 9
a 389 67 0 11 3
a 389 377 0 15 1
a 390 882 0 11 4
a 390 356 0 46 7
a 392 186 0 11 5
a 392 125 0 6 8
a 397 146 0 11 3
a 397 139 0 5 3
a 398 810 0 11 5
a 398 678 0 48 4
a 401 133 0 11 7
a 401 725 0 13 10
a 403 866 0 11 6
a 403 702 0 0 2
a 405 658 0 11 1
a 405 323 0 38 2
a 407 259 0 11 7
a 407 994 0 34 3
a 413 558 0 11 9
a 413 651 0 42 1
a 415 263 0 11 3
a 415 66 0 2 8
a 417 891 0 11 10
a 417 660 0 5 1
a 419 38 0 11 9
a 419 766 0 24 9
a 420 758 0 11 4
a 420 320 0 30 7
a 422 625 0 11 10
a 422 585 0 31 8
a 423 334 0 11 6
a 423 44 0 9 7
a 424 521 0 11 9
a 424 205 0 37 5
a 427 588 0 11 6
a 427 50 0 35 10
a 428 422 0 11 7
a 428 394 0 28 9
a 431 747 0 11 2
a 431 327 0 46 4
a 432 330 0 11 3
a 432 950 0 10 9
a 433 211 0 11 4
a 433 727 0 49 9
a 435 965 0 11 8
a 435 895 0 21 7
a 437 994 0 11 2
a 437 239 0 26 8
a 439 86 0 11 6
a 439 700 0 24 8
a 442 741 0 11 7
a 442 844 0 25 6
a 444 963 0 11 6
a 444 453 0 36 9
a 448 570 0 11 6
a 448 25 0 1 9
a 449 208 0 11 1
a 449 797 0 19 10
a 454 584 0 11 10
a 454 331 0 17 2
a 457 16 0 11 2
a 457 852 0 25 10
a 458 336 0 11 7
a 458 468 0 33 5
a 460 847 0 11 8
a 460 226 0 42 6
a 461 968 0 11 9
a 461 184 0 47 7
a 462 555 0 11 3
a 462 997 0 16 10
a 463 575 0 11 9
a 463 675 0 31 7
a 464 160 0 11 1
a 464 297 0 28 5
a 465 463 0 11 7
a 465 682 0 35 3
a 466 955 0 11 6
a 466 738 0 35 9
a 469 509 0 11 10
a 469 253 0 5 3
a 470 540 0 11 10
a 470 265 0 25 6
a 471 796 0 11 3
a 471 251 0 44 6
a 472 23 0 11 1
a 472 168 0 9 4
a 475 465 0 11 8
a 475 151 0 35 5
a 477 102 0 11 2
a 477 203 0 28 8
a 482 180 0 11 9
a 482 711 0 19 7
a 483 721 0 11 5
a 483 183 0 28 7
a 484 642 0 11 4
a 484 923 0 37 3
a 485 471 0 11 5
a 485 606 0 49 4
a 488 887 0 11 6
a 488 335 0 40 9
a 489 166 0 11 10
a 489 561 0 41 7
a 491 587 0 11 8
a 491 660 0 39 3
a 492 437 0 11 1
a 492 41 0 4 7
a 494 200 0 11 1
a 494 669 0 2 6
a 495 665 0 11 2
a 495 765 0 40 7
a 498 679 0 11 8
a 498 270 0 42 1
a 500 7 0 11 4
a 500 610 0 14 2
a 501 818 0 11 9
a 501 362 0 5 6
a 502 428 0 11 6
a 502 687 0 6 9
a 503 469 0 11 5
a 503 459 0 23 9
a 508 189 0 11 6
a 508 610 0 9 7
a 509 822 0 11 3
a 509 626 0 39 9
a 511 920 0 11 5
a 511 542 0 4 9
a 513 589 0 11 8
a 513 412 0 28 5
a 515 63 0 11 4
a 515 505 0 35 10
a 517 697 0 11 3
a 517 682 0 8 2
a 518 265 0 11 7
a 518 578 0 24 8
a 519 226 0 11 5
a 519 20 0 16 4
a 520 350 0 11 9
a 520 885 0 3 8
a 521 635 0 11 1
a 521 121 0 20 3
a 522 228 0 11 4
a 522 253 0 20 4
a 523 282 0 11 4
a 523 561 0 25 7
a 524 798 0 11 5
a 524 292 0 14 5
a 526 675 0 11 3
a 526 63 0 50 1
a 528 70 0 11 1
a 528 513 0 49 4
a 533 552 0 11 4
a 533 385 0 32 3
a 537 906 0 11 8
a 537 313 0 35 6
a 540 753 0 11 9
a 540 42 0 18 5
a 541 227 0 11 7
a 541 40 0 32 8
a 543 178 0 11 7
a 543 531 0 49 8
a 545 401 0 11 8
a 545 669 0 49 6
a 546 309 0 11 5
a 546 269 0 0 9
a 547 220 0 11 1
a 547 361 0 39 3
a 548 742 0 11 4
a 548 54 0 20 3
a 549 946 0 11 8
a 549 861 0 40 2
a 550 937 0 11 8
a 550 580 0 32 1
a 552 928 0 11 2
a 552 731 0 24 2
a 555 115 0 11 4
a 555 254 0 29 3
a 558 550 0 11 2
a 558 875 0 38 2
a 563 871 0 11 9
a 563 710 0 21 3
a 567 511 0 11 5
a 567 196 0 37 6
a 570 503 0 11 9
a 570 749 0 18 4
a 571 254 0 11 10
a 571 226 0 50 2
a 573 825 0 11 10
a 573 8 0 11 5
a 575 583 0 11 9
a 575 173 0 43 9
a 577 392 0 11 6
a 577 91 0 41 9
a 581 315 0 11 5
a 581 908 0 9 4
a 582 433 0 11 2
a 582 664 0 16 8
a 583 464 0 11 9
a 583 126 0 21 8
a 584 375 0 11 10
a 584 836 0 47 6
a 585 187 0 11 3
a 585 942 0 32 3
a 587 855 0 11 7
a 587 70 0 4 3
a 588 290 0 11 6
a 588 978 0 30 1
a 589 875 0 11 6
a 589 620 0 35 5
a 590 726 0 11 4
a 590 920 0 18 6
a 592 470 0 11 7
a 592 910 0 26 2
a 593 96 0 11 1
a 593 684 0 48 9
a 594 649 0 11 8
a 594 602 0 36 9
a 598 870 0 11 2
a 598 516 0 30 2
a 599 769 0 11 2
a 599 815 0 37 10
a 600 739 0 11 2
a 600 173 0 16 9
a 602 361 0 11 5
a 602 238 0 30 7
a 603 9 0 11 3
a 603 453 0 4 2
a 604 881 0 11 7
a 604 492 0 7 4
a 605 120 0 11 5
a 605 844 0 24 5
a 607 659 0 11 3
a 607 388 0 8 3
a 614 58 0 11 6
a 614 631 0 48 5
a 615 181 0 11 4
a 615 55 0 24 2
a 616 682 0 11 7
a 616 271 0 35 1
a 617 631 0 11 7
a 617 621 0 25 8
a 622 993 0 11 8
a 622 812 0 38 1
a 625 607 0 11 4
a 625 860 0 30 3
a 626 948 0 11 9
a 626 404 0 5 4
a 627 229 0 11 9
a 627 895 0 21 1
a 628 250 0 11 4
a 628 356 0 46 9
a 629 693 0 11 3
a 629 697 0 21 1
a 630 599 0 11 2
a 630 324 0 3 10
a 631 234 0 11 4
a 631 616 0 2 6
a 632 585 0 11 7
a 632 360 0 6 4
a 633 224 0 11 5
a 633 353 0 3 2
a 634 150 0 11 9
a 634 259 0 37 4
a 635 807 0 11 4
a 635 214 0 27 4
a 642 771 0 11 4
a 642 237 0 1 6
a 649 156 0 11 8
a 649 593 0 1 6
a 650 297 0 11 4
a 650 519 0 1 10
a 653 153 0 11 9
a 653 828 0 1 5
a 655 954 0 11 6
a 655 912 0 45 5
a 656 69 0 11 10
a 656 84 0 6 4
a 658 130 0 11 2
a 658 292 0 7 8
a 659 710 0 11 5
a 659 366 0 21 7
a 660 97 0 11 2
a 660 990 0 0 4
a 662 598 0 11 1
a 662 831 0 39 3
a 663 861 0 11 10
a 663 197 0 38 8
a 665 852 0 11 4
a 665 572 0 30 9
a 667 71 0 11 1
a 667 547 0 20 5
a 668 821 0 11 9
a 668 627 0 48 9
a 671 477 0 11 8
a 671 576 0 41 2
a 672 763 0 11 2
a 672 420 0 33 8
a 673 303 0 11 5
a 673 79 0 28 6
a 674 114 0 11 3
a 674 131 0 35 3
a 675 50 0 11 6
a 675 452 0 16 5
a 677 261 0 11 1
a 677 488 0 30 3
a 678 439 0 11 3
a 678 527 0 19 8
a 679 756 0 11 3
a 679 636 0 37 8
a 681 489 0 11 10
a 681 515 0 47 3
a 682 389 0 11 2
a 682 880 0 10 2
a 686 280 0 11 9
a 686 856 0 1 7
a 687 696 0 11 5
a 687 569 0 42 4
a 688 354 0 11 6
a 688 546 0 13 10
a 691 501 0 11 10
a 691 121 0 29 10
a 693 524 0 11 3
a 693 704 0 17 9
a 696 492 0 11 6
a 696 103 0 31 10
a 697 622 0 11 10
a 697 946 0 26 2
a 698 931 0 11 1
a 698 114 0 37 3
a 699 785 0 11 6
a 699 280 0 4 1
a 706 295 0 11 2
a 706 606 0 1 10
a 710 22 0 11 9
a 710 61 0 48 4
a 712 699 0 11 9
a 712 112 0 23 4
a 713 681 0 11 3
a 713 525 0 47 6
a 714 49 0 11 3
a 714 359 0 48 8
a 717 84 0 11 9
a 717 505 0 16 8
a 718 762 0 11 8
a 718 658 0 22 2
a 720 667 0 11 8
a 720 827 0 22 9
a 721 252 0 11 4
a 721 22 0 38 10
a 723 724 0 11 1
a 723 410 0 29 3
a 724 720 0 11 6
a 724 212 0 38 2
a 726 812 0 11 1
a 726 564 0 26 9
a 727 677 0 11 6
a 727 764 0 35 3
a 729 335 0 11 3
a 729 191 0 39 10
a 732 79 0 11 7
a 732 78 0 16 2
a 733 727 0 11 5
a 733 515 0 8 8
a 736 831 0 11 10
a 736 334 0 41 1
a 738 152 0 11 3
a 738 375 0 2 6
a 739 162 0 11 3
a 739 815 0 12 2
a 740 360 0 11 6
a 740 476 0 28 8
a 741 192 0 11 10
a 741 502 0 42 3
a 742 549 0 11 8
a 742 392 0 16 3
a 745 522 0 11 4
a 745 312 0 4 3
a 747 223 0 11 3
a 747 686 0 31 8
a 748 345 0 11 7
a 748 584 0 35 8
a 752 177 0 11 9
a 752 588 0 30 7
a 753 285 0 11 2
a 753 133 0 21 10
a 756 488 0 11 5
a 756 519 0 42 10
a 757 462 0 11 4
a 757 403 0 7 2
a 758 604 0 11 7
a 758 573 0 26 4
a 760 62 0 11 1
a 760 154 0 24 4
a 762 740 0 11 6
a 762 631 0 44 3
a 763 752 0 11 2
a 763 672 0 26 4
a 765 185 0 11 1
a 765 383 0 36 10
a 769 616 0 11 7
a 769 754 0 31 3
a 771 461 0 11 7
a 771 270 0 50 7
a 773 435 0 11 6
a 773 756 0 15 9
a 781 951 0 11 5
a 781 136 0 6 6
a 782 520 0 11 9
a 782 938 0 26 10
a 783 104 0 11 4
a 783 694 0 43 5
a 785 883 0 11 9
a 785 161 0 4 3
a 787 168 0 11 3
a 787 256 0 11 6
a 788 517 0 11 5
a 788 175 0 28 6
a 789 242 0 11 6
a 789 198 0 33 7
a 796 4 0 11 4
a 796 297 0 15 10
a 798 230 0 11 1
a 798 291 0 39 5
a 801 978 0 11 6
a 801 584 0 0 7
a 802 582 0 11 2
a 802 401 0 44 4
a 803 500 0 11 5
a 803 255 0 26 7
a 805 131 0 11 7
a 805 760 0 22 7
a 806 900 0 11 7
a 806 134 0 10 2
a 807 981 0 11 3
a 807 105 0 42 2
a 810 877 0 11 3
a 810 265 0 3 4
a 812 972 0 11 10
a 812 811 0 3 7
a 818 267 0 11 8
a 818 417 0 25 9
a 819 300 0 11 7
a 819 638 0 16 10
a 821 313 0 11 6
a 821 204 0 32 2
a 822 3 0 11 3
a 822 685 0 24 10
a 823 765 0 11 2
a 823 18 0 8 10
a 825 886 0 11 10
a 825 73 0 17 6
a 826 738 0 11 4
a 826 606 0 36 3
a 831 698 0 11 5
a 831 64 0 45 2
a 839 729 0 11 2
a 839 208 0 20 9
a 841 36 0 11 5
a 841 60 0 47 1
a 843 202 0 11 6
a 843 833 0 7 4
a 847 600 0 11 10
a 847 208 0 8 3
a 848 908 0 11 6
a 848 526 0 42 4
a 849 384 0 11 9
a 849 478 0 0 8
a 852 760 0 11 2
a 852 436 0 26 1
a 853 81 0 11 2
a 853 9 0 46 10
a 855 6 0 11 8
a 855 471 0 5 10
a 858 30 0 11 4
a 858 312 0 34 9
a 859 519 0 11 4
a 859 910 0 33 8
a 860 359 0 11 10
a 860 363 0 10 4
a 861 628 0 11 8
a 861 651 0 45 9
a 865 5 0 11 5
a 865 381 0 2 4
a 866 28 0 11 3
a 866 834 0 6 9
a 868 121 0 11 6
a 868 682 0 2 5
a 870 933 0 11 3
a 870 255 0 27 4
a 871 626 0 11 9
a 871 237 0 27 8
a 875 590 0 11 6
a 875 974 0 42 3
a 877 326 0 11 1
a 877 148 0 2 9
a 879 338 0 11 8
a 879 538 0 3 2
a 881 210 0 11 1
a 881 23 0 34 9
a 882 672 0 11 4
a 882 890 0 22 5
a 883 823 0 11 9
a 883 727 0 9 1
a 885 417 0 11 5
a 885 365 0 16 5
a 886 31 0 11 1
a 886 292 0 17 7
a 887 442 0 11 8
a 887 935 0 41 1
a 889 244 0 11 6
a 889 345 0 14 1
a 890 975 0 11 5
a 890 959 0 32 4
a 891 984 0 11 2
a 891 84 0 47 3
a 893 801 0 11 2
a 893 273 0 49 10
a 895 90 0 11 7
a 895 916 0 25 7
a 896 72 0 11 2
a 896 266 0 49 10
a 897 366 0 11 2
a 897 971 0 4 4
a 898 413 0 11 8
a 898 266 0 37 2
a 900 983 0 11 10
a 900 513 0 32 9
a 906 910 0 11 9
a 906 263 0 18 8
a 908 460 0 11 10
a 908 374 0 14 8
a 909 515 0 11 1
a 909 725 0 30 6
a 910 660 0 11 2
a 910 282 0 25 3
a 913 240 0 11 6
a 913 48 0 50 4
a 914 913 0 11 2
a 914 14 0 50 6
a 918 577 0 11 7
a 918 384 0 12 6
a 920 95 0 11 4
a 920 930 0 49 10
a 922 8 0 11 1
a 922 516 0 27 8
a 923 546 0 11 4
a 923 370 0 37 7
a 925 603 0 11 10
a 925 173 0 41 1
a 927 889 0 11 7
a 927 172 0 35 5
a 928 714 0 11 7
a 928 175 0 45 10
a 930 454 0 11 10
a 930 615 0 11 6
a 931 987 0 11 5
a 931 729 0 4 3
a 933 319 0 11 7
a 933 373 0 33 5
a 934 195 0 11 3
a 934 71 0 13 10
a 937 930 0 11 4
a 937 117 0 38 8
a 938 298 0 11 5
a 938 917 0 21 7
a 939 235 0 11 3
a 939 702 0 14 5
a 941 713 0 11 6
a 941 131 0 46 1
a 942 893 0 11 2
a 942 179 0 29 3
a 945 802 0 11 3
a 945 767 0 35 7
a 946 323 0 11 5
a 946 815 0 8 3
a 947 218 0 11 2
a 947 266 0 9 3
a 948 567 0 11 1
a 948 920 0 40 4
a 949 547 0 11 6
a 949 288 0 30 7
a 951 29 0 11 7
a 951 67 0 12 7
a 953 868 0 11 10
a 953 391 0 15 1
a 954 99 0 11 8
a 954 533 0 30 4
a 955 849 0 11 7
a 955 851 0 23 3
a 959 858 0 11 3
a 959 529 0 23 4
a 960 198 0 11 5
a 960 492 0 13 4
a 963 573 0 11 5
a 963 71 0 42 7
a 965 745 0 11 2
a 965 933 0 25 10
a 968 206 0 11 4
a 968 48 0 9 2
a 970 349 0 11 1
a 970 633 0 3 9
a 972 663 0 11 4
a 972 595 0 13 1
a 975 144 0 11 9
a 975 950 0 41 5
a 977 826 0 11 7
a 977 639 0 45 1
a 978 498 0 11 6
a 978 573 0 45 5
a 981 203 0 11 10
a 981 804 0 4 10
a 983 996 0 11 5
a 983 616 0 19 8
a 984 805 0 11 2
a 984 192 0 37 3
a 986 650 0 11 8
a 986 832 0 14 4
a 987 949 0 11 6
a 987 597 0 19 6
a 988 545 0 11 5
a 988 216 0 5 6
a 992 157 0 11 8
a 992 567 0 17 2
a 993 896 0 11 1
a 993 663 0 9 10
a 994 977 0 11 6
a 994 53 0 9 3
a 995 656 0 11 2
a 995 253 0 50 7
a 996 508 0 11 7
a 996 387 0 3 5
a 997 475 0 11 8
a 997 301 0 24 8
a 2 103 0 39 4
a 2 949 0 46 3
a 11 215 0 39 8
a 11 20 0 45 7
a 12 884 0 39 5
a 12 366 0 19 6
a 14 306 0 39 4
a 14 681 0 25 7
a 15 253 0 39 10
a 15 72 0 27 10
a 17 532 0 39 2
a 17 473 0 21 7
a 19 124 0 39 8
a 19 265 0 7 3
a 21 512 0 39 7
a 21 851 0 41 1
a 24 126 0 39 9
a 24 149 0 16 4
a 27 140 0 39 2
a 27 418 0 8 1
a 32 151 0 39 8
a 32 699 0 12 9
a 34 43 0 39 8
a 34 797 0 43 6
a 35 751 0 39 9
a 35 912 0 36 3
a 37 281 0 39 7
a 37 728 0 25 10
a 40 637 0 39 3
a 40 117 0 18 8
a 42 779 0 39 5
a 42 7 0 7 4
a 43 255 0 39 5
a 43 111 0 27 5
a 44 312 0 39 9
a 44 627 0 24 8
a 46 450 0 39 2
a 46 346 0 37 6
a 47 611 0 39 3
a 47 371 0 29 1
a 48 676 0 39 4
a 48 725 0 4 8
a 51 705 0 39 3
a 51 692 0 40 10
a 52 307 0 39 2
a 52 513 0 26 4
a 53 369 0 39 9
a 53 751 0 26 3
a 55 980 0 39 6
a 55 482 0 36 3
a 56 851 0 39 3
a 56 604 0 41 2
a 57 154 0 39 6
a 57 33 0 41 7
a 59 311 0 39 6
a 59 275 0 42 2
a 61 844 0 39 9
a 61 392 0 12 7
a 64 175 0 39 4
a 64 515 0 24 9
a 66 321 0 39 4
a 66 99 0 7 2
a 74 314 0 39 8
a 74 599 0 19 8
a 75 967 0 39 1
a 75 999 0 12 1
a 77 824 0 39 2
a 77 790 0 30 4
a 80 610 0 39 1
a 80 94 0 20 7
a 83 778 0 39 1
a 83 880 0 30 10
a 85 613 0 39 5
a 85 572 0 6 5
a 87 386 0 39 10
a 87 991 0 30 8
a 88 279 0 39 4
a 88 961 0 16 9
a 89 899 0 39 3
a 89 590 0 34 1
a 91 750 0 39 6
a 91 798 0 8 1
a 92 966 0 39 6
a 92 756 0 7 2
a 93 48 0 39 9
a 93 626 0 50 3
a 98 969 0 39 6
a 98 201 0 27 7
a 100 141 0 39 1
a 100 537 0 30 7
a 101 452 0 39 10
a 101 219 0 17 10
a 103 759 0 39 4
a 103 932 0 43 4
a 105 248 0 39 9
a 105 98 0 8 6
a 106 504 0 39 3
a 106 428 0 44 1
a 107 536 0 39 8
a 107 266 0 24 8
a 108 383 0 39 6
a 108 757 0 38 7
a 109 445 0 39 10
a 109 759 0 22 5
a 111 800 0 39 4
a 111 123 0 16 10
a 112 924 0 39 9
a 112 553 0 26 3
a 113 164 0 39 10
a 113 231 0 2 9
a 116 426 0 39 1
a 116 726 0 41 10
a 117 395 0 39 2
a 117 907 0 19 3
a 119 155 0 39 8
a 119 666 0 31 3
a 122 799 0 39 7
a 122 702 0 29 6
a 123 730 0 39 8
a 123 534 0 19 3
a 124 15 0 39 7
a 124 750 0 37 9
a 125 586 0 39 4
a 125 254 0 0 8
a 126 873 0 39 3
a 126 90 0 30 4
a 128 92 0 39 10
a 128 433 0 24 3
a 129 476 0 39 6
a 129 819 0 22 2
a 134 702 0 39 2
a 134 90 0 6 9
a 135 64 0 39 3
a 135 83 0 11 1
a 136 793 0 39 3
a 136 485 0 27 3
a 137 912 0 39 7
a 137 172 0 22 8
a 138 456 0 39 10
a 138 680 0 10 1
a 139 296 0 39 10
a 139 846 0 47 2
a 140 964 0 39 1
a 140 279 0 24 8
a 141 620 0 39 10
a 141 414 0 4 5
a 142 974 0 39 1
a 142 505 0 3 4
a 145 434 0 39 6
a 145 30 0 26 1
a 148 91 0 39 4
a 148 205 0 1 2
a 149 496 0 39 9
a 149 840 0 44 10
a 151 214 0 39 5
a 151 772 0 43 9
a 154 618 0 39 3
a 154 670 0 1 2
a 155 809 0 39 5
a 155 698 0 14 5
a 159 142 0 39 5
a 159 434 0 43 2
a 161 404 0 39 9
a 161 371 0 13 7
a 163 409 0 39 9
a 163 507 0 1 8
a 164 57 0 39 5
a 164 703 0 43 9
a 165 538 0 39 3
a 165 143 0 4 9
a 167 833 0 39 2
a 167 362 0 8 6
a 169 556 0 39 6
a 169 221 0 50 10
a 171 553 0 39 10
a 171 492 0 16 2
a 172 728 0 39 4
a 172 569 0 0 1
a 173 572 0 39 6
a 173 549 0 44 2
a 174 638 0 39 3
a 174 11 0 26 3
a 175 716 0 39 2
a 175 276 0 26 2
a 176 399 0 39 10
a 176 15 0 28 10
a 179 193 0 39 5
a 179 138 0 11 10
a 182 322 0 39 2
a 182 334 0 39 10
a 183 161 0 39 1
a 183 725 0 6 8
a 188 239 0 39 9
a 188 414 0 20 2
a 191 985 0 39 5
a 191 501 0 37 5
a 193 393 0 39 3
a 193 49 0 30 8
a 194 737 0 39 8
a 194 60 0 28 3
a 196 811 0 39 3
a 196 899 0 10 3
a 197 768 0 39 3
a 197 396 0 32 3
a 201 451 0 39 5
a 201 122 0 31 8
a 209 421 0 39 6
a 209 829 0 34 10
a 212 566 0 39 6
a 212 763 0 30 2
a 213 982 0 39 10
a 213 267 0 10 6
a 214 551 0 39 2
a 214 913 0 10 4
a 215 371 0 39 1
a 215 372 0 3 5
a 216 258 0 39 1
a 216 608 0 13 4
a 217 903 0 39 1
a 217 807 0 36 9
a 219 842 0 39 1
a 219 426 0 44 8
a 221 56 0 39 6
a 221 855 0 22 3
a 222 201 0 39 7
a 222 612 0 11 5
a 225 98 0 39 7
a 225 125 0 34 10
a 232 275 0 39 7
a 232 685 0 2 5
a 233 241 0 39 7
a 233 678 0 43 6
a 236 744 0 39 5
a 236 442 0 11 4
a 237 643 0 39 8
a 237 705 0 1 1
a 239 636 0 39 5
a 239 213 0 5 4
a 241 958 0 39 10
a 241 26 0 23 8
a 243 608 0 39 8
a 243 333 0 37 7
a 245 505 0 39 9
a 245 427 0 8 5
a 247 400 0 39 1
a 247 668 0 17 7
a 248 364 0 39 8
a 248 582 0 41 2
a 251 874 0 39 10
a 251 725 0 31 4
a 253 559 0 39 9
a 253 656 0 26 3
a 255 302 0 39 7
a 255 493 0 25 10
a 256 429 0 39 10
a 256 823 0 33 2
a 257 956 0 39 9
a 257 975 0 20 6
a 258 35 0 39 5
a 258 328 0 25 1
a 262 530 0 39 6
a 262 204 0 20 2
a 266 113 0 39 9
a 266 770 0 28 3
a 270 145 0 39 2
a 270 181 0 45 3
a 271 308 0 39 2
a 271 837 0 7 9
a 274 212 0 39 9
a 274 98 0 47 1
a 275 367 0 39 4
a 275 318 0 18 1
a 277 606 0 39 9
a 277 561 0 18 3
a 278 775 0 39 4
a 278 378 0 25 8
a 279 183 0 39 4
a 279 945 0 0 10
a 281 188 0 39 3
a 281 285 0 7 10
a 283 447 0 39 7
a 283 28 0 40 2
a 284 474 0 39 9
a 284 475 0 49 8
a 287 443 0 39 8
a 287 127 0 27 5
a 288 715 0 39 5
a 288 129 0 30 5
a 291 194 0 39 6
a 291 339 0 42 2
a 292 402 0 39 8
a 292 993 0 16 10
a 294 468 0 39 9
a 294 704 0 3 2
a 296 595 0 39 1
a 296 884 0 43 8
a 299 568 0 39 8
a 299 244 0 41 8
a 302 894 0 39 7
a 302 577 0 40 8
a 304 719 0 39 3
a 304 673 0 2 3
a 306 621 0 39 8
a 306 480 0 34 9
a 307 746 0 39 1
a 307 100 0 4 8
a 308 950 0 39 6
a 308 146 0 41 1
a 310 172 0 39 8
a 310 85 0 31 10
a 311 324 0 39 7
a 311 279 0 41 3
a 312 453 0 39 7
a 312 698 0 32 3
a 314 700 0 39 8
a 314 720 0 4 5
a 321 225 0 39 3
a 321 325 0 18 3
a 322 490 0 39 5
a 322 35 0 20 3
a 324 213 0 39 10
a 324 35 0 49 6
a 327 774 0 39 1
a 327 696 0 7 3
a 333 414 0 39 7
a 333 58 0 17 5
a 340 74 0 39 5
a 340 362 0 29 1
a 344 579 0 39 2
a 344 679 0 41 8
a 346 119 0 39 10
a 346 139 0 22 6
a 347 348 0 39 7
a 347 853 0 35 9
a 348 480 0 39 9
a 348 881 0 30 1
a 353 406 0 39 5
a 353 808 0 35 4
a 356 411 0 39 6
a 356 551 0 11 10
a 358 44 0 39 6
a 358 639 0 24 6
a 363 685 0 39 7
a 363 22 0 24 3
a 364 358 0 39 2
a 364 15 0 22 6
a 365 888 0 39 4
a 365 816 0 7 7
a 367 915 0 39 4
a 367 204 0 15 1
a 368 664 0 39 2
a 368 665 0 10 6
a 369 609 0 39 7
a 369 473 0 16 5
a 370 101 0 39 4
a 370 17 0 28 9
a 371 283 0 39 10
a 371 166 0 38 9
a 372 780 0 39 10
a 372 88 0 10 3
a 376 356 0 39 9
a 376 552 0 50 6
a 377 266 0 39 10
a 377 928 0 12 2
a 378 794 0 39 4
a 378 643 0 38 2
a 379 66 0 39 7
a 379 393 0 50 9
a 381 182 0 39 1
a 381 592 0 25 8
a 382 904 0 39 9
a 382 783 0 38 4
a 383 197 0 39 5
a 383 676 0 18 9
a 385 363 0 39 8
a 385 986 0 22 8
a 386 17 0 39 3
a 386 84 0 15 4
a 391 791 0 39 3
a 391 415 0 24 1
a 393 919 0 39 1
a 393 658 0 23 1
a 394 669 0 39 5
a 394 949 0 22 1
a 395 163 0 39 8
a 395 507 0 24 3
a 396 527 0 39 9
a 396 54 0 8 7
a 399 270 0 39 3
a 399 739 0 48 10
a 400 646 0 39 10
a 400 990 0 14 7
a 402 507 0 39 5
a 402 851 0 50 4
a 404 776 0 39 7
a 404 574 0 43 6
a 406 382 0 39 7
a 406 532 0 9 8
a 408 907 0 39 9
a 408 80 0 20 9
a 409 112 0 39 9
a 409 151 0 20 9
a 410 169 0 39 3
a 410 536 0 6 1
a 411 943 0 39 5
a 411 492 0 42 6
a 412 478 0 39 9
a 412 936 0 13 8
a 414 795 0 39 4
a 414 257 0 43 4
a 416 446 0 39 10
a 416 304 0 45 2
a 418 136 0 39 5
a 418 556 0 42 2
a 421 790 0 39 2
a 421 71 0 32 2
a 425 694 0 39 5
a 425 664 0 4 8
a 426 808 0 39 8
a 426 763 0 17 2
a 429 708 0 39 1
a 429 688 0 30 3
a 430 441 0 39 2
a 430 774 0 31 3
a 434 217 0 39 6
a 434 101 0 28 10
a 436 652 0 39 4
a 436 150 0 13 4
a 438 221 0 39 3
a 438 883 0 40 4
a 440 222 0 39 5
a 440 809 0 24 6
a 441 125 0 39 5
a 441 856 0 13 6
a 443 292 0 39 1
a 443 590 0 25 10
a 445 51 0 39 1
a 445 355 0 50 6
a 446 666 0 39 5
a 446 467 0 6 5
a 447 61 0 39 3
a 447 735 0 4 6
a 450 869 0 39 4
a 450 359 0 7 10
a 451 935 0 39 3
a 451 13 0 38 8
a 452 55 0 39 6
a 452 743 0 46 10
a 453 304 0 39 3
a 453 912 0 1 1
a 455 21 0 39 4
a 455 164 0 24 7
a 456 722 0 39 3
a 456 75 0 28 3
a 459 1000 0 39 6
a 459 601 0 39 3
a 467 209 0 39 2
a 467 882 0 5 9
a 468 961 0 39 7
a 468 858 0 23 7
a 473 108 0 39 4
a 473 797 0 38 2
a 474 565 0 39 8
a 474 777 0 26 10
a 476 998 0 39 9
a 476 317 0 33 6
a 478 764 0 39 8
a 478 699 0 43 7
a 479 707 0 39 7
a 479 314 0 38 5
a 480 85 0 39 1
a 480 14 0 17 4
a 481 299 0 39 7
a 481 320 0 2 1
a 486 990 0 39 3
a 486 152 0 37 7
a 487 243 0 39 5
a 487 208 0 32 8
a 490 288 0 39 7
a 490 911 0 28 9
a 493 53 0 39 8
a 493 494 0 27 3
a 496 372 0 39 10
a 496 549 0 11 4
a 497 385 0 39 4
a 497 183 0 50 7
a 499 692 0 39 2
a 499 14 0 18 4
a 504 711 0 39 4
a 504 337 0 3 4
a 505 917 0 39 9
a 505 128 0 11 9
a 506 139 0 39 3
a 506 547 0 22 3
a 507 640 0 39 7
a 507 684 0 40 1
a 510 867 0 39 10
a 510 996 0 20 6
a 512 425 0 39 8
a 512 681 0 41 6
a 514 820 0 39 4
a 514 902 0 47 8
a 516 734 0 39 7
a 516 472 0 5 10
a 525 876 0 39 7
a 525 257 0 15 3
a 527 42 0 39 4
a 527 371 0 49 7
a 529 137 0 39 5
a 529 662 0 38 6
a 530 683 0 39 4
a 530 264 0 18 5
a 531 271 0 39 6
a 531 430 0 42 5
a 532 47 0 39 8
a 532 410 0 30 4
a 534 641 0 39 2
a 534 823 0 9 5
a 535 412 0 39 4
a 535 186 0 35 8
a 536 754 0 39 2
a 536 40 0 20 8
a 538 828 0 39 9
a 538 318 0 36 9
a 539 514 0 39 8
a 539 798 0 17 3
a 542 973 0 39 4
a 542 72 0 38 1
a 544 554 0 39 4
a 544 236 0 21 10
a 551 116 0 39 6
a 551 469 0 43 3
a 553 596 0 39 3
a 553 386 0 29 6
a 554 944 0 39 9
a 554 361 0 23 3
a 556 786 0 39 6
a 556 853 0 2 8
a 557 564 0 39 2
a 557 318 0 43 7
a 559 735 0 39 10
a 559 813 0 36 2
a 560 497 0 39 3
a 560 286 0 32 1
a 561 333 0 39 1
a 561 952 0 43 9
a 562 430 0 39 6
a 562 520 0 19 10
a 564 216 0 39 6
a 564 959 0 39 6
a 565 835 0 39 4
a 565 379 0 30 1
a 566 59 0 39 7
a 566 870 0 46 2
a 568 817 0 39 3
a 568 433 0 21 5
a 569 864 0 39 1
a 569 137 0 1 5
a 572 107 0 39 10
a 572 867 0 30 6
a 574 171 0 39 4
a 574 411 0 48 6
a 576 262 0 39 9
a 576 596 0 38 3
a 578 251 0 39 3
a 578 719 0 29 7
a 579 837 0 39 7
a 579 182 0 46 6
a 580 499 0 39 3
a 580 249 0 24 7
a 586 37 0 39 1
a 586 319 0 21 4
a 591 529 0 39 5
a 591 706 0 26 6
a 595 701 0 39 3
a 595 504 0 26 2
a 596 840 0 39 10
a 596 449 0 46 5
a 597 574 0 39 3
a 597 670 0 6 9
a 601 93 0 39 8
a 601 326 0 43 7
a 606 109 0 39 5
a 606 106 0 25 6
a 608 481 0 39 4
a 608 653 0 9 3
a 609 856 0 39 2
a 609 434 0 43 2
a 610 962 0 39 10
a 610 841 0 33 8
a 611 929 0 39 8
a 611 27 0 13 9
a 612 534 0 39 10
a 612 198 0 19 6
a 613 619 0 39 1
a 613 226 0 48 6
a 618 689 0 39 10
a 618 135 0 38 4
a 619 77 0 39 5
a 619 760 0 43 6
a 620 232 0 39 6
a 620 340 0 17 7
a 621 654 0 39 5
a 621 172 0 25 5
a 623 80 0 39 8
a 623 664 0 50 8
a 624 535 0 39 7
a 624 51 0 49 7
a 636 396 0 39 10
a 636 854 0 23 1
a 637 391 0 39 6
a 637 770 0 7 5
a 638 525 0 39 5
a 638 240 0 21 9
a 639 827 0 39 10
a 639 218 0 26 8
a 640 539 0 39 7
a 640 670 0 43 6
a 641 834 0 39 3
a 641 441 0 0 4
a 643 561 0 39 1
a 643 470 0 37 5
a 644 880 0 39 4
a 644 287 0 41 8
a 645 921 0 39 3
a 645 127 0 46 6
a 646 804 0 39 1
a 646 994 0 23 1
a 647 916 0 39 4
a 647 777 0 14 2
a 648 591 0 39 4
a 648 732 0 48 10
a 651 257 0 39 6
a 651 990 0 8 2
a 652 863 0 39 9
a 652 655 0 44 2
a 654 493 0 39 8
a 654 12 0 40 4
a 657 287 0 39 6
a 657 410 0 45 2
a 661 122 0 39 4
a 661 974 0 0 7
a 664 353 0 39 8
a 664 480 0 6 3
a 666 709 0 39 5
a 666 934 0 22 3
a 669 123 0 39 2
a 669 85 0 50 2
a 670 34 0 39 2
a 670 433 0 46 6
a 676 245 0 39 2
a 676 527 0 22 5
a 680 829 0 39 5
a 680 881 0 45 6
a 683 854 0 39 5
a 683 948 0 40 5
a 684 111 0 39 3
a 684 265 0 22 6
a 685 932 0 39 6
a 685 255 0 34 7
a 689 999 0 39 10
a 689 886 0 4 6
a 690 32 0 39 9
a 690 575 0 3 5
a 692 772 0 39 4
a 692 28 0 12 8
a 694 75 0 39 1
a 694 206 0 7 3
a 695 486 0 39 7
a 695 956 0 43 2
a 700 455 0 39 6
a 700 633 0 29 6
a 701 12 0 39 2
a 701 228 0 17 2
a 702 957 0 39 10
a 702 228 0 14 10
a 703 174 0 39 9
a 703 741 0 7 6
a 704 936 0 39 1
a 704 961 0 26 2
a 705 792 0 39 4
a 705 36 0 44 9
a 707 291 0 39 6
a 707 17 0 43 8
a 708 531 0 39 2
a 708 418 0 42 5
a 709 278 0 39 8
a 709 146 0 33 1
a 711 340 0 39 8
a 711 779 0 17 4
a 715 578 0 39 4
a 715 253 0 36 2
a 716 544 0 39 7
a 716 534 0 31 10
a 719 418 0 39 10
a 719 589 0 30 2
a 722 148 0 39 1
a 722 96 0 41 9
a 725 901 0 39 6
a 725 305 0 14 9
a 728 117 0 39 4
a 728 339 0 18 1
a 730 878 0 39 5
a 730 512 0 48 9
a 731 905 0 39 8
a 731 46 0 10 1
a 734 770 0 39 10
a 734 756 0 22 6
a 735 872 0 39 6
a 735 153 0 24 3
a 737 816 0 39 5
a 737 121 0 31 6
a 743 612 0 39 3
a 743 35 0 40 4
a 744 576 0 39 3
a 744 773 0 45 5
a 746 661 0 39 4
a 746 92 0 23 9
a 749 645 0 39 5
a 749 813 0 41 8
a 750 176 0 39 8
a 750 913 0 3 2
a 751 377 0 39 7
a 751 491 0 20 9
a 754 766 0 39 9
a 754 339 0 36 5
a 755 487 0 39 7
a 755 959 0 45 5
a 759 647 0 39 6
a 759 673 0 6 10
a 761 459 0 39 8
a 761 7 0 7 6
a 764 644 0 39 1
a 764 325 0 20 5
a 766 159 0 39 6
a 766 792 0 26 4
a 767 381 0 39 5
a 767 281 0 11 6
a 768 237 0 39 10
a 768 641 0 8 8
a 770 467 0 39 7
a 770 882 0 15 3
a 772 670 0 39 4
a 772 260 0 29 6
a 774 100 0 39 9
a 774 74 0 35 7
a 775 87 0 39 2
a 775 362 0 12 10
a 776 247 0 39 8
a 776 769 0 1 7
a 777 979 0 39 10
a 777 611 0 13 9
a 778 624 0 39 5
a 778 914 0 45 5
a 779 14 0 39 10
a 779 508 0 30 2
a 780 814 0 39 9
a 780 207 0 12 3
a 784 623 0 39 7
a 784 677 0 5 3
a 786 173 0 39 2
a 786 120 0 13 5
a 790 219 0 39 8
a 790 568 0 16 5
a 791 167 0 39 3
a 791 536 0 39 2
a 792 365 0 39 10
a 792 604 0 27 6
a 793 749 0 39 10
a 793 553 0 13 10
a 794 310 0 39 7
a 794 251 0 9 8
a 795 648 0 39 10
a 795 373 0 23 2
a 797 149 0 39 2
a 797 889 0 40 2
a 799 557 0 39 1
a 799 306 0 45 10
a 800 767 0 39 5
a 800 571 0 36 7
a 804 911 0 39 4
a 804 568 0 36 6
a 808 731 0 39 10
a 808 275 0 6 5
a 809 368 0 39 8
a 809 649 0 26 5
a 811 989 0 39 9
a 811 11 0 19 3
a 813 862 0 39 3
a 813 359 0 0 7
a 814 542 0 39 2
a 814 728 0 38 4
a 815 11 0 39 3
a 815 310 0 41 1
a 816 379 0 39 2
a 816 108 0 47 9
a 817 128 0 39 8
a 817 685 0 33 7
a 820 684 0 39 8
a 820 828 0 17 4
a 824 725 0 39 9
a 824 798 0 19 9
a 827 346 0 39 3
a 827 349 0 44 6
a 828 438 0 39 7
a 828 794 0 38 1
a 829 703 0 39 8
a 829 7 0 18 2
a 830 52 0 39 1
a 830 525 0 15 4
a 832 690 0 39 4
a 832 29 0 21 2
a 833 976 0 39 1
a 833 112 0 31 8
a 834 24 0 39 5
a 834 725 0 13 10
a 835 560 0 39 3
a 835 236 0 46 9
a 836 991 0 39 10
a 836 985 0 18 2
a 837 755 0 39 6
a 837 15 0 17 1
a 838 327 0 39 8
a 838 383 0 49 4
a 840 971 0 39 7
a 840 731 0 4 3
a 842 695 0 39 5
a 842 468 0 21 2
a 844 294 0 39 2
a 844 95 0 41 4
a 845 838 0 39 3
a 845 990 0 18 3
a 846 940 0 39 6
a 846 431 0 1 6
a 850 832 0 39 7
a 850 541 0 15 1
a 851 813 0 39 2
a 851 306 0 12 7
a 854 277 0 39 6
a 854 191 0 1 10
a 856 106 0 39 9
a 856 1000 0 6 2
a 857 134 0 39 6
a 857 340 0 45 8
a 862 562 0 39 6
a 862 907 0 35 8
a 863 347 0 39 9
a 863 722 0 4 2
a 864 506 0 39 1
a 864 331 0 32 1
a 867 830 0 39 8
a 867 447 0 48 4
a 869 88 0 39 4
a 869 695 0 40 6
a 872 892 0 39 10
a 872 742 0 26 6
a 873 135 0 39 7
a 873 367 0 28 1
a 874 274 0 39 3
a 874 714 0 23 8
a 876 651 0 39 9
a 876 764 0 42 9
a 878 639 0 39 4
a 878 239 0 25 4
a 880 179 0 39 2
a 880 816 0 1 8
a 884 845 0 39 5
a 884 889 0 9 10
a 888 516 0 39 2
a 888 480 0 13 8
a 892 761 0 39 3
a 892 815 0 41 3
a 894 784 0 39 8
a 894 569 0 42 7
a 899 473 0 39 2
a 899 572 0 38 4
a 901 902 0 39 2
a 901 310 0 5 4
a 902 236 0 39 9
a 902 42 0 22 3
a 903 105 0 39 9
a 903 798 0 41 3
a 904 191 0 39 3
a 904 291 0 44 7
a 905 926 0 39 4
a 905 652 0 14 7
a 907 657 0 39 10
a 907 406 0 25 10
a 911 797 0 39 3
a 911 885 0 37 2
a 912 394 0 39 6
a 912 836 0 35 5
a 915 19 0 39 3
a 915 566 0 28 6
a 916 743 0 39 3
a 916 873 0 14 2
a 917 378 0 39 5
a 917 34 0 39 2
a 919 815 0 39 2
a 919 646 0 1 9
a 921 27 0 39 4
a 921 199 0 43 6
a 924 436 0 39 7
a 924 93 0 22 1
a 926 46 0 39 8
a 926 483 0 19 7
a 929 40 0 39 6
a 929 893 0 2 9
a 932 344 0 39 6
a 932 591 0 17 2
a 935 777 0 39 3
a 935 837 0 1 5
a 936 138 0 39 8
a 936 376 0 24 7
a 940 376 0 39 5
a 940 733 0 16 1
a 943 569 0 39 9
a 943 386 0 22 2
a 944 850 0 39 2
a 944 377 0 27 3
a 950 836 0 39 9
a 950 571 0 50 1
a 952 83 0 39 7
a 952 187 0 6 3
a 956 256 0 39 8
a 956 828 0 47 10
a 957 704 0 39 3
a 957 287 0 29 8
a 958 129 0 39 8
a 958 282 0 6 2
a 961 580 0 39 8
a 961 504 0 42 6
a 962 370 0 39 7
a 962 648 0 7 8
a 964 416 0 39 5
a 964 243 0 8 10
a 966 479 0 39 1
a 966 705 0 46 9
a 967 233 0 39 4
a 967 420 0 36 7
a 969 440 0 39 9
a 969 198 0 5 10
a 971 846 0 39 9
a 971 607 0 48 2
a 973 597 0 39 2
a 973 656 0 31 7
a 974 857 0 39 9
a 974 823 0 21 10
a 976 89 0 39 4
a 976 512 0 15 9
a 979 165 0 39 2
a 979 962 0 45 9
a 980 410 0 39 8
a 980 662 0 49 8
a 982 510 0 39 4
a 982 318 0 49 1
a 985 196 0 39 4
a 985 396 0 23 9
a 989 680 0 39 10
a 989 549 0 0 1
a 990 284 0 39 3
a 990 389 0 35 3
a 991 408 0 39 8
a 991 276 0 48 9
a 998 952 0 39 9
a 998 863 0 45 10
