c PyNETGEN v1.0.0
c $ pip install pynetgen
c
c  NETGEN flow network generation algorithm
c  Problem input parameters
c  -------------------------------------
c   Random seed:          4
c   Number of nodes:      1000
c   Source nodes:         2
c   Sink nodes:           2
c   Number of arcs:       2000
c   Minimum arc cost:     1
c   Maximum arc cost:     10
c   Total supply:         50
c   Transshipment -
c     Sources:            0
c     Sinks:              0
c   Skeleton arcs -
c     With max cost:      0
c     Capacitated:        100
c   Minimum arc capacity: 0
c   Maximum arc capacity: 50
c
c  *** Minimum cost flow ***
c
p min 1000 2000
n 1 25
n 2 25
n 999 -42
n 1000 -8
a 1 683 0 25 6
a 1 29 0 34 7
a 3 650 0 25 5
a 3 813 0 23 7
a 7 208 0 25 6
a 7 197 0 30 2
a 7 147 0 5 2
a 8 51 0 25 5
a 8 789 0 31 3
a 14 653 0 25 7
a 14 888 0 8 9
a 15 25 0 25 6
a 15 875 0 21 10
a 15 140 0 18 4
a 17 218 0 25 3
a 17 466 0 34 4
a 17 731 0 19 7
a 18 534 0 25 7
a 18 686 0 48 10
a 22 202 0 25 1
a 22 121 0 20 2
a 25 171 0 25 6
a 25 957 0 12 8
a 25 275 0 12 4
a 26 189 0 25 10
a 26 607 0 47 5
a 32 355 0 25 8
a 32 313 0 40 1
a 34 736 0 25 2
a 34 453 0 36 3
a 35 625 0 25 4
a 35 292 0 43 7
a 36 62 0 25 6
a 36 723 0 31 6
a 37 943 0 25 5
a 37 193 0 37 1
a 41 307 0 25 2
a 41 774 0 46 6
a 44 175 0 25 6
a 44 158 0 14 8
a 45 172 0 25 8
a 45 1000 0 23 10
a 48 545 0 25 1
a 48 299 0 35 8
a 50 390 0 25 7
a 50 152 0 38 4
a 51 362 0 25 2
a 51 532 0 32 2
a 55 332 0 25 3
a 55 188 0 33 3
a 58 725 0 25 10
a 58 622 0 47 10
a 59 319 0 25 7
a 59 12 0 29 9
a 62 541 0 25 6
a 62 504 0 49 1
a 63 301 0 25 6
a 63 999 0 2 4
a 67 629 0 25 3
a 67 649 0 21 5
a 68 459 0 25 9
a 68 154 0 45 8
a 69 120 0 25 6
a 69 49 0 12 8
a 73 691 0 25 9
a 73 945 0 19 4
a 74 219 0 25 2
a 74 299 0 42 6
a 76 59 0 25 3
a 76 86 0 24 10
a 77 639 0 25 6
a 77 109 0 42 1
a 78 851 0 25 5
a 78 632 0 10 10
a 79 44 0 25 2
a 79 616 0 24 8
a 80 357 0 25 7
a 80 97 0 18 4
a 82 960 0 25 10
a 82 379 0 7 2
a 85 18 0 25 1
a 85 78 0 11 1
a 91 742 0 25 6
a 91 599 0 4 10
a 92 744 0 25 2
a 92 582 0 14 9
a 93 865 0 25 6
a 93 6 0 19 1
a 94 341 0 25 10
a 94 245 0 28 2
a 95 216 0 25 2
a 95 392 0 1 6
a 96 335 0 25 6
a 96 627 0 17 10
a 103 574 0 25 2
a 103 517 0 38 1
a 106 391 0 25 1
a 106 983 0 32 4
a 115 944 0 25 9
a 115 423 0 34 2
a 118 379 0 25 8
a 118 828 0 17 10
a 119 689 0 25 6
a 119 412 0 24 8
a 120 153 0 25 2
a 120 121 0 17 6
a 121 349 0 25 4
a 121 258 0 32 2
a 123 196 0 25 5
a 123 824 0 31 2
a 124 699 0 25 4
a 124 792 0 14 10
a 127 300 0 25 5
a 127 913 0 19 4
a 128 311 0 25 10
a 128 693 0 4 4
a 132 823 0 25 10
a 132 487 0 48 10
a 133 199 0 25 2
a 133 351 0 6 8
a 134 818 0 25 9
a 134 147 0 3 5
a 135 897 0 25 6
a 135 338 0 12 3
a 136 817 0 25 9
a 136 283 0 43 7
a 137 37 0 25 7
a 137 340 0 34 6
a 141 935 0 25 5
a 141 702 0 45 5
a 142 151 0 25 5
a 142 703 0 23 1
a 143 896 0 25 8
a 143 271 0 14 5
a 145 263 0 25 6
a 145 181 0 24 8
a 146 128 0 25 8
a 146 92 0 43 3
a 149 885 0 25 2
a 149 820 0 16 4
a 150 831 0 25 7
a 150 475 0 32 2
a 151 453 0 25 8
a 151 182 0 37 4
a 152 78 0 25 10
a 152 199 0 20 7
a 153 154 0 25 3
a 153 5 0 36 3
a 154 957 0 25 6
a 154 853 0 3 8
a 156 858 0 25 4
a 156 666 0 43 3
a 160 646 0 25 5
a 160 678 0 42 10
a 163 972 0 25 1
a 163 959 0 5 5
a 164 41 0 25 9
a 164 765 0 24 8
a 165 700 0 25 2
a 165 843 0 48 9
a 166 255 0 25 1
a 166 850 0 23 6
a 167 961 0 25 7
a 167 241 0 46 1
a 168 436 0 25 5
a 168 499 0 28 4
a 170 901 0 25 4
a 170 416 0 24 1
a 171 532 0 25 9
a 171 867 0 17 9
a 172 74 0 25 1
a 172 125 0 7 7
a 173 773 0 25 6
a 173 140 0 33 9
a 175 36 0 25 4
a 175 209 0 14 10
a 178 448 0 25 2
a 178 728 0 36 7
a 183 772 0 25 1
a 183 984 0 45 4
a 184 792 0 25 1
a 184 981 0 37 6
a 188 693 0 25 1
a 188 534 0 19 4
a 189 850 0 25 3
a 189 131 0 38 4
a 190 352 0 25 9
a 190 802 0 19 3
a 191 167 0 25 6
a 191 90 0 4 5
a 195 416 0 25 7
a 195 146 0 32 7
a 196 298 0 25 1
a 196 48 0 17 6
a 197 612 0 25 9
a 197 87 0 13 7
a 198 544 0 25 1
a 198 819 0 23 2
a 199 417 0 25 3
a 199 782 0 15 9
a 202 778 0 25 3
a 202 35 0 6 3
a 203 400 0 25 2
a 203 973 0 27 1
a 205 900 0 25 10
a 205 301 0 40 10
a 208 309 0 25 4
a 208 611 0 37 2
a 212 76 0 25 8
a 212 559 0 19 7
a 213 799 0 25 6
a 213 689 0 4 5
a 216 621 0 25 5
a 216 590 0 1 9
a 217 755 0 25 1
a 217 186 0 21 8
a 218 573 0 25 4
a 218 530 0 34 1
a 219 381 0 25 6
a 219 791 0 4 9
a 222 673 0 25 4
a 222 587 0 41 1
a 224 203 0 25 4
a 224 690 0 50 10
a 225 68 0 25 2
a 225 645 0 18 6
a 226 917 0 25 6
a 226 804 0 23 5
a 227 810 0 25 9
a 227 279 0 0 6
a 228 696 0 25 10
a 228 68 0 45 2
a 229 520 0 25 1
a 229 193 0 42 2
a 233 302 0 25 3
a 233 608 0 19 3
a 234 607 0 25 10
a 234 8 0 28 10
a 238 269 0 25 2
a 238 86 0 49 9
a 241 73 0 25 4
a 241 841 0 0 8
a 242 226 0 25 10
a 242 152 0 38 9
a 243 704 0 25 7
a 243 619 0 43 2
a 245 980 0 25 3
a 245 25 0 9 4
a 247 837 0 25 2
a 247 75 0 30 2
a 249 849 0 25 8
a 249 135 0 20 8
a 250 69 0 25 5
a 250 572 0 30 9
a 253 555 0 25 1
a 253 701 0 9 5
a 255 486 0 25 9
a 255 42 0 32 6
a 256 258 0 25 1
a 256 35 0 9 3
a 258 791 0 25 3
a 258 700 0 15 3
a 259 999 0 25 2
a 259 825 0 25 8
a 260 419 0 25 10
a 260 149 0 20 3
a 262 67 0 25 3
a 262 88 0 38 9
a 263 798 0 25 8
a 263 827 0 13 6
a 265 399 0 25 9
a 265 570 0 5 9
a 269 560 0 25 10
a 269 130 0 47 7
a 272 953 0 25 2
a 272 936 0 17 9
a 275 760 0 25 7
a 275 843 0 49 10
a 279 421 0 25 4
a 279 24 0 17 6
a 281 749 0 25 8
a 281 767 0 32 4
a 285 996 0 25 6
a 285 909 0 40 10
a 286 628 0 25 9
a 286 469 0 15 3
a 288 898 0 25 3
a 288 331 0 19 1
a 289 295 0 25 3
a 289 724 0 32 2
a 290 945 0 25 6
a 290 164 0 34 1
a 294 15 0 25 3
a 294 185 0 16 1
a 295 121 0 25 1
a 295 75 0 14 9
a 296 477 0 25 4
a 296 703 0 47 5
a 298 856 0 25 1
a 298 830 0 6 3
a 299 446 0 25 2
a 299 501 0 9 1
a 300 272 0 25 10
a 300 365 0 34 5
a 301 290 0 25 10
a 301 380 0 15 10
a 302 106 0 25 4
a 302 394 0 36 3
a 304 547 0 25 9
a 304 45 0 39 6
a 307 427 0 25 4
a 307 61 0 45 7
a 308 824 0 25 5
a 308 270 0 23 4
a 309 949 0 25 1
a 309 98 0 34 9
a 311 26 0 25 10
a 311 81 0 41 7
a 312 882 0 25 2
a 312 540 0 19 10
a 316 458 0 25 1
a 316 135 0 3 3
a 318 143 0 25 10
a 318 58 0 43 2
a 319 173 0 25 9
a 319 573 0 4 9
a 320 804 0 25 6
a 320 950 0 44 7
a 322 8 0 25 8
a 322 936 0 0 7
a 323 572 0 25 3
a 323 181 0 34 3
a 328 637 0 25 4
a 328 800 0 45 9
a 332 152 0 25 10
a 332 819 0 17 7
a 335 576 0 25 2
a 335 708 0 28 9
a 336 754 0 25 7
a 336 398 0 11 1
a 337 7 0 25 10
a 337 951 0 44 10
a 339 95 0 25 6
a 339 437 0 41 7
a 340 934 0 25 5
a 340 198 0 19 9
a 341 924 0 25 8
a 341 837 0 8 3
a 342 627 0 25 9
a 342 179 0 16 5
a 343 183 0 25 9
a 343 803 0 2 9
a 345 245 0 25 7
a 345 330 0 27 3
a 348 857 0 25 9
a 348 229 0 46 7
a 349 496 0 25 6
a 349 797 0 33 9
a 352 759 0 25 1
a 352 457 0 28 9
a 355 364 0 25 8
a 355 231 0 34 3
a 357 156 0 25 8
a 357 841 0 39 10
a 358 367 0 25 3
a 358 859 0 43 4
a 362 740 0 25 3
a 362 704 0 44 6
a 363 590 0 25 9
a 363 845 0 14 8
a 364 709 0 25 7
a 364 555 0 12 1
a 365 552 0 25 2
a 365 418 0 7 9
a 366 806 0 25 9
a 366 503 0 4 8
a 367 583 0 25 2
a 367 337 0 50 9
a 369 808 0 25 4
a 369 746 0 31 4
a 370 986 0 25 5
a 370 988 0 2 7
a 371 784 0 25 2
a 371 984 0 13 7
a 375 288 0 25 8
a 375 597 0 19 1
a 377 3 0 25 10
a 377 434 0 0 3
a 379 513 0 25 1
a 379 527 0 46 3
a 380 835 0 25 9
a 380 587 0 38 5
a 381 137 0 25 8
a 381 279 0 30 8
a 386 14 0 25 6
a 386 956 0 26 6
a 388 962 0 25 8
a 388 34 0 14 7
a 389 616 0 25 1
a 389 299 0 25 6
a 390 940 0 25 1
a 390 96 0 43 10
a 391 774 0 25 6
a 391 470 0 32 5
a 393 890 0 25 3
a 393 748 0 47 2
a 394 551 0 25 10
a 394 500 0 5 2
a 395 530 0 25 10
a 395 527 0 45 6
a 399 433 0 25 3
a 399 990 0 28 10
a 400 150 0 25 2
a 400 796 0 36 6
a 403 205 0 25 5
a 403 379 0 15 10
a 405 285 0 25 3
a 405 44 0 46 8
a 409 265 0 25 7
a 409 381 0 17 8
a 410 680 0 25 2
a 410 289 0 13 9
a 413 96 0 25 8
a 413 517 0 22 6
a 416 605 0 25 6
a 416 297 0 50 7
a 417 626 0 25 10
a 417 813 0 9 10
a 418 907 0 25 6
a 418 656 0 29 9
a 419 437 0 25 5
a 419 669 0 30 4
a 421 895 0 25 3
a 421 587 0 48 9
a 422 94 0 25 6
a 422 565 0 4 8
a 423 959 0 25 9
a 423 870 0 28 7
a 425 123 0 25 8
a 425 301 0 22 8
a 426 503 0 25 10
a 426 63 0 42 2
a 427 656 0 25 10
a 427 329 0 8 8
a 428 242 0 25 10
a 428 630 0 34 5
a 429 938 0 25 10
a 429 134 0 27 5
a 431 528 0 25 9
a 431 608 0 26 8
a 433 777 0 25 3
a 433 560 0 50 10
a 436 524 0 25 8
a 436 476 0 25 9
a 437 178 0 25 9
a 437 595 0 49 2
a 439 164 0 25 3
a 439 772 0 16 4
a 441 500 0 25 9
a 441 39 0 20 4
a 446 79 0 25 1
a 446 83 0 39 1
a 448 729 0 25 10
a 448 514 0 25 3
a 449 428 0 25 6
a 449 973 0 11 7
a 450 91 0 25 8
a 450 214 0 18 9
a 451 133 0 25 8
a 451 915 0 22 4
a 452 168 0 25 4
a 452 200 0 13 9
a 453 581 0 25 10
a 453 892 0 50 6
a 454 659 0 25 5
a 454 621 0 22 1
a 456 989 0 25 8
a 456 377 0 33 8
a 457 955 0 25 7
a 457 391 0 43 5
a 458 339 0 25 4
a 458 67 0 45 6
a 459 747 0 25 3
a 459 476 0 35 9
a 460 517 0 25 6
a 460 801 0 30 3
a 461 426 0 25 5
a 461 933 0 38 2
a 463 979 0 25 10
a 463 720 0 28 2
a 469 922 0 25 6
a 469 961 0 38 4
a 471 854 0 25 8
a 471 122 0 5 6
a 473 549 0 25 1
a 473 579 0 48 5
a 474 797 0 25 5
a 474 339 0 45 8
a 476 891 0 25 3
a 476 117 0 39 2
a 477 632 0 25 3
a 477 532 0 37 6
a 478 312 0 25 3
a 478 81 0 28 5
a 481 250 0 25 6
a 481 744 0 31 4
a 482 92 0 25 1
a 482 281 0 39 3
a 483 342 0 25 9
a 483 120 0 27 9
a 484 58 0 25 5
a 484 182 0 37 7
a 486 558 0 25 10
a 486 264 0 44 7
a 487 983 0 25 10
a 487 839 0 6 6
a 488 988 0 25 10
a 488 658 0 9 9
a 492 281 0 25 5
a 492 382 0 30 7
a 496 449 0 25 3
a 496 569 0 18 6
a 500 136 0 25 7
a 500 352 0 33 7
a 503 640 0 25 8
a 503 901 0 21 6
a 505 771 0 25 4
a 505 818 0 44 5
a 512 781 0 25 2
a 512 131 0 7 5
a 513 253 0 25 6
a 513 173 0 28 9
a 515 389 0 25 10
a 515 579 0 42 2
a 517 85 0 25 10
a 517 415 0 9 4
a 518 229 0 25 6
a 518 200 0 13 10
a 520 454 0 25 4
a 520 709 0 38 2
a 523 55 0 25 1
a 523 481 0 21 6
a 524 836 0 25 8
a 524 218 0 11 6
a 527 410 0 25 10
a 527 1000 0 40 1
a 528 619 0 25 3
a 528 682 0 21 2
a 530 418 0 25 10
a 530 834 0 25 9
a 531 881 0 25 7
a 531 563 0 14 6
a 532 658 0 25 2
a 532 356 0 0 4
a 533 422 0 25 2
a 533 604 0 13 7
a 534 867 0 25 2
a 534 186 0 50 5
a 535 624 0 25 9
a 535 216 0 41 4
a 536 365 0 25 6
a 536 394 0 34 6
a 540 471 0 25 2
a 540 335 0 34 5
a 541 461 0 25 7
a 541 415 0 15 4
a 544 735 0 25 5
a 544 904 0 16 10
a 545 750 0 25 8
a 545 674 0 16 4
a 547 622 0 25 6
a 547 659 0 32 7
a 549 681 0 25 4
a 549 664 0 36 5
a 550 340 0 25 10
a 550 985 0 50 1
a 551 118 0 25 6
a 551 204 0 3 8
a 552 456 0 25 9
a 552 701 0 10 5
a 553 32 0 25 9
a 553 984 0 37 6
a 555 809 0 25 4
a 555 756 0 4 9
a 558 585 0 25 9
a 558 616 0 35 2
a 560 141 0 25 1
a 560 996 0 4 9
a 564 405 0 25 7
a 564 438 0 14 9
a 567 370 0 25 6
a 567 922 0 24 10
a 572 166 0 25 5
a 572 105 0 38 2
a 573 132 0 25 4
a 573 759 0 7 2
a 574 743 0 25 5
a 574 546 0 18 6
a 576 262 0 25 7
a 576 916 0 37 4
a 579 463 0 25 1
a 579 517 0 12 1
a 580 553 0 25 4
a 580 723 0 36 2
a 581 671 0 25 3
a 581 672 0 8 10
a 583 388 0 25 7
a 583 600 0 29 9
a 585 737 0 25 1
a 585 344 0 28 10
a 587 770 0 25 9
a 587 600 0 40 5
a 590 328 0 25 1
a 590 161 0 41 10
a 593 790 0 25 5
a 593 347 0 8 1
a 594 35 0 25 10
a 594 730 0 3 6
a 596 707 0 25 8
a 596 798 0 24 2
a 598 564 0 25 3
a 598 868 0 45 2
a 603 527 0 25 5
a 603 922 0 38 7
a 605 249 0 25 9
a 605 974 0 24 4
a 607 469 0 25 10
a 607 378 0 3 5
a 609 976 0 25 7
a 609 59 0 31 6
a 610 732 0 25 10
a 610 691 0 14 6
a 612 937 0 25 6
a 612 958 0 22 4
a 616 286 0 25 1
a 616 273 0 18 9
a 619 596 0 25 5
a 619 307 0 4 6
a 621 431 0 25 5
a 621 465 0 28 9
a 622 765 0 25 5
a 622 114 0 15 6
a 624 579 0 25 4
a 624 466 0 10 1
a 625 439 0 25 2
a 625 689 0 14 6
a 626 775 0 25 2
a 626 387 0 40 8
a 627 299 0 25 2
a 627 501 0 27 9
a 628 478 0 25 4
a 628 685 0 1 10
a 629 233 0 25 10
a 629 957 0 22 7
a 631 103 0 25 8
a 631 460 0 18 4
a 632 505 0 25 9
a 632 325 0 22 1
a 635 413 0 25 1
a 635 473 0 20 8
a 636 238 0 25 1
a 636 83 0 43 3
a 637 22 0 25 4
a 637 854 0 50 10
a 639 968 0 25 9
a 639 20 0 42 3
a 640 289 0 25 8
a 640 989 0 16 3
a 642 50 0 25 6
a 642 843 0 26 9
a 644 954 0 25 4
a 644 846 0 1 6
a 646 142 0 25 8
a 646 910 0 16 5
a 647 1000 0 25 5
a 647 546 0 21 6
a 650 316 0 25 3
a 650 714 0 15 2
a 653 636 0 25 8
a 653 616 0 41 4
a 655 685 0 25 7
a 655 325 0 27 2
a 656 429 0 25 7
a 656 441 0 5 8
a 657 227 0 25 7
a 657 218 0 31 4
a 658 567 0 25 3
a 658 742 0 10 4
a 659 723 0 25 4
a 659 474 0 39 4
a 660 786 0 25 1
a 660 254 0 16 3
a 661 768 0 25 6
a 661 518 0 13 4
a 665 371 0 25 2
a 665 293 0 2 6
a 666 279 0 25 1
a 666 737 0 6 8
a 668 212 0 25 7
a 668 48 0 12 9
a 671 460 0 25 2
a 671 720 0 28 8
a 673 395 0 25 5
a 673 178 0 23 5
a 674 910 0 25 1
a 674 837 0 34 2
a 675 877 0 25 8
a 675 805 0 41 2
a 678 409 0 25 10
a 678 111 0 45 4
a 679 711 0 25 5
a 679 396 0 7 6
a 680 987 0 25 10
a 680 704 0 28 10
a 681 927 0 25 2
a 681 317 0 16 5
a 682 779 0 25 5
a 682 304 0 3 8
a 683 481 0 25 3
a 683 837 0 46 5
a 685 256 0 25 8
a 685 266 0 3 3
a 686 195 0 25 10
a 686 364 0 24 1
a 688 861 0 25 7
a 688 513 0 45 8
a 689 594 0 25 5
a 689 957 0 41 8
a 691 841 0 25 5
a 691 642 0 40 6
a 692 975 0 25 3
a 692 623 0 13 3
a 693 441 0 25 10
a 693 885 0 21 9
a 696 889 0 25 3
a 696 96 0 8 6
a 699 473 0 25 6
a 699 889 0 49 7
a 700 878 0 25 2
a 700 174 0 2 5
a 704 190 0 25 8
a 704 288 0 28 8
a 707 77 0 25 2
a 707 253 0 23 6
a 709 721 0 25 8
a 709 959 0 28 10
a 711 393 0 25 2
a 711 846 0 28 10
a 712 540 0 25 2
a 712 817 0 10 5
a 719 631 0 25 7
a 719 376 0 3 2
a 721 660 0 25 9
a 721 754 0 20 3
a 723 815 0 25 5
a 723 85 0 36 8
a 725 764 0 25 7
a 725 843 0 33 10
a 727 134 0 25 8
a 727 968 0 36 7
a 728 587 0 25 2
a 728 709 0 33 8
a 729 482 0 25 3
a 729 597 0 47 10
a 732 80 0 25 9
a 732 253 0 48 9
a 735 674 0 25 10
a 735 148 0 27 3
a 736 869 0 25 2
a 736 515 0 35 4
a 737 678 0 25 7
a 737 564 0 17 2
a 740 198 0 25 9
a 740 434 0 18 2
a 742 887 0 25 6
a 742 761 0 23 10
a 743 679 0 25 5
a 743 266 0 44 6
a 744 603 0 25 6
a 744 166 0 45 4
a 745 234 0 25 4
a 745 253 0 48 6
a 747 488 0 25 10
a 747 702 0 24 3
a 749 457 0 25 6
a 749 322 0 37 4
a 750 647 0 25 7
a 750 847 0 3 4
a 754 929 0 25 10
a 754 753 0 26 6
a 755 213 0 25 7
a 755 29 0 31 4
a 759 225 0 25 3
a 759 339 0 50 5
a 760 476 0 25 1
a 760 890 0 10 2
a 764 531 0 25 4
a 764 339 0 31 2
a 765 780 0 25 1
a 765 673 0 34 1
a 768 512 0 25 4
a 768 252 0 20 4
a 770 655 0 25 5
a 770 832 0 9 9
a 771 474 0 25 3
a 771 790 0 7 2
a 772 793 0 25 3
a 772 356 0 20 9
a 773 533 0 25 2
a 773 998 0 0 3
a 774 308 0 25 8
a 774 987 0 19 1
a 775 593 0 25 2
a 775 728 0 34 2
a 777 666 0 25 2
a 777 467 0 24 3
a 778 803 0 25 3
a 778 892 0 43 7
a 779 727 0 25 3
a 779 725 0 1 5
a 780 243 0 25 2
a 780 700 0 32 3
a 781 45 0 25 5
a 781 848 0 21 3
a 784 296 0 25 9
a 784 101 0 46 6
a 786 682 0 25 9
a 786 489 0 25 8
a 789 345 0 25 5
a 789 820 0 36 9
a 790 217 0 25 1
a 790 26 0 43 6
a 791 82 0 25 6
a 791 954 0 18 8
a 792 692 0 25 8
a 792 915 0 49 9
a 793 34 0 25 8
a 793 828 0 43 4
a 797 247 0 25 7
a 797 898 0 38 2
a 798 598 0 25 8
a 798 150 0 35 9
a 799 484 0 25 2
a 799 879 0 13 5
a 803 160 0 25 5
a 803 715 0 46 5
a 804 688 0 25 4
a 804 532 0 14 3
a 806 844 0 25 8
a 806 15 0 42 2
a 807 145 0 25 7
a 807 275 0 39 7
a 808 366 0 25 10
a 808 87 0 44 4
a 809 843 0 25 1
a 809 898 0 5 4
a 810 363 0 25 9
a 810 383 0 16 9
a 815 852 0 25 6
a 815 32 0 12 1
a 816 369 0 25 9
a 816 683 0 26 8
a 817 48 0 25 5
a 817 168 0 42 4
a 818 259 0 25 3
a 818 669 0 18 2
a 823 451 0 25 8
a 823 535 0 41 6
a 824 807 0 25 7
a 824 166 0 21 9
a 825 904 0 25 2
a 825 637 0 47 9
a 831 337 0 25 10
a 831 992 0 4 3
a 835 609 0 25 4
a 835 712 0 12 2
a 836 241 0 25 5
a 836 944 0 6 6
a 837 712 0 25 7
a 837 306 0 13 8
a 841 304 0 25 2
a 841 705 0 46 4
a 842 487 0 25 8
a 842 137 0 12 1
a 843 668 0 25 6
a 843 237 0 15 3
a 844 977 0 25 1
a 844 362 0 42 9
a 849 492 0 25 10
a 849 604 0 1 10
a 850 483 0 25 2
a 850 421 0 1 4
a 851 63 0 25 7
a 851 580 0 8 10
a 852 323 0 25 9
a 852 335 0 12 6
a 854 318 0 25 6
a 854 16 0 48 10
a 856 450 0 25 3
a 856 449 0 22 6
a 857 127 0 25 6
a 857 928 0 43 6
a 858 124 0 25 4
a 858 599 0 43 5
a 861 915 0 25 9
a 861 691 0 13 5
a 865 719 0 25 5
a 865 186 0 24 3
a 867 358 0 25 10
a 867 533 0 43 7
a 869 191 0 25 3
a 869 691 0 1 1
a 872 377 0 25 3
a 872 984 0 0 3
a 877 184 0 25 10
a 877 483 0 12 4
a 878 997 0 25 3
a 878 785 0 29 9
a 879 115 0 25 2
a 879 151 0 15 1
a 881 884 0 25 2
a 881 611 0 49 9
a 882 146 0 25 3
a 882 625 0 13 10
a 884 135 0 25 2
a 884 246 0 40 6
a 885 550 0 25 7
a 885 627 0 5 6
a 887 642 0 25 4
a 887 994 0 40 6
a 889 728 0 25 1
a 889 69 0 11 10
a 890 320 0 25 7
a 890 565 0 24 3
a 891 906 0 25 9
a 891 808 0 10 10
a 895 879 0 25 5
a 895 469 0 45 8
a 896 610 0 25 7
a 896 857 0 30 9
a 897 294 0 25 1
a 897 372 0 35 1
a 898 275 0 25 2
a 898 529 0 24 9
a 900 789 0 25 7
a 900 381 0 32 10
a 901 657 0 25 10
a 901 480 0 40 10
a 904 394 0 25 8
a 904 570 0 12 7
a 906 93 0 25 5
a 906 937 0 28 3
a 907 535 0 25 9
a 907 109 0 26 9
a 909 515 0 25 3
a 909 556 0 29 7
a 910 686 0 25 3
a 910 568 0 44 6
a 913 909 0 25 7
a 913 314 0 6 1
a 915 260 0 25 4
a 915 441 0 46 1
a 917 661 0 25 1
a 917 892 0 10 2
a 921 745 0 25 8
a 921 335 0 37 2
a 922 644 0 25 4
a 922 730 0 1 7
a 924 635 0 25 5
a 924 137 0 1 3
a 927 17 0 25 1
a 927 344 0 18 10
a 929 197 0 25 10
a 929 280 0 23 8
a 934 188 0 25 3
a 934 852 0 6 6
a 935 336 0 25 6
a 935 397 0 43 6
a 937 816 0 25 1
a 937 369 0 42 6
a 938 403 0 25 5
a 938 16 0 39 10
a 940 170 0 25 8
a 940 867 0 25 1
a 943 375 0 25 5
a 943 561 0 12 3
a 944 222 0 25 8
a 944 873 0 39 2
a 945 913 0 25 4
a 945 298 0 13 8
a 949 665 0 25 2
a 949 193 0 44 8
a 953 228 0 25 9
a 953 210 0 36 4
a 954 149 0 25 1
a 954 871 0 3 6
a 955 523 0 25 5
a 955 763 0 5 4
a 957 536 0 25 1
a 957 685 0 43 2
a 959 842 0 25 7
a 959 92 0 43 3
a 960 343 0 25 3
a 960 94 0 36 5
a 961 580 0 25 8
a 961 178 0 2 5
a 962 348 0 25 7
a 962 712 0 0 1
a 968 386 0 25 9
a 968 259 0 41 5
a 972 518 0 25 10
a 972 644 0 44 10
a 975 224 0 25 9
a 975 311 0 5 4
a 976 675 0 25 9
a 976 170 0 14 10
a 977 119 0 25 8
a 977 268 0 16 8
a 979 921 0 25 7
a 979 64 0 0 3
a 980 163 0 25 9
a 980 988 0 14 1
a 983 380 0 25 10
a 983 837 0 39 10
a 986 425 0 25 9
a 986 180 0 2 7
a 987 423 0 25 3
a 987 904 0 7 4
a 988 872 0 25 2
a 988 985 0 40 5
a 989 992 0 25 7
a 989 111 0 43 3
a 992 322 0 25 4
a 992 625 0 9 2
a 996 165 0 25 8
a 996 658 0 1 2
a 997 452 0 25 4
a 997 545 0 11 6
a 2 880 0 25 3
a 2 691 0 20 7
a 4 246 0 25 7
a 4 530 0 30 5
a 5 701 0 25 1
a 5 305 0 6 7
a 6 670 0 25 7
a 6 610 0 42 3
a 9 264 0 25 4
a 9 994 0 26 4
a 10 985 0 25 7
a 10 665 0 7 7
a 11 876 0 25 9
a 11 486 0 23 6
a 12 995 0 25 5
a 12 717 0 27 9
a 13 24 0 25 4
a 13 576 0 40 10
a 16 705 0 25 2
a 16 822 0 19 3
a 19 254 0 25 7
a 19 778 0 3 8
a 20 591 0 25 3
a 20 830 0 30 3
a 21 623 0 25 4
a 21 477 0 45 4
a 23 29 0 25 7
a 23 669 0 31 10
a 24 599 0 25 3
a 24 273 0 42 9
a 27 110 0 25 4
a 27 335 0 50 10
a 28 950 0 25 7
a 28 461 0 9 7
a 29 97 0 25 2
a 29 912 0 8 3
a 30 886 0 25 4
a 30 580 0 3 10
a 31 566 0 25 6
a 31 371 0 22 1
a 33 563 0 25 10
a 33 442 0 36 10
a 38 116 0 25 8
a 38 18 0 36 8
a 39 871 0 25 7
a 39 769 0 39 8
a 40 648 0 25 4
a 40 836 0 7 1
a 42 498 0 25 3
a 42 458 0 33 6
a 43 251 0 25 7
a 43 636 0 8 5
a 46 324 0 25 6
a 46 131 0 40 10
a 47 297 0 25 10
a 47 628 0 14 10
a 49 235 0 25 4
a 49 511 0 26 1
a 52 310 0 25 6
a 52 496 0 25 10
a 53 144 0 25 5
a 53 386 0 25 9
a 54 432 0 25 8
a 54 833 0 24 10
a 56 303 0 25 5
a 56 76 0 11 5
a 57 27 0 25 7
a 57 705 0 24 8
a 60 6 0 25 5
a 60 706 0 5 1
a 61 578 0 25 5
a 61 993 0 39 8
a 64 180 0 25 1
a 64 833 0 18 4
a 65 90 0 25 6
a 65 243 0 22 1
a 66 654 0 25 9
a 66 240 0 42 7
a 70 468 0 25 7
a 70 359 0 41 7
a 71 589 0 25 4
a 71 134 0 30 10
a 72 542 0 25 3
a 72 912 0 27 8
a 75 129 0 25 5
a 75 829 0 34 3
a 81 462 0 25 9
a 81 958 0 39 3
a 83 16 0 25 4
a 83 579 0 50 10
a 84 893 0 25 6
a 84 295 0 42 1
a 86 61 0 25 6
a 86 575 0 15 7
a 87 677 0 25 8
a 87 828 0 19 10
a 88 64 0 25 3
a 88 224 0 10 4
a 89 204 0 25 1
a 89 56 0 2 7
a 90 10 0 25 6
a 90 116 0 43 9
a 97 497 0 25 6
a 97 675 0 16 10
a 98 892 0 25 2
a 98 814 0 37 3
a 99 663 0 25 3
a 99 781 0 2 2
a 100 899 0 25 1
a 100 558 0 25 2
a 101 278 0 25 2
a 101 733 0 25 6
a 102 608 0 25 1
a 102 379 0 18 7
a 104 829 0 25 4
a 104 995 0 5 6
a 105 859 0 25 10
a 105 600 0 50 3
a 107 30 0 25 10
a 107 556 0 36 2
a 108 984 0 25 6
a 108 41 0 19 6
a 109 424 0 25 7
a 109 594 0 9 10
a 110 206 0 25 7
a 110 887 0 33 7
a 111 993 0 25 9
a 111 121 0 15 6
a 112 21 0 25 4
a 112 650 0 14 5
a 113 502 0 25 8
a 113 804 0 1 8
a 114 860 0 25 7
a 114 521 0 33 8
a 116 847 0 25 7
a 116 975 0 8 3
a 117 277 0 25 7
a 117 877 0 12 4
a 122 361 0 25 1
a 122 791 0 19 8
a 125 894 0 25 9
a 125 332 0 8 5
a 126 100 0 25 7
a 126 37 0 48 4
a 129 1000 0 25 7
a 129 639 0 21 3
a 130 521 0 25 8
a 130 379 0 31 6
a 131 71 0 25 4
a 131 673 0 25 2
a 138 820 0 25 9
a 138 371 0 24 3
a 139 351 0 25 6
a 139 105 0 6 3
a 140 525 0 25 9
a 140 360 0 6 7
a 144 948 0 25 4
a 144 578 0 24 2
a 147 114 0 25 9
a 147 912 0 41 1
a 148 991 0 25 2
a 148 238 0 26 8
a 155 159 0 25 6
a 155 595 0 24 8
a 157 504 0 25 6
a 157 547 0 3 8
a 158 98 0 25 8
a 158 674 0 37 7
a 159 715 0 25 5
a 159 792 0 40 6
a 161 946 0 25 9
a 161 641 0 18 6
a 162 821 0 25 8
a 162 25 0 46 7
a 169 214 0 25 9
a 169 9 0 15 4
a 174 209 0 25 2
a 174 609 0 31 2
a 176 933 0 25 9
a 176 835 0 26 9
a 177 485 0 25 9
a 177 60 0 7 3
a 179 192 0 25 1
a 179 758 0 4 7
a 180 112 0 25 9
a 180 284 0 6 5
a 181 185 0 25 3
a 181 796 0 10 4
a 182 346 0 25 10
a 182 699 0 16 6
a 185 787 0 25 6
a 185 18 0 45 3
a 186 868 0 25 6
a 186 806 0 29 10
a 187 174 0 25 6
a 187 879 0 48 6
a 192 11 0 25 2
a 192 736 0 8 10
a 193 248 0 25 6
a 193 717 0 0 10
a 194 329 0 25 3
a 194 682 0 40 10
a 200 828 0 25 1
a 200 112 0 37 5
a 201 667 0 25 5
a 201 563 0 29 9
a 204 577 0 25 2
a 204 382 0 49 7
a 206 630 0 25 8
a 206 116 0 23 7
a 207 862 0 25 7
a 207 696 0 38 7
a 209 126 0 25 3
a 209 87 0 36 6
a 210 932 0 25 5
a 210 248 0 34 7
a 211 716 0 25 1
a 211 956 0 15 6
a 214 404 0 25 5
a 214 900 0 38 8
a 215 710 0 25 4
a 215 889 0 24 7
a 220 918 0 25 9
a 220 300 0 12 6
a 221 652 0 25 1
a 221 979 0 22 7
a 223 970 0 25 1
a 223 495 0 29 5
a 230 444 0 25 5
a 230 523 0 14 6
a 231 443 0 25 8
a 231 349 0 16 5
a 232 664 0 25 1
a 232 954 0 50 4
a 235 748 0 25 9
a 235 620 0 39 8
a 236 539 0 25 2
a 236 850 0 35 10
a 237 783 0 25 2
a 237 941 0 37 9
a 239 306 0 25 3
a 239 918 0 24 5
a 240 479 0 25 4
a 240 865 0 12 3
a 244 994 0 25 4
a 244 565 0 50 1
a 246 508 0 25 10
a 246 589 0 31 8
a 248 561 0 25 8
a 248 210 0 25 3
a 251 334 0 25 9
a 251 476 0 6 4
a 252 557 0 25 6
a 252 213 0 31 3
a 254 695 0 25 7
a 254 861 0 20 9
a 257 617 0 25 7
a 257 12 0 1 3
a 261 919 0 25 3
a 261 968 0 43 8
a 264 201 0 25 7
a 264 896 0 0 2
a 266 931 0 25 1
a 266 853 0 41 6
a 267 738 0 25 1
a 267 510 0 17 1
a 268 347 0 25 2
a 268 408 0 45 5
a 270 383 0 25 6
a 270 498 0 30 6
a 271 187 0 25 4
a 271 886 0 35 6
a 273 447 0 25 8
a 273 542 0 46 6
a 274 177 0 25 2
a 274 228 0 26 9
a 276 999 0 25 3
a 276 56 0 25 8
a 277 805 0 25 4
a 277 728 0 25 7
a 278 392 0 25 9
a 278 572 0 0 5
a 280 690 0 25 10
a 280 578 0 1 1
a 282 466 0 25 7
a 282 71 0 12 9
a 283 157 0 25 7
a 283 436 0 19 2
a 284 43 0 25 3
a 284 370 0 38 4
a 287 40 0 25 7
a 287 969 0 47 7
a 291 720 0 25 1
a 291 10 0 29 1
a 292 684 0 25 6
a 292 153 0 30 1
a 293 317 0 25 3
a 293 290 0 34 3
a 297 741 0 25 4
a 297 443 0 49 10
a 303 89 0 25 2
a 303 841 0 49 7
a 305 785 0 25 6
a 305 147 0 35 10
a 306 138 0 25 9
a 306 884 0 33 1
a 310 266 0 25 9
a 310 419 0 35 10
a 313 305 0 25 6
a 313 866 0 12 4
a 314 338 0 25 5
a 314 282 0 34 1
a 315 802 0 25 7
a 315 459 0 8 9
a 317 491 0 25 5
a 317 595 0 18 3
a 321 406 0 25 7
a 321 411 0 14 10
a 324 967 0 25 9
a 324 928 0 34 4
a 325 731 0 25 7
a 325 806 0 13 5
a 326 282 0 25 6
a 326 759 0 24 3
a 327 794 0 25 5
a 327 634 0 14 6
a 329 210 0 25 5
a 329 471 0 23 7
a 330 125 0 25 6
a 330 822 0 1 1
a 331 634 0 25 7
a 331 132 0 48 3
a 333 855 0 25 3
a 333 787 0 33 4
a 334 519 0 25 6
a 334 861 0 45 5
a 338 965 0 25 4
a 338 628 0 31 8
a 344 179 0 25 8
a 344 586 0 2 10
a 346 384 0 25 6
a 346 374 0 11 1
a 347 746 0 25 10
a 347 488 0 7 8
a 350 442 0 25 10
a 350 481 0 19 1
a 351 964 0 25 1
a 351 181 0 20 5
a 353 611 0 25 8
a 353 216 0 2 8
a 354 237 0 25 4
a 354 44 0 35 10
a 356 767 0 25 3
a 356 951 0 29 10
a 359 514 0 25 9
a 359 908 0 0 6
a 360 638 0 25 10
a 360 364 0 49 8
a 361 52 0 25 2
a 361 943 0 48 10
a 368 752 0 25 10
a 368 144 0 50 7
a 372 543 0 25 9
a 372 983 0 8 2
a 373 382 0 25 2
a 373 39 0 36 1
a 374 981 0 25 6
a 374 332 0 10 8
a 376 387 0 25 10
a 376 97 0 18 5
a 378 139 0 25 7
a 378 712 0 42 2
a 382 273 0 25 2
a 382 250 0 17 8
a 383 569 0 25 8
a 383 800 0 29 3
a 384 117 0 25 1
a 384 417 0 24 4
a 385 101 0 25 4
a 385 154 0 17 9
a 387 325 0 25 10
a 387 552 0 0 9
a 392 407 0 25 6
a 392 758 0 39 7
a 396 113 0 25 6
a 396 920 0 44 9
a 397 314 0 25 1
a 397 800 0 37 7
a 398 412 0 25 4
a 398 246 0 8 1
a 401 669 0 25 7
a 401 894 0 6 5
a 402 239 0 25 3
a 402 526 0 13 6
a 404 23 0 25 6
a 404 890 0 49 7
a 406 397 0 25 4
a 406 401 0 26 9
a 407 706 0 25 7
a 407 619 0 36 8
a 408 812 0 25 4
a 408 855 0 44 10
a 411 47 0 25 9
a 411 117 0 45 2
a 412 827 0 25 4
a 412 941 0 5 3
a 414 796 0 25 2
a 414 93 0 30 1
a 415 276 0 25 3
a 415 571 0 33 3
a 420 733 0 25 5
a 420 971 0 9 5
a 424 832 0 25 3
a 424 535 0 34 2
a 430 703 0 25 4
a 430 996 0 4 5
a 432 105 0 25 9
a 432 160 0 28 10
a 434 411 0 25 1
a 434 490 0 32 10
a 435 291 0 25 3
a 435 553 0 32 6
a 438 575 0 25 1
a 438 211 0 4 1
a 440 70 0 25 8
a 440 860 0 15 8
a 442 122 0 25 3
a 442 25 0 46 4
a 443 641 0 25 4
a 443 417 0 38 10
a 444 761 0 25 2
a 444 423 0 46 3
a 445 556 0 25 7
a 445 685 0 28 8
a 447 284 0 25 8
a 447 596 0 37 9
a 455 529 0 25 7
a 455 600 0 24 1
a 462 169 0 25 3
a 462 618 0 31 2
a 464 713 0 25 4
a 464 507 0 23 1
a 465 795 0 25 1
a 465 885 0 30 4
a 466 472 0 25 5
a 466 46 0 36 7
a 467 956 0 25 2
a 467 348 0 25 3
a 468 848 0 25 9
a 468 976 0 32 2
a 470 182 0 25 6
a 470 91 0 14 10
a 472 912 0 25 7
a 472 458 0 24 3
a 475 597 0 25 5
a 475 840 0 3 3
a 479 252 0 25 6
a 479 607 0 10 3
a 480 758 0 25 4
a 480 374 0 36 5
a 485 645 0 25 10
a 485 838 0 11 5
a 489 223 0 25 2
a 489 129 0 34 3
a 490 973 0 25 4
a 490 451 0 5 5
a 491 756 0 25 5
a 491 994 0 39 8
a 493 939 0 25 7
a 493 104 0 7 1
a 494 724 0 25 4
a 494 705 0 9 2
a 495 396 0 25 5
a 495 382 0 0 4
a 497 903 0 25 7
a 497 929 0 12 4
a 498 819 0 25 8
a 498 626 0 1 10
a 499 633 0 25 1
a 499 239 0 19 10
a 501 420 0 25 4
a 501 362 0 35 1
a 502 614 0 25 10
a 502 211 0 50 6
a 504 315 0 25 2
a 504 71 0 23 8
a 506 615 0 25 10
a 506 671 0 14 8
a 507 88 0 25 4
a 507 837 0 38 6
a 508 762 0 25 5
a 508 994 0 32 1
a 509 354 0 25 1
a 509 646 0 11 3
a 510 42 0 25 6
a 510 178 0 2 9
a 511 651 0 25 5
a 511 338 0 48 6
a 514 801 0 25 10
a 514 610 0 50 10
a 516 870 0 25 8
a 516 789 0 22 2
a 519 509 0 25 6
a 519 265 0 39 4
a 521 402 0 25 1
a 521 714 0 15 5
a 522 584 0 25 10
a 522 196 0 45 4
a 525 28 0 25 3
a 525 329 0 39 7
a 526 905 0 25 4
a 526 743 0 24 4
a 529 766 0 25 9
a 529 123 0 48 5
a 537 33 0 25 2
a 537 103 0 38 2
a 538 283 0 25 1
a 538 80 0 6 2
a 539 374 0 25 8
a 539 40 0 44 4
a 542 215 0 25 10
a 542 455 0 44 6
a 543 147 0 25 2
a 543 505 0 0 1
a 546 920 0 25 7
a 546 436 0 37 6
a 548 373 0 25 1
a 548 943 0 29 4
a 554 131 0 25 2
a 554 694 0 13 3
a 556 257 0 25 4
a 556 889 0 13 8
a 557 155 0 25 3
a 557 715 0 22 8
a 559 600 0 25 3
a 559 902 0 14 1
a 561 941 0 25 6
a 561 466 0 24 5
a 562 908 0 25 6
a 562 46 0 36 7
a 563 998 0 25 1
a 563 594 0 4 2
a 565 231 0 25 3
a 565 968 0 5 1
a 566 958 0 25 9
a 566 137 0 21 9
a 568 613 0 25 2
a 568 367 0 24 5
a 569 31 0 25 10
a 569 560 0 42 7
a 570 676 0 25 8
a 570 562 0 12 7
a 571 13 0 25 7
a 571 909 0 21 9
a 575 350 0 25 5
a 575 95 0 34 7
a 577 866 0 25 5
a 577 161 0 8 1
a 578 378 0 25 6
a 578 324 0 15 6
a 582 971 0 25 6
a 582 591 0 18 9
a 584 200 0 25 4
a 584 378 0 1 7
a 586 501 0 25 2
a 586 616 0 9 10
a 588 499 0 25 9
a 588 470 0 32 4
a 589 430 0 25 4
a 589 980 0 36 1
a 591 287 0 25 8
a 591 605 0 41 3
a 592 969 0 25 3
a 592 775 0 37 3
a 595 883 0 25 4
a 595 967 0 10 6
a 597 271 0 25 4
a 597 445 0 29 4
a 599 698 0 25 5
a 599 547 0 20 1
a 600 739 0 25 8
a 600 338 0 7 4
a 601 236 0 25 1
a 601 764 0 29 7
a 602 54 0 25 10
a 602 858 0 21 4
a 604 788 0 25 10
a 604 38 0 31 8
a 606 344 0 25 10
a 606 942 0 5 7
a 608 176 0 25 3
a 608 565 0 23 1
a 611 49 0 25 5
a 611 508 0 10 6
a 613 53 0 25 7
a 613 824 0 9 5
a 614 936 0 25 9
a 614 120 0 39 10
a 615 947 0 25 9
a 615 505 0 20 10
a 617 83 0 25 8
a 617 547 0 40 4
a 618 274 0 25 1
a 618 73 0 24 7
a 620 902 0 25 1
a 620 835 0 49 9
a 623 75 0 25 7
a 623 49 0 21 3
a 630 321 0 25 3
a 630 240 0 12 6
a 633 565 0 25 9
a 633 743 0 31 8
a 634 833 0 25 2
a 634 967 0 24 9
a 638 926 0 25 6
a 638 306 0 46 4
a 641 480 0 25 3
a 641 777 0 50 9
a 643 267 0 25 9
a 643 246 0 38 6
a 645 643 0 25 10
a 645 118 0 42 9
a 648 974 0 25 9
a 648 165 0 8 3
a 649 368 0 25 4
a 649 791 0 6 4
a 651 734 0 25 5
a 651 770 0 28 7
a 652 751 0 25 1
a 652 793 0 47 9
a 654 606 0 25 5
a 654 725 0 10 4
a 662 963 0 25 4
a 662 808 0 32 6
a 663 193 0 25 3
a 663 313 0 46 4
a 664 830 0 25 2
a 664 149 0 10 5
a 667 4 0 25 2
a 667 369 0 20 4
a 669 864 0 25 6
a 669 763 0 43 10
a 670 261 0 25 1
a 670 899 0 40 7
a 672 490 0 25 6
a 672 147 0 1 9
a 676 718 0 25 8
a 676 806 0 2 3
a 677 925 0 25 5
a 677 122 0 0 1
a 684 595 0 25 3
a 684 359 0 32 3
a 687 353 0 25 2
a 687 196 0 43 7
a 690 12 0 25 7
a 690 820 0 12 10
a 694 376 0 25 8
a 694 111 0 44 5
a 695 268 0 25 6
a 695 660 0 23 8
a 697 385 0 25 6
a 697 23 0 30 6
a 698 270 0 25 9
a 698 564 0 11 10
a 701 57 0 25 3
a 701 398 0 9 2
a 702 99 0 25 7
a 702 308 0 18 7
a 703 162 0 25 9
a 703 845 0 44 7
a 705 333 0 25 3
a 705 47 0 47 1
a 706 846 0 25 10
a 706 225 0 36 5
a 708 888 0 25 7
a 708 616 0 0 2
a 710 753 0 25 2
a 710 844 0 30 6
a 713 181 0 25 5
a 713 30 0 9 10
a 714 911 0 25 10
a 714 550 0 18 5
a 715 874 0 25 2
a 715 716 0 21 7
a 716 662 0 25 6
a 716 855 0 29 4
a 717 489 0 25 6
a 717 418 0 34 1
a 718 730 0 25 10
a 718 197 0 35 5
a 720 81 0 25 5
a 720 472 0 24 10
a 722 470 0 25 3
a 722 460 0 48 1
a 724 838 0 25 5
a 724 860 0 1 8
a 726 440 0 25 5
a 726 487 0 45 9
a 730 19 0 25 5
a 730 642 0 28 10
a 731 331 0 25 2
a 731 69 0 28 9
a 733 326 0 25 1
a 733 790 0 43 5
a 734 800 0 25 9
a 734 689 0 50 10
a 738 526 0 25 3
a 738 912 0 40 1
a 739 130 0 25 6
a 739 428 0 47 10
a 741 990 0 25 10
a 741 649 0 41 5
a 746 571 0 25 3
a 746 90 0 44 6
a 748 916 0 25 4
a 748 36 0 38 10
a 751 814 0 25 6
a 751 546 0 43 8
a 752 464 0 25 7
a 752 793 0 6 8
a 753 102 0 25 2
a 753 336 0 39 9
a 756 86 0 25 3
a 756 568 0 36 1
a 757 39 0 25 3
a 757 125 0 20 7
a 758 359 0 25 4
a 758 22 0 26 3
a 761 548 0 25 9
a 761 93 0 21 8
a 762 46 0 25 3
a 762 466 0 46 2
a 763 618 0 25 5
a 763 608 0 29 1
a 766 109 0 25 5
a 766 913 0 37 2
a 767 507 0 25 3
a 767 753 0 22 8
a 769 516 0 25 4
a 769 256 0 23 3
a 776 966 0 25 3
a 776 474 0 48 4
a 782 510 0 25 4
a 782 321 0 30 8
a 783 207 0 25 4
a 783 401 0 16 8
a 785 38 0 25 5
a 785 522 0 46 2
a 787 839 0 25 9
a 787 746 0 41 5
a 788 562 0 25 1
a 788 990 0 24 5
a 794 244 0 25 10
a 794 182 0 30 6
a 795 158 0 25 4
a 795 143 0 14 8
a 796 20 0 25 2
a 796 360 0 41 9
a 800 506 0 25 6
a 800 255 0 28 8
a 801 511 0 25 8
a 801 46 0 26 7
a 802 822 0 25 3
a 802 483 0 27 1
a 805 708 0 25 5
a 805 658 0 26 9
a 811 982 0 25 4
a 811 18 0 48 2
a 812 475 0 25 9
a 812 515 0 49 7
a 813 327 0 25 4
a 813 727 0 42 4
a 814 465 0 25 7
a 814 413 0 31 10
a 819 726 0 25 4
a 819 704 0 49 7
a 820 60 0 25 8
a 820 105 0 44 7
a 821 914 0 25 5
a 821 404 0 15 9
a 822 522 0 25 8
a 822 735 0 36 1
a 826 401 0 25 5
a 826 823 0 0 4
a 827 84 0 25 2
a 827 488 0 41 7
a 828 586 0 25 6
a 828 814 0 25 2
a 829 108 0 25 8
a 829 17 0 7 5
a 830 356 0 25 4
a 830 302 0 12 1
a 832 104 0 25 8
a 832 102 0 16 1
a 833 570 0 25 10
a 833 478 0 24 8
a 834 494 0 25 3
a 834 303 0 0 5
a 838 592 0 25 4
a 838 279 0 35 5
a 839 186 0 25 5
a 839 421 0 25 1
a 840 5 0 25 10
a 840 804 0 45 4
a 845 978 0 25 1
a 845 483 0 22 3
a 846 782 0 25 7
a 846 653 0 42 5
a 847 702 0 25 3
a 847 889 0 25 8
a 848 292 0 25 7
a 848 429 0 41 7
a 853 445 0 25 4
a 853 436 0 6 4
a 855 863 0 25 7
a 855 421 0 45 3
a 859 87 0 25 7
a 859 627 0 19 5
a 860 717 0 25 10
a 860 107 0 29 4
a 862 65 0 25 6
a 862 51 0 49 4
a 863 9 0 25 3
a 863 161 0 32 8
a 864 293 0 25 2
a 864 691 0 12 4
a 866 221 0 25 4
a 866 146 0 50 4
a 868 853 0 25 9
a 868 162 0 21 7
a 870 372 0 25 7
a 870 602 0 17 3
a 871 845 0 25 7
a 871 843 0 25 2
a 873 834 0 25 7
a 873 321 0 16 2
a 874 538 0 25 2
a 874 448 0 20 9
a 875 813 0 25 9
a 875 903 0 36 4
a 876 928 0 25 1
a 876 342 0 18 6
a 880 408 0 25 2
a 880 179 0 29 5
a 883 769 0 25 7
a 883 82 0 31 5
a 886 942 0 25 8
a 886 510 0 13 6
a 888 588 0 25 2
a 888 756 0 42 7
a 892 72 0 25 1
a 892 611 0 36 7
a 893 537 0 25 2
a 893 325 0 7 7
a 894 697 0 25 2
a 894 356 0 39 2
a 899 438 0 25 3
a 899 181 0 8 6
a 902 811 0 25 10
a 902 606 0 25 7
a 903 230 0 25 6
a 903 486 0 16 6
a 905 554 0 25 10
a 905 863 0 2 6
a 908 232 0 25 4
a 908 217 0 0 6
a 911 66 0 25 8
a 911 286 0 43 4
a 912 582 0 25 10
a 912 871 0 44 10
a 914 602 0 25 10
a 914 274 0 25 10
a 916 398 0 25 6
a 916 217 0 4 2
a 918 826 0 25 6
a 918 50 0 38 8
a 919 330 0 25 6
a 919 9 0 28 6
a 920 220 0 25 2
a 920 201 0 20 9
a 923 435 0 25 10
a 923 754 0 1 1
a 925 415 0 25 3
a 925 142 0 25 5
a 926 951 0 25 2
a 926 907 0 9 2
a 928 840 0 25 5
a 928 637 0 23 5
a 930 757 0 25 6
a 930 852 0 2 1
a 931 559 0 25 4
a 931 363 0 16 5
a 932 875 0 25 2
a 932 227 0 26 7
a 933 694 0 25 10
a 933 765 0 16 10
a 936 776 0 25 8
a 936 23 0 14 7
a 939 546 0 25 8
a 939 642 0 28 5
a 941 601 0 25 6
a 941 402 0 15 8
a 942 687 0 25 9
a 942 731 0 42 8
a 946 873 0 25 5
a 946 656 0 49 3
a 947 620 0 25 6
a 947 271 0 21 4
a 948 140 0 25 10
a 948 133 0 50 2
a 950 714 0 25 9
a 950 172 0 43 5
a 951 930 0 25 8
a 951 556 0 48 6
a 952 414 0 25 1
a 952 534 0 1 8
a 956 211 0 25 2
a 956 626 0 45 7
a 958 952 0 25 10
a 958 532 0 15 6
a 963 763 0 25 8
a 963 678 0 17 1
a 964 568 0 25 2
a 964 31 0 13 10
a 965 604 0 25 2
a 965 824 0 20 1
a 966 722 0 25 8
a 966 603 0 13 1
a 967 360 0 25 2
a 967 965 0 26 4
a 969 923 0 25 3
a 969 410 0 1 9
a 970 455 0 25 9
a 970 549 0 6 4
a 971 280 0 25 2
a 971 105 0 24 3
a 973 467 0 25 1
a 973 159 0 50 7
a 974 107 0 25 4
a 974 72 0 28 10
a 978 672 0 25 5
a 978 493 0 40 8
a 981 493 0 25 5
a 981 444 0 27 1
a 982 313 0 25 10
a 982 11 0 27 5
a 984 434 0 25 10
a 984 156 0 26 5
a 985 649 0 25 10
a 985 131 0 44 4
a 990 111 0 25 1
a 990 471 0 44 7
a 991 240 0 25 4
a 991 716 0 13 2
a 993 194 0 25 8
a 993 289 0 46 7
a 994 161 0 25 6
a 994 312 0 33 4
a 995 495 0 25 8
a 995 38 0 18 2
a 998 148 0 25 5
a 998 907 0 26 3
