c PyNETGEN v1.0.0
c $ pip install pynetgen
c
c  NETGEN flow network generation algorithm
c  Problem input parameters
c  -------------------------------------
c   Random seed:          13
c   Number of nodes:      1000
c   Source nodes:         2
c   Sink nodes:           2
c   Number of arcs:       2000
c   Minimum arc cost:     1
c   Maximum arc cost:     10
c   Total supply:         50
c   Transshipment -
c     Sources:            0
c     Sinks:              0
c   Skeleton arcs -
c     With max cost:      0
c     Capacitated:        100
c   Minimum arc capacity: 0
c   Maximum arc capacity: 50
c
c  *** Minimum cost flow ***
c
p min 1000 2000
n 1 25
n 2 25
n 999 -32
n 1000 -18
a 1 561 0 25 8
a 1 638 0 28 9
a 1 440 0 2 1
a 7 304 0 25 6
a 7 184 0 42 2
a 7 255 0 28 7
a 8 981 0 25 2
a 8 325 0 42 4
a 8 16 0 31 4
a 9 620 0 25 8
a 9 285 0 33 1
a 10 972 0 25 3
a 10 551 0 25 8
a 10 676 0 20 8
a 11 89 0 25 10
a 11 618 0 15 5
a 13 806 0 25 10
a 13 648 0 4 6
a 14 410 0 25 1
a 14 916 0 15 5
a 15 959 0 25 4
a 15 986 0 28 6
a 17 662 0 25 8
a 17 173 0 33 3
a 18 60 0 25 5
a 18 926 0 32 2
a 20 884 0 25 3
a 20 123 0 22 1
a 22 74 0 25 9
a 22 160 0 48 3
a 23 309 0 25 4
a 23 613 0 45 7
a 24 523 0 25 6
a 24 726 0 43 6
a 25 104 0 25 3
a 25 888 0 50 1
a 26 178 0 25 2
a 26 45 0 23 6
a 27 84 0 25 1
a 27 636 0 33 7
a 31 579 0 25 3
a 31 899 0 49 10
a 33 257 0 25 2
a 33 117 0 25 7
a 34 76 0 25 8
a 34 486 0 15 4
a 36 61 0 25 6
a 36 872 0 34 6
a 41 280 0 25 5
a 41 445 0 19 4
a 42 479 0 25 6
a 42 400 0 25 3
a 45 711 0 25 8
a 45 971 0 38 7
a 46 876 0 25 10
a 46 396 0 20 8
a 48 266 0 25 2
a 48 627 0 13 7
a 50 517 0 25 10
a 50 695 0 30 3
a 51 756 0 25 6
a 51 452 0 1 4
a 54 25 0 25 9
a 54 862 0 7 9
a 55 566 0 25 6
a 55 241 0 43 4
a 59 775 0 25 7
a 59 1000 0 4 2
a 60 619 0 25 3
a 60 378 0 9 9
a 61 445 0 25 3
a 61 615 0 22 4
a 62 92 0 25 4
a 62 394 0 27 10
a 63 10 0 25 3
a 63 896 0 9 3
a 64 626 0 25 3
a 64 89 0 40 6
a 67 623 0 25 2
a 67 48 0 23 10
a 70 11 0 25 5
a 70 704 0 11 7
a 71 42 0 25 9
a 71 765 0 26 10
a 73 678 0 25 10
a 73 848 0 21 8
a 74 829 0 25 8
a 74 243 0 50 5
a 75 595 0 25 3
a 75 978 0 21 1
a 76 174 0 25 5
a 76 994 0 22 5
a 77 742 0 25 3
a 77 912 0 30 7
a 79 414 0 25 3
a 79 696 0 47 8
a 81 755 0 25 3
a 81 495 0 35 10
a 83 359 0 25 5
a 83 192 0 15 1
a 84 603 0 25 8
a 84 339 0 24 2
a 85 652 0 25 8
a 85 425 0 34 2
a 89 767 0 25 3
a 89 155 0 49 3
a 92 211 0 25 6
a 92 463 0 34 6
a 94 301 0 25 2
a 94 995 0 6 10
a 95 751 0 25 1
a 95 301 0 47 1
a 96 108 0 25 7
a 96 217 0 30 2
a 98 117 0 25 2
a 98 838 0 39 3
a 99 27 0 25 8
a 99 978 0 35 8
a 100 723 0 25 7
a 100 342 0 33 3
a 101 681 0 25 4
a 101 121 0 42 8
a 104 326 0 25 4
a 104 395 0 27 5
a 106 550 0 25 8
a 106 892 0 39 8
a 107 121 0 25 8
a 107 157 0 3 4
a 108 668 0 25 9
a 108 910 0 32 4
a 109 532 0 25 10
a 109 162 0 11 5
a 110 17 0 25 6
a 110 683 0 26 9
a 111 422 0 25 8
a 111 271 0 8 8
a 112 765 0 25 5
a 112 903 0 38 6
a 113 295 0 25 6
a 113 586 0 33 4
a 114 891 0 25 2
a 114 598 0 35 4
a 117 55 0 25 5
a 117 216 0 50 7
a 118 22 0 25 7
a 118 347 0 14 7
a 120 225 0 25 5
a 120 719 0 16 5
a 121 256 0 25 9
a 121 962 0 42 3
a 122 757 0 25 3
a 122 452 0 39 2
a 123 189 0 25 9
a 123 140 0 29 1
a 124 607 0 25 5
a 124 191 0 4 10
a 125 741 0 25 1
a 125 652 0 14 1
a 126 466 0 25 3
a 126 277 0 49 8
a 131 242 0 25 6
a 131 281 0 25 3
a 133 387 0 25 10
a 133 886 0 42 1
a 137 759 0 25 10
a 137 915 0 27 8
a 140 698 0 25 6
a 140 596 0 2 6
a 141 288 0 25 8
a 141 105 0 50 7
a 145 186 0 25 3
a 145 928 0 49 3
a 148 719 0 25 3
a 148 810 0 18 8
a 151 538 0 25 1
a 151 759 0 14 1
a 152 752 0 25 10
a 152 932 0 47 8
a 154 688 0 25 6
a 154 427 0 6 4
a 155 199 0 25 5
a 155 687 0 44 2
a 157 107 0 25 1
a 157 862 0 4 3
a 159 379 0 25 9
a 159 262 0 23 7
a 163 943 0 25 6
a 163 713 0 30 10
a 166 483 0 25 4
a 166 687 0 8 5
a 167 812 0 25 3
a 167 449 0 2 7
a 169 789 0 25 3
a 169 419 0 17 9
a 172 64 0 25 8
a 172 27 0 23 10
a 173 839 0 25 6
a 173 947 0 30 10
a 174 7 0 25 4
a 174 977 0 36 8
a 178 434 0 25 1
a 178 199 0 46 1
a 180 726 0 25 10
a 180 82 0 25 1
a 186 99 0 25 10
a 186 243 0 22 5
a 189 159 0 25 7
a 189 532 0 12 1
a 190 31 0 25 7
a 190 272 0 24 3
a 192 428 0 25 5
a 192 927 0 46 8
a 194 380 0 25 5
a 194 46 0 35 8
a 199 260 0 25 4
a 199 750 0 36 7
a 202 120 0 25 8
a 202 679 0 15 9
a 207 777 0 25 2
a 207 606 0 20 8
a 211 180 0 25 1
a 211 726 0 39 2
a 214 821 0 25 7
a 214 848 0 17 5
a 222 436 0 25 10
a 222 12 0 14 3
a 223 427 0 25 2
a 223 625 0 11 2
a 225 707 0 25 10
a 225 221 0 13 4
a 226 46 0 25 7
a 226 236 0 38 1
a 228 905 0 25 6
a 228 582 0 47 4
a 229 79 0 25 3
a 229 122 0 31 8
a 231 202 0 25 8
a 231 630 0 28 3
a 232 594 0 25 5
a 232 753 0 46 3
a 237 511 0 25 4
a 237 730 0 32 5
a 242 475 0 25 2
a 242 600 0 22 6
a 243 624 0 25 10
a 243 739 0 38 4
a 244 462 0 25 8
a 244 784 0 4 5
a 245 999 0 25 9
a 245 158 0 22 5
a 246 262 0 25 7
a 246 104 0 33 3
a 249 753 0 25 10
a 249 424 0 28 9
a 250 952 0 25 8
a 250 614 0 17 2
a 253 717 0 25 8
a 253 530 0 21 2
a 254 994 0 25 3
a 254 357 0 43 10
a 256 546 0 25 10
a 256 773 0 24 10
a 257 317 0 25 6
a 257 547 0 49 7
a 260 677 0 25 6
a 260 84 0 17 2
a 262 345 0 25 2
a 262 920 0 45 6
a 263 713 0 25 8
a 263 810 0 41 6
a 265 24 0 25 9
a 265 411 0 15 5
a 266 923 0 25 10
a 266 722 0 22 6
a 267 555 0 25 9
a 267 460 0 33 9
a 271 486 0 25 5
a 271 901 0 43 5
a 273 293 0 25 6
a 273 245 0 49 10
a 275 782 0 25 1
a 275 821 0 39 3
a 277 484 0 25 2
a 277 796 0 38 8
a 279 192 0 25 7
a 279 281 0 10 6
a 280 63 0 25 2
a 280 969 0 33 3
a 281 312 0 25 2
a 281 497 0 4 10
a 282 651 0 25 5
a 282 178 0 0 4
a 283 641 0 25 3
a 283 307 0 33 7
a 287 226 0 25 2
a 287 637 0 34 3
a 288 131 0 25 10
a 288 534 0 3 5
a 289 374 0 25 6
a 289 524 0 50 3
a 290 467 0 25 2
a 290 246 0 21 2
a 292 979 0 25 10
a 292 853 0 21 10
a 293 375 0 25 6
a 293 325 0 5 2
a 295 559 0 25 4
a 295 30 0 22 1
a 296 902 0 25 2
a 296 368 0 21 7
a 297 592 0 25 6
a 297 681 0 22 3
a 301 545 0 25 1
a 301 861 0 41 2
a 304 799 0 25 5
a 304 690 0 29 7
a 307 970 0 25 4
a 307 493 0 29 4
a 308 386 0 25 4
a 308 754 0 37 5
a 309 552 0 25 5
a 309 459 0 21 1
a 310 163 0 25 4
a 310 567 0 26 10
a 312 465 0 25 7
a 312 603 0 16 3
a 313 308 0 25 7
a 313 679 0 4 6
a 316 844 0 25 6
a 316 429 0 17 9
a 317 661 0 25 3
a 317 996 0 19 3
a 318 478 0 25 8
a 318 245 0 38 6
a 319 915 0 25 4
a 319 215 0 32 5
a 322 515 0 25 8
a 322 433 0 26 8
a 323 458 0 25 9
a 323 377 0 44 3
a 324 118 0 25 10
a 324 86 0 7 2
a 326 243 0 25 8
a 326 390 0 11 2
a 327 672 0 25 4
a 327 807 0 31 8
a 332 933 0 25 4
a 332 507 0 37 5
a 333 408 0 25 4
a 333 832 0 11 7
a 338 633 0 25 4
a 338 231 0 24 3
a 342 825 0 25 7
a 342 860 0 0 6
a 343 111 0 25 7
a 343 667 0 50 2
a 344 157 0 25 6
a 344 53 0 44 3
a 345 443 0 25 4
a 345 769 0 9 10
a 346 684 0 25 10
a 346 455 0 11 10
a 347 519 0 25 3
a 347 567 0 12 1
a 350 544 0 25 3
a 350 180 0 14 7
a 351 67 0 25 5
a 351 926 0 25 6
a 352 616 0 25 3
a 352 712 0 33 2
a 353 282 0 25 4
a 353 468 0 17 8
a 356 126 0 25 10
a 356 849 0 10 4
a 357 583 0 25 6
a 357 48 0 49 6
a 359 699 0 25 6
a 359 326 0 21 4
a 364 75 0 25 1
a 364 113 0 18 5
a 367 740 0 25 9
a 367 349 0 2 4
a 374 169 0 25 3
a 374 461 0 7 5
a 375 926 0 25 10
a 375 444 0 21 6
a 376 993 0 25 4
a 376 138 0 18 1
a 379 541 0 25 10
a 379 180 0 36 4
a 380 694 0 25 8
a 380 936 0 22 10
a 381 250 0 25 1
a 381 717 0 31 2
a 385 318 0 25 5
a 385 923 0 10 7
a 386 547 0 25 4
a 386 74 0 7 1
a 387 988 0 25 3
a 387 886 0 45 1
a 388 350 0 25 2
a 388 948 0 0 6
a 392 290 0 25 10
a 392 370 0 47 2
a 397 14 0 25 9
a 397 145 0 33 6
a 403 510 0 25 3
a 403 953 0 16 7
a 408 666 0 25 6
a 408 518 0 23 10
a 410 491 0 25 9
a 410 551 0 1 10
a 413 310 0 25 9
a 413 701 0 14 7
a 414 843 0 25 10
a 414 190 0 10 10
a 416 133 0 25 4
a 416 929 0 26 1
a 420 50 0 25 9
a 420 43 0 25 10
a 421 9 0 25 6
a 421 65 0 25 3
a 422 441 0 25 7
a 422 973 0 26 8
a 424 644 0 25 6
a 424 829 0 33 8
a 425 818 0 25 3
a 425 95 0 14 8
a 427 166 0 25 5
a 427 11 0 41 4
a 428 487 0 25 10
a 428 247 0 44 5
a 429 292 0 25 4
a 429 959 0 14 3
a 431 975 0 25 7
a 431 785 0 23 6
a 434 33 0 25 7
a 434 203 0 19 1
a 436 535 0 25 2
a 436 672 0 24 10
a 437 575 0 25 9
a 437 187 0 9 6
a 440 909 0 25 9
a 440 246 0 22 10
a 441 356 0 25 1
a 441 828 0 28 8
a 443 388 0 25 7
a 443 177 0 3 4
a 444 924 0 25 4
a 444 813 0 10 2
a 445 367 0 25 10
a 445 156 0 45 10
a 448 855 0 25 6
a 448 434 0 40 6
a 450 357 0 25 7
a 450 651 0 42 4
a 452 122 0 25 3
a 452 20 0 1 2
a 457 811 0 25 4
a 457 770 0 30 7
a 458 267 0 25 9
a 458 35 0 21 4
a 462 871 0 25 6
a 462 247 0 6 1
a 463 805 0 25 10
a 463 854 0 12 5
a 465 232 0 25 4
a 465 826 0 32 10
a 466 551 0 25 8
a 466 989 0 12 6
a 467 917 0 25 1
a 467 308 0 4 7
a 470 281 0 25 8
a 470 421 0 40 5
a 471 653 0 25 3
a 471 367 0 3 9
a 472 8 0 25 6
a 472 948 0 19 8
a 474 48 0 25 2
a 474 103 0 27 7
a 475 94 0 25 9
a 475 365 0 3 9
a 478 838 0 25 8
a 478 709 0 48 6
a 479 265 0 25 8
a 479 742 0 29 10
a 481 504 0 25 10
a 481 282 0 7 7
a 483 472 0 25 6
a 483 512 0 30 7
a 484 768 0 25 3
a 484 193 0 23 9
a 486 279 0 25 10
a 486 786 0 42 5
a 487 556 0 25 4
a 487 705 0 40 5
a 488 148 0 25 9
a 488 304 0 50 7
a 491 319 0 25 4
a 491 429 0 22 6
a 493 101 0 25 8
a 493 820 0 42 6
a 496 656 0 25 1
a 496 219 0 9 6
a 500 934 0 25 5
a 500 637 0 44 2
a 502 762 0 25 9
a 502 19 0 12 2
a 504 324 0 25 3
a 504 970 0 35 2
a 508 106 0 25 7
a 508 645 0 36 10
a 510 353 0 25 2
a 510 555 0 29 3
a 511 886 0 25 6
a 511 178 0 2 7
a 512 155 0 25 3
a 512 666 0 43 7
a 515 231 0 25 8
a 515 375 0 15 9
a 517 529 0 25 3
a 517 942 0 26 10
a 518 521 0 25 8
a 518 497 0 13 1
a 519 237 0 25 9
a 519 226 0 29 3
a 520 327 0 25 5
a 520 48 0 9 10
a 521 313 0 25 7
a 521 175 0 25 10
a 523 81 0 25 1
a 523 922 0 16 6
a 525 392 0 25 7
a 525 338 0 28 6
a 527 429 0 25 9
a 527 40 0 18 2
a 529 798 0 25 5
a 529 212 0 25 5
a 531 682 0 25 7
a 531 781 0 4 8
a 532 791 0 25 1
a 532 230 0 13 2
a 535 450 0 25 3
a 535 375 0 13 8
a 537 824 0 25 8
a 537 155 0 43 5
a 538 463 0 25 6
a 538 948 0 1 1
a 541 674 0 25 5
a 541 340 0 18 1
a 544 223 0 25 1
a 544 672 0 21 3
a 545 956 0 25 4
a 545 554 0 18 4
a 546 787 0 25 10
a 546 773 0 19 7
a 547 709 0 25 6
a 547 448 0 0 5
a 550 567 0 25 6
a 550 865 0 49 2
a 551 145 0 25 7
a 551 576 0 47 8
a 552 352 0 25 4
a 552 185 0 26 5
a 553 671 0 25 9
a 553 706 0 0 9
a 555 697 0 25 5
a 555 176 0 30 5
a 556 154 0 25 6
a 556 847 0 38 9
a 558 758 0 25 8
a 558 420 0 50 7
a 559 229 0 25 10
a 559 663 0 10 6
a 561 576 0 25 3
a 561 794 0 6 1
a 566 71 0 25 7
a 566 564 0 4 1
a 567 602 0 25 2
a 567 136 0 3 9
a 568 431 0 25 1
a 568 904 0 8 1
a 571 810 0 25 7
a 571 669 0 43 8
a 575 70 0 25 9
a 575 843 0 37 7
a 576 667 0 25 2
a 576 664 0 21 7
a 579 826 0 25 3
a 579 120 0 42 5
a 583 100 0 25 5
a 583 635 0 49 3
a 587 982 0 25 8
a 587 760 0 38 7
a 588 508 0 25 1
a 588 698 0 29 2
a 591 228 0 25 9
a 591 45 0 30 8
a 592 271 0 25 8
a 592 888 0 49 10
a 594 615 0 25 7
a 594 230 0 44 4
a 595 77 0 25 3
a 595 414 0 12 1
a 597 249 0 25 10
a 597 389 0 13 5
a 602 110 0 25 7
a 602 664 0 46 1
a 603 351 0 25 9
a 603 724 0 48 7
a 605 493 0 25 9
a 605 121 0 47 10
a 607 553 0 25 8
a 607 356 0 26 5
a 609 714 0 25 6
a 609 235 0 45 8
a 610 332 0 25 5
a 610 371 0 39 1
a 613 588 0 25 4
a 613 207 0 4 5
a 615 831 0 25 4
a 615 664 0 45 4
a 616 364 0 25 8
a 616 310 0 36 6
a 618 385 0 25 2
a 618 741 0 49 2
a 619 41 0 25 7
a 619 915 0 40 5
a 620 853 0 25 10
a 620 380 0 42 8
a 621 679 0 25 2
a 621 940 0 5 3
a 623 718 0 25 6
a 623 797 0 8 1
a 624 797 0 25 7
a 624 569 0 21 3
a 625 880 0 25 6
a 625 81 0 44 9
a 626 783 0 25 2
a 626 914 0 36 6
a 627 531 0 25 1
a 627 267 0 44 4
a 633 944 0 25 10
a 633 497 0 0 4
a 634 140 0 25 10
a 634 923 0 50 8
a 635 878 0 25 10
a 635 322 0 42 2
a 636 471 0 25 4
a 636 983 0 49 7
a 640 316 0 25 2
a 640 953 0 1 3
a 641 137 0 25 9
a 641 840 0 7 10
a 644 613 0 25 5
a 644 138 0 37 1
a 648 113 0 25 10
a 648 88 0 15 10
a 651 45 0 25 7
a 651 468 0 27 5
a 652 892 0 25 2
a 652 663 0 29 8
a 653 496 0 25 7
a 653 791 0 43 6
a 656 20 0 25 1
a 656 49 0 13 8
a 657 730 0 25 3
a 657 531 0 38 10
a 661 167 0 25 5
a 661 924 0 34 10
a 662 338 0 25 5
a 662 982 0 20 6
a 665 634 0 25 3
a 665 490 0 35 7
a 666 804 0 25 9
a 666 729 0 3 10
a 667 416 0 25 7
a 667 298 0 21 3
a 668 815 0 25 6
a 668 914 0 0 8
a 669 537 0 25 10
a 669 630 0 12 7
a 671 949 0 25 2
a 671 804 0 14 1
a 672 277 0 25 9
a 672 938 0 44 9
a 673 973 0 25 7
a 673 123 0 23 2
a 674 996 0 25 4
a 674 377 0 12 5
a 677 488 0 25 8
a 677 114 0 2 8
a 678 587 0 25 8
a 678 804 0 44 4
a 679 832 0 25 7
a 679 160 0 7 7
a 681 403 0 25 8
a 681 44 0 2 7
a 682 244 0 25 6
a 682 188 0 2 9
a 684 605 0 25 8
a 684 921 0 49 3
a 687 635 0 25 1
a 687 619 0 3 10
a 688 83 0 25 9
a 688 110 0 21 3
a 691 207 0 25 3
a 691 82 0 16 8
a 693 636 0 25 10
a 693 286 0 15 2
a 694 296 0 25 10
a 694 382 0 48 7
a 697 470 0 25 7
a 697 236 0 44 8
a 698 846 0 25 8
a 698 516 0 0 6
a 699 862 0 25 5
a 699 122 0 45 4
a 701 749 0 25 8
a 701 38 0 2 4
a 703 977 0 25 6
a 703 777 0 15 1
a 704 13 0 25 6
a 704 98 0 26 5
a 707 424 0 25 6
a 707 363 0 24 4
a 709 112 0 25 6
a 709 474 0 34 4
a 710 693 0 25 1
a 710 938 0 28 10
a 711 931 0 25 5
a 711 155 0 13 2
a 713 687 0 25 4
a 713 354 0 29 10
a 714 62 0 25 4
a 714 418 0 7 6
a 717 59 0 25 3
a 717 428 0 28 8
a 718 558 0 25 3
a 718 293 0 18 4
a 719 457 0 25 1
a 719 760 0 16 7
a 721 673 0 25 10
a 721 476 0 31 4
a 723 648 0 25 4
a 723 63 0 31 7
a 726 784 0 25 3
a 726 998 0 15 3
a 728 85 0 25 6
a 728 14 0 9 4
a 730 376 0 25 8
a 730 714 0 3 4
a 733 568 0 25 10
a 733 8 0 42 3
a 740 481 0 25 4
a 740 505 0 19 8
a 741 253 0 25 4
a 741 530 0 47 7
a 742 990 0 25 1
a 742 428 0 22 1
a 745 942 0 25 9
a 745 483 0 11 5
a 749 273 0 25 10
a 749 393 0 4 5
a 751 275 0 25 9
a 751 536 0 18 2
a 752 222 0 25 9
a 752 606 0 18 5
a 753 793 0 25 8
a 753 480 0 6 1
a 755 283 0 25 4
a 755 217 0 19 9
a 756 297 0 25 1
a 756 435 0 25 9
a 757 911 0 25 7
a 757 106 0 41 8
a 758 95 0 25 7
a 758 690 0 25 4
a 759 452 0 25 5
a 759 192 0 50 9
a 762 863 0 25 10
a 762 357 0 3 6
a 765 98 0 25 2
a 765 837 0 47 5
a 767 421 0 25 5
a 767 646 0 49 1
a 768 502 0 25 2
a 768 266 0 35 5
a 775 657 0 25 4
a 775 516 0 36 8
a 777 916 0 25 9
a 777 854 0 18 5
a 778 856 0 25 3
a 778 799 0 18 4
a 782 194 0 25 9
a 782 872 0 23 3
a 783 322 0 25 8
a 783 596 0 1 3
a 784 51 0 25 7
a 784 593 0 28 4
a 787 961 0 25 7
a 787 721 0 18 3
a 789 665 0 25 1
a 789 595 0 20 1
a 791 54 0 25 4
a 791 624 0 14 2
a 793 691 0 25 3
a 793 774 0 2 9
a 797 895 0 25 1
a 797 370 0 17 5
a 798 114 0 25 2
a 798 659 0 23 8
a 799 947 0 25 4
a 799 740 0 32 2
a 800 73 0 25 4
a 800 760 0 10 3
a 804 701 0 25 5
a 804 883 0 42 2
a 805 597 0 25 5
a 805 388 0 50 2
a 806 26 0 25 1
a 806 666 0 3 9
a 809 125 0 25 10
a 809 963 0 48 9
a 810 124 0 25 2
a 810 272 0 18 10
a 811 420 0 25 5
a 811 162 0 29 9
a 812 287 0 25 10
a 812 217 0 14 3
a 815 141 0 25 1
a 815 737 0 5 3
a 816 263 0 25 8
a 816 191 0 39 4
a 818 745 0 25 8
a 818 349 0 18 6
a 821 425 0 25 7
a 821 764 0 39 8
a 824 721 0 25 2
a 824 354 0 48 6
a 825 246 0 25 1
a 825 912 0 5 6
a 826 969 0 25 6
a 826 89 0 36 7
a 829 440 0 25 3
a 829 184 0 6 7
a 831 173 0 25 9
a 831 497 0 44 1
a 832 333 0 25 3
a 832 375 0 38 10
a 838 344 0 25 2
a 838 235 0 39 4
a 839 867 0 25 2
a 839 762 0 23 7
a 840 849 0 25 2
a 840 309 0 31 8
a 843 950 0 25 4
a 843 90 0 29 10
a 844 342 0 25 8
a 844 695 0 19 4
a 846 840 0 25 8
a 846 32 0 29 2
a 849 512 0 25 1
a 849 531 0 24 7
a 850 640 0 25 2
a 850 749 0 18 2
a 853 346 0 25 8
a 853 473 0 42 7
a 855 474 0 25 3
a 855 651 0 17 4
a 856 109 0 25 4
a 856 587 0 32 3
a 862 413 0 25 2
a 862 638 0 50 9
a 863 96 0 25 9
a 863 701 0 29 9
a 867 214 0 25 9
a 867 695 0 43 7
a 870 343 0 25 8
a 870 687 0 11 3
a 871 621 0 25 4
a 871 732 0 11 7
a 876 728 0 25 4
a 876 85 0 46 9
a 878 323 0 25 4
a 878 483 0 26 10
a 880 710 0 25 6
a 880 706 0 6 3
a 884 899 0 25 2
a 884 553 0 41 8
a 885 850 0 25 4
a 885 514 0 14 5
a 886 437 0 25 2
a 886 530 0 3 9
a 889 964 0 25 7
a 889 508 0 14 2
a 891 397 0 25 9
a 891 740 0 11 10
a 892 618 0 25 8
a 892 232 0 13 5
a 895 23 0 25 1
a 895 929 0 0 9
a 899 520 0 25 6
a 899 539 0 10 8
a 902 625 0 25 6
a 902 696 0 41 2
a 905 870 0 25 9
a 905 718 0 10 6
a 909 448 0 25 5
a 909 254 0 35 6
a 911 816 0 25 10
a 911 421 0 13 4
a 915 518 0 25 1
a 915 154 0 14 2
a 916 610 0 25 5
a 916 968 0 0 5
a 917 571 0 25 6
a 917 445 0 25 3
a 923 778 0 25 2
a 923 558 0 5 6
a 924 525 0 25 7
a 924 506 0 44 4
a 926 809 0 25 9
a 926 316 0 23 7
a 931 152 0 25 10
a 931 247 0 18 4
a 933 190 0 25 6
a 933 719 0 1 1
a 934 997 0 25 8
a 934 490 0 45 7
a 940 889 0 25 8
a 940 136 0 35 1
a 942 968 0 25 7
a 942 261 0 3 3
a 943 172 0 25 3
a 943 693 0 12 2
a 944 381 0 25 1
a 944 520 0 4 8
a 947 940 0 25 9
a 947 493 0 14 9
a 949 733 0 25 2
a 949 659 0 34 5
a 950 885 0 25 4
a 950 216 0 6 3
a 952 704 0 25 7
a 952 199 0 38 6
a 956 627 0 25 2
a 956 611 0 32 8
a 959 123 0 25 2
a 959 766 0 3 8
a 961 18 0 25 3
a 961 741 0 21 10
a 964 347 0 25 8
a 964 871 0 42 4
a 968 307 0 25 3
a 968 360 0 17 4
a 969 1000 0 25 3
a 969 703 0 25 6
a 970 36 0 25 9
a 970 837 0 45 8
a 972 34 0 25 5
a 972 867 0 4 3
a 973 151 0 25 10
a 973 898 0 33 3
a 975 289 0 25 9
a 975 427 0 45 2
a 977 15 0 25 5
a 977 83 0 16 10
a 979 591 0 25 10
a 979 241 0 49 8
a 981 669 0 25 2
a 981 702 0 15 1
a 982 245 0 25 1
a 982 244 0 30 4
a 988 609 0 25 9
a 988 518 0 46 6
a 990 527 0 25 8
a 990 973 0 19 3
a 993 254 0 25 4
a 993 577 0 48 7
a 994 500 0 25 7
a 994 235 0 32 8
a 996 444 0 25 4
a 996 718 0 11 10
a 997 800 0 25 1
a 997 430 0 14 8
a 2 861 0 25 9
a 2 365 0 50 7
a 3 983 0 25 1
a 3 831 0 9 1
a 4 270 0 25 1
a 4 907 0 9 10
a 5 21 0 25 5
a 5 732 0 49 10
a 6 88 0 25 10
a 6 302 0 10 6
a 12 355 0 25 7
a 12 257 0 44 10
a 16 349 0 25 3
a 16 812 0 39 6
a 19 948 0 25 4
a 19 778 0 34 9
a 21 181 0 25 6
a 21 146 0 20 6
a 28 851 0 25 2
a 28 982 0 20 1
a 29 442 0 25 5
a 29 89 0 26 9
a 30 814 0 25 8
a 30 92 0 16 1
a 32 215 0 25 4
a 32 236 0 29 7
a 35 564 0 25 8
a 35 448 0 40 4
a 37 883 0 25 8
a 37 206 0 21 1
a 38 216 0 25 8
a 38 642 0 45 3
a 39 536 0 25 4
a 39 112 0 34 2
a 40 649 0 25 2
a 40 83 0 45 6
a 43 261 0 25 10
a 43 861 0 39 5
a 44 430 0 25 10
a 44 701 0 49 9
a 47 580 0 25 7
a 47 66 0 3 8
a 49 224 0 25 9
a 49 447 0 13 5
a 52 132 0 25 4
a 52 470 0 42 3
a 53 906 0 25 8
a 53 766 0 3 2
a 56 754 0 25 10
a 56 878 0 18 9
a 57 198 0 25 10
a 57 581 0 26 7
a 58 769 0 25 2
a 58 667 0 34 8
a 65 188 0 25 2
a 65 577 0 9 8
a 66 432 0 25 3
a 66 596 0 14 5
a 68 524 0 25 7
a 68 532 0 29 4
a 69 937 0 25 7
a 69 171 0 9 9
a 72 834 0 25 9
a 72 180 0 30 9
a 78 147 0 25 1
a 78 36 0 11 4
a 80 135 0 25 3
a 80 769 0 37 10
a 82 914 0 25 4
a 82 844 0 42 3
a 86 735 0 25 10
a 86 438 0 31 10
a 87 776 0 25 4
a 87 386 0 17 7
a 88 766 0 25 4
a 88 227 0 35 7
a 90 128 0 25 2
a 90 66 0 32 7
a 91 339 0 25 7
a 91 261 0 18 5
a 93 361 0 25 2
a 93 571 0 10 7
a 97 951 0 25 1
a 97 211 0 22 6
a 102 423 0 25 7
a 102 185 0 30 1
a 103 628 0 25 1
a 103 114 0 20 1
a 105 30 0 25 3
a 105 802 0 36 6
a 115 820 0 25 3
a 115 272 0 8 3
a 116 887 0 25 3
a 116 234 0 48 8
a 119 171 0 25 6
a 119 623 0 48 3
a 127 658 0 25 1
a 127 19 0 13 7
a 128 455 0 25 2
a 128 195 0 30 2
a 129 368 0 25 10
a 129 864 0 31 10
a 130 449 0 25 1
a 130 463 0 33 3
a 132 780 0 25 9
a 132 488 0 16 8
a 134 149 0 25 2
a 134 686 0 2 3
a 135 946 0 25 3
a 135 35 0 34 5
a 136 389 0 25 4
a 136 506 0 44 6
a 138 248 0 25 5
a 138 607 0 11 3
a 139 654 0 25 9
a 139 296 0 28 5
a 142 743 0 25 5
a 142 79 0 43 8
a 143 35 0 25 9
a 143 209 0 27 4
a 144 526 0 25 6
a 144 900 0 42 8
a 146 978 0 25 1
a 146 974 0 32 5
a 147 193 0 25 7
a 147 546 0 1 8
a 149 513 0 25 3
a 149 69 0 2 7
a 150 845 0 25 8
a 150 114 0 41 3
a 153 869 0 25 1
a 153 391 0 39 7
a 156 927 0 25 5
a 156 885 0 8 4
a 158 377 0 25 10
a 158 941 0 30 7
a 160 241 0 25 2
a 160 192 0 22 4
a 161 252 0 25 2
a 161 132 0 19 10
a 162 461 0 25 3
a 162 7 0 16 5
a 164 415 0 25 9
a 164 682 0 42 2
a 165 1000 0 25 3
a 165 414 0 49 6
a 168 650 0 25 2
a 168 917 0 37 9
a 170 971 0 25 6
a 170 118 0 7 6
a 171 865 0 25 3
a 171 706 0 27 3
a 175 201 0 25 4
a 175 267 0 26 9
a 176 660 0 25 2
a 176 819 0 33 1
a 177 66 0 25 2
a 177 697 0 0 9
a 179 819 0 25 5
a 179 285 0 45 5
a 181 724 0 25 2
a 181 861 0 44 1
a 182 955 0 25 10
a 182 49 0 5 6
a 183 337 0 25 10
a 183 378 0 40 1
a 184 522 0 25 4
a 184 443 0 29 9
a 185 102 0 25 8
a 185 867 0 10 6
a 187 156 0 25 5
a 187 361 0 21 6
a 188 590 0 25 9
a 188 87 0 17 4
a 191 183 0 25 5
a 191 536 0 42 4
a 193 497 0 25 1
a 193 512 0 12 4
a 195 854 0 25 8
a 195 166 0 36 9
a 196 596 0 25 2
a 196 298 0 39 9
a 197 874 0 25 3
a 197 930 0 4 10
a 198 868 0 25 2
a 198 210 0 12 8
a 200 164 0 25 5
a 200 470 0 1 1
a 201 93 0 25 8
a 201 598 0 21 4
a 203 459 0 25 1
a 203 856 0 37 8
a 204 918 0 25 9
a 204 992 0 21 3
a 205 91 0 25 3
a 205 495 0 23 10
a 206 813 0 25 4
a 206 226 0 17 8
a 208 877 0 25 1
a 208 796 0 13 5
a 209 708 0 25 5
a 209 103 0 43 5
a 210 837 0 25 7
a 210 509 0 15 6
a 212 639 0 25 9
a 212 795 0 39 6
a 213 533 0 25 4
a 213 335 0 27 3
a 215 998 0 25 4
a 215 427 0 41 10
a 216 557 0 25 8
a 216 113 0 44 10
a 217 739 0 25 1
a 217 975 0 28 8
a 218 433 0 25 8
a 218 887 0 15 6
a 219 116 0 25 9
a 219 233 0 36 3
a 220 37 0 25 2
a 220 705 0 31 8
a 221 830 0 25 10
a 221 641 0 28 3
a 224 498 0 25 2
a 224 613 0 1 8
a 227 974 0 25 4
a 227 534 0 16 9
a 230 418 0 25 5
a 230 562 0 49 1
a 233 179 0 25 1
a 233 144 0 12 1
a 234 341 0 25 1
a 234 943 0 2 1
a 235 136 0 25 9
a 235 969 0 17 7
a 236 801 0 25 5
a 236 491 0 19 5
a 238 311 0 25 8
a 238 892 0 0 4
a 239 901 0 25 8
a 239 234 0 1 10
a 240 170 0 25 10
a 240 727 0 2 5
a 241 435 0 25 5
a 241 532 0 25 2
a 247 464 0 25 3
a 247 659 0 12 6
a 248 807 0 25 1
a 248 734 0 23 6
a 251 492 0 25 8
a 251 209 0 26 1
a 252 670 0 25 6
a 252 825 0 33 7
a 255 569 0 25 5
a 255 481 0 35 9
a 258 945 0 25 2
a 258 968 0 32 1
a 259 80 0 25 7
a 259 885 0 38 1
a 261 97 0 25 5
a 261 26 0 32 1
a 264 643 0 25 9
a 264 62 0 31 9
a 268 604 0 25 6
a 268 681 0 29 10
a 269 903 0 25 8
a 269 696 0 34 7
a 270 234 0 25 9
a 270 140 0 3 4
a 272 608 0 25 1
a 272 256 0 23 8
a 274 47 0 25 10
a 274 495 0 22 3
a 276 779 0 25 6
a 276 308 0 9 10
a 278 490 0 25 3
a 278 560 0 33 3
a 284 233 0 25 10
a 284 562 0 46 10
a 285 165 0 25 10
a 285 585 0 0 10
a 286 473 0 25 9
a 286 403 0 14 10
a 291 205 0 25 8
a 291 399 0 34 9
a 294 238 0 25 8
a 294 40 0 29 3
a 298 32 0 25 9
a 298 184 0 50 8
a 299 785 0 25 3
a 299 30 0 31 1
a 300 772 0 25 4
a 300 307 0 31 4
a 302 276 0 25 1
a 302 423 0 40 5
a 303 539 0 25 10
a 303 150 0 15 6
a 305 370 0 25 9
a 305 694 0 4 10
a 306 565 0 25 10
a 306 749 0 12 10
a 311 647 0 25 4
a 311 828 0 25 10
a 314 358 0 25 9
a 314 611 0 20 1
a 315 920 0 25 9
a 315 239 0 32 10
a 320 646 0 25 3
a 320 46 0 14 7
a 321 841 0 25 1
a 321 143 0 48 6
a 325 732 0 25 9
a 325 624 0 38 3
a 328 402 0 25 4
a 328 889 0 20 8
a 329 203 0 25 5
a 329 543 0 39 2
a 330 460 0 25 2
a 330 954 0 5 7
a 331 543 0 25 6
a 331 48 0 6 9
a 334 447 0 25 2
a 334 473 0 2 6
a 335 300 0 25 10
a 335 987 0 19 4
a 336 725 0 25 8
a 336 25 0 16 10
a 337 683 0 25 8
a 337 574 0 8 9
a 339 685 0 25 4
a 339 341 0 33 9
a 340 589 0 25 6
a 340 71 0 0 8
a 341 72 0 25 9
a 341 416 0 5 2
a 348 833 0 25 10
a 348 436 0 43 4
a 349 456 0 25 6
a 349 962 0 18 7
a 354 143 0 25 2
a 354 838 0 37 7
a 355 206 0 25 6
a 355 779 0 39 1
a 358 362 0 25 9
a 358 466 0 46 4
a 360 401 0 25 8
a 360 32 0 30 5
a 361 419 0 25 10
a 361 698 0 48 4
a 362 366 0 25 6
a 362 54 0 31 4
a 363 506 0 25 8
a 363 270 0 12 6
a 365 888 0 25 10
a 365 113 0 6 7
a 366 600 0 25 10
a 366 359 0 41 8
a 368 184 0 25 3
a 368 879 0 45 8
a 369 482 0 25 3
a 369 396 0 0 9
a 370 213 0 25 9
a 370 148 0 22 8
a 371 894 0 25 5
a 371 221 0 31 10
a 372 236 0 25 10
a 372 407 0 22 9
a 373 642 0 25 3
a 373 942 0 27 6
a 377 320 0 25 6
a 377 670 0 10 9
a 378 554 0 25 8
a 378 745 0 28 3
a 382 928 0 25 5
a 382 419 0 9 2
a 383 354 0 25 4
a 383 949 0 20 8
a 384 560 0 25 1
a 384 850 0 26 7
a 389 995 0 25 5
a 389 3 0 2 7
a 390 383 0 25 2
a 390 257 0 20 6
a 391 781 0 25 3
a 391 688 0 43 3
a 393 390 0 25 1
a 393 355 0 10 3
a 394 87 0 25 6
a 394 748 0 9 9
a 395 900 0 25 7
a 395 688 0 48 8
a 396 562 0 25 6
a 396 573 0 27 1
a 398 692 0 25 7
a 398 107 0 2 1
a 399 348 0 25 1
a 399 921 0 34 8
a 400 860 0 25 9
a 400 336 0 24 1
a 401 747 0 25 8
a 401 372 0 36 8
a 402 411 0 25 3
a 402 826 0 11 8
a 404 516 0 25 7
a 404 423 0 7 8
a 405 291 0 25 1
a 405 549 0 8 10
a 406 764 0 25 9
a 406 712 0 37 10
a 407 272 0 25 6
a 407 504 0 39 10
a 409 6 0 25 9
a 409 260 0 26 9
a 411 360 0 25 4
a 411 544 0 7 2
a 412 808 0 25 10
a 412 215 0 13 3
a 415 365 0 25 1
a 415 472 0 15 6
a 417 240 0 25 4
a 417 851 0 43 1
a 418 305 0 25 9
a 418 999 0 25 7
a 419 904 0 25 4
a 419 460 0 9 10
a 423 549 0 25 9
a 423 39 0 11 1
a 426 858 0 25 3
a 426 417 0 38 7
a 430 842 0 25 8
a 430 596 0 28 8
a 432 153 0 25 6
a 432 872 0 37 6
a 433 306 0 25 7
a 433 858 0 45 3
a 435 394 0 25 2
a 435 729 0 12 4
a 438 953 0 25 9
a 438 388 0 35 5
a 439 39 0 25 3
a 439 577 0 38 3
a 442 52 0 25 10
a 442 526 0 33 6
a 446 760 0 25 2
a 446 185 0 45 3
a 447 680 0 25 6
a 447 484 0 30 3
a 449 212 0 25 3
a 449 331 0 39 8
a 451 150 0 25 2
a 451 318 0 46 7
a 453 601 0 25 8
a 453 81 0 16 8
a 454 629 0 25 2
a 454 327 0 29 1
a 455 967 0 25 6
a 455 561 0 25 6
a 456 985 0 25 2
a 456 817 0 43 1
a 459 962 0 25 3
a 459 98 0 35 4
a 460 875 0 25 4
a 460 151 0 25 1
a 461 209 0 25 1
a 461 615 0 24 10
a 464 299 0 25 1
a 464 964 0 22 6
a 468 664 0 25 4
a 468 216 0 1 8
a 469 913 0 25 9
a 469 760 0 3 8
a 473 274 0 25 6
a 473 945 0 2 2
a 476 655 0 25 5
a 476 290 0 22 9
a 477 638 0 25 2
a 477 522 0 7 4
a 480 606 0 25 6
a 480 442 0 18 3
a 482 935 0 25 1
a 482 454 0 16 5
a 485 119 0 25 5
a 485 235 0 41 1
a 489 578 0 25 5
a 489 44 0 41 3
a 490 127 0 25 1
a 490 642 0 28 8
a 492 5 0 25 5
a 492 989 0 38 8
a 494 617 0 25 1
a 494 844 0 41 2
a 495 514 0 25 8
a 495 272 0 18 1
a 497 632 0 25 10
a 497 215 0 31 4
a 498 736 0 25 7
a 498 45 0 22 5
a 499 690 0 25 9
a 499 543 0 3 7
a 501 761 0 25 4
a 501 568 0 50 9
a 503 363 0 25 7
a 503 72 0 40 1
a 505 176 0 25 9
a 505 959 0 15 1
a 506 570 0 25 7
a 506 717 0 3 9
a 507 78 0 25 5
a 507 457 0 4 4
a 509 864 0 25 4
a 509 926 0 7 6
a 513 872 0 25 4
a 513 522 0 47 1
a 514 303 0 25 7
a 514 989 0 30 10
a 516 384 0 25 3
a 516 873 0 35 4
a 522 881 0 25 6
a 522 56 0 23 6
a 524 208 0 25 2
a 524 919 0 44 1
a 526 932 0 25 2
a 526 442 0 16 1
a 528 716 0 25 2
a 528 479 0 30 5
a 530 727 0 25 6
a 530 968 0 7 10
a 533 227 0 25 9
a 533 688 0 27 5
a 534 873 0 25 8
a 534 662 0 4 1
a 536 251 0 25 6
a 536 863 0 24 5
a 539 382 0 25 10
a 539 824 0 44 10
a 540 847 0 25 3
a 540 351 0 16 4
a 542 530 0 25 9
a 542 394 0 24 8
a 543 893 0 25 10
a 543 385 0 40 6
a 548 763 0 25 5
a 548 59 0 47 9
a 549 637 0 25 8
a 549 590 0 28 7
a 554 134 0 25 3
a 554 206 0 17 3
a 557 495 0 25 8
a 557 871 0 46 8
a 560 160 0 25 5
a 560 496 0 41 4
a 562 803 0 25 8
a 562 610 0 3 1
a 563 528 0 25 7
a 563 833 0 9 1
a 564 581 0 25 7
a 564 896 0 26 9
a 565 773 0 25 8
a 565 86 0 17 4
a 569 325 0 25 2
a 569 573 0 6 1
a 570 142 0 25 3
a 570 923 0 44 7
a 572 827 0 25 4
a 572 813 0 2 10
a 573 217 0 25 1
a 573 905 0 29 6
a 574 746 0 25 2
a 574 305 0 10 3
a 577 957 0 25 5
a 577 115 0 7 10
a 578 907 0 25 6
a 578 392 0 23 5
a 580 828 0 25 6
a 580 624 0 4 6
a 581 230 0 25 9
a 581 918 0 13 4
a 582 38 0 25 9
a 582 946 0 44 10
a 584 139 0 25 9
a 584 274 0 25 2
a 585 659 0 25 1
a 585 770 0 30 6
a 586 372 0 25 5
a 586 137 0 24 3
a 589 197 0 25 10
a 589 201 0 21 5
a 590 823 0 25 9
a 590 41 0 21 7
a 593 69 0 25 3
a 593 664 0 8 10
a 596 991 0 25 9
a 596 293 0 28 9
a 598 210 0 25 7
a 598 59 0 26 7
a 599 835 0 25 10
a 599 374 0 29 3
a 600 822 0 25 5
a 600 150 0 31 2
a 601 631 0 25 6
a 601 32 0 27 5
a 604 925 0 25 8
a 604 906 0 3 7
a 606 908 0 25 7
a 606 476 0 45 10
a 608 330 0 25 3
a 608 872 0 44 7
a 611 715 0 25 4
a 611 53 0 22 4
a 612 577 0 25 8
a 612 649 0 13 6
a 614 572 0 25 2
a 614 161 0 18 9
a 617 315 0 25 6
a 617 739 0 15 3
a 622 501 0 25 9
a 622 853 0 48 1
a 628 729 0 25 5
a 628 317 0 42 1
a 629 992 0 25 7
a 629 98 0 35 6
a 630 748 0 25 4
a 630 504 0 48 2
a 631 663 0 25 3
a 631 629 0 7 9
a 632 453 0 25 10
a 632 839 0 18 2
a 637 235 0 25 2
a 637 522 0 26 2
a 638 334 0 25 7
a 638 211 0 25 9
a 639 744 0 25 6
a 639 119 0 14 2
a 642 335 0 25 8
a 642 246 0 24 2
a 643 451 0 25 5
a 643 958 0 25 7
a 645 941 0 25 1
a 645 475 0 50 7
a 646 795 0 25 9
a 646 937 0 24 3
a 647 611 0 25 1
a 647 999 0 29 4
a 649 852 0 25 5
a 649 352 0 43 9
a 650 882 0 25 1
a 650 147 0 33 10
a 654 28 0 25 7
a 654 247 0 10 7
a 655 614 0 25 5
a 655 415 0 19 8
a 658 599 0 25 4
a 658 101 0 14 3
a 659 409 0 25 5
a 659 675 0 28 4
a 660 185 0 25 10
a 660 33 0 46 2
a 663 485 0 25 6
a 663 443 0 20 10
a 664 331 0 25 8
a 664 783 0 24 5
a 670 790 0 25 2
a 670 635 0 20 2
a 675 890 0 25 2
a 675 619 0 12 8
a 676 802 0 25 2
a 676 521 0 41 5
a 680 220 0 25 6
a 680 970 0 16 3
a 683 476 0 25 5
a 683 862 0 36 4
a 685 879 0 25 3
a 685 774 0 41 4
a 686 286 0 25 7
a 686 278 0 3 5
a 689 960 0 25 7
a 689 241 0 14 1
a 690 44 0 25 3
a 690 357 0 1 1
a 692 645 0 25 5
a 692 189 0 3 8
a 695 965 0 25 6
a 695 572 0 1 1
a 696 896 0 25 3
a 696 23 0 13 4
a 700 817 0 25 7
a 700 466 0 2 4
a 702 438 0 25 3
a 702 871 0 10 1
a 705 675 0 25 9
a 705 268 0 21 8
a 706 56 0 25 6
a 706 55 0 47 5
a 708 115 0 25 8
a 708 301 0 7 7
a 712 144 0 25 5
a 712 800 0 28 4
a 715 930 0 25 8
a 715 721 0 49 5
a 716 499 0 25 9
a 716 57 0 1 2
a 720 509 0 25 6
a 720 42 0 46 6
a 722 204 0 25 9
a 722 663 0 2 2
a 724 400 0 25 8
a 724 651 0 6 4
a 725 138 0 25 8
a 725 812 0 8 8
a 727 676 0 25 7
a 727 945 0 16 4
a 729 417 0 25 2
a 729 734 0 24 2
a 731 454 0 25 10
a 731 908 0 21 1
a 732 90 0 25 7
a 732 251 0 29 1
a 734 794 0 25 4
a 734 667 0 10 7
a 735 989 0 25 8
a 735 165 0 40 8
a 736 836 0 25 8
a 736 833 0 3 7
a 737 939 0 25 4
a 737 158 0 32 3
a 738 285 0 25 10
a 738 29 0 3 4
a 739 158 0 25 6
a 739 114 0 1 7
a 743 182 0 25 6
a 743 640 0 3 9
a 744 731 0 25 10
a 744 990 0 36 6
a 746 866 0 25 3
a 746 358 0 28 9
a 747 720 0 25 3
a 747 574 0 50 9
a 748 686 0 25 8
a 748 327 0 50 10
a 750 195 0 25 4
a 750 8 0 28 5
a 754 177 0 25 8
a 754 845 0 50 1
a 760 396 0 25 4
a 760 450 0 2 3
a 761 540 0 25 1
a 761 14 0 35 5
a 763 468 0 25 7
a 763 863 0 16 6
a 764 329 0 25 8
a 764 308 0 6 10
a 766 630 0 25 9
a 766 794 0 28 10
a 769 302 0 25 6
a 769 20 0 41 7
a 770 712 0 25 3
a 770 254 0 32 4
a 771 258 0 25 2
a 771 451 0 22 7
a 772 586 0 25 5
a 772 862 0 10 9
a 773 477 0 25 9
a 773 885 0 7 5
a 774 548 0 25 1
a 774 990 0 25 6
a 776 494 0 25 4
a 776 108 0 10 2
a 779 53 0 25 1
a 779 800 0 41 2
a 780 771 0 25 4
a 780 924 0 39 9
a 781 314 0 25 9
a 781 74 0 32 3
a 785 393 0 25 1
a 785 847 0 38 4
a 786 426 0 25 1
a 786 14 0 15 1
a 788 984 0 25 10
a 788 915 0 21 2
a 790 278 0 25 10
a 790 964 0 8 6
a 792 407 0 25 7
a 792 427 0 37 2
a 794 168 0 25 6
a 794 561 0 17 9
a 795 373 0 25 6
a 795 496 0 44 9
a 796 774 0 25 1
a 796 306 0 31 6
a 801 912 0 25 4
a 801 307 0 34 10
a 802 129 0 25 10
a 802 688 0 25 6
a 803 103 0 25 9
a 803 860 0 4 9
a 807 219 0 25 4
a 807 841 0 21 7
a 808 406 0 25 10
a 808 567 0 8 4
a 813 938 0 25 1
a 813 651 0 4 1
a 814 929 0 25 4
a 814 406 0 0 9
a 817 391 0 25 6
a 817 486 0 2 10
a 819 162 0 25 10
a 819 566 0 22 3
a 820 399 0 25 9
a 820 958 0 8 3
a 822 255 0 25 10
a 822 754 0 45 7
a 823 405 0 25 1
a 823 915 0 22 2
a 827 268 0 25 10
a 827 543 0 15 4
a 828 4 0 25 7
a 828 489 0 5 6
a 830 584 0 25 1
a 830 789 0 40 9
a 833 187 0 25 6
a 833 123 0 29 3
a 834 446 0 25 2
a 834 241 0 20 4
a 835 706 0 25 4
a 835 262 0 48 1
a 836 987 0 25 6
a 836 51 0 31 8
a 837 57 0 25 4
a 837 820 0 33 9
a 841 161 0 25 8
a 841 613 0 23 8
a 842 898 0 25 4
a 842 1000 0 37 7
a 845 16 0 25 8
a 845 40 0 22 8
a 847 371 0 25 10
a 847 575 0 19 5
a 848 404 0 25 5
a 848 331 0 31 9
a 851 259 0 25 5
a 851 277 0 12 9
a 852 593 0 25 3
a 852 258 0 30 9
a 854 910 0 25 1
a 854 627 0 21 2
a 857 750 0 25 8
a 857 884 0 40 10
a 858 340 0 25 2
a 858 781 0 40 1
a 859 298 0 25 9
a 859 323 0 19 3
a 860 480 0 25 9
a 860 902 0 13 7
a 861 574 0 25 8
a 861 552 0 38 4
a 864 196 0 25 9
a 864 454 0 32 1
a 865 963 0 25 1
a 865 330 0 9 1
a 866 936 0 25 2
a 866 175 0 29 10
a 868 792 0 25 5
a 868 726 0 30 8
a 869 336 0 25 3
a 869 500 0 45 5
a 872 19 0 25 9
a 872 28 0 8 5
a 873 695 0 25 8
a 873 746 0 6 9
a 874 722 0 25 8
a 874 265 0 30 2
a 875 175 0 25 9
a 875 591 0 5 3
a 877 738 0 25 3
a 877 749 0 26 2
a 879 58 0 25 9
a 879 704 0 9 2
a 881 700 0 25 7
a 881 315 0 40 10
a 882 294 0 25 5
a 882 199 0 17 9
a 883 612 0 25 8
a 883 591 0 18 4
a 887 43 0 25 2
a 887 663 0 49 8
a 888 689 0 25 7
a 888 992 0 37 2
a 890 86 0 25 4
a 890 749 0 8 2
a 893 200 0 25 4
a 893 814 0 21 8
a 894 3 0 25 8
a 894 65 0 16 10
a 896 328 0 25 2
a 896 430 0 20 1
a 897 598 0 25 4
a 897 996 0 11 10
a 898 796 0 25 6
a 898 489 0 43 9
a 900 191 0 25 8
a 900 387 0 23 7
a 901 264 0 25 9
a 901 206 0 23 4
a 903 954 0 25 6
a 903 802 0 47 4
a 904 919 0 25 2
a 904 933 0 17 9
a 906 412 0 25 5
a 906 424 0 50 3
a 907 378 0 25 9
a 907 123 0 8 9
a 908 395 0 25 2
a 908 370 0 25 9
a 910 788 0 25 8
a 910 625 0 8 4
a 912 770 0 25 6
a 912 534 0 14 10
a 913 65 0 25 1
a 913 909 0 14 1
a 914 398 0 25 10
a 914 303 0 26 2
a 918 585 0 25 6
a 918 232 0 3 8
a 919 29 0 25 3
a 919 957 0 12 5
a 920 218 0 25 5
a 920 739 0 39 9
a 921 922 0 25 9
a 921 57 0 47 7
a 922 737 0 25 2
a 922 730 0 21 9
a 925 369 0 25 1
a 925 687 0 33 6
a 927 897 0 25 8
a 927 1000 0 42 7
a 928 321 0 25 7
a 928 685 0 24 4
a 929 542 0 25 8
a 929 701 0 30 7
a 930 82 0 25 10
a 930 32 0 5 9
a 932 105 0 25 9
a 932 270 0 33 6
a 935 958 0 25 9
a 935 438 0 21 10
a 936 705 0 25 7
a 936 482 0 41 7
a 937 734 0 25 6
a 937 97 0 33 7
a 938 976 0 25 1
a 938 80 0 20 8
a 939 696 0 25 7
a 939 373 0 2 2
a 941 130 0 25 4
a 941 126 0 50 7
a 945 507 0 25 2
a 945 275 0 10 6
a 946 986 0 25 4
a 946 821 0 39 6
a 948 284 0 25 9
a 948 298 0 18 1
a 951 40 0 25 2
a 951 478 0 48 2
a 953 859 0 25 4
a 953 993 0 26 2
a 954 786 0 25 6
a 954 417 0 17 5
a 955 966 0 25 2
a 955 283 0 30 3
a 957 563 0 25 4
a 957 820 0 13 3
a 958 848 0 25 8
a 958 248 0 36 9
a 960 269 0 25 5
a 960 185 0 31 6
a 962 857 0 25 8
a 962 185 0 4 6
a 963 582 0 25 10
a 963 768 0 47 5
a 965 921 0 25 5
a 965 708 0 43 6
a 966 534 0 25 5
a 966 498 0 8 7
a 967 980 0 25 5
a 967 899 0 36 9
a 971 469 0 25 3
a 971 720 0 33 5
a 974 68 0 25 9
a 974 545 0 8 4
a 976 489 0 25 2
a 976 511 0 3 2
a 978 505 0 25 8
a 978 746 0 28 3
a 980 239 0 25 3
a 980 561 0 10 4
a 983 146 0 25 10
a 983 710 0 50 10
a 984 503 0 25 2
a 984 369 0 44 10
a 985 702 0 25 6
a 985 271 0 21 10
a 986 49 0 25 2
a 986 760 0 36 7
a 987 439 0 25 7
a 987 98 0 36 6
a 989 12 0 25 3
a 989 824 0 24 1
a 991 622 0 25 7
a 991 962 0 16 6
a 992 573 0 25 9
a 992 926 0 25 5
a 995 247 0 25 5
a 995 188 0 8 4
a 998 221 0 25 10
a 998 678 0 21 7
