c PyNETGEN v1.0.0
c $ pip install pynetgen
c
c  NETGEN flow network generation algorithm
c  Problem input parameters
c  -------------------------------------
c   Random seed:          3
c   Number of nodes:      1000
c   Source nodes:         2
c   Sink nodes:           2
c   Number of arcs:       2000
c   Minimum arc cost:     1
c   Maximum arc cost:     10
c   Total supply:         50
c   Transshipment -
c     Sources:            0
c     Sinks:              0
c   Skeleton arcs -
c     With max cost:      0
c     Capacitated:        100
c   Minimum arc capacity: 0
c   Maximum arc capacity: 50
c
c  *** Minimum cost flow ***
c
p min 1000 2000
n 1 22
n 2 28
n 999 -24
n 1000 -26
a 1 15 0 22 4
a 1 233 0 6 3
a 1 178 0 12 1
a 4 857 0 22 10
a 4 110 0 21 7
a 4 82 0 16 5
a 5 702 0 22 2
a 5 528 0 33 4
a 6 359 0 22 10
a 6 326 0 18 9
a 6 152 0 25 3
a 8 905 0 22 9
a 8 946 0 35 7
a 8 868 0 26 9
a 9 421 0 22 10
a 9 81 0 19 6
a 10 799 0 22 8
a 10 318 0 38 3
a 13 569 0 22 2
a 13 788 0 5 4
a 15 699 0 22 8
a 15 414 0 10 4
a 19 289 0 22 10
a 19 905 0 15 4
a 23 387 0 22 6
a 23 496 0 29 9
a 24 779 0 22 4
a 24 964 0 36 1
a 26 609 0 22 7
a 26 570 0 46 10
a 27 777 0 22 10
a 27 469 0 26 8
a 29 116 0 22 9
a 29 4 0 4 9
a 34 828 0 22 4
a 34 953 0 21 10
a 40 179 0 22 10
a 40 811 0 9 9
a 41 24 0 22 4
a 41 907 0 23 3
a 43 237 0 22 3
a 43 22 0 17 1
a 44 213 0 22 6
a 44 993 0 39 3
a 45 970 0 22 8
a 45 115 0 9 9
a 47 782 0 22 6
a 47 170 0 43 7
a 49 718 0 22 4
a 49 142 0 12 6
a 51 659 0 22 2
a 51 8 0 35 1
a 52 454 0 22 8
a 52 988 0 28 6
a 58 260 0 22 8
a 58 380 0 24 7
a 61 838 0 22 3
a 61 212 0 46 10
a 64 52 0 22 10
a 64 737 0 3 5
a 66 102 0 22 8
a 66 157 0 2 2
a 67 487 0 22 9
a 67 327 0 15 7
a 68 760 0 22 8
a 68 460 0 8 10
a 72 118 0 22 5
a 72 265 0 38 3
a 73 408 0 22 10
a 73 793 0 37 2
a 79 407 0 22 9
a 79 890 0 44 1
a 82 441 0 22 3
a 82 974 0 14 1
a 85 477 0 22 6
a 85 483 0 37 4
a 87 855 0 22 2
a 87 53 0 7 4
a 88 916 0 22 2
a 88 305 0 5 6
a 89 693 0 22 7
a 89 597 0 34 1
a 90 130 0 22 10
a 90 471 0 41 8
a 95 113 0 22 6
a 95 478 0 36 2
a 99 215 0 22 4
a 99 774 0 27 6
a 100 476 0 22 1
a 100 992 0 40 1
a 101 851 0 22 1
a 101 563 0 7 3
a 102 245 0 22 9
a 102 432 0 38 8
a 103 9 0 22 6
a 103 449 0 3 7
a 104 955 0 22 5
a 104 200 0 43 1
a 106 688 0 22 2
a 106 338 0 19 2
a 107 713 0 22 9
a 107 891 0 19 3
a 108 498 0 22 3
a 108 60 0 37 8
a 109 321 0 22 6
a 109 401 0 19 9
a 111 720 0 22 4
a 111 483 0 43 7
a 112 546 0 22 9
a 112 140 0 17 6
a 113 883 0 22 9
a 113 863 0 36 7
a 115 88 0 22 4
a 115 437 0 46 5
a 116 847 0 22 2
a 116 769 0 3 4
a 118 804 0 22 6
a 118 885 0 4 6
a 120 707 0 22 5
a 120 53 0 43 3
a 123 283 0 22 3
a 123 381 0 21 9
a 125 592 0 22 5
a 125 714 0 22 5
a 128 453 0 22 2
a 128 233 0 7 7
a 129 835 0 22 8
a 129 275 0 32 5
a 130 961 0 22 9
a 130 816 0 21 3
a 131 458 0 22 5
a 131 568 0 30 6
a 132 560 0 22 7
a 132 473 0 4 9
a 133 475 0 22 4
a 133 366 0 37 9
a 135 744 0 22 8
a 135 300 0 32 1
a 142 582 0 22 6
a 142 617 0 31 10
a 144 322 0 22 4
a 144 378 0 43 5
a 145 618 0 22 8
a 145 347 0 21 10
a 147 376 0 22 7
a 147 439 0 15 9
a 150 360 0 22 5
a 150 294 0 27 5
a 151 896 0 22 10
a 151 372 0 47 3
a 156 794 0 22 4
a 156 291 0 7 4
a 161 173 0 22 8
a 161 569 0 38 7
a 163 67 0 22 7
a 163 492 0 42 5
a 165 881 0 22 3
a 165 325 0 5 2
a 166 900 0 22 6
a 166 174 0 17 2
a 168 538 0 22 5
a 168 199 0 43 9
a 173 503 0 22 9
a 173 910 0 41 1
a 176 304 0 22 5
a 176 834 0 8 9
a 177 109 0 22 4
a 177 63 0 18 5
a 178 409 0 22 3
a 178 442 0 19 6
a 179 47 0 22 2
a 179 325 0 31 2
a 181 649 0 22 9
a 181 585 0 12 3
a 184 194 0 22 9
a 184 905 0 17 7
a 185 192 0 22 6
a 185 816 0 46 8
a 187 309 0 22 5
a 187 510 0 21 10
a 188 873 0 22 7
a 188 238 0 2 10
a 192 571 0 22 10
a 192 112 0 46 1
a 194 947 0 22 1
a 194 99 0 3 10
a 195 931 0 22 8
a 195 333 0 46 10
a 199 746 0 22 4
a 199 587 0 35 9
a 200 691 0 22 3
a 200 130 0 24 8
a 201 752 0 22 2
a 201 845 0 0 9
a 203 552 0 22 2
a 203 316 0 3 9
a 206 254 0 22 5
a 206 406 0 36 5
a 207 161 0 22 6
a 207 68 0 24 2
a 208 271 0 22 6
a 208 776 0 30 5
a 211 727 0 22 5
a 211 731 0 33 10
a 213 103 0 22 1
a 213 36 0 11 6
a 215 654 0 22 10
a 215 669 0 34 1
a 217 223 0 22 3
a 217 958 0 27 3
a 218 907 0 22 3
a 218 826 0 22 10
a 221 730 0 22 10
a 221 234 0 45 2
a 223 510 0 22 1
a 223 909 0 22 3
a 225 894 0 22 6
a 225 438 0 19 6
a 231 150 0 22 10
a 231 634 0 22 2
a 232 596 0 22 9
a 232 461 0 50 6
a 235 764 0 22 10
a 235 747 0 31 6
a 236 981 0 22 6
a 236 484 0 7 9
a 237 608 0 22 3
a 237 355 0 30 9
a 238 729 0 22 7
a 238 728 0 38 4
a 243 810 0 22 8
a 243 111 0 40 1
a 245 738 0 22 6
a 245 185 0 44 5
a 246 382 0 22 10
a 246 226 0 46 5
a 248 23 0 22 6
a 248 237 0 8 1
a 249 211 0 22 10
a 249 585 0 24 7
a 250 942 0 22 9
a 250 631 0 19 8
a 252 225 0 22 3
a 252 844 0 3 8
a 254 342 0 22 2
a 254 735 0 32 5
a 259 45 0 22 5
a 259 310 0 32 6
a 260 341 0 22 10
a 260 57 0 48 1
a 263 818 0 22 3
a 263 352 0 21 4
a 266 444 0 22 5
a 266 699 0 16 1
a 270 619 0 22 7
a 270 27 0 45 9
a 271 199 0 22 2
a 271 552 0 30 3
a 272 66 0 22 2
a 272 776 0 45 10
a 274 647 0 22 9
a 274 27 0 11 10
a 275 601 0 22 6
a 275 122 0 11 1
a 279 652 0 22 5
a 279 289 0 29 2
a 283 346 0 22 6
a 283 553 0 20 7
a 286 723 0 22 7
a 286 557 0 33 9
a 287 129 0 22 7
a 287 742 0 29 10
a 288 904 0 22 9
a 288 193 0 38 8
a 289 326 0 22 9
a 289 62 0 39 8
a 291 90 0 22 7
a 291 472 0 4 7
a 296 886 0 22 7
a 296 43 0 15 4
a 298 742 0 22 3
a 298 624 0 9 8
a 300 778 0 22 10
a 300 87 0 30 3
a 304 469 0 22 8
a 304 819 0 4 1
a 305 431 0 22 2
a 305 917 0 39 6
a 306 993 0 22 2
a 306 18 0 42 10
a 309 405 0 22 3
a 309 335 0 41 5
a 310 964 0 22 1
a 310 941 0 19 9
a 312 391 0 22 9
a 312 917 0 41 7
a 313 163 0 22 9
a 313 605 0 20 5
a 315 940 0 22 8
a 315 491 0 31 4
a 318 800 0 22 2
a 318 888 0 42 8
a 321 72 0 22 4
a 321 826 0 42 10
a 322 951 0 22 9
a 322 691 0 44 6
a 325 980 0 22 9
a 325 233 0 40 3
a 326 472 0 22 4
a 326 680 0 48 8
a 329 965 0 22 8
a 329 751 0 44 5
a 331 156 0 22 7
a 331 751 0 21 6
a 332 597 0 22 1
a 332 216 0 26 8
a 333 513 0 22 9
a 333 478 0 26 7
a 334 305 0 22 4
a 334 674 0 18 5
a 336 891 0 22 2
a 336 215 0 44 9
a 337 784 0 22 10
a 337 885 0 0 3
a 338 486 0 22 4
a 338 976 0 37 2
a 340 315 0 22 8
a 340 467 0 28 7
a 341 144 0 22 6
a 341 338 0 47 3
a 342 516 0 22 5
a 342 149 0 14 2
a 343 640 0 22 4
a 343 692 0 50 9
a 344 133 0 22 3
a 344 814 0 21 1
a 345 610 0 22 1
a 345 209 0 47 2
a 346 770 0 22 4
a 346 811 0 20 4
a 347 95 0 22 2
a 347 468 0 19 2
a 349 332 0 22 8
a 349 483 0 10 5
a 350 142 0 22 10
a 350 19 0 17 2
a 352 633 0 22 5
a 352 327 0 30 5
a 353 645 0 22 8
a 353 692 0 14 8
a 359 41 0 22 6
a 359 572 0 19 10
a 360 580 0 22 9
a 360 498 0 31 9
a 363 985 0 22 9
a 363 281 0 31 6
a 365 318 0 22 10
a 365 807 0 8 10
a 368 629 0 22 2
a 368 748 0 49 4
a 370 591 0 22 4
a 370 180 0 32 10
a 371 207 0 22 7
a 371 778 0 32 1
a 372 248 0 22 5
a 372 677 0 1 9
a 376 329 0 22 9
a 376 873 0 23 5
a 377 195 0 22 4
a 377 989 0 35 7
a 382 512 0 22 3
a 382 472 0 37 10
a 387 178 0 22 5
a 387 189 0 18 5
a 388 525 0 22 6
a 388 953 0 15 3
a 389 787 0 22 8
a 389 842 0 44 3
a 391 937 0 22 10
a 391 258 0 2 7
a 396 868 0 22 9
a 396 715 0 20 4
a 397 662 0 22 9
a 397 62 0 15 1
a 399 87 0 22 10
a 399 6 0 24 1
a 402 478 0 22 2
a 402 101 0 0 8
a 404 345 0 22 5
a 404 919 0 2 6
a 405 410 0 22 1
a 405 609 0 9 5
a 407 104 0 22 7
a 407 223 0 48 6
a 408 653 0 22 1
a 408 955 0 18 2
a 409 396 0 22 7
a 409 96 0 23 9
a 410 287 0 22 3
a 410 379 0 32 2
a 412 898 0 22 10
a 412 358 0 35 7
a 415 874 0 22 5
a 415 508 0 40 2
a 417 184 0 22 3
a 417 72 0 27 5
a 419 259 0 22 3
a 419 348 0 29 6
a 421 404 0 22 9
a 421 17 0 1 2
a 429 885 0 22 4
a 429 749 0 8 5
a 430 869 0 22 9
a 430 544 0 46 5
a 431 58 0 22 3
a 431 384 0 20 2
a 433 934 0 22 2
a 433 548 0 41 2
a 435 485 0 22 10
a 435 722 0 25 7
a 438 854 0 22 8
a 438 468 0 37 6
a 441 956 0 22 1
a 441 33 0 35 9
a 444 880 0 22 8
a 444 881 0 23 2
a 446 363 0 22 10
a 446 734 0 50 7
a 453 991 0 22 2
a 453 986 0 13 3
a 454 529 0 22 10
a 454 114 0 12 1
a 456 634 0 22 3
a 456 453 0 50 3
a 457 614 0 22 1
a 457 244 0 17 1
a 458 632 0 22 6
a 458 432 0 20 6
a 459 959 0 22 3
a 459 135 0 19 4
a 462 990 0 22 9
a 462 330 0 45 8
a 463 79 0 22 1
a 463 403 0 9 9
a 467 333 0 22 6
a 467 792 0 8 2
a 469 463 0 22 10
a 469 273 0 32 5
a 470 877 0 22 7
a 470 107 0 8 1
a 472 313 0 22 10
a 472 471 0 26 10
a 475 19 0 22 6
a 475 146 0 15 7
a 476 768 0 22 6
a 476 603 0 29 9
a 477 541 0 22 2
a 477 741 0 49 2
a 478 622 0 22 1
a 478 576 0 40 6
a 479 111 0 22 5
a 479 573 0 44 6
a 480 583 0 22 5
a 480 735 0 25 9
a 483 270 0 22 10
a 483 933 0 38 6
a 485 831 0 22 3
a 485 128 0 11 5
a 486 350 0 22 3
a 486 89 0 34 7
a 487 932 0 22 1
a 487 122 0 40 5
a 488 988 0 22 4
a 488 53 0 11 7
a 489 200 0 22 1
a 489 680 0 16 3
a 490 971 0 22 8
a 490 494 0 16 4
a 492 168 0 22 9
a 492 38 0 12 5
a 494 429 0 22 10
a 494 520 0 20 8
a 495 531 0 22 2
a 495 811 0 13 4
a 498 789 0 22 5
a 498 274 0 22 6
a 500 536 0 22 7
a 500 116 0 27 9
a 503 974 0 22 3
a 503 983 0 40 2
a 510 808 0 22 10
a 510 301 0 15 1
a 512 826 0 22 6
a 512 893 0 41 4
a 513 177 0 22 3
a 513 66 0 1 7
a 516 615 0 22 9
a 516 296 0 27 1
a 518 352 0 22 6
a 518 337 0 1 1
a 519 767 0 22 2
a 519 157 0 37 9
a 521 966 0 22 10
a 521 307 0 49 9
a 522 665 0 22 8
a 522 385 0 14 5
a 525 863 0 22 4
a 525 138 0 32 8
a 526 882 0 22 4
a 526 250 0 4 10
a 527 625 0 22 2
a 527 903 0 0 9
a 529 962 0 22 7
a 529 621 0 36 2
a 531 106 0 22 5
a 531 470 0 28 1
a 532 188 0 22 5
a 532 813 0 41 7
a 534 522 0 22 7
a 534 254 0 23 5
a 535 185 0 22 3
a 535 794 0 39 5
a 536 85 0 22 9
a 536 603 0 50 9
a 537 40 0 22 3
a 537 475 0 28 5
a 538 438 0 22 6
a 538 818 0 4 6
a 541 145 0 22 4
a 541 795 0 43 4
a 546 337 0 22 3
a 546 866 0 23 4
a 552 288 0 22 6
a 552 28 0 12 1
a 558 518 0 22 5
a 558 48 0 41 9
a 560 344 0 22 3
a 560 868 0 39 8
a 564 218 0 22 1
a 564 13 0 28 2
a 569 812 0 22 9
a 569 617 0 48 4
a 570 646 0 22 6
a 570 450 0 3 2
a 571 972 0 22 4
a 571 381 0 8 7
a 574 8 0 22 1
a 574 872 0 47 9
a 576 275 0 22 6
a 576 855 0 4 6
a 580 480 0 22 7
a 580 28 0 34 6
a 581 928 0 22 2
a 581 863 0 49 9
a 582 574 0 22 6
a 582 493 0 4 8
a 583 272 0 22 5
a 583 130 0 35 2
a 586 208 0 22 4
a 586 273 0 7 9
a 590 446 0 22 9
a 590 503 0 36 6
a 591 415 0 22 1
a 591 394 0 43 7
a 592 997 0 22 9
a 592 560 0 45 2
a 594 798 0 22 8
a 594 21 0 48 10
a 596 663 0 22 5
a 596 387 0 26 9
a 597 101 0 22 3
a 597 674 0 19 8
a 599 1000 0 22 7
a 599 950 0 22 9
a 601 412 0 22 1
a 601 240 0 50 7
a 607 26 0 22 8
a 607 154 0 2 3
a 608 901 0 22 3
a 608 525 0 33 5
a 609 128 0 22 2
a 609 260 0 2 9
a 610 108 0 22 10
a 610 319 0 22 2
a 613 817 0 22 2
a 613 481 0 26 7
a 614 82 0 22 5
a 614 768 0 35 3
a 615 221 0 22 7
a 615 868 0 42 6
a 616 310 0 22 10
a 616 752 0 5 1
a 618 860 0 22 4
a 618 119 0 9 5
a 619 783 0 22 10
a 619 608 0 31 7
a 620 623 0 22 5
a 620 430 0 45 4
a 622 879 0 22 8
a 622 707 0 2 10
a 623 537 0 22 5
a 623 119 0 28 6
a 625 331 0 22 5
a 625 582 0 14 1
a 629 279 0 22 6
a 629 274 0 38 7
a 630 858 0 22 8
a 630 220 0 28 7
a 632 594 0 22 6
a 632 988 0 21 2
a 633 590 0 22 7
a 633 201 0 11 4
a 634 365 0 22 2
a 634 331 0 5 1
a 639 726 0 22 9
a 639 12 0 44 6
a 640 747 0 22 2
a 640 778 0 47 3
a 643 841 0 22 7
a 643 159 0 18 5
a 645 131 0 22 1
a 645 921 0 2 1
a 646 89 0 22 5
a 646 752 0 35 8
a 647 298 0 22 6
a 647 791 0 18 4
a 649 534 0 22 7
a 649 304 0 2 5
a 650 564 0 22 4
a 650 543 0 4 5
a 652 73 0 22 2
a 652 539 0 4 4
a 653 370 0 22 9
a 653 450 0 10 5
a 654 815 0 22 6
a 654 994 0 39 3
a 655 120 0 22 9
a 655 481 0 35 3
a 656 781 0 22 10
a 656 578 0 21 7
a 659 639 0 22 10
a 659 604 0 30 4
a 662 865 0 22 10
a 662 121 0 33 1
a 663 44 0 22 10
a 663 517 0 23 9
a 665 856 0 22 5
a 665 291 0 49 9
a 668 147 0 22 5
a 668 107 0 33 7
a 671 389 0 22 4
a 671 15 0 7 8
a 675 762 0 22 7
a 675 219 0 48 3
a 679 43 0 22 7
a 679 595 0 7 5
a 684 112 0 22 7
a 684 35 0 42 6
a 688 725 0 22 2
a 688 584 0 34 9
a 691 371 0 22 10
a 691 812 0 32 1
a 692 249 0 22 6
a 692 372 0 12 3
a 693 650 0 22 7
a 693 745 0 6 5
a 695 488 0 22 2
a 695 743 0 31 10
a 697 968 0 22 4
a 697 173 0 26 2
a 698 671 0 22 1
a 698 176 0 26 9
a 699 206 0 22 7
a 699 913 0 31 8
a 702 576 0 22 4
a 702 181 0 22 4
a 707 807 0 22 9
a 707 266 0 24 7
a 710 470 0 22 7
a 710 24 0 50 10
a 713 599 0 22 9
a 713 205 0 33 10
a 716 849 0 22 9
a 716 810 0 10 2
a 718 462 0 22 3
a 718 683 0 49 5
a 720 607 0 22 9
a 720 366 0 33 10
a 723 925 0 22 1
a 723 376 0 23 6
a 725 843 0 22 1
a 725 960 0 12 4
a 726 181 0 22 3
a 726 410 0 29 9
a 727 479 0 22 6
a 727 930 0 40 3
a 729 992 0 22 7
a 729 54 0 30 8
a 730 286 0 22 9
a 730 17 0 22 2
a 732 296 0 22 1
a 732 311 0 21 3
a 738 266 0 22 4
a 738 903 0 30 8
a 742 252 0 22 1
a 742 110 0 38 1
a 743 695 0 22 3
a 743 165 0 37 6
a 744 521 0 22 7
a 744 583 0 27 10
a 746 758 0 22 10
a 746 357 0 18 9
a 747 697 0 22 1
a 747 528 0 21 1
a 749 519 0 22 2
a 749 698 0 31 10
a 751 166 0 22 8
a 751 958 0 15 2
a 752 306 0 22 10
a 752 129 0 28 10
a 758 837 0 22 3
a 758 488 0 2 6
a 759 419 0 22 7
a 759 24 0 5 6
a 760 433 0 22 8
a 760 925 0 8 3
a 762 489 0 22 3
a 762 968 0 5 7
a 763 495 0 22 9
a 763 253 0 17 9
a 764 236 0 22 10
a 764 968 0 48 5
a 766 655 0 22 1
a 766 165 0 41 1
a 767 372 0 22 10
a 767 53 0 44 5
a 768 107 0 22 3
a 768 667 0 24 3
a 770 399 0 22 1
a 770 900 0 8 4
a 772 759 0 22 3
a 772 216 0 8 8
a 777 766 0 22 5
a 777 919 0 30 4
a 778 914 0 22 8
a 778 181 0 8 1
a 779 581 0 22 6
a 779 944 0 8 1
a 781 492 0 22 7
a 781 613 0 33 3
a 782 187 0 22 3
a 782 264 0 2 1
a 783 698 0 22 2
a 783 375 0 2 1
a 784 435 0 22 9
a 784 603 0 46 4
a 786 852 0 22 8
a 786 922 0 31 7
a 787 643 0 22 3
a 787 746 0 8 4
a 789 125 0 22 10
a 789 264 0 50 7
a 793 899 0 22 1
a 793 756 0 35 2
a 794 349 0 22 1
a 794 170 0 4 7
a 795 353 0 22 7
a 795 841 0 1 10
a 798 61 0 22 1
a 798 139 0 7 9
a 799 811 0 22 8
a 799 732 0 32 6
a 800 558 0 22 1
a 800 286 0 20 1
a 804 338 0 22 4
a 804 53 0 30 7
a 805 5 0 22 9
a 805 221 0 33 9
a 807 176 0 22 9
a 807 644 0 8 10
a 808 368 0 22 4
a 808 919 0 36 4
a 810 862 0 22 8
a 810 736 0 18 6
a 811 347 0 22 3
a 811 512 0 28 5
a 812 246 0 22 2
a 812 176 0 15 5
a 813 235 0 22 6
a 813 107 0 45 3
a 814 749 0 22 4
a 814 560 0 36 4
a 815 814 0 22 5
a 815 523 0 50 9
a 817 716 0 22 6
a 817 228 0 1 1
a 818 986 0 22 9
a 818 6 0 36 7
a 819 786 0 22 1
a 819 47 0 6 2
a 824 232 0 22 4
a 824 669 0 34 5
a 826 250 0 22 10
a 826 395 0 45 8
a 828 203 0 22 10
a 828 822 0 24 5
a 830 51 0 22 4
a 830 498 0 34 2
a 831 312 0 22 5
a 831 979 0 0 9
a 834 459 0 22 2
a 834 281 0 46 10
a 835 300 0 22 5
a 835 297 0 38 1
a 836 911 0 22 1
a 836 600 0 37 10
a 837 6 0 22 4
a 837 689 0 32 8
a 838 979 0 22 10
a 838 335 0 20 10
a 841 930 0 22 10
a 841 27 0 24 6
a 843 430 0 22 9
a 843 406 0 3 4
a 847 13 0 22 2
a 847 536 0 15 8
a 849 795 0 22 3
a 849 656 0 6 2
a 851 954 0 22 8
a 851 385 0 46 8
a 852 334 0 22 2
a 852 289 0 13 8
a 854 151 0 22 8
a 854 696 0 1 7
a 855 494 0 22 3
a 855 726 0 5 3
a 856 231 0 22 3
a 856 392 0 32 1
a 857 500 0 22 4
a 857 904 0 22 10
a 858 732 0 22 8
a 858 882 0 20 2
a 860 813 0 22 10
a 860 200 0 35 10
a 862 903 0 22 4
a 862 307 0 9 5
a 863 417 0 22 5
a 863 380 0 4 6
a 865 263 0 22 7
a 865 12 0 25 1
a 867 902 0 22 4
a 867 475 0 10 8
a 868 457 0 22 3
a 868 565 0 1 5
a 869 402 0 22 7
a 869 654 0 42 9
a 870 675 0 22 3
a 870 556 0 12 2
a 873 99 0 22 4
a 873 84 0 28 1
a 874 805 0 22 2
a 874 532 0 45 2
a 877 939 0 22 10
a 877 126 0 25 5
a 878 165 0 22 10
a 878 732 0 20 10
a 879 630 0 22 4
a 879 671 0 5 4
a 880 123 0 22 9
a 880 894 0 41 7
a 881 10 0 22 5
a 881 270 0 48 8
a 882 920 0 22 2
a 882 514 0 3 9
a 883 984 0 22 1
a 883 36 0 15 5
a 885 291 0 22 9
a 885 978 0 30 4
a 886 917 0 22 7
a 886 250 0 16 9
a 889 243 0 22 6
a 889 838 0 47 6
a 891 397 0 22 8
a 891 892 0 47 1
a 892 388 0 22 9
a 892 717 0 24 10
a 894 684 0 22 6
a 894 43 0 6 3
a 896 27 0 22 7
a 896 953 0 26 6
a 898 743 0 22 5
a 898 605 0 26 10
a 899 772 0 22 8
a 899 186 0 25 7
a 900 467 0 22 7
a 900 521 0 47 10
a 901 616 0 22 4
a 901 491 0 17 1
a 902 824 0 22 5
a 902 796 0 10 3
a 903 819 0 22 5
a 903 966 0 13 4
a 904 679 0 22 9
a 904 469 0 0 9
a 905 201 0 22 3
a 905 21 0 35 8
a 907 343 0 22 9
a 907 160 0 5 6
a 911 490 0 22 2
a 911 210 0 45 3
a 914 377 0 22 10
a 914 40 0 39 1
a 916 325 0 22 4
a 916 10 0 19 5
a 917 132 0 22 1
a 917 881 0 28 5
a 920 710 0 22 1
a 920 380 0 9 8
a 925 836 0 22 10
a 925 382 0 5 2
a 928 751 0 22 5
a 928 959 0 24 8
a 930 29 0 22 1
a 930 201 0 48 3
a 931 867 0 22 6
a 931 145 0 17 3
a 932 889 0 22 4
a 932 739 0 4 10
a 934 64 0 22 9
a 934 726 0 11 4
a 937 668 0 22 5
a 937 840 0 34 2
a 939 983 0 22 3
a 939 483 0 18 10
a 940 336 0 22 3
a 940 339 0 20 7
a 942 656 0 22 4
a 942 812 0 40 9
a 947 49 0 22 9
a 947 624 0 35 2
a 950 217 0 22 2
a 950 280 0 7 6
a 951 870 0 22 7
a 951 207 0 24 1
a 954 620 0 22 3
a 954 326 0 11 2
a 955 967 0 22 3
a 955 669 0 17 6
a 956 274 0 22 3
a 956 967 0 9 3
a 959 586 0 22 10
a 959 703 0 21 1
a 961 999 0 22 8
a 961 122 0 32 8
a 962 135 0 22 9
a 962 418 0 22 8
a 964 68 0 22 4
a 964 487 0 33 9
a 965 526 0 22 4
a 965 256 0 30 7
a 966 100 0 22 5
a 966 810 0 28 5
a 967 763 0 22 1
a 967 669 0 33 6
a 968 34 0 22 8
a 968 751 0 28 10
a 970 535 0 22 5
a 970 837 0 39 2
a 971 570 0 22 4
a 971 64 0 7 5
a 972 613 0 22 7
a 972 507 0 7 7
a 974 834 0 22 7
a 974 708 0 36 2
a 979 830 0 22 1
a 979 889 0 30 9
a 980 456 0 22 3
a 980 528 0 26 9
a 981 692 0 22 1
a 981 816 0 19 8
a 983 4 0 22 4
a 983 741 0 23 6
a 984 340 0 22 2
a 984 671 0 12 2
a 985 483 0 22 10
a 985 651 0 9 5
a 986 238 0 22 8
a 986 137 0 23 7
a 988 532 0 22 4
a 988 743 0 29 3
a 990 793 0 22 1
a 990 933 0 39 9
a 991 527 0 22 3
a 991 926 0 33 1
a 992 892 0 22 7
a 992 673 0 15 8
a 993 878 0 22 5
a 993 592 0 10 5
a 997 115 0 22 1
a 997 246 0 0 5
a 2 661 0 28 5
a 2 589 0 33 9
a 3 741 0 28 7
a 3 404 0 14 5
a 7 734 0 28 4
a 7 785 0 32 1
a 11 394 0 28 2
a 11 944 0 37 8
a 12 551 0 28 7
a 12 484 0 33 7
a 14 18 0 28 3
a 14 4 0 42 10
a 16 644 0 28 3
a 16 149 0 17 7
a 17 355 0 28 8
a 17 701 0 44 2
a 18 715 0 28 8
a 18 528 0 32 10
a 20 672 0 28 3
a 20 762 0 49 6
a 21 424 0 28 2
a 21 111 0 10 1
a 22 138 0 28 7
a 22 616 0 46 7
a 25 605 0 28 10
a 25 680 0 31 5
a 28 282 0 28 5
a 28 721 0 30 10
a 30 54 0 28 4
a 30 833 0 7 4
a 31 700 0 28 10
a 31 949 0 45 6
a 32 141 0 28 8
a 32 705 0 26 1
a 33 447 0 28 1
a 33 141 0 2 9
a 35 450 0 28 6
a 35 628 0 37 2
a 36 182 0 28 1
a 36 21 0 47 8
a 37 455 0 28 3
a 37 378 0 35 10
a 38 380 0 28 2
a 38 460 0 11 7
a 39 840 0 28 9
a 39 668 0 38 6
a 42 171 0 28 10
a 42 727 0 45 5
a 46 561 0 28 4
a 46 559 0 50 3
a 48 464 0 28 2
a 48 904 0 30 5
a 50 169 0 28 5
a 50 100 0 20 7
a 53 540 0 28 10
a 53 452 0 43 1
a 54 114 0 28 6
a 54 926 0 46 10
a 55 50 0 28 8
a 55 565 0 47 3
a 56 25 0 28 6
a 56 853 0 10 9
a 57 748 0 28 5
a 57 917 0 21 10
a 59 977 0 28 9
a 59 253 0 4 3
a 60 547 0 28 1
a 60 514 0 6 6
a 62 63 0 28 9
a 62 960 0 50 2
a 63 958 0 28 9
a 63 999 0 28 3
a 65 890 0 28 5
a 65 903 0 37 7
a 69 468 0 28 3
a 69 869 0 45 7
a 70 756 0 28 9
a 70 909 0 28 5
a 71 278 0 28 2
a 71 661 0 49 1
a 74 588 0 28 5
a 74 835 0 16 3
a 75 314 0 28 4
a 75 482 0 15 10
a 76 884 0 28 9
a 76 891 0 22 6
a 77 393 0 28 1
a 77 79 0 40 6
a 78 262 0 28 4
a 78 247 0 19 6
a 80 299 0 28 3
a 80 446 0 46 10
a 81 93 0 28 10
a 81 827 0 13 8
a 83 493 0 28 10
a 83 399 0 35 5
a 84 32 0 28 1
a 84 432 0 16 10
a 86 440 0 28 10
a 86 154 0 14 3
a 91 978 0 28 7
a 91 474 0 45 3
a 92 426 0 28 5
a 92 635 0 0 5
a 93 612 0 28 8
a 93 196 0 3 2
a 94 943 0 28 1
a 94 149 0 50 5
a 96 384 0 28 1
a 96 135 0 24 2
a 97 876 0 28 4
a 97 232 0 9 8
a 98 520 0 28 7
a 98 500 0 23 2
a 105 887 0 28 2
a 105 847 0 33 3
a 110 158 0 28 3
a 110 674 0 22 1
a 114 637 0 28 1
a 114 932 0 35 3
a 117 55 0 28 5
a 117 842 0 37 8
a 119 853 0 28 7
a 119 111 0 42 9
a 121 386 0 28 1
a 121 633 0 0 3
a 122 37 0 28 4
a 122 190 0 17 10
a 124 374 0 28 8
a 124 18 0 22 3
a 126 600 0 28 1
a 126 909 0 46 6
a 127 796 0 28 3
a 127 954 0 46 5
a 134 667 0 28 1
a 134 265 0 13 5
a 136 16 0 28 9
a 136 340 0 5 1
a 137 198 0 28 5
a 137 773 0 40 2
a 138 183 0 28 1
a 138 464 0 32 5
a 139 509 0 28 7
a 139 603 0 19 6
a 140 960 0 28 2
a 140 250 0 18 2
a 141 251 0 28 3
a 141 65 0 43 4
a 143 48 0 28 5
a 143 378 0 45 2
a 146 816 0 28 2
a 146 898 0 10 4
a 148 364 0 28 7
a 148 269 0 44 1
a 149 98 0 28 8
a 149 682 0 30 1
a 152 38 0 28 10
a 152 496 0 25 1
a 153 626 0 28 1
a 153 572 0 14 10
a 154 328 0 28 10
a 154 964 0 47 3
a 155 809 0 28 6
a 155 487 0 43 2
a 157 689 0 28 9
a 157 516 0 14 2
a 158 398 0 28 2
a 158 873 0 47 8
a 159 53 0 28 7
a 159 573 0 4 4
a 160 451 0 28 4
a 160 640 0 18 5
a 162 75 0 28 7
a 162 358 0 49 5
a 164 624 0 28 4
a 164 687 0 3 9
a 167 190 0 28 5
a 167 221 0 26 10
a 169 776 0 28 9
a 169 134 0 30 10
a 170 327 0 28 6
a 170 719 0 25 7
a 171 785 0 28 6
a 171 385 0 31 1
a 172 664 0 28 5
a 172 561 0 40 9
a 174 722 0 28 4
a 174 162 0 45 10
a 175 595 0 28 1
a 175 636 0 31 7
a 180 603 0 28 10
a 180 434 0 20 10
a 182 358 0 28 1
a 182 70 0 45 3
a 183 523 0 28 1
a 183 894 0 34 3
a 186 354 0 28 3
a 186 78 0 31 10
a 189 888 0 28 7
a 189 721 0 32 5
a 190 117 0 28 9
a 190 336 0 41 5
a 191 875 0 28 5
a 191 308 0 17 3
a 193 944 0 28 10
a 193 564 0 45 1
a 196 908 0 28 3
a 196 319 0 19 8
a 197 284 0 28 6
a 197 903 0 17 1
a 198 191 0 28 1
a 198 784 0 47 2
a 202 303 0 28 8
a 202 138 0 11 4
a 204 554 0 28 3
a 204 230 0 48 9
a 205 253 0 28 3
a 205 727 0 13 5
a 209 563 0 28 7
a 209 452 0 5 3
a 210 442 0 28 10
a 210 240 0 23 4
a 212 110 0 28 2
a 212 589 0 46 7
a 214 330 0 28 3
a 214 539 0 46 3
a 216 788 0 28 5
a 216 191 0 5 4
a 219 164 0 28 2
a 219 552 0 10 8
a 220 392 0 28 9
a 220 139 0 29 3
a 222 31 0 28 6
a 222 678 0 26 6
a 224 406 0 28 8
a 224 999 0 16 3
a 226 292 0 28 5
a 226 675 0 9 8
a 227 666 0 28 8
a 227 996 0 39 5
a 228 918 0 28 4
a 228 108 0 8 8
a 229 78 0 28 9
a 229 60 0 46 8
a 230 706 0 28 7
a 230 819 0 17 2
a 233 791 0 28 10
a 233 252 0 44 8
a 234 897 0 28 8
a 234 947 0 0 6
a 239 448 0 28 3
a 239 225 0 6 8
a 240 670 0 28 1
a 240 586 0 15 9
a 241 577 0 28 6
a 241 195 0 46 8
a 242 427 0 28 7
a 242 295 0 16 6
a 244 445 0 28 5
a 244 478 0 27 7
a 247 924 0 28 5
a 247 122 0 9 5
a 251 295 0 28 3
a 251 592 0 41 7
a 253 545 0 28 2
a 253 351 0 22 10
a 255 677 0 28 2
a 255 485 0 35 9
a 256 543 0 28 5
a 256 497 0 0 4
a 257 146 0 28 4
a 257 799 0 33 7
a 258 548 0 28 6
a 258 958 0 36 7
a 261 228 0 28 7
a 261 82 0 12 2
a 262 740 0 28 6
a 262 48 0 48 10
a 264 678 0 28 4
a 264 809 0 26 9
a 265 308 0 28 3
a 265 510 0 9 1
a 267 719 0 28 7
a 267 999 0 32 1
a 268 895 0 28 8
a 268 264 0 0 9
a 269 792 0 28 4
a 269 814 0 43 1
a 273 941 0 28 10
a 273 638 0 16 7
a 276 127 0 28 8
a 276 764 0 13 2
a 277 230 0 28 6
a 277 954 0 6 6
a 278 524 0 28 3
a 278 475 0 50 10
a 280 949 0 28 2
a 280 787 0 40 9
a 281 126 0 28 9
a 281 361 0 40 6
a 282 411 0 28 5
a 282 119 0 3 10
a 284 471 0 28 2
a 284 518 0 34 5
a 285 220 0 28 1
a 285 479 0 34 4
a 290 976 0 28 8
a 290 883 0 23 9
a 292 491 0 28 2
a 292 213 0 26 10
a 293 193 0 28 7
a 293 683 0 0 10
a 294 821 0 28 1
a 294 434 0 18 9
a 295 737 0 28 9
a 295 880 0 22 3
a 297 174 0 28 1
a 297 548 0 6 3
a 299 775 0 28 8
a 299 948 0 6 10
a 301 81 0 28 2
a 301 894 0 1 2
a 302 508 0 28 3
a 302 54 0 41 2
a 303 77 0 28 8
a 303 846 0 14 5
a 307 761 0 28 10
a 307 836 0 22 9
a 308 92 0 28 8
a 308 977 0 48 9
a 311 413 0 28 7
a 311 528 0 9 1
a 314 861 0 28 9
a 314 405 0 48 2
a 316 219 0 28 10
a 316 987 0 13 10
a 317 705 0 28 1
a 317 852 0 43 1
a 319 197 0 28 7
a 319 383 0 11 9
a 320 74 0 28 9
a 320 362 0 26 7
a 323 987 0 28 6
a 323 683 0 50 6
a 324 556 0 28 1
a 324 604 0 7 3
a 327 711 0 28 8
a 327 381 0 41 6
a 328 351 0 28 9
a 328 232 0 19 2
a 330 739 0 28 8
a 330 614 0 12 2
a 335 973 0 28 5
a 335 486 0 26 5
a 339 848 0 28 8
a 339 19 0 23 1
a 348 379 0 28 3
a 348 947 0 32 6
a 351 575 0 28 3
a 351 86 0 16 4
a 354 673 0 28 9
a 354 360 0 50 10
a 355 539 0 28 10
a 355 17 0 42 4
a 356 28 0 28 9
a 356 394 0 30 3
a 357 46 0 28 4
a 357 598 0 39 10
a 358 859 0 28 2
a 358 409 0 36 10
a 361 57 0 28 10
a 361 113 0 50 9
a 362 790 0 28 8
a 362 397 0 21 5
a 364 153 0 28 9
a 364 722 0 4 7
a 366 866 0 28 9
a 366 669 0 27 8
a 367 694 0 28 4
a 367 71 0 40 10
a 369 696 0 28 6
a 369 117 0 18 2
a 373 753 0 28 8
a 373 111 0 8 1
a 374 774 0 28 6
a 374 426 0 15 4
a 375 922 0 28 3
a 375 393 0 27 8
a 378 167 0 28 5
a 378 93 0 26 8
a 379 627 0 28 1
a 379 754 0 9 7
a 380 915 0 28 3
a 380 951 0 32 5
a 381 264 0 28 7
a 381 24 0 43 9
a 383 395 0 28 5
a 383 748 0 36 7
a 384 936 0 28 1
a 384 418 0 31 8
a 385 212 0 28 2
a 385 778 0 6 6
a 386 802 0 28 7
a 386 778 0 14 1
a 390 323 0 28 9
a 390 979 0 14 8
a 392 712 0 28 8
a 392 533 0 7 4
a 393 244 0 28 8
a 393 305 0 6 5
a 394 553 0 28 10
a 394 957 0 32 9
a 395 257 0 28 4
a 395 621 0 28 6
a 398 30 0 28 7
a 398 64 0 18 9
a 400 517 0 28 5
a 400 576 0 32 8
a 401 255 0 28 7
a 401 184 0 6 8
a 403 268 0 28 3
a 403 379 0 42 8
a 406 297 0 28 9
a 406 211 0 14 2
a 411 160 0 28 2
a 411 621 0 34 3
a 413 302 0 28 10
a 413 456 0 25 6
a 414 845 0 28 3
a 414 152 0 30 5
a 416 227 0 28 1
a 416 375 0 48 9
a 418 686 0 28 9
a 418 149 0 5 8
a 420 757 0 28 5
a 420 360 0 32 6
a 422 555 0 28 7
a 422 235 0 27 8
a 423 285 0 28 5
a 423 852 0 46 7
a 424 466 0 28 7
a 424 896 0 27 7
a 425 69 0 28 5
a 425 707 0 4 5
a 426 919 0 28 6
a 426 31 0 10 1
a 427 989 0 28 6
a 427 887 0 31 5
a 428 682 0 28 10
a 428 269 0 13 5
a 432 566 0 28 6
a 432 172 0 38 6
a 434 969 0 28 10
a 434 767 0 41 10
a 436 452 0 28 8
a 436 869 0 34 6
a 437 140 0 28 6
a 437 847 0 24 2
a 439 356 0 28 4
a 439 914 0 5 10
a 440 714 0 28 6
a 440 159 0 35 1
a 442 755 0 28 4
a 442 915 0 43 3
a 443 850 0 28 6
a 443 479 0 41 5
a 445 745 0 28 6
a 445 274 0 9 7
a 447 484 0 28 1
a 447 569 0 15 10
a 448 504 0 28 8
a 448 15 0 8 8
a 449 754 0 28 8
a 449 467 0 34 2
a 450 482 0 28 8
a 450 470 0 31 6
a 451 909 0 28 5
a 451 273 0 4 2
a 452 385 0 28 10
a 452 651 0 11 1
a 455 265 0 28 1
a 455 415 0 48 5
a 460 585 0 28 9
a 460 554 0 40 8
a 461 39 0 28 5
a 461 742 0 25 1
a 464 680 0 28 6
a 464 753 0 11 1
a 465 216 0 28 10
a 465 319 0 17 7
a 466 946 0 28 9
a 466 115 0 18 10
a 468 96 0 28 10
a 468 900 0 34 6
a 471 277 0 28 5
a 471 496 0 33 1
a 473 294 0 28 10
a 473 52 0 46 10
a 474 499 0 28 8
a 474 438 0 40 4
a 481 797 0 28 6
a 481 636 0 0 6
a 482 832 0 28 4
a 482 589 0 23 8
a 484 709 0 28 9
a 484 976 0 10 9
a 491 926 0 28 4
a 491 807 0 37 1
a 493 871 0 28 5
a 493 260 0 32 10
a 496 209 0 28 5
a 496 558 0 19 10
a 497 414 0 28 4
a 497 947 0 47 6
a 499 157 0 28 8
a 499 760 0 26 7
a 501 276 0 28 5
a 501 929 0 27 6
a 502 473 0 28 1
a 502 543 0 20 2
a 504 362 0 28 1
a 504 409 0 31 5
a 505 319 0 28 10
a 505 803 0 17 9
a 506 76 0 28 8
a 506 294 0 17 7
a 507 196 0 28 5
a 507 129 0 3 9
a 508 621 0 28 10
a 508 227 0 24 1
a 509 559 0 28 2
a 509 215 0 2 10
a 511 557 0 28 4
a 511 594 0 40 2
a 514 658 0 28 9
a 514 774 0 23 4
a 515 439 0 28 6
a 515 669 0 18 7
a 517 579 0 28 2
a 517 402 0 4 1
a 520 170 0 28 8
a 520 240 0 4 4
a 523 948 0 28 7
a 523 844 0 43 4
a 524 829 0 28 3
a 524 207 0 21 10
a 528 533 0 28 10
a 528 227 0 10 9
a 530 820 0 28 10
a 530 79 0 18 1
a 533 70 0 28 3
a 533 343 0 36 5
a 539 425 0 28 10
a 539 97 0 16 6
a 540 833 0 28 7
a 540 41 0 17 6
a 542 676 0 28 7
a 542 839 0 1 6
a 543 638 0 28 2
a 543 112 0 46 9
a 544 935 0 28 10
a 544 858 0 38 1
a 545 589 0 28 3
a 545 558 0 2 9
a 547 241 0 28 6
a 547 498 0 41 5
a 548 437 0 28 1
a 548 81 0 48 10
a 549 562 0 28 6
a 549 417 0 29 3
a 550 669 0 28 10
a 550 576 0 42 8
a 551 7 0 28 1
a 551 408 0 36 2
a 553 731 0 28 9
a 553 121 0 37 5
a 554 636 0 28 9
a 554 804 0 14 3
a 555 893 0 28 1
a 555 236 0 41 5
a 556 335 0 28 10
a 556 497 0 42 2
a 557 995 0 28 2
a 557 392 0 3 2
a 559 80 0 28 7
a 559 277 0 18 9
a 561 233 0 28 6
a 561 171 0 38 9
a 562 137 0 28 3
a 562 693 0 28 9
a 563 22 0 28 3
a 563 683 0 16 6
a 565 910 0 28 3
a 565 321 0 13 8
a 566 982 0 28 9
a 566 909 0 44 6
a 567 704 0 28 3
a 567 973 0 43 9
a 568 801 0 28 9
a 568 463 0 7 8
a 572 578 0 28 4
a 572 573 0 7 8
a 573 933 0 28 1
a 573 981 0 45 6
a 575 42 0 28 7
a 575 624 0 43 4
a 577 240 0 28 10
a 577 257 0 46 6
a 578 806 0 28 3
a 578 703 0 31 1
a 579 750 0 28 9
a 579 103 0 2 1
a 584 628 0 28 5
a 584 266 0 39 3
a 585 210 0 28 10
a 585 644 0 41 4
a 587 383 0 28 8
a 587 911 0 15 6
a 588 765 0 28 9
a 588 25 0 31 5
a 589 642 0 28 7
a 589 94 0 41 9
a 593 94 0 28 7
a 593 874 0 35 10
a 595 214 0 28 2
a 595 49 0 23 4
a 598 20 0 28 7
a 598 688 0 42 8
a 600 234 0 28 5
a 600 983 0 49 6
a 602 357 0 28 10
a 602 881 0 33 8
a 603 913 0 28 9
a 603 887 0 0 4
a 604 423 0 28 2
a 604 820 0 10 6
a 605 846 0 28 3
a 605 919 0 15 2
a 606 735 0 28 8
a 606 430 0 30 10
a 611 721 0 28 2
a 611 16 0 24 4
a 612 258 0 28 5
a 612 897 0 24 7
a 617 773 0 28 8
a 617 326 0 9 4
a 621 822 0 28 4
a 621 161 0 28 10
a 624 301 0 28 1
a 624 348 0 36 8
a 626 549 0 28 10
a 626 266 0 31 2
a 627 418 0 28 9
a 627 250 0 41 1
a 628 381 0 28 5
a 628 84 0 12 6
a 631 996 0 28 7
a 631 205 0 9 4
a 635 239 0 28 7
a 635 109 0 38 2
a 636 443 0 28 7
a 636 413 0 44 5
a 637 530 0 28 4
a 637 883 0 49 9
a 638 921 0 28 9
a 638 886 0 34 7
a 641 733 0 28 6
a 641 594 0 10 3
a 642 648 0 28 4
a 642 794 0 1 9
a 644 573 0 28 10
a 644 607 0 24 5
a 648 631 0 28 10
a 648 215 0 47 9
a 651 660 0 28 10
a 651 401 0 46 10
a 657 401 0 28 6
a 657 257 0 34 5
a 658 780 0 28 4
a 658 592 0 13 7
a 660 290 0 28 7
a 660 715 0 30 9
a 661 59 0 28 3
a 661 860 0 7 2
a 664 281 0 28 7
a 664 86 0 8 1
a 666 159 0 28 5
a 666 362 0 32 6
a 667 83 0 28 1
a 667 770 0 24 1
a 669 60 0 28 1
a 669 208 0 13 8
a 670 736 0 28 8
a 670 385 0 41 6
a 672 36 0 28 3
a 672 334 0 33 4
a 673 604 0 28 10
a 673 746 0 17 8
a 674 544 0 28 8
a 674 18 0 48 4
a 676 136 0 28 7
a 676 923 0 40 7
a 677 149 0 28 6
a 677 838 0 0 5
a 678 505 0 28 8
a 678 980 0 7 8
a 680 657 0 28 3
a 680 384 0 20 9
a 681 293 0 28 6
a 681 785 0 29 5
a 682 62 0 28 1
a 682 629 0 14 4
a 683 842 0 28 3
a 683 194 0 0 5
a 685 12 0 28 7
a 685 653 0 16 10
a 686 269 0 28 4
a 686 43 0 26 2
a 687 550 0 28 1
a 687 683 0 20 8
a 689 769 0 28 6
a 689 288 0 35 3
a 690 434 0 28 4
a 690 852 0 41 1
a 694 864 0 28 5
a 694 583 0 6 7
a 696 105 0 28 6
a 696 937 0 39 10
a 700 872 0 28 3
a 700 354 0 18 1
a 701 154 0 28 5
a 701 905 0 4 6
a 703 86 0 28 4
a 703 416 0 39 7
a 704 496 0 28 9
a 704 635 0 21 7
a 705 17 0 28 8
a 705 772 0 8 8
a 706 134 0 28 6
a 706 13 0 21 7
a 708 728 0 28 2
a 708 902 0 13 4
a 709 148 0 28 2
a 709 309 0 50 7
a 711 242 0 28 4
a 711 704 0 49 6
a 712 416 0 28 9
a 712 821 0 29 6
a 714 528 0 28 7
a 714 527 0 37 5
a 715 189 0 28 5
a 715 88 0 14 3
a 717 339 0 28 10
a 717 257 0 35 2
a 719 226 0 28 4
a 719 181 0 7 7
a 721 515 0 28 4
a 721 96 0 17 4
a 722 803 0 28 2
a 722 252 0 42 3
a 724 587 0 28 6
a 724 177 0 27 10
a 728 307 0 28 10
a 728 652 0 34 4
a 731 273 0 28 10
a 731 37 0 45 10
a 733 65 0 28 7
a 733 859 0 22 8
a 734 122 0 28 10
a 734 61 0 41 10
a 735 229 0 28 8
a 735 18 0 47 6
a 736 428 0 28 10
a 736 186 0 15 6
a 737 825 0 28 6
a 737 545 0 4 3
a 739 1000 0 28 1
a 739 173 0 43 10
a 740 474 0 28 10
a 740 876 0 36 4
a 741 963 0 28 9
a 741 202 0 48 3
a 745 121 0 28 10
a 745 111 0 31 2
a 748 641 0 28 10
a 748 431 0 28 2
a 750 565 0 28 3
a 750 581 0 37 8
a 753 717 0 28 5
a 753 552 0 18 5
a 754 311 0 28 1
a 754 157 0 48 9
a 755 501 0 28 4
a 755 607 0 49 3
a 756 938 0 28 5
a 756 519 0 18 6
a 757 681 0 28 4
a 757 941 0 40 8
a 761 703 0 28 3
a 761 553 0 13 9
a 765 256 0 28 9
a 765 364 0 1 6
a 769 420 0 28 3
a 769 764 0 13 8
a 771 14 0 28 4
a 771 783 0 36 6
a 773 316 0 28 1
a 773 656 0 24 9
a 774 460 0 28 9
a 774 566 0 44 9
a 775 593 0 28 3
a 775 600 0 42 7
a 776 674 0 28 10
a 776 759 0 37 4
a 780 839 0 28 9
a 780 557 0 1 8
a 785 224 0 28 3
a 785 534 0 24 6
a 788 320 0 28 8
a 788 822 0 46 10
a 790 348 0 28 4
a 790 638 0 6 5
a 791 139 0 28 1
a 791 616 0 5 4
a 792 175 0 28 3
a 792 901 0 38 10
a 796 975 0 28 3
a 796 801 0 50 9
a 797 21 0 28 9
a 797 497 0 28 6
a 801 280 0 28 8
a 801 596 0 50 2
a 802 998 0 28 2
a 802 130 0 5 9
a 803 481 0 28 10
a 803 727 0 6 4
a 806 994 0 28 5
a 806 210 0 1 4
a 809 124 0 28 10
a 809 127 0 38 1
a 816 3 0 28 2
a 816 604 0 21 9
a 820 33 0 28 1
a 820 364 0 4 5
a 821 635 0 28 3
a 821 202 0 38 5
a 822 568 0 28 5
a 822 667 0 44 8
a 823 97 0 28 2
a 823 53 0 18 4
a 825 143 0 28 5
a 825 558 0 43 6
a 827 202 0 28 7
a 827 856 0 21 1
a 829 906 0 28 8
a 829 241 0 46 9
a 832 606 0 28 2
a 832 829 0 9 4
a 833 378 0 28 8
a 833 288 0 43 5
a 839 465 0 28 1
a 839 850 0 43 7
a 840 369 0 28 5
a 840 289 0 9 1
a 842 923 0 28 5
a 842 379 0 31 5
a 844 929 0 28 2
a 844 890 0 41 8
a 845 602 0 28 4
a 845 741 0 19 5
a 846 771 0 28 9
a 846 384 0 38 10
a 848 222 0 28 8
a 848 531 0 31 1
a 850 432 0 28 2
a 850 816 0 34 3
a 853 651 0 28 2
a 853 467 0 27 10
a 859 497 0 28 6
a 859 776 0 26 4
a 861 572 0 28 5
a 861 634 0 28 5
a 864 317 0 28 3
a 864 830 0 4 9
a 866 71 0 28 8
a 866 653 0 3 5
a 871 400 0 28 7
a 871 817 0 19 8
a 872 687 0 28 5
a 872 478 0 46 8
a 875 502 0 28 10
a 875 284 0 37 3
a 876 119 0 28 1
a 876 78 0 29 6
a 884 617 0 28 10
a 884 675 0 25 10
a 887 844 0 28 3
a 887 975 0 25 3
a 888 542 0 28 3
a 888 76 0 31 4
a 890 927 0 28 2
a 890 917 0 46 9
a 893 361 0 28 9
a 893 952 0 13 4
a 895 205 0 28 3
a 895 753 0 45 5
a 897 247 0 28 2
a 897 175 0 20 6
a 906 690 0 28 1
a 906 975 0 38 3
a 908 584 0 28 3
a 908 203 0 3 7
a 909 461 0 28 10
a 909 58 0 3 3
a 910 324 0 28 10
a 910 296 0 40 9
a 912 952 0 28 1
a 912 191 0 21 8
a 913 514 0 28 6
a 913 776 0 39 2
a 915 186 0 28 6
a 915 875 0 25 3
a 918 367 0 28 1
a 918 932 0 32 5
a 919 56 0 28 4
a 919 519 0 11 8
a 921 155 0 28 9
a 921 141 0 27 6
a 922 912 0 28 5
a 922 771 0 44 5
a 923 375 0 28 6
a 923 421 0 13 9
a 924 701 0 28 1
a 924 804 0 31 8
a 926 436 0 28 2
a 926 766 0 36 8
a 927 390 0 28 2
a 927 272 0 8 9
a 929 162 0 28 4
a 929 323 0 37 2
a 933 611 0 28 2
a 933 568 0 6 7
a 935 945 0 28 4
a 935 801 0 5 1
a 936 506 0 28 9
a 936 703 0 16 10
a 938 953 0 28 2
a 938 808 0 50 10
a 941 724 0 28 6
a 941 608 0 45 9
a 943 84 0 28 4
a 943 648 0 49 3
a 944 261 0 28 7
a 944 611 0 1 3
a 945 403 0 28 2
a 945 759 0 40 3
a 946 957 0 28 6
a 946 959 0 24 9
a 948 598 0 28 8
a 948 529 0 13 5
a 949 180 0 28 1
a 949 772 0 48 2
a 952 172 0 28 6
a 952 370 0 34 7
a 953 366 0 28 8
a 953 703 0 35 6
a 957 267 0 28 10
a 957 206 0 45 10
a 958 422 0 28 4
a 958 578 0 20 1
a 960 507 0 28 7
a 960 392 0 17 6
a 963 511 0 28 10
a 963 867 0 37 6
a 969 204 0 28 6
a 969 120 0 18 4
a 973 708 0 28 9
a 973 612 0 8 1
a 975 683 0 28 5
a 975 410 0 49 2
a 976 152 0 28 4
a 976 144 0 33 2
a 977 35 0 28 3
a 977 508 0 14 4
a 978 827 0 28 1
a 978 426 0 32 4
a 982 567 0 28 2
a 982 598 0 14 10
a 987 823 0 28 1
a 987 622 0 14 3
a 989 11 0 28 4
a 989 40 0 29 2
a 994 449 0 28 3
a 994 945 0 15 3
a 995 373 0 28 9
a 995 234 0 31 5
a 996 91 0 28 8
a 996 797 0 39 5
a 998 685 0 28 4
a 998 950 0 32 6
