c PyNETGEN v1.0.0
c $ pip install pynetgen
c
c  NETGEN flow network generation algorithm
c  Problem input parameters
c  -------------------------------------
c   Random seed:          8
c   Number of nodes:      1000
c   Source nodes:         2
c   Sink nodes:           2
c   Number of arcs:       2000
c   Minimum arc cost:     1
c   Maximum arc cost:     10
c   Total supply:         50
c   Transshipment -
c     Sources:            0
c     Sinks:              0
c   Skeleton arcs -
c     With max cost:      0
c     Capacitated:        100
c   Minimum arc capacity: 0
c   Maximum arc capacity: 50
c
c  *** Minimum cost flow ***
c
p min 1000 2000
n 1 7
n 2 43
n 999 -20
n 1000 -30
a 1 288 0 7 1
a 1 973 0 17 6
a 1 807 0 7 1
a 3 809 0 7 8
a 3 645 0 6 8
a 3 168 0 9 6
a 4 965 0 7 2
a 4 885 0 12 9
a 4 93 0 11 5
a 6 788 0 7 3
a 6 695 0 42 7
a 7 692 0 7 1
a 7 749 0 17 9
a 7 274 0 36 10
a 8 615 0 7 5
a 8 848 0 17 7
a 10 398 0 7 4
a 10 484 0 34 3
a 11 670 0 7 3
a 11 353 0 48 6
a 12 1000 0 7 6
a 12 660 0 19 10
a 13 100 0 7 9
a 13 998 0 24 7
a 14 511 0 7 2
a 14 212 0 43 9
a 15 804 0 7 5
a 15 543 0 29 1
a 16 125 0 7 3
a 16 903 0 47 5
a 20 787 0 7 7
a 20 580 0 10 6
a 21 816 0 7 4
a 21 365 0 11 4
a 24 47 0 7 2
a 24 383 0 23 4
a 25 618 0 7 6
a 25 467 0 16 1
a 26 150 0 7 4
a 26 234 0 28 5
a 33 317 0 7 8
a 33 999 0 46 2
a 34 564 0 7 4
a 34 515 0 19 5
a 35 290 0 7 3
a 35 301 0 25 10
a 36 400 0 7 6
a 36 980 0 13 3
a 38 661 0 7 8
a 38 293 0 41 5
a 39 365 0 7 9
a 39 165 0 43 2
a 40 616 0 7 3
a 40 940 0 33 10
a 41 941 0 7 4
a 41 925 0 22 4
a 45 104 0 7 1
a 45 918 0 4 10
a 47 66 0 7 5
a 47 218 0 42 9
a 49 221 0 7 7
a 49 305 0 14 8
a 50 189 0 7 4
a 50 96 0 24 8
a 54 516 0 7 7
a 54 889 0 38 7
a 59 634 0 7 6
a 59 592 0 8 4
a 60 325 0 7 8
a 60 87 0 23 2
a 62 493 0 7 1
a 62 214 0 33 4
a 66 8 0 7 2
a 66 186 0 46 9
a 67 790 0 7 3
a 67 151 0 23 5
a 68 505 0 7 6
a 68 111 0 36 10
a 69 207 0 7 2
a 69 676 0 14 3
a 73 397 0 7 1
a 73 152 0 48 4
a 75 4 0 7 1
a 75 120 0 8 9
a 76 35 0 7 3
a 76 165 0 3 10
a 77 202 0 7 1
a 77 9 0 13 4
a 82 25 0 7 2
a 82 487 0 5 6
a 83 912 0 7 3
a 83 778 0 2 4
a 86 612 0 7 1
a 86 173 0 34 9
a 87 340 0 7 6
a 87 33 0 25 4
a 89 338 0 7 4
a 89 886 0 39 7
a 90 781 0 7 7
a 90 763 0 17 3
a 91 159 0 7 5
a 91 576 0 9 9
a 95 83 0 7 4
a 95 742 0 23 5
a 96 236 0 7 6
a 96 239 0 34 1
a 97 868 0 7 10
a 97 433 0 13 3
a 98 646 0 7 9
a 98 567 0 37 3
a 100 717 0 7 10
a 100 582 0 3 9
a 104 524 0 7 9
a 104 825 0 38 7
a 106 77 0 7 2
a 106 306 0 8 7
a 108 892 0 7 2
a 108 891 0 45 2
a 112 657 0 7 6
a 112 697 0 38 8
a 113 453 0 7 10
a 113 211 0 6 2
a 114 242 0 7 1
a 114 594 0 50 5
a 116 428 0 7 10
a 116 563 0 10 6
a 118 348 0 7 3
a 118 675 0 43 1
a 124 214 0 7 9
a 124 326 0 39 2
a 125 753 0 7 9
a 125 325 0 46 4
a 126 171 0 7 8
a 126 539 0 28 9
a 127 358 0 7 1
a 127 359 0 48 5
a 129 315 0 7 8
a 129 102 0 35 5
a 131 367 0 7 6
a 131 562 0 32 7
a 132 175 0 7 3
a 132 947 0 39 3
a 134 550 0 7 8
a 134 281 0 23 10
a 136 237 0 7 2
a 136 393 0 40 3
a 138 658 0 7 5
a 138 7 0 47 5
a 142 748 0 7 1
a 142 706 0 6 8
a 144 385 0 7 7
a 144 332 0 10 8
a 150 423 0 7 2
a 150 354 0 8 9
a 154 474 0 7 1
a 154 840 0 10 9
a 155 6 0 7 7
a 155 450 0 48 5
a 156 875 0 7 6
a 156 684 0 20 10
a 158 540 0 7 4
a 158 699 0 21 1
a 159 297 0 7 6
a 159 400 0 16 1
a 163 831 0 7 9
a 163 914 0 5 7
a 164 232 0 7 10
a 164 829 0 48 4
a 165 450 0 7 7
a 165 733 0 9 10
a 167 964 0 7 4
a 167 166 0 40 6
a 168 594 0 7 1
a 168 199 0 15 7
a 169 645 0 7 10
a 169 333 0 28 9
a 170 302 0 7 3
a 170 376 0 21 3
a 171 774 0 7 4
a 171 967 0 39 7
a 174 622 0 7 1
a 174 961 0 23 1
a 175 382 0 7 4
a 175 986 0 38 7
a 177 421 0 7 5
a 177 181 0 0 10
a 178 824 0 7 7
a 178 523 0 38 5
a 181 865 0 7 4
a 181 177 0 34 2
a 183 735 0 7 3
a 183 290 0 13 6
a 184 775 0 7 4
a 184 93 0 34 4
a 186 629 0 7 10
a 186 171 0 26 6
a 188 298 0 7 4
a 188 637 0 46 6
a 189 486 0 7 5
a 189 563 0 30 10
a 202 501 0 7 5
a 202 986 0 38 8
a 205 188 0 7 6
a 205 866 0 29 4
a 207 177 0 7 9
a 207 599 0 4 9
a 211 725 0 7 10
a 211 140 0 23 6
a 212 763 0 7 5
a 212 115 0 38 3
a 213 68 0 7 4
a 213 379 0 34 9
a 214 666 0 7 9
a 214 100 0 2 10
a 215 475 0 7 4
a 215 370 0 42 5
a 216 349 0 7 7
a 216 59 0 17 1
a 217 12 0 7 1
a 217 581 0 34 10
a 218 318 0 7 10
a 218 94 0 6 4
a 220 940 0 7 10
a 220 299 0 24 9
a 221 355 0 7 3
a 221 208 0 36 1
a 222 383 0 7 1
a 222 530 0 46 9
a 225 674 0 7 7
a 225 475 0 0 4
a 227 972 0 7 9
a 227 133 0 39 6
a 230 960 0 7 1
a 230 384 0 33 3
a 232 112 0 7 5
a 232 214 0 13 5
a 234 86 0 7 2
a 234 932 0 31 2
a 235 556 0 7 6
a 235 169 0 22 10
a 236 667 0 7 10
a 236 681 0 0 8
a 237 304 0 7 9
a 237 222 0 0 7
a 238 158 0 7 6
a 238 239 0 35 6
a 241 372 0 7 8
a 241 47 0 18 7
a 242 675 0 7 6
a 242 147 0 35 3
a 243 374 0 7 5
a 243 188 0 40 5
a 244 45 0 7 9
a 244 63 0 35 10
a 245 59 0 7 4
a 245 322 0 18 9
a 246 639 0 7 10
a 246 81 0 13 1
a 247 682 0 7 4
a 247 67 0 44 5
a 250 654 0 7 8
a 250 400 0 5 5
a 251 513 0 7 6
a 251 374 0 30 4
a 257 97 0 7 4
a 257 686 0 36 2
a 258 126 0 7 4
a 258 776 0 45 5
a 260 602 0 7 4
a 260 684 0 37 1
a 261 593 0 7 8
a 261 536 0 35 6
a 263 522 0 7 1
a 263 458 0 43 7
a 267 949 0 7 9
a 267 799 0 36 5
a 268 183 0 7 1
a 268 227 0 11 1
a 272 154 0 7 3
a 272 644 0 32 2
a 276 877 0 7 7
a 276 223 0 24 4
a 277 822 0 7 6
a 277 402 0 47 7
a 279 989 0 7 9
a 279 50 0 20 2
a 280 38 0 7 2
a 280 445 0 36 6
a 284 510 0 7 2
a 284 217 0 10 10
a 288 637 0 7 4
a 288 756 0 8 3
a 289 656 0 7 2
a 289 125 0 26 3
a 290 134 0 7 9
a 290 777 0 25 10
a 291 608 0 7 6
a 291 609 0 37 10
a 294 108 0 7 7
a 294 508 0 15 5
a 296 260 0 7 7
a 296 568 0 44 5
a 297 441 0 7 2
a 297 840 0 44 10
a 298 945 0 7 4
a 298 508 0 50 4
a 300 633 0 7 10
a 300 591 0 31 7
a 301 840 0 7 8
a 301 983 0 9 1
a 302 794 0 7 2
a 302 177 0 33 4
a 303 213 0 7 9
a 303 308 0 31 4
a 304 306 0 7 3
a 304 415 0 2 1
a 306 914 0 7 10
a 306 446 0 2 9
a 313 981 0 7 9
a 313 713 0 15 10
a 314 322 0 7 7
a 314 797 0 7 5
a 315 638 0 7 7
a 315 226 0 0 8
a 316 723 0 7 2
a 316 750 0 39 4
a 317 118 0 7 9
a 317 573 0 16 5
a 318 698 0 7 6
a 318 922 0 32 6
a 320 526 0 7 9
a 320 113 0 29 9
a 321 959 0 7 1
a 321 429 0 31 1
a 322 617 0 7 10
a 322 554 0 14 3
a 325 908 0 7 6
a 325 780 0 24 10
a 327 257 0 7 3
a 327 55 0 19 7
a 330 786 0 7 1
a 330 775 0 0 2
a 332 878 0 7 3
a 332 974 0 36 7
a 333 294 0 7 7
a 333 912 0 37 10
a 334 169 0 7 1
a 334 458 0 21 5
a 336 24 0 7 6
a 336 762 0 38 4
a 338 391 0 7 10
a 338 362 0 9 5
a 339 116 0 7 3
a 339 141 0 41 4
a 340 217 0 7 8
a 340 973 0 15 4
a 341 843 0 7 8
a 341 430 0 13 8
a 348 624 0 7 8
a 348 298 0 29 2
a 349 778 0 7 2
a 349 317 0 34 5
a 352 393 0 7 10
a 352 712 0 35 6
a 353 589 0 7 9
a 353 468 0 20 3
a 354 979 0 7 2
a 354 938 0 37 2
a 355 833 0 7 2
a 355 890 0 34 1
a 358 714 0 7 5
a 358 430 0 14 9
a 359 250 0 7 9
a 359 59 0 14 1
a 360 263 0 7 6
a 360 462 0 32 3
a 361 715 0 7 2
a 361 85 0 7 5
a 365 845 0 7 2
a 365 684 0 48 1
a 367 621 0 7 4
a 367 493 0 11 4
a 369 995 0 7 1
a 369 720 0 24 3
a 372 895 0 7 5
a 372 185 0 48 2
a 373 106 0 7 8
a 373 80 0 9 3
a 374 443 0 7 9
a 374 11 0 32 5
a 376 931 0 7 6
a 376 312 0 41 6
a 379 212 0 7 9
a 379 431 0 1 4
a 382 354 0 7 3
a 382 441 0 14 1
a 383 327 0 7 2
a 383 585 0 28 10
a 385 579 0 7 3
a 385 673 0 26 10
a 390 129 0 7 6
a 390 155 0 43 5
a 391 543 0 7 9
a 391 938 0 31 7
a 392 560 0 7 6
a 392 108 0 30 2
a 393 73 0 7 3
a 393 152 0 35 8
a 394 767 0 7 4
a 394 267 0 12 1
a 396 780 0 7 10
a 396 689 0 30 6
a 397 211 0 7 4
a 397 623 0 30 6
a 398 590 0 7 5
a 398 326 0 2 6
a 399 11 0 7 3
a 399 739 0 8 3
a 400 600 0 7 3
a 400 842 0 25 7
a 405 925 0 7 7
a 405 804 0 31 6
a 411 853 0 7 4
a 411 4 0 18 7
a 412 598 0 7 7
a 412 855 0 28 10
a 415 710 0 7 8
a 415 953 0 32 9
a 416 954 0 7 7
a 416 499 0 27 2
a 418 496 0 7 5
a 418 141 0 41 3
a 419 937 0 7 5
a 419 207 0 32 3
a 421 426 0 7 4
a 421 516 0 20 2
a 422 21 0 7 8
a 422 817 0 45 5
a 423 738 0 7 9
a 423 942 0 34 2
a 425 114 0 7 9
a 425 719 0 27 7
a 426 415 0 7 5
a 426 324 0 41 1
a 428 20 0 7 2
a 428 311 0 31 10
a 431 933 0 7 7
a 431 724 0 43 1
a 432 394 0 7 2
a 432 999 0 22 8
a 434 75 0 7 5
a 434 813 0 10 10
a 435 136 0 7 1
a 435 330 0 40 5
a 436 243 0 7 8
a 436 88 0 10 10
a 437 691 0 7 9
a 437 840 0 12 2
a 439 859 0 7 4
a 439 174 0 22 10
a 441 530 0 7 7
a 441 803 0 7 5
a 443 915 0 7 4
a 443 491 0 41 10
a 450 460 0 7 5
a 450 354 0 25 7
a 453 918 0 7 2
a 453 976 0 47 6
a 455 534 0 7 7
a 455 540 0 23 5
a 458 695 0 7 1
a 458 215 0 22 6
a 460 764 0 7 1
a 460 776 0 38 1
a 465 174 0 7 7
a 465 64 0 35 6
a 466 98 0 7 7
a 466 262 0 43 1
a 467 619 0 7 9
a 467 70 0 32 1
a 469 339 0 7 8
a 469 941 0 37 5
a 474 289 0 7 10
a 474 800 0 43 10
a 475 178 0 7 5
a 475 9 0 0 3
a 483 519 0 7 7
a 483 199 0 30 3
a 484 917 0 7 3
a 484 208 0 22 1
a 486 14 0 7 8
a 486 747 0 32 5
a 489 962 0 7 3
a 489 379 0 16 8
a 493 752 0 7 10
a 493 345 0 46 6
a 496 412 0 7 9
a 496 839 0 13 4
a 497 704 0 7 5
a 497 922 0 37 2
a 501 702 0 7 10
a 501 29 0 14 1
a 502 489 0 7 4
a 502 763 0 29 4
a 505 596 0 7 8
a 505 52 0 29 10
a 508 614 0 7 10
a 508 538 0 35 5
a 509 773 0 7 5
a 509 610 0 45 6
a 510 805 0 7 1
a 510 274 0 18 6
a 511 669 0 7 8
a 511 548 0 20 6
a 513 336 0 7 7
a 513 863 0 15 4
a 516 856 0 7 9
a 516 699 0 42 2
a 519 885 0 7 4
a 519 314 0 19 7
a 522 16 0 7 3
a 522 369 0 20 9
a 524 872 0 7 2
a 524 550 0 6 10
a 526 569 0 7 6
a 526 850 0 16 9
a 527 458 0 7 7
a 527 432 0 19 3
a 530 992 0 7 9
a 530 983 0 47 2
a 532 301 0 7 7
a 532 894 0 45 10
a 534 7 0 7 10
a 534 683 0 33 2
a 535 268 0 7 7
a 535 44 0 17 2
a 540 303 0 7 9
a 540 541 0 45 8
a 542 643 0 7 4
a 542 896 0 16 10
a 543 50 0 7 10
a 543 923 0 43 3
a 544 376 0 7 6
a 544 373 0 8 10
a 545 416 0 7 1
a 545 268 0 38 1
a 549 601 0 7 2
a 549 910 0 24 10
a 550 796 0 7 7
a 550 558 0 11 5
a 552 757 0 7 9
a 552 349 0 15 6
a 556 168 0 7 8
a 556 171 0 46 3
a 557 508 0 7 3
a 557 595 0 37 1
a 558 958 0 7 7
a 558 289 0 43 10
a 559 497 0 7 10
a 559 109 0 28 2
a 560 90 0 7 3
a 560 539 0 29 7
a 564 245 0 7 1
a 564 251 0 47 6
a 565 272 0 7 9
a 565 134 0 35 9
a 567 227 0 7 8
a 567 558 0 26 6
a 569 684 0 7 4
a 569 617 0 45 9
a 570 894 0 7 7
a 570 48 0 9 6
a 575 567 0 7 7
a 575 279 0 22 10
a 579 124 0 7 5
a 579 284 0 2 2
a 582 82 0 7 7
a 582 785 0 32 4
a 589 230 0 7 9
a 589 853 0 49 4
a 590 889 0 7 6
a 590 888 0 30 8
a 593 156 0 7 9
a 593 395 0 48 4
a 594 418 0 7 7
a 594 572 0 40 8
a 595 967 0 7 2
a 595 262 0 42 3
a 596 854 0 7 4
a 596 830 0 4 5
a 598 909 0 7 7
a 598 308 0 40 3
a 600 39 0 7 4
a 600 74 0 2 3
a 601 62 0 7 2
a 601 473 0 43 8
a 602 857 0 7 9
a 602 525 0 34 7
a 604 267 0 7 8
a 604 83 0 22 5
a 605 792 0 7 6
a 605 923 0 19 5
a 607 626 0 7 9
a 607 231 0 13 4
a 608 935 0 7 3
a 608 246 0 16 2
a 610 411 0 7 10
a 610 824 0 48 10
a 611 570 0 7 10
a 611 4 0 2 1
a 612 676 0 7 6
a 612 727 0 11 1
a 614 222 0 7 6
a 614 445 0 26 8
a 615 316 0 7 8
a 615 813 0 0 5
a 616 706 0 7 6
a 616 590 0 16 5
a 617 241 0 7 1
a 617 436 0 6 2
a 618 437 0 7 9
a 618 369 0 14 5
a 619 296 0 7 7
a 619 198 0 38 7
a 621 969 0 7 9
a 621 705 0 28 4
a 622 244 0 7 10
a 622 51 0 9 10
a 623 973 0 7 4
a 623 449 0 20 7
a 624 258 0 7 5
a 624 764 0 1 4
a 626 882 0 7 2
a 626 810 0 44 6
a 627 91 0 7 1
a 627 785 0 50 3
a 629 399 0 7 8
a 629 672 0 21 3
a 630 76 0 7 6
a 630 533 0 26 4
a 633 718 0 7 4
a 633 585 0 25 1
a 634 333 0 7 8
a 634 172 0 45 3
a 637 435 0 7 5
a 637 440 0 25 6
a 638 422 0 7 4
a 638 931 0 30 9
a 639 545 0 7 3
a 639 375 0 38 6
a 640 13 0 7 9
a 640 907 0 34 10
a 643 862 0 7 6
a 643 17 0 14 5
a 645 708 0 7 10
a 645 971 0 9 4
a 646 731 0 7 6
a 646 515 0 25 7
a 654 611 0 7 4
a 654 704 0 46 4
a 656 36 0 7 7
a 656 204 0 8 8
a 657 942 0 7 6
a 657 889 0 46 9
a 658 15 0 7 10
a 658 568 0 47 6
a 660 419 0 7 10
a 660 955 0 29 7
a 661 10 0 7 1
a 661 499 0 13 4
a 663 719 0 7 6
a 663 937 0 36 1
a 665 379 0 7 2
a 665 948 0 49 1
a 666 994 0 7 4
a 666 922 0 33 9
a 667 985 0 7 8
a 667 356 0 11 8
a 668 234 0 7 5
a 668 235 0 43 3
a 669 582 0 7 8
a 669 128 0 25 1
a 670 3 0 7 8
a 670 67 0 32 3
a 674 96 0 7 5
a 674 161 0 23 7
a 675 277 0 7 9
a 675 738 0 14 6
a 676 89 0 7 7
a 676 86 0 11 6
a 682 467 0 7 1
a 682 504 0 23 7
a 683 884 0 7 6
a 683 682 0 25 6
a 684 976 0 7 10
a 684 372 0 28 3
a 690 623 0 7 3
a 690 845 0 9 2
a 691 784 0 7 5
a 691 236 0 9 6
a 692 756 0 7 8
a 692 107 0 30 8
a 694 852 0 7 9
a 694 969 0 4 4
a 695 41 0 7 10
a 695 372 0 44 8
a 696 709 0 7 7
a 696 217 0 2 9
a 698 926 0 7 2
a 698 165 0 19 7
a 702 837 0 7 7
a 702 52 0 10 2
a 704 164 0 7 9
a 704 88 0 29 10
a 705 604 0 7 6
a 705 101 0 4 8
a 706 300 0 7 6
a 706 893 0 47 3
a 708 904 0 7 8
a 708 545 0 11 4
a 709 142 0 7 7
a 709 532 0 7 3
a 710 858 0 7 8
a 710 315 0 10 4
a 714 955 0 7 2
a 714 909 0 50 6
a 715 807 0 7 8
a 715 516 0 17 7
a 717 352 0 7 9
a 717 323 0 33 10
a 718 721 0 7 7
a 718 268 0 0 9
a 719 360 0 7 4
a 719 597 0 2 6
a 721 279 0 7 10
a 721 897 0 4 3
a 722 841 0 7 8
a 722 647 0 17 4
a 723 977 0 7 9
a 723 601 0 19 2
a 724 696 0 7 6
a 724 877 0 6 9
a 725 373 0 7 6
a 725 909 0 13 10
a 727 87 0 7 2
a 727 937 0 19 3
a 731 390 0 7 5
a 731 745 0 15 10
a 735 332 0 7 1
a 735 28 0 15 8
a 738 483 0 7 4
a 738 999 0 7 6
a 741 436 0 7 10
a 741 506 0 15 5
a 742 724 0 7 2
a 742 167 0 47 5
a 744 33 0 7 3
a 744 684 0 41 9
a 746 821 0 7 5
a 746 856 0 47 6
a 747 727 0 7 6
a 747 338 0 41 8
a 748 921 0 7 8
a 748 193 0 18 9
a 749 276 0 7 10
a 749 423 0 20 7
a 752 218 0 7 9
a 752 214 0 3 5
a 753 771 0 7 3
a 753 950 0 19 10
a 756 251 0 7 3
a 756 129 0 9 3
a 757 314 0 7 10
a 757 786 0 11 6
a 760 144 0 7 4
a 760 443 0 21 9
a 762 863 0 7 2
a 762 529 0 37 1
a 763 465 0 7 1
a 763 250 0 14 7
a 764 760 0 7 10
a 764 501 0 20 1
a 765 770 0 7 9
a 765 324 0 23 5
a 767 280 0 7 4
a 767 563 0 49 7
a 770 246 0 7 6
a 770 692 0 6 7
a 771 238 0 7 9
a 771 429 0 27 4
a 773 920 0 7 3
a 773 55 0 11 7
a 774 127 0 7 5
a 774 674 0 49 2
a 775 132 0 7 1
a 775 779 0 20 3
a 778 549 0 7 10
a 778 676 0 11 3
a 780 313 0 7 4
a 780 348 0 17 4
a 781 747 0 7 10
a 781 422 0 40 10
a 784 163 0 7 9
a 784 662 0 44 7
a 786 334 0 7 5
a 786 578 0 14 3
a 787 705 0 7 8
a 787 630 0 15 7
a 788 630 0 7 6
a 788 916 0 26 8
a 790 60 0 7 5
a 790 894 0 13 4
a 792 235 0 7 3
a 792 456 0 17 3
a 794 535 0 7 3
a 794 854 0 23 5
a 796 186 0 7 8
a 796 782 0 35 6
a 804 911 0 7 5
a 804 451 0 2 9
a 805 405 0 7 3
a 805 320 0 39 5
a 806 425 0 7 2
a 806 615 0 17 8
a 807 607 0 7 7
a 807 120 0 41 4
a 809 40 0 7 7
a 809 977 0 50 5
a 812 913 0 7 2
a 812 637 0 21 7
a 813 722 0 7 1
a 813 49 0 10 4
a 816 890 0 7 4
a 816 827 0 11 8
a 821 34 0 7 8
a 821 749 0 47 7
a 822 605 0 7 8
a 822 574 0 10 7
a 823 996 0 7 6
a 823 714 0 0 6
a 824 155 0 7 5
a 824 219 0 45 10
a 825 746 0 7 6
a 825 756 0 26 2
a 829 834 0 7 9
a 829 429 0 41 9
a 830 825 0 7 7
a 830 65 0 28 5
a 831 823 0 7 8
a 831 27 0 33 3
a 833 668 0 7 6
a 833 545 0 2 3
a 834 434 0 7 9
a 834 92 0 12 10
a 837 559 0 7 1
a 837 715 0 36 10
a 840 95 0 7 7
a 840 683 0 7 10
a 841 466 0 7 1
a 841 61 0 24 1
a 843 353 0 7 10
a 843 286 0 1 5
a 845 806 0 7 9
a 845 331 0 33 10
a 852 899 0 7 5
a 852 258 0 11 3
a 853 392 0 7 5
a 853 69 0 31 4
a 854 216 0 7 3
a 854 251 0 42 10
a 856 291 0 7 6
a 856 196 0 43 10
a 857 131 0 7 9
a 857 904 0 8 8
a 858 762 0 7 7
a 858 344 0 24 6
a 859 902 0 7 2
a 859 806 0 38 4
a 862 67 0 7 6
a 862 531 0 26 5
a 863 527 0 7 6
a 863 409 0 41 7
a 865 813 0 7 5
a 865 271 0 24 4
a 868 439 0 7 4
a 868 472 0 5 8
a 872 330 0 7 4
a 872 722 0 8 10
a 875 69 0 7 2
a 875 129 0 28 2
a 877 247 0 7 3
a 877 761 0 28 10
a 878 741 0 7 3
a 878 159 0 16 2
a 879 455 0 7 10
a 879 666 0 24 1
a 880 665 0 7 4
a 880 948 0 20 2
a 882 829 0 7 8
a 882 816 0 19 4
a 884 742 0 7 1
a 884 775 0 35 1
a 885 170 0 7 10
a 885 118 0 35 2
a 889 320 0 7 10
a 889 384 0 26 2
a 890 694 0 7 2
a 890 369 0 48 5
a 892 49 0 7 9
a 892 66 0 10 6
a 894 830 0 7 5
a 894 381 0 2 1
a 895 284 0 7 8
a 895 887 0 26 8
a 899 744 0 7 2
a 899 963 0 50 7
a 902 544 0 7 5
a 902 572 0 7 7
a 904 749 0 7 6
a 904 218 0 30 1
a 908 396 0 7 6
a 908 144 0 22 7
a 909 879 0 7 5
a 909 170 0 1 9
a 911 509 0 7 6
a 911 408 0 29 4
a 912 627 0 7 3
a 912 174 0 36 1
a 913 690 0 7 10
a 913 987 0 29 1
a 914 225 0 7 4
a 914 135 0 48 2
a 915 552 0 7 3
a 915 129 0 48 5
a 917 936 0 7 7
a 917 617 0 20 2
a 918 184 0 7 9
a 918 857 0 14 5
a 919 660 0 7 3
a 919 634 0 9 7
a 920 369 0 7 1
a 920 661 0 45 1
a 921 663 0 7 3
a 921 57 0 48 10
a 925 113 0 7 3
a 925 760 0 13 2
a 926 595 0 7 9
a 926 959 0 29 2
a 927 978 0 7 5
a 927 60 0 50 6
a 931 502 0 7 9
a 931 793 0 31 8
a 933 469 0 7 7
a 933 215 0 1 10
a 935 575 0 7 8
a 935 32 0 33 3
a 936 26 0 7 8
a 936 138 0 37 1
a 937 610 0 7 3
a 937 546 0 12 4
a 940 431 0 7 10
a 940 799 0 16 4
a 941 557 0 7 4
a 941 784 0 46 6
a 942 359 0 7 5
a 942 589 0 49 6
a 945 765 0 7 10
a 945 459 0 2 6
a 949 565 0 7 2
a 949 192 0 28 8
a 951 542 0 7 1
a 951 605 0 11 9
a 954 54 0 7 9
a 954 477 0 46 8
a 955 261 0 7 5
a 955 704 0 38 4
a 958 321 0 7 4
a 958 790 0 35 1
a 959 341 0 7 4
a 959 657 0 8 1
a 960 432 0 7 9
a 960 29 0 2 2
a 962 927 0 7 8
a 962 654 0 50 1
a 964 361 0 7 2
a 964 42 0 24 5
a 965 205 0 7 5
a 965 667 0 2 3
a 967 165 0 7 10
a 967 594 0 1 5
a 969 683 0 7 6
a 969 383 0 37 5
a 972 951 0 7 7
a 972 417 0 21 7
a 973 558 0 7 1
a 973 742 0 32 4
a 976 220 0 7 9
a 976 447 0 10 7
a 977 880 0 7 4
a 977 290 0 35 6
a 978 167 0 7 3
a 978 182 0 10 8
a 979 812 0 7 8
a 979 185 0 21 9
a 981 532 0 7 5
a 981 274 0 4 2
a 985 640 0 7 3
a 985 423 0 26 1
a 989 138 0 7 10
a 989 516 0 6 2
a 992 215 0 7 9
a 992 288 0 12 9
a 994 181 0 7 10
a 994 618 0 10 10
a 995 919 0 7 7
a 995 258 0 3 2
a 996 484 0 7 8
a 996 452 0 7 8
a 2 761 0 43 10
a 2 895 0 3 4
a 5 461 0 43 2
a 5 596 0 2 2
a 9 344 0 43 10
a 9 279 0 30 6
a 17 632 0 43 5
a 17 730 0 40 7
a 18 707 0 43 6
a 18 892 0 29 9
a 19 864 0 43 3
a 19 141 0 10 8
a 22 514 0 43 7
a 22 250 0 18 3
a 23 523 0 43 8
a 23 237 0 2 3
a 27 953 0 43 7
a 27 10 0 48 4
a 28 971 0 43 3
a 28 564 0 6 8
a 29 404 0 43 8
a 29 305 0 15 3
a 30 324 0 43 6
a 30 976 0 35 9
a 31 472 0 43 4
a 31 528 0 38 6
a 32 410 0 43 3
a 32 141 0 8 5
a 37 172 0 43 10
a 37 987 0 27 7
a 42 720 0 43 3
a 42 330 0 40 6
a 43 249 0 43 10
a 43 969 0 46 1
a 44 772 0 43 9
a 44 434 0 3 7
a 46 264 0 43 7
a 46 150 0 4 2
a 48 282 0 43 3
a 48 643 0 13 5
a 51 961 0 43 6
a 51 475 0 32 5
a 52 495 0 43 5
a 52 580 0 35 8
a 53 312 0 43 10
a 53 951 0 39 7
a 55 588 0 43 3
a 55 257 0 11 9
a 56 628 0 43 8
a 56 542 0 8 10
a 57 551 0 43 10
a 57 586 0 49 9
a 58 293 0 43 3
a 58 919 0 44 3
a 61 716 0 43 6
a 61 744 0 16 8
a 63 130 0 43 7
a 63 161 0 32 9
a 64 743 0 43 1
a 64 659 0 44 1
a 65 363 0 43 2
a 65 802 0 47 2
a 70 30 0 43 8
a 70 952 0 47 8
a 71 28 0 43 3
a 71 539 0 2 5
a 72 278 0 43 10
a 72 671 0 40 1
a 74 266 0 43 5
a 74 834 0 15 4
a 78 204 0 43 3
a 78 271 0 42 9
a 79 74 0 43 1
a 79 180 0 4 2
a 80 982 0 43 9
a 80 254 0 3 2
a 81 111 0 43 7
a 81 19 0 1 1
a 84 975 0 43 4
a 84 987 0 25 9
a 85 651 0 43 2
a 85 688 0 50 10
a 88 613 0 43 8
a 88 585 0 23 9
a 92 346 0 43 2
a 92 68 0 48 9
a 93 482 0 43 6
a 93 408 0 48 5
a 94 145 0 43 2
a 94 332 0 10 4
a 99 179 0 43 2
a 99 985 0 2 8
a 101 948 0 43 4
a 101 585 0 36 7
a 102 55 0 43 1
a 102 481 0 44 4
a 103 578 0 43 10
a 103 397 0 33 3
a 105 850 0 43 3
a 105 714 0 6 3
a 107 93 0 43 7
a 107 265 0 9 2
a 109 713 0 43 5
a 109 823 0 3 8
a 110 662 0 43 9
a 110 656 0 43 5
a 111 576 0 43 10
a 111 915 0 2 8
a 115 81 0 43 7
a 115 157 0 49 9
a 117 23 0 43 1
a 117 587 0 8 4
a 119 740 0 43 1
a 119 68 0 30 3
a 120 828 0 43 5
a 120 654 0 13 9
a 121 577 0 43 8
a 121 363 0 20 10
a 122 846 0 43 4
a 122 30 0 30 6
a 123 9 0 43 1
a 123 227 0 10 10
a 128 881 0 43 1
a 128 348 0 32 9
a 130 838 0 43 3
a 130 549 0 49 8
a 133 308 0 43 5
a 133 561 0 4 3
a 135 162 0 43 1
a 135 36 0 25 6
a 137 229 0 43 3
a 137 465 0 50 4
a 139 417 0 43 1
a 139 676 0 11 3
a 140 477 0 43 7
a 140 989 0 10 4
a 141 984 0 43 2
a 141 200 0 49 8
a 143 946 0 43 9
a 143 109 0 21 6
a 145 252 0 43 4
a 145 79 0 38 1
a 146 672 0 43 3
a 146 106 0 18 2
a 147 835 0 43 3
a 147 693 0 15 3
a 148 648 0 43 7
a 148 159 0 30 1
a 149 886 0 43 10
a 149 298 0 28 9
a 151 876 0 43 8
a 151 527 0 28 5
a 152 140 0 43 3
a 152 41 0 15 8
a 153 190 0 43 6
a 153 870 0 16 8
a 157 78 0 43 6
a 157 753 0 50 10
a 160 826 0 43 1
a 160 580 0 13 8
a 161 109 0 43 7
a 161 661 0 42 9
a 162 842 0 43 3
a 162 990 0 20 7
a 166 635 0 43 6
a 166 278 0 42 8
a 172 528 0 43 5
a 172 676 0 37 4
a 173 387 0 43 7
a 173 344 0 50 3
a 176 228 0 43 10
a 176 739 0 48 8
a 179 135 0 43 4
a 179 209 0 12 5
a 180 406 0 43 10
a 180 638 0 38 6
a 182 46 0 43 7
a 182 77 0 23 6
a 185 65 0 43 10
a 185 744 0 31 1
a 187 44 0 43 3
a 187 473 0 27 8
a 190 947 0 43 1
a 190 187 0 23 8
a 191 980 0 43 4
a 191 91 0 32 5
a 192 445 0 43 8
a 192 346 0 23 3
a 193 782 0 43 2
a 193 503 0 29 1
a 194 94 0 43 10
a 194 204 0 36 4
a 195 305 0 43 8
a 195 47 0 41 6
a 196 375 0 43 7
a 196 15 0 30 10
a 197 650 0 43 6
a 197 136 0 11 6
a 198 730 0 43 7
a 198 670 0 1 7
a 199 599 0 43 10
a 199 38 0 40 8
a 200 329 0 43 1
a 200 436 0 8 6
a 201 137 0 43 7
a 201 563 0 12 2
a 203 429 0 43 5
a 203 591 0 20 10
a 204 506 0 43 9
a 204 396 0 7 4
a 206 785 0 43 1
a 206 33 0 39 8
a 208 701 0 43 1
a 208 612 0 7 9
a 209 791 0 43 4
a 209 756 0 20 4
a 210 182 0 43 6
a 210 392 0 16 9
a 219 883 0 43 1
a 219 432 0 26 2
a 223 553 0 43 8
a 223 362 0 29 9
a 224 470 0 43 4
a 224 142 0 49 2
a 226 836 0 43 9
a 226 125 0 33 7
a 228 195 0 43 3
a 228 761 0 47 6
a 229 146 0 43 8
a 229 151 0 21 6
a 231 499 0 43 3
a 231 313 0 0 6
a 233 903 0 43 5
a 233 171 0 21 1
a 239 793 0 43 9
a 239 413 0 43 6
a 240 636 0 43 1
a 240 832 0 30 1
a 248 442 0 43 2
a 248 720 0 25 8
a 249 768 0 43 10
a 249 777 0 23 6
a 252 414 0 43 7
a 252 518 0 24 1
a 253 201 0 43 1
a 253 878 0 44 3
a 254 22 0 43 1
a 254 987 0 33 2
a 255 307 0 43 2
a 255 43 0 28 4
a 256 783 0 43 8
a 256 694 0 7 9
a 259 795 0 43 1
a 259 907 0 49 7
a 262 536 0 43 10
a 262 239 0 27 8
a 264 128 0 43 6
a 264 699 0 19 2
a 265 350 0 43 3
a 265 881 0 23 10
a 266 377 0 43 8
a 266 756 0 48 9
a 269 521 0 43 10
a 269 650 0 50 5
a 270 745 0 43 7
a 270 50 0 24 4
a 271 32 0 43 9
a 271 97 0 37 8
a 273 209 0 43 8
a 273 419 0 25 8
a 274 938 0 43 10
a 274 867 0 38 10
a 275 123 0 43 1
a 275 346 0 37 5
a 278 871 0 43 6
a 278 720 0 40 7
a 281 295 0 43 3
a 281 940 0 2 5
a 282 275 0 43 8
a 282 935 0 35 8
a 283 987 0 43 3
a 283 790 0 26 6
a 285 105 0 43 1
a 285 707 0 6 4
a 286 323 0 43 4
a 286 938 0 9 4
a 287 537 0 43 3
a 287 811 0 39 9
a 292 968 0 43 1
a 292 911 0 9 1
a 293 231 0 43 7
a 293 692 0 45 4
a 295 433 0 43 5
a 295 81 0 41 1
a 299 983 0 43 6
a 299 373 0 1 10
a 305 686 0 43 5
a 305 395 0 44 5
a 307 345 0 43 8
a 307 678 0 2 8
a 308 525 0 43 9
a 308 370 0 3 8
a 309 873 0 43 6
a 309 389 0 13 7
a 310 934 0 43 1
a 310 627 0 1 6
a 311 874 0 43 5
a 311 925 0 46 5
a 312 923 0 43 5
a 312 78 0 10 7
a 319 910 0 43 6
a 319 661 0 28 7
a 323 494 0 43 1
a 323 789 0 40 8
a 324 680 0 43 1
a 324 123 0 33 7
a 326 427 0 43 1
a 326 462 0 29 9
a 328 900 0 43 1
a 328 870 0 29 8
a 329 751 0 43 7
a 329 95 0 2 7
a 331 729 0 43 5
a 331 216 0 25 8
a 335 378 0 43 6
a 335 797 0 14 6
a 337 571 0 43 7
a 337 198 0 10 7
a 342 160 0 43 10
a 342 532 0 41 3
a 343 72 0 43 8
a 343 504 0 27 3
a 344 580 0 43 8
a 344 85 0 29 7
a 345 810 0 43 9
a 345 989 0 7 1
a 346 592 0 43 4
a 346 638 0 12 1
a 347 351 0 43 8
a 347 130 0 21 8
a 350 777 0 43 6
a 350 443 0 17 5
a 351 943 0 43 10
a 351 591 0 16 5
a 356 498 0 43 7
a 356 999 0 43 4
a 357 512 0 43 9
a 357 858 0 21 6
a 362 152 0 43 1
a 362 564 0 28 4
a 363 192 0 43 6
a 363 262 0 45 8
a 364 402 0 43 5
a 364 575 0 15 7
a 366 737 0 43 4
a 366 720 0 14 2
a 368 157 0 43 10
a 368 256 0 11 8
a 370 538 0 43 5
a 370 90 0 4 9
a 371 492 0 43 1
a 371 745 0 48 4
a 375 839 0 43 9
a 375 894 0 14 8
a 377 430 0 43 9
a 377 878 0 13 1
a 378 57 0 43 1
a 378 360 0 15 2
a 380 92 0 43 8
a 380 351 0 4 5
a 381 481 0 43 7
a 381 85 0 45 9
a 384 488 0 43 5
a 384 822 0 7 9
a 386 963 0 43 7
a 386 814 0 0 1
a 387 119 0 43 2
a 387 646 0 22 5
a 388 700 0 43 6
a 388 806 0 20 2
a 389 916 0 43 2
a 389 285 0 24 3
a 395 490 0 43 10
a 395 965 0 16 3
a 401 200 0 43 3
a 401 75 0 21 1
a 402 471 0 43 1
a 402 663 0 46 5
a 403 319 0 43 9
a 403 112 0 36 9
a 404 18 0 43 6
a 404 343 0 33 6
a 406 625 0 43 6
a 406 498 0 34 5
a 407 573 0 43 5
a 407 519 0 33 8
a 408 818 0 43 4
a 408 829 0 23 7
a 409 699 0 43 7
a 409 224 0 9 7
a 410 993 0 43 2
a 410 22 0 0 7
a 413 370 0 43 1
a 413 515 0 27 6
a 414 253 0 43 4
a 414 760 0 12 10
a 417 679 0 43 4
a 417 598 0 23 3
a 420 347 0 43 10
a 420 491 0 16 1
a 424 561 0 43 6
a 424 708 0 12 9
a 427 585 0 43 5
a 427 968 0 26 1
a 429 547 0 43 1
a 429 779 0 22 3
a 430 413 0 43 7
a 430 799 0 1 10
a 433 151 0 43 6
a 433 159 0 47 8
a 438 102 0 43 7
a 438 630 0 12 9
a 440 897 0 43 10
a 440 229 0 39 3
a 442 310 0 43 10
a 442 802 0 36 8
a 444 19 0 43 6
a 444 105 0 35 4
a 445 712 0 43 5
a 445 60 0 41 8
a 446 161 0 43 2
a 446 941 0 44 9
a 447 191 0 43 5
a 447 69 0 43 6
a 448 869 0 43 7
a 448 991 0 34 9
a 449 51 0 43 10
a 449 316 0 31 2
a 451 487 0 43 1
a 451 896 0 13 2
a 452 609 0 43 8
a 452 103 0 39 1
a 454 776 0 43 4
a 454 340 0 8 1
a 456 991 0 43 5
a 456 639 0 5 8
a 457 779 0 43 5
a 457 966 0 41 10
a 459 27 0 43 7
a 459 754 0 25 9
a 461 444 0 43 3
a 461 766 0 41 8
a 462 584 0 43 6
a 462 288 0 31 8
a 463 63 0 43 5
a 463 190 0 49 10
a 464 950 0 43 3
a 464 197 0 23 4
a 468 988 0 43 5
a 468 233 0 11 3
a 470 85 0 43 10
a 470 932 0 21 1
a 471 31 0 43 4
a 471 769 0 35 10
a 472 407 0 43 9
a 472 10 0 47 6
a 473 685 0 43 3
a 473 695 0 25 5
a 476 463 0 43 10
a 476 951 0 13 6
a 477 529 0 43 1
a 477 179 0 3 9
a 478 120 0 43 3
a 478 915 0 23 8
a 479 801 0 43 9
a 479 678 0 32 5
a 480 48 0 43 1
a 480 212 0 20 5
a 481 500 0 43 7
a 481 747 0 21 2
a 482 789 0 43 9
a 482 674 0 48 2
a 485 546 0 43 6
a 485 255 0 43 5
a 487 446 0 43 10
a 487 822 0 10 2
a 488 274 0 43 2
a 488 987 0 27 5
a 490 110 0 43 3
a 490 127 0 14 1
a 491 29 0 43 7
a 491 410 0 44 6
a 492 462 0 43 2
a 492 763 0 0 10
a 494 342 0 43 3
a 494 778 0 50 7
a 495 693 0 43 8
a 495 172 0 28 9
a 498 147 0 43 4
a 498 397 0 38 9
a 499 642 0 43 7
a 499 644 0 45 1
a 500 800 0 43 2
a 500 340 0 49 1
a 503 71 0 43 3
a 503 140 0 46 5
a 504 736 0 43 9
a 504 339 0 3 5
a 506 758 0 43 10
a 506 593 0 25 4
a 507 944 0 43 9
a 507 907 0 13 4
a 512 380 0 43 4
a 512 210 0 48 8
a 514 388 0 43 1
a 514 272 0 30 10
a 515 185 0 43 2
a 515 596 0 45 4
a 517 438 0 43 2
a 517 140 0 49 9
a 518 732 0 43 8
a 518 578 0 19 6
a 520 88 0 43 4
a 520 529 0 2 10
a 521 930 0 43 4
a 521 425 0 30 9
a 523 366 0 43 9
a 523 390 0 39 7
a 525 541 0 43 5
a 525 576 0 27 3
a 528 517 0 43 7
a 528 406 0 23 7
a 529 655 0 43 7
a 529 164 0 20 9
a 531 480 0 43 6
a 531 201 0 0 3
a 533 262 0 43 1
a 533 78 0 12 3
a 536 343 0 43 5
a 536 77 0 12 7
a 537 728 0 43 9
a 537 828 0 12 1
a 538 473 0 43 3
a 538 928 0 0 4
a 539 956 0 43 6
a 539 791 0 23 1
a 541 734 0 43 1
a 541 885 0 33 10
a 546 766 0 43 6
a 546 385 0 1 8
a 547 769 0 43 7
a 547 777 0 1 8
a 548 148 0 43 5
a 548 349 0 19 8
a 551 866 0 43 5
a 551 723 0 3 1
a 553 855 0 43 1
a 553 931 0 48 9
a 554 408 0 43 4
a 554 10 0 21 6
a 555 176 0 43 4
a 555 188 0 8 6
a 561 1000 0 43 5
a 561 934 0 10 4
a 562 603 0 43 7
a 562 271 0 17 7
a 563 820 0 43 3
a 563 653 0 48 2
a 566 664 0 43 2
a 566 40 0 33 3
a 568 141 0 43 5
a 568 125 0 24 3
a 571 454 0 43 3
a 571 817 0 17 10
a 572 362 0 43 2
a 572 187 0 43 6
a 573 395 0 43 2
a 573 240 0 16 1
a 574 907 0 43 1
a 574 566 0 5 4
a 576 173 0 43 1
a 576 102 0 11 7
a 577 659 0 43 10
a 577 674 0 2 6
a 578 459 0 43 3
a 578 150 0 18 2
a 580 844 0 43 7
a 580 860 0 39 10
a 581 79 0 43 7
a 581 880 0 47 4
a 583 688 0 43 8
a 583 207 0 6 5
a 584 507 0 43 8
a 584 470 0 23 5
a 585 468 0 43 10
a 585 854 0 20 1
a 586 451 0 43 7
a 586 887 0 33 10
a 587 456 0 43 2
a 587 16 0 40 4
a 588 233 0 43 5
a 588 596 0 40 7
a 591 647 0 43 1
a 591 525 0 33 3
a 592 203 0 43 9
a 592 715 0 17 10
a 597 424 0 43 2
a 597 992 0 11 5
a 599 759 0 43 9
a 599 883 0 10 6
a 603 711 0 43 5
a 603 129 0 46 1
a 606 697 0 43 2
a 606 15 0 46 4
a 609 449 0 43 3
a 609 567 0 18 2
a 613 929 0 43 7
a 613 158 0 2 2
a 620 265 0 43 10
a 620 11 0 40 9
a 625 733 0 43 8
a 625 93 0 29 7
a 628 403 0 43 1
a 628 64 0 48 3
a 631 122 0 43 4
a 631 671 0 22 7
a 632 256 0 43 3
a 632 16 0 42 8
a 635 389 0 43 8
a 635 399 0 24 1
a 636 644 0 43 10
a 636 483 0 11 8
a 641 476 0 43 6
a 641 854 0 23 10
a 642 952 0 43 4
a 642 609 0 41 7
a 644 206 0 43 5
a 644 473 0 24 10
a 647 998 0 43 10
a 647 489 0 25 4
a 648 583 0 43 2
a 648 154 0 33 10
a 649 331 0 43 7
a 649 327 0 42 8
a 650 673 0 43 7
a 650 579 0 38 10
a 651 281 0 43 2
a 651 538 0 31 6
a 652 270 0 43 1
a 652 584 0 18 7
a 653 259 0 43 2
a 653 448 0 20 10
a 655 678 0 43 10
a 655 536 0 13 1
a 659 197 0 43 5
a 659 543 0 16 10
a 662 37 0 43 6
a 662 296 0 46 9
a 664 503 0 43 6
a 664 655 0 15 10
a 671 515 0 43 1
a 671 446 0 10 2
a 672 226 0 43 1
a 672 718 0 29 3
a 673 143 0 43 4
a 673 292 0 28 7
a 677 328 0 43 8
a 677 610 0 30 8
a 678 58 0 43 9
a 678 242 0 26 1
a 679 452 0 43 5
a 679 717 0 13 5
a 680 974 0 43 3
a 680 389 0 35 6
a 681 384 0 43 3
a 681 559 0 50 2
a 685 121 0 43 5
a 685 141 0 12 9
a 686 187 0 43 1
a 686 241 0 46 5
a 687 240 0 43 4
a 687 962 0 9 4
a 688 739 0 43 7
a 688 127 0 22 9
a 689 409 0 43 5
a 689 714 0 18 6
a 693 491 0 43 3
a 693 612 0 36 3
a 697 572 0 43 7
a 697 609 0 37 3
a 699 563 0 43 5
a 699 12 0 43 4
a 700 887 0 43 2
a 700 368 0 47 9
a 701 149 0 43 6
a 701 155 0 26 6
a 703 817 0 43 3
a 703 606 0 35 1
a 707 254 0 43 2
a 707 57 0 18 9
a 711 966 0 43 2
a 711 22 0 11 2
a 712 677 0 43 6
a 712 431 0 17 6
a 713 208 0 43 1
a 713 629 0 7 7
a 716 814 0 43 1
a 716 755 0 17 1
a 720 287 0 43 2
a 720 392 0 19 2
a 726 851 0 43 2
a 726 941 0 48 2
a 728 797 0 43 8
a 728 919 0 45 4
a 729 924 0 43 2
a 729 638 0 2 5
a 730 196 0 43 2
a 730 971 0 39 7
a 732 239 0 43 2
a 732 284 0 31 9
a 733 574 0 43 6
a 733 56 0 31 7
a 734 620 0 43 4
a 734 577 0 35 9
a 736 447 0 43 7
a 736 379 0 49 2
a 737 166 0 43 8
a 737 823 0 4 4
a 739 440 0 43 4
a 739 853 0 18 9
a 740 133 0 43 9
a 740 221 0 31 2
a 743 867 0 43 8
a 743 98 0 12 1
a 745 199 0 43 7
a 745 69 0 25 2
a 750 448 0 43 4
a 750 93 0 10 8
a 751 61 0 43 3
a 751 584 0 12 5
a 754 248 0 43 3
a 754 589 0 27 10
a 755 681 0 43 5
a 755 135 0 21 4
a 758 210 0 43 5
a 758 246 0 15 3
a 759 479 0 43 10
a 759 960 0 1 8
a 761 815 0 43 7
a 761 104 0 17 5
a 766 689 0 43 8
a 766 850 0 16 3
a 768 286 0 43 2
a 768 217 0 7 1
a 769 898 0 43 2
a 769 744 0 23 6
a 772 139 0 43 5
a 772 427 0 19 8
a 776 827 0 43 7
a 776 430 0 21 8
a 777 271 0 43 8
a 777 868 0 20 10
a 779 591 0 43 10
a 779 560 0 9 5
a 782 848 0 43 10
a 782 798 0 32 8
a 783 283 0 43 2
a 783 43 0 16 3
a 785 223 0 43 7
a 785 494 0 6 2
a 789 905 0 43 4
a 789 979 0 48 9
a 791 357 0 43 2
a 791 362 0 35 1
a 793 99 0 43 10
a 793 284 0 3 8
a 795 726 0 43 6
a 795 636 0 6 10
a 797 371 0 43 4
a 797 429 0 31 5
a 798 893 0 43 8
a 798 89 0 1 3
a 799 754 0 43 8
a 799 886 0 3 1
a 800 799 0 43 2
a 800 238 0 1 7
a 801 970 0 43 10
a 801 951 0 45 6
a 802 103 0 43 10
a 802 948 0 22 3
a 803 53 0 43 10
a 803 375 0 8 10
a 808 896 0 43 3
a 808 824 0 11 9
a 810 285 0 43 7
a 810 331 0 22 3
a 811 990 0 43 5
a 811 126 0 12 3
a 814 641 0 43 2
a 814 806 0 5 10
a 815 101 0 43 8
a 815 391 0 47 4
a 817 671 0 43 2
a 817 566 0 0 10
a 818 932 0 43 3
a 818 973 0 31 3
a 819 457 0 43 4
a 819 549 0 25 3
a 820 84 0 43 8
a 820 31 0 40 9
a 826 631 0 43 10
a 826 601 0 50 4
a 827 586 0 43 8
a 827 201 0 7 1
a 828 117 0 43 2
a 828 955 0 48 5
a 832 554 0 43 8
a 832 524 0 0 2
a 835 52 0 43 7
a 835 556 0 45 9
a 836 335 0 43 9
a 836 839 0 25 4
a 838 364 0 43 9
a 838 529 0 14 10
a 839 115 0 43 1
a 839 886 0 19 8
a 842 255 0 43 6
a 842 228 0 8 9
a 844 653 0 43 5
a 844 697 0 50 8
a 846 861 0 43 6
a 846 774 0 6 3
a 847 568 0 43 7
a 847 791 0 38 7
a 848 153 0 43 6
a 848 761 0 39 5
a 849 802 0 43 3
a 849 253 0 38 9
a 850 198 0 43 9
a 850 212 0 7 7
a 851 485 0 43 4
a 851 20 0 22 10
a 855 597 0 43 5
a 855 317 0 39 8
a 860 401 0 43 6
a 860 302 0 50 7
a 861 957 0 43 10
a 861 289 0 24 7
a 864 17 0 43 10
a 864 243 0 17 6
a 866 107 0 43 3
a 866 204 0 34 8
a 867 504 0 43 3
a 867 688 0 50 6
a 869 939 0 43 6
a 869 639 0 7 3
a 870 420 0 43 3
a 870 815 0 15 7
a 871 518 0 43 10
a 871 804 0 47 10
a 873 755 0 43 4
a 873 602 0 36 4
a 874 847 0 43 3
a 874 355 0 7 9
a 876 587 0 43 3
a 876 161 0 11 9
a 881 337 0 43 8
a 881 21 0 26 1
a 883 906 0 43 3
a 883 511 0 8 6
a 886 811 0 43 4
a 886 142 0 21 6
a 887 464 0 43 6
a 887 569 0 40 6
a 888 798 0 43 3
a 888 709 0 27 6
a 891 997 0 43 8
a 891 359 0 42 1
a 893 269 0 43 9
a 893 134 0 25 6
a 896 555 0 43 4
a 896 889 0 7 4
a 897 224 0 43 9
a 897 726 0 30 1
a 898 703 0 43 10
a 898 431 0 26 1
a 900 5 0 43 5
a 900 489 0 10 10
a 901 273 0 43 9
a 901 663 0 37 2
a 903 808 0 43 2
a 903 466 0 25 9
a 905 531 0 43 4
a 905 431 0 34 3
a 906 649 0 43 1
a 906 97 0 25 5
a 907 43 0 43 1
a 907 15 0 5 4
a 910 326 0 43 6
a 910 400 0 40 7
a 916 219 0 43 2
a 916 429 0 2 1
a 922 64 0 43 8
a 922 282 0 50 2
a 923 42 0 43 6
a 923 816 0 44 6
a 924 533 0 43 2
a 924 275 0 46 2
a 928 356 0 43 4
a 928 704 0 30 1
a 929 478 0 43 7
a 929 645 0 7 9
a 930 566 0 43 3
a 930 451 0 27 3
a 932 80 0 43 2
a 932 451 0 32 9
a 934 581 0 43 8
a 934 962 0 28 3
a 938 311 0 43 8
a 938 283 0 5 9
a 939 606 0 43 4
a 939 723 0 5 8
a 943 928 0 43 7
a 943 382 0 8 5
a 944 832 0 43 9
a 944 313 0 22 5
a 946 652 0 43 4
a 946 460 0 17 7
a 947 803 0 43 2
a 947 184 0 49 6
a 948 194 0 43 10
a 948 342 0 10 2
a 950 520 0 43 5
a 950 34 0 20 4
a 952 888 0 43 1
a 952 986 0 28 8
a 953 986 0 43 3
a 953 251 0 39 3
a 956 922 0 43 2
a 956 65 0 30 4
a 957 368 0 43 8
a 957 357 0 9 4
a 961 819 0 43 3
a 961 978 0 26 9
a 963 70 0 43 3
a 963 569 0 15 1
a 966 870 0 43 8
a 966 207 0 1 1
a 968 180 0 43 6
a 968 851 0 1 10
a 970 539 0 43 8
a 970 739 0 28 10
a 971 849 0 43 10
a 971 97 0 12 7
a 974 548 0 43 3
a 974 207 0 48 5
a 975 750 0 43 4
a 975 315 0 49 3
a 980 386 0 43 7
a 980 141 0 31 2
a 982 562 0 43 9
a 982 985 0 4 8
a 983 901 0 43 2
a 983 885 0 29 1
a 984 891 0 43 9
a 984 937 0 29 2
a 986 56 0 43 2
a 986 310 0 1 2
a 987 687 0 43 2
a 987 180 0 12 7
a 988 309 0 43 4
a 988 859 0 12 6
a 990 299 0 43 7
a 990 432 0 1 3
a 991 292 0 43 5
a 991 495 0 41 6
a 993 860 0 43 4
a 993 619 0 41 10
a 997 193 0 43 8
a 997 991 0 11 3
a 998 381 0 43 2
a 998 814 0 1 8
