c PyNETGEN v1.0.0
c $ pip install pynetgen
c
c  NETGEN flow network generation algorithm
c  Problem input parameters
c  -------------------------------------
c   Random seed:          16
c   Number of nodes:      1000
c   Source nodes:         2
c   Sink nodes:           2
c   Number of arcs:       2000
c   Minimum arc cost:     1
c   Maximum arc cost:     10
c   Total supply:         50
c   Transshipment -
c     Sources:            0
c     Sinks:              0
c   Skeleton arcs -
c     With max cost:      0
c     Capacitated:        100
c   Minimum arc capacity: 0
c   Maximum arc capacity: 50
c
c  *** Minimum cost flow ***
c
p min 1000 2000
n 1 25
n 2 25
n 999 -21
n 1000 -29
a 1 494 0 25 4
a 1 867 0 9 1
a 3 578 0 25 3
a 3 90 0 17 1
a 5 1000 0 25 4
a 5 317 0 25 2
a 5 633 0 33 6
a 5 698 0 45 3
a 8 334 0 25 8
a 8 781 0 10 5
a 8 305 0 25 5
a 11 442 0 25 4
a 11 575 0 5 10
a 11 185 0 6 1
a 12 383 0 25 8
a 12 605 0 9 2
a 13 410 0 25 4
a 13 472 0 0 5
a 14 971 0 25 3
a 14 564 0 19 4
a 19 115 0 25 1
a 19 676 0 22 7
a 20 787 0 25 9
a 20 623 0 49 3
a 21 944 0 25 2
a 21 358 0 48 6
a 23 262 0 25 4
a 23 36 0 21 8
a 24 836 0 25 10
a 24 379 0 17 8
a 25 616 0 25 4
a 25 135 0 28 2
a 30 717 0 25 7
a 30 357 0 1 5
a 31 374 0 25 3
a 31 536 0 47 9
a 33 484 0 25 7
a 33 959 0 36 5
a 35 361 0 25 1
a 35 997 0 14 9
a 36 946 0 25 2
a 36 512 0 1 5
a 37 885 0 25 6
a 37 269 0 37 4
a 38 577 0 25 2
a 38 138 0 16 9
a 39 818 0 25 6
a 39 267 0 3 4
a 41 434 0 25 3
a 41 507 0 13 2
a 45 553 0 25 5
a 45 832 0 26 7
a 47 622 0 25 5
a 47 978 0 33 2
a 48 978 0 25 7
a 48 698 0 39 6
a 55 658 0 25 7
a 55 152 0 8 3
a 58 777 0 25 4
a 58 482 0 26 1
a 59 449 0 25 10
a 59 137 0 30 6
a 61 8 0 25 3
a 61 276 0 32 3
a 63 522 0 25 4
a 63 913 0 40 8
a 66 197 0 25 2
a 66 483 0 21 4
a 67 975 0 25 6
a 67 831 0 37 8
a 68 795 0 25 4
a 68 50 0 21 1
a 70 585 0 25 8
a 70 922 0 50 5
a 73 966 0 25 3
a 73 611 0 39 4
a 74 596 0 25 5
a 74 584 0 13 8
a 75 249 0 25 7
a 75 786 0 26 8
a 76 252 0 25 3
a 76 579 0 36 7
a 77 722 0 25 10
a 77 284 0 47 10
a 78 851 0 25 2
a 78 222 0 25 4
a 80 284 0 25 10
a 80 32 0 1 1
a 85 937 0 25 7
a 85 829 0 21 3
a 86 906 0 25 2
a 86 69 0 24 5
a 87 852 0 25 5
a 87 355 0 18 1
a 88 216 0 25 2
a 88 539 0 21 9
a 92 535 0 25 3
a 92 13 0 13 10
a 95 697 0 25 9
a 95 809 0 32 5
a 96 214 0 25 8
a 96 544 0 3 3
a 97 733 0 25 9
a 97 784 0 42 7
a 98 513 0 25 4
a 98 426 0 14 9
a 99 439 0 25 10
a 99 895 0 17 2
a 101 831 0 25 7
a 101 504 0 42 9
a 103 538 0 25 10
a 103 38 0 8 2
a 106 721 0 25 10
a 106 305 0 16 10
a 109 12 0 25 3
a 109 323 0 3 4
a 110 170 0 25 4
a 110 618 0 32 4
a 112 375 0 25 4
a 112 326 0 26 5
a 115 945 0 25 5
a 115 850 0 40 2
a 118 123 0 25 1
a 118 803 0 27 6
a 123 909 0 25 2
a 123 251 0 6 8
a 124 785 0 25 8
a 124 810 0 13 5
a 125 542 0 25 6
a 125 570 0 45 10
a 126 58 0 25 3
a 126 502 0 12 3
a 131 528 0 25 3
a 131 609 0 46 9
a 132 746 0 25 8
a 132 537 0 41 7
a 134 509 0 25 10
a 134 526 0 44 5
a 135 55 0 25 2
a 135 816 0 6 1
a 136 168 0 25 6
a 136 55 0 34 4
a 137 427 0 25 1
a 137 521 0 31 3
a 139 699 0 25 2
a 139 373 0 35 1
a 140 387 0 25 7
a 140 228 0 19 4
a 145 750 0 25 4
a 145 981 0 38 8
a 146 420 0 25 2
a 146 751 0 2 10
a 147 923 0 25 4
a 147 566 0 30 2
a 148 13 0 25 6
a 148 626 0 9 8
a 149 932 0 25 10
a 149 453 0 18 9
a 152 285 0 25 3
a 152 293 0 16 8
a 153 396 0 25 1
a 153 314 0 35 10
a 154 514 0 25 6
a 154 998 0 18 5
a 155 934 0 25 5
a 155 611 0 13 7
a 156 161 0 25 8
a 156 194 0 20 10
a 157 456 0 25 7
a 157 223 0 14 2
a 159 679 0 25 5
a 159 41 0 7 9
a 160 125 0 25 8
a 160 195 0 30 9
a 161 240 0 25 2
a 161 995 0 48 8
a 168 973 0 25 1
a 168 238 0 10 6
a 170 112 0 25 7
a 170 594 0 45 1
a 171 797 0 25 3
a 171 931 0 10 10
a 172 222 0 25 8
a 172 508 0 40 3
a 173 709 0 25 10
a 173 145 0 13 2
a 174 581 0 25 3
a 174 111 0 4 5
a 177 474 0 25 2
a 177 108 0 41 10
a 178 908 0 25 4
a 178 245 0 31 7
a 180 466 0 25 2
a 180 782 0 9 9
a 181 376 0 25 1
a 181 579 0 10 1
a 182 832 0 25 9
a 182 981 0 36 1
a 184 136 0 25 6
a 184 231 0 20 7
a 188 464 0 25 6
a 188 730 0 46 4
a 190 951 0 25 3
a 190 208 0 33 3
a 191 824 0 25 3
a 191 779 0 2 7
a 192 31 0 25 7
a 192 826 0 24 7
a 193 457 0 25 9
a 193 793 0 32 4
a 194 35 0 25 6
a 194 449 0 8 8
a 196 446 0 25 4
a 196 803 0 1 7
a 197 942 0 25 3
a 197 370 0 40 5
a 201 539 0 25 8
a 201 221 0 38 9
a 203 88 0 25 4
a 203 130 0 8 5
a 205 153 0 25 7
a 205 376 0 6 2
a 206 491 0 25 1
a 206 96 0 36 6
a 213 597 0 25 8
a 213 453 0 19 5
a 214 843 0 25 1
a 214 758 0 45 3
a 215 124 0 25 8
a 215 570 0 35 4
a 216 762 0 25 2
a 216 859 0 14 1
a 217 309 0 25 1
a 217 975 0 10 7
a 218 86 0 25 1
a 218 603 0 9 2
a 222 352 0 25 4
a 222 28 0 46 5
a 223 547 0 25 7
a 223 293 0 35 6
a 226 949 0 25 2
a 226 405 0 37 5
a 228 355 0 25 7
a 228 54 0 2 1
a 229 497 0 25 1
a 229 897 0 2 7
a 230 24 0 25 2
a 230 597 0 43 4
a 232 859 0 25 4
a 232 612 0 47 5
a 234 871 0 25 1
a 234 94 0 33 3
a 236 751 0 25 8
a 236 378 0 47 1
a 240 97 0 25 8
a 240 715 0 49 8
a 241 487 0 25 5
a 241 455 0 38 9
a 244 301 0 25 2
a 244 146 0 27 6
a 246 660 0 25 6
a 246 133 0 25 3
a 247 106 0 25 3
a 247 983 0 7 7
a 248 739 0 25 9
a 248 647 0 17 3
a 249 791 0 25 3
a 249 467 0 12 6
a 252 659 0 25 10
a 252 102 0 37 9
a 253 425 0 25 3
a 253 667 0 29 3
a 258 604 0 25 1
a 258 865 0 24 5
a 261 85 0 25 9
a 261 895 0 24 7
a 262 965 0 25 6
a 262 639 0 1 7
a 267 155 0 25 3
a 267 159 0 40 1
a 268 471 0 25 4
a 268 346 0 28 5
a 273 11 0 25 9
a 273 450 0 8 7
a 275 869 0 25 7
a 275 831 0 39 9
a 276 66 0 25 1
a 276 202 0 31 5
a 279 68 0 25 1
a 279 397 0 10 8
a 281 146 0 25 9
a 281 314 0 43 1
a 283 295 0 25 7
a 283 685 0 21 2
a 284 407 0 25 9
a 284 494 0 3 3
a 285 803 0 25 10
a 285 646 0 26 8
a 290 814 0 25 7
a 290 709 0 3 8
a 292 952 0 25 10
a 292 230 0 34 4
a 293 783 0 25 3
a 293 369 0 25 6
a 295 70 0 25 4
a 295 217 0 12 6
a 297 213 0 25 5
a 297 736 0 8 8
a 301 653 0 25 3
a 301 234 0 5 9
a 303 512 0 25 7
a 303 960 0 13 8
a 308 75 0 25 10
a 308 633 0 50 1
a 309 882 0 25 9
a 309 961 0 37 4
a 315 784 0 25 8
a 315 41 0 31 10
a 317 203 0 25 6
a 317 810 0 1 7
a 319 525 0 25 1
a 319 986 0 13 3
a 320 638 0 25 4
a 320 911 0 3 6
a 323 526 0 25 10
a 323 434 0 7 4
a 329 626 0 25 6
a 329 256 0 44 4
a 330 592 0 25 1
a 330 568 0 0 8
a 333 518 0 25 1
a 333 601 0 7 8
a 334 148 0 25 10
a 334 561 0 44 8
a 336 253 0 25 4
a 336 104 0 4 5
a 337 546 0 25 6
a 337 82 0 36 7
a 338 695 0 25 4
a 338 198 0 30 10
a 343 774 0 25 5
a 343 475 0 25 10
a 344 727 0 25 6
a 344 380 0 49 6
a 345 188 0 25 5
a 345 29 0 44 7
a 346 731 0 25 3
a 346 592 0 23 7
a 348 20 0 25 8
a 348 118 0 7 1
a 349 554 0 25 2
a 349 1000 0 38 7
a 350 625 0 25 2
a 350 622 0 43 7
a 352 842 0 25 10
a 352 969 0 10 9
a 353 241 0 25 6
a 353 504 0 9 2
a 355 338 0 25 1
a 355 824 0 44 1
a 356 884 0 25 3
a 356 655 0 16 2
a 359 19 0 25 10
a 359 620 0 24 3
a 360 184 0 25 1
a 360 243 0 9 8
a 361 152 0 25 6
a 361 296 0 42 3
a 362 414 0 25 6
a 362 156 0 46 6
a 363 920 0 25 6
a 363 147 0 1 10
a 365 817 0 25 6
a 365 603 0 21 7
a 366 848 0 25 1
a 366 367 0 34 4
a 367 761 0 25 9
a 367 110 0 48 3
a 368 980 0 25 7
a 368 497 0 50 4
a 369 563 0 25 4
a 369 608 0 8 5
a 374 756 0 25 7
a 374 81 0 41 1
a 375 876 0 25 2
a 375 694 0 40 10
a 376 860 0 25 3
a 376 99 0 37 5
a 382 95 0 25 7
a 382 452 0 19 7
a 383 710 0 25 6
a 383 818 0 37 8
a 384 559 0 25 6
a 384 381 0 12 2
a 387 145 0 25 9
a 387 481 0 19 1
a 395 939 0 25 2
a 395 29 0 36 3
a 396 979 0 25 3
a 396 700 0 22 3
a 398 531 0 25 4
a 398 405 0 3 9
a 402 320 0 25 3
a 402 538 0 38 7
a 404 999 0 25 6
a 404 497 0 13 3
a 407 569 0 25 8
a 407 868 0 11 2
a 408 558 0 25 6
a 408 553 0 6 6
a 410 232 0 25 1
a 410 445 0 4 3
a 411 734 0 25 3
a 411 692 0 50 4
a 414 157 0 25 1
a 414 395 0 37 4
a 416 344 0 25 3
a 416 943 0 10 7
a 420 782 0 25 4
a 420 276 0 3 2
a 424 21 0 25 3
a 424 393 0 46 3
a 425 447 0 25 9
a 425 522 0 39 9
a 427 813 0 25 2
a 427 556 0 7 1
a 429 985 0 25 3
a 429 899 0 30 6
a 430 693 0 25 5
a 430 154 0 38 9
a 432 190 0 25 6
a 432 705 0 23 9
a 434 849 0 25 8
a 434 399 0 48 4
a 437 615 0 25 7
a 437 405 0 21 1
a 438 612 0 25 6
a 438 74 0 14 7
a 439 349 0 25 4
a 439 586 0 32 4
a 440 634 0 25 10
a 440 422 0 40 6
a 441 655 0 25 2
a 441 660 0 6 5
a 442 398 0 25 10
a 442 960 0 29 5
a 444 345 0 25 3
a 444 536 0 44 10
a 445 293 0 25 10
a 445 957 0 14 5
a 446 867 0 25 10
a 446 465 0 43 2
a 447 315 0 25 10
a 447 341 0 44 6
a 449 348 0 25 3
a 449 604 0 29 4
a 453 969 0 25 3
a 453 579 0 30 8
a 456 482 0 25 2
a 456 532 0 12 8
a 457 926 0 25 1
a 457 392 0 20 5
a 458 172 0 25 6
a 458 993 0 24 1
a 459 41 0 25 8
a 459 574 0 40 9
a 460 900 0 25 8
a 460 638 0 25 4
a 462 460 0 25 7
a 462 373 0 10 9
a 464 14 0 25 3
a 464 254 0 9 6
a 466 206 0 25 9
a 466 698 0 50 8
a 471 603 0 25 2
a 471 17 0 33 8
a 473 524 0 25 7
a 473 806 0 41 1
a 474 903 0 25 9
a 474 979 0 36 10
a 478 223 0 25 8
a 478 976 0 21 6
a 479 244 0 25 6
a 479 161 0 50 2
a 481 828 0 25 7
a 481 837 0 9 2
a 482 864 0 25 9
a 482 797 0 21 3
a 484 954 0 25 7
a 484 506 0 16 8
a 485 826 0 25 10
a 485 291 0 35 1
a 487 87 0 25 3
a 487 923 0 26 5
a 488 698 0 25 5
a 488 428 0 27 2
a 489 481 0 25 6
a 489 252 0 37 3
a 491 78 0 25 5
a 491 849 0 21 1
a 492 149 0 25 9
a 492 606 0 17 3
a 494 275 0 25 5
a 494 648 0 9 9
a 495 258 0 25 6
a 495 802 0 35 1
a 496 363 0 25 7
a 496 582 0 44 5
a 497 368 0 25 7
a 497 603 0 24 5
a 503 950 0 25 7
a 503 617 0 3 10
a 507 711 0 25 6
a 507 622 0 45 5
a 509 234 0 25 7
a 509 332 0 39 9
a 510 329 0 25 2
a 510 287 0 28 10
a 512 671 0 25 5
a 512 332 0 31 1
a 513 156 0 25 5
a 513 529 0 21 7
a 514 607 0 25 6
a 514 990 0 1 4
a 516 737 0 25 10
a 516 786 0 8 5
a 518 507 0 25 7
a 518 145 0 46 8
a 521 333 0 25 6
a 521 615 0 21 3
a 522 362 0 25 2
a 522 590 0 0 4
a 524 283 0 25 7
a 524 542 0 7 1
a 525 646 0 25 7
a 525 96 0 29 1
a 526 516 0 25 3
a 526 414 0 16 7
a 528 359 0 25 8
a 528 673 0 43 8
a 530 353 0 25 2
a 530 804 0 13 2
a 531 193 0 25 7
a 531 833 0 42 5
a 535 530 0 25 1
a 535 187 0 33 2
a 537 267 0 25 10
a 537 468 0 46 8
a 538 303 0 25 4
a 538 545 0 38 9
a 539 73 0 25 6
a 539 96 0 46 1
a 542 191 0 25 6
a 542 441 0 30 2
a 543 640 0 25 7
a 543 163 0 15 10
a 545 39 0 25 4
a 545 620 0 44 3
a 546 236 0 25 9
a 546 752 0 50 8
a 547 893 0 25 2
a 547 148 0 12 3
a 553 174 0 25 1
a 553 157 0 19 6
a 554 725 0 25 2
a 554 326 0 16 8
a 555 59 0 25 2
a 555 856 0 23 8
a 556 982 0 25 5
a 556 141 0 44 3
a 557 768 0 25 5
a 557 748 0 35 3
a 558 560 0 25 2
a 558 283 0 43 3
a 559 36 0 25 9
a 559 461 0 8 1
a 560 874 0 25 3
a 560 623 0 3 1
a 563 319 0 25 10
a 563 703 0 41 7
a 566 680 0 25 5
a 566 805 0 36 2
a 567 103 0 25 6
a 567 30 0 5 6
a 569 495 0 25 4
a 569 190 0 6 8
a 570 228 0 25 10
a 570 519 0 24 8
a 573 567 0 25 6
a 573 121 0 24 10
a 577 367 0 25 4
a 577 997 0 15 3
a 578 247 0 25 4
a 578 690 0 4 5
a 581 839 0 25 6
a 581 337 0 3 6
a 583 279 0 25 4
a 583 804 0 8 3
a 585 430 0 25 5
a 585 714 0 9 2
a 586 647 0 25 1
a 586 375 0 36 10
a 587 37 0 25 2
a 587 416 0 3 8
a 589 25 0 25 10
a 589 508 0 7 5
a 591 382 0 25 9
a 591 9 0 45 7
a 592 63 0 25 4
a 592 496 0 43 9
a 595 154 0 25 1
a 595 197 0 13 6
a 596 478 0 25 9
a 596 156 0 2 7
a 597 246 0 25 3
a 597 240 0 34 8
a 598 830 0 25 9
a 598 341 0 17 6
a 599 765 0 25 3
a 599 936 0 1 6
a 603 605 0 25 10
a 603 515 0 10 10
a 604 496 0 25 9
a 604 142 0 17 3
a 605 938 0 25 5
a 605 285 0 19 8
a 607 816 0 25 8
a 607 558 0 5 9
a 611 61 0 25 9
a 611 75 0 35 9
a 612 365 0 25 8
a 612 770 0 47 10
a 615 160 0 25 7
a 615 443 0 0 2
a 616 290 0 25 5
a 616 984 0 23 3
a 619 366 0 25 5
a 619 130 0 8 2
a 620 248 0 25 1
a 620 517 0 33 4
a 622 911 0 25 10
a 622 992 0 47 6
a 625 847 0 25 9
a 625 465 0 43 1
a 626 101 0 25 6
a 626 980 0 50 5
a 634 586 0 25 6
a 634 526 0 33 3
a 635 825 0 25 4
a 635 740 0 24 1
a 637 910 0 25 3
a 637 101 0 0 3
a 638 217 0 25 1
a 638 293 0 32 7
a 640 846 0 25 2
a 640 345 0 35 9
a 641 488 0 25 2
a 641 870 0 23 3
a 642 809 0 25 7
a 642 832 0 8 7
a 646 489 0 25 5
a 646 830 0 44 8
a 647 80 0 25 7
a 647 89 0 6 9
a 648 757 0 25 2
a 648 657 0 2 2
a 653 126 0 25 8
a 653 287 0 35 10
a 655 964 0 25 1
a 655 100 0 41 5
a 656 641 0 25 8
a 656 505 0 36 1
a 658 503 0 25 7
a 658 679 0 28 9
a 659 611 0 25 5
a 659 189 0 10 6
a 660 38 0 25 9
a 660 590 0 12 3
a 666 437 0 25 10
a 666 861 0 7 3
a 671 688 0 25 6
a 671 725 0 2 6
a 678 192 0 25 4
a 678 436 0 37 8
a 679 441 0 25 9
a 679 54 0 11 4
a 680 619 0 25 4
a 680 405 0 24 4
a 688 545 0 25 1
a 688 776 0 9 8
a 693 970 0 25 2
a 693 87 0 47 9
a 695 957 0 25 10
a 695 736 0 10 9
a 697 556 0 25 1
a 697 752 0 44 3
a 698 67 0 25 1
a 698 102 0 50 6
a 699 702 0 25 9
a 699 359 0 32 5
a 702 177 0 25 6
a 702 566 0 17 1
a 709 599 0 25 8
a 709 455 0 36 7
a 710 178 0 25 10
a 710 864 0 45 8
a 711 261 0 25 7
a 711 919 0 25 5
a 713 855 0 25 2
a 713 65 0 22 6
a 715 896 0 25 6
a 715 536 0 43 7
a 717 555 0 25 2
a 717 302 0 7 9
a 718 48 0 25 7
a 718 223 0 40 5
a 721 181 0 25 9
a 721 264 0 48 8
a 722 350 0 25 1
a 722 162 0 17 1
a 725 458 0 25 10
a 725 91 0 47 6
a 727 205 0 25 10
a 727 661 0 3 8
a 731 92 0 25 1
a 731 454 0 22 3
a 733 943 0 25 3
a 733 662 0 3 8
a 734 404 0 25 5
a 734 506 0 30 5
a 737 459 0 25 4
a 737 588 0 14 8
a 739 194 0 25 4
a 739 190 0 49 1
a 744 492 0 25 1
a 744 397 0 35 10
a 746 297 0 25 6
a 746 898 0 15 8
a 750 583 0 25 2
a 750 766 0 41 7
a 751 47 0 25 8
a 751 125 0 28 1
a 756 330 0 25 3
a 756 280 0 34 1
a 757 76 0 25 6
a 757 868 0 45 5
a 761 445 0 25 4
a 761 84 0 11 4
a 762 854 0 25 2
a 762 344 0 25 6
a 765 598 0 25 10
a 765 748 0 20 9
a 766 440 0 25 7
a 766 449 0 31 2
a 767 23 0 25 9
a 767 856 0 3 2
a 768 343 0 25 4
a 768 78 0 14 2
a 770 196 0 25 2
a 770 207 0 18 2
a 773 346 0 25 10
a 773 594 0 23 1
a 774 416 0 25 10
a 774 746 0 24 3
a 776 230 0 25 1
a 776 572 0 14 2
a 777 99 0 25 3
a 777 749 0 7 6
a 778 510 0 25 1
a 778 275 0 21 8
a 782 802 0 25 3
a 782 893 0 49 2
a 783 5 0 25 8
a 783 500 0 4 2
a 784 886 0 25 10
a 784 876 0 19 7
a 785 656 0 25 1
a 785 393 0 47 4
a 787 171 0 25 10
a 787 979 0 33 3
a 791 180 0 25 6
a 791 423 0 32 7
a 794 862 0 25 4
a 794 423 0 36 8
a 795 879 0 25 4
a 795 706 0 9 10
a 797 135 0 25 10
a 797 276 0 35 9
a 799 595 0 25 7
a 799 844 0 9 7
a 802 109 0 25 6
a 802 18 0 44 1
a 803 147 0 25 9
a 803 543 0 5 9
a 805 887 0 25 7
a 805 724 0 32 4
a 809 384 0 25 2
a 809 839 0 32 8
a 810 182 0 25 9
a 810 29 0 31 1
a 813 537 0 25 4
a 813 512 0 42 4
a 814 3 0 25 7
a 814 925 0 2 7
a 815 589 0 25 8
a 815 197 0 0 5
a 816 132 0 25 5
a 816 76 0 1 2
a 817 805 0 25 3
a 817 69 0 2 3
a 818 778 0 25 8
a 818 144 0 11 3
a 819 543 0 25 10
a 819 106 0 50 8
a 823 98 0 25 1
a 823 218 0 7 6
a 824 988 0 25 3
a 824 186 0 38 4
a 825 395 0 25 4
a 825 384 0 49 10
a 826 215 0 25 9
a 826 222 0 40 1
a 828 718 0 25 1
a 828 82 0 12 8
a 830 767 0 25 4
a 830 424 0 13 4
a 831 432 0 25 4
a 831 363 0 39 5
a 832 776 0 25 8
a 832 412 0 6 6
a 833 678 0 25 6
a 833 642 0 9 10
a 836 323 0 25 7
a 836 217 0 14 2
a 839 308 0 25 8
a 839 234 0 11 5
a 842 648 0 25 7
a 842 649 0 12 4
a 843 226 0 25 2
a 843 743 0 14 2
a 846 74 0 25 1
a 846 649 0 24 6
a 847 229 0 25 2
a 847 424 0 35 2
a 848 218 0 25 6
a 848 618 0 31 2
a 849 96 0 25 4
a 849 919 0 23 5
a 851 411 0 25 8
a 851 972 0 2 3
a 852 766 0 25 5
a 852 720 0 37 6
a 854 273 0 25 10
a 854 582 0 24 1
a 855 770 0 25 10
a 855 784 0 44 2
a 856 919 0 25 5
a 856 972 0 21 4
a 859 369 0 25 6
a 859 237 0 12 8
a 860 429 0 25 2
a 860 688 0 49 5
a 862 866 0 25 3
a 862 53 0 48 5
a 864 715 0 25 3
a 864 495 0 31 7
a 866 889 0 25 6
a 866 797 0 3 5
a 867 408 0 25 10
a 867 815 0 43 3
a 869 268 0 25 2
a 869 387 0 39 2
a 871 292 0 25 5
a 871 504 0 26 9
a 872 823 0 25 8
a 872 808 0 43 1
a 874 137 0 25 4
a 874 338 0 34 5
a 876 438 0 25 1
a 876 150 0 37 3
a 879 77 0 25 5
a 879 166 0 30 8
a 882 883 0 25 5
a 882 633 0 29 8
a 883 485 0 25 1
a 883 598 0 7 2
a 884 856 0 25 8
a 884 398 0 31 5
a 885 453 0 25 8
a 885 615 0 34 9
a 886 424 0 25 4
a 886 527 0 7 2
a 887 794 0 25 9
a 887 877 0 2 1
a 889 134 0 25 2
a 889 177 0 2 7
a 893 140 0 25 3
a 893 987 0 40 4
a 896 872 0 25 9
a 896 70 0 48 1
a 900 642 0 25 10
a 900 262 0 29 5
a 903 30 0 25 5
a 903 819 0 43 9
a 906 917 0 25 5
a 906 92 0 25 7
a 908 131 0 25 10
a 908 803 0 20 9
a 909 637 0 25 7
a 909 240 0 48 1
a 910 139 0 25 6
a 910 953 0 42 8
a 911 925 0 25 6
a 911 805 0 23 1
a 917 570 0 25 3
a 917 256 0 31 5
a 919 819 0 25 9
a 919 452 0 46 1
a 920 521 0 25 10
a 920 716 0 20 8
a 923 591 0 25 3
a 923 517 0 48 3
a 925 33 0 25 4
a 925 208 0 40 2
a 926 976 0 25 3
a 926 295 0 31 3
a 932 173 0 25 10
a 932 689 0 47 5
a 934 473 0 25 10
a 934 784 0 32 2
a 937 713 0 25 2
a 937 146 0 37 4
a 938 444 0 25 4
a 938 535 0 29 5
a 939 118 0 25 4
a 939 50 0 16 7
a 942 557 0 25 5
a 942 146 0 43 1
a 943 566 0 25 3
a 943 705 0 35 1
a 944 620 0 25 4
a 944 231 0 8 8
a 945 744 0 25 5
a 945 758 0 45 3
a 946 337 0 25 1
a 946 293 0 7 10
a 949 773 0 25 1
a 949 293 0 37 4
a 950 356 0 25 2
a 950 502 0 8 2
a 951 336 0 25 9
a 951 591 0 39 8
a 952 799 0 25 2
a 952 551 0 20 2
a 954 45 0 25 2
a 954 526 0 32 4
a 957 635 0 25 2
a 957 453 0 5 4
a 964 110 0 25 8
a 964 529 0 11 6
a 965 360 0 25 2
a 965 542 0 29 8
a 966 402 0 25 7
a 966 165 0 26 8
a 969 815 0 25 3
a 969 966 0 4 8
a 970 159 0 25 7
a 970 337 0 13 4
a 971 276 0 25 6
a 971 254 0 6 1
a 973 587 0 25 7
a 973 45 0 38 3
a 975 479 0 25 1
a 975 785 0 48 1
a 976 281 0 25 8
a 976 576 0 10 9
a 978 833 0 25 4
a 978 916 0 23 4
a 979 201 0 25 10
a 979 828 0 36 10
a 980 666 0 25 9
a 980 101 0 10 9
a 982 462 0 25 7
a 982 528 0 48 4
a 985 573 0 25 4
a 985 819 0 0 4
a 988 810 0 25 6
a 988 789 0 14 10
a 2 523 0 25 6
a 2 661 0 10 4
a 4 687 0 25 8
a 4 258 0 42 1
a 6 113 0 25 10
a 6 948 0 8 9
a 7 999 0 25 6
a 7 220 0 10 5
a 9 745 0 25 7
a 9 696 0 33 1
a 10 138 0 25 4
a 10 786 0 8 4
a 15 310 0 25 2
a 15 345 0 24 8
a 16 918 0 25 9
a 16 299 0 18 6
a 17 668 0 25 10
a 17 359 0 23 5
a 18 582 0 25 10
a 18 297 0 20 8
a 22 486 0 25 2
a 22 904 0 34 7
a 26 738 0 25 9
a 26 722 0 24 8
a 27 62 0 25 4
a 27 200 0 45 1
a 28 40 0 25 5
a 28 872 0 23 1
a 29 682 0 25 3
a 29 954 0 16 7
a 32 700 0 25 10
a 32 951 0 14 8
a 34 428 0 25 4
a 34 487 0 37 3
a 40 575 0 25 2
a 40 902 0 22 8
a 42 60 0 25 10
a 42 311 0 46 3
a 43 789 0 25 8
a 43 808 0 9 7
a 44 935 0 25 8
a 44 83 0 1 6
a 46 928 0 25 1
a 46 447 0 38 10
a 49 312 0 25 10
a 49 422 0 4 6
a 50 378 0 25 6
a 50 27 0 29 2
a 51 902 0 25 8
a 51 712 0 47 4
a 52 614 0 25 1
a 52 449 0 2 10
a 53 227 0 25 1
a 53 868 0 21 4
a 54 119 0 25 5
a 54 846 0 47 10
a 56 327 0 25 7
a 56 586 0 43 7
a 57 263 0 25 2
a 57 694 0 50 1
a 60 393 0 25 3
a 60 732 0 37 4
a 62 811 0 25 9
a 62 847 0 41 6
a 64 580 0 25 10
a 64 870 0 47 9
a 65 269 0 25 10
a 65 417 0 16 6
a 69 931 0 25 6
a 69 504 0 14 2
a 71 977 0 25 5
a 71 790 0 4 6
a 72 901 0 25 3
a 72 634 0 43 8
a 79 689 0 25 4
a 79 608 0 37 5
a 81 544 0 25 4
a 81 559 0 17 4
a 82 913 0 25 6
a 82 938 0 35 3
a 83 742 0 25 3
a 83 553 0 16 4
a 84 243 0 25 2
a 84 466 0 23 6
a 89 724 0 25 2
a 89 980 0 50 9
a 90 732 0 25 6
a 90 129 0 14 8
a 91 331 0 25 10
a 91 703 0 50 4
a 93 321 0 25 10
a 93 447 0 17 2
a 94 780 0 25 8
a 94 199 0 4 6
a 100 254 0 25 3
a 100 316 0 7 9
a 102 144 0 25 7
a 102 953 0 14 2
a 104 812 0 25 1
a 104 756 0 9 2
a 105 593 0 25 4
a 105 515 0 26 6
a 107 993 0 25 9
a 107 988 0 50 9
a 108 57 0 25 10
a 108 465 0 39 9
a 111 89 0 25 6
a 111 687 0 5 5
a 113 90 0 25 6
a 113 201 0 15 4
a 114 714 0 25 10
a 114 977 0 37 7
a 116 665 0 25 9
a 116 426 0 13 9
a 117 639 0 25 5
a 117 765 0 43 5
a 119 729 0 25 10
a 119 33 0 50 10
a 120 483 0 25 9
a 120 708 0 12 3
a 121 328 0 25 9
a 121 309 0 23 5
a 122 468 0 25 7
a 122 794 0 37 4
a 127 84 0 25 1
a 127 658 0 20 1
a 128 151 0 25 1
a 128 811 0 43 6
a 129 905 0 25 9
a 129 106 0 18 7
a 130 961 0 25 6
a 130 403 0 29 10
a 133 403 0 25 1
a 133 475 0 12 5
a 138 705 0 25 4
a 138 189 0 35 1
a 141 983 0 25 2
a 141 82 0 20 9
a 142 9 0 25 4
a 142 930 0 27 9
a 143 676 0 25 4
a 143 441 0 40 4
a 144 807 0 25 6
a 144 621 0 32 6
a 150 81 0 25 3
a 150 772 0 9 10
a 151 422 0 25 4
a 151 451 0 33 8
a 158 239 0 25 3
a 158 666 0 19 4
a 162 505 0 25 5
a 162 264 0 39 6
a 163 904 0 25 4
a 163 112 0 46 5
a 164 210 0 25 4
a 164 262 0 22 10
a 165 120 0 25 2
a 165 928 0 45 7
a 166 162 0 25 2
a 166 16 0 32 2
a 167 948 0 25 4
a 167 655 0 2 6
a 169 574 0 25 1
a 169 290 0 35 3
a 175 278 0 25 8
a 175 501 0 27 8
a 176 835 0 25 8
a 176 688 0 45 10
a 179 242 0 25 4
a 179 438 0 31 10
a 183 878 0 25 9
a 183 841 0 21 4
a 185 286 0 25 6
a 185 279 0 10 10
a 186 130 0 25 10
a 186 163 0 12 9
a 187 532 0 25 4
a 187 495 0 4 5
a 189 963 0 25 8
a 189 265 0 33 9
a 195 385 0 25 7
a 195 764 0 4 10
a 198 685 0 25 2
a 198 635 0 44 4
a 199 195 0 25 9
a 199 431 0 18 1
a 200 674 0 25 10
a 200 766 0 21 1
a 202 394 0 25 4
a 202 431 0 9 5
a 204 431 0 25 2
a 204 890 0 19 2
a 207 654 0 25 2
a 207 785 0 10 4
a 208 94 0 25 1
a 208 609 0 26 3
a 209 853 0 25 4
a 209 849 0 42 2
a 210 256 0 25 6
a 210 647 0 35 4
a 211 142 0 25 9
a 211 866 0 22 9
a 212 313 0 25 9
a 212 749 0 8 1
a 219 748 0 25 7
a 219 690 0 47 5
a 220 786 0 25 6
a 220 16 0 10 1
a 221 436 0 25 3
a 221 651 0 0 7
a 224 588 0 25 6
a 224 499 0 2 2
a 225 618 0 25 8
a 225 466 0 0 7
a 227 280 0 25 10
a 227 533 0 46 8
a 231 413 0 25 9
a 231 339 0 45 8
a 233 820 0 25 10
a 233 377 0 18 6
a 235 452 0 25 7
a 235 271 0 24 8
a 237 677 0 25 6
a 237 128 0 26 5
a 238 220 0 25 10
a 238 770 0 38 2
a 239 17 0 25 1
a 239 145 0 34 9
a 242 870 0 25 10
a 242 403 0 23 3
a 243 163 0 25 9
a 243 671 0 4 10
a 245 250 0 25 8
a 245 5 0 24 9
a 250 499 0 25 1
a 250 614 0 6 4
a 251 219 0 25 2
a 251 414 0 50 8
a 254 238 0 25 4
a 254 436 0 46 9
a 255 381 0 25 9
a 255 716 0 44 5
a 256 417 0 25 1
a 256 905 0 43 10
a 257 504 0 25 2
a 257 85 0 41 1
a 259 371 0 25 7
a 259 548 0 22 7
a 260 6 0 25 4
a 260 396 0 44 9
a 263 235 0 25 2
a 263 185 0 40 2
a 264 984 0 25 7
a 264 194 0 42 9
a 265 26 0 25 8
a 265 998 0 28 5
a 266 260 0 25 2
a 266 817 0 29 10
a 269 450 0 25 5
a 269 160 0 38 4
a 270 423 0 25 1
a 270 352 0 5 5
a 271 274 0 25 10
a 271 477 0 1 9
a 272 15 0 25 7
a 272 401 0 27 5
a 274 941 0 25 9
a 274 488 0 5 10
a 277 692 0 25 7
a 277 446 0 16 8
a 278 519 0 25 10
a 278 625 0 15 6
a 280 602 0 25 8
a 280 319 0 1 7
a 282 899 0 25 4
a 282 977 0 7 7
a 286 498 0 25 2
a 286 462 0 46 8
a 287 316 0 25 3
a 287 210 0 25 5
a 288 335 0 25 4
a 288 252 0 49 8
a 289 548 0 25 10
a 289 823 0 25 2
a 291 822 0 25 2
a 291 235 0 42 5
a 294 898 0 25 3
a 294 11 0 42 5
a 296 300 0 25 4
a 296 669 0 11 6
a 298 562 0 25 1
a 298 181 0 42 5
a 299 840 0 25 8
a 299 82 0 1 9
a 300 632 0 25 8
a 300 778 0 35 8
a 302 686 0 25 8
a 302 572 0 13 8
a 304 390 0 25 8
a 304 297 0 50 9
a 305 364 0 25 8
a 305 644 0 36 3
a 306 940 0 25 9
a 306 942 0 43 1
a 307 231 0 25 9
a 307 271 0 42 8
a 310 796 0 25 8
a 310 925 0 34 10
a 311 707 0 25 10
a 311 465 0 31 7
a 312 298 0 25 8
a 312 923 0 26 6
a 313 259 0 25 9
a 313 285 0 11 1
a 314 54 0 25 7
a 314 226 0 5 2
a 316 443 0 25 3
a 316 579 0 12 8
a 318 873 0 25 8
a 318 837 0 18 9
a 321 669 0 25 3
a 321 398 0 10 7
a 322 91 0 25 8
a 322 188 0 25 3
a 324 291 0 25 10
a 324 888 0 27 7
a 325 82 0 25 8
a 325 958 0 33 3
a 326 470 0 25 4
a 326 422 0 39 6
a 327 370 0 25 10
a 327 501 0 41 7
a 328 992 0 25 10
a 328 962 0 32 1
a 331 18 0 25 5
a 331 279 0 35 5
a 332 933 0 25 6
a 332 706 0 26 8
a 335 681 0 25 10
a 335 322 0 19 4
a 339 122 0 25 6
a 339 445 0 5 4
a 340 52 0 25 8
a 340 576 0 17 1
a 341 613 0 25 10
a 341 452 0 40 5
a 342 644 0 25 7
a 342 757 0 22 3
a 347 325 0 25 3
a 347 65 0 35 8
a 351 617 0 25 7
a 351 574 0 11 10
a 354 601 0 25 2
a 354 15 0 43 2
a 357 469 0 25 7
a 357 447 0 44 2
a 358 189 0 25 7
a 358 413 0 46 10
a 364 380 0 25 7
a 364 240 0 42 7
a 370 251 0 25 3
a 370 302 0 20 8
a 371 392 0 25 4
a 371 749 0 21 3
a 372 27 0 25 3
a 372 541 0 10 5
a 373 800 0 25 8
a 373 820 0 46 6
a 377 628 0 25 7
a 377 375 0 13 5
a 378 991 0 25 6
a 378 551 0 18 7
a 379 176 0 25 4
a 379 996 0 41 7
a 380 32 0 25 7
a 380 643 0 17 7
a 381 288 0 25 8
a 381 419 0 0 4
a 385 185 0 25 6
a 385 704 0 17 4
a 386 995 0 25 4
a 386 967 0 8 9
a 388 929 0 25 7
a 388 725 0 0 7
a 389 501 0 25 5
a 389 583 0 12 9
a 390 891 0 25 2
a 390 710 0 31 9
a 391 212 0 25 7
a 391 593 0 15 4
a 392 379 0 25 5
a 392 86 0 39 10
a 393 771 0 25 6
a 393 277 0 47 7
a 394 627 0 25 3
a 394 20 0 5 1
a 397 117 0 25 10
a 397 808 0 22 5
a 399 916 0 25 6
a 399 95 0 38 6
a 400 111 0 25 4
a 400 4 0 40 2
a 401 475 0 25 8
a 401 123 0 13 3
a 403 515 0 25 4
a 403 387 0 1 3
a 405 340 0 25 5
a 405 969 0 42 1
a 406 865 0 25 8
a 406 602 0 33 3
a 409 994 0 25 2
a 409 83 0 49 9
a 412 691 0 25 9
a 412 505 0 45 5
a 413 572 0 25 8
a 413 548 0 38 4
a 415 541 0 25 4
a 415 279 0 45 7
a 417 296 0 25 4
a 417 506 0 33 4
a 418 409 0 25 2
a 418 668 0 22 1
a 419 311 0 25 8
a 419 3 0 16 9
a 421 754 0 25 5
a 421 698 0 45 7
a 422 600 0 25 6
a 422 204 0 13 3
a 423 728 0 25 2
a 423 100 0 43 6
a 426 245 0 25 4
a 426 449 0 19 4
a 428 42 0 25 6
a 428 79 0 21 7
a 431 339 0 25 8
a 431 471 0 46 7
a 433 723 0 25 2
a 433 183 0 5 2
a 435 264 0 25 5
a 435 562 0 43 4
a 436 421 0 25 2
a 436 36 0 45 9
a 443 266 0 25 6
a 443 397 0 3 1
a 448 890 0 25 4
a 448 443 0 42 6
a 450 287 0 25 6
a 450 427 0 42 4
a 451 720 0 25 2
a 451 350 0 6 6
a 452 105 0 25 9
a 452 470 0 38 2
a 454 758 0 25 1
a 454 668 0 32 9
a 455 448 0 25 3
a 455 988 0 40 1
a 461 629 0 25 10
a 461 899 0 17 2
a 463 257 0 25 6
a 463 736 0 43 3
a 465 472 0 25 1
a 465 749 0 19 9
a 467 858 0 25 8
a 467 679 0 31 3
a 468 645 0 25 5
a 468 477 0 0 9
a 469 704 0 25 7
a 469 968 0 5 1
a 470 506 0 25 8
a 470 604 0 14 8
a 472 93 0 25 7
a 472 917 0 39 7
a 475 200 0 25 4
a 475 674 0 0 2
a 476 922 0 25 6
a 476 506 0 49 9
a 477 892 0 25 3
a 477 575 0 6 3
a 480 4 0 25 2
a 480 982 0 49 8
a 483 958 0 25 8
a 483 273 0 1 1
a 486 332 0 25 5
a 486 600 0 42 2
a 490 299 0 25 5
a 490 229 0 18 8
a 493 511 0 25 7
a 493 563 0 16 2
a 498 663 0 25 1
a 498 251 0 49 2
a 499 657 0 25 5
a 499 256 0 4 7
a 500 781 0 25 2
a 500 852 0 11 7
a 501 736 0 25 1
a 501 816 0 43 8
a 502 701 0 25 3
a 502 761 0 10 2
a 504 667 0 25 2
a 504 126 0 32 1
a 505 304 0 25 6
a 505 673 0 19 5
a 506 594 0 25 7
a 506 346 0 37 7
a 508 56 0 25 7
a 508 749 0 8 1
a 511 651 0 25 3
a 511 701 0 19 6
a 515 7 0 25 6
a 515 506 0 47 7
a 517 29 0 25 6
a 517 110 0 25 1
a 519 391 0 25 6
a 519 164 0 35 2
a 520 845 0 25 10
a 520 217 0 48 3
a 523 631 0 25 9
a 523 272 0 28 8
a 527 735 0 25 4
a 527 515 0 19 6
a 529 46 0 25 4
a 529 259 0 50 3
a 532 914 0 25 9
a 532 663 0 39 5
a 533 690 0 25 7
a 533 949 0 44 8
a 534 829 0 25 6
a 534 20 0 33 10
a 536 79 0 25 3
a 536 85 0 25 3
a 540 179 0 25 8
a 540 441 0 47 3
a 541 270 0 25 9
a 541 909 0 28 8
a 544 621 0 25 6
a 544 885 0 16 10
a 548 730 0 25 9
a 548 112 0 16 2
a 549 550 0 25 1
a 549 102 0 0 7
a 550 158 0 25 9
a 550 823 0 23 7
a 551 143 0 25 2
a 551 109 0 30 4
a 552 974 0 25 3
a 552 437 0 40 6
a 561 703 0 25 4
a 561 529 0 43 6
a 562 755 0 25 4
a 562 19 0 17 8
a 564 743 0 25 1
a 564 679 0 50 7
a 565 664 0 25 3
a 565 575 0 27 7
a 568 53 0 25 5
a 568 665 0 27 7
a 571 357 0 25 3
a 571 307 0 29 2
a 572 433 0 25 8
a 572 80 0 47 6
a 574 324 0 25 8
a 574 283 0 18 6
a 575 936 0 25 10
a 575 116 0 42 1
a 576 121 0 25 4
a 576 606 0 11 4
a 579 643 0 25 9
a 579 581 0 35 2
a 580 326 0 25 1
a 580 440 0 39 10
a 582 552 0 25 1
a 582 750 0 21 8
a 584 921 0 25 5
a 584 995 0 31 4
a 588 953 0 25 7
a 588 993 0 42 4
a 590 998 0 25 9
a 590 97 0 41 1
a 593 341 0 25 4
a 593 891 0 46 3
a 594 347 0 25 5
a 594 162 0 34 9
a 600 924 0 25 4
a 600 529 0 24 2
a 601 314 0 25 1
a 601 889 0 48 1
a 602 187 0 25 9
a 602 420 0 0 7
a 606 881 0 25 5
a 606 293 0 9 10
a 608 769 0 25 1
a 608 441 0 40 9
a 609 490 0 25 2
a 609 655 0 12 6
a 610 255 0 25 6
a 610 223 0 32 5
a 613 997 0 25 7
a 613 133 0 10 3
a 614 34 0 25 4
a 614 240 0 0 2
a 617 127 0 25 10
a 617 529 0 28 5
a 618 989 0 25 7
a 618 554 0 4 6
a 621 650 0 25 10
a 621 626 0 14 6
a 623 986 0 25 4
a 623 812 0 36 4
a 624 415 0 25 5
a 624 547 0 6 4
a 627 747 0 25 8
a 627 447 0 40 2
a 628 960 0 25 3
a 628 113 0 34 5
a 629 716 0 25 2
a 629 498 0 7 3
a 630 706 0 25 3
a 630 345 0 47 3
a 631 199 0 25 6
a 631 105 0 43 8
a 632 863 0 25 9
a 632 339 0 25 8
a 633 661 0 25 2
a 633 894 0 33 9
a 636 358 0 25 3
a 636 786 0 26 6
a 639 167 0 25 6
a 639 776 0 11 6
a 643 584 0 25 10
a 643 378 0 19 9
a 644 388 0 25 7
a 644 48 0 22 1
a 645 527 0 25 2
a 645 922 0 50 7
a 649 133 0 25 9
a 649 286 0 39 3
a 650 493 0 25 6
a 650 227 0 2 7
a 651 947 0 25 3
a 651 373 0 23 2
a 652 827 0 25 4
a 652 576 0 10 3
a 654 987 0 25 1
a 654 922 0 43 8
a 657 996 0 25 10
a 657 145 0 19 6
a 661 307 0 25 5
a 661 856 0 18 9
a 662 322 0 25 1
a 662 660 0 5 5
a 663 962 0 25 6
a 663 100 0 12 1
a 664 868 0 25 5
a 664 104 0 34 10
a 665 608 0 25 2
a 665 838 0 22 5
a 667 565 0 25 1
a 667 940 0 15 5
a 668 198 0 25 4
a 668 225 0 20 2
a 669 467 0 25 5
a 669 791 0 13 4
a 670 623 0 25 7
a 670 181 0 14 7
a 672 741 0 25 2
a 672 782 0 34 9
a 673 435 0 25 7
a 673 297 0 46 2
a 674 915 0 25 5
a 674 646 0 8 6
a 675 571 0 25 6
a 675 225 0 23 3
a 676 590 0 25 7
a 676 69 0 45 6
a 677 564 0 25 4
a 677 41 0 27 6
a 681 517 0 25 8
a 681 671 0 39 1
a 682 633 0 25 8
a 682 395 0 7 6
a 683 419 0 25 5
a 683 202 0 46 9
a 684 69 0 25 6
a 684 901 0 46 2
a 685 389 0 25 1
a 685 952 0 14 1
a 686 107 0 25 4
a 686 129 0 0 4
a 687 164 0 25 1
a 687 102 0 18 1
a 689 305 0 25 10
a 689 804 0 11 4
a 690 28 0 25 1
a 690 620 0 6 10
a 691 927 0 25 5
a 691 248 0 30 5
a 692 806 0 25 4
a 692 321 0 24 10
a 694 753 0 25 10
a 694 375 0 15 2
a 696 377 0 25 3
a 696 196 0 33 8
a 700 740 0 25 7
a 700 666 0 5 5
a 701 211 0 25 9
a 701 502 0 33 9
a 703 955 0 25 8
a 703 660 0 20 4
a 704 476 0 25 4
a 704 797 0 0 7
a 705 271 0 25 3
a 705 73 0 25 3
a 706 477 0 25 2
a 706 412 0 38 2
a 707 529 0 25 5
a 707 880 0 19 8
a 708 72 0 25 9
a 708 71 0 41 3
a 712 221 0 25 2
a 712 43 0 5 2
a 714 670 0 25 2
a 714 521 0 33 3
a 716 857 0 25 4
a 716 283 0 6 1
a 719 351 0 25 8
a 719 803 0 20 5
a 720 636 0 25 1
a 720 973 0 16 3
a 723 990 0 25 10
a 723 981 0 33 3
a 724 306 0 25 1
a 724 932 0 0 1
a 726 793 0 25 1
a 726 497 0 12 1
a 728 43 0 25 4
a 728 797 0 3 1
a 729 225 0 25 2
a 729 476 0 41 3
a 730 956 0 25 6
a 730 161 0 42 6
a 732 208 0 25 2
a 732 391 0 48 5
a 735 821 0 25 9
a 735 767 0 41 3
a 736 775 0 25 10
a 736 404 0 19 6
a 738 877 0 25 3
a 738 688 0 36 6
a 740 610 0 25 8
a 740 255 0 8 1
a 741 237 0 25 1
a 741 333 0 38 7
a 742 418 0 25 1
a 742 395 0 34 3
a 743 277 0 25 8
a 743 860 0 46 8
a 745 673 0 25 5
a 745 863 0 42 10
a 747 480 0 25 8
a 747 786 0 9 7
a 748 804 0 25 8
a 748 729 0 7 8
a 749 684 0 25 9
a 749 488 0 27 3
a 752 551 0 25 2
a 752 205 0 2 7
a 753 888 0 25 8
a 753 369 0 17 5
a 754 837 0 25 6
a 754 483 0 47 5
a 755 454 0 25 1
a 755 827 0 46 9
a 758 282 0 25 8
a 758 367 0 23 2
a 759 114 0 25 1
a 759 914 0 25 2
a 760 302 0 25 7
a 760 804 0 2 3
a 763 100 0 25 9
a 763 660 0 11 8
a 764 907 0 25 1
a 764 861 0 22 3
a 769 186 0 25 6
a 769 281 0 23 3
a 771 412 0 25 1
a 771 578 0 20 9
a 772 844 0 25 5
a 772 401 0 29 3
a 775 1000 0 25 7
a 775 790 0 25 1
a 779 672 0 25 1
a 779 896 0 48 2
a 780 104 0 25 10
a 780 596 0 50 1
a 781 318 0 25 4
a 781 463 0 6 1
a 786 22 0 25 10
a 786 641 0 37 7
a 788 265 0 25 2
a 788 702 0 48 8
a 789 508 0 25 6
a 789 974 0 2 1
a 790 233 0 25 8
a 790 218 0 45 6
a 792 561 0 25 2
a 792 927 0 24 2
a 793 71 0 25 8
a 793 562 0 28 9
a 796 150 0 25 8
a 796 928 0 48 4
a 798 726 0 25 7
a 798 767 0 35 5
a 800 397 0 25 2
a 800 745 0 16 2
a 801 895 0 25 1
a 801 470 0 31 7
a 804 533 0 25 9
a 804 526 0 6 6
a 806 959 0 25 10
a 806 48 0 26 3
a 807 801 0 25 9
a 807 746 0 32 10
a 808 386 0 25 3
a 808 225 0 29 1
a 811 624 0 25 6
a 811 643 0 21 10
a 812 44 0 25 10
a 812 968 0 0 6
a 820 850 0 25 10
a 820 902 0 36 5
a 821 401 0 25 1
a 821 958 0 7 9
a 822 792 0 25 9
a 822 542 0 45 6
a 827 272 0 25 8
a 827 764 0 37 5
a 829 930 0 25 4
a 829 187 0 19 2
a 834 209 0 25 4
a 834 586 0 47 6
a 835 169 0 25 3
a 835 85 0 25 8
a 837 694 0 25 10
a 837 630 0 17 4
a 838 108 0 25 10
a 838 987 0 6 6
a 840 759 0 25 1
a 840 154 0 38 3
a 841 536 0 25 1
a 841 92 0 13 6
a 844 465 0 25 6
a 844 437 0 31 4
a 845 576 0 25 10
a 845 532 0 42 10
a 850 373 0 25 3
a 850 467 0 7 2
a 853 696 0 25 9
a 853 448 0 11 8
a 857 207 0 25 2
a 857 875 0 29 2
a 858 841 0 25 10
a 858 997 0 44 4
a 861 875 0 25 3
a 861 452 0 1 8
a 863 50 0 25 10
a 863 308 0 47 7
a 865 400 0 25 1
a 865 576 0 27 2
a 868 289 0 25 7
a 868 179 0 14 7
a 870 763 0 25 2
a 870 626 0 42 2
a 873 630 0 25 7
a 873 451 0 49 9
a 875 897 0 25 9
a 875 96 0 2 8
a 877 426 0 25 3
a 877 657 0 36 3
a 878 779 0 25 2
a 878 480 0 30 2
a 880 202 0 25 6
a 880 440 0 40 3
a 881 861 0 25 1
a 881 836 0 31 6
a 888 129 0 25 7
a 888 117 0 19 7
a 890 83 0 25 2
a 890 576 0 1 8
a 891 838 0 25 10
a 891 185 0 11 1
a 892 294 0 25 3
a 892 701 0 27 5
a 894 540 0 25 4
a 894 466 0 32 2
a 895 64 0 25 8
a 895 910 0 32 3
a 897 10 0 25 1
a 897 611 0 42 7
a 898 354 0 25 4
a 898 264 0 13 1
a 899 224 0 25 3
a 899 90 0 39 7
a 901 719 0 25 9
a 901 164 0 31 5
a 902 972 0 25 3
a 902 241 0 3 9
a 904 609 0 25 6
a 904 734 0 7 1
a 905 760 0 25 9
a 905 179 0 9 6
a 907 683 0 25 8
a 907 991 0 42 10
a 912 752 0 25 2
a 912 589 0 40 7
a 913 500 0 25 6
a 913 359 0 33 7
a 914 51 0 25 8
a 914 316 0 4 5
a 915 175 0 25 4
a 915 960 0 26 7
a 916 652 0 25 3
a 916 356 0 2 3
a 918 463 0 25 2
a 918 672 0 19 9
a 921 708 0 25 6
a 921 715 0 22 4
a 922 204 0 25 7
a 922 214 0 25 4
a 924 399 0 25 4
a 924 748 0 40 4
a 927 894 0 25 4
a 927 763 0 20 8
a 928 165 0 25 9
a 928 302 0 23 9
a 929 981 0 25 10
a 929 265 0 49 7
a 930 141 0 25 9
a 930 308 0 29 8
a 931 712 0 25 4
a 931 967 0 33 9
a 933 772 0 25 7
a 933 35 0 6 7
a 935 549 0 25 3
a 935 534 0 7 2
a 936 455 0 25 3
a 936 668 0 3 2
a 940 764 0 25 6
a 940 472 0 45 4
a 941 49 0 25 5
a 941 540 0 45 9
a 947 579 0 25 3
a 947 687 0 7 10
a 948 606 0 25 10
a 948 450 0 36 3
a 953 520 0 25 3
a 953 967 0 38 3
a 955 880 0 25 5
a 955 84 0 42 7
a 956 406 0 25 5
a 956 501 0 45 6
a 958 662 0 25 8
a 958 43 0 12 9
a 959 534 0 25 10
a 959 601 0 20 3
a 960 372 0 25 1
a 960 754 0 29 8
a 961 808 0 25 1
a 961 653 0 1 10
a 962 65 0 25 10
a 962 846 0 6 7
a 963 116 0 25 9
a 963 294 0 31 6
a 967 461 0 25 9
a 967 42 0 1 2
a 968 912 0 25 2
a 968 332 0 10 7
a 972 798 0 25 6
a 972 665 0 42 2
a 974 102 0 25 3
a 974 459 0 27 9
a 977 342 0 25 5
a 977 353 0 3 10
a 981 451 0 25 6
a 981 295 0 13 10
a 983 128 0 25 3
a 983 758 0 17 9
a 984 16 0 25 1
a 984 939 0 33 9
a 986 788 0 25 4
a 986 395 0 11 2
a 987 649 0 25 10
a 987 315 0 10 1
a 989 675 0 25 4
a 989 295 0 19 9
a 990 502 0 25 6
a 990 885 0 8 6
a 991 183 0 25 7
a 991 274 0 45 9
a 992 568 0 25 6
a 992 795 0 46 6
a 993 405 0 25 1
a 993 992 0 22 9
a 994 967 0 25 1
a 994 539 0 23 2
a 995 166 0 25 4
a 995 543 0 42 9
a 996 834 0 25 10
a 996 641 0 42 7
a 997 968 0 25 1
a 997 504 0 44 8
a 998 749 0 25 10
a 998 524 0 49 7
