c PyNETGEN v1.0.0
c $ pip install pynetgen
c
c  NETGEN flow network generation algorithm
c  Problem input parameters
c  -------------------------------------
c   Random seed:          6
c   Number of nodes:      1000
c   Source nodes:         2
c   Sink nodes:           2
c   Number of arcs:       2000
c   Minimum arc cost:     1
c   Maximum arc cost:     10
c   Total supply:         50
c   Transshipment -
c     Sources:            0
c     Sinks:              0
c   Skeleton arcs -
c     With max cost:      0
c     Capacitated:        100
c   Minimum arc capacity: 0
c   Maximum arc capacity: 50
c
c  *** Minimum cost flow ***
c
p min 1000 2000
n 1 49
n 2 1
n 999 -37
n 1000 -13
a 1 944 0 49 7
a 1 461 0 38 8
a 3 42 0 49 7
a 3 142 0 35 3
a 4 450 0 49 2
a 4 832 0 7 9
a 5 798 0 49 6
a 5 974 0 41 7
a 5 336 0 34 4
a 7 538 0 49 5
a 7 293 0 25 8
a 9 737 0 49 7
a 9 812 0 19 3
a 9 715 0 27 7
a 10 213 0 49 9
a 10 158 0 13 4
a 10 574 0 16 3
a 11 219 0 49 10
a 11 987 0 8 8
a 13 112 0 49 6
a 13 718 0 5 9
a 13 148 0 46 7
a 15 548 0 49 2
a 15 809 0 5 7
a 17 143 0 49 1
a 17 908 0 7 7
a 19 81 0 49 10
a 19 927 0 47 1
a 22 612 0 49 6
a 22 140 0 16 9
a 23 348 0 49 9
a 23 935 0 1 8
a 26 968 0 49 10
a 26 5 0 8 10
a 27 197 0 49 10
a 27 826 0 17 9
a 29 492 0 49 9
a 29 621 0 44 10
a 30 834 0 49 10
a 30 733 0 21 5
a 32 869 0 49 8
a 32 960 0 9 1
a 35 812 0 49 4
a 35 906 0 27 5
a 38 948 0 49 5
a 38 226 0 44 7
a 40 387 0 49 4
a 40 257 0 35 6
a 42 813 0 49 7
a 42 201 0 50 4
a 43 591 0 49 3
a 43 932 0 45 1
a 45 156 0 49 5
a 45 975 0 31 1
a 47 123 0 49 5
a 47 676 0 23 6
a 49 875 0 49 5
a 49 420 0 41 2
a 51 220 0 49 9
a 51 473 0 6 2
a 53 318 0 49 8
a 53 229 0 4 3
a 54 618 0 49 10
a 54 571 0 5 3
a 56 366 0 49 8
a 56 917 0 16 9
a 58 711 0 49 9
a 58 445 0 25 5
a 59 439 0 49 9
a 59 585 0 49 6
a 60 281 0 49 7
a 60 700 0 12 1
a 63 190 0 49 5
a 63 868 0 28 1
a 64 890 0 49 4
a 64 881 0 49 10
a 66 526 0 49 3
a 66 104 0 40 7
a 69 270 0 49 6
a 69 528 0 36 1
a 71 442 0 49 6
a 71 115 0 17 4
a 75 78 0 49 2
a 75 858 0 6 8
a 78 373 0 49 1
a 78 872 0 47 3
a 80 475 0 49 7
a 80 547 0 3 4
a 81 26 0 49 1
a 81 904 0 29 4
a 83 746 0 49 1
a 83 46 0 14 5
a 85 218 0 49 7
a 85 859 0 0 8
a 86 703 0 49 4
a 86 814 0 6 6
a 87 731 0 49 9
a 87 396 0 10 4
a 90 463 0 49 3
a 90 594 0 38 6
a 91 911 0 49 10
a 91 701 0 13 8
a 93 534 0 49 5
a 93 38 0 49 8
a 94 303 0 49 4
a 94 718 0 38 7
a 95 989 0 49 7
a 95 883 0 35 6
a 96 634 0 49 7
a 96 197 0 34 4
a 98 721 0 49 7
a 98 727 0 47 3
a 100 683 0 49 7
a 100 869 0 41 2
a 101 826 0 49 6
a 101 459 0 6 7
a 102 677 0 49 1
a 102 690 0 8 1
a 105 47 0 49 9
a 105 24 0 35 8
a 107 563 0 49 8
a 107 678 0 17 10
a 109 582 0 49 2
a 109 426 0 44 9
a 112 847 0 49 6
a 112 462 0 14 3
a 115 573 0 49 5
a 115 546 0 13 2
a 116 481 0 49 7
a 116 554 0 42 5
a 120 149 0 49 2
a 120 54 0 9 4
a 121 978 0 49 3
a 121 942 0 8 7
a 123 230 0 49 10
a 123 729 0 23 10
a 124 98 0 49 8
a 124 597 0 39 4
a 128 577 0 49 4
a 128 232 0 11 9
a 140 293 0 49 10
a 140 751 0 10 9
a 141 777 0 49 8
a 141 690 0 17 2
a 143 345 0 49 6
a 143 794 0 30 10
a 149 587 0 49 9
a 149 505 0 29 9
a 153 833 0 49 2
a 153 740 0 43 8
a 154 192 0 49 7
a 154 500 0 14 7
a 156 547 0 49 5
a 156 56 0 25 3
a 158 879 0 49 6
a 158 900 0 33 2
a 159 818 0 49 8
a 159 646 0 36 3
a 161 323 0 49 4
a 161 265 0 34 3
a 162 95 0 49 9
a 162 316 0 35 7
a 163 49 0 49 10
a 163 819 0 31 1
a 165 279 0 49 2
a 165 667 0 42 7
a 172 736 0 49 7
a 172 123 0 36 9
a 178 320 0 49 8
a 178 800 0 13 1
a 179 649 0 49 6
a 179 644 0 11 3
a 180 669 0 49 7
a 180 169 0 24 8
a 181 856 0 49 7
a 181 729 0 34 3
a 182 611 0 49 4
a 182 551 0 41 5
a 183 244 0 49 9
a 183 17 0 42 9
a 184 745 0 49 6
a 184 472 0 30 2
a 186 455 0 49 9
a 186 222 0 41 4
a 189 457 0 49 4
a 189 116 0 32 2
a 190 523 0 49 8
a 190 663 0 41 9
a 191 472 0 49 10
a 191 94 0 19 7
a 192 35 0 49 5
a 192 259 0 48 8
a 193 602 0 49 6
a 193 610 0 0 10
a 196 742 0 49 6
a 196 628 0 32 10
a 197 688 0 49 9
a 197 728 0 47 9
a 198 109 0 49 4
a 198 134 0 48 6
a 199 15 0 49 4
a 199 472 0 35 2
a 200 421 0 49 9
a 200 461 0 41 9
a 201 200 0 49 1
a 201 988 0 22 1
a 203 489 0 49 2
a 203 336 0 17 4
a 206 199 0 49 5
a 206 836 0 3 5
a 207 848 0 49 5
a 207 573 0 19 2
a 210 51 0 49 2
a 210 386 0 14 6
a 212 926 0 49 1
a 212 737 0 44 5
a 213 671 0 49 4
a 213 794 0 38 1
a 216 430 0 49 2
a 216 186 0 19 6
a 217 578 0 49 7
a 217 840 0 49 4
a 218 628 0 49 2
a 218 494 0 37 1
a 219 466 0 49 1
a 219 965 0 14 7
a 220 141 0 49 5
a 220 628 0 9 7
a 224 800 0 49 3
a 224 377 0 0 10
a 225 235 0 49 8
a 225 140 0 29 4
a 226 991 0 49 1
a 226 289 0 12 9
a 227 533 0 49 9
a 227 371 0 16 9
a 228 438 0 49 1
a 228 471 0 42 1
a 230 588 0 49 9
a 230 167 0 23 3
a 231 161 0 49 7
a 231 263 0 38 8
a 234 888 0 49 8
a 234 686 0 6 8
a 235 75 0 49 3
a 235 469 0 39 9
a 241 925 0 49 9
a 241 535 0 39 4
a 243 58 0 49 9
a 243 112 0 45 1
a 244 234 0 49 8
a 244 701 0 17 10
a 245 498 0 49 2
a 245 317 0 7 1
a 246 296 0 49 6
a 246 970 0 39 7
a 249 778 0 49 6
a 249 22 0 35 5
a 250 556 0 49 6
a 250 550 0 14 9
a 251 858 0 49 7
a 251 51 0 48 9
a 253 631 0 49 4
a 253 241 0 48 4
a 254 71 0 49 9
a 254 575 0 33 6
a 257 405 0 49 4
a 257 103 0 40 3
a 263 482 0 49 6
a 263 34 0 15 10
a 267 993 0 49 3
a 267 403 0 7 9
a 270 672 0 49 7
a 270 384 0 0 8
a 274 30 0 49 7
a 274 122 0 27 5
a 278 709 0 49 6
a 278 939 0 8 6
a 279 624 0 49 6
a 279 4 0 30 10
a 281 716 0 49 8
a 281 168 0 18 5
a 284 740 0 49 9
a 284 92 0 35 8
a 285 937 0 49 8
a 285 557 0 34 1
a 287 667 0 49 6
a 287 833 0 27 4
a 292 808 0 49 6
a 292 952 0 33 2
a 293 40 0 49 5
a 293 588 0 6 9
a 295 531 0 49 1
a 295 883 0 13 10
a 296 85 0 49 7
a 296 833 0 6 6
a 299 121 0 49 10
a 299 208 0 15 2
a 300 939 0 49 8
a 300 899 0 11 10
a 302 292 0 49 3
a 302 696 0 33 5
a 303 429 0 49 10
a 303 651 0 33 2
a 304 59 0 49 10
a 304 383 0 12 4
a 305 780 0 49 7
a 305 464 0 4 8
a 306 54 0 49 7
a 306 279 0 45 5
a 307 969 0 49 5
a 307 423 0 12 9
a 310 842 0 49 3
a 310 500 0 42 4
a 313 773 0 49 4
a 313 351 0 27 5
a 315 585 0 49 7
a 315 874 0 27 6
a 318 13 0 49 7
a 318 267 0 11 2
a 319 471 0 49 3
a 319 349 0 37 10
a 320 929 0 49 9
a 320 689 0 0 8
a 323 107 0 49 7
a 323 872 0 23 6
a 325 712 0 49 8
a 325 929 0 31 3
a 326 876 0 49 4
a 326 672 0 43 8
a 340 96 0 49 2
a 340 296 0 28 3
a 342 900 0 49 7
a 342 382 0 49 10
a 344 102 0 49 8
a 344 627 0 42 1
a 345 517 0 49 4
a 345 336 0 18 6
a 347 949 0 49 10
a 347 541 0 40 7
a 348 91 0 49 6
a 348 852 0 13 6
a 349 254 0 49 5
a 349 961 0 46 2
a 351 750 0 49 9
a 351 954 0 34 6
a 353 382 0 49 2
a 353 574 0 9 9
a 354 964 0 49 8
a 354 382 0 3 5
a 355 658 0 49 1
a 355 62 0 13 9
a 356 45 0 49 10
a 356 914 0 37 10
a 357 871 0 49 7
a 357 481 0 11 4
a 364 822 0 49 9
a 364 612 0 16 9
a 366 80 0 49 3
a 366 495 0 47 10
a 367 635 0 49 10
a 367 278 0 13 9
a 368 616 0 49 6
a 368 554 0 39 4
a 369 287 0 49 2
a 369 352 0 28 10
a 370 961 0 49 10
a 370 665 0 21 2
a 373 93 0 49 10
a 373 898 0 19 6
a 377 983 0 49 5
a 377 861 0 49 2
a 382 966 0 49 2
a 382 294 0 36 2
a 384 355 0 49 4
a 384 905 0 5 5
a 386 756 0 49 5
a 386 603 0 37 5
a 387 304 0 49 2
a 387 515 0 4 6
a 389 609 0 49 10
a 389 430 0 40 10
a 394 510 0 49 7
a 394 42 0 5 1
a 395 864 0 49 9
a 395 928 0 23 1
a 398 344 0 49 3
a 398 120 0 26 5
a 399 962 0 49 2
a 399 757 0 30 4
a 401 250 0 49 4
a 401 215 0 18 9
a 402 424 0 49 6
a 402 362 0 20 4
a 403 910 0 49 1
a 403 829 0 36 6
a 405 882 0 49 6
a 405 189 0 21 7
a 411 115 0 49 5
a 411 755 0 13 6
a 417 860 0 49 9
a 417 635 0 45 3
a 421 94 0 49 2
a 421 934 0 4 3
a 424 807 0 49 8
a 424 62 0 29 2
a 429 444 0 49 5
a 429 614 0 7 4
a 430 210 0 49 10
a 430 950 0 28 6
a 433 992 0 49 7
a 433 498 0 16 9
a 437 389 0 49 10
a 437 8 0 16 9
a 438 458 0 49 8
a 438 765 0 40 3
a 439 809 0 49 6
a 439 95 0 6 6
a 441 918 0 49 9
a 441 442 0 25 3
a 442 689 0 49 8
a 442 854 0 23 4
a 444 22 0 49 4
a 444 982 0 45 7
a 446 306 0 49 8
a 446 682 0 21 6
a 447 914 0 49 9
a 447 466 0 24 3
a 448 984 0 49 3
a 448 893 0 1 5
a 450 766 0 49 9
a 450 146 0 24 1
a 453 448 0 49 5
a 453 905 0 24 5
a 455 158 0 49 4
a 455 407 0 34 1
a 457 870 0 49 4
a 457 862 0 40 4
a 458 519 0 49 8
a 458 188 0 13 10
a 463 804 0 49 7
a 463 579 0 14 8
a 464 574 0 49 4
a 464 724 0 18 7
a 465 524 0 49 1
a 465 503 0 42 6
a 466 893 0 49 2
a 466 544 0 13 2
a 467 957 0 49 6
a 467 211 0 42 4
a 470 545 0 49 9
a 470 860 0 1 2
a 471 702 0 49 1
a 471 208 0 30 3
a 472 1000 0 49 4
a 472 126 0 33 7
a 474 377 0 49 3
a 474 401 0 22 6
a 475 224 0 49 1
a 475 151 0 4 1
a 476 546 0 49 9
a 476 64 0 37 4
a 477 189 0 49 9
a 477 389 0 50 7
a 481 788 0 49 9
a 481 785 0 25 4
a 482 600 0 49 5
a 482 253 0 48 9
a 484 710 0 49 8
a 484 175 0 17 3
a 486 775 0 49 1
a 486 162 0 29 9
a 488 186 0 49 7
a 488 103 0 22 6
a 489 64 0 49 4
a 489 279 0 7 8
a 490 154 0 49 8
a 490 906 0 32 7
a 491 38 0 49 7
a 491 74 0 24 2
a 492 987 0 49 2
a 492 955 0 15 5
a 494 513 0 49 6
a 494 621 0 26 7
a 495 511 0 49 9
a 495 547 0 19 1
a 498 490 0 49 3
a 498 150 0 3 10
a 499 770 0 49 5
a 499 965 0 4 6
a 500 10 0 49 9
a 500 601 0 30 4
a 502 4 0 49 1
a 502 785 0 31 7
a 506 495 0 49 8
a 506 50 0 28 3
a 508 820 0 49 7
a 508 590 0 29 4
a 509 305 0 49 4
a 509 673 0 2 1
a 510 313 0 49 6
a 510 232 0 23 10
a 511 909 0 49 9
a 511 612 0 47 10
a 513 300 0 49 8
a 513 769 0 28 2
a 515 500 0 49 7
a 515 194 0 39 5
a 517 530 0 49 10
a 517 497 0 8 9
a 519 819 0 49 6
a 519 725 0 26 10
a 523 351 0 49 3
a 523 162 0 21 3
a 524 467 0 49 9
a 524 858 0 5 4
a 526 347 0 49 2
a 526 546 0 6 6
a 530 825 0 49 6
a 530 505 0 46 9
a 531 23 0 49 5
a 531 507 0 2 2
a 533 116 0 49 10
a 533 204 0 49 7
a 534 402 0 49 5
a 534 868 0 31 2
a 535 203 0 49 4
a 535 635 0 8 1
a 536 691 0 49 7
a 536 508 0 35 10
a 538 898 0 49 8
a 538 651 0 21 7
a 540 637 0 49 1
a 540 53 0 50 1
a 541 399 0 49 9
a 541 93 0 6 7
a 543 883 0 49 8
a 543 655 0 27 8
a 545 641 0 49 1
a 545 942 0 31 6
a 546 257 0 49 7
a 546 233 0 45 10
a 547 508 0 49 4
a 547 820 0 6 6
a 548 976 0 49 7
a 548 681 0 16 6
a 552 191 0 49 1
a 552 664 0 18 7
a 556 302 0 49 4
a 556 709 0 8 4
a 557 676 0 49 3
a 557 53 0 43 4
a 560 227 0 49 3
a 560 648 0 22 10
a 563 835 0 49 1
a 563 985 0 34 5
a 568 506 0 49 9
a 568 257 0 45 3
a 572 923 0 49 7
a 572 541 0 40 7
a 573 56 0 49 10
a 573 924 0 47 4
a 574 307 0 49 1
a 574 708 0 10 3
a 575 284 0 49 7
a 575 121 0 39 6
a 577 181 0 49 8
a 577 958 0 45 9
a 578 552 0 49 9
a 578 694 0 27 7
a 581 686 0 49 8
a 581 266 0 13 8
a 582 86 0 49 3
a 582 710 0 42 7
a 584 7 0 49 9
a 584 463 0 46 5
a 585 836 0 49 3
a 585 90 0 43 10
a 587 162 0 49 7
a 587 141 0 11 10
a 588 884 0 49 4
a 588 667 0 29 2
a 591 165 0 49 7
a 591 317 0 4 6
a 594 212 0 49 2
a 594 680 0 11 3
a 596 824 0 49 6
a 596 716 0 25 10
a 598 198 0 49 6
a 598 164 0 35 8
a 600 491 0 49 4
a 600 42 0 36 5
a 601 356 0 49 6
a 601 844 0 33 10
a 602 43 0 49 2
a 602 336 0 13 4
a 603 465 0 49 6
a 603 934 0 0 7
a 604 568 0 49 8
a 604 312 0 42 9
a 607 657 0 49 9
a 607 233 0 14 4
a 609 476 0 49 2
a 609 174 0 29 9
a 611 245 0 49 1
a 611 205 0 12 1
a 612 401 0 49 2
a 612 888 0 23 7
a 614 943 0 49 7
a 614 482 0 14 6
a 615 540 0 49 8
a 615 505 0 2 6
a 616 295 0 49 3
a 616 144 0 0 7
a 618 486 0 49 2
a 618 860 0 13 9
a 623 638 0 49 9
a 623 463 0 12 3
a 624 488 0 49 2
a 624 327 0 43 10
a 627 368 0 49 6
a 627 987 0 17 4
a 628 494 0 49 4
a 628 169 0 3 8
a 631 243 0 49 8
a 631 261 0 40 4
a 633 101 0 49 2
a 633 289 0 32 3
a 634 11 0 49 4
a 634 798 0 21 7
a 635 741 0 49 5
a 635 94 0 20 9
a 637 647 0 49 1
a 637 649 0 33 5
a 638 845 0 49 6
a 638 838 0 31 5
a 641 598 0 49 2
a 641 523 0 22 9
a 645 27 0 49 9
a 645 460 0 32 9
a 647 899 0 49 10
a 647 729 0 38 2
a 649 633 0 49 8
a 649 608 0 2 9
a 655 411 0 49 9
a 655 830 0 25 3
a 656 596 0 49 4
a 656 239 0 35 7
a 657 403 0 49 9
a 657 532 0 3 9
a 658 967 0 49 7
a 658 720 0 32 6
a 666 905 0 49 8
a 666 302 0 17 9
a 667 700 0 49 3
a 667 769 0 13 9
a 669 821 0 49 10
a 669 887 0 44 3
a 671 384 0 49 5
a 671 798 0 28 4
a 672 319 0 49 3
a 672 403 0 25 8
a 676 581 0 49 9
a 676 898 0 47 3
a 677 725 0 49 7
a 677 177 0 35 3
a 679 178 0 49 6
a 679 757 0 41 3
a 680 128 0 49 6
a 680 146 0 35 5
a 681 17 0 49 10
a 681 704 0 27 1
a 682 947 0 49 1
a 682 731 0 24 5
a 683 543 0 49 10
a 683 233 0 50 1
a 684 699 0 49 3
a 684 827 0 27 8
a 686 241 0 49 10
a 686 945 0 45 4
a 687 206 0 49 7
a 687 406 0 25 6
a 688 87 0 49 3
a 688 569 0 24 6
a 689 623 0 49 5
a 689 599 0 30 8
a 690 310 0 49 8
a 690 863 0 36 9
a 691 120 0 49 9
a 691 584 0 21 9
a 695 682 0 49 7
a 695 627 0 36 8
a 699 196 0 49 4
a 699 284 0 38 8
a 700 370 0 49 1
a 700 11 0 21 10
a 702 823 0 49 5
a 702 135 0 7 6
a 703 502 0 49 3
a 703 407 0 32 8
a 709 713 0 49 8
a 709 579 0 48 8
a 710 207 0 49 3
a 710 478 0 9 5
a 711 889 0 49 7
a 711 30 0 33 8
a 712 679 0 49 4
a 712 702 0 27 2
a 713 477 0 49 7
a 713 164 0 46 3
a 714 904 0 49 4
a 714 597 0 20 7
a 716 656 0 49 7
a 716 796 0 28 7
a 718 797 0 49 3
a 718 365 0 41 2
a 721 913 0 49 9
a 721 171 0 48 9
a 722 325 0 49 9
a 722 870 0 40 10
a 725 228 0 49 8
a 725 649 0 50 5
a 726 394 0 49 2
a 726 986 0 14 4
a 731 153 0 49 2
a 731 999 0 49 5
a 734 226 0 49 5
a 734 856 0 36 3
a 736 861 0 49 7
a 736 503 0 9 10
a 737 183 0 49 9
a 737 935 0 20 9
a 740 395 0 49 1
a 740 327 0 6 1
a 741 66 0 49 2
a 741 104 0 12 2
a 742 217 0 49 5
a 742 334 0 48 8
a 743 601 0 49 4
a 743 799 0 16 7
a 745 63 0 49 8
a 745 430 0 42 8
a 746 714 0 49 9
a 746 837 0 9 10
a 749 908 0 49 8
a 749 359 0 42 1
a 750 251 0 49 1
a 750 808 0 42 1
a 751 484 0 49 6
a 751 225 0 15 5
a 754 541 0 49 5
a 754 523 0 30 4
a 756 998 0 49 6
a 756 668 0 30 4
a 757 515 0 49 7
a 757 126 0 16 10
a 759 299 0 49 5
a 759 764 0 37 3
a 762 441 0 49 8
a 762 412 0 16 10
a 766 986 0 49 9
a 766 523 0 24 3
a 768 614 0 49 4
a 768 434 0 45 6
a 769 810 0 49 1
a 769 337 0 34 3
a 770 386 0 49 3
a 770 680 0 2 9
a 773 364 0 49 4
a 773 194 0 40 7
a 775 726 0 49 5
a 775 386 0 13 4
a 777 971 0 49 1
a 777 569 0 40 4
a 778 253 0 49 10
a 778 103 0 9 6
a 780 757 0 49 10
a 780 358 0 15 7
a 788 369 0 49 7
a 788 208 0 42 2
a 789 572 0 49 7
a 789 837 0 47 10
a 793 474 0 49 8
a 793 473 0 11 4
a 797 645 0 49 5
a 797 942 0 5 9
a 798 19 0 49 3
a 798 271 0 30 9
a 800 768 0 49 1
a 800 132 0 14 5
a 804 446 0 49 10
a 804 42 0 21 7
a 807 816 0 49 9
a 807 966 0 24 10
a 808 940 0 49 1
a 808 374 0 2 4
a 809 575 0 49 7
a 809 9 0 21 6
a 810 687 0 49 4
a 810 12 0 38 6
a 812 83 0 49 7
a 812 338 0 17 2
a 813 680 0 49 2
a 813 707 0 14 8
a 814 666 0 49 9
a 814 643 0 23 9
a 816 184 0 49 7
a 816 993 0 43 3
a 818 182 0 49 9
a 818 957 0 26 7
a 819 180 0 49 3
a 819 481 0 16 9
a 820 793 0 49 9
a 820 591 0 0 4
a 821 977 0 49 4
a 821 122 0 49 9
a 822 789 0 49 7
a 822 377 0 39 5
a 823 584 0 49 9
a 823 589 0 40 2
a 824 604 0 49 9
a 824 970 0 23 4
a 825 627 0 49 10
a 825 731 0 32 7
a 826 326 0 49 3
a 826 71 0 5 5
a 832 163 0 49 8
a 832 235 0 12 3
a 833 769 0 49 5
a 833 688 0 16 8
a 834 960 0 49 6
a 834 575 0 1 5
a 835 603 0 49 5
a 835 391 0 2 3
a 836 349 0 49 8
a 836 373 0 10 8
a 842 684 0 49 8
a 842 701 0 39 4
a 845 172 0 49 10
a 845 806 0 19 9
a 847 535 0 49 5
a 847 683 0 40 6
a 848 9 0 49 9
a 848 319 0 45 2
a 853 124 0 49 7
a 853 612 0 18 2
a 856 464 0 49 2
a 856 758 0 8 4
a 858 718 0 49 3
a 858 21 0 50 1
a 860 853 0 49 10
a 860 870 0 46 5
a 861 874 0 49 8
a 861 50 0 28 2
a 863 274 0 49 6
a 863 308 0 8 7
a 864 866 0 49 8
a 864 34 0 24 6
a 866 655 0 49 7
a 866 86 0 31 1
a 869 963 0 49 3
a 869 984 0 39 3
a 870 832 0 49 2
a 870 249 0 50 2
a 871 100 0 49 9
a 871 464 0 40 9
a 874 105 0 49 10
a 874 342 0 36 10
a 875 367 0 49 10
a 875 707 0 6 3
a 876 594 0 49 9
a 876 456 0 45 8
a 879 690 0 49 6
a 879 948 0 6 7
a 882 60 0 49 4
a 882 988 0 5 9
a 883 179 0 49 10
a 883 875 0 9 10
a 884 353 0 49 3
a 884 419 0 7 10
a 886 354 0 49 4
a 886 597 0 18 4
a 888 499 0 49 5
a 888 703 0 18 4
a 889 931 0 49 10
a 889 354 0 48 2
a 890 285 0 49 1
a 890 4 0 38 8
a 893 814 0 49 6
a 893 905 0 27 1
a 895 734 0 49 9
a 895 132 0 27 2
a 896 759 0 49 5
a 896 369 0 50 6
a 898 225 0 49 6
a 898 960 0 18 2
a 899 722 0 49 10
a 899 981 0 34 1
a 900 90 0 49 9
a 900 594 0 46 5
a 904 315 0 49 2
a 904 851 0 1 7
a 905 557 0 49 7
a 905 857 0 26 7
a 906 3 0 49 8
a 906 40 0 45 5
a 908 863 0 49 7
a 908 317 0 36 4
a 909 340 0 49 3
a 909 338 0 14 8
a 910 249 0 49 9
a 910 77 0 27 1
a 911 509 0 49 7
a 911 936 0 13 2
a 913 921 0 49 1
a 913 682 0 31 2
a 914 607 0 49 4
a 914 679 0 18 8
a 918 743 0 49 9
a 918 682 0 10 6
a 921 263 0 49 9
a 921 837 0 23 8
a 923 231 0 49 4
a 923 398 0 20 8
a 925 896 0 49 4
a 925 287 0 9 5
a 926 974 0 49 10
a 926 400 0 8 2
a 929 749 0 49 7
a 929 451 0 22 7
a 931 895 0 49 9
a 931 600 0 17 6
a 937 695 0 49 5
a 937 885 0 36 9
a 939 433 0 49 8
a 939 674 0 15 6
a 940 762 0 49 7
a 940 623 0 4 10
a 943 988 0 49 10
a 943 247 0 45 3
a 944 398 0 49 6
a 944 477 0 40 1
a 946 159 0 49 6
a 946 333 0 23 1
a 947 615 0 49 5
a 947 570 0 48 6
a 948 201 0 49 8
a 948 261 0 9 1
a 949 29 0 49 5
a 949 853 0 44 8
a 957 357 0 49 2
a 957 406 0 17 4
a 960 536 0 49 8
a 960 162 0 39 8
a 961 681 0 49 7
a 961 753 0 44 5
a 962 32 0 49 7
a 962 891 0 15 10
a 963 5 0 49 10
a 963 431 0 9 6
a 964 470 0 49 2
a 964 620 0 31 9
a 966 53 0 49 4
a 966 340 0 15 4
a 967 946 0 49 5
a 967 422 0 5 9
a 968 246 0 49 2
a 968 595 0 27 3
a 969 886 0 49 10
a 969 125 0 40 9
a 971 69 0 49 6
a 971 933 0 40 3
a 974 754 0 49 6
a 974 338 0 47 3
a 976 267 0 49 4
a 976 778 0 35 10
a 977 985 0 49 5
a 977 55 0 1 7
a 978 751 0 49 1
a 978 552 0 38 5
a 983 342 0 49 7
a 983 482 0 46 1
a 984 216 0 49 3
a 984 263 0 50 6
a 985 140 0 49 2
a 985 302 0 18 9
a 986 278 0 49 5
a 986 271 0 46 6
a 987 437 0 49 7
a 987 406 0 7 5
a 988 417 0 49 4
a 988 787 0 2 10
a 989 906 0 49 8
a 989 851 0 41 4
a 991 560 0 49 6
a 991 268 0 5 5
a 992 453 0 49 2
a 992 106 0 20 9
a 993 447 0 49 4
a 993 488 0 26 9
a 998 193 0 49 5
a 998 176 0 14 2
a 2 322 0 1 3
a 2 725 0 3 2
a 6 148 0 1 10
a 6 569 0 13 1
a 8 255 0 1 3
a 8 887 0 49 5
a 12 922 0 1 3
a 12 965 0 15 3
a 14 363 0 1 8
a 14 5 0 33 2
a 16 846 0 1 8
a 16 215 0 34 6
a 18 532 0 1 8
a 18 321 0 37 3
a 20 784 0 1 5
a 20 56 0 13 9
a 21 504 0 1 8
a 21 443 0 47 1
a 24 396 0 1 6
a 24 218 0 46 1
a 25 512 0 1 3
a 25 230 0 16 3
a 28 413 0 1 9
a 28 279 0 11 9
a 31 651 0 1 9
a 31 440 0 9 2
a 33 332 0 1 10
a 33 586 0 14 7
a 34 487 0 1 2
a 34 897 0 39 4
a 36 597 0 1 8
a 36 408 0 27 1
a 37 275 0 1 4
a 37 279 0 4 10
a 39 138 0 1 1
a 39 176 0 49 3
a 41 88 0 1 4
a 41 39 0 43 5
a 44 229 0 1 8
a 44 753 0 45 2
a 46 92 0 1 6
a 46 915 0 22 3
a 48 928 0 1 10
a 48 336 0 25 4
a 50 644 0 1 2
a 50 452 0 14 9
a 52 73 0 1 10
a 52 38 0 49 5
a 55 316 0 1 6
a 55 728 0 9 2
a 57 18 0 1 2
a 57 118 0 15 3
a 61 390 0 1 9
a 61 901 0 35 1
a 62 608 0 1 1
a 62 772 0 16 9
a 65 892 0 1 8
a 65 128 0 43 5
a 67 379 0 1 4
a 67 705 0 20 7
a 68 286 0 1 2
a 68 754 0 42 2
a 70 802 0 1 10
a 70 423 0 8 8
a 72 33 0 1 4
a 72 946 0 38 1
a 73 328 0 1 7
a 73 919 0 24 3
a 74 152 0 1 10
a 74 153 0 39 5
a 76 605 0 1 4
a 76 828 0 25 9
a 77 544 0 1 4
a 77 869 0 5 6
a 79 640 0 1 10
a 79 16 0 33 6
a 82 89 0 1 1
a 82 583 0 16 1
a 84 999 0 1 3
a 84 311 0 1 8
a 88 902 0 1 10
a 88 959 0 5 9
a 89 48 0 1 10
a 89 702 0 44 1
a 92 16 0 1 4
a 92 155 0 29 1
a 97 503 0 1 7
a 97 490 0 13 4
a 99 868 0 1 8
a 99 807 0 16 2
a 103 878 0 1 9
a 103 573 0 1 5
a 104 258 0 1 2
a 104 795 0 45 9
a 106 435 0 1 4
a 106 780 0 7 9
a 108 374 0 1 9
a 108 225 0 28 5
a 110 571 0 1 6
a 110 945 0 39 5
a 111 425 0 1 2
a 111 189 0 26 2
a 113 955 0 1 8
a 113 388 0 6 6
a 114 171 0 1 4
a 114 295 0 49 2
a 117 670 0 1 1
a 117 187 0 48 3
a 118 272 0 1 10
a 118 382 0 44 8
a 119 97 0 1 6
a 119 997 0 21 3
a 122 259 0 1 3
a 122 616 0 41 8
a 125 108 0 1 8
a 125 347 0 44 1
a 126 764 0 1 4
a 126 784 0 45 5
a 127 551 0 1 2
a 127 683 0 23 8
a 129 639 0 1 6
a 129 220 0 33 10
a 130 427 0 1 4
a 130 264 0 26 8
a 131 418 0 1 10
a 131 374 0 9 2
a 132 339 0 1 5
a 132 952 0 44 5
a 133 935 0 1 4
a 133 816 0 41 4
a 134 827 0 1 8
a 134 907 0 41 9
a 135 668 0 1 1
a 135 447 0 1 2
a 136 501 0 1 10
a 136 596 0 10 1
a 137 924 0 1 9
a 137 465 0 4 6
a 138 385 0 1 1
a 138 844 0 39 9
a 139 867 0 1 6
a 139 204 0 38 1
a 142 599 0 1 6
a 142 496 0 36 6
a 144 620 0 1 8
a 144 48 0 35 7
a 145 434 0 1 2
a 145 751 0 39 3
a 146 622 0 1 3
a 146 716 0 46 10
a 147 839 0 1 3
a 147 455 0 12 1
a 148 428 0 1 5
a 148 362 0 9 4
a 150 518 0 1 9
a 150 987 0 50 1
a 151 779 0 1 4
a 151 64 0 3 2
a 152 362 0 1 9
a 152 848 0 43 5
a 155 844 0 1 4
a 155 971 0 35 3
a 157 420 0 1 7
a 157 950 0 28 6
a 160 483 0 1 3
a 160 666 0 43 8
a 164 806 0 1 3
a 164 64 0 34 7
a 166 619 0 1 7
a 166 199 0 11 2
a 167 208 0 1 6
a 167 632 0 47 2
a 168 44 0 1 7
a 168 373 0 6 7
a 169 68 0 1 9
a 169 437 0 27 9
a 170 626 0 1 10
a 170 187 0 9 9
a 171 685 0 1 1
a 171 436 0 50 6
a 173 927 0 1 1
a 173 687 0 37 4
a 174 678 0 1 9
a 174 121 0 4 10
a 175 157 0 1 7
a 175 244 0 39 2
a 176 565 0 1 4
a 176 270 0 11 6
a 177 586 0 1 9
a 177 786 0 15 2
a 185 880 0 1 4
a 185 137 0 39 5
a 187 912 0 1 4
a 187 786 0 17 8
a 188 941 0 1 5
a 188 74 0 37 2
a 194 794 0 1 3
a 194 363 0 39 2
a 195 122 0 1 7
a 195 667 0 6 2
a 202 559 0 1 2
a 202 533 0 9 5
a 204 329 0 1 2
a 204 127 0 14 1
a 205 953 0 1 8
a 205 555 0 13 8
a 208 830 0 1 1
a 208 804 0 34 4
a 209 151 0 1 4
a 209 567 0 18 3
a 211 308 0 1 8
a 211 274 0 48 7
a 214 665 0 1 8
a 214 377 0 45 10
a 215 110 0 1 5
a 215 374 0 26 9
a 221 247 0 1 6
a 221 901 0 10 8
a 222 252 0 1 2
a 222 398 0 46 10
a 223 693 0 1 3
a 223 96 0 41 6
a 229 625 0 1 8
a 229 75 0 16 8
a 232 341 0 1 2
a 232 381 0 36 7
a 233 280 0 1 3
a 233 101 0 20 5
a 236 282 0 1 10
a 236 276 0 33 8
a 237 440 0 1 1
a 237 275 0 27 4
a 238 803 0 1 5
a 238 918 0 7 5
a 239 792 0 1 2
a 239 269 0 18 8
a 240 990 0 1 5
a 240 991 0 2 9
a 242 185 0 1 7
a 242 214 0 16 5
a 247 570 0 1 10
a 247 117 0 41 5
a 248 636 0 1 6
a 248 637 0 9 6
a 252 593 0 1 9
a 252 500 0 37 5
a 255 114 0 1 8
a 255 893 0 0 1
a 256 265 0 1 8
a 256 449 0 12 8
a 258 617 0 1 4
a 258 171 0 5 7
a 259 752 0 1 4
a 259 388 0 16 8
a 260 942 0 1 6
a 260 507 0 7 4
a 261 831 0 1 2
a 261 951 0 3 6
a 262 242 0 1 2
a 262 162 0 44 9
a 264 239 0 1 5
a 264 102 0 6 3
a 265 838 0 1 6
a 265 619 0 44 2
a 266 774 0 1 3
a 266 967 0 45 10
a 268 334 0 1 2
a 268 912 0 26 10
a 269 139 0 1 10
a 269 518 0 41 3
a 271 919 0 1 1
a 271 835 0 21 3
a 272 57 0 1 3
a 272 83 0 50 6
a 273 248 0 1 1
a 273 14 0 45 9
a 275 380 0 1 10
a 275 538 0 1 10
a 276 8 0 1 8
a 276 936 0 44 1
a 277 130 0 1 6
a 277 997 0 13 4
a 280 79 0 1 8
a 280 448 0 26 10
a 282 995 0 1 10
a 282 626 0 10 4
a 283 36 0 1 9
a 283 276 0 7 3
a 286 266 0 1 8
a 286 448 0 26 3
a 288 758 0 1 4
a 288 907 0 12 1
a 289 795 0 1 5
a 289 947 0 49 2
a 290 381 0 1 6
a 290 496 0 29 10
a 291 841 0 1 7
a 291 637 0 29 1
a 294 479 0 1 2
a 294 156 0 32 2
a 297 188 0 1 3
a 297 952 0 17 2
a 298 613 0 1 4
a 298 874 0 17 10
a 301 317 0 1 5
a 301 688 0 46 7
a 308 917 0 1 3
a 308 345 0 1 2
a 309 952 0 1 6
a 309 284 0 26 2
a 311 236 0 1 1
a 311 786 0 11 10
a 312 975 0 1 10
a 312 679 0 19 8
a 314 135 0 1 4
a 314 14 0 12 5
a 316 46 0 1 8
a 316 816 0 38 2
a 317 717 0 1 3
a 317 787 0 2 6
a 321 815 0 1 8
a 321 105 0 31 6
a 322 113 0 1 5
a 322 691 0 3 9
a 324 564 0 1 2
a 324 592 0 19 7
a 327 256 0 1 8
a 327 874 0 20 10
a 328 520 0 1 6
a 328 972 0 18 4
a 329 903 0 1 7
a 329 727 0 45 6
a 330 436 0 1 9
a 330 894 0 26 9
a 331 77 0 1 4
a 331 703 0 35 1
a 332 67 0 1 6
a 332 761 0 48 10
a 333 673 0 1 10
a 333 719 0 27 3
a 334 443 0 1 1
a 334 286 0 24 4
a 335 786 0 1 1
a 335 126 0 40 8
a 336 862 0 1 5
a 336 758 0 31 4
a 337 125 0 1 7
a 337 384 0 13 6
a 338 542 0 1 5
a 338 148 0 50 3
a 339 642 0 1 2
a 339 890 0 27 9
a 341 383 0 1 5
a 341 35 0 21 1
a 343 829 0 1 8
a 343 893 0 13 4
a 346 753 0 1 5
a 346 169 0 7 10
a 350 174 0 1 10
a 350 638 0 49 2
a 352 708 0 1 2
a 352 950 0 8 10
a 358 704 0 1 7
a 358 703 0 35 5
a 359 260 0 1 10
a 359 193 0 27 9
a 360 767 0 1 3
a 360 735 0 21 2
a 361 404 0 1 9
a 361 221 0 24 7
a 362 610 0 1 5
a 362 791 0 42 2
a 363 195 0 1 7
a 363 443 0 8 3
a 365 473 0 1 10
a 365 337 0 3 8
a 371 771 0 1 10
a 371 60 0 4 9
a 372 932 0 1 1
a 372 152 0 36 3
a 374 136 0 1 8
a 374 141 0 16 1
a 375 103 0 1 1
a 375 770 0 5 10
a 376 422 0 1 8
a 376 783 0 3 5
a 378 837 0 1 2
a 378 104 0 27 8
a 379 327 0 1 4
a 379 428 0 18 3
a 380 595 0 1 8
a 380 901 0 13 2
a 381 950 0 1 6
a 381 964 0 10 10
a 383 238 0 1 9
a 383 416 0 47 6
a 385 237 0 1 1
a 385 754 0 37 5
a 388 790 0 1 3
a 388 475 0 12 4
a 390 729 0 1 6
a 390 556 0 3 1
a 391 462 0 1 7
a 391 957 0 28 5
a 392 621 0 1 8
a 392 65 0 40 7
a 393 694 0 1 8
a 393 527 0 12 9
a 396 415 0 1 9
a 396 913 0 13 10
a 397 144 0 1 10
a 397 161 0 31 4
a 400 205 0 1 6
a 400 123 0 11 7
a 404 576 0 1 9
a 404 149 0 13 8
a 406 376 0 1 6
a 406 286 0 38 8
a 407 730 0 1 5
a 407 675 0 33 8
a 408 979 0 1 10
a 408 340 0 28 3
a 409 468 0 1 6
a 409 239 0 43 5
a 410 261 0 1 2
a 410 907 0 25 1
a 412 855 0 1 8
a 412 301 0 9 2
a 413 221 0 1 4
a 413 747 0 45 10
a 414 431 0 1 7
a 414 295 0 10 5
a 415 706 0 1 2
a 415 639 0 39 1
a 416 215 0 1 3
a 416 389 0 29 8
a 418 24 0 1 2
a 418 703 0 41 6
a 419 980 0 1 6
a 419 711 0 29 6
a 420 959 0 1 2
a 420 332 0 8 2
a 422 426 0 1 4
a 422 59 0 20 1
a 423 857 0 1 4
a 423 774 0 37 2
a 425 765 0 1 2
a 425 457 0 1 2
a 426 945 0 1 4
a 426 341 0 0 4
a 427 314 0 1 9
a 427 535 0 6 2
a 428 507 0 1 8
a 428 737 0 17 1
a 431 469 0 1 1
a 431 693 0 48 6
a 432 131 0 1 7
a 432 827 0 10 2
a 434 126 0 1 4
a 434 237 0 19 1
a 435 562 0 1 10
a 435 750 0 10 8
a 436 772 0 1 4
a 436 955 0 31 2
a 440 589 0 1 4
a 440 546 0 44 3
a 443 70 0 1 4
a 443 136 0 5 9
a 445 854 0 1 5
a 445 27 0 42 8
a 449 324 0 1 8
a 449 931 0 43 6
a 451 160 0 1 5
a 451 858 0 11 4
a 452 528 0 1 9
a 452 465 0 8 6
a 454 916 0 1 2
a 454 220 0 22 1
a 456 707 0 1 4
a 456 827 0 45 2
a 459 579 0 1 7
a 459 28 0 29 8
a 460 129 0 1 9
a 460 483 0 25 4
a 461 350 0 1 1
a 461 425 0 48 4
a 462 388 0 1 2
a 462 635 0 34 3
a 468 145 0 1 10
a 468 228 0 11 2
a 469 933 0 1 2
a 469 798 0 43 4
a 473 137 0 1 2
a 473 908 0 15 4
a 478 61 0 1 2
a 478 102 0 41 2
a 479 359 0 1 8
a 479 796 0 4 10
a 480 410 0 1 4
a 480 192 0 26 4
a 483 132 0 1 7
a 483 98 0 46 5
a 485 787 0 1 7
a 485 951 0 46 10
a 487 569 0 1 10
a 487 615 0 23 1
a 493 414 0 1 2
a 493 519 0 39 9
a 496 55 0 1 2
a 496 114 0 13 2
a 497 715 0 1 10
a 497 893 0 18 4
a 501 720 0 1 8
a 501 438 0 27 3
a 503 276 0 1 9
a 503 778 0 3 1
a 504 629 0 1 4
a 504 4 0 40 6
a 505 358 0 1 1
a 505 815 0 11 2
a 507 365 0 1 9
a 507 605 0 9 10
a 512 938 0 1 8
a 512 504 0 34 3
a 514 843 0 1 2
a 514 176 0 6 10
a 516 452 0 1 2
a 516 451 0 48 1
a 518 828 0 1 6
a 518 427 0 4 9
a 520 660 0 1 10
a 520 185 0 29 3
a 521 456 0 1 10
a 521 467 0 21 10
a 522 785 0 1 1
a 522 335 0 11 3
a 525 566 0 1 3
a 525 724 0 8 4
a 527 701 0 1 5
a 527 396 0 8 7
a 528 997 0 1 6
a 528 609 0 10 7
a 529 298 0 1 8
a 529 333 0 42 9
a 532 28 0 1 9
a 532 452 0 20 10
a 537 901 0 1 9
a 537 76 0 36 4
a 539 590 0 1 8
a 539 604 0 21 2
a 542 375 0 1 9
a 542 191 0 32 4
a 544 696 0 1 6
a 544 79 0 9 4
a 549 62 0 1 3
a 549 598 0 28 4
a 550 432 0 1 3
a 550 142 0 41 10
a 551 459 0 1 9
a 551 717 0 0 1
a 553 268 0 1 8
a 553 115 0 30 7
a 554 994 0 1 1
a 554 913 0 31 2
a 555 514 0 1 4
a 555 80 0 45 9
a 558 781 0 1 4
a 558 833 0 7 8
a 559 920 0 1 9
a 559 72 0 33 8
a 561 202 0 1 4
a 561 813 0 47 6
a 562 643 0 1 7
a 562 160 0 23 2
a 564 799 0 1 10
a 564 526 0 3 8
a 565 127 0 1 4
a 565 391 0 6 9
a 566 705 0 1 9
a 566 991 0 33 6
a 567 537 0 1 3
a 567 704 0 32 3
a 569 283 0 1 6
a 569 471 0 36 10
a 570 553 0 1 1
a 570 260 0 25 10
a 571 338 0 1 5
a 571 304 0 5 10
a 576 20 0 1 5
a 576 364 0 32 1
a 579 269 0 1 5
a 579 641 0 26 8
a 580 692 0 1 10
a 580 740 0 12 1
a 583 84 0 1 5
a 583 945 0 10 10
a 586 223 0 1 10
a 586 846 0 40 8
a 589 37 0 1 7
a 589 67 0 14 5
a 590 485 0 1 1
a 590 882 0 39 1
a 592 6 0 1 3
a 592 167 0 10 7
a 593 233 0 1 9
a 593 431 0 16 1
a 595 891 0 1 8
a 595 405 0 11 4
a 597 166 0 1 7
a 597 124 0 30 4
a 599 50 0 1 2
a 599 451 0 2 5
a 605 763 0 1 2
a 605 206 0 31 7
a 606 31 0 1 5
a 606 742 0 30 4
a 608 956 0 1 10
a 608 966 0 11 2
a 610 733 0 1 6
a 610 185 0 31 10
a 613 675 0 1 3
a 613 747 0 19 2
a 617 1000 0 1 6
a 617 16 0 21 10
a 619 262 0 1 3
a 619 374 0 33 8
a 620 965 0 1 9
a 620 885 0 22 1
a 621 881 0 1 2
a 621 760 0 15 5
a 622 719 0 1 10
a 622 695 0 26 7
a 625 21 0 1 3
a 625 639 0 46 1
a 626 164 0 1 8
a 626 758 0 30 3
a 629 52 0 1 8
a 629 780 0 9 9
a 630 177 0 1 6
a 630 29 0 23 10
a 632 134 0 1 9
a 632 793 0 23 3
a 636 118 0 1 5
a 636 571 0 44 7
a 639 155 0 1 7
a 639 320 0 5 2
a 640 99 0 1 1
a 640 613 0 21 8
a 642 117 0 1 9
a 642 451 0 11 3
a 643 697 0 1 10
a 643 497 0 31 4
a 644 805 0 1 9
a 644 86 0 50 1
a 646 170 0 1 6
a 646 408 0 44 10
a 648 204 0 1 6
a 648 136 0 25 3
a 650 175 0 1 3
a 650 746 0 12 9
a 651 738 0 1 7
a 651 685 0 22 7
a 652 973 0 1 10
a 652 693 0 17 3
a 653 290 0 1 1
a 653 189 0 20 8
a 654 104 0 1 10
a 654 586 0 2 7
a 659 915 0 1 2
a 659 134 0 48 2
a 660 312 0 1 9
a 660 428 0 18 7
a 661 211 0 1 9
a 661 722 0 41 2
a 662 12 0 1 4
a 662 512 0 43 2
a 663 970 0 1 7
a 663 106 0 1 6
a 664 331 0 1 6
a 664 349 0 9 10
a 665 176 0 1 5
a 665 719 0 40 3
a 668 936 0 1 3
a 668 169 0 16 4
a 670 981 0 1 2
a 670 640 0 13 1
a 673 371 0 1 4
a 673 538 0 48 4
a 674 555 0 1 4
a 674 332 0 26 8
a 675 454 0 1 5
a 675 690 0 31 1
a 678 41 0 1 5
a 678 585 0 15 7
a 685 646 0 1 2
a 685 410 0 9 5
a 692 877 0 1 5
a 692 952 0 45 10
a 693 301 0 1 3
a 693 845 0 29 3
a 694 277 0 1 4
a 694 595 0 26 9
a 696 240 0 1 5
a 696 959 0 40 5
a 697 264 0 1 8
a 697 687 0 15 10
a 698 934 0 1 4
a 698 488 0 7 9
a 701 297 0 1 1
a 701 257 0 3 7
a 704 659 0 1 5
a 704 385 0 26 9
a 705 209 0 1 6
a 705 227 0 7 2
a 706 273 0 1 10
a 706 4 0 1 3
a 707 461 0 1 1
a 707 286 0 40 5
a 708 400 0 1 4
a 708 574 0 19 5
a 715 897 0 1 7
a 715 701 0 31 4
a 717 755 0 1 2
a 717 88 0 38 6
a 719 409 0 1 1
a 719 794 0 27 2
a 720 445 0 1 5
a 720 706 0 36 1
a 723 142 0 1 2
a 723 730 0 34 4
a 724 416 0 1 7
a 724 750 0 27 3
a 727 653 0 1 10
a 727 269 0 42 3
a 728 361 0 1 5
a 728 463 0 42 8
a 729 372 0 1 4
a 729 23 0 17 3
a 730 336 0 1 6
a 730 723 0 1 7
a 732 972 0 1 3
a 732 534 0 24 6
a 733 732 0 1 7
a 733 328 0 22 1
a 735 791 0 1 10
a 735 639 0 7 1
a 738 801 0 1 3
a 738 974 0 23 2
a 739 76 0 1 2
a 739 95 0 28 5
a 744 480 0 1 9
a 744 512 0 19 6
a 747 662 0 1 10
a 747 280 0 14 3
a 748 119 0 1 10
a 748 190 0 9 10
a 752 522 0 1 6
a 752 422 0 33 8
a 753 852 0 1 4
a 753 351 0 3 9
a 755 776 0 1 9
a 755 224 0 43 10
a 758 343 0 1 2
a 758 990 0 39 2
a 760 222 0 1 3
a 760 637 0 19 5
a 761 728 0 1 2
a 761 119 0 31 9
a 763 849 0 1 5
a 763 952 0 18 1
a 764 335 0 1 2
a 764 290 0 30 4
a 765 567 0 1 4
a 765 91 0 8 8
a 767 811 0 1 4
a 767 343 0 35 9
a 771 583 0 1 2
a 771 671 0 47 7
a 772 525 0 1 7
a 772 401 0 45 5
a 774 727 0 1 2
a 774 140 0 37 3
a 776 632 0 1 2
a 776 782 0 31 6
a 779 549 0 1 8
a 779 161 0 49 5
a 781 748 0 1 9
a 781 26 0 36 2
a 782 288 0 1 1
a 782 232 0 20 7
a 783 106 0 1 7
a 783 214 0 47 8
a 784 739 0 1 9
a 784 958 0 36 1
a 785 214 0 1 10
a 785 802 0 4 5
a 786 663 0 1 8
a 786 28 0 1 10
a 787 378 0 1 7
a 787 724 0 2 1
a 790 521 0 1 5
a 790 448 0 26 8
a 791 451 0 1 7
a 791 485 0 21 4
a 792 529 0 1 1
a 792 232 0 23 10
a 794 550 0 1 7
a 794 52 0 12 7
a 795 887 0 1 5
a 795 120 0 8 3
a 796 783 0 1 9
a 796 517 0 23 10
a 799 648 0 1 10
a 799 115 0 28 5
a 801 840 0 1 5
a 801 67 0 23 1
a 802 232 0 1 8
a 802 563 0 16 9
a 803 330 0 1 10
a 803 196 0 38 2
a 805 406 0 1 1
a 805 231 0 36 10
a 806 516 0 1 5
a 806 721 0 25 9
a 811 527 0 1 8
a 811 522 0 49 7
a 815 747 0 1 7
a 815 912 0 31 4
a 817 558 0 1 8
a 817 191 0 24 6
a 827 407 0 1 6
a 827 257 0 36 10
a 828 554 0 1 2
a 828 374 0 38 10
a 829 505 0 1 9
a 829 417 0 2 7
a 830 894 0 1 2
a 830 170 0 25 1
a 831 478 0 1 6
a 831 207 0 42 7
a 837 496 0 1 1
a 837 645 0 8 2
a 838 167 0 1 8
a 838 402 0 25 2
a 839 951 0 1 9
a 839 254 0 12 8
a 840 761 0 1 3
a 840 103 0 11 10
a 841 497 0 1 2
a 841 115 0 35 4
a 843 408 0 1 3
a 843 631 0 42 4
a 844 146 0 1 5
a 844 480 0 41 7
a 846 724 0 1 6
a 846 657 0 18 7
a 849 82 0 1 5
a 849 495 0 10 2
a 850 561 0 1 4
a 850 698 0 10 3
a 851 194 0 1 9
a 851 497 0 44 4
a 852 321 0 1 2
a 852 756 0 37 9
a 854 460 0 1 6
a 854 701 0 6 8
a 855 291 0 1 10
a 855 403 0 38 9
a 857 289 0 1 10
a 857 766 0 25 9
a 859 580 0 1 8
a 859 980 0 37 1
a 862 539 0 1 6
a 862 632 0 43 8
a 865 111 0 1 3
a 865 853 0 29 2
a 867 982 0 1 4
a 867 472 0 27 10
a 868 271 0 1 9
a 868 267 0 5 2
a 872 723 0 1 5
a 872 659 0 8 7
a 873 782 0 1 8
a 873 305 0 32 2
a 877 930 0 1 6
a 877 633 0 38 8
a 878 885 0 1 9
a 878 874 0 16 8
a 880 169 0 1 9
a 880 487 0 49 8
a 881 412 0 1 1
a 881 74 0 33 4
a 885 817 0 1 2
a 885 270 0 25 2
a 887 592 0 1 8
a 887 869 0 25 8
a 891 72 0 1 5
a 891 150 0 37 10
a 892 958 0 1 3
a 892 833 0 16 7
a 894 34 0 1 7
a 894 823 0 26 10
a 897 872 0 1 8
a 897 426 0 14 2
a 901 760 0 1 3
a 901 268 0 15 1
a 902 996 0 1 1
a 902 868 0 25 8
a 903 851 0 1 5
a 903 324 0 6 6
a 907 133 0 1 2
a 907 34 0 6 8
a 912 865 0 1 2
a 912 510 0 29 10
a 915 664 0 1 4
a 915 300 0 17 8
a 916 25 0 1 1
a 916 552 0 27 6
a 917 150 0 1 4
a 917 750 0 25 5
a 919 14 0 1 4
a 919 862 0 39 9
a 920 606 0 1 10
a 920 956 0 22 5
a 922 493 0 1 10
a 922 279 0 29 1
a 924 173 0 1 9
a 924 465 0 37 2
a 927 850 0 1 1
a 927 837 0 1 10
a 928 309 0 1 1
a 928 608 0 11 8
a 930 39 0 1 3
a 930 453 0 21 5
a 932 337 0 1 3
a 932 463 0 42 7
a 933 168 0 1 10
a 933 563 0 23 3
a 934 423 0 1 3
a 934 58 0 38 3
a 935 187 0 1 7
a 935 525 0 10 4
a 936 674 0 1 10
a 936 405 0 32 9
a 938 744 0 1 6
a 938 617 0 24 9
a 941 352 0 1 1
a 941 217 0 14 7
a 942 654 0 1 10
a 942 295 0 47 5
a 945 859 0 1 6
a 945 221 0 2 8
a 950 360 0 1 6
a 950 439 0 4 5
a 951 391 0 1 1
a 951 837 0 48 10
a 952 449 0 1 8
a 952 59 0 26 9
a 953 954 0 1 4
a 953 543 0 45 3
a 954 796 0 1 4
a 954 656 0 43 6
a 955 65 0 1 8
a 955 406 0 45 1
a 956 294 0 1 9
a 956 410 0 39 2
a 958 661 0 1 7
a 958 76 0 40 1
a 959 698 0 1 3
a 959 782 0 9 4
a 965 392 0 1 9
a 965 655 0 23 4
a 970 630 0 1 4
a 970 237 0 11 10
a 972 650 0 1 7
a 972 146 0 42 1
a 973 147 0 1 2
a 973 739 0 22 3
a 975 74 0 1 10
a 975 207 0 15 6
a 979 333 0 1 8
a 979 933 0 28 10
a 980 346 0 1 1
a 980 771 0 39 10
a 981 397 0 1 6
a 981 116 0 28 2
a 982 735 0 1 4
a 982 166 0 28 5
a 990 419 0 1 7
a 990 75 0 7 6
a 994 652 0 1 5
a 994 890 0 5 5
a 995 873 0 1 10
a 995 465 0 37 2
a 996 907 0 1 8
a 996 514 0 27 9
a 997 393 0 1 10
a 997 900 0 39 4
