c PyNETGEN v1.0.0
c $ pip install pynetgen
c
c  NETGEN flow network generation algorithm
c  Problem input parameters
c  -------------------------------------
c   Random seed:          10
c   Number of nodes:      1000
c   Source nodes:         2
c   Sink nodes:           2
c   Number of arcs:       2000
c   Minimum arc cost:     1
c   Maximum arc cost:     10
c   Total supply:         50
c   Transshipment -
c     Sources:            0
c     Sinks:              0
c   Skeleton arcs -
c     With max cost:      0
c     Capacitated:        100
c   Minimum arc capacity: 0
c   Maximum arc capacity: 50
c
c  *** Minimum cost flow ***
c
p min 1000 2000
n 1 44
n 2 6
n 999 -16
n 1000 -34
a 1 549 0 44 5
a 1 408 0 47 4
a 6 656 0 44 4
a 6 950 0 7 9
a 7 226 0 44 10
a 7 946 0 37 3
a 9 685 0 44 8
a 9 877 0 34 1
a 10 762 0 44 10
a 10 229 0 9 1
a 10 469 0 8 6
a 11 264 0 44 5
a 11 686 0 15 2
a 11 830 0 45 10
a 12 479 0 44 1
a 12 541 0 47 7
a 12 280 0 10 2
a 17 882 0 44 6
a 17 592 0 5 10
a 18 591 0 44 9
a 18 756 0 25 3
a 19 550 0 44 8
a 19 891 0 30 8
a 21 537 0 44 10
a 21 612 0 23 9
a 21 507 0 3 1
a 22 659 0 44 7
a 22 160 0 11 1
a 23 258 0 44 10
a 23 590 0 27 4
a 24 22 0 44 2
a 24 148 0 19 7
a 27 361 0 44 5
a 27 725 0 39 8
a 28 390 0 44 7
a 28 17 0 3 2
a 30 150 0 44 3
a 30 315 0 39 5
a 31 38 0 44 5
a 31 809 0 35 5
a 33 900 0 44 8
a 33 959 0 32 10
a 34 761 0 44 7
a 34 204 0 11 2
a 36 188 0 44 1
a 36 375 0 31 3
a 38 728 0 44 8
a 38 705 0 42 7
a 39 988 0 44 2
a 39 385 0 7 6
a 44 674 0 44 5
a 44 474 0 41 3
a 47 372 0 44 1
a 47 984 0 35 2
a 49 181 0 44 3
a 49 100 0 47 9
a 51 713 0 44 10
a 51 418 0 43 8
a 53 831 0 44 1
a 53 40 0 27 9
a 55 869 0 44 6
a 55 379 0 24 10
a 59 353 0 44 8
a 59 618 0 17 10
a 64 514 0 44 6
a 64 782 0 35 5
a 65 383 0 44 3
a 65 740 0 42 10
a 66 960 0 44 4
a 66 586 0 48 5
a 68 747 0 44 5
a 68 725 0 3 4
a 69 967 0 44 2
a 69 420 0 38 10
a 70 416 0 44 5
a 70 497 0 48 7
a 71 847 0 44 2
a 71 118 0 7 3
a 73 133 0 44 8
a 73 824 0 43 5
a 74 740 0 44 6
a 74 189 0 28 7
a 77 223 0 44 7
a 77 378 0 10 10
a 78 435 0 44 5
a 78 454 0 36 4
a 81 915 0 44 2
a 81 549 0 48 7
a 82 399 0 44 10
a 82 68 0 6 8
a 84 464 0 44 2
a 84 434 0 15 10
a 85 293 0 44 5
a 85 485 0 17 7
a 88 305 0 44 5
a 88 331 0 44 9
a 91 780 0 44 9
a 91 299 0 17 7
a 92 513 0 44 1
a 92 934 0 21 7
a 93 219 0 44 7
a 93 450 0 30 7
a 95 754 0 44 3
a 95 368 0 22 5
a 98 649 0 44 8
a 98 835 0 4 2
a 99 173 0 44 3
a 99 61 0 42 7
a 101 966 0 44 4
a 101 937 0 40 5
a 103 429 0 44 3
a 103 518 0 36 5
a 104 943 0 44 1
a 104 780 0 35 5
a 106 629 0 44 8
a 106 71 0 36 10
a 107 764 0 44 10
a 107 176 0 31 3
a 108 483 0 44 3
a 108 371 0 41 8
a 110 308 0 44 9
a 110 821 0 46 7
a 111 522 0 44 7
a 111 682 0 5 1
a 125 442 0 44 7
a 125 742 0 32 2
a 126 398 0 44 1
a 126 882 0 22 7
a 127 408 0 44 1
a 127 176 0 11 2
a 128 781 0 44 6
a 128 674 0 32 7
a 129 709 0 44 10
a 129 213 0 22 1
a 131 7 0 44 5
a 131 906 0 47 7
a 132 841 0 44 5
a 132 606 0 31 6
a 133 794 0 44 8
a 133 970 0 2 5
a 135 371 0 44 9
a 135 225 0 17 10
a 138 914 0 44 5
a 138 868 0 3 8
a 139 711 0 44 8
a 139 988 0 50 6
a 140 926 0 44 1
a 140 507 0 40 1
a 142 344 0 44 7
a 142 594 0 46 8
a 143 1000 0 44 10
a 143 165 0 6 9
a 145 516 0 44 2
a 145 652 0 42 5
a 147 380 0 44 6
a 147 780 0 13 6
a 149 811 0 44 6
a 149 331 0 9 10
a 150 745 0 44 8
a 150 106 0 6 4
a 152 991 0 44 9
a 152 164 0 33 5
a 153 916 0 44 9
a 153 977 0 1 1
a 155 288 0 44 6
a 155 84 0 19 10
a 157 788 0 44 3
a 157 536 0 35 2
a 158 286 0 44 6
a 158 666 0 5 2
a 160 575 0 44 9
a 160 687 0 18 2
a 164 153 0 44 5
a 164 229 0 6 6
a 167 211 0 44 3
a 167 934 0 48 5
a 168 793 0 44 5
a 168 199 0 1 1
a 169 724 0 44 2
a 169 919 0 36 2
a 172 665 0 44 6
a 172 452 0 16 10
a 173 682 0 44 2
a 173 753 0 9 10
a 180 716 0 44 6
a 180 165 0 45 5
a 181 149 0 44 6
a 181 464 0 9 1
a 182 577 0 44 8
a 182 181 0 49 4
a 183 280 0 44 1
a 183 402 0 29 7
a 184 467 0 44 9
a 184 655 0 17 8
a 185 620 0 44 7
a 185 713 0 45 9
a 187 300 0 44 2
a 187 546 0 19 3
a 188 650 0 44 6
a 188 912 0 12 4
a 190 884 0 44 6
a 190 424 0 41 4
a 191 103 0 44 3
a 191 354 0 17 9
a 192 260 0 44 10
a 192 289 0 11 10
a 193 448 0 44 8
a 193 864 0 3 8
a 194 465 0 44 5
a 194 393 0 48 1
a 195 152 0 44 3
a 195 183 0 49 9
a 201 47 0 44 6
a 201 893 0 15 4
a 202 543 0 44 4
a 202 921 0 14 5
a 204 343 0 44 10
a 204 244 0 47 4
a 206 428 0 44 10
a 206 974 0 23 4
a 208 131 0 44 3
a 208 348 0 14 4
a 210 444 0 44 8
a 210 103 0 11 10
a 211 248 0 44 5
a 211 530 0 32 2
a 212 382 0 44 10
a 212 352 0 32 4
a 219 394 0 44 1
a 219 574 0 0 8
a 220 366 0 44 7
a 220 205 0 49 8
a 222 365 0 44 1
a 222 480 0 3 10
a 223 208 0 44 1
a 223 975 0 10 1
a 225 986 0 44 3
a 225 475 0 45 3
a 226 65 0 44 3
a 226 252 0 47 4
a 229 333 0 44 3
a 229 101 0 38 8
a 231 241 0 44 7
a 231 757 0 19 6
a 233 776 0 44 9
a 233 7 0 31 10
a 236 509 0 44 4
a 236 558 0 23 7
a 241 917 0 44 10
a 241 104 0 50 2
a 246 33 0 44 5
a 246 754 0 37 7
a 248 135 0 44 6
a 248 806 0 12 9
a 255 195 0 44 9
a 255 670 0 23 1
a 258 73 0 44 4
a 258 61 0 16 10
a 260 345 0 44 9
a 260 583 0 49 1
a 261 517 0 44 2
a 261 749 0 38 1
a 264 324 0 44 8
a 264 428 0 12 4
a 270 985 0 44 2
a 270 875 0 13 8
a 271 204 0 44 4
a 271 451 0 50 10
a 274 395 0 44 9
a 274 335 0 8 5
a 275 110 0 44 10
a 275 670 0 37 3
a 276 185 0 44 2
a 276 612 0 9 6
a 277 692 0 44 1
a 277 480 0 45 2
a 280 564 0 44 9
a 280 512 0 39 6
a 281 723 0 44 10
a 281 285 0 8 7
a 283 6 0 44 6
a 283 279 0 30 3
a 286 704 0 44 3
a 286 791 0 8 6
a 288 795 0 44 7
a 288 541 0 6 3
a 293 902 0 44 8
a 293 55 0 45 8
a 295 578 0 44 8
a 295 560 0 38 8
a 296 36 0 44 3
a 296 924 0 10 10
a 299 539 0 44 3
a 299 366 0 39 6
a 300 201 0 44 4
a 300 721 0 44 4
a 305 846 0 44 9
a 305 930 0 8 8
a 307 321 0 44 6
a 307 114 0 19 7
a 308 733 0 44 1
a 308 439 0 30 5
a 311 406 0 44 4
a 311 31 0 30 8
a 315 169 0 44 8
a 315 635 0 12 7
a 318 95 0 44 3
a 318 798 0 7 6
a 321 907 0 44 9
a 321 768 0 24 10
a 322 792 0 44 9
a 322 11 0 3 9
a 323 904 0 44 2
a 323 192 0 45 4
a 324 311 0 44 5
a 324 557 0 28 10
a 326 402 0 44 3
a 326 97 0 28 5
a 333 541 0 44 1
a 333 83 0 44 8
a 334 886 0 44 4
a 334 246 0 28 10
a 339 192 0 44 5
a 339 762 0 26 8
a 340 202 0 44 4
a 340 707 0 30 9
a 342 813 0 44 7
a 342 215 0 1 10
a 343 938 0 44 8
a 343 94 0 21 4
a 344 375 0 44 6
a 344 850 0 30 2
a 345 74 0 44 5
a 345 556 0 39 5
a 347 88 0 44 9
a 347 404 0 11 5
a 349 354 0 44 8
a 349 226 0 30 7
a 350 633 0 44 6
a 350 567 0 24 10
a 351 832 0 44 9
a 351 699 0 13 8
a 352 949 0 44 1
a 352 907 0 26 5
a 353 39 0 44 5
a 353 870 0 14 4
a 354 339 0 44 7
a 354 261 0 7 1
a 356 817 0 44 4
a 356 222 0 22 10
a 358 323 0 44 9
a 358 662 0 30 4
a 360 797 0 44 9
a 360 444 0 45 5
a 361 225 0 44 9
a 361 389 0 19 4
a 363 536 0 44 4
a 363 247 0 10 4
a 364 759 0 44 3
a 364 103 0 11 7
a 365 645 0 44 7
a 365 356 0 30 1
a 366 572 0 44 4
a 366 869 0 31 8
a 367 956 0 44 6
a 367 505 0 38 9
a 368 184 0 44 7
a 368 135 0 27 9
a 371 777 0 44 7
a 371 803 0 49 6
a 372 295 0 44 2
a 372 77 0 5 6
a 373 790 0 44 6
a 373 742 0 43 7
a 374 874 0 44 8
a 374 96 0 8 4
a 375 193 0 44 9
a 375 566 0 2 2
a 376 393 0 44 9
a 376 855 0 41 9
a 380 842 0 44 8
a 380 635 0 33 8
a 381 78 0 44 5
a 381 402 0 43 2
a 382 653 0 44 1
a 382 441 0 22 3
a 383 236 0 44 3
a 383 119 0 43 4
a 390 400 0 44 6
a 390 262 0 8 6
a 393 987 0 44 8
a 393 330 0 13 3
a 394 843 0 44 5
a 394 576 0 8 4
a 395 614 0 44 5
a 395 50 0 43 6
a 398 82 0 44 8
a 398 979 0 35 3
a 399 422 0 44 1
a 399 512 0 13 7
a 400 553 0 44 3
a 400 672 0 41 10
a 402 678 0 44 6
a 402 863 0 7 1
a 405 352 0 44 7
a 405 154 0 31 9
a 406 563 0 44 1
a 406 688 0 12 9
a 407 586 0 44 8
a 407 583 0 47 6
a 408 12 0 44 3
a 408 802 0 18 3
a 411 895 0 44 8
a 411 238 0 44 3
a 414 626 0 44 5
a 414 887 0 41 9
a 415 454 0 44 10
a 415 464 0 10 7
a 416 322 0 44 10
a 416 323 0 25 4
a 419 999 0 44 6
a 419 420 0 44 1
a 420 828 0 44 8
a 420 129 0 30 8
a 422 158 0 44 2
a 422 241 0 36 1
a 426 229 0 44 10
a 426 452 0 48 10
a 427 492 0 44 10
a 427 560 0 35 6
a 428 804 0 44 9
a 428 169 0 11 5
a 429 373 0 44 4
a 429 6 0 18 6
a 430 899 0 44 7
a 430 328 0 49 2
a 435 107 0 44 1
a 435 97 0 19 2
a 438 19 0 44 3
a 438 787 0 5 10
a 442 534 0 44 3
a 442 653 0 41 10
a 444 411 0 44 8
a 444 820 0 46 10
a 448 921 0 44 10
a 448 452 0 22 7
a 449 182 0 44 8
a 449 791 0 42 6
a 451 920 0 44 6
a 451 476 0 27 8
a 452 31 0 44 1
a 452 398 0 23 5
a 454 351 0 44 3
a 454 687 0 50 1
a 457 547 0 44 1
a 457 903 0 21 7
a 458 210 0 44 1
a 458 966 0 28 7
a 461 944 0 44 4
a 461 513 0 38 2
a 464 896 0 44 2
a 464 660 0 34 6
a 465 909 0 44 3
a 465 623 0 25 2
a 467 66 0 44 3
a 467 931 0 15 9
a 468 746 0 44 5
a 468 370 0 33 1
a 473 91 0 44 10
a 473 287 0 43 3
a 474 222 0 44 5
a 474 993 0 7 9
a 477 157 0 44 10
a 477 269 0 11 3
a 478 707 0 44 1
a 478 511 0 5 9
a 479 427 0 44 3
a 479 361 0 19 5
a 480 801 0 44 1
a 480 475 0 19 7
a 481 632 0 44 2
a 481 504 0 36 5
a 482 55 0 44 9
a 482 529 0 50 4
a 483 99 0 44 8
a 483 421 0 37 1
a 492 350 0 44 4
a 492 252 0 44 7
a 493 784 0 44 8
a 493 299 0 45 2
a 495 714 0 44 3
a 495 322 0 31 8
a 497 654 0 44 7
a 497 340 0 38 3
a 498 474 0 44 9
a 498 363 0 5 6
a 499 206 0 44 7
a 499 845 0 49 5
a 500 143 0 44 9
a 500 210 0 22 10
a 502 27 0 44 4
a 502 669 0 29 7
a 509 275 0 44 9
a 509 40 0 6 6
a 513 68 0 44 8
a 513 239 0 27 5
a 514 364 0 44 1
a 514 79 0 8 6
a 515 145 0 44 1
a 515 336 0 4 1
a 516 818 0 44 6
a 516 448 0 4 6
a 517 890 0 44 8
a 517 538 0 8 1
a 521 24 0 44 7
a 521 139 0 28 3
a 522 9 0 44 10
a 522 644 0 36 4
a 523 932 0 44 1
a 523 371 0 12 7
a 528 168 0 44 9
a 528 917 0 46 10
a 531 155 0 44 4
a 531 218 0 44 6
a 532 533 0 44 8
a 532 172 0 2 7
a 533 585 0 44 2
a 533 83 0 34 7
a 534 473 0 44 5
a 534 744 0 31 2
a 535 461 0 44 10
a 535 928 0 45 9
a 536 340 0 44 8
a 536 364 0 16 3
a 537 231 0 44 3
a 537 74 0 23 8
a 539 495 0 44 2
a 539 956 0 7 10
a 540 334 0 44 10
a 540 690 0 32 5
a 541 356 0 44 4
a 541 160 0 40 8
a 543 853 0 44 7
a 543 422 0 40 7
a 547 910 0 44 10
a 547 40 0 50 6
a 548 11 0 44 9
a 548 583 0 28 2
a 549 877 0 44 8
a 549 123 0 24 1
a 550 191 0 44 4
a 550 944 0 22 7
a 553 897 0 44 10
a 553 768 0 13 5
a 557 515 0 44 8
a 557 545 0 45 4
a 561 953 0 44 7
a 561 1000 0 36 9
a 563 49 0 44 6
a 563 996 0 39 8
a 564 108 0 44 3
a 564 980 0 22 8
a 570 671 0 44 8
a 570 335 0 22 1
a 572 775 0 44 2
a 572 535 0 0 10
a 575 687 0 44 1
a 575 719 0 27 8
a 577 125 0 44 10
a 577 26 0 15 8
a 578 922 0 44 8
a 578 643 0 4 6
a 579 840 0 44 5
a 579 159 0 39 1
a 581 478 0 44 3
a 581 461 0 23 6
a 585 59 0 44 10
a 585 504 0 33 5
a 586 609 0 44 6
a 586 670 0 25 6
a 590 187 0 44 7
a 590 341 0 42 5
a 591 608 0 44 2
a 591 389 0 49 4
a 597 773 0 44 7
a 597 495 0 11 7
a 598 946 0 44 9
a 598 370 0 49 6
a 599 276 0 44 9
a 599 13 0 48 2
a 600 695 0 44 10
a 600 343 0 35 10
a 601 763 0 44 4
a 601 179 0 31 10
a 603 212 0 44 2
a 603 815 0 44 7
a 604 658 0 44 6
a 604 325 0 7 5
a 608 690 0 44 7
a 608 170 0 42 5
a 609 969 0 44 2
a 609 670 0 43 4
a 610 667 0 44 5
a 610 804 0 39 5
a 611 415 0 44 6
a 611 137 0 8 8
a 612 51 0 44 4
a 612 876 0 35 1
a 614 789 0 44 4
a 614 239 0 45 2
a 615 978 0 44 7
a 615 838 0 11 1
a 617 783 0 44 6
a 617 739 0 1 3
a 620 70 0 44 1
a 620 287 0 20 7
a 621 255 0 44 8
a 621 203 0 21 10
a 623 974 0 44 3
a 623 33 0 9 3
a 626 220 0 44 6
a 626 629 0 49 2
a 629 482 0 44 6
a 629 264 0 32 7
a 630 663 0 44 2
a 630 473 0 35 3
a 632 21 0 44 8
a 632 824 0 8 6
a 633 101 0 44 6
a 633 983 0 14 10
a 634 468 0 44 2
a 634 687 0 23 2
a 639 28 0 44 5
a 639 775 0 42 8
a 641 615 0 44 1
a 641 180 0 45 9
a 642 892 0 44 7
a 642 107 0 23 3
a 643 579 0 44 6
a 643 539 0 45 4
a 645 603 0 44 6
a 645 241 0 25 8
a 649 676 0 44 5
a 649 623 0 0 4
a 650 643 0 44 10
a 650 719 0 35 8
a 653 44 0 44 10
a 653 807 0 36 7
a 654 307 0 44 10
a 654 710 0 42 4
a 655 502 0 44 10
a 655 629 0 41 7
a 656 98 0 44 5
a 656 313 0 17 4
a 658 129 0 44 3
a 658 567 0 32 2
a 659 531 0 44 7
a 659 231 0 4 4
a 663 10 0 44 6
a 663 639 0 38 7
a 665 93 0 44 2
a 665 703 0 6 6
a 667 299 0 44 10
a 667 514 0 49 7
a 671 274 0 44 7
a 671 426 0 3 7
a 672 139 0 44 10
a 672 393 0 2 1
a 674 826 0 44 8
a 674 106 0 2 1
a 676 104 0 44 7
a 676 37 0 28 2
a 677 438 0 44 10
a 677 654 0 28 9
a 678 77 0 44 1
a 678 746 0 14 2
a 682 277 0 44 9
a 682 163 0 38 7
a 685 857 0 44 3
a 685 500 0 14 5
a 687 823 0 44 9
a 687 730 0 17 3
a 690 347 0 44 6
a 690 979 0 26 10
a 692 979 0 44 1
a 692 580 0 2 5
a 695 540 0 44 2
a 695 391 0 0 8
a 700 821 0 44 7
a 700 145 0 9 7
a 704 765 0 44 1
a 704 93 0 15 2
a 706 557 0 44 10
a 706 176 0 20 10
a 707 419 0 44 8
a 707 72 0 6 3
a 709 326 0 44 6
a 709 839 0 15 5
a 711 127 0 44 9
a 711 76 0 31 1
a 712 641 0 44 5
a 712 178 0 19 8
a 713 381 0 44 4
a 713 901 0 7 2
a 714 493 0 44 1
a 714 973 0 9 5
a 716 147 0 44 8
a 716 972 0 13 8
a 718 755 0 44 5
a 718 194 0 23 8
a 721 965 0 44 9
a 721 947 0 18 5
a 723 81 0 44 3
a 723 679 0 20 3
a 724 639 0 44 7
a 724 630 0 2 6
a 725 791 0 44 2
a 725 139 0 8 10
a 726 523 0 44 4
a 726 12 0 26 9
a 728 458 0 44 2
a 728 160 0 33 9
a 730 726 0 44 5
a 730 326 0 9 7
a 733 194 0 44 4
a 733 204 0 11 2
a 737 374 0 44 2
a 737 812 0 1 3
a 739 757 0 44 1
a 739 146 0 49 8
a 740 599 0 44 4
a 740 478 0 8 1
a 745 856 0 44 3
a 745 132 0 2 2
a 746 315 0 44 7
a 746 117 0 20 10
a 747 449 0 44 10
a 747 142 0 46 7
a 754 414 0 44 5
a 754 970 0 18 1
a 755 85 0 44 8
a 755 635 0 45 8
a 757 712 0 44 10
a 757 9 0 32 8
a 759 855 0 44 8
a 759 238 0 19 3
a 761 951 0 44 5
a 761 651 0 19 10
a 762 617 0 44 10
a 762 41 0 0 2
a 763 34 0 44 1
a 763 819 0 33 8
a 764 570 0 44 4
a 764 421 0 25 6
a 765 782 0 44 4
a 765 129 0 27 7
a 766 363 0 44 1
a 766 526 0 19 5
a 767 829 0 44 5
a 767 300 0 27 9
a 769 810 0 44 3
a 769 153 0 32 3
a 773 318 0 44 9
a 773 950 0 16 5
a 775 989 0 44 9
a 775 586 0 31 1
a 776 800 0 44 5
a 776 745 0 4 1
a 777 766 0 44 5
a 777 627 0 24 3
a 780 84 0 44 4
a 780 870 0 5 5
a 781 190 0 44 9
a 781 922 0 33 8
a 782 477 0 44 8
a 782 783 0 7 5
a 783 610 0 44 7
a 783 622 0 8 5
a 784 601 0 44 5
a 784 292 0 11 5
a 787 972 0 44 3
a 787 88 0 19 5
a 788 623 0 44 7
a 788 175 0 35 6
a 789 535 0 44 3
a 789 184 0 17 2
a 790 721 0 44 9
a 790 37 0 33 2
a 791 497 0 44 10
a 791 805 0 40 3
a 792 500 0 44 6
a 792 68 0 1 10
a 793 875 0 44 1
a 793 303 0 23 7
a 794 17 0 44 1
a 794 264 0 12 5
a 795 630 0 44 3
a 795 345 0 1 7
a 797 457 0 44 4
a 797 683 0 47 9
a 800 30 0 44 3
a 800 508 0 37 8
a 801 955 0 44 6
a 801 537 0 49 6
a 804 18 0 44 1
a 804 433 0 30 10
a 805 138 0 44 2
a 805 270 0 38 1
a 807 481 0 44 10
a 807 875 0 1 2
a 810 548 0 44 10
a 810 387 0 10 9
a 811 739 0 44 10
a 811 240 0 34 5
a 813 296 0 44 5
a 813 508 0 48 1
a 817 360 0 44 2
a 817 268 0 31 4
a 818 634 0 44 1
a 818 314 0 41 6
a 819 246 0 44 10
a 819 590 0 30 9
a 821 901 0 44 4
a 821 498 0 2 2
a 823 819 0 44 1
a 823 90 0 26 3
a 825 367 0 44 6
a 825 721 0 12 10
a 826 700 0 44 9
a 826 507 0 1 6
a 828 642 0 44 6
a 828 519 0 19 3
a 829 590 0 44 3
a 829 265 0 46 3
a 831 499 0 44 8
a 831 207 0 8 6
a 832 838 0 44 8
a 832 448 0 6 7
a 835 581 0 44 9
a 835 624 0 6 3
a 838 498 0 44 5
a 838 830 0 50 7
a 840 787 0 44 3
a 840 196 0 7 9
a 841 941 0 44 1
a 841 326 0 13 6
a 842 867 0 44 5
a 842 290 0 48 9
a 843 142 0 44 3
a 843 33 0 16 2
a 846 283 0 44 9
a 846 143 0 9 1
a 847 912 0 44 10
a 847 134 0 47 8
a 850 604 0 44 9
a 850 125 0 39 3
a 853 807 0 44 6
a 853 334 0 15 7
a 855 358 0 44 2
a 855 36 0 43 1
a 856 906 0 44 4
a 856 586 0 14 10
a 857 23 0 44 9
a 857 414 0 16 8
a 867 271 0 44 1
a 867 53 0 33 10
a 869 430 0 44 10
a 869 874 0 26 8
a 872 349 0 44 6
a 872 870 0 27 4
a 874 655 0 44 3
a 874 15 0 16 9
a 875 376 0 44 5
a 875 859 0 10 9
a 877 528 0 44 7
a 877 620 0 17 10
a 882 167 0 44 7
a 882 818 0 41 8
a 884 561 0 44 2
a 884 643 0 20 10
a 886 598 0 44 8
a 886 301 0 39 7
a 890 934 0 44 2
a 890 757 0 30 7
a 892 672 0 44 8
a 892 588 0 38 7
a 895 769 0 44 4
a 895 363 0 4 9
a 896 706 0 44 8
a 896 428 0 3 10
a 897 677 0 44 10
a 897 471 0 3 5
a 899 426 0 44 1
a 899 947 0 33 8
a 900 132 0 44 4
a 900 294 0 30 10
a 901 233 0 44 8
a 901 994 0 6 3
a 902 53 0 44 4
a 902 43 0 43 10
a 904 92 0 44 7
a 904 778 0 44 2
a 905 929 0 44 10
a 905 376 0 44 4
a 906 532 0 44 9
a 906 649 0 7 2
a 907 180 0 44 4
a 907 501 0 9 6
a 909 718 0 44 5
a 909 868 0 6 4
a 910 172 0 44 1
a 910 686 0 28 1
a 912 106 0 44 2
a 912 919 0 39 7
a 914 730 0 44 3
a 914 165 0 18 5
a 915 850 0 44 6
a 915 464 0 22 9
a 916 597 0 44 3
a 916 751 0 25 6
a 917 452 0 44 3
a 917 448 0 47 9
a 920 160 0 44 6
a 920 941 0 8 7
a 921 805 0 44 8
a 921 450 0 49 3
a 922 905 0 44 9
a 922 27 0 39 7
a 926 451 0 44 10
a 926 444 0 11 5
a 929 737 0 44 2
a 929 666 0 3 8
a 932 261 0 44 4
a 932 371 0 9 1
a 934 407 0 44 6
a 934 483 0 25 8
a 938 600 0 44 4
a 938 93 0 24 7
a 941 183 0 44 6
a 941 25 0 24 1
a 943 126 0 44 6
a 943 766 0 50 4
a 944 947 0 44 10
a 944 857 0 22 2
a 946 128 0 44 1
a 946 950 0 29 8
a 947 164 0 44 10
a 947 738 0 49 3
a 949 71 0 44 2
a 949 344 0 31 4
a 951 270 0 44 6
a 951 262 0 45 9
a 953 611 0 44 6
a 953 268 0 14 9
a 955 521 0 44 2
a 955 229 0 22 1
a 956 342 0 44 9
a 956 460 0 8 5
a 960 975 0 44 6
a 960 662 0 15 9
a 965 281 0 44 8
a 965 60 0 1 9
a 966 872 0 44 7
a 966 231 0 0 5
a 967 368 0 44 2
a 967 755 0 17 3
a 969 69 0 44 8
a 969 325 0 28 9
a 972 621 0 44 4
a 972 180 0 16 4
a 974 612 0 44 6
a 974 276 0 33 5
a 975 64 0 44 5
a 975 536 0 45 3
a 978 480 0 44 9
a 978 630 0 16 5
a 979 405 0 44 3
a 979 449 0 44 5
a 985 725 0 44 4
a 985 840 0 29 10
a 986 140 0 44 1
a 986 495 0 9 3
a 987 825 0 44 3
a 987 129 0 24 6
a 988 767 0 44 9
a 988 780 0 30 1
a 989 835 0 44 5
a 989 65 0 9 10
a 991 111 0 44 3
a 991 702 0 46 5
a 2 203 0 6 9
a 2 980 0 1 7
a 3 592 0 6 9
a 3 140 0 8 3
a 4 159 0 6 6
a 4 788 0 25 2
a 5 377 0 6 7
a 5 94 0 18 3
a 8 785 0 6 1
a 8 266 0 32 7
a 13 705 0 6 7
a 13 192 0 26 1
a 14 379 0 6 10
a 14 822 0 31 9
a 15 605 0 6 6
a 15 280 0 39 1
a 16 489 0 6 4
a 16 146 0 14 2
a 20 803 0 6 2
a 20 608 0 34 2
a 25 120 0 6 9
a 25 235 0 38 5
a 26 501 0 6 6
a 26 382 0 23 8
a 29 48 0 6 8
a 29 586 0 28 10
a 32 596 0 6 1
a 32 117 0 13 4
a 35 266 0 6 9
a 35 352 0 36 4
a 37 119 0 6 8
a 37 55 0 9 3
a 40 472 0 6 4
a 40 328 0 18 9
a 41 942 0 6 1
a 41 104 0 18 5
a 42 79 0 6 3
a 42 426 0 49 6
a 43 743 0 6 6
a 43 693 0 6 2
a 45 247 0 6 5
a 45 522 0 48 5
a 46 948 0 6 8
a 46 66 0 28 2
a 48 298 0 6 7
a 48 820 0 41 8
a 50 313 0 6 5
a 50 954 0 14 3
a 52 355 0 6 9
a 52 650 0 38 1
a 54 774 0 6 7
a 54 281 0 50 6
a 56 67 0 6 9
a 56 141 0 3 9
a 57 331 0 6 6
a 57 864 0 42 6
a 58 931 0 6 8
a 58 445 0 40 5
a 60 431 0 6 6
a 60 701 0 31 4
a 61 576 0 6 7
a 61 213 0 32 7
a 62 475 0 6 6
a 62 752 0 42 4
a 63 434 0 6 5
a 63 396 0 50 10
a 67 476 0 6 5
a 67 593 0 10 1
a 72 262 0 6 7
a 72 823 0 21 5
a 75 657 0 6 6
a 75 454 0 25 9
a 76 881 0 6 8
a 76 151 0 36 5
a 79 424 0 6 9
a 79 11 0 14 10
a 80 196 0 6 9
a 80 139 0 29 2
a 83 466 0 6 10
a 83 252 0 23 5
a 86 437 0 6 6
a 86 610 0 23 4
a 87 89 0 6 8
a 87 739 0 33 4
a 89 486 0 6 10
a 89 369 0 8 5
a 90 696 0 6 5
a 90 305 0 4 9
a 94 861 0 6 3
a 94 942 0 27 10
a 96 403 0 6 10
a 96 422 0 27 8
a 97 583 0 6 1
a 97 961 0 47 5
a 100 290 0 6 5
a 100 129 0 31 6
a 102 341 0 6 1
a 102 63 0 6 3
a 105 503 0 6 1
a 105 547 0 33 6
a 109 144 0 6 7
a 109 702 0 24 3
a 112 97 0 6 7
a 112 27 0 23 10
a 113 391 0 6 10
a 113 194 0 40 6
a 114 161 0 6 8
a 114 197 0 38 5
a 115 996 0 6 4
a 115 917 0 24 4
a 116 854 0 6 3
a 116 501 0 35 10
a 117 669 0 6 4
a 117 104 0 15 6
a 118 58 0 6 4
a 118 680 0 9 2
a 119 86 0 6 9
a 119 145 0 38 9
a 120 215 0 6 9
a 120 981 0 9 5
a 121 738 0 6 7
a 121 921 0 32 10
a 122 162 0 6 5
a 122 100 0 17 4
a 123 952 0 6 4
a 123 515 0 16 1
a 124 317 0 6 4
a 124 434 0 14 6
a 130 560 0 6 7
a 130 250 0 24 5
a 134 903 0 6 1
a 134 319 0 29 3
a 136 487 0 6 1
a 136 71 0 9 6
a 137 679 0 6 2
a 137 434 0 34 2
a 141 518 0 6 10
a 141 863 0 10 10
a 144 224 0 6 10
a 144 194 0 42 4
a 146 908 0 6 5
a 146 773 0 12 4
a 148 555 0 6 5
a 148 528 0 48 5
a 151 310 0 6 4
a 151 513 0 25 3
a 154 964 0 6 9
a 154 516 0 44 2
a 156 957 0 6 7
a 156 242 0 32 9
a 159 273 0 6 10
a 159 105 0 27 5
a 161 708 0 6 2
a 161 377 0 4 7
a 162 554 0 6 1
a 162 450 0 31 2
a 163 238 0 6 6
a 163 734 0 38 8
a 165 496 0 6 5
a 165 251 0 37 8
a 166 378 0 6 6
a 166 325 0 7 4
a 170 883 0 6 5
a 170 986 0 38 8
a 171 130 0 6 3
a 171 420 0 23 7
a 174 981 0 6 10
a 174 425 0 26 8
a 175 637 0 6 8
a 175 98 0 9 7
a 176 485 0 6 9
a 176 861 0 48 8
a 177 827 0 6 4
a 177 636 0 19 6
a 178 894 0 6 6
a 178 177 0 12 7
a 179 699 0 6 8
a 179 82 0 22 1
a 186 939 0 6 8
a 186 887 0 3 5
a 189 436 0 6 6
a 189 340 0 19 8
a 196 524 0 6 9
a 196 279 0 20 4
a 197 693 0 6 2
a 197 690 0 18 3
a 198 860 0 6 1
a 198 475 0 48 8
a 199 13 0 6 9
a 199 746 0 8 9
a 200 505 0 6 1
a 200 9 0 6 7
a 203 519 0 6 4
a 203 57 0 27 4
a 205 511 0 6 10
a 205 325 0 2 3
a 207 806 0 6 7
a 207 678 0 37 2
a 209 267 0 6 2
a 209 464 0 35 7
a 213 796 0 6 8
a 213 259 0 28 6
a 214 250 0 6 9
a 214 318 0 3 2
a 215 688 0 6 2
a 215 784 0 10 3
a 216 433 0 6 7
a 216 739 0 26 6
a 217 741 0 6 7
a 217 11 0 2 8
a 218 968 0 6 2
a 218 404 0 35 10
a 221 282 0 6 8
a 221 285 0 8 7
a 224 889 0 6 3
a 224 720 0 16 1
a 227 52 0 6 4
a 227 360 0 49 2
a 228 845 0 6 2
a 228 981 0 7 3
a 230 814 0 6 10
a 230 58 0 26 4
a 232 973 0 6 4
a 232 18 0 12 3
a 234 993 0 6 8
a 234 937 0 1 8
a 235 412 0 6 6
a 235 549 0 27 6
a 237 156 0 6 9
a 237 27 0 5 9
a 238 876 0 6 9
a 238 274 0 48 9
a 239 697 0 6 6
a 239 662 0 2 2
a 240 259 0 6 4
a 240 449 0 38 8
a 242 115 0 6 10
a 242 744 0 15 3
a 243 62 0 6 2
a 243 999 0 23 9
a 244 702 0 6 5
a 244 16 0 9 5
a 245 134 0 6 5
a 245 117 0 31 8
a 247 748 0 6 8
a 247 717 0 20 5
a 249 43 0 6 5
a 249 789 0 39 8
a 250 893 0 6 2
a 250 241 0 11 5
a 251 26 0 6 4
a 251 657 0 17 9
a 252 289 0 6 4
a 252 446 0 35 6
a 253 647 0 6 2
a 253 451 0 46 4
a 254 112 0 6 3
a 254 746 0 20 7
a 256 760 0 6 4
a 256 659 0 32 9
a 257 888 0 6 4
a 257 134 0 26 10
a 259 936 0 6 1
a 259 535 0 47 7
a 262 848 0 6 1
a 262 849 0 12 5
a 263 151 0 6 4
a 263 630 0 44 8
a 265 1000 0 6 3
a 265 142 0 48 9
a 266 388 0 6 6
a 266 166 0 43 2
a 267 778 0 6 6
a 267 368 0 4 9
a 268 736 0 6 6
a 268 275 0 35 4
a 269 844 0 6 2
a 269 801 0 48 10
a 272 878 0 6 8
a 272 408 0 28 1
a 273 447 0 6 9
a 273 345 0 36 10
a 278 750 0 6 9
a 278 968 0 21 8
a 279 459 0 6 5
a 279 663 0 49 3
a 282 199 0 6 10
a 282 851 0 16 9
a 284 329 0 6 4
a 284 254 0 9 6
a 285 628 0 6 8
a 285 82 0 31 6
a 287 510 0 6 2
a 287 371 0 11 7
a 289 963 0 6 10
a 289 310 0 27 5
a 290 635 0 6 3
a 290 981 0 25 2
a 291 96 0 6 9
a 291 566 0 41 3
a 292 29 0 6 7
a 292 870 0 40 1
a 294 254 0 6 2
a 294 651 0 50 1
a 297 75 0 6 4
a 297 407 0 15 6
a 298 314 0 6 7
a 298 460 0 31 8
a 301 257 0 6 6
a 301 279 0 39 8
a 302 463 0 6 6
a 302 594 0 14 10
a 303 983 0 6 7
a 303 114 0 43 4
a 304 396 0 6 7
a 304 554 0 36 1
a 306 994 0 6 10
a 306 121 0 11 5
a 309 336 0 6 10
a 309 674 0 50 8
a 310 670 0 6 7
a 310 889 0 26 2
a 312 809 0 6 5
a 312 485 0 14 9
a 313 504 0 6 6
a 313 972 0 4 6
a 314 234 0 6 7
a 314 866 0 47 8
a 316 520 0 6 5
a 316 172 0 29 9
a 317 440 0 6 9
a 317 176 0 35 9
a 319 386 0 6 1
a 319 594 0 8 3
a 320 425 0 6 5
a 320 906 0 7 9
a 325 849 0 6 10
a 325 327 0 32 6
a 327 401 0 6 4
a 327 767 0 35 5
a 328 962 0 6 5
a 328 486 0 31 5
a 329 165 0 6 6
a 329 153 0 29 5
a 330 357 0 6 5
a 330 346 0 30 5
a 331 471 0 6 5
a 331 878 0 17 7
a 332 56 0 6 4
a 332 119 0 34 5
a 335 982 0 6 1
a 335 289 0 6 4
a 336 935 0 6 5
a 336 167 0 11 2
a 337 815 0 6 6
a 337 477 0 6 5
a 338 35 0 6 3
a 338 395 0 13 5
a 341 542 0 6 8
a 341 359 0 8 2
a 346 990 0 6 5
a 346 644 0 11 5
a 348 446 0 6 9
a 348 986 0 15 5
a 355 312 0 6 2
a 355 67 0 47 4
a 357 772 0 6 4
a 357 392 0 14 8
a 359 117 0 6 3
a 359 34 0 34 2
a 362 154 0 6 9
a 362 719 0 33 1
a 369 186 0 6 6
a 369 277 0 6 5
a 370 652 0 6 9
a 370 273 0 19 1
a 377 710 0 6 3
a 377 625 0 45 10
a 378 319 0 6 7
a 378 761 0 35 1
a 379 871 0 6 2
a 379 535 0 45 10
a 384 648 0 6 1
a 384 20 0 48 9
a 385 37 0 6 4
a 385 276 0 23 4
a 386 316 0 6 3
a 386 960 0 23 8
a 387 566 0 6 6
a 387 946 0 19 4
a 388 613 0 6 7
a 388 633 0 40 6
a 389 820 0 6 7
a 389 326 0 5 1
a 391 121 0 6 6
a 391 328 0 20 1
a 392 937 0 6 3
a 392 943 0 32 9
a 396 703 0 6 10
a 396 31 0 31 7
a 397 41 0 6 9
a 397 251 0 0 10
a 401 744 0 6 2
a 401 94 0 46 5
a 403 651 0 6 7
a 403 22 0 24 4
a 404 573 0 6 9
a 404 855 0 24 6
a 409 251 0 6 7
a 409 206 0 25 3
a 410 559 0 6 6
a 410 781 0 49 7
a 412 80 0 6 1
a 412 103 0 25 8
a 413 933 0 6 10
a 413 566 0 25 7
a 417 589 0 6 9
a 417 349 0 36 7
a 418 303 0 6 8
a 418 971 0 44 5
a 421 432 0 6 5
a 421 84 0 30 7
a 423 243 0 6 8
a 423 748 0 48 4
a 424 683 0 6 1
a 424 236 0 46 4
a 425 450 0 6 9
a 425 818 0 19 1
a 431 852 0 6 8
a 431 930 0 23 8
a 432 100 0 6 7
a 432 106 0 42 3
a 433 60 0 6 5
a 433 397 0 45 9
a 434 720 0 6 2
a 434 979 0 3 3
a 436 574 0 6 2
a 436 701 0 49 7
a 437 217 0 6 3
a 437 147 0 35 1
a 439 230 0 6 3
a 439 980 0 18 8
a 440 691 0 6 10
a 440 157 0 15 7
a 441 417 0 6 7
a 441 218 0 40 7
a 443 325 0 6 8
a 443 988 0 12 4
a 445 456 0 6 2
a 445 981 0 8 1
a 446 216 0 6 10
a 446 871 0 26 5
a 447 470 0 6 7
a 447 432 0 10 10
a 450 335 0 6 2
a 450 528 0 14 6
a 453 148 0 6 2
a 453 30 0 8 3
a 455 207 0 6 6
a 455 60 0 39 6
a 456 631 0 6 2
a 456 327 0 8 5
a 459 911 0 6 5
a 459 526 0 34 6
a 460 602 0 6 1
a 460 296 0 35 8
a 462 460 0 6 3
a 462 547 0 11 8
a 463 198 0 6 1
a 463 120 0 5 2
a 466 552 0 6 7
a 466 218 0 1 10
a 469 265 0 6 8
a 469 686 0 4 10
a 470 469 0 6 9
a 470 538 0 48 1
a 471 8 0 6 9
a 471 632 0 1 4
a 472 546 0 6 4
a 472 177 0 25 2
a 475 176 0 6 4
a 475 707 0 49 4
a 476 556 0 6 2
a 476 931 0 12 9
a 484 146 0 6 5
a 484 389 0 8 1
a 485 798 0 6 7
a 485 637 0 40 2
a 486 873 0 6 8
a 486 23 0 25 8
a 487 752 0 6 1
a 487 404 0 41 2
a 488 228 0 6 5
a 488 823 0 28 1
a 489 200 0 6 10
a 489 324 0 23 6
a 490 595 0 6 5
a 490 68 0 31 8
a 491 839 0 6 1
a 491 125 0 17 3
a 494 166 0 6 2
a 494 555 0 38 10
a 496 584 0 6 2
a 496 626 0 12 10
a 501 136 0 6 6
a 501 272 0 7 9
a 503 538 0 6 2
a 503 903 0 20 8
a 504 928 0 6 7
a 504 15 0 27 1
a 505 729 0 6 6
a 505 317 0 45 10
a 506 359 0 6 4
a 506 258 0 44 7
a 507 268 0 6 10
a 507 549 0 17 1
a 508 862 0 6 3
a 508 294 0 15 2
a 510 45 0 6 10
a 510 715 0 41 2
a 511 302 0 6 5
a 511 488 0 41 5
a 512 507 0 6 4
a 512 113 0 21 6
a 518 332 0 6 9
a 518 743 0 39 10
a 519 768 0 6 4
a 519 97 0 30 9
a 520 830 0 6 8
a 520 866 0 5 8
a 524 445 0 6 4
a 524 623 0 43 5
a 525 272 0 6 4
a 525 513 0 44 10
a 526 189 0 6 6
a 526 138 0 19 8
a 527 681 0 6 4
a 527 841 0 50 10
a 529 833 0 6 3
a 529 527 0 48 9
a 530 178 0 6 3
a 530 90 0 28 3
a 538 588 0 6 2
a 538 553 0 36 2
a 542 961 0 6 5
a 542 601 0 19 9
a 544 924 0 6 9
a 544 193 0 10 3
a 545 526 0 6 7
a 545 616 0 9 7
a 546 930 0 6 6
a 546 442 0 4 4
a 551 636 0 6 7
a 551 457 0 22 8
a 552 734 0 6 10
a 552 123 0 15 1
a 554 244 0 6 10
a 554 158 0 34 8
a 555 174 0 6 5
a 555 760 0 11 3
a 556 756 0 6 7
a 556 687 0 4 2
a 558 418 0 6 2
a 558 770 0 38 2
a 559 567 0 6 3
a 559 396 0 32 2
a 560 664 0 6 7
a 560 784 0 36 5
a 562 209 0 6 5
a 562 567 0 3 9
a 565 568 0 6 3
a 565 498 0 17 8
a 566 61 0 6 3
a 566 785 0 19 7
a 567 638 0 6 6
a 567 594 0 17 6
a 568 717 0 6 7
a 568 72 0 19 8
a 569 175 0 6 1
a 569 945 0 49 8
a 571 732 0 6 9
a 571 908 0 30 10
a 573 197 0 6 3
a 573 76 0 33 9
a 574 491 0 6 5
a 574 580 0 4 1
a 576 984 0 6 5
a 576 739 0 46 6
a 580 799 0 6 9
a 580 334 0 16 6
a 582 320 0 6 2
a 582 763 0 5 8
a 583 587 0 6 6
a 583 778 0 36 10
a 584 3 0 6 7
a 584 605 0 48 1
a 587 919 0 6 7
a 587 220 0 25 7
a 588 443 0 6 5
a 588 302 0 30 10
a 589 816 0 6 1
a 589 779 0 35 1
a 592 644 0 6 1
a 592 171 0 47 8
a 593 995 0 6 9
a 593 993 0 12 6
a 594 453 0 6 3
a 594 18 0 17 1
a 595 221 0 6 8
a 595 229 0 39 8
a 596 997 0 6 9
a 596 359 0 14 4
a 602 977 0 6 8
a 602 213 0 30 6
a 605 950 0 6 8
a 605 747 0 11 7
a 606 57 0 6 8
a 606 986 0 48 5
a 607 616 0 6 4
a 607 860 0 35 5
a 613 940 0 6 8
a 613 106 0 18 2
a 616 998 0 6 9
a 616 291 0 40 10
a 618 124 0 6 7
a 618 973 0 41 2
a 619 753 0 6 7
a 619 239 0 6 1
a 622 301 0 6 5
a 622 922 0 39 6
a 624 868 0 6 5
a 624 533 0 11 9
a 625 205 0 6 10
a 625 803 0 41 5
a 627 698 0 6 8
a 627 695 0 34 5
a 628 822 0 6 10
a 628 77 0 12 2
a 631 263 0 6 7
a 631 767 0 13 10
a 635 715 0 6 1
a 635 126 0 12 7
a 636 338 0 6 8
a 636 11 0 43 1
a 637 240 0 6 3
a 637 380 0 24 4
a 638 385 0 6 6
a 638 685 0 31 3
a 640 413 0 6 5
a 640 867 0 12 7
a 644 719 0 6 2
a 644 853 0 42 3
a 646 863 0 6 2
a 646 612 0 16 9
a 647 506 0 6 9
a 647 906 0 23 1
a 648 666 0 6 3
a 648 688 0 45 6
a 651 619 0 6 6
a 651 957 0 4 8
a 652 455 0 6 9
a 652 593 0 33 10
a 657 999 0 6 2
a 657 421 0 6 10
a 660 980 0 6 1
a 660 859 0 49 9
a 661 227 0 6 7
a 661 572 0 6 8
a 662 291 0 6 8
a 662 172 0 16 4
a 664 508 0 6 1
a 664 908 0 46 4
a 666 625 0 6 10
a 666 474 0 3 3
a 668 214 0 6 7
a 668 383 0 20 2
a 669 859 0 6 1
a 669 979 0 42 6
a 670 751 0 6 7
a 670 309 0 12 3
a 673 392 0 6 5
a 673 940 0 29 7
a 675 278 0 6 4
a 675 738 0 39 3
a 679 640 0 6 10
a 679 868 0 26 6
a 680 525 0 6 8
a 680 878 0 38 8
a 681 558 0 6 2
a 681 788 0 19 8
a 683 269 0 6 6
a 683 167 0 49 6
a 684 808 0 6 3
a 684 863 0 16 1
a 686 409 0 6 3
a 686 972 0 44 9
a 688 923 0 6 9
a 688 760 0 39 1
a 689 4 0 6 9
a 689 895 0 29 9
a 691 114 0 6 5
a 691 526 0 44 4
a 693 83 0 6 1
a 693 429 0 43 3
a 694 404 0 6 2
a 694 693 0 34 1
a 696 179 0 6 10
a 696 70 0 32 2
a 697 384 0 6 10
a 697 972 0 24 5
a 698 170 0 6 1
a 698 329 0 40 5
a 699 891 0 6 6
a 699 911 0 35 3
a 701 851 0 6 1
a 701 265 0 7 1
a 702 252 0 6 6
a 702 452 0 34 6
a 703 235 0 6 9
a 703 454 0 3 9
a 705 694 0 6 10
a 705 400 0 14 1
a 708 673 0 6 4
a 708 921 0 1 3
a 710 171 0 6 7
a 710 988 0 12 7
a 715 116 0 6 4
a 715 31 0 10 5
a 717 213 0 6 3
a 717 756 0 33 2
a 719 660 0 6 8
a 719 289 0 15 4
a 720 529 0 6 5
a 720 476 0 9 7
a 722 954 0 6 7
a 722 424 0 47 6
a 727 668 0 6 3
a 727 988 0 11 9
a 729 284 0 6 2
a 729 98 0 35 3
a 731 675 0 6 4
a 731 110 0 31 7
a 732 758 0 6 4
a 732 528 0 28 10
a 734 686 0 6 7
a 734 673 0 36 1
a 735 880 0 6 2
a 735 25 0 45 10
a 736 346 0 6 8
a 736 10 0 20 1
a 738 544 0 6 9
a 738 432 0 44 1
a 741 865 0 6 1
a 741 224 0 23 8
a 742 494 0 6 2
a 742 239 0 37 4
a 743 689 0 6 8
a 743 67 0 29 10
a 744 309 0 6 5
a 744 544 0 39 9
a 748 618 0 6 7
a 748 102 0 21 10
a 749 606 0 6 2
a 749 544 0 6 8
a 750 163 0 6 8
a 750 825 0 32 3
a 751 622 0 6 6
a 751 979 0 15 7
a 752 593 0 6 7
a 752 676 0 47 9
a 753 722 0 6 6
a 753 917 0 39 9
a 756 562 0 6 1
a 756 345 0 12 9
a 758 858 0 6 8
a 758 11 0 14 4
a 760 122 0 6 1
a 760 648 0 40 2
a 768 834 0 6 4
a 768 502 0 1 10
a 770 15 0 6 9
a 770 560 0 22 1
a 771 40 0 6 9
a 771 203 0 16 8
a 772 802 0 6 6
a 772 761 0 30 5
a 774 512 0 6 7
a 774 518 0 33 4
a 778 627 0 6 7
a 778 66 0 19 3
a 779 879 0 6 3
a 779 640 0 24 2
a 785 337 0 6 8
a 785 538 0 2 3
a 786 976 0 6 9
a 786 223 0 1 7
a 796 218 0 6 9
a 796 827 0 14 2
a 798 137 0 6 2
a 798 15 0 9 6
a 799 46 0 6 10
a 799 412 0 50 5
a 802 490 0 6 3
a 802 353 0 10 8
a 803 369 0 6 3
a 803 237 0 1 2
a 806 742 0 6 5
a 806 56 0 7 2
a 808 42 0 6 5
a 808 72 0 27 6
a 809 898 0 6 9
a 809 128 0 29 1
a 812 484 0 6 9
a 812 107 0 1 9
a 814 971 0 6 3
a 814 420 0 18 5
a 815 701 0 6 2
a 815 664 0 21 6
a 816 771 0 6 3
a 816 776 0 29 3
a 820 582 0 6 1
a 820 530 0 14 2
a 822 330 0 6 2
a 822 143 0 21 6
a 824 607 0 6 7
a 824 137 0 47 1
a 827 16 0 6 2
a 827 469 0 38 9
a 830 735 0 6 8
a 830 218 0 1 9
a 833 253 0 6 7
a 833 19 0 38 8
a 834 488 0 6 5
a 834 716 0 26 6
a 836 624 0 6 3
a 836 455 0 25 10
a 837 749 0 6 8
a 837 536 0 31 1
a 839 680 0 6 3
a 839 213 0 18 7
a 844 102 0 6 8
a 844 291 0 15 6
a 845 287 0 6 8
a 845 654 0 9 10
a 848 945 0 6 7
a 848 595 0 13 7
a 849 958 0 6 5
a 849 693 0 37 4
a 851 866 0 6 6
a 851 508 0 25 4
a 852 304 0 6 5
a 852 930 0 11 3
a 854 870 0 6 1
a 854 49 0 5 7
a 858 439 0 6 7
a 858 974 0 42 6
a 859 662 0 6 1
a 859 142 0 37 8
a 860 569 0 6 9
a 860 449 0 1 9
a 861 925 0 6 5
a 861 469 0 16 7
a 862 72 0 6 2
a 862 971 0 36 6
a 863 14 0 6 1
a 863 28 0 9 4
a 864 20 0 6 5
a 864 762 0 47 10
a 865 113 0 6 3
a 865 464 0 34 5
a 866 913 0 6 9
a 866 854 0 42 3
a 868 292 0 6 3
a 868 108 0 31 7
a 870 237 0 6 8
a 870 900 0 11 5
a 871 864 0 6 4
a 871 780 0 2 4
a 873 837 0 6 6
a 873 4 0 30 4
a 876 370 0 6 6
a 876 610 0 50 3
a 878 836 0 6 4
a 878 300 0 2 2
a 879 462 0 6 10
a 879 999 0 12 6
a 880 441 0 6 4
a 880 676 0 14 8
a 881 285 0 6 4
a 881 733 0 45 5
a 883 328 0 6 10
a 883 444 0 34 6
a 885 727 0 6 4
a 885 659 0 39 1
a 887 646 0 6 8
a 887 813 0 45 10
a 888 5 0 6 10
a 888 390 0 4 4
a 889 54 0 6 2
a 889 407 0 1 4
a 891 970 0 6 3
a 891 729 0 31 4
a 893 245 0 6 5
a 893 428 0 21 5
a 894 256 0 6 7
a 894 449 0 8 7
a 898 580 0 6 10
a 898 475 0 25 7
a 903 770 0 6 3
a 903 552 0 28 8
a 908 661 0 6 2
a 908 697 0 44 2
a 911 242 0 6 3
a 911 959 0 1 5
a 913 731 0 6 5
a 913 629 0 6 5
a 918 123 0 6 5
a 918 140 0 8 3
a 919 812 0 6 3
a 919 64 0 25 10
a 923 76 0 6 3
a 923 539 0 36 10
a 924 297 0 6 7
a 924 81 0 44 5
a 925 362 0 6 10
a 925 517 0 6 8
a 927 232 0 6 8
a 927 499 0 37 6
a 928 118 0 6 10
a 928 227 0 28 6
a 930 389 0 6 9
a 930 810 0 50 2
a 931 177 0 6 8
a 931 770 0 23 3
a 933 397 0 6 4
a 933 593 0 45 2
a 935 594 0 6 8
a 935 131 0 31 1
a 936 959 0 6 5
a 936 745 0 28 6
a 937 294 0 6 2
a 937 65 0 2 6
a 939 279 0 6 3
a 939 294 0 2 7
a 940 423 0 6 10
a 940 393 0 35 1
a 942 992 0 6 3
a 942 104 0 19 1
a 945 545 0 6 8
a 945 883 0 13 3
a 948 824 0 6 1
a 948 785 0 4 10
a 950 571 0 6 1
a 950 102 0 34 6
a 952 141 0 6 8
a 952 595 0 2 2
a 954 885 0 6 8
a 954 668 0 23 3
a 957 530 0 6 9
a 957 386 0 32 4
a 958 32 0 6 10
a 958 770 0 19 3
a 959 410 0 6 6
a 959 673 0 29 8
a 961 918 0 6 10
a 961 64 0 49 1
a 962 786 0 6 3
a 962 369 0 12 8
a 963 90 0 6 8
a 963 656 0 18 2
a 964 306 0 6 5
a 964 493 0 7 5
a 968 25 0 6 5
a 968 481 0 38 6
a 970 887 0 6 5
a 970 9 0 33 1
a 971 105 0 6 3
a 971 296 0 14 8
a 973 87 0 6 2
a 973 405 0 16 9
a 976 387 0 6 4
a 976 330 0 41 7
a 977 94 0 6 10
a 977 757 0 47 6
a 980 249 0 6 7
a 980 394 0 10 9
a 981 50 0 6 10
a 981 216 0 45 3
a 982 527 0 6 6
a 982 232 0 37 3
a 983 239 0 6 7
a 983 569 0 17 9
a 984 348 0 6 7
a 984 941 0 30 7
a 990 684 0 6 3
a 990 845 0 14 7
a 992 779 0 6 8
a 992 244 0 47 5
a 993 63 0 6 7
a 993 555 0 47 4
a 994 327 0 6 10
a 994 788 0 46 7
a 995 927 0 6 2
a 995 99 0 26 4
a 996 109 0 6 8
a 996 695 0 19 8
a 997 551 0 6 8
a 997 470 0 20 10
a 998 565 0 6 7
a 998 728 0 14 9
