c PyNETGEN v1.0.0
c $ pip install pynetgen
c
c  NETGEN flow network generation algorithm
c  Problem input parameters
c  -------------------------------------
c   Random seed:          15
c   Number of nodes:      1000
c   Source nodes:         2
c   Sink nodes:           2
c   Number of arcs:       2000
c   Minimum arc cost:     1
c   Maximum arc cost:     10
c   Total supply:         50
c   Transshipment -
c     Sources:            0
c     Sinks:              0
c   Skeleton arcs -
c     With max cost:      0
c     Capacitated:        100
c   Minimum arc capacity: 0
c   Maximum arc capacity: 50
c
c  *** Minimum cost flow ***
c
p min 1000 2000
n 1 46
n 2 4
n 999 -47
n 1000 -3
a 1 822 0 46 2
a 1 152 0 32 7
a 1 875 0 10 1
a 3 755 0 46 2
a 3 534 0 5 7
a 3 306 0 5 4
a 4 783 0 46 8
a 4 316 0 13 6
a 4 792 0 34 5
a 5 19 0 46 6
a 5 688 0 50 10
a 7 376 0 46 7
a 7 489 0 23 4
a 7 256 0 29 1
a 9 544 0 46 6
a 9 310 0 45 5
a 11 362 0 46 9
a 11 500 0 38 4
a 12 490 0 46 5
a 12 774 0 27 8
a 14 919 0 46 2
a 14 900 0 26 9
a 15 776 0 46 5
a 15 362 0 26 6
a 16 638 0 46 6
a 16 151 0 43 4
a 19 321 0 46 8
a 19 737 0 29 1
a 22 957 0 46 3
a 22 842 0 28 9
a 23 711 0 46 9
a 23 258 0 3 5
a 26 129 0 46 10
a 26 8 0 46 10
a 28 228 0 46 5
a 28 524 0 5 9
a 29 7 0 46 9
a 29 968 0 46 7
a 30 668 0 46 5
a 30 214 0 40 7
a 32 716 0 46 3
a 32 859 0 35 1
a 33 133 0 46 5
a 33 724 0 17 4
a 36 734 0 46 6
a 36 480 0 47 7
a 37 801 0 46 8
a 37 597 0 12 3
a 38 203 0 46 6
a 38 537 0 36 5
a 39 367 0 46 2
a 39 710 0 23 4
a 40 922 0 46 6
a 40 936 0 40 9
a 42 657 0 46 9
a 42 646 0 45 3
a 46 158 0 46 1
a 46 48 0 1 5
a 48 159 0 46 6
a 48 519 0 15 3
a 49 760 0 46 5
a 49 527 0 11 6
a 50 425 0 46 3
a 50 386 0 26 1
a 51 436 0 46 5
a 51 213 0 40 2
a 52 774 0 46 4
a 52 150 0 38 1
a 53 98 0 46 9
a 53 878 0 34 5
a 55 421 0 46 7
a 55 129 0 43 7
a 56 81 0 46 1
a 56 629 0 19 1
a 57 726 0 46 2
a 57 165 0 34 5
a 58 270 0 46 6
a 58 96 0 36 9
a 60 78 0 46 8
a 60 198 0 1 2
a 61 803 0 46 10
a 61 740 0 17 10
a 63 440 0 46 8
a 63 25 0 28 8
a 66 200 0 46 2
a 66 140 0 3 2
a 68 848 0 46 9
a 68 782 0 34 5
a 72 161 0 46 1
a 72 640 0 22 3
a 75 833 0 46 4
a 75 649 0 10 1
a 76 5 0 46 7
a 76 148 0 13 8
a 77 593 0 46 5
a 77 992 0 15 3
a 78 653 0 46 1
a 78 906 0 13 3
a 80 426 0 46 9
a 80 442 0 19 5
a 81 504 0 46 3
a 81 213 0 20 10
a 82 242 0 46 7
a 82 51 0 8 2
a 83 266 0 46 5
a 83 752 0 19 4
a 84 782 0 46 9
a 84 91 0 12 3
a 86 260 0 46 4
a 86 369 0 9 2
a 92 282 0 46 4
a 92 236 0 3 7
a 94 616 0 46 9
a 94 172 0 27 10
a 96 83 0 46 8
a 96 605 0 41 6
a 97 691 0 46 6
a 97 183 0 21 9
a 98 558 0 46 4
a 98 16 0 11 3
a 99 330 0 46 3
a 99 652 0 5 10
a 101 33 0 46 10
a 101 562 0 8 4
a 103 758 0 46 5
a 103 73 0 35 4
a 105 681 0 46 6
a 105 284 0 33 3
a 106 994 0 46 1
a 106 760 0 29 1
a 108 625 0 46 10
a 108 511 0 48 5
a 112 548 0 46 1
a 112 278 0 46 1
a 119 909 0 46 2
a 119 818 0 7 3
a 121 438 0 46 5
a 121 409 0 34 7
a 127 186 0 46 8
a 127 915 0 3 2
a 128 564 0 46 8
a 128 795 0 13 1
a 129 48 0 46 5
a 129 724 0 5 5
a 130 399 0 46 3
a 130 942 0 24 10
a 132 661 0 46 4
a 132 221 0 9 1
a 133 802 0 46 8
a 133 849 0 31 3
a 134 561 0 46 6
a 134 285 0 35 6
a 138 515 0 46 9
a 138 517 0 12 7
a 140 743 0 46 10
a 140 130 0 32 7
a 143 938 0 46 10
a 143 455 0 26 6
a 147 386 0 46 5
a 147 697 0 9 2
a 148 233 0 46 1
a 148 743 0 37 7
a 149 572 0 46 3
a 149 466 0 27 1
a 151 61 0 46 7
a 151 86 0 41 1
a 152 165 0 46 9
a 152 305 0 14 1
a 153 650 0 46 7
a 153 38 0 46 6
a 154 696 0 46 8
a 154 450 0 2 6
a 156 479 0 46 7
a 156 839 0 9 7
a 158 910 0 46 4
a 158 362 0 34 7
a 159 775 0 46 2
a 159 835 0 27 6
a 161 106 0 46 4
a 161 380 0 3 9
a 165 496 0 46 10
a 165 178 0 37 8
a 166 574 0 46 9
a 166 549 0 1 3
a 167 14 0 46 10
a 167 248 0 42 5
a 168 195 0 46 5
a 168 654 0 1 6
a 170 732 0 46 8
a 170 770 0 23 7
a 171 86 0 46 1
a 171 561 0 18 5
a 172 663 0 46 8
a 172 901 0 0 3
a 174 888 0 46 5
a 174 568 0 17 3
a 175 701 0 46 4
a 175 777 0 29 7
a 177 941 0 46 5
a 177 329 0 18 2
a 184 978 0 46 2
a 184 634 0 49 7
a 186 75 0 46 7
a 186 489 0 13 6
a 190 335 0 46 1
a 190 850 0 4 6
a 191 762 0 46 5
a 191 257 0 43 3
a 193 15 0 46 7
a 193 549 0 8 1
a 194 550 0 46 4
a 194 811 0 10 8
a 195 672 0 46 2
a 195 839 0 23 2
a 196 974 0 46 7
a 196 303 0 34 7
a 197 138 0 46 8
a 197 863 0 45 9
a 198 214 0 46 8
a 198 1000 0 35 2
a 200 637 0 46 4
a 200 978 0 47 2
a 201 510 0 46 5
a 201 653 0 4 6
a 203 84 0 46 2
a 203 334 0 10 4
a 214 702 0 46 1
a 214 526 0 48 4
a 217 459 0 46 4
a 217 399 0 13 8
a 218 472 0 46 8
a 218 307 0 48 3
a 219 917 0 46 6
a 219 677 0 43 1
a 223 444 0 46 9
a 223 962 0 28 4
a 228 240 0 46 9
a 228 172 0 42 4
a 230 692 0 46 2
a 230 834 0 45 7
a 231 818 0 46 7
a 231 150 0 19 5
a 233 583 0 46 10
a 233 135 0 16 5
a 236 856 0 46 6
a 236 508 0 34 1
a 238 898 0 46 4
a 238 296 0 9 5
a 240 314 0 46 6
a 240 194 0 37 4
a 242 854 0 46 7
a 242 669 0 30 8
a 246 289 0 46 7
a 246 169 0 5 1
a 247 551 0 46 3
a 247 963 0 47 4
a 248 575 0 46 2
a 248 590 0 50 1
a 252 68 0 46 8
a 252 872 0 48 6
a 255 306 0 46 1
a 255 123 0 6 6
a 256 532 0 46 5
a 256 600 0 31 7
a 257 546 0 46 1
a 257 275 0 45 8
a 259 999 0 46 2
a 259 121 0 46 9
a 260 269 0 46 1
a 260 977 0 31 4
a 262 639 0 46 7
a 262 31 0 19 3
a 263 611 0 46 3
a 263 750 0 4 9
a 265 693 0 46 10
a 265 261 0 8 1
a 266 37 0 46 3
a 266 40 0 26 8
a 268 366 0 46 9
a 268 312 0 46 4
a 269 424 0 46 6
a 269 582 0 31 2
a 270 772 0 46 9
a 270 730 0 29 5
a 272 456 0 46 3
a 272 563 0 13 7
a 273 555 0 46 6
a 273 16 0 33 1
a 279 654 0 46 2
a 279 990 0 50 6
a 282 46 0 46 4
a 282 680 0 46 7
a 284 148 0 46 6
a 284 506 0 3 4
a 285 632 0 46 6
a 285 694 0 27 3
a 288 920 0 46 6
a 288 760 0 11 4
a 289 631 0 46 10
a 289 73 0 43 2
a 292 950 0 46 10
a 292 120 0 16 6
a 305 900 0 46 7
a 305 948 0 33 1
a 306 580 0 46 4
a 306 525 0 18 7
a 307 319 0 46 9
a 307 209 0 40 3
a 309 944 0 46 5
a 309 212 0 38 8
a 314 194 0 46 7
a 314 273 0 35 7
a 315 676 0 46 1
a 315 527 0 4 8
a 317 841 0 46 4
a 317 550 0 32 8
a 319 727 0 46 8
a 319 35 0 20 2
a 321 417 0 46 3
a 321 270 0 9 10
a 322 108 0 46 5
a 322 421 0 11 6
a 326 265 0 46 3
a 326 150 0 16 5
a 328 223 0 46 7
a 328 732 0 3 2
a 330 947 0 46 5
a 330 868 0 12 7
a 331 457 0 46 5
a 331 40 0 14 10
a 333 191 0 46 2
a 333 882 0 7 6
a 335 432 0 46 8
a 335 186 0 4 6
a 336 279 0 46 6
a 336 449 0 7 10
a 338 843 0 46 1
a 338 759 0 41 5
a 341 168 0 46 2
a 341 26 0 41 7
a 344 53 0 46 3
a 344 446 0 7 2
a 347 82 0 46 2
a 347 380 0 2 7
a 348 256 0 46 8
a 348 428 0 28 6
a 349 859 0 46 8
a 349 119 0 6 1
a 351 556 0 46 4
a 351 756 0 10 8
a 353 149 0 46 5
a 353 309 0 14 7
a 354 349 0 46 8
a 354 111 0 0 9
a 355 140 0 46 6
a 355 156 0 33 10
a 360 908 0 46 3
a 360 76 0 3 6
a 362 951 0 46 2
a 362 279 0 11 5
a 366 935 0 46 3
a 366 622 0 32 4
a 367 915 0 46 5
a 367 241 0 14 5
a 372 674 0 46 9
a 372 178 0 47 10
a 374 322 0 46 1
a 374 650 0 6 10
a 376 886 0 46 1
a 376 676 0 3 2
a 378 645 0 46 10
a 378 846 0 0 7
a 379 678 0 46 2
a 379 101 0 27 1
a 380 80 0 46 2
a 380 912 0 16 4
a 383 873 0 46 6
a 383 561 0 41 3
a 385 288 0 46 7
a 385 926 0 2 4
a 386 846 0 46 8
a 386 734 0 34 7
a 387 584 0 46 8
a 387 629 0 49 2
a 388 353 0 46 8
a 388 980 0 14 6
a 391 895 0 46 3
a 391 189 0 39 8
a 393 315 0 46 5
a 393 757 0 32 7
a 394 961 0 46 2
a 394 807 0 29 2
a 397 154 0 46 6
a 397 977 0 42 10
a 398 535 0 46 9
a 398 773 0 34 7
a 399 589 0 46 4
a 399 230 0 27 1
a 403 981 0 46 6
a 403 38 0 5 8
a 405 246 0 46 1
a 405 425 0 16 8
a 406 891 0 46 10
a 406 47 0 45 7
a 414 105 0 46 10
a 414 66 0 37 9
a 417 398 0 46 9
a 417 369 0 19 2
a 421 972 0 46 3
a 421 332 0 16 3
a 422 50 0 46 3
a 422 952 0 43 3
a 423 831 0 46 9
a 423 92 0 14 4
a 424 942 0 46 9
a 424 26 0 26 4
a 425 571 0 46 1
a 425 886 0 13 7
a 426 42 0 46 5
a 426 822 0 1 7
a 427 956 0 46 8
a 427 788 0 24 4
a 430 447 0 46 3
a 430 192 0 7 8
a 432 423 0 46 4
a 432 819 0 41 4
a 434 263 0 46 1
a 434 215 0 47 1
a 435 372 0 46 6
a 435 877 0 14 5
a 436 101 0 46 8
a 436 752 0 42 2
a 438 397 0 46 9
a 438 966 0 27 2
a 439 987 0 46 8
a 439 452 0 35 9
a 440 997 0 46 9
a 440 144 0 3 1
a 442 933 0 46 9
a 442 101 0 33 1
a 444 536 0 46 7
a 444 898 0 36 6
a 445 394 0 46 3
a 445 690 0 31 1
a 446 32 0 46 6
a 446 178 0 46 5
a 447 197 0 46 5
a 447 686 0 12 5
a 451 689 0 46 7
a 451 633 0 28 5
a 452 26 0 46 6
a 452 97 0 22 2
a 454 97 0 46 9
a 454 530 0 24 6
a 456 607 0 46 6
a 456 354 0 6 5
a 457 722 0 46 6
a 457 909 0 29 8
a 459 754 0 46 4
a 459 229 0 6 4
a 460 795 0 46 1
a 460 989 0 0 7
a 465 236 0 46 4
a 465 395 0 25 4
a 468 907 0 46 9
a 468 396 0 23 6
a 469 273 0 46 2
a 469 595 0 24 6
a 472 518 0 46 8
a 472 467 0 39 2
a 473 525 0 46 7
a 473 989 0 49 8
a 476 99 0 46 1
a 476 861 0 17 2
a 479 587 0 46 1
a 479 805 0 33 3
a 485 684 0 46 9
a 485 42 0 29 10
a 486 798 0 46 6
a 486 134 0 3 5
a 488 493 0 46 4
a 488 755 0 16 10
a 490 952 0 46 8
a 490 790 0 50 9
a 492 759 0 46 10
a 492 669 0 30 6
a 493 705 0 46 7
a 493 416 0 28 3
a 496 341 0 46 8
a 496 369 0 4 9
a 499 747 0 46 4
a 499 442 0 34 8
a 500 501 0 46 5
a 500 969 0 32 9
a 501 724 0 46 3
a 501 544 0 8 5
a 503 151 0 46 10
a 503 767 0 10 7
a 504 143 0 46 3
a 504 812 0 20 3
a 506 3 0 46 9
a 506 4 0 18 8
a 508 196 0 46 1
a 508 519 0 22 5
a 510 781 0 46 8
a 510 895 0 41 7
a 513 351 0 46 1
a 513 38 0 38 5
a 515 715 0 46 1
a 515 922 0 6 6
a 518 96 0 46 10
a 518 213 0 19 2
a 519 305 0 46 5
a 519 727 0 50 1
a 521 331 0 46 3
a 521 666 0 42 4
a 522 247 0 46 1
a 522 924 0 41 2
a 525 388 0 46 9
a 525 57 0 18 5
a 527 486 0 46 3
a 527 375 0 18 1
a 528 414 0 46 2
a 528 824 0 28 5
a 532 640 0 46 3
a 532 717 0 16 8
a 535 380 0 46 9
a 535 544 0 13 5
a 536 766 0 46 2
a 536 155 0 8 9
a 544 636 0 46 6
a 544 352 0 4 1
a 545 175 0 46 3
a 545 964 0 24 4
a 546 55 0 46 9
a 546 570 0 22 5
a 547 430 0 46 9
a 547 973 0 49 6
a 548 547 0 46 1
a 548 493 0 10 2
a 549 452 0 46 7
a 549 199 0 9 10
a 550 812 0 46 10
a 550 672 0 35 3
a 551 881 0 46 6
a 551 517 0 24 5
a 554 610 0 46 6
a 554 793 0 42 9
a 555 171 0 46 10
a 555 184 0 49 1
a 556 679 0 46 7
a 556 376 0 46 3
a 557 728 0 46 3
a 557 153 0 20 10
a 558 72 0 46 5
a 558 777 0 4 2
a 561 468 0 46 5
a 561 960 0 3 3
a 564 969 0 46 2
a 564 953 0 46 8
a 566 660 0 46 9
a 566 430 0 46 5
a 571 252 0 46 8
a 571 922 0 20 6
a 572 982 0 46 6
a 572 802 0 0 8
a 574 934 0 46 4
a 574 997 0 41 3
a 575 134 0 46 3
a 575 77 0 10 3
a 576 665 0 46 8
a 576 503 0 19 10
a 580 170 0 46 2
a 580 658 0 46 1
a 583 347 0 46 4
a 583 113 0 22 7
a 584 153 0 46 6
a 584 755 0 11 10
a 587 476 0 46 7
a 587 543 0 12 10
a 588 374 0 46 5
a 588 969 0 12 7
a 589 248 0 46 9
a 589 504 0 35 2
a 592 56 0 46 5
a 592 244 0 29 3
a 593 809 0 46 1
a 593 514 0 48 10
a 594 184 0 46 1
a 594 18 0 8 9
a 595 549 0 46 8
a 595 434 0 27 1
a 597 172 0 46 9
a 597 268 0 47 1
a 600 656 0 46 9
a 600 722 0 28 10
a 602 16 0 46 7
a 602 986 0 23 2
a 606 595 0 46 5
a 606 214 0 12 5
a 607 958 0 46 1
a 607 504 0 39 2
a 608 808 0 46 10
a 608 665 0 20 10
a 609 943 0 46 2
a 609 204 0 12 3
a 610 615 0 46 9
a 610 853 0 40 1
a 611 198 0 46 9
a 611 778 0 4 9
a 612 940 0 46 10
a 612 757 0 4 6
a 613 840 0 46 2
a 613 648 0 27 7
a 615 609 0 46 1
a 615 888 0 17 5
a 616 28 0 46 8
a 616 724 0 32 1
a 620 953 0 46 7
a 620 467 0 39 7
a 621 797 0 46 10
a 621 441 0 10 4
a 624 445 0 46 10
a 624 434 0 48 5
a 625 882 0 46 6
a 625 630 0 40 2
a 629 360 0 46 10
a 629 275 0 12 10
a 631 307 0 46 5
a 631 475 0 21 3
a 632 912 0 46 9
a 632 528 0 22 9
a 634 317 0 46 7
a 634 83 0 25 3
a 636 52 0 46 6
a 636 808 0 17 3
a 637 268 0 46 10
a 637 159 0 22 7
a 638 255 0 46 2
a 638 809 0 29 7
a 639 177 0 46 2
a 639 781 0 50 8
a 640 588 0 46 5
a 640 356 0 13 4
a 645 719 0 46 6
a 645 576 0 40 3
a 646 913 0 46 1
a 646 210 0 16 3
a 649 850 0 46 1
a 649 523 0 12 4
a 650 393 0 46 6
a 650 982 0 36 8
a 652 739 0 46 10
a 652 927 0 38 7
a 653 147 0 46 7
a 653 889 0 10 4
a 654 488 0 46 10
a 654 845 0 6 9
a 656 959 0 46 2
a 656 917 0 19 3
a 657 930 0 46 9
a 657 54 0 9 10
a 660 167 0 46 8
a 660 770 0 10 3
a 661 127 0 46 10
a 661 637 0 5 10
a 662 839 0 46 6
a 662 547 0 3 6
a 663 39 0 46 5
a 663 617 0 3 6
a 665 285 0 46 3
a 665 553 0 4 4
a 666 794 0 46 1
a 666 480 0 4 6
a 668 513 0 46 6
a 668 657 0 34 9
a 669 503 0 46 1
a 669 164 0 19 3
a 672 634 0 46 4
a 672 790 0 47 2
a 674 780 0 46 3
a 674 17 0 13 9
a 676 1000 0 46 10
a 676 888 0 1 6
a 678 201 0 46 4
a 678 332 0 16 7
a 679 344 0 46 4
a 679 586 0 13 8
a 680 193 0 46 10
a 680 716 0 39 5
a 681 103 0 46 1
a 681 637 0 35 9
a 684 40 0 46 1
a 684 802 0 43 1
a 685 996 0 46 8
a 685 644 0 47 7
a 688 767 0 46 10
a 688 179 0 23 5
a 689 963 0 46 3
a 689 73 0 8 9
a 691 63 0 46 7
a 691 227 0 3 3
a 692 566 0 46 2
a 692 351 0 23 6
a 693 218 0 46 1
a 693 381 0 39 7
a 696 166 0 46 3
a 696 498 0 7 8
a 698 991 0 46 10
a 698 749 0 35 8
a 700 152 0 46 8
a 700 462 0 40 7
a 701 708 0 46 4
a 701 557 0 30 4
a 702 522 0 46 8
a 702 406 0 3 5
a 705 383 0 46 6
a 705 627 0 50 6
a 706 328 0 46 2
a 706 476 0 39 8
a 707 354 0 46 4
a 707 199 0 11 8
a 708 29 0 46 7
a 708 948 0 1 5
a 711 130 0 46 2
a 711 304 0 42 4
a 715 871 0 46 1
a 715 676 0 27 7
a 716 238 0 46 1
a 716 178 0 35 10
a 717 527 0 46 9
a 717 757 0 12 1
a 719 506 0 46 7
a 719 656 0 3 1
a 721 465 0 46 5
a 721 95 0 43 3
a 722 326 0 46 1
a 722 172 0 18 10
a 724 925 0 46 10
a 724 415 0 40 9
a 725 405 0 46 3
a 725 912 0 42 5
a 726 469 0 46 1
a 726 431 0 48 8
a 727 22 0 46 8
a 727 816 0 41 4
a 728 926 0 46 2
a 728 477 0 41 1
a 729 217 0 46 3
a 729 60 0 13 4
a 731 292 0 46 4
a 731 149 0 11 10
a 732 378 0 46 2
a 732 552 0 12 10
a 734 348 0 46 7
a 734 691 0 2 8
a 737 685 0 46 6
a 737 288 0 29 7
a 738 764 0 46 7
a 738 409 0 15 8
a 739 594 0 46 2
a 739 228 0 48 4
a 743 911 0 46 3
a 743 464 0 24 2
a 744 621 0 46 1
a 744 840 0 47 1
a 747 338 0 46 7
a 747 120 0 6 6
a 752 545 0 46 10
a 752 441 0 11 4
a 753 602 0 46 9
a 753 344 0 33 2
a 754 508 0 46 1
a 754 422 0 24 3
a 755 825 0 46 5
a 755 174 0 23 7
a 758 700 0 46 10
a 758 932 0 12 7
a 759 451 0 46 7
a 759 897 0 42 5
a 760 707 0 46 9
a 760 589 0 3 2
a 762 721 0 46 8
a 762 680 0 40 5
a 764 737 0 46 4
a 764 235 0 38 4
a 766 94 0 46 6
a 766 553 0 50 4
a 767 355 0 46 6
a 767 207 0 22 4
a 768 646 0 46 5
a 768 638 0 27 6
a 770 597 0 46 1
a 770 453 0 22 10
a 772 649 0 46 9
a 772 893 0 31 10
a 774 576 0 46 7
a 774 18 0 27 3
a 775 379 0 46 7
a 775 984 0 32 8
a 776 51 0 46 2
a 776 183 0 43 3
a 780 784 0 46 5
a 780 725 0 48 5
a 781 688 0 46 9
a 781 109 0 45 1
a 782 717 0 46 6
a 782 402 0 19 6
a 783 434 0 46 1
a 783 812 0 27 1
a 784 58 0 46 6
a 784 82 0 28 6
a 794 613 0 46 1
a 794 398 0 13 7
a 795 262 0 46 7
a 795 760 0 34 6
a 797 880 0 46 9
a 797 361 0 34 2
a 798 230 0 46 9
a 798 431 0 49 2
a 801 36 0 46 6
a 801 884 0 45 8
a 802 439 0 46 7
a 802 707 0 16 6
a 803 662 0 46 9
a 803 672 0 26 2
a 806 838 0 46 7
a 806 122 0 5 6
a 808 612 0 46 6
a 808 760 0 27 5
a 809 824 0 46 2
a 809 279 0 16 2
a 811 738 0 46 2
a 811 317 0 31 4
a 812 554 0 46 10
a 812 309 0 25 10
a 818 903 0 46 3
a 818 631 0 9 10
a 822 492 0 46 8
a 822 435 0 35 2
a 824 23 0 46 2
a 824 168 0 24 5
a 825 406 0 46 9
a 825 752 0 49 8
a 831 427 0 46 6
a 831 449 0 45 10
a 833 983 0 46 10
a 833 893 0 21 8
a 837 698 0 46 4
a 837 967 0 24 4
a 838 77 0 46 8
a 838 135 0 26 9
a 839 11 0 46 3
a 839 659 0 32 3
a 840 904 0 46 3
a 840 107 0 33 4
a 841 385 0 46 10
a 841 540 0 10 5
a 843 706 0 46 9
a 843 92 0 39 4
a 846 768 0 46 2
a 846 340 0 47 6
a 848 519 0 46 8
a 848 540 0 24 10
a 850 557 0 46 6
a 850 497 0 50 6
a 853 669 0 46 8
a 853 271 0 26 8
a 854 190 0 46 10
a 854 228 0 2 7
a 856 284 0 46 4
a 856 21 0 11 8
a 859 57 0 46 5
a 859 251 0 41 1
a 862 811 0 46 3
a 862 929 0 26 1
a 864 435 0 46 10
a 864 648 0 49 8
a 871 986 0 46 1
a 871 923 0 5 3
a 873 4 0 46 5
a 873 950 0 33 8
a 880 652 0 46 9
a 880 138 0 7 10
a 881 770 0 46 3
a 881 343 0 44 5
a 882 309 0 46 2
a 882 45 0 6 3
a 883 680 0 46 3
a 883 601 0 30 6
a 886 862 0 46 1
a 886 705 0 30 5
a 888 446 0 46 6
a 888 920 0 24 10
a 891 629 0 46 7
a 891 438 0 7 8
a 894 12 0 46 5
a 894 452 0 35 7
a 895 257 0 46 7
a 895 982 0 1 1
a 898 272 0 46 3
a 898 588 0 15 9
a 900 753 0 46 1
a 900 104 0 2 7
a 903 731 0 46 3
a 903 14 0 49 9
a 904 973 0 46 7
a 904 709 0 1 5
a 907 528 0 46 2
a 907 802 0 22 7
a 908 624 0 46 6
a 908 30 0 42 4
a 909 752 0 46 6
a 909 798 0 20 10
a 910 521 0 46 7
a 910 246 0 40 7
a 911 592 0 46 10
a 911 656 0 20 8
a 912 923 0 46 9
a 912 586 0 25 5
a 913 391 0 46 7
a 913 632 0 45 8
a 915 231 0 46 10
a 915 831 0 12 10
a 916 485 0 46 5
a 916 635 0 35 4
a 917 500 0 46 8
a 917 458 0 46 8
a 919 954 0 46 1
a 919 625 0 4 2
a 920 744 0 46 1
a 920 41 0 17 5
a 922 864 0 46 4
a 922 95 0 39 9
a 923 128 0 46 10
a 923 683 0 25 10
a 924 76 0 46 9
a 924 59 0 23 3
a 925 967 0 46 10
a 925 36 0 49 6
a 926 606 0 46 5
a 926 150 0 37 9
a 930 403 0 46 3
a 930 708 0 20 1
a 933 9 0 46 1
a 933 465 0 5 8
a 934 729 0 46 3
a 934 29 0 10 9
a 935 174 0 46 4
a 935 514 0 21 7
a 938 608 0 46 5
a 938 352 0 4 3
a 940 60 0 46 2
a 940 362 0 34 8
a 941 725 0 46 1
a 941 841 0 8 9
a 942 883 0 46 6
a 942 110 0 38 7
a 943 92 0 46 2
a 943 954 0 23 3
a 944 806 0 46 3
a 944 49 0 40 1
a 947 499 0 46 10
a 947 345 0 38 5
a 948 853 0 46 9
a 948 592 0 38 9
a 950 30 0 46 10
a 950 944 0 42 6
a 951 422 0 46 2
a 951 229 0 37 7
a 952 259 0 46 7
a 952 374 0 37 7
a 953 387 0 46 7
a 953 303 0 29 9
a 954 924 0 46 3
a 954 444 0 24 10
a 956 988 0 46 7
a 956 631 0 28 7
a 957 112 0 46 7
a 957 760 0 44 6
a 958 336 0 46 9
a 958 701 0 39 9
a 959 119 0 46 9
a 959 113 0 36 5
a 961 156 0 46 8
a 961 172 0 20 4
a 963 66 0 46 2
a 963 516 0 39 3
a 967 38 0 46 2
a 967 553 0 44 7
a 969 132 0 46 3
a 969 428 0 18 3
a 972 49 0 46 3
a 972 472 0 14 3
a 973 454 0 46 3
a 973 207 0 25 9
a 974 473 0 46 10
a 974 641 0 25 4
a 978 894 0 46 10
a 978 59 0 27 7
a 981 333 0 46 1
a 981 816 0 35 5
a 982 837 0 46 10
a 982 783 0 14 1
a 983 620 0 46 1
a 983 692 0 21 3
a 986 442 0 46 5
a 986 837 0 33 1
a 987 948 0 46 2
a 987 714 0 34 6
a 988 916 0 46 4
a 988 411 0 38 4
a 991 600 0 46 3
a 991 847 0 6 5
a 994 666 0 46 7
a 994 491 0 9 10
a 996 460 0 46 8
a 996 337 0 42 6
a 997 219 0 46 6
a 997 632 0 7 2
a 2 303 0 4 8
a 2 539 0 1 7
a 6 310 0 4 4
a 6 910 0 2 1
a 8 874 0 4 6
a 8 154 0 2 7
a 10 363 0 4 4
a 10 597 0 23 5
a 13 402 0 4 2
a 13 999 0 35 9
a 17 176 0 4 2
a 17 741 0 21 2
a 18 918 0 4 8
a 18 516 0 29 4
a 20 849 0 4 3
a 20 689 0 36 3
a 21 70 0 4 2
a 21 970 0 34 2
a 24 370 0 4 3
a 24 14 0 6 6
a 25 173 0 4 10
a 25 879 0 24 5
a 27 64 0 4 8
a 27 209 0 30 1
a 31 495 0 4 10
a 31 336 0 12 5
a 34 777 0 4 5
a 34 626 0 22 7
a 35 404 0 4 2
a 35 472 0 21 7
a 41 627 0 4 5
a 41 278 0 48 3
a 43 249 0 4 10
a 43 168 0 25 4
a 44 796 0 4 2
a 44 94 0 11 1
a 45 489 0 4 2
a 45 309 0 28 6
a 47 192 0 4 5
a 47 734 0 6 7
a 54 356 0 4 5
a 54 102 0 50 1
a 59 878 0 4 10
a 59 264 0 29 5
a 62 187 0 4 3
a 62 15 0 21 3
a 64 792 0 4 3
a 64 246 0 31 6
a 65 965 0 4 1
a 65 795 0 47 2
a 67 41 0 4 10
a 67 873 0 9 9
a 69 316 0 4 3
a 69 29 0 37 7
a 70 993 0 4 3
a 70 93 0 38 2
a 71 480 0 4 7
a 71 915 0 19 8
a 73 420 0 4 4
a 73 374 0 28 6
a 74 27 0 4 1
a 74 172 0 28 3
a 79 562 0 4 9
a 79 442 0 7 7
a 85 145 0 4 10
a 85 651 0 21 7
a 87 182 0 4 6
a 87 14 0 22 9
a 88 962 0 4 9
a 88 738 0 50 10
a 89 118 0 4 5
a 89 13 0 11 9
a 90 742 0 4 3
a 90 459 0 22 1
a 91 467 0 4 6
a 91 289 0 47 10
a 93 675 0 4 8
a 93 791 0 6 2
a 95 400 0 4 7
a 95 837 0 36 7
a 100 847 0 4 4
a 100 212 0 40 6
a 102 368 0 4 7
a 102 116 0 10 5
a 104 723 0 4 7
a 104 558 0 39 4
a 107 462 0 4 6
a 107 713 0 19 6
a 109 563 0 4 8
a 109 971 0 39 5
a 110 339 0 4 10
a 110 881 0 48 1
a 111 643 0 4 7
a 111 688 0 0 7
a 113 10 0 4 2
a 113 234 0 24 1
a 114 667 0 4 9
a 114 109 0 47 10
a 115 207 0 4 8
a 115 872 0 23 10
a 116 842 0 4 6
a 116 437 0 31 2
a 117 937 0 4 4
a 117 604 0 14 5
a 118 59 0 4 4
a 118 571 0 26 4
a 120 204 0 4 6
a 120 794 0 28 3
a 122 448 0 4 8
a 122 289 0 25 2
a 123 687 0 4 7
a 123 201 0 31 4
a 124 407 0 4 2
a 124 791 0 21 2
a 125 477 0 4 2
a 125 189 0 12 9
a 126 543 0 4 8
a 126 195 0 41 6
a 131 470 0 4 10
a 131 361 0 48 8
a 135 899 0 4 8
a 135 655 0 28 7
a 136 419 0 4 4
a 136 604 0 6 5
a 137 980 0 4 1
a 137 95 0 21 4
a 139 361 0 4 7
a 139 561 0 6 3
a 141 834 0 4 2
a 141 913 0 43 10
a 142 622 0 4 5
a 142 26 0 11 9
a 144 71 0 4 2
a 144 441 0 6 3
a 145 17 0 4 9
a 145 169 0 35 5
a 146 412 0 4 6
a 146 597 0 1 8
a 150 449 0 4 3
a 150 106 0 14 3
a 155 483 0 4 8
a 155 292 0 21 10
a 157 929 0 4 9
a 157 375 0 16 7
a 160 836 0 4 7
a 160 186 0 18 5
a 162 713 0 4 10
a 162 82 0 8 1
a 163 852 0 4 10
a 163 293 0 5 10
a 164 740 0 4 5
a 164 429 0 16 8
a 169 901 0 4 8
a 169 955 0 5 7
a 173 202 0 4 4
a 173 536 0 40 7
a 176 647 0 4 1
a 176 751 0 21 8
a 178 375 0 4 8
a 178 158 0 38 3
a 179 835 0 4 4
a 179 432 0 9 3
a 180 703 0 4 2
a 180 84 0 28 7
a 181 827 0 4 6
a 181 446 0 3 4
a 182 718 0 4 5
a 182 438 0 30 4
a 183 329 0 4 6
a 183 154 0 27 5
a 185 301 0 4 3
a 185 846 0 4 7
a 187 751 0 4 6
a 187 933 0 43 9
a 188 67 0 4 9
a 188 137 0 2 7
a 189 466 0 4 5
a 189 29 0 39 5
a 192 567 0 4 5
a 192 514 0 3 8
a 199 975 0 4 9
a 199 105 0 2 1
a 202 243 0 4 3
a 202 425 0 38 8
a 204 264 0 4 7
a 204 1000 0 24 6
a 205 213 0 4 2
a 205 498 0 48 4
a 206 437 0 4 1
a 206 393 0 23 7
a 207 116 0 4 6
a 207 546 0 1 7
a 208 928 0 4 9
a 208 564 0 31 4
a 209 244 0 4 3
a 209 867 0 2 3
a 210 43 0 4 10
a 210 821 0 2 10
a 211 308 0 4 1
a 211 958 0 8 8
a 212 897 0 4 3
a 212 330 0 34 8
a 213 13 0 4 7
a 213 992 0 16 4
a 215 250 0 4 4
a 215 92 0 44 8
a 216 553 0 4 1
a 216 76 0 10 4
a 220 618 0 4 9
a 220 499 0 9 3
a 221 409 0 4 7
a 221 62 0 14 2
a 222 126 0 4 5
a 222 175 0 34 10
a 224 227 0 4 10
a 224 537 0 30 7
a 225 69 0 4 10
a 225 184 0 46 3
a 226 389 0 4 9
a 226 282 0 17 2
a 227 62 0 4 2
a 227 485 0 0 8
a 229 428 0 4 9
a 229 127 0 40 10
a 232 411 0 4 4
a 232 715 0 31 2
a 234 396 0 4 4
a 234 579 0 30 10
a 235 431 0 4 4
a 235 948 0 10 6
a 237 746 0 4 4
a 237 738 0 14 3
a 239 875 0 4 1
a 239 263 0 7 5
a 241 382 0 4 1
a 241 194 0 5 2
a 243 817 0 4 2
a 243 404 0 41 3
a 244 337 0 4 9
a 244 751 0 34 3
a 245 93 0 4 5
a 245 209 0 1 4
a 249 851 0 4 5
a 249 51 0 6 3
a 250 475 0 4 5
a 250 870 0 2 2
a 251 709 0 4 6
a 251 163 0 8 6
a 253 146 0 4 8
a 253 111 0 4 1
a 254 498 0 4 3
a 254 556 0 16 6
a 258 604 0 4 8
a 258 991 0 44 8
a 261 860 0 4 5
a 261 992 0 10 2
a 264 429 0 4 8
a 264 277 0 24 6
a 267 416 0 4 7
a 267 840 0 1 2
a 271 281 0 4 8
a 271 582 0 21 10
a 274 579 0 4 4
a 274 16 0 42 10
a 275 671 0 4 8
a 275 962 0 28 10
a 276 280 0 4 9
a 276 473 0 50 1
a 277 979 0 4 1
a 277 308 0 23 4
a 278 889 0 4 5
a 278 843 0 35 6
a 280 241 0 4 6
a 280 895 0 24 1
a 281 516 0 4 9
a 281 608 0 10 7
a 283 141 0 4 5
a 283 149 0 34 3
a 286 879 0 4 7
a 286 377 0 33 10
a 287 271 0 4 10
a 287 430 0 47 1
a 290 179 0 4 5
a 290 210 0 39 7
a 291 226 0 4 3
a 291 789 0 29 1
a 293 807 0 4 8
a 293 679 0 4 10
a 294 577 0 4 3
a 294 969 0 24 8
a 295 144 0 4 10
a 295 754 0 26 4
a 296 251 0 4 10
a 296 687 0 21 1
a 297 769 0 4 5
a 297 918 0 44 10
a 298 183 0 4 5
a 298 260 0 45 5
a 299 20 0 4 5
a 299 297 0 31 3
a 300 617 0 4 6
a 300 303 0 40 3
a 301 813 0 4 6
a 301 849 0 25 4
a 302 857 0 4 2
a 302 818 0 23 8
a 303 278 0 4 8
a 303 29 0 35 10
a 304 205 0 4 7
a 304 650 0 2 2
a 308 765 0 4 2
a 308 727 0 21 5
a 310 591 0 4 5
a 310 728 0 18 2
a 311 619 0 4 10
a 311 937 0 32 10
a 312 748 0 4 2
a 312 277 0 0 5
a 313 345 0 4 4
a 313 136 0 13 2
a 316 804 0 4 6
a 316 433 0 22 7
a 318 699 0 4 5
a 318 249 0 42 1
a 320 377 0 4 2
a 320 675 0 22 7
a 323 960 0 4 9
a 323 11 0 45 7
a 324 866 0 4 5
a 324 77 0 38 9
a 325 870 0 4 10
a 325 965 0 29 7
a 327 88 0 4 3
a 327 939 0 10 7
a 329 936 0 4 1
a 329 99 0 45 9
a 332 87 0 4 7
a 332 8 0 21 3
a 334 484 0 4 2
a 334 89 0 26 9
a 337 905 0 4 3
a 337 78 0 11 4
a 339 312 0 4 10
a 339 952 0 22 2
a 340 507 0 4 8
a 340 409 0 16 9
a 342 714 0 4 9
a 342 398 0 29 8
a 343 599 0 4 5
a 343 641 0 40 1
a 345 757 0 4 9
a 345 262 0 29 6
a 346 790 0 4 6
a 346 488 0 34 8
a 350 805 0 4 9
a 350 911 0 22 2
a 352 861 0 4 9
a 352 979 0 47 3
a 356 868 0 4 10
a 356 879 0 16 2
a 357 623 0 4 10
a 357 448 0 47 5
a 358 296 0 4 10
a 358 450 0 20 1
a 359 185 0 4 7
a 359 989 0 30 6
a 361 927 0 4 9
a 361 415 0 48 6
a 363 418 0 4 3
a 363 45 0 8 5
a 364 31 0 4 8
a 364 415 0 13 8
a 365 552 0 4 4
a 365 100 0 31 10
a 368 771 0 4 5
a 368 491 0 49 2
a 369 823 0 4 8
a 369 781 0 36 10
a 370 113 0 4 10
a 370 768 0 12 7
a 371 365 0 4 5
a 371 171 0 23 5
a 373 18 0 4 1
a 373 691 0 25 8
a 375 855 0 4 1
a 375 348 0 38 10
a 377 1000 0 4 6
a 377 505 0 4 9
a 381 778 0 4 5
a 381 275 0 5 7
a 382 785 0 4 6
a 382 622 0 7 3
a 384 401 0 4 8
a 384 777 0 14 8
a 389 530 0 4 3
a 389 303 0 40 1
a 390 539 0 4 4
a 390 868 0 7 8
a 392 773 0 4 3
a 392 593 0 32 2
a 395 633 0 4 1
a 395 567 0 32 2
a 396 157 0 4 10
a 396 808 0 19 2
a 400 763 0 4 8
a 400 16 0 18 1
a 401 410 0 4 8
a 401 187 0 50 9
a 402 104 0 4 10
a 402 592 0 48 10
a 404 324 0 4 7
a 404 706 0 11 7
a 407 384 0 4 4
a 407 735 0 0 6
a 408 976 0 4 7
a 408 477 0 8 6
a 409 820 0 4 4
a 409 849 0 34 8
a 410 225 0 4 10
a 410 175 0 26 7
a 411 458 0 4 10
a 411 158 0 35 3
a 412 829 0 4 10
a 412 288 0 46 7
a 413 107 0 4 5
a 413 144 0 50 7
a 415 695 0 4 5
a 415 435 0 29 10
a 416 786 0 4 8
a 416 100 0 16 7
a 418 955 0 4 2
a 418 770 0 39 8
a 419 275 0 4 9
a 419 674 0 3 5
a 420 261 0 4 8
a 420 340 0 17 9
a 428 114 0 4 6
a 428 151 0 18 8
a 429 970 0 4 6
a 429 565 0 25 5
a 431 641 0 4 2
a 431 547 0 22 4
a 433 800 0 4 8
a 433 332 0 13 10
a 437 90 0 4 2
a 437 387 0 1 3
a 441 779 0 4 5
a 441 362 0 47 7
a 443 304 0 4 7
a 443 754 0 26 2
a 448 115 0 4 2
a 448 903 0 42 8
a 449 524 0 4 5
a 449 247 0 44 2
a 450 8 0 4 9
a 450 105 0 2 2
a 453 533 0 4 4
a 453 41 0 46 5
a 455 142 0 4 8
a 455 927 0 30 4
a 458 25 0 4 7
a 458 985 0 37 3
a 461 793 0 4 1
a 461 525 0 47 5
a 462 788 0 4 1
a 462 701 0 50 10
a 463 373 0 4 9
a 463 520 0 5 3
a 464 358 0 4 8
a 464 505 0 35 7
a 466 160 0 4 10
a 466 486 0 15 5
a 467 902 0 4 2
a 467 415 0 44 5
a 470 517 0 4 3
a 470 229 0 12 7
a 471 538 0 4 2
a 471 169 0 27 8
a 474 65 0 4 8
a 474 947 0 23 2
a 475 810 0 4 5
a 475 936 0 27 5
a 477 733 0 4 9
a 477 780 0 13 6
a 478 710 0 4 7
a 478 876 0 0 3
a 480 478 0 4 5
a 480 953 0 7 1
a 481 658 0 4 7
a 481 292 0 9 2
a 482 884 0 4 3
a 482 619 0 45 8
a 483 596 0 4 2
a 483 652 0 33 5
a 484 253 0 4 8
a 484 475 0 30 7
a 487 24 0 4 1
a 487 482 0 8 6
a 489 605 0 4 3
a 489 464 0 49 5
a 491 124 0 4 4
a 491 876 0 3 10
a 494 311 0 4 6
a 494 928 0 10 3
a 495 697 0 4 8
a 495 220 0 34 1
a 497 91 0 4 3
a 497 476 0 15 3
a 498 582 0 4 5
a 498 48 0 44 7
a 502 569 0 4 8
a 502 986 0 10 9
a 505 135 0 4 2
a 505 879 0 47 2
a 507 89 0 4 10
a 507 625 0 14 5
a 509 21 0 4 9
a 509 336 0 41 4
a 511 534 0 4 2
a 511 767 0 20 3
a 512 211 0 4 6
a 512 948 0 46 2
a 514 964 0 4 3
a 514 980 0 12 6
a 516 102 0 4 3
a 516 709 0 3 9
a 517 120 0 4 9
a 517 128 0 25 3
a 520 863 0 4 2
a 520 146 0 14 10
a 523 730 0 4 10
a 523 465 0 28 3
a 524 999 0 4 6
a 524 394 0 4 2
a 526 222 0 4 10
a 526 114 0 10 2
a 529 350 0 4 1
a 529 871 0 7 8
a 530 858 0 4 2
a 530 311 0 26 7
a 531 463 0 4 6
a 531 131 0 13 4
a 533 224 0 4 10
a 533 625 0 12 4
a 534 998 0 4 9
a 534 244 0 27 10
a 537 872 0 4 10
a 537 156 0 11 2
a 538 931 0 4 8
a 538 81 0 18 3
a 539 343 0 4 6
a 539 557 0 7 5
a 540 464 0 4 10
a 540 950 0 28 2
a 541 791 0 4 4
a 541 356 0 7 7
a 542 369 0 4 10
a 542 775 0 46 7
a 543 512 0 4 7
a 543 854 0 28 1
a 552 299 0 4 6
a 552 398 0 6 8
a 553 581 0 4 9
a 553 717 0 16 6
a 559 885 0 4 3
a 559 135 0 39 7
a 560 540 0 4 9
a 560 608 0 37 10
a 562 290 0 4 7
a 562 298 0 13 3
a 563 514 0 4 1
a 563 326 0 29 6
a 565 209 0 4 1
a 565 599 0 14 2
a 567 542 0 4 10
a 567 228 0 17 6
a 568 208 0 4 1
a 568 782 0 13 3
a 569 761 0 4 7
a 569 993 0 37 2
a 570 890 0 4 2
a 570 540 0 36 2
a 573 635 0 4 7
a 573 584 0 21 2
a 577 293 0 4 1
a 577 792 0 13 6
a 578 990 0 4 9
a 578 953 0 28 2
a 579 906 0 4 3
a 579 431 0 2 10
a 581 164 0 4 4
a 581 188 0 11 3
a 582 644 0 4 10
a 582 6 0 44 1
a 585 150 0 4 2
a 585 971 0 27 2
a 586 352 0 4 6
a 586 312 0 24 2
a 590 286 0 4 10
a 590 874 0 28 10
a 591 45 0 4 10
a 591 301 0 27 10
a 596 683 0 4 4
a 596 364 0 48 5
a 598 887 0 4 5
a 598 994 0 14 8
a 599 914 0 4 4
a 599 430 0 6 2
a 601 232 0 4 4
a 601 594 0 42 9
a 603 300 0 4 8
a 603 400 0 13 6
a 604 939 0 4 3
a 604 118 0 2 2
a 605 977 0 4 9
a 605 933 0 26 9
a 614 664 0 4 3
a 614 352 0 24 9
a 617 117 0 4 5
a 617 986 0 48 2
a 618 318 0 4 5
a 618 68 0 20 5
a 619 295 0 4 1
a 619 401 0 19 4
a 622 787 0 4 6
a 622 306 0 47 9
a 623 867 0 4 6
a 623 715 0 13 8
a 626 291 0 4 1
a 626 491 0 2 8
a 627 749 0 4 9
a 627 6 0 2 9
a 628 821 0 4 10
a 628 163 0 1 3
a 630 276 0 4 1
a 630 250 0 10 6
a 633 968 0 4 10
a 633 856 0 47 8
a 635 235 0 4 3
a 635 297 0 37 2
a 641 44 0 4 1
a 641 822 0 18 7
a 642 541 0 4 6
a 642 172 0 17 4
a 643 79 0 4 10
a 643 114 0 17 1
a 644 585 0 4 6
a 644 968 0 50 10
a 647 220 0 4 5
a 647 883 0 31 7
a 648 245 0 4 5
a 648 870 0 18 3
a 651 332 0 4 9
a 651 67 0 33 4
a 655 814 0 4 6
a 655 841 0 26 5
a 658 520 0 4 8
a 658 277 0 44 3
a 659 509 0 4 9
a 659 641 0 16 3
a 664 178 0 4 10
a 664 250 0 48 7
a 667 415 0 4 4
a 667 294 0 37 9
a 670 109 0 4 4
a 670 419 0 15 3
a 671 568 0 4 3
a 671 640 0 8 6
a 673 946 0 4 3
a 673 841 0 18 3
a 675 598 0 4 7
a 675 709 0 15 2
a 677 682 0 4 6
a 677 681 0 1 9
a 682 614 0 4 4
a 682 499 0 13 6
a 683 110 0 4 8
a 683 563 0 10 9
a 686 73 0 4 6
a 686 918 0 11 5
a 687 100 0 4 1
a 687 531 0 22 7
a 690 302 0 4 5
a 690 866 0 2 4
a 694 95 0 4 6
a 694 817 0 36 6
a 695 471 0 4 7
a 695 676 0 0 10
a 697 921 0 4 8
a 697 678 0 43 1
a 699 642 0 4 1
a 699 140 0 21 6
a 703 123 0 4 7
a 703 881 0 27 4
a 704 523 0 4 3
a 704 23 0 31 8
a 709 971 0 4 2
a 709 963 0 28 2
a 710 992 0 4 4
a 710 94 0 50 9
a 712 603 0 4 5
a 712 432 0 48 7
a 713 573 0 4 2
a 713 175 0 1 10
a 714 865 0 4 3
a 714 674 0 32 10
a 718 565 0 4 9
a 718 442 0 42 8
a 720 601 0 4 4
a 720 684 0 14 4
a 723 47 0 4 7
a 723 204 0 21 5
a 730 313 0 4 2
a 730 753 0 42 1
a 733 237 0 4 10
a 733 12 0 29 4
a 735 832 0 4 9
a 735 534 0 42 8
a 736 741 0 4 8
a 736 53 0 30 4
a 740 320 0 4 8
a 740 188 0 15 6
a 741 945 0 4 6
a 741 295 0 22 3
a 742 694 0 4 9
a 742 357 0 43 9
a 745 529 0 4 3
a 745 99 0 18 6
a 746 267 0 4 7
a 746 316 0 33 3
a 748 876 0 4 10
a 748 112 0 19 1
a 749 189 0 4 9
a 749 278 0 22 5
a 750 234 0 4 5
a 750 657 0 35 4
a 751 511 0 4 2
a 751 468 0 35 8
a 756 162 0 4 8
a 756 15 0 32 3
a 757 323 0 4 2
a 757 796 0 33 6
a 761 892 0 4 9
a 761 937 0 44 8
a 763 357 0 4 8
a 763 934 0 21 2
a 765 294 0 4 1
a 765 971 0 35 9
a 769 169 0 4 2
a 769 294 0 2 6
a 771 799 0 4 6
a 771 839 0 33 9
a 773 677 0 4 8
a 773 761 0 24 5
a 777 346 0 4 5
a 777 643 0 20 10
a 778 995 0 4 10
a 778 774 0 11 2
a 779 6 0 4 5
a 779 59 0 3 2
a 785 392 0 4 7
a 785 1000 0 11 4
a 786 526 0 4 8
a 786 227 0 29 9
a 787 578 0 4 8
a 787 833 0 40 5
a 788 364 0 4 3
a 788 739 0 8 6
a 789 659 0 4 4
a 789 440 0 14 7
a 790 441 0 4 1
a 790 616 0 37 7
a 791 54 0 4 2
a 791 30 0 41 3
a 792 736 0 4 7
a 792 354 0 40 6
a 793 756 0 4 5
a 793 541 0 49 9
a 796 229 0 4 10
a 796 604 0 15 7
a 799 35 0 4 1
a 799 729 0 31 9
a 800 570 0 4 1
a 800 579 0 40 8
a 804 735 0 4 9
a 804 589 0 2 5
a 805 327 0 4 4
a 805 957 0 19 7
a 807 210 0 4 4
a 807 585 0 18 4
a 810 390 0 4 4
a 810 755 0 8 4
a 813 537 0 4 9
a 813 633 0 32 2
a 814 433 0 4 3
a 814 703 0 7 6
a 815 869 0 4 1
a 815 661 0 19 6
a 816 497 0 4 8
a 816 865 0 2 6
a 817 932 0 4 5
a 817 946 0 32 3
a 819 586 0 4 7
a 819 75 0 26 2
a 820 487 0 4 4
a 820 183 0 12 6
a 821 359 0 4 3
a 821 764 0 21 1
a 823 531 0 4 4
a 823 318 0 40 5
a 826 985 0 4 8
a 826 893 0 48 5
a 827 893 0 4 8
a 827 480 0 1 3
a 828 395 0 4 5
a 828 393 0 32 5
a 829 745 0 4 7
a 829 42 0 5 9
a 830 216 0 4 5
a 830 303 0 38 4
a 832 239 0 4 5
a 832 855 0 4 4
a 834 340 0 4 1
a 834 571 0 46 10
a 835 844 0 4 10
a 835 1000 0 12 7
a 836 670 0 4 1
a 836 172 0 43 8
a 842 287 0 4 6
a 842 174 0 40 8
a 844 482 0 4 7
a 844 703 0 11 8
a 845 443 0 4 1
a 845 956 0 29 10
a 847 896 0 4 6
a 847 39 0 1 4
a 849 819 0 4 5
a 849 144 0 45 6
a 851 122 0 4 2
a 851 196 0 38 10
a 852 630 0 4 3
a 852 244 0 38 7
a 855 131 0 4 4
a 855 121 0 21 10
a 857 371 0 4 3
a 857 809 0 4 7
a 858 125 0 4 2
a 858 134 0 3 2
a 860 139 0 4 5
a 860 464 0 45 7
a 861 481 0 4 10
a 861 914 0 37 9
a 863 673 0 4 2
a 863 409 0 29 4
a 865 381 0 4 8
a 865 998 0 44 7
a 866 136 0 4 2
a 866 15 0 34 8
a 867 628 0 4 2
a 867 559 0 29 5
a 868 111 0 4 1
a 868 86 0 13 7
a 869 215 0 4 4
a 869 989 0 46 1
a 870 989 0 4 8
a 870 181 0 17 3
a 872 297 0 4 3
a 872 84 0 44 2
a 874 984 0 4 1
a 874 70 0 27 2
a 875 816 0 4 9
a 875 96 0 8 7
a 876 830 0 4 7
a 876 62 0 44 5
a 877 712 0 4 5
a 877 212 0 50 8
a 878 221 0 4 3
a 878 633 0 25 10
a 879 491 0 4 7
a 879 368 0 29 8
a 884 283 0 4 9
a 884 506 0 28 4
a 885 163 0 4 4
a 885 439 0 14 2
a 887 274 0 4 7
a 887 445 0 22 10
a 889 750 0 4 2
a 889 626 0 25 9
a 890 137 0 4 4
a 890 554 0 12 3
a 892 74 0 4 4
a 892 846 0 16 3
a 893 966 0 4 5
a 893 41 0 41 7
a 896 826 0 4 8
a 896 235 0 22 3
a 897 560 0 4 3
a 897 786 0 30 5
a 899 949 0 4 6
a 899 875 0 17 2
a 901 180 0 4 8
a 901 217 0 24 1
a 902 450 0 4 10
a 902 576 0 9 4
a 905 342 0 4 2
a 905 350 0 4 9
a 906 199 0 4 3
a 906 694 0 34 6
a 914 277 0 4 7
a 914 619 0 42 7
a 918 206 0 4 9
a 918 96 0 16 10
a 921 626 0 4 7
a 921 938 0 3 8
a 927 502 0 4 6
a 927 589 0 27 6
a 928 720 0 4 2
a 928 115 0 16 4
a 929 188 0 4 8
a 929 287 0 32 2
a 931 181 0 4 6
a 931 600 0 6 1
a 932 590 0 4 6
a 932 690 0 0 7
a 936 461 0 4 3
a 936 352 0 29 9
a 937 648 0 4 8
a 937 963 0 22 9
a 939 655 0 4 6
a 939 40 0 48 7
a 945 828 0 4 8
a 945 156 0 41 4
a 946 155 0 4 7
a 946 969 0 5 3
a 949 455 0 4 8
a 949 633 0 48 4
a 955 258 0 4 9
a 955 553 0 18 3
a 960 334 0 4 5
a 960 484 0 40 4
a 962 325 0 4 7
a 962 698 0 36 2
a 964 845 0 4 2
a 964 679 0 44 10
a 965 651 0 4 5
a 965 510 0 24 6
a 966 877 0 4 2
a 966 940 0 21 5
a 968 298 0 4 6
a 968 566 0 24 1
a 970 34 0 4 7
a 970 953 0 36 8
a 971 413 0 4 6
a 971 97 0 7 5
a 975 559 0 4 5
a 975 589 0 15 8
a 976 690 0 4 1
a 976 820 0 42 4
a 977 815 0 4 10
a 977 805 0 17 9
a 979 254 0 4 5
a 979 393 0 13 8
a 980 494 0 4 10
a 980 373 0 45 5
a 984 408 0 4 7
a 984 807 0 34 5
a 985 212 0 4 8
a 985 824 0 20 5
a 989 686 0 4 10
a 989 791 0 20 7
a 990 474 0 4 6
a 990 183 0 18 8
a 992 453 0 4 4
a 992 567 0 26 7
a 993 704 0 4 3
a 993 83 0 29 3
a 995 85 0 4 5
a 995 665 0 43 1
a 998 789 0 4 5
a 998 591 0 34 8
