c PyNETGEN v1.0.0
c $ pip install pynetgen
c
c  NETGEN flow network generation algorithm
c  Problem input parameters
c  -------------------------------------
c   Random seed:          14
c   Number of nodes:      1000
c   Source nodes:         2
c   Sink nodes:           2
c   Number of arcs:       2000
c   Minimum arc cost:     1
c   Maximum arc cost:     10
c   Total supply:         50
c   Transshipment -
c     Sources:            0
c     Sinks:              0
c   Skeleton arcs -
c     With max cost:      0
c     Capacitated:        100
c   Minimum arc capacity: 0
c   Maximum arc capacity: 50
c
c  *** Minimum cost flow ***
c
p min 1000 2000
n 1 46
n 2 4
n 999 -22
n 1000 -28
a 1 154 0 46 10
a 1 356 0 30 3
a 1 160 0 6 1
a 6 160 0 46 9
a 6 858 0 49 3
a 6 281 0 42 7
a 7 139 0 46 10
a 7 780 0 2 5
a 9 941 0 46 4
a 9 885 0 33 5
a 9 636 0 16 4
a 10 268 0 46 10
a 10 481 0 11 1
a 10 965 0 12 6
a 11 419 0 46 3
a 11 923 0 30 10
a 12 294 0 46 8
a 12 115 0 34 10
a 13 789 0 46 8
a 13 845 0 8 8
a 14 573 0 46 3
a 14 405 0 14 6
a 16 56 0 46 10
a 16 806 0 4 3
a 18 218 0 46 2
a 18 40 0 50 8
a 19 669 0 46 7
a 19 390 0 0 1
a 20 106 0 46 1
a 20 42 0 38 6
a 21 645 0 46 5
a 21 435 0 37 6
a 25 288 0 46 3
a 25 368 0 19 3
a 28 530 0 46 4
a 28 207 0 15 5
a 29 49 0 46 7
a 29 7 0 9 3
a 30 683 0 46 3
a 30 963 0 49 2
a 31 318 0 46 8
a 31 879 0 4 2
a 32 906 0 46 10
a 32 420 0 21 9
a 36 713 0 46 7
a 36 443 0 18 9
a 40 1000 0 46 2
a 40 937 0 46 3
a 43 907 0 46 1
a 43 671 0 30 3
a 44 244 0 46 10
a 44 522 0 25 7
a 45 694 0 46 9
a 45 366 0 39 4
a 47 162 0 46 2
a 47 5 0 34 2
a 49 717 0 46 8
a 49 534 0 36 4
a 50 267 0 46 9
a 50 871 0 35 10
a 56 982 0 46 7
a 56 531 0 36 6
a 62 606 0 46 4
a 62 225 0 1 9
a 64 12 0 46 9
a 64 47 0 37 5
a 70 597 0 46 8
a 70 175 0 33 4
a 73 19 0 46 6
a 73 43 0 44 3
a 74 779 0 46 1
a 74 223 0 16 1
a 75 382 0 46 6
a 75 515 0 17 3
a 82 264 0 46 4
a 82 778 0 10 4
a 86 229 0 46 6
a 86 116 0 32 1
a 87 376 0 46 7
a 87 632 0 14 10
a 88 712 0 46 4
a 88 72 0 36 8
a 93 634 0 46 6
a 93 699 0 13 6
a 94 430 0 46 2
a 94 365 0 39 9
a 98 668 0 46 6
a 98 838 0 34 2
a 99 43 0 46 3
a 99 804 0 24 9
a 103 532 0 46 10
a 103 687 0 37 7
a 105 991 0 46 1
a 105 299 0 12 2
a 106 150 0 46 5
a 106 775 0 44 1
a 107 946 0 46 2
a 107 161 0 36 6
a 109 266 0 46 1
a 109 492 0 28 4
a 111 707 0 46 5
a 111 284 0 14 9
a 112 296 0 46 7
a 112 745 0 40 10
a 113 820 0 46 4
a 113 722 0 5 2
a 115 580 0 46 5
a 115 517 0 17 5
a 116 874 0 46 3
a 116 577 0 47 6
a 118 242 0 46 1
a 118 204 0 18 6
a 120 109 0 46 7
a 120 316 0 13 6
a 124 166 0 46 10
a 124 596 0 30 6
a 131 450 0 46 4
a 131 377 0 45 6
a 134 98 0 46 6
a 134 749 0 19 3
a 135 165 0 46 7
a 135 427 0 40 8
a 139 718 0 46 7
a 139 491 0 45 1
a 140 422 0 46 7
a 140 96 0 20 4
a 142 924 0 46 7
a 142 21 0 24 8
a 143 839 0 46 10
a 143 700 0 45 3
a 144 915 0 46 5
a 144 44 0 12 9
a 149 462 0 46 3
a 149 804 0 20 2
a 150 657 0 46 7
a 150 309 0 6 10
a 153 13 0 46 4
a 153 947 0 40 9
a 154 36 0 46 1
a 154 776 0 44 8
a 155 25 0 46 4
a 155 801 0 47 9
a 156 489 0 46 7
a 156 418 0 24 5
a 157 757 0 46 7
a 157 741 0 1 5
a 160 764 0 46 1
a 160 949 0 18 4
a 162 969 0 46 9
a 162 605 0 6 7
a 164 443 0 46 3
a 164 949 0 34 6
a 165 649 0 46 4
a 165 673 0 12 7
a 166 153 0 46 4
a 166 338 0 28 1
a 169 497 0 46 5
a 169 337 0 0 9
a 173 724 0 46 5
a 173 911 0 26 2
a 182 516 0 46 6
a 182 469 0 48 6
a 183 499 0 46 1
a 183 516 0 6 3
a 185 124 0 46 10
a 185 702 0 25 10
a 186 423 0 46 8
a 186 818 0 44 4
a 187 398 0 46 7
a 187 970 0 11 7
a 188 866 0 46 10
a 188 396 0 4 3
a 191 740 0 46 10
a 191 1000 0 24 8
a 192 671 0 46 7
a 192 857 0 7 5
a 193 472 0 46 10
a 193 453 0 15 4
a 194 617 0 46 8
a 194 177 0 9 5
a 196 245 0 46 5
a 196 438 0 44 9
a 197 690 0 46 8
a 197 765 0 20 6
a 200 706 0 46 9
a 200 120 0 8 9
a 201 346 0 46 2
a 201 757 0 40 6
a 203 708 0 46 2
a 203 643 0 42 8
a 204 750 0 46 3
a 204 889 0 11 5
a 207 554 0 46 4
a 207 746 0 14 1
a 211 40 0 46 8
a 211 290 0 15 6
a 212 774 0 46 6
a 212 630 0 26 9
a 215 504 0 46 4
a 215 541 0 22 9
a 216 964 0 46 7
a 216 455 0 49 2
a 217 237 0 46 4
a 217 305 0 30 3
a 218 594 0 46 4
a 218 744 0 10 2
a 219 105 0 46 9
a 219 751 0 27 10
a 221 278 0 46 8
a 221 616 0 30 1
a 224 247 0 46 8
a 224 191 0 42 2
a 226 387 0 46 1
a 226 42 0 16 5
a 229 118 0 46 5
a 229 887 0 27 1
a 231 418 0 46 7
a 231 382 0 1 8
a 234 765 0 46 4
a 234 161 0 48 4
a 235 655 0 46 3
a 235 820 0 1 4
a 236 835 0 46 2
a 236 506 0 5 7
a 237 929 0 46 4
a 237 909 0 37 6
a 238 910 0 46 9
a 238 370 0 49 10
a 239 585 0 46 2
a 239 373 0 36 1
a 240 299 0 46 3
a 240 285 0 30 6
a 242 395 0 46 2
a 242 747 0 22 8
a 243 73 0 46 3
a 243 34 0 40 7
a 244 525 0 46 5
a 244 45 0 22 4
a 245 157 0 46 10
a 245 919 0 45 5
a 247 953 0 46 9
a 247 552 0 31 5
a 248 215 0 46 6
a 248 130 0 7 6
a 249 914 0 46 1
a 249 835 0 16 4
a 252 415 0 46 5
a 252 36 0 16 6
a 253 999 0 46 3
a 253 605 0 50 3
a 255 771 0 46 5
a 255 772 0 5 2
a 259 317 0 46 6
a 259 918 0 50 4
a 261 795 0 46 9
a 261 848 0 37 8
a 264 216 0 46 7
a 264 537 0 13 9
a 265 862 0 46 3
a 265 781 0 49 9
a 266 680 0 46 1
a 266 891 0 45 7
a 267 115 0 46 10
a 267 1000 0 19 7
a 268 9 0 46 10
a 268 279 0 20 4
a 270 212 0 46 6
a 270 139 0 45 2
a 271 868 0 46 10
a 271 810 0 34 7
a 273 815 0 46 4
a 273 868 0 43 7
a 278 701 0 46 10
a 278 987 0 24 10
a 279 224 0 46 9
a 279 777 0 48 3
a 283 857 0 46 5
a 283 867 0 7 10
a 285 74 0 46 5
a 285 537 0 48 8
a 286 845 0 46 10
a 286 101 0 36 8
a 287 32 0 46 7
a 287 983 0 0 7
a 288 253 0 46 7
a 288 176 0 41 8
a 290 363 0 46 3
a 290 952 0 41 1
a 294 431 0 46 9
a 294 331 0 23 4
a 296 226 0 46 1
a 296 869 0 31 6
a 297 513 0 46 4
a 297 520 0 18 4
a 299 219 0 46 2
a 299 176 0 49 7
a 302 107 0 46 6
a 302 796 0 12 9
a 304 325 0 46 7
a 304 825 0 35 9
a 305 404 0 46 9
a 305 245 0 20 2
a 306 788 0 46 5
a 306 608 0 5 5
a 307 754 0 46 2
a 307 700 0 27 4
a 309 695 0 46 6
a 309 171 0 12 4
a 311 928 0 46 8
a 311 491 0 47 6
a 314 692 0 46 9
a 314 547 0 17 10
a 315 647 0 46 9
a 315 979 0 43 4
a 317 951 0 46 4
a 317 795 0 4 7
a 318 571 0 46 10
a 318 75 0 3 2
a 325 265 0 46 1
a 325 387 0 17 7
a 331 917 0 46 10
a 331 387 0 36 3
a 334 201 0 46 6
a 334 156 0 37 9
a 337 164 0 46 4
a 337 420 0 40 5
a 338 810 0 46 3
a 338 862 0 1 2
a 339 285 0 46 8
a 339 576 0 27 5
a 340 94 0 46 9
a 340 129 0 30 3
a 346 927 0 46 4
a 346 256 0 5 9
a 353 370 0 46 2
a 353 704 0 47 6
a 355 932 0 46 1
a 355 852 0 47 8
a 356 678 0 46 3
a 356 387 0 13 6
a 359 371 0 46 9
a 359 247 0 15 5
a 362 640 0 46 10
a 362 21 0 17 3
a 363 16 0 46 3
a 363 149 0 4 9
a 366 596 0 46 4
a 366 889 0 4 3
a 368 723 0 46 2
a 368 961 0 6 3
a 370 426 0 46 7
a 370 648 0 20 2
a 371 355 0 46 5
a 371 69 0 44 6
a 372 103 0 46 9
a 372 638 0 34 6
a 374 882 0 46 5
a 374 127 0 1 10
a 376 428 0 46 6
a 376 895 0 10 8
a 377 234 0 46 7
a 377 645 0 30 6
a 379 659 0 46 5
a 379 281 0 23 6
a 380 451 0 46 6
a 380 4 0 49 1
a 382 948 0 46 3
a 382 723 0 14 3
a 383 88 0 46 9
a 383 217 0 25 5
a 384 675 0 46 5
a 384 478 0 29 7
a 385 550 0 46 6
a 385 457 0 25 10
a 386 559 0 46 5
a 386 58 0 40 10
a 387 14 0 46 1
a 387 19 0 35 7
a 391 197 0 46 9
a 391 950 0 32 9
a 395 187 0 46 3
a 395 758 0 8 2
a 396 518 0 46 2
a 396 403 0 20 3
a 398 334 0 46 8
a 398 583 0 3 5
a 399 898 0 46 10
a 399 810 0 1 4
a 404 297 0 46 10
a 404 337 0 8 9
a 407 414 0 46 5
a 407 433 0 32 1
a 410 287 0 46 10
a 410 928 0 41 5
a 413 309 0 46 7
a 413 804 0 40 1
a 414 746 0 46 9
a 414 492 0 49 1
a 415 761 0 46 1
a 415 43 0 37 6
a 418 70 0 46 1
a 418 710 0 37 9
a 419 436 0 46 3
a 419 140 0 37 1
a 420 131 0 46 2
a 420 379 0 38 4
a 421 607 0 46 1
a 421 745 0 43 6
a 422 787 0 46 10
a 422 720 0 30 6
a 423 64 0 46 1
a 423 266 0 23 9
a 426 919 0 46 7
a 426 163 0 37 7
a 428 10 0 46 8
a 428 701 0 41 5
a 430 391 0 46 3
a 430 607 0 46 3
a 431 829 0 46 2
a 431 208 0 35 5
a 434 938 0 46 8
a 434 427 0 46 2
a 435 833 0 46 8
a 435 642 0 27 6
a 436 918 0 46 7
a 436 535 0 35 10
a 439 603 0 46 2
a 439 262 0 32 2
a 441 75 0 46 8
a 441 215 0 13 4
a 443 142 0 46 6
a 443 835 0 41 1
a 445 512 0 46 6
a 445 591 0 15 4
a 446 859 0 46 2
a 446 810 0 2 9
a 447 966 0 46 2
a 447 964 0 47 8
a 450 997 0 46 10
a 450 86 0 2 10
a 451 196 0 46 5
a 451 634 0 32 4
a 452 200 0 46 10
a 452 69 0 29 10
a 453 18 0 46 9
a 453 999 0 31 4
a 457 502 0 46 7
a 457 922 0 18 10
a 462 193 0 46 4
a 462 3 0 28 5
a 465 819 0 46 3
a 465 955 0 22 4
a 466 304 0 46 3
a 466 161 0 24 9
a 469 994 0 46 9
a 469 416 0 19 8
a 471 681 0 46 3
a 471 737 0 44 3
a 472 992 0 46 2
a 472 549 0 33 5
a 474 192 0 46 2
a 474 740 0 22 6
a 476 290 0 46 5
a 476 57 0 25 7
a 485 283 0 46 8
a 485 903 0 1 8
a 486 563 0 46 5
a 486 582 0 0 9
a 487 452 0 46 7
a 487 200 0 14 9
a 489 958 0 46 8
a 489 191 0 20 7
a 494 476 0 46 2
a 494 80 0 36 1
a 497 677 0 46 5
a 497 131 0 2 9
a 499 885 0 46 3
a 499 736 0 27 5
a 500 832 0 46 7
a 500 785 0 11 4
a 502 805 0 46 5
a 502 488 0 30 3
a 504 211 0 46 1
a 504 922 0 9 2
a 505 306 0 46 3
a 505 220 0 16 3
a 507 305 0 46 1
a 507 184 0 31 8
a 510 995 0 46 10
a 510 937 0 48 3
a 512 434 0 46 8
a 512 282 0 44 4
a 513 120 0 46 4
a 513 460 0 18 1
a 515 784 0 46 2
a 515 860 0 28 10
a 516 149 0 46 4
a 516 184 0 18 2
a 517 50 0 46 4
a 517 324 0 36 1
a 518 709 0 46 6
a 518 199 0 15 2
a 523 628 0 46 4
a 523 39 0 34 10
a 525 255 0 46 6
a 525 979 0 33 1
a 528 510 0 46 1
a 528 277 0 47 8
a 529 379 0 46 9
a 529 373 0 31 9
a 530 356 0 46 10
a 530 628 0 16 2
a 532 439 0 46 7
a 532 721 0 1 7
a 535 6 0 46 6
a 535 975 0 34 1
a 540 466 0 46 9
a 540 300 0 45 5
a 547 517 0 46 8
a 547 672 0 17 3
a 549 794 0 46 1
a 549 483 0 39 8
a 550 734 0 46 3
a 550 486 0 1 2
a 553 413 0 46 8
a 553 991 0 49 2
a 554 453 0 46 5
a 554 898 0 2 4
a 559 945 0 46 6
a 559 871 0 13 9
a 561 399 0 46 5
a 561 21 0 48 10
a 563 236 0 46 10
a 563 860 0 7 7
a 571 959 0 46 5
a 571 406 0 7 1
a 572 445 0 46 7
a 572 155 0 20 2
a 573 93 0 46 6
a 573 318 0 45 9
a 578 420 0 46 7
a 578 559 0 10 3
a 580 697 0 46 4
a 580 638 0 0 5
a 581 221 0 46 2
a 581 39 0 14 6
a 585 811 0 46 4
a 585 183 0 49 3
a 590 359 0 46 7
a 590 954 0 49 9
a 591 736 0 46 3
a 591 426 0 11 2
a 593 235 0 46 1
a 593 45 0 39 1
a 594 286 0 46 9
a 594 147 0 7 3
a 595 270 0 46 8
a 595 185 0 35 3
a 596 273 0 46 4
a 596 132 0 29 4
a 597 135 0 46 1
a 597 373 0 31 3
a 602 852 0 46 2
a 602 588 0 5 5
a 603 271 0 46 1
a 603 949 0 41 3
a 605 45 0 46 8
a 605 542 0 18 10
a 606 315 0 46 7
a 606 619 0 6 4
a 607 578 0 46 6
a 607 300 0 11 2
a 615 44 0 46 8
a 615 742 0 50 5
a 617 661 0 46 5
a 617 366 0 48 6
a 619 691 0 46 8
a 619 705 0 36 5
a 622 474 0 46 4
a 622 368 0 35 10
a 623 547 0 46 5
a 623 244 0 28 10
a 624 635 0 46 5
a 624 66 0 2 5
a 625 240 0 46 8
a 625 110 0 46 8
a 627 798 0 46 2
a 627 286 0 2 7
a 628 799 0 46 8
a 628 447 0 11 3
a 630 700 0 46 5
a 630 264 0 34 9
a 634 813 0 46 8
a 634 202 0 44 4
a 635 374 0 46 5
a 635 572 0 26 8
a 636 188 0 46 10
a 636 791 0 25 10
a 638 469 0 46 6
a 638 6 0 28 1
a 640 523 0 46 2
a 640 186 0 4 7
a 641 714 0 46 1
a 641 524 0 24 9
a 644 169 0 46 8
a 644 806 0 42 10
a 645 977 0 46 10
a 645 473 0 39 9
a 647 396 0 46 4
a 647 502 0 48 1
a 649 377 0 46 8
a 649 438 0 0 5
a 650 849 0 46 6
a 650 818 0 42 5
a 652 249 0 46 5
a 652 552 0 28 10
a 655 314 0 46 10
a 655 851 0 50 8
a 657 625 0 46 3
a 657 749 0 33 7
a 659 581 0 46 8
a 659 494 0 43 3
a 660 11 0 46 10
a 660 186 0 45 6
a 661 386 0 46 3
a 661 447 0 34 9
a 668 183 0 46 7
a 668 202 0 11 3
a 669 704 0 46 2
a 669 960 0 20 5
a 671 605 0 46 1
a 671 376 0 12 7
a 675 311 0 46 10
a 675 652 0 13 4
a 677 505 0 46 1
a 677 450 0 38 7
a 678 144 0 46 4
a 678 333 0 2 1
a 680 879 0 46 10
a 680 4 0 22 5
a 681 705 0 46 10
a 681 273 0 40 6
a 682 688 0 46 1
a 682 11 0 36 4
a 683 791 0 46 4
a 683 405 0 24 6
a 684 861 0 46 4
a 684 114 0 25 4
a 687 909 0 46 4
a 687 130 0 18 2
a 688 529 0 46 6
a 688 312 0 42 9
a 690 622 0 46 7
a 690 189 0 39 3
a 691 112 0 46 3
a 691 26 0 50 5
a 692 441 0 46 5
a 692 475 0 26 4
a 694 792 0 46 6
a 694 32 0 33 7
a 695 684 0 46 5
a 695 783 0 49 8
a 697 780 0 46 3
a 697 287 0 23 9
a 698 380 0 46 5
a 698 443 0 20 2
a 700 730 0 46 7
a 700 301 0 18 3
a 701 485 0 46 3
a 701 867 0 3 9
a 704 741 0 46 3
a 704 881 0 4 10
a 705 248 0 46 10
a 705 484 0 19 6
a 706 535 0 46 5
a 706 212 0 35 7
a 707 203 0 46 4
a 707 795 0 28 8
a 708 279 0 46 3
a 708 117 0 30 8
a 709 627 0 46 8
a 709 974 0 19 7
a 712 812 0 46 5
a 712 339 0 6 10
a 713 238 0 46 10
a 713 797 0 8 8
a 714 727 0 46 7
a 714 132 0 36 4
a 716 776 0 46 10
a 716 616 0 48 10
a 717 863 0 46 1
a 717 344 0 31 7
a 718 239 0 46 8
a 718 692 0 8 6
a 723 140 0 46 2
a 723 284 0 34 1
a 724 985 0 46 6
a 724 494 0 47 5
a 727 687 0 46 8
a 727 42 0 43 2
a 730 82 0 46 6
a 730 816 0 47 8
a 734 540 0 46 1
a 734 78 0 30 9
a 736 194 0 46 1
a 736 730 0 43 6
a 738 338 0 46 8
a 738 777 0 29 2
a 740 887 0 46 7
a 740 223 0 17 4
a 741 890 0 46 3
a 741 343 0 0 10
a 742 993 0 46 2
a 742 382 0 23 2
a 746 20 0 46 1
a 746 867 0 18 3
a 747 742 0 46 9
a 747 361 0 11 10
a 748 926 0 46 9
a 748 845 0 21 3
a 750 307 0 46 9
a 750 423 0 36 1
a 754 87 0 46 4
a 754 608 0 8 10
a 757 368 0 46 3
a 757 714 0 31 9
a 759 337 0 46 9
a 759 688 0 17 3
a 760 591 0 46 5
a 760 707 0 38 3
a 761 808 0 46 6
a 761 102 0 47 3
a 762 487 0 46 5
a 762 16 0 49 10
a 764 593 0 46 2
a 764 131 0 28 5
a 765 111 0 46 8
a 765 949 0 44 3
a 766 302 0 46 9
a 766 143 0 20 8
a 770 143 0 46 8
a 770 841 0 22 8
a 771 572 0 46 1
a 771 179 0 4 6
a 774 185 0 46 8
a 774 117 0 47 2
a 775 515 0 46 6
a 775 496 0 47 2
a 776 942 0 46 1
a 776 854 0 36 9
a 779 943 0 46 10
a 779 115 0 36 9
a 780 825 0 46 5
a 780 174 0 45 8
a 784 182 0 46 1
a 784 212 0 38 4
a 787 630 0 46 7
a 787 367 0 27 4
a 788 775 0 46 2
a 788 188 0 12 8
a 789 553 0 46 7
a 789 780 0 14 3
a 791 561 0 46 4
a 791 545 0 38 4
a 792 893 0 46 10
a 792 756 0 3 9
a 793 650 0 46 4
a 793 892 0 31 3
a 794 243 0 46 9
a 794 64 0 34 9
a 795 716 0 46 10
a 795 433 0 22 6
a 798 372 0 46 10
a 798 275 0 26 2
a 799 486 0 46 3
a 799 463 0 30 7
a 805 814 0 46 1
a 805 806 0 1 10
a 807 259 0 46 10
a 807 377 0 31 1
a 808 362 0 46 9
a 808 337 0 42 3
a 810 615 0 46 6
a 810 795 0 34 8
a 811 931 0 46 8
a 811 424 0 29 5
a 812 641 0 46 8
a 812 881 0 11 5
a 813 748 0 46 9
a 813 478 0 41 1
a 814 507 0 46 5
a 814 94 0 32 3
a 815 901 0 46 3
a 815 638 0 48 1
a 819 807 0 46 4
a 819 152 0 48 9
a 820 590 0 46 9
a 820 682 0 32 8
a 821 841 0 46 7
a 821 356 0 30 2
a 824 465 0 46 9
a 824 678 0 6 4
a 825 747 0 46 10
a 825 289 0 7 4
a 827 549 0 46 6
a 827 221 0 37 4
a 829 204 0 46 7
a 829 623 0 33 9
a 831 602 0 46 4
a 831 872 0 27 7
a 832 936 0 46 10
a 832 294 0 4 2
a 833 827 0 46 1
a 833 966 0 17 9
a 835 339 0 46 9
a 835 973 0 47 3
a 839 252 0 46 7
a 839 159 0 49 3
a 841 766 0 46 6
a 841 40 0 42 10
a 845 383 0 46 1
a 845 210 0 37 1
a 847 956 0 46 1
a 847 266 0 49 7
a 848 421 0 46 2
a 848 188 0 21 1
a 849 652 0 46 4
a 849 210 0 37 10
a 851 99 0 46 6
a 851 248 0 12 7
a 852 989 0 46 6
a 852 542 0 37 1
a 855 217 0 46 1
a 855 139 0 39 10
a 857 973 0 46 8
a 857 42 0 32 7
a 859 528 0 46 8
a 859 196 0 24 10
a 861 974 0 46 5
a 861 441 0 19 7
a 862 660 0 46 2
a 862 899 0 34 5
a 863 471 0 46 4
a 863 993 0 20 3
a 866 963 0 46 5
a 866 41 0 8 10
a 868 155 0 46 1
a 868 741 0 11 1
a 874 855 0 46 3
a 874 964 0 7 3
a 877 47 0 46 8
a 877 336 0 48 10
a 879 207 0 46 9
a 879 139 0 40 4
a 882 962 0 46 9
a 882 940 0 19 9
a 885 896 0 46 4
a 885 713 0 31 8
a 887 446 0 46 7
a 887 65 0 30 4
a 890 847 0 46 5
a 890 190 0 15 7
a 893 261 0 46 3
a 893 499 0 7 1
a 896 447 0 46 3
a 896 640 0 26 4
a 898 457 0 46 7
a 898 328 0 16 6
a 900 62 0 46 5
a 900 955 0 48 2
a 901 905 0 46 4
a 901 649 0 12 7
a 905 385 0 46 7
a 905 771 0 14 4
a 906 31 0 46 3
a 906 253 0 29 4
a 907 638 0 46 4
a 907 682 0 22 6
a 909 384 0 46 8
a 909 867 0 8 7
a 910 28 0 46 9
a 910 6 0 34 10
a 911 996 0 46 9
a 911 891 0 42 10
a 914 831 0 46 6
a 914 822 0 2 9
a 915 738 0 46 4
a 915 643 0 21 7
a 917 793 0 46 10
a 917 951 0 30 2
a 918 981 0 46 1
a 918 810 0 4 1
a 919 824 0 46 7
a 919 525 0 41 7
a 924 770 0 46 5
a 924 545 0 42 5
a 926 762 0 46 3
a 926 928 0 29 5
a 927 30 0 46 9
a 927 411 0 40 8
a 928 21 0 46 5
a 928 626 0 36 10
a 929 407 0 46 6
a 929 973 0 36 1
a 931 698 0 46 7
a 931 340 0 20 9
a 932 595 0 46 8
a 932 684 0 33 8
a 936 191 0 46 4
a 936 401 0 24 3
a 937 366 0 46 3
a 937 377 0 29 4
a 938 113 0 46 7
a 938 822 0 39 2
a 941 911 0 46 5
a 941 565 0 5 8
a 942 156 0 46 1
a 942 251 0 0 7
a 943 682 0 46 4
a 943 819 0 15 9
a 945 410 0 46 7
a 945 979 0 20 7
a 946 848 0 46 8
a 946 485 0 47 6
a 948 851 0 46 9
a 948 613 0 38 8
a 951 173 0 46 5
a 951 572 0 19 2
a 953 900 0 46 6
a 953 358 0 0 10
a 956 7 0 46 5
a 956 733 0 14 7
a 957 134 0 46 10
a 957 932 0 33 3
a 958 353 0 46 4
a 958 291 0 10 7
a 959 623 0 46 8
a 959 480 0 44 4
a 962 500 0 46 5
a 962 879 0 3 9
a 963 231 0 46 6
a 963 58 0 9 4
a 964 29 0 46 1
a 964 308 0 46 10
a 966 116 0 46 7
a 966 331 0 10 10
a 969 821 0 46 9
a 969 218 0 38 2
a 973 619 0 46 2
a 973 910 0 18 3
a 974 759 0 46 3
a 974 198 0 48 4
a 977 340 0 46 4
a 977 295 0 15 10
a 981 86 0 46 4
a 981 782 0 26 10
a 982 957 0 46 4
a 982 28 0 27 10
a 985 877 0 46 2
a 985 895 0 47 2
a 989 644 0 46 4
a 989 418 0 22 2
a 991 760 0 46 10
a 991 123 0 10 9
a 992 494 0 46 9
a 992 11 0 3 7
a 993 186 0 46 1
a 993 972 0 29 8
a 994 624 0 46 1
a 994 235 0 43 6
a 995 331 0 46 6
a 995 538 0 26 4
a 996 435 0 46 4
a 996 733 0 17 10
a 997 636 0 46 1
a 997 481 0 48 3
a 2 84 0 4 4
a 2 210 0 46 5
a 3 323 0 4 8
a 3 509 0 23 2
a 4 648 0 4 10
a 4 915 0 49 6
a 5 133 0 4 6
a 5 263 0 17 6
a 8 895 0 4 2
a 8 856 0 48 1
a 15 663 0 4 9
a 15 998 0 34 2
a 17 651 0 4 2
a 17 92 0 39 7
a 22 181 0 4 7
a 22 192 0 37 10
a 23 449 0 4 9
a 23 10 0 37 1
a 24 616 0 4 10
a 24 471 0 5 5
a 26 335 0 4 10
a 26 697 0 10 7
a 27 579 0 4 7
a 27 276 0 24 9
a 33 37 0 4 2
a 33 284 0 11 5
a 34 592 0 4 10
a 34 918 0 33 6
a 35 618 0 4 2
a 35 910 0 39 1
a 37 34 0 4 5
a 37 403 0 30 6
a 38 168 0 4 1
a 38 253 0 27 1
a 39 611 0 4 10
a 39 541 0 43 1
a 41 68 0 4 4
a 41 471 0 37 7
a 42 875 0 4 8
a 42 770 0 19 10
a 46 293 0 4 7
a 46 99 0 39 6
a 48 459 0 4 10
a 48 338 0 25 7
a 51 743 0 4 10
a 51 810 0 23 5
a 52 345 0 4 2
a 52 427 0 46 8
a 53 184 0 4 3
a 53 926 0 0 8
a 54 728 0 4 4
a 54 331 0 13 10
a 55 804 0 4 2
a 55 722 0 24 7
a 57 232 0 4 8
a 57 146 0 6 9
a 58 313 0 4 8
a 58 642 0 29 3
a 59 696 0 4 3
a 59 285 0 27 6
a 60 437 0 4 6
a 60 736 0 30 3
a 61 551 0 4 1
a 61 341 0 33 7
a 63 403 0 4 6
a 63 728 0 29 10
a 65 333 0 4 9
a 65 442 0 35 8
a 66 790 0 4 5
a 66 394 0 8 1
a 67 589 0 4 1
a 67 438 0 41 8
a 68 292 0 4 2
a 68 286 0 13 3
a 69 719 0 4 8
a 69 695 0 4 2
a 71 884 0 4 10
a 71 468 0 44 2
a 72 61 0 4 8
a 72 968 0 14 2
a 76 711 0 4 6
a 76 413 0 4 3
a 77 411 0 4 3
a 77 521 0 24 2
a 78 136 0 4 1
a 78 205 0 30 4
a 79 126 0 4 1
a 79 625 0 5 1
a 80 274 0 4 5
a 80 598 0 45 9
a 81 488 0 4 4
a 81 408 0 46 3
a 83 870 0 4 6
a 83 503 0 22 4
a 84 925 0 4 5
a 84 69 0 7 10
a 85 899 0 4 2
a 85 570 0 16 9
a 89 483 0 4 3
a 89 946 0 37 4
a 90 55 0 4 10
a 90 594 0 1 9
a 91 300 0 4 2
a 91 305 0 38 2
a 92 912 0 4 10
a 92 436 0 38 8
a 95 732 0 4 10
a 95 729 0 10 2
a 96 783 0 4 1
a 96 961 0 38 6
a 97 214 0 4 3
a 97 440 0 39 8
a 100 230 0 4 10
a 100 102 0 16 3
a 101 51 0 4 2
a 101 750 0 39 2
a 102 542 0 4 6
a 102 573 0 12 2
a 104 934 0 4 3
a 104 700 0 15 6
a 108 872 0 4 6
a 108 608 0 38 4
a 110 858 0 4 1
a 110 223 0 49 5
a 114 275 0 4 10
a 114 254 0 34 2
a 117 392 0 4 1
a 117 97 0 1 3
a 119 952 0 4 3
a 119 383 0 33 9
a 121 361 0 4 6
a 121 846 0 43 2
a 122 828 0 4 3
a 122 973 0 48 5
a 123 280 0 4 10
a 123 674 0 50 3
a 125 256 0 4 10
a 125 340 0 14 7
a 126 782 0 4 5
a 126 672 0 7 7
a 127 886 0 4 10
a 127 788 0 30 2
a 128 737 0 4 10
a 128 380 0 3 7
a 129 539 0 4 3
a 129 151 0 5 3
a 130 284 0 4 8
a 130 897 0 18 8
a 132 41 0 4 3
a 132 392 0 48 7
a 133 470 0 4 6
a 133 440 0 35 9
a 136 490 0 4 5
a 136 485 0 8 7
a 137 521 0 4 10
a 137 268 0 27 10
a 138 167 0 4 2
a 138 356 0 42 4
a 141 834 0 4 9
a 141 652 0 35 6
a 145 48 0 4 2
a 145 491 0 21 8
a 146 889 0 4 2
a 146 353 0 50 7
a 147 354 0 4 5
a 147 777 0 43 4
a 148 321 0 4 3
a 148 191 0 16 2
a 151 818 0 4 3
a 151 230 0 33 3
a 152 277 0 4 6
a 152 212 0 12 2
a 158 850 0 4 6
a 158 980 0 37 3
a 159 365 0 4 6
a 159 701 0 0 10
a 161 442 0 4 8
a 161 980 0 43 6
a 163 78 0 4 2
a 163 18 0 48 9
a 167 972 0 4 9
a 167 977 0 11 2
a 168 228 0 4 6
a 168 136 0 28 5
a 170 349 0 4 5
a 170 375 0 6 7
a 171 330 0 4 10
a 171 444 0 1 2
a 172 582 0 4 4
a 172 216 0 27 2
a 174 17 0 4 1
a 174 729 0 11 5
a 175 503 0 4 8
a 175 612 0 30 5
a 176 543 0 4 5
a 176 779 0 1 8
a 177 853 0 4 5
a 177 173 0 3 9
a 178 233 0 4 1
a 178 567 0 5 9
a 179 39 0 4 1
a 179 266 0 42 8
a 180 729 0 4 7
a 180 76 0 42 3
a 181 633 0 4 10
a 181 962 0 3 3
a 184 312 0 4 3
a 184 694 0 48 9
a 189 329 0 4 7
a 189 622 0 8 1
a 190 796 0 4 10
a 190 271 0 11 6
a 195 281 0 4 3
a 195 831 0 8 2
a 198 71 0 4 6
a 198 362 0 34 8
a 199 276 0 4 10
a 199 595 0 35 1
a 202 433 0 4 8
a 202 282 0 9 7
a 205 100 0 4 8
a 205 571 0 16 9
a 206 908 0 4 8
a 206 246 0 28 8
a 208 3 0 4 10
a 208 995 0 34 10
a 209 137 0 4 6
a 209 827 0 37 7
a 210 534 0 4 3
a 210 314 0 2 7
a 213 375 0 4 1
a 213 70 0 38 10
a 214 101 0 4 3
a 214 543 0 25 1
a 220 327 0 4 10
a 220 80 0 21 3
a 222 846 0 4 2
a 222 24 0 27 6
a 223 509 0 4 2
a 223 466 0 7 2
a 225 308 0 4 4
a 225 384 0 2 4
a 227 988 0 4 10
a 227 5 0 38 1
a 228 448 0 4 9
a 228 949 0 1 5
a 230 341 0 4 4
a 230 942 0 8 9
a 232 147 0 4 6
a 232 164 0 48 4
a 233 990 0 4 2
a 233 362 0 6 8
a 241 8 0 4 7
a 241 17 0 17 4
a 246 642 0 4 10
a 246 820 0 13 4
a 250 631 0 4 3
a 250 993 0 3 3
a 251 400 0 4 9
a 251 373 0 28 4
a 254 577 0 4 3
a 254 504 0 14 10
a 256 654 0 4 7
a 256 841 0 26 7
a 257 769 0 4 7
a 257 686 0 29 6
a 258 357 0 4 8
a 258 7 0 39 7
a 260 250 0 4 3
a 260 830 0 19 10
a 262 388 0 4 10
a 262 780 0 43 3
a 263 976 0 4 10
a 263 355 0 45 8
a 269 498 0 4 6
a 269 218 0 37 5
a 272 556 0 4 5
a 272 701 0 5 3
a 274 983 0 4 1
a 274 724 0 27 10
a 275 726 0 4 1
a 275 449 0 6 8
a 276 4 0 4 9
a 276 31 0 47 5
a 277 405 0 4 4
a 277 384 0 4 10
a 280 555 0 4 9
a 280 266 0 26 5
a 281 978 0 4 9
a 281 766 0 39 1
a 282 223 0 4 9
a 282 324 0 11 8
a 284 686 0 4 8
a 284 754 0 19 5
a 289 161 0 4 9
a 289 299 0 10 3
a 291 939 0 4 7
a 291 587 0 9 8
a 292 881 0 4 9
a 292 511 0 8 5
a 293 119 0 4 1
a 293 791 0 2 10
a 295 408 0 4 9
a 295 92 0 33 10
a 298 416 0 4 4
a 298 865 0 18 8
a 300 685 0 4 5
a 300 854 0 10 10
a 301 837 0 4 9
a 301 815 0 33 5
a 303 22 0 4 10
a 303 112 0 50 7
a 308 467 0 4 10
a 308 958 0 47 9
a 310 406 0 4 2
a 310 3 0 46 3
a 312 658 0 4 8
a 312 431 0 19 9
a 313 90 0 4 10
a 313 416 0 16 8
a 316 480 0 4 2
a 316 426 0 49 8
a 319 749 0 4 2
a 319 173 0 14 9
a 320 178 0 4 6
a 320 447 0 30 8
a 321 222 0 4 10
a 321 622 0 9 7
a 322 158 0 4 1
a 322 878 0 5 5
a 323 552 0 4 5
a 323 616 0 41 3
a 324 588 0 4 3
a 324 479 0 9 6
a 326 537 0 4 4
a 326 429 0 21 7
a 327 117 0 4 9
a 327 631 0 40 10
a 328 493 0 4 1
a 328 130 0 26 8
a 329 344 0 4 2
a 329 165 0 10 5
a 330 390 0 4 7
a 330 855 0 5 4
a 332 303 0 4 8
a 332 829 0 29 7
a 333 800 0 4 1
a 333 367 0 47 4
a 335 170 0 4 2
a 335 789 0 30 1
a 336 998 0 4 7
a 336 902 0 50 7
a 341 566 0 4 3
a 341 58 0 24 8
a 342 527 0 4 10
a 342 879 0 13 5
a 343 781 0 4 9
a 343 213 0 20 8
a 344 269 0 4 3
a 344 36 0 6 7
a 345 121 0 4 10
a 345 813 0 19 2
a 347 975 0 4 2
a 347 85 0 48 1
a 348 609 0 4 3
a 348 357 0 44 9
a 349 96 0 4 9
a 349 65 0 31 8
a 350 613 0 4 4
a 350 36 0 49 8
a 351 57 0 4 9
a 351 120 0 8 9
a 352 574 0 4 5
a 352 149 0 47 6
a 354 132 0 4 5
a 354 686 0 0 8
a 357 531 0 4 3
a 357 901 0 31 10
a 358 519 0 4 2
a 358 923 0 15 4
a 360 95 0 4 9
a 360 915 0 50 8
a 361 66 0 4 7
a 361 294 0 43 2
a 364 817 0 4 10
a 364 973 0 41 6
a 365 473 0 4 4
a 365 402 0 24 1
a 367 482 0 4 5
a 367 166 0 47 8
a 369 35 0 4 7
a 369 827 0 12 7
a 373 104 0 4 4
a 373 665 0 29 7
a 375 745 0 4 5
a 375 348 0 32 3
a 378 785 0 4 1
a 378 578 0 47 10
a 381 960 0 4 8
a 381 799 0 22 5
a 388 620 0 4 6
a 388 776 0 37 2
a 389 5 0 4 5
a 389 494 0 22 3
a 390 568 0 4 9
a 390 685 0 15 3
a 392 159 0 4 3
a 392 394 0 22 1
a 393 65 0 4 4
a 393 721 0 33 7
a 394 272 0 4 1
a 394 121 0 4 2
a 397 291 0 4 5
a 397 273 0 33 5
a 400 175 0 4 6
a 400 980 0 36 9
a 401 947 0 4 5
a 401 865 0 34 5
a 402 260 0 4 2
a 402 996 0 44 1
a 403 163 0 4 10
a 403 980 0 44 8
a 405 637 0 4 2
a 405 656 0 35 3
a 406 844 0 4 6
a 406 692 0 18 4
a 408 130 0 4 1
a 408 542 0 20 2
a 409 282 0 4 1
a 409 640 0 15 2
a 411 584 0 4 6
a 411 304 0 50 6
a 412 89 0 4 1
a 412 880 0 26 9
a 416 401 0 4 4
a 416 931 0 1 8
a 417 955 0 4 10
a 417 414 0 47 7
a 424 320 0 4 9
a 424 483 0 34 6
a 425 756 0 4 6
a 425 82 0 47 8
a 427 856 0 4 4
a 427 518 0 17 3
a 429 63 0 4 3
a 429 346 0 28 7
a 432 110 0 4 7
a 432 492 0 17 4
a 433 752 0 4 10
a 433 907 0 40 3
a 437 24 0 4 9
a 437 717 0 13 4
a 438 198 0 4 1
a 438 605 0 3 1
a 440 67 0 4 1
a 440 804 0 15 4
a 442 393 0 4 3
a 442 266 0 16 6
a 444 954 0 4 9
a 444 304 0 36 4
a 448 484 0 4 6
a 448 537 0 7 6
a 449 127 0 4 7
a 449 327 0 21 5
a 454 767 0 4 3
a 454 524 0 47 6
a 455 319 0 4 2
a 455 789 0 24 8
a 456 108 0 4 6
a 456 322 0 40 10
a 458 676 0 4 8
a 458 887 0 32 9
a 459 569 0 4 6
a 459 850 0 39 1
a 460 125 0 4 7
a 460 211 0 1 7
a 461 560 0 4 6
a 461 367 0 2 8
a 463 935 0 4 3
a 463 78 0 39 1
a 464 514 0 4 2
a 464 963 0 15 4
a 467 673 0 4 9
a 467 503 0 7 10
a 468 544 0 4 8
a 468 520 0 12 10
a 470 343 0 4 5
a 470 128 0 31 7
a 473 599 0 4 10
a 473 688 0 1 7
a 475 508 0 4 6
a 475 299 0 42 7
a 477 612 0 4 6
a 477 351 0 30 5
a 478 733 0 4 5
a 478 620 0 38 2
a 479 176 0 4 5
a 479 41 0 2 7
a 480 867 0 4 9
a 480 406 0 47 1
a 481 76 0 4 9
a 481 476 0 26 7
a 482 324 0 4 6
a 482 678 0 20 2
a 483 463 0 4 4
a 483 519 0 47 6
a 484 786 0 4 3
a 484 304 0 44 5
a 488 27 0 4 10
a 488 589 0 37 4
a 490 586 0 4 7
a 490 94 0 23 8
a 491 138 0 4 2
a 491 941 0 24 3
a 492 367 0 4 3
a 492 560 0 43 5
a 493 797 0 4 9
a 493 123 0 22 1
a 495 227 0 4 1
a 495 179 0 10 6
a 496 26 0 4 9
a 496 281 0 18 7
a 498 891 0 4 6
a 498 355 0 38 6
a 501 576 0 4 8
a 501 628 0 48 9
a 503 491 0 4 3
a 503 577 0 11 4
a 506 350 0 4 1
a 506 383 0 49 4
a 508 77 0 4 3
a 508 795 0 16 2
a 509 979 0 4 7
a 509 352 0 22 10
a 511 402 0 4 4
a 511 298 0 22 1
a 514 545 0 4 4
a 514 508 0 50 3
a 519 80 0 4 4
a 519 193 0 34 9
a 520 464 0 4 1
a 520 454 0 22 2
a 521 643 0 4 3
a 521 948 0 27 10
a 522 944 0 4 3
a 522 885 0 45 2
a 524 575 0 4 6
a 524 118 0 46 8
a 526 332 0 4 2
a 526 328 0 37 2
a 527 496 0 4 7
a 527 777 0 9 3
a 531 46 0 4 2
a 531 61 0 47 6
a 533 894 0 4 4
a 533 460 0 34 5
a 534 455 0 4 1
a 534 957 0 25 1
a 536 865 0 4 5
a 536 42 0 47 9
a 537 968 0 4 6
a 537 973 0 19 7
a 538 558 0 4 6
a 538 324 0 18 7
a 539 141 0 4 8
a 539 803 0 16 6
a 541 501 0 4 6
a 541 256 0 46 9
a 542 424 0 4 3
a 542 171 0 1 8
a 543 152 0 4 10
a 543 924 0 43 8
a 544 440 0 4 7
a 544 495 0 26 10
a 545 397 0 4 4
a 545 115 0 47 2
a 546 626 0 4 6
a 546 861 0 28 1
a 548 843 0 4 8
a 548 275 0 40 5
a 551 506 0 4 9
a 551 66 0 30 7
a 552 347 0 4 3
a 552 344 0 30 10
a 555 565 0 4 9
a 555 698 0 19 4
a 556 897 0 4 3
a 556 529 0 42 6
a 557 409 0 4 9
a 557 399 0 34 8
a 558 665 0 4 6
a 558 930 0 47 8
a 560 174 0 4 3
a 560 891 0 23 4
a 562 903 0 4 4
a 562 502 0 1 9
a 564 546 0 4 2
a 564 257 0 31 2
a 565 823 0 4 3
a 565 514 0 21 7
a 566 348 0 4 3
a 566 955 0 44 6
a 567 91 0 4 7
a 567 987 0 38 8
a 568 263 0 4 5
a 568 867 0 7 2
a 569 389 0 4 8
a 569 241 0 30 6
a 570 710 0 4 1
a 570 845 0 6 9
a 574 666 0 4 5
a 574 643 0 45 5
a 575 689 0 4 3
a 575 606 0 42 6
a 576 940 0 4 2
a 576 954 0 49 5
a 577 189 0 4 7
a 577 391 0 25 10
a 579 656 0 4 8
a 579 792 0 22 6
a 582 492 0 4 1
a 582 592 0 39 1
a 583 114 0 4 8
a 583 886 0 19 4
a 584 772 0 4 5
a 584 318 0 15 5
a 586 145 0 4 8
a 586 298 0 27 5
a 587 54 0 4 6
a 587 415 0 36 10
a 588 295 0 4 10
a 588 549 0 47 6
a 589 199 0 4 2
a 589 68 0 49 7
a 592 621 0 4 6
a 592 946 0 35 3
a 598 79 0 4 9
a 598 990 0 41 2
a 599 538 0 4 2
a 599 731 0 12 6
a 600 842 0 4 3
a 600 933 0 44 7
a 601 378 0 4 3
a 601 275 0 4 5
a 604 725 0 4 6
a 604 315 0 41 7
a 608 209 0 4 5
a 608 571 0 42 10
a 609 869 0 4 10
a 609 572 0 2 4
a 610 838 0 4 1
a 610 505 0 17 3
a 611 241 0 4 2
a 611 489 0 49 3
a 612 148 0 4 5
a 612 328 0 32 9
a 613 984 0 4 8
a 613 596 0 40 9
a 614 980 0 4 9
a 614 267 0 24 2
a 616 902 0 4 8
a 616 957 0 8 5
a 618 604 0 4 1
a 618 413 0 22 7
a 620 351 0 4 2
a 620 778 0 23 9
a 621 481 0 4 7
a 621 610 0 2 4
a 626 987 0 4 9
a 626 85 0 2 5
a 629 129 0 4 5
a 629 546 0 22 9
a 631 60 0 4 5
a 631 461 0 6 2
a 632 23 0 4 4
a 632 15 0 26 1
a 633 289 0 4 4
a 633 364 0 6 7
a 637 883 0 4 9
a 637 611 0 44 2
a 639 876 0 4 4
a 639 955 0 12 7
a 642 520 0 4 1
a 642 325 0 24 4
a 643 840 0 4 10
a 643 964 0 47 9
a 646 171 0 4 8
a 646 857 0 1 10
a 648 703 0 4 1
a 648 666 0 4 9
a 651 59 0 4 3
a 651 309 0 1 10
a 653 394 0 4 8
a 653 428 0 0 7
a 654 664 0 4 9
a 654 355 0 24 7
a 656 97 0 4 10
a 656 541 0 49 4
a 658 225 0 4 8
a 658 889 0 17 6
a 662 322 0 4 4
a 662 458 0 30 8
a 663 526 0 4 6
a 663 593 0 29 7
a 664 42 0 4 8
a 664 931 0 38 5
a 665 878 0 4 7
a 665 966 0 47 7
a 666 254 0 4 1
a 666 947 0 31 3
a 667 950 0 4 1
a 667 281 0 47 1
a 670 806 0 4 3
a 670 788 0 44 6
a 672 427 0 4 6
a 672 330 0 31 1
a 673 880 0 4 3
a 673 691 0 0 3
a 674 836 0 4 1
a 674 78 0 32 7
a 676 190 0 4 1
a 676 251 0 18 6
a 679 262 0 4 7
a 679 333 0 41 2
a 685 751 0 4 2
a 685 971 0 28 6
a 686 1000 0 4 3
a 686 888 0 4 7
a 689 610 0 4 7
a 689 490 0 0 7
a 693 970 0 4 4
a 693 295 0 27 2
a 696 639 0 4 1
a 696 418 0 50 2
a 699 860 0 4 2
a 699 622 0 50 5
a 702 548 0 4 3
a 702 457 0 1 7
a 703 801 0 4 8
a 703 831 0 17 2
a 710 524 0 4 1
a 710 977 0 19 4
a 711 310 0 4 2
a 711 226 0 26 9
a 715 202 0 4 9
a 715 5 0 11 3
a 719 933 0 4 10
a 719 251 0 38 10
a 720 871 0 4 5
a 720 840 0 30 6
a 721 417 0 4 2
a 721 184 0 46 6
a 722 425 0 4 9
a 722 567 0 8 5
a 725 662 0 4 9
a 725 567 0 28 10
a 726 986 0 4 8
a 726 308 0 29 10
a 728 533 0 4 4
a 728 160 0 30 2
a 729 971 0 4 9
a 729 663 0 22 9
a 731 83 0 4 2
a 731 76 0 48 2
a 732 429 0 4 2
a 732 221 0 36 5
a 733 562 0 4 9
a 733 833 0 22 10
a 735 809 0 4 7
a 735 71 0 1 4
a 737 693 0 4 6
a 737 491 0 0 2
a 739 33 0 4 4
a 739 115 0 29 3
a 743 913 0 4 2
a 743 110 0 40 8
a 744 477 0 4 5
a 744 499 0 19 10
a 745 298 0 4 3
a 745 291 0 24 10
a 749 768 0 4 2
a 749 771 0 21 7
a 751 923 0 4 8
a 751 930 0 35 7
a 752 778 0 4 8
a 752 404 0 24 2
a 753 758 0 4 3
a 753 466 0 7 5
a 755 458 0 4 4
a 755 949 0 40 9
a 756 670 0 4 9
a 756 738 0 36 2
a 758 444 0 4 9
a 758 887 0 22 1
a 763 632 0 4 6
a 763 168 0 0 4
a 767 629 0 4 3
a 767 35 0 2 9
a 768 601 0 4 8
a 768 435 0 27 5
a 769 352 0 4 10
a 769 772 0 5 9
a 772 721 0 4 2
a 772 458 0 42 9
a 773 614 0 4 9
a 773 960 0 3 9
a 777 495 0 4 4
a 777 936 0 44 3
a 778 102 0 4 6
a 778 742 0 22 8
a 781 536 0 4 7
a 781 573 0 4 9
a 782 646 0 4 5
a 782 923 0 8 10
a 783 468 0 4 2
a 783 591 0 4 10
a 785 522 0 4 9
a 785 493 0 50 8
a 786 195 0 4 7
a 786 515 0 17 3
a 790 381 0 4 3
a 790 229 0 10 2
a 796 763 0 4 5
a 796 35 0 2 2
a 797 826 0 4 4
a 797 608 0 5 1
a 800 920 0 4 6
a 800 683 0 27 7
a 801 854 0 4 9
a 801 356 0 41 9
a 802 72 0 4 3
a 802 101 0 45 2
a 803 122 0 4 9
a 803 424 0 46 9
a 804 461 0 4 10
a 804 942 0 45 1
a 806 208 0 4 8
a 806 766 0 45 2
a 809 653 0 4 4
a 809 159 0 15 7
a 816 213 0 4 9
a 816 871 0 28 10
a 817 802 0 4 8
a 817 951 0 12 2
a 818 251 0 4 4
a 818 760 0 38 4
a 822 667 0 4 6
a 822 203 0 16 2
a 823 816 0 4 1
a 823 269 0 50 1
a 826 773 0 4 8
a 826 471 0 13 5
a 828 81 0 4 6
a 828 513 0 5 10
a 830 220 0 4 8
a 830 390 0 6 6
a 834 922 0 4 10
a 834 132 0 8 7
a 836 702 0 4 2
a 836 897 0 13 4
a 837 179 0 4 8
a 837 971 0 47 8
a 838 967 0 4 10
a 838 926 0 25 4
a 840 172 0 4 7
a 840 654 0 5 9
a 842 364 0 4 1
a 842 451 0 2 9
a 843 904 0 4 6
a 843 626 0 33 10
a 844 830 0 4 3
a 844 949 0 11 8
a 846 151 0 4 8
a 846 876 0 17 5
a 850 342 0 4 8
a 850 904 0 22 10
a 853 360 0 4 8
a 853 312 0 5 1
a 854 511 0 4 7
a 854 651 0 3 8
a 856 921 0 4 7
a 856 866 0 25 6
a 858 999 0 4 1
a 858 511 0 32 1
a 860 557 0 4 1
a 860 15 0 49 3
a 864 777 0 4 4
a 864 716 0 43 10
a 865 369 0 4 4
a 865 45 0 36 8
a 867 753 0 4 5
a 867 861 0 49 3
a 869 69 0 4 5
a 869 524 0 47 9
a 870 316 0 4 5
a 870 454 0 50 4
a 871 679 0 4 3
a 871 618 0 44 3
a 872 949 0 4 1
a 872 367 0 7 4
a 873 475 0 4 5
a 873 578 0 25 4
a 875 258 0 4 7
a 875 994 0 12 3
a 876 412 0 4 1
a 876 541 0 12 10
a 878 735 0 4 10
a 878 739 0 19 5
a 880 608 0 4 8
a 880 323 0 7 5
a 881 803 0 4 1
a 881 145 0 21 3
a 883 873 0 4 2
a 883 936 0 37 3
a 884 246 0 4 7
a 884 974 0 38 3
a 886 739 0 4 6
a 886 701 0 9 9
a 888 438 0 4 2
a 888 627 0 16 5
a 889 454 0 4 9
a 889 3 0 25 3
a 891 965 0 4 1
a 891 38 0 44 6
a 892 460 0 4 1
a 892 560 0 21 7
a 894 699 0 4 9
a 894 175 0 1 10
a 895 358 0 4 2
a 895 833 0 24 1
a 897 92 0 4 4
a 897 929 0 1 5
a 899 583 0 4 5
a 899 256 0 25 9
a 902 38 0 4 8
a 902 753 0 40 1
a 903 336 0 4 2
a 903 49 0 31 2
a 904 755 0 4 5
a 904 443 0 34 6
a 908 326 0 4 2
a 908 697 0 6 7
a 912 478 0 4 2
a 912 978 0 4 6
a 913 301 0 4 1
a 913 950 0 24 9
a 916 892 0 4 9
a 916 598 0 32 7
a 920 744 0 4 1
a 920 151 0 17 9
a 921 53 0 4 6
a 921 981 0 8 1
a 922 598 0 4 8
a 922 30 0 19 10
a 923 570 0 4 3
a 923 289 0 3 2
a 925 58 0 4 5
a 925 977 0 18 6
a 930 206 0 4 10
a 930 335 0 49 7
a 933 587 0 4 3
a 933 743 0 22 8
a 934 205 0 4 6
a 934 207 0 3 3
a 935 328 0 4 9
a 935 438 0 46 10
a 939 180 0 4 5
a 939 756 0 32 8
a 940 15 0 4 6
a 940 863 0 49 5
a 944 479 0 4 10
a 944 720 0 48 7
a 947 600 0 4 10
a 947 555 0 50 8
a 949 674 0 4 7
a 949 247 0 16 8
a 950 930 0 4 6
a 950 127 0 30 8
a 952 564 0 4 1
a 952 687 0 43 7
a 954 85 0 4 5
a 954 899 0 27 6
a 955 177 0 4 5
a 955 335 0 10 5
a 960 731 0 4 6
a 960 441 0 20 4
a 961 146 0 4 6
a 961 226 0 7 9
a 965 456 0 4 5
a 965 610 0 46 1
a 967 123 0 4 7
a 967 261 0 40 1
a 968 672 0 4 4
a 968 733 0 43 10
a 970 52 0 4 5
a 970 876 0 47 3
a 971 128 0 4 1
a 971 780 0 20 8
a 972 210 0 4 10
a 972 550 0 9 5
a 975 864 0 4 6
a 975 284 0 48 2
a 976 916 0 4 10
a 976 722 0 1 3
a 978 715 0 4 4
a 978 13 0 44 9
a 979 722 0 4 6
a 979 870 0 32 4
a 980 822 0 4 5
a 980 999 0 40 4
a 983 432 0 4 10
a 983 293 0 15 1
a 984 720 0 4 7
a 984 943 0 15 3
a 986 257 0 4 3
a 986 504 0 34 8
a 987 541 0 4 9
a 987 305 0 21 10
a 988 961 0 4 6
a 988 6 0 27 4
a 990 567 0 4 5
a 990 426 0 13 1
a 998 373 0 4 4
a 998 635 0 40 4
