c PyNETGEN v1.0.0
c $ pip install pynetgen
c
c  NETGEN flow network generation algorithm
c  Problem input parameters
c  -------------------------------------
c   Random seed:          2
c   Number of nodes:      1000
c   Source nodes:         2
c   Sink nodes:           2
c   Number of arcs:       2000
c   Minimum arc cost:     1
c   Maximum arc cost:     10
c   Total supply:         50
c   Transshipment -
c     Sources:            0
c     Sinks:              0
c   Skeleton arcs -
c     With max cost:      0
c     Capacitated:        100
c   Minimum arc capacity: 0
c   Maximum arc capacity: 50
c
c  *** Minimum cost flow ***
c
p min 1000 2000
n 1 25
n 2 25
n 999 -35
n 1000 -15
a 1 343 0 25 2
a 1 515 0 4 9
a 1 459 0 8 1
a 5 581 0 25 7
a 5 433 0 14 3
a 5 56 0 2 5
a 6 419 0 25 4
a 6 992 0 22 3
a 6 779 0 28 2
a 7 510 0 25 9
a 7 485 0 42 10
a 9 895 0 25 2
a 9 938 0 23 4
a 9 580 0 9 1
a 11 149 0 25 7
a 11 773 0 4 1
a 15 657 0 25 7
a 15 931 0 34 9
a 16 84 0 25 5
a 16 859 0 12 4
a 18 972 0 25 9
a 18 915 0 49 1
a 19 674 0 25 8
a 19 272 0 44 1
a 22 239 0 25 9
a 22 306 0 36 3
a 23 917 0 25 3
a 23 696 0 7 1
a 24 318 0 25 5
a 24 767 0 5 7
a 25 823 0 25 6
a 25 646 0 34 9
a 29 155 0 25 2
a 29 364 0 28 2
a 31 715 0 25 3
a 31 636 0 31 6
a 33 269 0 25 5
a 33 927 0 23 2
a 34 642 0 25 2
a 34 579 0 7 8
a 36 560 0 25 8
a 36 43 0 37 9
a 37 875 0 25 1
a 37 689 0 43 8
a 40 112 0 25 9
a 40 78 0 6 1
a 48 503 0 25 10
a 48 806 0 3 5
a 50 929 0 25 2
a 50 96 0 42 2
a 51 584 0 25 4
a 51 313 0 49 9
a 54 91 0 25 9
a 54 47 0 27 10
a 61 477 0 25 7
a 61 254 0 50 6
a 63 568 0 25 7
a 63 501 0 39 6
a 67 313 0 25 7
a 67 825 0 36 8
a 68 654 0 25 10
a 68 79 0 35 3
a 69 907 0 25 2
a 69 525 0 44 3
a 70 410 0 25 10
a 70 973 0 22 6
a 71 910 0 25 5
a 71 151 0 8 7
a 72 108 0 25 7
a 72 583 0 50 4
a 76 658 0 25 2
a 76 594 0 21 1
a 78 481 0 25 8
a 78 318 0 43 9
a 79 544 0 25 10
a 79 349 0 50 3
a 80 683 0 25 4
a 80 90 0 47 1
a 81 801 0 25 4
a 81 231 0 29 10
a 83 358 0 25 6
a 83 40 0 31 1
a 84 803 0 25 7
a 84 341 0 2 9
a 85 428 0 25 10
a 85 293 0 7 5
a 86 946 0 25 2
a 86 543 0 35 1
a 87 882 0 25 9
a 87 662 0 1 10
a 88 421 0 25 10
a 88 736 0 13 7
a 89 607 0 25 2
a 89 315 0 34 9
a 91 391 0 25 10
a 91 300 0 19 6
a 93 574 0 25 6
a 93 493 0 3 1
a 94 425 0 25 5
a 94 253 0 4 5
a 95 518 0 25 3
a 95 954 0 21 9
a 97 259 0 25 7
a 97 707 0 50 8
a 99 81 0 25 10
a 99 601 0 21 2
a 100 738 0 25 1
a 100 629 0 3 5
a 103 778 0 25 3
a 103 453 0 28 10
a 108 942 0 25 1
a 108 935 0 7 4
a 111 879 0 25 3
a 111 957 0 22 6
a 112 685 0 25 4
a 112 847 0 2 1
a 115 633 0 25 9
a 115 285 0 11 9
a 118 192 0 25 5
a 118 676 0 3 8
a 119 930 0 25 10
a 119 613 0 14 3
a 123 395 0 25 7
a 123 171 0 6 7
a 131 405 0 25 5
a 131 183 0 47 4
a 132 320 0 25 9
a 132 211 0 4 7
a 135 205 0 25 3
a 135 852 0 48 8
a 140 5 0 25 8
a 140 354 0 37 1
a 142 570 0 25 3
a 142 676 0 45 3
a 145 380 0 25 2
a 145 631 0 50 3
a 147 992 0 25 8
a 147 586 0 47 2
a 149 196 0 25 10
a 149 413 0 46 6
a 151 531 0 25 4
a 151 279 0 3 5
a 152 434 0 25 8
a 152 592 0 31 6
a 153 7 0 25 4
a 153 600 0 10 4
a 155 79 0 25 7
a 155 504 0 18 7
a 158 36 0 25 7
a 158 967 0 14 8
a 160 37 0 25 1
a 160 834 0 47 2
a 161 170 0 25 8
a 161 381 0 8 4
a 162 151 0 25 6
a 162 22 0 28 8
a 163 246 0 25 10
a 163 883 0 12 3
a 165 103 0 25 10
a 165 424 0 11 5
a 167 561 0 25 6
a 167 466 0 37 2
a 168 866 0 25 4
a 168 660 0 10 1
a 169 462 0 25 8
a 169 251 0 14 1
a 170 795 0 25 1
a 170 708 0 12 6
a 171 175 0 25 10
a 171 934 0 21 10
a 172 11 0 25 6
a 172 603 0 29 4
a 173 382 0 25 2
a 173 111 0 42 10
a 174 925 0 25 1
a 174 604 0 45 4
a 175 947 0 25 10
a 175 903 0 5 9
a 176 499 0 25 6
a 176 34 0 48 6
a 179 554 0 25 6
a 179 492 0 44 7
a 182 443 0 25 6
a 182 768 0 22 1
a 185 174 0 25 2
a 185 67 0 19 6
a 186 669 0 25 10
a 186 941 0 22 7
a 187 779 0 25 2
a 187 86 0 40 3
a 189 962 0 25 9
a 189 114 0 16 9
a 190 165 0 25 6
a 190 565 0 34 2
a 192 790 0 25 5
a 192 544 0 19 4
a 194 698 0 25 6
a 194 910 0 24 5
a 196 309 0 25 2
a 196 433 0 33 5
a 197 828 0 25 2
a 197 518 0 3 7
a 200 773 0 25 5
a 200 488 0 39 6
a 201 807 0 25 9
a 201 690 0 7 9
a 202 422 0 25 6
a 202 806 0 31 10
a 203 530 0 25 8
a 203 281 0 35 9
a 205 383 0 25 7
a 205 885 0 40 8
a 206 564 0 25 8
a 206 796 0 13 5
a 208 22 0 25 1
a 208 634 0 23 8
a 210 278 0 25 1
a 210 267 0 4 1
a 211 796 0 25 7
a 211 397 0 40 5
a 214 319 0 25 1
a 214 336 0 33 1
a 215 720 0 25 6
a 215 885 0 12 9
a 217 604 0 25 10
a 217 324 0 47 2
a 220 724 0 25 7
a 220 903 0 37 3
a 224 72 0 25 5
a 224 181 0 0 2
a 227 83 0 25 9
a 227 75 0 35 10
a 228 279 0 25 1
a 228 98 0 21 5
a 229 526 0 25 7
a 229 844 0 22 7
a 232 398 0 25 9
a 232 545 0 14 9
a 233 582 0 25 5
a 233 84 0 50 5
a 234 567 0 25 1
a 234 422 0 38 8
a 235 509 0 25 9
a 235 617 0 19 10
a 238 454 0 25 4
a 238 850 0 47 5
a 239 682 0 25 7
a 239 513 0 30 1
a 240 31 0 25 5
a 240 40 0 15 10
a 242 158 0 25 8
a 242 569 0 48 3
a 246 846 0 25 8
a 246 825 0 2 10
a 250 400 0 25 6
a 250 352 0 30 3
a 251 814 0 25 5
a 251 62 0 3 7
a 256 33 0 25 6
a 256 519 0 30 7
a 259 227 0 25 2
a 259 353 0 33 7
a 261 822 0 25 10
a 261 135 0 33 1
a 262 934 0 25 6
a 262 193 0 28 4
a 264 61 0 25 1
a 264 755 0 30 3
a 265 548 0 25 6
a 265 732 0 22 2
a 269 765 0 25 3
a 269 136 0 2 5
a 270 89 0 25 2
a 270 157 0 17 10
a 275 132 0 25 3
a 275 761 0 9 8
a 276 69 0 25 6
a 276 369 0 28 6
a 278 731 0 25 5
a 278 721 0 27 3
a 279 203 0 25 10
a 279 58 0 6 7
a 282 71 0 25 5
a 282 393 0 37 10
a 283 163 0 25 9
a 283 574 0 11 9
a 285 142 0 25 4
a 285 613 0 9 10
a 290 965 0 25 4
a 290 346 0 28 6
a 298 355 0 25 7
a 298 250 0 2 5
a 301 931 0 25 9
a 301 323 0 38 4
a 303 651 0 25 3
a 303 945 0 19 5
a 305 220 0 25 4
a 305 405 0 22 6
a 306 986 0 25 10
a 306 687 0 29 3
a 309 714 0 25 5
a 309 952 0 11 8
a 312 641 0 25 3
a 312 271 0 11 6
a 313 16 0 25 2
a 313 130 0 38 1
a 314 964 0 25 1
a 314 209 0 1 10
a 316 920 0 25 2
a 316 786 0 15 7
a 317 679 0 25 8
a 317 835 0 21 6
a 318 145 0 25 4
a 318 887 0 14 1
a 319 1000 0 25 10
a 319 145 0 26 7
a 320 830 0 25 1
a 320 652 0 26 4
a 322 546 0 25 3
a 322 450 0 29 6
a 324 496 0 25 5
a 324 451 0 46 3
a 325 211 0 25 6
a 325 618 0 0 8
a 326 424 0 25 3
a 326 958 0 16 6
a 327 337 0 25 9
a 327 645 0 10 3
a 334 576 0 25 10
a 334 252 0 14 9
a 335 859 0 25 8
a 335 818 0 26 4
a 336 644 0 25 2
a 336 129 0 33 2
a 337 579 0 25 10
a 337 929 0 48 10
a 339 672 0 25 10
a 339 447 0 6 5
a 340 285 0 25 4
a 340 516 0 30 1
a 343 242 0 25 6
a 343 6 0 38 4
a 344 970 0 25 9
a 344 16 0 15 6
a 346 936 0 25 6
a 346 40 0 28 5
a 349 490 0 25 7
a 349 885 0 37 7
a 353 800 0 25 9
a 353 462 0 35 7
a 354 48 0 25 10
a 354 383 0 21 7
a 355 988 0 25 4
a 355 306 0 29 2
a 357 354 0 25 2
a 357 496 0 29 1
a 358 413 0 25 7
a 358 898 0 22 7
a 359 305 0 25 3
a 359 885 0 7 3
a 360 748 0 25 3
a 360 121 0 21 7
a 361 752 0 25 5
a 361 239 0 47 10
a 362 896 0 25 8
a 362 119 0 43 4
a 365 261 0 25 3
a 365 277 0 41 8
a 367 888 0 25 3
a 367 993 0 40 6
a 372 693 0 25 8
a 372 648 0 16 8
a 374 390 0 25 8
a 374 766 0 29 7
a 375 303 0 25 10
a 375 637 0 27 9
a 380 335 0 25 8
a 380 563 0 46 8
a 382 234 0 25 8
a 382 173 0 18 6
a 383 515 0 25 2
a 383 145 0 47 2
a 384 264 0 25 2
a 384 682 0 44 10
a 385 344 0 25 7
a 385 337 0 50 9
a 387 412 0 25 3
a 387 42 0 34 9
a 389 719 0 25 8
a 389 254 0 27 2
a 390 15 0 25 10
a 390 101 0 23 5
a 391 937 0 25 4
a 391 149 0 32 1
a 394 438 0 25 10
a 394 612 0 29 6
a 395 324 0 25 4
a 395 399 0 7 1
a 397 528 0 25 9
a 397 919 0 38 5
a 398 167 0 25 5
a 398 600 0 49 3
a 400 444 0 25 8
a 400 7 0 1 5
a 402 709 0 25 9
a 402 49 0 1 8
a 405 996 0 25 9
a 405 539 0 2 2
a 406 262 0 25 2
a 406 319 0 9 6
a 407 240 0 25 1
a 407 194 0 39 5
a 409 902 0 25 2
a 409 696 0 39 5
a 410 265 0 25 8
a 410 643 0 13 4
a 411 187 0 25 5
a 411 726 0 2 5
a 412 766 0 25 5
a 412 482 0 25 5
a 413 653 0 25 10
a 413 952 0 33 10
a 415 162 0 25 1
a 415 23 0 49 1
a 419 118 0 25 10
a 419 256 0 7 5
a 421 176 0 25 7
a 421 491 0 8 4
a 422 93 0 25 5
a 422 686 0 0 8
a 424 334 0 25 7
a 424 77 0 42 10
a 425 440 0 25 8
a 425 303 0 8 9
a 428 173 0 25 1
a 428 191 0 11 9
a 434 361 0 25 2
a 434 955 0 30 2
a 436 583 0 25 9
a 436 757 0 21 3
a 438 186 0 25 3
a 438 222 0 13 10
a 439 886 0 25 2
a 439 602 0 23 2
a 440 200 0 25 9
a 440 888 0 14 5
a 441 775 0 25 6
a 441 183 0 4 7
a 443 549 0 25 4
a 443 791 0 31 2
a 444 179 0 25 7
a 444 954 0 34 6
a 446 858 0 25 1
a 446 124 0 10 3
a 449 722 0 25 2
a 449 44 0 28 1
a 451 70 0 25 4
a 451 522 0 41 4
a 453 613 0 25 1
a 453 105 0 18 10
a 454 852 0 25 6
a 454 741 0 46 2
a 457 206 0 25 6
a 457 184 0 42 1
a 459 602 0 25 7
a 459 650 0 25 1
a 460 684 0 25 8
a 460 805 0 50 5
a 461 250 0 25 10
a 461 446 0 31 3
a 462 507 0 25 1
a 462 56 0 18 5
a 464 406 0 25 2
a 464 755 0 41 6
a 465 629 0 25 1
a 465 787 0 2 9
a 466 367 0 25 10
a 466 356 0 36 2
a 468 595 0 25 3
a 468 79 0 8 7
a 469 617 0 25 7
a 469 986 0 22 8
a 471 301 0 25 5
a 471 261 0 17 1
a 472 123 0 25 7
a 472 544 0 6 10
a 473 340 0 25 5
a 473 52 0 1 4
a 477 730 0 25 9
a 477 323 0 18 6
a 479 957 0 25 7
a 479 228 0 27 2
a 480 843 0 25 10
a 480 596 0 10 2
a 481 770 0 25 10
a 481 377 0 43 4
a 483 471 0 25 3
a 483 251 0 35 1
a 487 513 0 25 2
a 487 252 0 9 9
a 488 623 0 25 5
a 488 798 0 16 2
a 490 628 0 25 6
a 490 232 0 7 2
a 496 461 0 25 8
a 496 284 0 26 6
a 499 115 0 25 1
a 499 426 0 47 8
a 503 394 0 25 3
a 503 194 0 11 5
a 507 111 0 25 6
a 507 630 0 17 4
a 509 23 0 25 3
a 509 389 0 24 4
a 510 100 0 25 6
a 510 8 0 10 1
a 513 469 0 25 8
a 513 236 0 36 4
a 515 908 0 25 6
a 515 888 0 49 6
a 518 821 0 25 9
a 518 863 0 43 8
a 520 238 0 25 3
a 520 429 0 33 1
a 522 171 0 25 9
a 522 983 0 10 8
a 526 372 0 25 1
a 526 879 0 11 10
a 528 975 0 25 3
a 528 557 0 37 3
a 530 375 0 25 10
a 530 245 0 24 1
a 531 687 0 25 10
a 531 712 0 8 9
a 537 691 0 25 6
a 537 33 0 36 3
a 540 650 0 25 9
a 540 886 0 43 8
a 544 926 0 25 1
a 544 36 0 10 5
a 545 131 0 25 1
a 545 772 0 49 4
a 546 551 0 25 10
a 546 635 0 2 5
a 548 415 0 25 2
a 548 589 0 22 6
a 549 777 0 25 9
a 549 249 0 6 1
a 551 702 0 25 1
a 551 930 0 28 2
a 552 572 0 25 4
a 552 378 0 48 10
a 554 522 0 25 3
a 554 604 0 24 4
a 560 577 0 25 10
a 560 690 0 28 7
a 561 945 0 25 6
a 561 114 0 49 5
a 562 327 0 25 1
a 562 569 0 13 3
a 564 439 0 25 4
a 564 696 0 7 1
a 567 835 0 25 1
a 567 623 0 37 4
a 568 18 0 25 3
a 568 96 0 47 4
a 570 680 0 25 8
a 570 681 0 32 5
a 571 632 0 25 6
a 571 925 0 43 3
a 572 153 0 25 10
a 572 783 0 21 9
a 574 214 0 25 5
a 574 571 0 31 1
a 576 397 0 25 7
a 576 822 0 32 8
a 577 78 0 25 5
a 577 698 0 14 2
a 579 411 0 25 3
a 579 715 0 12 2
a 581 943 0 25 10
a 581 224 0 1 7
a 582 571 0 25 3
a 582 160 0 18 6
a 583 446 0 25 6
a 583 894 0 29 3
a 584 739 0 25 4
a 584 626 0 42 4
a 586 459 0 25 6
a 586 749 0 20 8
a 587 197 0 25 1
a 587 349 0 29 9
a 589 282 0 25 6
a 589 310 0 45 4
a 592 869 0 25 8
a 592 140 0 4 2
a 594 842 0 25 4
a 594 672 0 34 1
a 595 589 0 25 8
a 595 772 0 31 7
a 596 86 0 25 5
a 596 772 0 30 2
a 602 769 0 25 8
a 602 60 0 35 6
a 603 25 0 25 10
a 603 124 0 4 9
a 604 189 0 25 6
a 604 18 0 50 1
a 607 665 0 25 1
a 607 521 0 13 6
a 612 921 0 25 9
a 612 223 0 9 6
a 613 695 0 25 4
a 613 382 0 0 2
a 617 944 0 25 7
a 617 954 0 38 7
a 623 905 0 25 5
a 623 209 0 4 3
a 625 24 0 25 7
a 625 112 0 14 3
a 626 870 0 25 4
a 626 383 0 48 2
a 628 540 0 25 1
a 628 111 0 35 10
a 629 671 0 25 9
a 629 447 0 13 1
a 632 270 0 25 6
a 632 764 0 2 5
a 633 473 0 25 1
a 633 654 0 24 1
a 634 961 0 25 8
a 634 751 0 32 6
a 635 465 0 25 9
a 635 244 0 11 9
a 641 317 0 25 6
a 641 947 0 44 9
a 642 717 0 25 7
a 642 229 0 24 5
a 644 785 0 25 5
a 644 155 0 19 6
a 647 851 0 25 2
a 647 937 0 38 7
a 650 844 0 25 8
a 650 563 0 43 5
a 651 903 0 25 7
a 651 610 0 25 4
a 653 819 0 25 1
a 653 773 0 20 3
a 654 185 0 25 5
a 654 845 0 35 5
a 657 233 0 25 3
a 657 269 0 2 5
a 658 384 0 25 9
a 658 795 0 48 7
a 660 480 0 25 5
a 660 284 0 21 6
a 661 979 0 25 4
a 661 629 0 6 5
a 662 464 0 25 7
a 662 986 0 43 1
a 664 312 0 25 5
a 664 802 0 8 8
a 665 152 0 25 5
a 665 993 0 24 4
a 667 441 0 25 1
a 667 393 0 37 4
a 668 29 0 25 5
a 668 281 0 39 5
a 669 781 0 25 6
a 669 435 0 3 7
a 671 911 0 25 4
a 671 236 0 9 1
a 672 119 0 25 9
a 672 299 0 25 7
a 673 256 0 25 2
a 673 772 0 8 9
a 674 678 0 25 3
a 674 609 0 9 8
a 678 771 0 25 3
a 678 369 0 49 10
a 679 161 0 25 2
a 679 803 0 25 6
a 680 797 0 25 3
a 680 576 0 8 5
a 682 596 0 25 8
a 682 560 0 44 10
a 683 689 0 25 9
a 683 955 0 29 5
a 684 700 0 25 6
a 684 581 0 41 5
a 685 88 0 25 2
a 685 877 0 12 10
a 687 339 0 25 10
a 687 482 0 38 9
a 688 721 0 25 10
a 688 364 0 7 4
a 689 673 0 25 9
a 689 713 0 2 4
a 691 95 0 25 3
a 691 830 0 2 9
a 693 325 0 25 8
a 693 528 0 33 8
a 695 701 0 25 4
a 695 493 0 20 7
a 698 63 0 25 1
a 698 345 0 11 8
a 700 360 0 25 1
a 700 595 0 26 8
a 701 780 0 25 3
a 701 83 0 49 5
a 702 772 0 25 1
a 702 533 0 15 3
a 709 54 0 25 3
a 709 294 0 26 1
a 714 955 0 25 4
a 714 815 0 39 7
a 715 385 0 25 5
a 715 725 0 50 5
a 716 290 0 25 7
a 716 677 0 47 2
a 717 479 0 25 10
a 717 884 0 8 9
a 718 172 0 25 7
a 718 331 0 47 1
a 719 460 0 25 8
a 719 998 0 25 9
a 720 804 0 25 7
a 720 400 0 17 6
a 721 660 0 25 4
a 721 832 0 8 6
a 722 545 0 25 5
a 722 588 0 0 9
a 723 316 0 25 1
a 723 920 0 26 5
a 724 353 0 25 1
a 724 226 0 1 9
a 728 389 0 25 7
a 728 913 0 4 6
a 730 202 0 25 4
a 730 941 0 30 8
a 731 994 0 25 9
a 731 969 0 14 3
a 738 336 0 25 5
a 738 229 0 22 10
a 739 466 0 25 8
a 739 236 0 30 4
a 740 968 0 25 3
a 740 686 0 10 5
a 745 275 0 25 1
a 745 29 0 48 3
a 748 232 0 25 7
a 748 337 0 10 3
a 752 362 0 25 1
a 752 22 0 8 4
a 764 87 0 25 2
a 764 531 0 34 4
a 765 999 0 25 2
a 765 402 0 25 4
a 766 913 0 25 8
a 766 524 0 5 4
a 769 85 0 25 5
a 769 895 0 42 3
a 770 210 0 25 2
a 770 839 0 49 4
a 771 834 0 25 10
a 771 167 0 11 5
a 772 827 0 25 4
a 772 613 0 26 7
a 773 409 0 25 10
a 773 758 0 30 1
a 775 67 0 25 9
a 775 823 0 21 10
a 777 6 0 25 10
a 777 219 0 47 10
a 778 927 0 25 2
a 778 421 0 37 4
a 779 169 0 25 3
a 779 175 0 22 2
a 780 228 0 25 2
a 780 124 0 48 6
a 781 634 0 25 1
a 781 666 0 24 2
a 784 857 0 25 9
a 784 851 0 12 2
a 785 587 0 25 7
a 785 701 0 44 6
a 788 854 0 25 4
a 788 424 0 27 6
a 790 860 0 25 9
a 790 378 0 13 7
a 795 68 0 25 4
a 795 16 0 41 1
a 796 966 0 25 7
a 796 708 0 25 3
a 797 728 0 25 1
a 797 485 0 43 10
a 800 201 0 25 1
a 800 670 0 41 5
a 801 625 0 25 1
a 801 338 0 4 6
a 803 594 0 25 1
a 803 167 0 48 6
a 804 991 0 25 8
a 804 955 0 30 10
a 807 718 0 25 7
a 807 935 0 16 5
a 811 407 0 25 2
a 811 718 0 48 5
a 812 647 0 25 5
a 812 41 0 0 2
a 814 635 0 25 3
a 814 494 0 22 6
a 819 688 0 25 5
a 819 865 0 17 10
a 821 764 0 25 10
a 821 733 0 50 7
a 822 488 0 25 2
a 822 486 0 47 9
a 823 147 0 25 7
a 823 864 0 13 8
a 827 357 0 25 5
a 827 351 0 16 2
a 828 723 0 25 3
a 828 964 0 36 2
a 830 863 0 25 5
a 830 52 0 10 7
a 832 298 0 25 10
a 832 745 0 38 3
a 833 661 0 25 8
a 833 950 0 5 10
a 834 140 0 25 6
a 834 553 0 34 7
a 835 468 0 25 7
a 835 518 0 9 3
a 837 76 0 25 8
a 837 459 0 37 10
a 842 135 0 25 8
a 842 954 0 47 1
a 843 662 0 25 4
a 843 989 0 6 5
a 844 160 0 25 8
a 844 615 0 30 5
a 846 912 0 25 5
a 846 440 0 32 8
a 850 314 0 25 3
a 850 898 0 23 8
a 851 537 0 25 6
a 851 307 0 45 2
a 852 626 0 25 3
a 852 9 0 8 10
a 854 984 0 25 4
a 854 676 0 32 9
a 855 472 0 25 9
a 855 45 0 9 6
a 857 326 0 25 6
a 857 490 0 28 1
a 858 788 0 25 10
a 858 730 0 8 5
a 859 668 0 25 2
a 859 57 0 44 1
a 860 784 0 25 5
a 860 382 0 13 3
a 863 365 0 25 8
a 863 85 0 8 6
a 866 374 0 25 7
a 866 875 0 47 5
a 869 811 0 25 3
a 869 806 0 46 2
a 870 837 0 25 4
a 870 622 0 36 5
a 875 215 0 25 5
a 875 819 0 49 10
a 879 889 0 25 4
a 879 38 0 2 2
a 882 251 0 25 1
a 882 358 0 44 5
a 886 855 0 25 3
a 886 14 0 3 2
a 887 664 0 25 4
a 887 194 0 19 3
a 888 956 0 25 10
a 888 892 0 23 1
a 889 899 0 25 8
a 889 568 0 6 1
a 892 276 0 25 2
a 892 120 0 33 7
a 895 99 0 25 1
a 895 721 0 21 10
a 896 892 0 25 4
a 896 303 0 26 9
a 898 520 0 25 5
a 898 711 0 26 6
a 899 322 0 25 9
a 899 790 0 42 4
a 902 9 0 25 5
a 902 707 0 6 7
a 903 919 0 25 2
a 903 49 0 11 9
a 905 449 0 25 7
a 905 226 0 49 7
a 907 950 0 25 7
a 907 6 0 34 2
a 908 436 0 25 1
a 908 340 0 34 3
a 910 224 0 25 10
a 910 348 0 32 8
a 911 716 0 25 3
a 911 134 0 12 2
a 912 190 0 25 4
a 912 806 0 47 9
a 913 306 0 25 7
a 913 387 0 26 1
a 917 387 0 25 2
a 917 34 0 38 7
a 919 235 0 25 9
a 919 283 0 44 6
a 920 229 0 25 2
a 920 893 0 40 10
a 921 217 0 25 5
a 921 615 0 20 6
a 925 740 0 25 5
a 925 307 0 50 10
a 926 34 0 25 2
a 926 852 0 32 9
a 927 453 0 25 10
a 927 124 0 20 7
a 929 850 0 25 4
a 929 853 0 28 7
a 930 973 0 25 1
a 930 537 0 7 2
a 931 592 0 25 6
a 931 534 0 31 4
a 934 451 0 25 9
a 934 323 0 12 7
a 935 552 0 25 10
a 935 945 0 5 4
a 936 832 0 25 3
a 936 236 0 35 3
a 937 745 0 25 4
a 937 469 0 15 5
a 942 483 0 25 6
a 942 187 0 30 1
a 943 951 0 25 5
a 943 803 0 50 10
a 944 194 0 25 9
a 944 192 0 16 4
a 945 586 0 25 9
a 945 780 0 20 9
a 946 19 0 25 8
a 946 287 0 6 9
a 947 51 0 25 8
a 947 470 0 14 2
a 950 80 0 25 10
a 950 56 0 13 10
a 951 50 0 25 2
a 951 280 0 40 9
a 955 667 0 25 2
a 955 325 0 22 2
a 956 97 0 25 4
a 956 199 0 3 6
a 957 959 0 25 6
a 957 261 0 10 6
a 959 887 0 25 1
a 959 447 0 5 10
a 961 182 0 25 8
a 961 169 0 44 5
a 962 349 0 25 6
a 962 865 0 26 4
a 964 283 0 25 3
a 964 70 0 13 7
a 965 603 0 25 6
a 965 672 0 47 4
a 966 562 0 25 4
a 966 141 0 24 3
a 968 812 0 25 2
a 968 926 0 3 2
a 970 935 0 25 7
a 970 737 0 34 2
a 972 612 0 25 1
a 972 186 0 21 7
a 973 898 0 25 3
a 973 547 0 32 9
a 975 168 0 25 3
a 975 475 0 25 6
a 979 94 0 25 8
a 979 820 0 6 7
a 984 457 0 25 8
a 984 478 0 32 5
a 986 346 0 25 1
a 986 190 0 19 8
a 988 40 0 25 10
a 988 597 0 9 3
a 991 359 0 25 10
a 991 645 0 5 1
a 992 208 0 25 6
a 992 477 0 27 7
a 994 833 0 25 8
a 994 422 0 15 6
a 996 487 0 25 1
a 996 882 0 34 5
a 2 442 0 25 7
a 2 88 0 5 3
a 3 184 0 25 3
a 3 630 0 1 8
a 4 726 0 25 4
a 4 857 0 38 1
a 8 616 0 25 5
a 8 631 0 33 8
a 10 872 0 25 4
a 10 324 0 22 4
a 12 45 0 25 10
a 12 696 0 28 6
a 13 638 0 25 10
a 13 127 0 45 4
a 14 126 0 25 8
a 14 137 0 46 3
a 17 58 0 25 9
a 17 75 0 38 7
a 20 878 0 25 10
a 20 535 0 7 1
a 21 990 0 25 4
a 21 460 0 32 9
a 26 291 0 25 5
a 26 132 0 39 4
a 27 817 0 25 7
a 27 454 0 29 6
a 28 916 0 25 5
a 28 534 0 20 8
a 30 198 0 25 4
a 30 557 0 47 2
a 32 904 0 25 6
a 32 354 0 30 10
a 35 393 0 25 8
a 35 830 0 26 10
a 38 734 0 25 1
a 38 813 0 18 2
a 39 675 0 25 10
a 39 393 0 33 3
a 41 783 0 25 2
a 41 348 0 48 9
a 42 60 0 25 9
a 42 307 0 15 8
a 43 981 0 25 6
a 43 692 0 41 4
a 44 532 0 25 4
a 44 806 0 8 2
a 45 423 0 25 6
a 45 539 0 13 6
a 46 758 0 25 4
a 46 374 0 16 9
a 47 26 0 25 5
a 47 246 0 37 7
a 49 263 0 25 8
a 49 401 0 39 5
a 52 286 0 25 6
a 52 330 0 20 9
a 53 573 0 25 10
a 53 951 0 22 7
a 55 767 0 25 9
a 55 430 0 14 8
a 56 493 0 25 2
a 56 955 0 15 2
a 57 840 0 25 6
a 57 280 0 48 6
a 58 918 0 25 4
a 58 834 0 28 9
a 59 416 0 25 2
a 59 677 0 21 10
a 60 497 0 25 1
a 60 668 0 25 4
a 62 861 0 25 4
a 62 770 0 30 9
a 64 73 0 25 10
a 64 996 0 42 7
a 65 130 0 25 1
a 65 293 0 27 4
a 66 874 0 25 2
a 66 725 0 11 6
a 73 692 0 25 9
a 73 223 0 5 9
a 74 41 0 25 3
a 74 550 0 5 8
a 75 556 0 25 9
a 75 426 0 45 8
a 77 399 0 25 6
a 77 460 0 16 6
a 82 243 0 25 7
a 82 231 0 42 7
a 90 255 0 25 9
a 90 360 0 42 8
a 92 619 0 25 7
a 92 605 0 20 9
a 96 749 0 25 9
a 96 854 0 45 9
a 98 241 0 25 1
a 98 258 0 13 6
a 101 268 0 25 2
a 101 290 0 38 4
a 102 77 0 25 3
a 102 235 0 25 5
a 104 408 0 25 3
a 104 917 0 12 9
a 105 333 0 25 3
a 105 39 0 18 8
a 106 310 0 25 9
a 106 355 0 12 8
a 107 157 0 25 8
a 107 893 0 28 6
a 109 64 0 25 8
a 109 997 0 32 8
a 110 159 0 25 1
a 110 419 0 47 1
a 113 109 0 25 2
a 113 622 0 49 1
a 114 897 0 25 5
a 114 122 0 8 9
a 116 181 0 25 9
a 116 720 0 33 4
a 117 218 0 25 1
a 117 68 0 15 4
a 120 17 0 25 7
a 120 498 0 26 3
a 121 128 0 25 3
a 121 417 0 17 2
a 122 435 0 25 10
a 122 521 0 32 2
a 124 289 0 25 1
a 124 790 0 12 9
a 125 177 0 25 7
a 125 688 0 8 1
a 126 535 0 25 2
a 126 788 0 33 9
a 127 104 0 25 8
a 127 954 0 35 4
a 128 802 0 25 7
a 128 153 0 5 1
a 129 511 0 25 6
a 129 569 0 39 4
a 130 248 0 25 7
a 130 98 0 47 10
a 133 533 0 25 7
a 133 838 0 46 4
a 134 105 0 25 10
a 134 908 0 31 7
a 136 708 0 25 7
a 136 891 0 1 10
a 137 741 0 25 6
a 137 780 0 38 10
a 138 841 0 25 10
a 138 867 0 38 2
a 139 756 0 25 6
a 139 729 0 47 9
a 141 82 0 25 6
a 141 998 0 28 2
a 143 98 0 25 9
a 143 303 0 25 7
a 144 236 0 25 9
a 144 320 0 5 10
a 146 729 0 25 2
a 146 22 0 22 7
a 148 12 0 25 4
a 148 837 0 30 4
a 150 141 0 25 9
a 150 944 0 29 4
a 154 744 0 25 10
a 154 101 0 33 7
a 156 311 0 25 6
a 156 865 0 45 3
a 157 53 0 25 8
a 157 444 0 26 8
a 159 65 0 25 4
a 159 303 0 29 8
a 164 366 0 25 4
a 164 490 0 4 7
a 166 829 0 25 4
a 166 939 0 44 1
a 177 299 0 25 1
a 177 896 0 35 8
a 178 637 0 25 10
a 178 167 0 42 8
a 180 696 0 25 9
a 180 20 0 11 1
a 181 376 0 25 9
a 181 860 0 36 7
a 183 529 0 25 3
a 183 730 0 41 7
a 184 621 0 25 1
a 184 338 0 38 10
a 188 150 0 25 10
a 188 726 0 12 7
a 191 495 0 25 2
a 191 54 0 41 2
a 193 475 0 25 10
a 193 681 0 41 4
a 195 426 0 25 6
a 195 790 0 12 5
a 198 809 0 25 5
a 198 996 0 46 6
a 199 260 0 25 5
a 199 620 0 0 8
a 204 249 0 25 2
a 204 300 0 12 3
a 207 733 0 25 2
a 207 275 0 27 3
a 209 56 0 25 3
a 209 379 0 44 9
a 212 763 0 25 3
a 212 936 0 20 2
a 213 736 0 25 10
a 213 861 0 47 7
a 216 272 0 25 3
a 216 14 0 10 9
a 218 328 0 25 5
a 218 6 0 33 1
a 219 624 0 25 10
a 219 805 0 41 10
a 221 923 0 25 10
a 221 958 0 0 10
a 222 62 0 25 10
a 222 72 0 16 2
a 223 266 0 25 6
a 223 919 0 40 4
a 225 519 0 25 10
a 225 182 0 41 8
a 226 38 0 25 7
a 226 938 0 43 6
a 230 967 0 25 9
a 230 351 0 8 7
a 231 484 0 25 2
a 231 50 0 35 2
a 236 553 0 25 2
a 236 405 0 27 4
a 237 491 0 25 2
a 237 999 0 25 10
a 241 808 0 25 9
a 241 361 0 36 7
a 243 417 0 25 8
a 243 144 0 23 8
a 244 90 0 25 8
a 244 692 0 9 5
a 245 831 0 25 1
a 245 738 0 22 7
a 247 786 0 25 3
a 247 374 0 22 7
a 248 615 0 25 5
a 248 573 0 3 6
a 249 853 0 25 6
a 249 221 0 12 7
a 252 938 0 25 9
a 252 965 0 34 1
a 253 347 0 25 8
a 253 151 0 21 9
a 254 659 0 25 2
a 254 725 0 44 2
a 255 598 0 25 2
a 255 464 0 5 10
a 257 254 0 25 4
a 257 197 0 19 2
a 258 257 0 25 7
a 258 373 0 1 5
a 260 221 0 25 6
a 260 56 0 40 6
a 263 113 0 25 7
a 263 36 0 19 5
a 266 183 0 25 6
a 266 209 0 6 8
a 267 578 0 25 3
a 267 18 0 49 3
a 268 555 0 25 7
a 268 692 0 17 2
a 271 952 0 25 4
a 271 839 0 22 3
a 272 75 0 25 10
a 272 282 0 41 4
a 273 914 0 25 3
a 273 747 0 42 6
a 274 485 0 25 10
a 274 33 0 15 7
a 277 498 0 25 3
a 277 873 0 34 2
a 280 998 0 25 8
a 280 34 0 40 9
a 281 517 0 25 5
a 281 361 0 38 10
a 284 958 0 25 8
a 284 510 0 34 4
a 286 43 0 25 4
a 286 597 0 20 2
a 287 49 0 25 7
a 287 786 0 2 3
a 288 244 0 25 10
a 288 177 0 0 4
a 289 838 0 25 10
a 289 331 0 38 9
a 291 96 0 25 9
a 291 651 0 50 7
a 292 606 0 25 4
a 292 859 0 35 4
a 293 622 0 25 3
a 293 547 0 35 1
a 294 706 0 25 6
a 294 387 0 2 6
a 295 476 0 25 4
a 295 13 0 31 6
a 296 608 0 25 2
a 296 320 0 31 2
a 297 524 0 25 9
a 297 923 0 49 1
a 299 482 0 25 5
a 299 143 0 0 7
a 300 136 0 25 6
a 300 457 0 17 7
a 302 597 0 25 9
a 302 982 0 46 2
a 304 949 0 25 2
a 304 893 0 40 8
a 307 21 0 25 1
a 307 367 0 38 9
a 308 388 0 25 10
a 308 327 0 38 8
a 310 523 0 25 4
a 310 290 0 26 6
a 311 44 0 25 9
a 311 37 0 44 5
a 315 656 0 25 9
a 315 258 0 35 5
a 321 193 0 25 7
a 321 226 0 6 1
a 323 156 0 25 9
a 323 985 0 49 4
a 328 296 0 25 6
a 328 46 0 40 1
a 329 345 0 25 2
a 329 578 0 15 6
a 330 666 0 25 7
a 330 686 0 17 7
a 331 864 0 25 1
a 331 262 0 37 9
a 332 746 0 25 5
a 332 921 0 50 4
a 333 52 0 25 2
a 333 575 0 43 4
a 338 377 0 25 10
a 338 484 0 42 1
a 341 191 0 25 10
a 341 710 0 30 9
a 342 605 0 25 7
a 342 973 0 44 1
a 345 122 0 25 3
a 345 183 0 4 6
a 347 953 0 25 9
a 347 769 0 42 5
a 348 593 0 25 8
a 348 298 0 9 7
a 350 124 0 25 9
a 350 706 0 7 9
a 351 768 0 25 10
a 351 965 0 4 1
a 352 810 0 25 9
a 352 444 0 19 3
a 356 231 0 25 2
a 356 880 0 50 7
a 363 379 0 25 8
a 363 318 0 45 2
a 364 371 0 25 3
a 364 236 0 37 9
a 366 332 0 25 2
a 366 453 0 26 6
a 368 8 0 25 4
a 368 607 0 24 7
a 369 932 0 25 7
a 369 435 0 42 1
a 370 974 0 25 7
a 370 930 0 48 8
a 371 226 0 25 1
a 371 815 0 28 3
a 373 447 0 25 3
a 373 833 0 1 9
a 376 538 0 25 2
a 376 688 0 18 6
a 377 4 0 25 9
a 377 745 0 29 3
a 378 396 0 25 9
a 378 741 0 22 1
a 379 534 0 25 1
a 379 592 0 10 3
a 381 712 0 25 8
a 381 648 0 1 8
a 386 57 0 25 6
a 386 64 0 43 9
a 388 565 0 25 2
a 388 477 0 40 4
a 392 10 0 25 10
a 392 994 0 38 7
a 393 368 0 25 4
a 393 683 0 37 3
a 396 924 0 25 5
a 396 473 0 24 4
a 399 787 0 25 9
a 399 612 0 12 9
a 401 743 0 25 5
a 401 493 0 4 10
a 403 735 0 25 5
a 403 520 0 18 1
a 404 209 0 25 2
a 404 707 0 43 8
a 408 253 0 25 9
a 408 50 0 47 3
a 414 825 0 25 9
a 414 896 0 21 5
a 416 521 0 25 5
a 416 666 0 21 3
a 417 212 0 25 3
a 417 442 0 27 2
a 418 755 0 25 6
a 418 708 0 12 1
a 420 727 0 25 6
a 420 78 0 21 10
a 423 732 0 25 4
a 423 816 0 38 10
a 426 302 0 25 7
a 426 919 0 45 9
a 427 341 0 25 2
a 427 502 0 9 5
a 429 826 0 25 6
a 429 441 0 31 9
a 430 494 0 25 6
a 430 664 0 42 1
a 431 681 0 25 9
a 431 488 0 3 8
a 432 646 0 25 2
a 432 303 0 32 2
a 433 284 0 25 2
a 433 487 0 37 9
a 435 550 0 25 6
a 435 241 0 13 10
a 437 429 0 25 4
a 437 850 0 18 8
a 442 705 0 25 6
a 442 928 0 22 4
a 445 845 0 25 5
a 445 598 0 35 5
a 447 639 0 25 6
a 447 472 0 28 7
a 448 110 0 25 10
a 448 48 0 15 1
a 450 753 0 25 2
a 450 286 0 29 7
a 452 502 0 25 8
a 452 487 0 17 8
a 455 456 0 25 2
a 455 808 0 17 10
a 456 148 0 25 6
a 456 540 0 2 8
a 458 940 0 25 10
a 458 580 0 14 9
a 463 883 0 25 1
a 463 285 0 16 4
a 467 873 0 25 2
a 467 277 0 3 7
a 470 308 0 25 1
a 470 107 0 40 1
a 474 180 0 25 3
a 474 970 0 20 8
a 475 467 0 25 2
a 475 14 0 10 6
a 476 455 0 25 1
a 476 210 0 6 4
a 478 414 0 25 10
a 478 713 0 10 7
a 482 14 0 25 9
a 482 344 0 14 8
a 484 478 0 25 8
a 484 338 0 31 5
a 485 543 0 25 9
a 485 340 0 12 1
a 486 139 0 25 7
a 486 849 0 28 5
a 489 575 0 25 6
a 489 794 0 24 1
a 491 121 0 25 1
a 491 943 0 15 6
a 492 566 0 25 3
a 492 64 0 18 9
a 493 710 0 25 5
a 493 215 0 25 2
a 494 448 0 25 10
a 494 530 0 16 10
a 495 277 0 25 7
a 495 547 0 45 4
a 497 993 0 25 4
a 497 769 0 12 7
a 498 207 0 25 8
a 498 960 0 14 2
a 500 620 0 25 7
a 500 304 0 5 2
a 501 699 0 25 6
a 501 728 0 5 8
a 502 307 0 25 9
a 502 959 0 18 3
a 504 514 0 25 10
a 504 66 0 17 2
a 505 27 0 25 1
a 505 727 0 15 8
a 506 580 0 25 3
a 506 39 0 32 3
a 508 791 0 25 4
a 508 592 0 16 1
a 511 213 0 25 6
a 511 893 0 30 5
a 512 500 0 25 8
a 512 732 0 38 6
a 514 188 0 25 4
a 514 965 0 6 1
a 516 985 0 25 8
a 516 813 0 26 4
a 517 761 0 25 6
a 517 620 0 35 9
a 519 697 0 25 1
a 519 722 0 30 6
a 521 267 0 25 9
a 521 607 0 12 7
a 523 252 0 25 5
a 523 537 0 37 3
a 524 815 0 25 9
a 524 836 0 45 3
a 525 288 0 25 6
a 525 420 0 19 2
a 527 247 0 25 8
a 527 539 0 16 1
a 529 655 0 25 6
a 529 863 0 18 7
a 532 757 0 25 2
a 532 90 0 1 5
a 533 839 0 25 3
a 533 210 0 24 2
a 534 789 0 25 9
a 534 806 0 12 4
a 535 338 0 25 3
a 535 935 0 11 10
a 536 146 0 25 7
a 536 134 0 45 1
a 538 686 0 25 6
a 538 897 0 20 3
a 539 117 0 25 9
a 539 140 0 48 6
a 541 856 0 25 7
a 541 205 0 32 4
a 542 948 0 25 6
a 542 412 0 12 1
a 543 862 0 25 10
a 543 562 0 24 8
a 547 154 0 25 5
a 547 92 0 19 10
a 550 600 0 25 6
a 550 81 0 3 10
a 553 138 0 25 3
a 553 561 0 9 1
a 555 997 0 25 4
a 555 767 0 22 2
a 556 541 0 25 5
a 556 293 0 0 1
a 557 805 0 25 9
a 557 758 0 44 2
a 558 747 0 25 1
a 558 972 0 27 6
a 559 504 0 25 10
a 559 387 0 32 7
a 563 900 0 25 1
a 563 945 0 19 8
a 565 59 0 25 7
a 565 359 0 11 8
a 566 982 0 25 2
a 566 991 0 7 6
a 569 445 0 25 2
a 569 774 0 50 8
a 573 762 0 25 2
a 573 562 0 18 9
a 575 818 0 25 1
a 575 797 0 2 5
a 578 363 0 25 7
a 578 26 0 28 6
a 580 323 0 25 5
a 580 569 0 36 5
a 585 506 0 25 5
a 585 185 0 12 3
a 588 458 0 25 9
a 588 781 0 8 4
a 590 300 0 25 8
a 590 822 0 44 4
a 591 47 0 25 9
a 591 456 0 36 10
a 593 703 0 25 8
a 593 547 0 17 9
a 597 129 0 25 3
a 597 581 0 4 1
a 598 630 0 25 7
a 598 703 0 20 2
a 599 392 0 25 2
a 599 336 0 47 10
a 600 32 0 25 1
a 600 690 0 13 9
a 601 369 0 25 10
a 601 348 0 30 9
a 605 219 0 25 5
a 605 776 0 3 1
a 606 492 0 25 6
a 606 531 0 5 1
a 608 294 0 25 8
a 608 803 0 46 2
a 609 107 0 25 2
a 609 429 0 44 2
a 610 46 0 25 6
a 610 485 0 43 7
a 611 127 0 25 6
a 611 763 0 27 1
a 614 295 0 25 8
a 614 275 0 10 1
a 615 178 0 25 3
a 615 710 0 29 6
a 616 640 0 25 6
a 616 422 0 27 4
a 618 774 0 25 4
a 618 969 0 23 6
a 619 489 0 25 4
a 619 60 0 41 3
a 620 909 0 25 4
a 620 511 0 28 9
a 621 868 0 25 7
a 621 323 0 24 1
a 622 824 0 25 8
a 622 255 0 5 7
a 624 66 0 25 4
a 624 952 0 17 3
a 627 960 0 25 5
a 627 599 0 32 9
a 630 865 0 25 10
a 630 254 0 10 4
a 631 884 0 25 8
a 631 314 0 20 6
a 636 350 0 25 6
a 636 38 0 50 4
a 637 989 0 25 6
a 637 957 0 50 5
a 638 92 0 25 9
a 638 525 0 23 2
a 639 922 0 25 2
a 639 161 0 44 7
a 640 116 0 25 10
a 640 872 0 41 8
a 643 601 0 25 5
a 643 484 0 12 5
a 645 55 0 25 2
a 645 195 0 10 1
a 646 352 0 25 7
a 646 390 0 25 10
a 648 881 0 25 5
a 648 164 0 6 2
a 649 849 0 25 4
a 649 100 0 8 5
a 652 204 0 25 5
a 652 583 0 4 7
a 655 133 0 25 1
a 655 896 0 41 1
a 656 677 0 25 3
a 656 925 0 14 4
a 659 599 0 25 1
a 659 397 0 49 10
a 663 321 0 25 3
a 663 863 0 43 1
a 666 381 0 25 6
a 666 406 0 16 7
a 670 590 0 25 7
a 670 197 0 23 1
a 675 618 0 25 5
a 675 574 0 5 8
a 676 223 0 25 10
a 676 226 0 48 6
a 677 452 0 25 2
a 677 422 0 34 4
a 681 707 0 25 6
a 681 450 0 20 4
a 686 508 0 25 7
a 686 574 0 13 5
a 690 609 0 25 3
a 690 443 0 39 2
a 692 1000 0 25 8
a 692 600 0 38 1
a 694 643 0 25 2
a 694 181 0 16 2
a 696 401 0 25 10
a 696 139 0 34 9
a 697 20 0 25 9
a 697 950 0 44 9
a 699 963 0 25 8
a 699 555 0 22 3
a 703 871 0 25 7
a 703 830 0 37 8
a 704 893 0 25 7
a 704 13 0 15 2
a 705 670 0 25 5
a 705 283 0 18 4
a 706 585 0 25 2
a 706 200 0 17 5
a 707 776 0 25 9
a 707 653 0 47 9
a 708 134 0 25 10
a 708 923 0 22 4
a 710 939 0 25 2
a 710 523 0 36 6
a 711 933 0 25 9
a 711 114 0 18 3
a 712 890 0 25 9
a 712 848 0 0 5
a 713 611 0 25 5
a 713 462 0 2 7
a 725 331 0 25 3
a 725 56 0 17 4
a 726 836 0 25 9
a 726 815 0 47 8
a 727 351 0 25 10
a 727 859 0 23 9
a 729 969 0 25 2
a 729 927 0 27 1
a 732 704 0 25 7
a 732 750 0 4 6
a 733 848 0 25 9
a 733 598 0 43 8
a 734 432 0 25 8
a 734 237 0 12 9
a 735 798 0 25 7
a 735 271 0 11 1
a 736 542 0 25 3
a 736 970 0 26 3
a 737 971 0 25 3
a 737 783 0 48 5
a 741 610 0 25 8
a 741 822 0 14 9
a 742 820 0 25 10
a 742 36 0 14 5
a 743 433 0 25 6
a 743 935 0 34 3
a 744 652 0 25 5
a 744 846 0 25 4
a 746 144 0 25 2
a 746 497 0 7 1
a 747 364 0 25 2
a 747 215 0 36 9
a 749 627 0 25 4
a 749 326 0 33 8
a 750 760 0 25 7
a 750 86 0 9 7
a 751 39 0 25 6
a 751 558 0 6 4
a 753 558 0 25 2
a 753 814 0 47 3
a 754 292 0 25 4
a 754 398 0 3 3
a 755 977 0 25 5
a 755 169 0 45 10
a 756 386 0 25 2
a 756 785 0 18 6
a 757 713 0 25 7
a 757 103 0 48 4
a 758 74 0 25 6
a 758 52 0 13 7
a 759 885 0 25 5
a 759 546 0 23 8
a 760 782 0 25 7
a 760 732 0 10 5
a 761 474 0 25 8
a 761 345 0 40 1
a 762 928 0 25 8
a 762 457 0 44 10
a 763 35 0 25 2
a 763 418 0 11 8
a 767 199 0 25 1
a 767 169 0 37 7
a 768 813 0 25 7
a 768 278 0 24 1
a 774 505 0 25 1
a 774 162 0 15 8
a 776 114 0 25 6
a 776 740 0 46 3
a 782 631 0 25 8
a 782 262 0 10 5
a 783 711 0 25 10
a 783 414 0 33 8
a 786 315 0 25 6
a 786 37 0 12 8
a 787 983 0 25 9
a 787 132 0 15 2
a 789 559 0 25 1
a 789 73 0 7 8
a 791 293 0 25 5
a 791 680 0 46 10
a 792 230 0 25 2
a 792 628 0 1 8
a 793 690 0 25 8
a 793 64 0 0 4
a 794 143 0 25 2
a 794 244 0 26 1
a 798 13 0 25 8
a 798 870 0 0 10
a 799 329 0 25 1
a 799 549 0 24 10
a 802 273 0 25 10
a 802 797 0 50 4
a 805 287 0 25 1
a 805 405 0 21 1
a 806 137 0 25 9
a 806 707 0 28 4
a 808 806 0 25 6
a 808 893 0 50 4
a 809 106 0 25 3
a 809 93 0 9 9
a 810 941 0 25 8
a 810 741 0 33 10
a 813 880 0 25 8
a 813 908 0 5 6
a 815 694 0 25 3
a 815 452 0 38 6
a 816 356 0 25 10
a 816 744 0 46 4
a 817 258 0 25 7
a 817 908 0 25 5
a 818 539 0 25 8
a 818 508 0 16 3
a 820 876 0 25 1
a 820 690 0 44 1
a 824 281 0 25 8
a 824 92 0 8 6
a 825 978 0 25 4
a 825 778 0 12 3
a 826 274 0 25 7
a 826 153 0 38 3
a 829 816 0 25 6
a 829 141 0 43 3
a 831 614 0 25 8
a 831 750 0 25 1
a 836 759 0 25 4
a 836 403 0 48 1
a 838 101 0 25 1
a 838 244 0 11 7
a 839 304 0 25 9
a 839 827 0 8 8
a 840 915 0 25 7
a 840 445 0 38 8
a 841 636 0 25 4
a 841 754 0 46 4
a 845 3 0 25 6
a 845 758 0 3 1
a 847 645 0 25 4
a 847 212 0 48 2
a 848 569 0 25 9
a 848 854 0 22 3
a 849 225 0 25 4
a 849 554 0 40 1
a 853 901 0 25 7
a 853 525 0 37 6
a 856 648 0 25 2
a 856 619 0 3 3
a 861 28 0 25 5
a 861 886 0 6 1
a 862 373 0 25 6
a 862 613 0 12 6
a 864 470 0 25 5
a 864 621 0 36 9
a 865 501 0 25 4
a 865 801 0 21 7
a 867 891 0 25 4
a 867 923 0 25 5
a 868 420 0 25 9
a 868 661 0 46 10
a 871 751 0 25 5
a 871 265 0 48 10
a 872 42 0 25 5
a 872 952 0 18 6
a 873 378 0 25 1
a 873 212 0 9 2
a 874 847 0 25 5
a 874 91 0 27 8
a 876 525 0 25 9
a 876 581 0 28 3
a 877 591 0 25 8
a 877 795 0 19 7
a 878 527 0 25 5
a 878 879 0 21 9
a 880 649 0 25 6
a 880 346 0 5 9
a 881 486 0 25 5
a 881 164 0 16 9
a 883 164 0 25 10
a 883 718 0 45 10
a 884 463 0 25 7
a 884 92 0 42 7
a 885 512 0 25 9
a 885 344 0 25 9
a 890 102 0 25 7
a 890 743 0 46 2
a 891 245 0 25 4
a 891 972 0 39 2
a 893 120 0 25 1
a 893 609 0 0 2
a 894 271 0 25 8
a 894 144 0 47 6
a 897 906 0 25 4
a 897 476 0 22 9
a 900 954 0 25 9
a 900 676 0 25 9
a 901 754 0 25 7
a 901 110 0 2 5
a 904 342 0 25 7
a 904 66 0 19 8
a 906 297 0 25 7
a 906 505 0 1 2
a 909 237 0 25 10
a 909 102 0 48 10
a 914 877 0 25 9
a 914 876 0 26 6
a 915 404 0 25 2
a 915 611 0 25 8
a 916 793 0 25 10
a 916 955 0 30 5
a 918 348 0 25 3
a 918 320 0 24 8
a 922 430 0 25 2
a 922 427 0 1 1
a 923 450 0 25 6
a 923 183 0 46 8
a 924 166 0 25 10
a 924 614 0 0 4
a 928 725 0 25 9
a 928 922 0 46 9
a 932 557 0 25 3
a 932 511 0 7 9
a 933 563 0 25 3
a 933 821 0 14 3
a 938 894 0 25 2
a 938 242 0 33 3
a 939 588 0 25 5
a 939 406 0 21 3
a 940 995 0 25 3
a 940 867 0 37 2
a 941 418 0 25 2
a 941 137 0 36 6
a 948 976 0 25 4
a 948 566 0 25 5
a 949 799 0 25 10
a 949 127 0 47 3
a 952 750 0 25 3
a 952 818 0 24 7
a 953 431 0 25 6
a 953 767 0 26 8
a 954 737 0 25 5
a 954 813 0 35 9
a 958 516 0 25 9
a 958 307 0 33 2
a 960 742 0 25 8
a 960 380 0 34 6
a 963 195 0 25 10
a 963 516 0 32 4
a 967 370 0 25 10
a 967 912 0 48 6
a 969 125 0 25 8
a 969 802 0 32 1
a 971 222 0 25 5
a 971 524 0 13 6
a 974 30 0 25 2
a 974 745 0 13 10
a 976 280 0 25 5
a 976 316 0 3 1
a 977 216 0 25 5
a 977 553 0 50 2
a 978 987 0 25 1
a 978 81 0 12 4
a 980 427 0 25 1
a 980 77 0 14 9
a 981 676 0 25 8
a 981 248 0 7 3
a 982 867 0 25 3
a 982 761 0 39 6
a 983 437 0 25 9
a 983 7 0 26 3
a 985 536 0 25 9
a 985 618 0 13 3
a 987 794 0 25 4
a 987 67 0 9 6
a 989 663 0 25 1
a 989 775 0 9 9
a 990 792 0 25 1
a 990 359 0 19 5
a 993 330 0 25 8
a 993 684 0 10 9
a 995 547 0 25 2
a 995 157 0 29 6
a 997 403 0 25 8
a 997 559 0 9 5
a 998 980 0 25 3
a 998 993 0 13 2
