c PyNETGEN v1.0.0
c $ pip install pynetgen
c
c  NETGEN flow network generation algorithm
c  Problem input parameters
c  -------------------------------------
c   Random seed:          1
c   Number of nodes:      1000
c   Source nodes:         2
c   Sink nodes:           2
c   Number of arcs:       2000
c   Minimum arc cost:     1
c   Maximum arc cost:     10
c   Total supply:         50
c   Transshipment -
c     Sources:            0
c     Sinks:              0
c   Skeleton arcs -
c     With max cost:      0
c     Capacitated:        100
c   Minimum arc capacity: 0
c   Maximum arc capacity: 50
c
c  *** Minimum cost flow ***
c
p min 1000 2000
n 1 9
n 2 41
n 999 -11
n 1000 -39
a 1 671 0 9 10
a 1 797 0 2 5
a 1 740 0 4 1
a 4 105 0 9 4
a 4 757 0 7 2
a 4 30 0 39 8
a 5 299 0 9 6
a 5 538 0 11 2
a 6 443 0 9 3
a 6 497 0 6 7
a 9 599 0 9 8
a 9 794 0 27 10
a 9 475 0 37 1
a 12 161 0 9 7
a 12 977 0 30 2
a 12 407 0 40 6
a 13 549 0 9 9
a 13 467 0 4 5
a 14 653 0 9 8
a 14 930 0 44 1
a 15 540 0 9 10
a 15 499 0 37 1
a 16 913 0 9 3
a 16 636 0 22 1
a 17 60 0 9 5
a 17 195 0 18 7
a 19 216 0 9 2
a 19 351 0 29 1
a 21 650 0 9 3
a 21 884 0 15 4
a 22 917 0 9 2
a 22 823 0 17 10
a 24 38 0 9 5
a 24 722 0 1 5
a 25 564 0 9 2
a 25 320 0 41 2
a 26 205 0 9 3
a 26 964 0 37 5
a 31 413 0 9 10
a 31 331 0 16 3
a 33 90 0 9 3
a 33 63 0 31 10
a 34 310 0 9 6
a 34 387 0 47 3
a 36 829 0 9 10
a 36 41 0 3 6
a 37 482 0 9 4
a 37 444 0 14 3
a 38 676 0 9 10
a 38 50 0 21 5
a 41 644 0 9 6
a 41 697 0 37 10
a 42 384 0 9 10
a 42 25 0 26 4
a 45 727 0 9 9
a 45 129 0 25 2
a 46 799 0 9 4
a 46 790 0 32 2
a 47 120 0 9 4
a 47 913 0 18 8
a 49 889 0 9 9
a 49 81 0 43 7
a 50 568 0 9 5
a 50 803 0 22 2
a 52 840 0 9 9
a 52 488 0 11 2
a 54 318 0 9 8
a 54 117 0 4 4
a 56 316 0 9 4
a 56 293 0 12 6
a 58 995 0 9 5
a 58 299 0 23 1
a 59 911 0 9 3
a 59 659 0 47 10
a 60 532 0 9 4
a 60 216 0 12 2
a 62 790 0 9 6
a 62 46 0 36 1
a 64 496 0 9 6
a 64 157 0 27 4
a 65 473 0 9 2
a 65 561 0 28 1
a 66 922 0 9 4
a 66 212 0 39 10
a 68 729 0 9 4
a 68 188 0 29 8
a 70 186 0 9 10
a 70 314 0 43 6
a 73 928 0 9 10
a 73 333 0 13 9
a 74 782 0 9 9
a 74 908 0 19 4
a 76 996 0 9 5
a 76 199 0 4 10
a 78 926 0 9 4
a 78 152 0 35 2
a 83 388 0 9 7
a 83 787 0 14 1
a 84 701 0 9 8
a 84 168 0 40 8
a 85 515 0 9 7
a 85 19 0 23 5
a 86 139 0 9 4
a 86 356 0 12 8
a 87 295 0 9 4
a 87 801 0 23 5
a 89 640 0 9 1
a 89 855 0 14 3
a 90 252 0 9 7
a 90 767 0 14 4
a 101 692 0 9 6
a 101 10 0 29 1
a 103 104 0 9 2
a 103 481 0 49 7
a 104 498 0 9 6
a 104 924 0 1 1
a 105 570 0 9 5
a 105 683 0 18 5
a 106 199 0 9 8
a 106 380 0 14 3
a 112 219 0 9 4
a 112 847 0 7 7
a 114 919 0 9 9
a 114 625 0 41 9
a 115 888 0 9 8
a 115 133 0 36 1
a 116 251 0 9 10
a 116 147 0 2 9
a 117 85 0 9 7
a 117 966 0 24 3
a 118 681 0 9 8
a 118 218 0 44 6
a 120 126 0 9 2
a 120 878 0 35 7
a 121 419 0 9 10
a 121 816 0 12 7
a 124 73 0 9 8
a 124 794 0 36 10
a 126 780 0 9 4
a 126 208 0 10 2
a 129 449 0 9 1
a 129 181 0 14 8
a 132 884 0 9 8
a 132 835 0 41 2
a 133 861 0 9 1
a 133 839 0 5 6
a 134 391 0 9 9
a 134 792 0 9 9
a 135 863 0 9 4
a 135 485 0 7 3
a 137 240 0 9 1
a 137 459 0 36 10
a 139 872 0 9 8
a 139 192 0 4 1
a 143 338 0 9 2
a 143 552 0 14 8
a 144 74 0 9 4
a 144 444 0 44 7
a 145 739 0 9 4
a 145 752 0 31 8
a 146 231 0 9 7
a 146 734 0 31 5
a 147 330 0 9 6
a 147 333 0 5 1
a 149 452 0 9 8
a 149 666 0 45 6
a 150 315 0 9 1
a 150 357 0 6 7
a 153 893 0 9 4
a 153 508 0 23 4
a 156 542 0 9 7
a 156 802 0 27 6
a 158 680 0 9 5
a 158 556 0 21 4
a 159 749 0 9 6
a 159 304 0 48 1
a 160 587 0 9 4
a 160 992 0 15 10
a 161 486 0 9 7
a 161 558 0 24 2
a 164 808 0 9 2
a 164 746 0 9 4
a 165 684 0 9 2
a 165 425 0 49 1
a 168 502 0 9 10
a 168 35 0 35 2
a 169 742 0 9 9
a 169 472 0 49 4
a 170 929 0 9 10
a 170 583 0 20 7
a 173 217 0 9 5
a 173 98 0 8 10
a 174 690 0 9 7
a 174 284 0 17 5
a 178 400 0 9 8
a 178 773 0 35 6
a 180 279 0 9 7
a 180 497 0 12 8
a 182 856 0 9 5
a 182 716 0 42 8
a 184 158 0 9 5
a 184 262 0 27 9
a 185 45 0 9 8
a 185 247 0 45 2
a 186 164 0 9 10
a 186 348 0 29 5
a 188 504 0 9 2
a 188 943 0 28 9
a 190 351 0 9 3
a 190 681 0 43 5
a 191 595 0 9 4
a 191 943 0 7 3
a 195 137 0 9 3
a 195 440 0 32 8
a 199 705 0 9 1
a 199 358 0 24 3
a 202 159 0 9 6
a 202 175 0 40 6
a 204 428 0 9 4
a 204 240 0 7 8
a 205 507 0 9 6
a 205 209 0 42 6
a 207 558 0 9 2
a 207 943 0 44 5
a 208 331 0 9 4
a 208 163 0 36 5
a 212 592 0 9 4
a 212 453 0 44 7
a 214 603 0 9 3
a 214 631 0 38 10
a 215 68 0 9 10
a 215 39 0 30 9
a 216 697 0 9 6
a 216 90 0 23 8
a 217 169 0 9 4
a 217 464 0 49 9
a 218 920 0 9 5
a 218 772 0 45 10
a 219 779 0 9 3
a 219 582 0 25 3
a 221 593 0 9 6
a 221 212 0 6 8
a 223 513 0 9 5
a 223 310 0 35 9
a 227 485 0 9 6
a 227 965 0 36 8
a 231 214 0 9 9
a 231 797 0 2 6
a 232 537 0 9 3
a 232 21 0 33 9
a 234 165 0 9 3
a 234 785 0 24 2
a 236 268 0 9 8
a 236 953 0 39 9
a 237 1000 0 9 2
a 237 215 0 9 6
a 240 659 0 9 5
a 240 908 0 6 4
a 241 364 0 9 7
a 241 467 0 29 3
a 242 447 0 9 2
a 242 266 0 36 6
a 243 503 0 9 8
a 243 433 0 3 2
a 247 578 0 9 1
a 247 579 0 5 5
a 250 433 0 9 9
a 250 24 0 3 8
a 251 190 0 9 2
a 251 249 0 22 5
a 252 150 0 9 4
a 252 165 0 1 4
a 253 720 0 9 1
a 253 843 0 5 10
a 255 914 0 9 9
a 255 486 0 36 9
a 258 439 0 9 6
a 258 252 0 44 6
a 259 630 0 9 2
a 259 777 0 23 4
a 263 488 0 9 7
a 263 483 0 46 2
a 266 114 0 9 10
a 266 749 0 29 6
a 267 52 0 9 4
a 267 390 0 48 10
a 268 552 0 9 4
a 268 144 0 43 1
a 269 13 0 9 4
a 269 742 0 27 3
a 272 841 0 9 4
a 272 811 0 40 2
a 274 812 0 9 10
a 274 68 0 10 1
a 276 134 0 9 2
a 276 521 0 29 4
a 277 42 0 9 1
a 277 966 0 50 3
a 278 361 0 9 1
a 278 249 0 33 4
a 279 743 0 9 9
a 279 876 0 21 2
a 283 480 0 9 10
a 283 343 0 2 7
a 284 760 0 9 10
a 284 905 0 42 1
a 285 935 0 9 1
a 285 120 0 28 10
a 287 135 0 9 8
a 287 802 0 16 10
a 290 188 0 9 6
a 290 806 0 43 5
a 295 347 0 9 3
a 295 629 0 12 2
a 299 940 0 9 1
a 299 834 0 2 9
a 300 101 0 9 6
a 300 42 0 42 1
a 303 494 0 9 3
a 303 886 0 43 1
a 304 272 0 9 6
a 304 36 0 26 4
a 305 47 0 9 5
a 305 77 0 4 4
a 307 352 0 9 4
a 307 396 0 39 8
a 310 763 0 9 10
a 310 10 0 11 6
a 311 903 0 9 8
a 311 545 0 38 6
a 312 620 0 9 4
a 312 836 0 2 4
a 313 979 0 9 2
a 313 12 0 24 8
a 314 180 0 9 5
a 314 746 0 36 5
a 315 218 0 9 8
a 315 987 0 45 8
a 316 335 0 9 10
a 316 641 0 28 2
a 318 160 0 9 5
a 318 280 0 17 5
a 319 277 0 9 10
a 319 362 0 10 5
a 325 962 0 9 3
a 325 361 0 49 8
a 327 153 0 9 2
a 327 232 0 2 9
a 329 397 0 9 3
a 329 796 0 4 3
a 330 805 0 9 9
a 330 741 0 45 3
a 331 574 0 9 1
a 331 124 0 32 4
a 332 423 0 9 8
a 332 599 0 24 5
a 333 560 0 9 9
a 333 950 0 27 4
a 334 62 0 9 7
a 334 387 0 26 8
a 335 133 0 9 7
a 335 60 0 2 9
a 336 899 0 9 8
a 336 961 0 16 10
a 337 89 0 9 4
a 337 257 0 49 7
a 338 956 0 9 9
a 338 926 0 17 5
a 340 752 0 9 3
a 340 463 0 29 8
a 342 14 0 9 6
a 342 451 0 22 1
a 346 329 0 9 4
a 346 646 0 27 9
a 347 208 0 9 8
a 347 936 0 1 2
a 351 284 0 9 3
a 351 626 0 6 4
a 352 283 0 9 6
a 352 977 0 46 6
a 353 547 0 9 3
a 353 59 0 26 6
a 357 613 0 9 4
a 357 307 0 3 10
a 361 915 0 9 8
a 361 401 0 11 2
a 364 927 0 9 1
a 364 380 0 38 5
a 370 422 0 9 6
a 370 424 0 24 9
a 374 533 0 9 8
a 374 458 0 22 2
a 376 450 0 9 7
a 376 131 0 1 3
a 378 600 0 9 10
a 378 51 0 19 4
a 380 374 0 9 3
a 380 819 0 29 1
a 384 765 0 9 6
a 384 77 0 19 10
a 385 821 0 9 1
a 385 794 0 4 10
a 387 399 0 9 5
a 387 908 0 8 7
a 388 978 0 9 9
a 388 688 0 50 3
a 391 312 0 9 6
a 391 627 0 1 4
a 392 460 0 9 1
a 392 693 0 11 5
a 396 156 0 9 10
a 396 769 0 45 5
a 397 285 0 9 3
a 397 11 0 28 5
a 399 173 0 9 2
a 399 407 0 10 10
a 400 882 0 9 9
a 400 282 0 43 2
a 405 305 0 9 1
a 405 617 0 17 3
a 406 901 0 9 8
a 406 363 0 3 3
a 407 78 0 9 3
a 407 631 0 31 10
a 408 204 0 9 5
a 408 366 0 6 5
a 413 314 0 9 10
a 413 954 0 15 10
a 417 509 0 9 9
a 417 666 0 26 9
a 418 614 0 9 3
a 418 918 0 1 2
a 419 689 0 9 4
a 419 458 0 12 9
a 420 987 0 9 4
a 420 642 0 7 8
a 422 145 0 9 8
a 422 260 0 7 1
a 423 462 0 9 7
a 423 97 0 31 2
a 426 191 0 9 10
a 426 268 0 4 3
a 428 19 0 9 1
a 428 624 0 2 2
a 431 487 0 9 5
a 431 179 0 40 2
a 433 967 0 9 6
a 433 843 0 45 3
a 435 116 0 9 4
a 435 713 0 0 8
a 436 418 0 9 4
a 436 142 0 25 6
a 439 745 0 9 7
a 439 370 0 25 8
a 440 327 0 9 8
a 440 939 0 12 8
a 443 544 0 9 4
a 443 254 0 10 6
a 447 6 0 9 3
a 447 761 0 24 7
a 448 65 0 9 7
a 448 332 0 3 2
a 449 202 0 9 10
a 449 420 0 25 5
a 450 431 0 9 9
a 450 496 0 47 6
a 452 184 0 9 8
a 452 95 0 49 8
a 454 717 0 9 2
a 454 270 0 50 1
a 457 573 0 9 7
a 457 801 0 3 9
a 459 117 0 9 10
a 459 784 0 6 9
a 460 621 0 9 7
a 460 677 0 31 2
a 462 508 0 9 7
a 462 385 0 27 3
a 463 774 0 9 10
a 463 349 0 17 2
a 466 12 0 9 7
a 466 269 0 11 5
a 467 788 0 9 5
a 467 870 0 15 8
a 471 787 0 9 5
a 471 451 0 39 4
a 473 392 0 9 7
a 473 235 0 22 3
a 474 121 0 9 6
a 474 432 0 7 4
a 476 673 0 9 4
a 476 242 0 41 2
a 480 981 0 9 2
a 480 591 0 14 9
a 481 859 0 9 2
a 481 685 0 31 3
a 482 796 0 9 7
a 482 586 0 43 3
a 485 848 0 9 10
a 485 570 0 35 3
a 486 481 0 9 4
a 486 884 0 28 4
a 487 353 0 9 5
a 487 562 0 13 3
a 488 492 0 9 10
a 488 996 0 33 7
a 492 933 0 9 1
a 492 840 0 16 5
a 494 737 0 9 3
a 494 551 0 0 8
a 496 645 0 9 8
a 496 586 0 28 1
a 498 747 0 9 6
a 498 88 0 49 5
a 500 517 0 9 5
a 500 771 0 33 4
a 502 713 0 9 10
a 502 705 0 21 8
a 503 168 0 9 2
a 503 387 0 1 10
a 504 267 0 9 10
a 504 893 0 30 4
a 505 207 0 9 10
a 505 340 0 27 1
a 507 735 0 9 3
a 507 726 0 18 4
a 508 178 0 9 2
a 508 726 0 11 2
a 509 263 0 9 4
a 509 285 0 46 8
a 510 236 0 9 9
a 510 335 0 7 9
a 513 300 0 9 1
a 513 186 0 42 8
a 515 955 0 9 5
a 515 165 0 15 2
a 517 59 0 9 10
a 517 821 0 3 5
a 518 311 0 9 6
a 518 179 0 41 4
a 519 463 0 9 1
a 519 642 0 24 5
a 521 662 0 9 7
a 521 116 0 9 9
a 523 259 0 9 5
a 523 562 0 10 7
a 524 426 0 9 10
a 524 692 0 18 4
a 528 946 0 9 1
a 528 230 0 25 3
a 532 174 0 9 5
a 532 951 0 35 9
a 533 247 0 9 3
a 533 111 0 6 7
a 537 505 0 9 4
a 537 712 0 22 10
a 538 738 0 9 8
a 538 857 0 44 8
a 539 615 0 9 9
a 539 825 0 42 2
a 540 195 0 9 9
a 540 140 0 40 10
a 541 457 0 9 4
a 541 335 0 40 2
a 542 115 0 9 6
a 542 855 0 10 6
a 544 406 0 9 7
a 544 537 0 23 1
a 547 961 0 9 7
a 547 459 0 4 7
a 549 756 0 9 10
a 549 206 0 8 6
a 552 948 0 9 2
a 552 916 0 47 7
a 554 325 0 9 10
a 554 748 0 25 2
a 558 594 0 9 9
a 558 53 0 26 3
a 560 803 0 9 4
a 560 177 0 28 8
a 564 590 0 9 8
a 564 807 0 9 5
a 567 541 0 9 2
a 567 440 0 7 8
a 568 766 0 9 8
a 568 215 0 34 3
a 570 64 0 9 7
a 570 311 0 20 4
a 573 611 0 9 1
a 573 651 0 48 4
a 574 855 0 9 4
a 574 252 0 44 10
a 578 700 0 9 2
a 578 68 0 3 8
a 580 276 0 9 2
a 580 231 0 27 3
a 584 86 0 9 8
a 584 199 0 49 10
a 585 234 0 9 10
a 585 291 0 9 2
a 587 842 0 9 7
a 587 400 0 9 6
a 588 554 0 9 7
a 588 222 0 47 9
a 589 332 0 9 5
a 589 479 0 21 1
a 590 337 0 9 10
a 590 461 0 26 3
a 591 149 0 9 6
a 591 358 0 7 6
a 592 898 0 9 3
a 592 401 0 29 2
a 593 844 0 9 7
a 593 830 0 10 10
a 594 908 0 9 7
a 594 338 0 40 6
a 595 588 0 9 6
a 595 953 0 7 4
a 599 795 0 9 2
a 599 720 0 6 8
a 600 807 0 9 10
a 600 29 0 43 9
a 602 934 0 9 8
a 602 252 0 3 10
a 603 250 0 9 4
a 603 266 0 6 1
a 607 910 0 9 1
a 607 156 0 26 8
a 609 707 0 9 1
a 609 515 0 1 9
a 610 858 0 9 6
a 610 234 0 35 10
a 611 580 0 9 5
a 611 510 0 37 7
a 612 36 0 9 6
a 612 360 0 30 4
a 613 712 0 9 7
a 613 828 0 20 4
a 614 809 0 9 3
a 614 887 0 7 3
a 615 22 0 9 3
a 615 589 0 10 10
a 616 769 0 9 2
a 616 427 0 28 1
a 620 103 0 9 3
a 620 175 0 16 5
a 621 9 0 9 8
a 621 100 0 16 7
a 626 610 0 9 8
a 626 396 0 45 3
a 627 370 0 9 1
a 627 673 0 19 10
a 630 334 0 9 1
a 630 741 0 50 5
a 633 274 0 9 2
a 633 866 0 36 7
a 637 5 0 9 3
a 637 373 0 31 6
a 640 607 0 9 7
a 640 889 0 11 7
a 643 992 0 9 2
a 643 272 0 36 10
a 644 825 0 9 6
a 644 484 0 38 5
a 645 58 0 9 3
a 645 277 0 36 9
a 648 258 0 9 7
a 648 249 0 10 4
a 650 435 0 9 10
a 650 752 0 0 8
a 651 333 0 9 1
a 651 753 0 0 5
a 653 70 0 9 2
a 653 998 0 10 8
a 654 626 0 9 2
a 654 447 0 24 10
a 656 170 0 9 5
a 656 450 0 42 3
a 657 223 0 9 2
a 657 676 0 42 2
a 659 602 0 9 6
a 659 123 0 45 3
a 660 519 0 9 6
a 660 631 0 20 7
a 661 459 0 9 5
a 661 615 0 33 7
a 662 672 0 9 5
a 662 456 0 28 2
a 664 916 0 9 1
a 664 180 0 16 6
a 665 66 0 9 1
a 665 375 0 4 10
a 668 466 0 9 4
a 668 191 0 35 6
a 671 783 0 9 4
a 671 364 0 13 4
a 672 954 0 9 2
a 672 685 0 27 8
a 673 716 0 9 6
a 673 34 0 41 8
a 676 591 0 9 9
a 676 490 0 7 3
a 680 759 0 9 2
a 680 355 0 44 8
a 681 616 0 9 1
a 681 731 0 21 9
a 684 654 0 9 3
a 684 723 0 29 4
a 687 420 0 9 1
a 687 529 0 43 2
a 689 945 0 9 3
a 689 121 0 40 5
a 690 746 0 9 10
a 690 178 0 7 10
a 691 518 0 9 8
a 691 620 0 10 3
a 692 21 0 9 8
a 692 348 0 39 7
a 694 885 0 9 4
a 694 710 0 43 3
a 697 660 0 9 3
a 697 857 0 26 5
a 700 266 0 9 1
a 700 343 0 44 6
a 701 521 0 9 10
a 701 669 0 11 3
a 705 797 0 9 3
a 705 990 0 10 2
a 707 781 0 9 7
a 707 471 0 48 5
a 712 319 0 9 4
a 712 657 0 16 9
a 713 668 0 9 10
a 713 723 0 5 9
a 715 906 0 9 4
a 715 46 0 40 9
a 716 232 0 9 4
a 716 224 0 25 5
a 717 567 0 9 9
a 717 354 0 45 2
a 720 637 0 9 3
a 720 74 0 45 8
a 726 836 0 9 8
a 726 334 0 44 10
a 727 500 0 9 8
a 727 781 0 45 10
a 729 87 0 9 4
a 729 982 0 45 10
a 735 340 0 9 3
a 735 206 0 28 3
a 737 26 0 9 5
a 737 117 0 26 9
a 738 806 0 9 8
a 738 459 0 43 10
a 739 106 0 9 7
a 739 562 0 15 2
a 740 523 0 9 10
a 740 3 0 27 1
a 742 687 0 9 3
a 742 303 0 28 1
a 743 830 0 9 3
a 743 448 0 8 2
a 745 589 0 9 10
a 745 920 0 37 6
a 746 307 0 9 9
a 746 85 0 18 3
a 747 850 0 9 1
a 747 308 0 0 4
a 748 974 0 9 9
a 748 380 0 2 6
a 749 832 0 9 10
a 749 912 0 36 4
a 752 528 0 9 9
a 752 150 0 49 9
a 756 405 0 9 10
a 756 711 0 44 1
a 759 748 0 9 7
a 759 128 0 11 5
a 760 37 0 9 5
a 760 602 0 11 2
a 763 303 0 9 1
a 763 335 0 12 10
a 765 633 0 9 10
a 765 966 0 6 5
a 766 41 0 9 4
a 766 891 0 9 7
a 769 378 0 9 6
a 769 752 0 39 7
a 773 56 0 9 5
a 773 729 0 32 4
a 774 290 0 9 1
a 774 548 0 46 1
a 776 909 0 9 9
a 776 894 0 25 7
a 778 287 0 9 6
a 778 743 0 34 9
a 779 938 0 9 6
a 779 336 0 46 3
a 780 773 0 9 1
a 780 708 0 2 7
a 781 694 0 9 1
a 781 583 0 11 7
a 782 336 0 9 3
a 782 519 0 15 9
a 783 112 0 9 4
a 783 968 0 8 8
a 784 33 0 9 10
a 784 860 0 11 8
a 787 539 0 9 8
a 787 22 0 0 5
a 788 454 0 9 7
a 788 787 0 49 2
a 790 648 0 9 8
a 790 433 0 21 9
a 792 146 0 9 9
a 792 868 0 12 4
a 795 627 0 9 10
a 795 284 0 36 10
a 796 656 0 9 4
a 796 472 0 32 3
a 797 918 0 9 3
a 797 675 0 8 5
a 799 778 0 9 7
a 799 522 0 18 10
a 803 612 0 9 8
a 803 565 0 5 9
a 805 16 0 9 4
a 805 913 0 19 7
a 806 129 0 9 8
a 806 516 0 15 9
a 807 380 0 9 7
a 807 817 0 4 9
a 808 833 0 9 9
a 808 260 0 17 2
a 809 892 0 9 3
a 809 270 0 44 4
a 812 467 0 9 3
a 812 518 0 36 1
a 821 476 0 9 1
a 821 995 0 41 3
a 822 396 0 9 8
a 822 348 0 15 8
a 825 661 0 9 3
a 825 760 0 3 3
a 829 584 0 9 2
a 829 489 0 37 8
a 830 221 0 9 7
a 830 155 0 35 5
a 832 990 0 9 2
a 832 6 0 42 9
a 833 17 0 9 1
a 833 879 0 3 10
a 836 776 0 9 5
a 836 522 0 17 7
a 837 132 0 9 2
a 837 247 0 14 6
a 840 657 0 9 4
a 840 906 0 4 8
a 841 84 0 9 10
a 841 30 0 9 1
a 842 376 0 9 8
a 842 232 0 32 7
a 844 385 0 9 3
a 844 44 0 42 7
a 846 182 0 9 4
a 846 938 0 49 3
a 848 83 0 9 2
a 848 944 0 10 10
a 850 448 0 9 6
a 850 352 0 5 3
a 855 951 0 9 8
a 855 450 0 50 9
a 856 118 0 9 6
a 856 559 0 1 5
a 858 304 0 9 1
a 858 679 0 22 8
a 859 524 0 9 7
a 859 48 0 27 10
a 861 147 0 9 1
a 861 138 0 22 7
a 862 726 0 9 4
a 862 947 0 24 6
a 863 31 0 9 8
a 863 326 0 41 1
a 872 982 0 9 5
a 872 599 0 42 4
a 881 124 0 9 6
a 881 402 0 36 4
a 882 822 0 9 1
a 882 651 0 0 5
a 884 953 0 9 8
a 884 895 0 0 2
a 885 242 0 9 10
a 885 397 0 8 1
a 888 665 0 9 3
a 888 894 0 41 4
a 889 15 0 9 10
a 889 525 0 31 10
a 892 346 0 9 9
a 892 653 0 37 4
a 893 651 0 9 9
a 893 44 0 4 10
a 897 984 0 9 6
a 897 211 0 17 7
a 898 510 0 9 4
a 898 674 0 3 8
a 899 862 0 9 7
a 899 108 0 44 5
a 901 342 0 9 6
a 901 405 0 49 5
a 903 49 0 9 4
a 903 733 0 13 1
a 906 792 0 9 10
a 906 58 0 6 9
a 908 943 0 9 10
a 908 680 0 9 7
a 909 846 0 9 10
a 909 487 0 20 9
a 910 881 0 9 3
a 910 846 0 10 7
a 911 784 0 9 8
a 911 653 0 25 9
a 913 76 0 9 10
a 913 428 0 16 5
a 914 4 0 9 4
a 914 104 0 48 4
a 915 474 0 9 1
a 915 967 0 1 4
a 916 185 0 9 6
a 916 271 0 29 10
a 917 243 0 9 7
a 917 309 0 28 6
a 918 999 0 9 5
a 918 163 0 6 4
a 919 715 0 9 4
a 919 473 0 15 1
a 920 144 0 9 2
a 920 658 0 30 7
a 922 255 0 9 6
a 922 236 0 20 8
a 924 313 0 9 7
a 924 95 0 2 6
a 926 269 0 9 3
a 926 404 0 25 9
a 927 970 0 9 5
a 927 137 0 46 6
a 928 241 0 9 5
a 928 890 0 48 5
a 929 212 0 9 3
a 929 683 0 3 5
a 933 471 0 9 3
a 933 236 0 7 10
a 934 278 0 9 9
a 934 69 0 19 9
a 935 897 0 9 5
a 935 141 0 7 10
a 938 538 0 9 10
a 938 164 0 11 5
a 940 408 0 9 1
a 940 140 0 27 2
a 943 387 0 9 7
a 943 631 0 43 7
a 945 143 0 9 1
a 945 226 0 28 4
a 946 740 0 9 8
a 946 584 0 9 3
a 948 46 0 9 7
a 948 973 0 13 6
a 951 691 0 9 2
a 951 76 0 19 9
a 953 643 0 9 2
a 953 836 0 36 1
a 954 237 0 9 1
a 954 571 0 12 7
a 955 837 0 9 10
a 955 964 0 27 5
a 956 34 0 9 4
a 956 869 0 17 5
a 961 924 0 9 1
a 961 632 0 23 9
a 962 227 0 9 2
a 962 276 0 16 5
a 967 253 0 9 7
a 967 279 0 38 7
a 970 54 0 9 3
a 970 910 0 3 9
a 974 436 0 9 8
a 974 739 0 16 3
a 978 50 0 9 1
a 978 635 0 35 3
a 979 357 0 9 9
a 979 339 0 30 7
a 981 440 0 9 4
a 981 363 0 28 1
a 982 407 0 9 2
a 982 279 0 39 9
a 984 25 0 9 8
a 984 253 0 20 7
a 987 585 0 9 1
a 987 442 0 17 8
a 990 609 0 9 5
a 990 543 0 36 4
a 992 664 0 9 9
a 992 583 0 28 7
a 995 24 0 9 2
a 995 854 0 13 8
a 996 417 0 9 1
a 996 928 0 19 1
a 2 222 0 41 1
a 2 163 0 11 1
a 3 109 0 41 4
a 3 390 0 14 2
a 7 734 0 41 4
a 7 105 0 48 1
a 8 367 0 41 8
a 8 569 0 23 7
a 10 598 0 41 10
a 10 537 0 19 4
a 11 238 0 41 4
a 11 310 0 16 6
a 18 177 0 41 6
a 18 731 0 3 10
a 20 522 0 41 3
a 20 567 0 32 1
a 23 709 0 41 4
a 23 229 0 27 7
a 27 641 0 41 8
a 27 269 0 10 3
a 28 296 0 41 1
a 28 280 0 36 10
a 29 381 0 41 2
a 29 678 0 15 4
a 30 393 0 41 8
a 30 955 0 0 9
a 32 921 0 41 1
a 32 408 0 9 5
a 35 360 0 41 4
a 35 238 0 29 7
a 39 350 0 41 10
a 39 675 0 24 10
a 40 455 0 41 5
a 40 155 0 20 3
a 43 794 0 41 7
a 43 847 0 46 1
a 44 514 0 41 6
a 44 943 0 4 5
a 48 245 0 41 2
a 48 272 0 32 7
a 51 398 0 41 1
a 51 189 0 8 5
a 53 200 0 41 8
a 53 663 0 44 9
a 55 678 0 41 8
a 55 701 0 32 3
a 57 853 0 41 2
a 57 206 0 48 10
a 61 571 0 41 4
a 61 976 0 49 4
a 63 233 0 41 10
a 63 217 0 7 3
a 67 562 0 41 5
a 67 978 0 20 5
a 69 339 0 41 7
a 69 641 0 24 2
a 71 230 0 41 6
a 71 420 0 1 5
a 72 53 0 41 10
a 72 839 0 36 4
a 75 99 0 41 6
a 75 376 0 25 6
a 77 123 0 41 6
a 77 886 0 2 10
a 79 512 0 41 9
a 79 540 0 21 9
a 80 725 0 41 1
a 80 148 0 26 6
a 81 167 0 41 5
a 81 405 0 18 7
a 82 80 0 41 10
a 82 154 0 15 5
a 88 597 0 41 2
a 88 815 0 15 3
a 91 155 0 41 10
a 91 714 0 48 3
a 92 768 0 41 7
a 92 770 0 8 2
a 93 706 0 41 4
a 93 655 0 8 9
a 94 125 0 41 10
a 94 720 0 8 8
a 95 865 0 41 4
a 95 344 0 48 5
a 96 699 0 41 5
a 96 967 0 35 10
a 97 685 0 41 1
a 97 668 0 32 2
a 98 551 0 41 10
a 98 186 0 19 6
a 99 559 0 41 7
a 99 618 0 38 3
a 100 141 0 41 2
a 100 959 0 6 5
a 102 548 0 41 7
a 102 21 0 9 3
a 107 294 0 41 5
a 107 179 0 6 3
a 108 415 0 41 8
a 108 947 0 1 2
a 109 802 0 41 3
a 109 999 0 16 8
a 110 976 0 41 1
a 110 211 0 49 6
a 111 652 0 41 5
a 111 352 0 37 1
a 113 601 0 41 8
a 113 561 0 42 5
a 119 442 0 41 10
a 119 401 0 42 6
a 122 220 0 41 6
a 122 575 0 20 1
a 123 724 0 41 4
a 123 290 0 0 7
a 125 470 0 41 7
a 125 709 0 21 5
a 127 695 0 41 9
a 127 262 0 3 5
a 128 623 0 41 1
a 128 436 0 44 5
a 130 128 0 41 4
a 130 884 0 42 6
a 131 793 0 41 5
a 131 934 0 29 5
a 136 273 0 41 8
a 136 519 0 30 6
a 138 63 0 41 4
a 138 617 0 28 1
a 140 750 0 41 7
a 140 785 0 45 6
a 141 867 0 41 9
a 141 90 0 49 9
a 142 755 0 41 4
a 142 959 0 10 1
a 148 152 0 41 9
a 148 496 0 41 4
a 151 322 0 41 9
a 151 946 0 13 9
a 152 789 0 41 2
a 152 431 0 19 9
a 154 176 0 41 4
a 154 934 0 6 5
a 155 179 0 41 7
a 155 407 0 36 10
a 157 677 0 41 2
a 157 540 0 14 5
a 162 196 0 41 5
a 162 152 0 38 4
a 163 465 0 41 5
a 163 700 0 15 4
a 166 416 0 41 5
a 166 52 0 11 9
a 167 877 0 41 1
a 167 919 0 15 1
a 171 813 0 41 10
a 171 14 0 40 6
a 172 414 0 41 4
a 172 52 0 42 4
a 175 96 0 41 7
a 175 435 0 48 7
a 176 997 0 41 3
a 176 761 0 0 3
a 177 389 0 41 1
a 177 652 0 40 8
a 179 136 0 41 1
a 179 785 0 2 9
a 181 754 0 41 1
a 181 970 0 9 6
a 183 758 0 41 1
a 183 489 0 30 8
a 187 798 0 41 9
a 187 85 0 21 8
a 189 816 0 41 5
a 189 550 0 31 1
a 192 166 0 41 10
a 192 472 0 5 9
a 193 349 0 41 7
a 193 905 0 46 4
a 194 281 0 41 6
a 194 170 0 19 9
a 196 456 0 41 4
a 196 404 0 44 4
a 197 111 0 41 5
a 197 568 0 46 10
a 198 93 0 41 4
a 198 343 0 33 6
a 200 458 0 41 2
a 200 935 0 44 8
a 201 372 0 41 8
a 201 540 0 23 7
a 203 198 0 41 8
a 203 352 0 0 8
a 206 497 0 41 10
a 206 190 0 44 2
a 209 703 0 41 5
a 209 677 0 26 2
a 210 606 0 41 2
a 210 690 0 22 10
a 211 767 0 41 2
a 211 509 0 10 5
a 213 39 0 41 9
a 213 931 0 49 4
a 220 98 0 41 7
a 220 548 0 5 5
a 222 354 0 41 8
a 222 544 0 29 6
a 224 203 0 41 9
a 224 405 0 46 9
a 225 61 0 41 4
a 225 521 0 0 4
a 226 631 0 41 9
a 226 37 0 46 5
a 228 801 0 41 2
a 228 461 0 7 1
a 229 639 0 41 4
a 229 132 0 33 3
a 230 484 0 41 9
a 230 11 0 47 2
a 233 679 0 41 10
a 233 716 0 4 4
a 235 879 0 41 10
a 235 565 0 43 10
a 238 818 0 41 5
a 238 244 0 26 6
a 239 638 0 41 10
a 239 262 0 31 5
a 244 209 0 41 9
a 244 247 0 2 1
a 245 764 0 41 5
a 245 680 0 6 1
a 246 244 0 41 10
a 246 443 0 16 6
a 248 857 0 41 6
a 248 798 0 22 3
a 249 363 0 41 2
a 249 202 0 26 4
a 254 44 0 41 9
a 254 886 0 12 10
a 256 369 0 41 2
a 256 800 0 12 5
a 257 451 0 41 5
a 257 676 0 41 6
a 260 883 0 41 9
a 260 523 0 28 9
a 261 224 0 41 7
a 261 564 0 2 10
a 262 344 0 41 1
a 262 551 0 29 10
a 264 7 0 41 2
a 264 38 0 35 3
a 265 608 0 41 1
a 265 724 0 12 6
a 270 82 0 41 9
a 270 826 0 22 5
a 271 421 0 41 7
a 271 786 0 31 6
a 273 43 0 41 7
a 273 186 0 39 2
a 275 343 0 41 8
a 275 921 0 48 9
a 280 32 0 41 8
a 280 360 0 10 7
a 281 986 0 41 2
a 281 260 0 6 1
a 282 194 0 41 9
a 282 408 0 35 8
a 286 77 0 41 4
a 286 1000 0 41 7
a 288 958 0 41 4
a 288 18 0 33 4
a 289 175 0 41 2
a 289 937 0 17 5
a 291 81 0 41 3
a 291 558 0 20 10
a 292 88 0 41 3
a 292 721 0 19 9
a 293 437 0 41 8
a 293 756 0 17 6
a 294 718 0 41 1
a 294 300 0 48 10
a 296 163 0 41 4
a 296 933 0 39 2
a 297 635 0 41 9
a 297 589 0 38 6
a 298 359 0 41 4
a 298 706 0 19 5
a 301 286 0 41 5
a 301 826 0 25 4
a 302 575 0 41 6
a 302 930 0 30 6
a 306 632 0 41 7
a 306 814 0 30 6
a 308 947 0 41 7
a 308 733 0 1 2
a 309 744 0 41 6
a 309 507 0 28 7
a 317 172 0 41 10
a 317 161 0 28 10
a 320 543 0 41 10
a 320 962 0 50 6
a 321 810 0 41 8
a 321 73 0 0 4
a 322 403 0 41 2
a 322 229 0 34 4
a 323 228 0 41 10
a 323 533 0 23 5
a 324 686 0 41 5
a 324 987 0 7 3
a 326 617 0 41 1
a 326 184 0 19 5
a 328 306 0 41 9
a 328 704 0 19 3
a 339 483 0 41 6
a 339 686 0 0 7
a 341 297 0 41 5
a 341 20 0 22 8
a 343 937 0 41 10
a 343 669 0 30 8
a 344 546 0 41 4
a 344 614 0 41 6
a 345 493 0 41 10
a 345 993 0 50 6
a 348 605 0 41 2
a 348 563 0 20 1
a 349 501 0 41 5
a 349 829 0 33 7
a 350 949 0 41 4
a 350 384 0 21 4
a 354 835 0 41 1
a 354 671 0 31 10
a 355 566 0 41 3
a 355 462 0 12 6
a 356 762 0 41 5
a 356 788 0 34 1
a 358 288 0 41 4
a 358 282 0 8 6
a 359 655 0 41 9
a 359 895 0 2 5
a 360 751 0 41 9
a 360 488 0 22 6
a 362 845 0 41 7
a 362 132 0 40 7
a 363 989 0 41 10
a 363 924 0 21 8
a 365 819 0 41 8
a 365 190 0 17 9
a 366 11 0 41 10
a 366 395 0 16 10
a 367 127 0 41 4
a 367 983 0 2 6
a 368 925 0 41 5
a 368 722 0 22 2
a 369 619 0 41 5
a 369 481 0 25 4
a 371 582 0 41 3
a 371 700 0 48 10
a 372 229 0 41 7
a 372 159 0 44 5
a 373 999 0 41 10
a 373 227 0 13 2
a 375 864 0 41 6
a 375 803 0 12 4
a 377 280 0 41 4
a 377 758 0 8 6
a 379 298 0 41 9
a 379 468 0 24 8
a 381 427 0 41 6
a 381 908 0 1 2
a 382 20 0 41 7
a 382 917 0 26 10
a 383 723 0 41 10
a 383 385 0 47 2
a 386 69 0 41 5
a 386 374 0 40 7
a 389 791 0 41 10
a 389 371 0 11 1
a 390 424 0 41 6
a 390 836 0 5 2
a 393 971 0 41 3
a 393 824 0 26 8
a 394 309 0 41 7
a 394 33 0 34 10
a 395 394 0 41 10
a 395 279 0 20 1
a 398 642 0 41 4
a 398 39 0 19 9
a 401 382 0 41 1
a 401 342 0 31 7
a 402 572 0 41 8
a 402 277 0 12 1
a 403 142 0 41 10
a 403 807 0 44 10
a 404 604 0 41 8
a 404 287 0 2 4
a 409 988 0 41 3
a 409 261 0 47 1
a 410 157 0 41 5
a 410 355 0 47 8
a 411 499 0 41 10
a 411 566 0 36 2
a 412 48 0 41 10
a 412 490 0 36 8
a 414 969 0 41 3
a 414 373 0 36 7
a 415 438 0 41 2
a 415 261 0 26 5
a 416 843 0 41 2
a 416 355 0 6 6
a 421 270 0 41 7
a 421 580 0 36 9
a 424 110 0 41 1
a 424 450 0 19 9
a 425 826 0 41 4
a 425 461 0 48 10
a 427 622 0 41 5
a 427 791 0 30 8
a 429 489 0 41 7
a 429 261 0 28 5
a 430 495 0 41 2
a 430 872 0 8 6
a 432 27 0 41 5
a 432 745 0 27 8
a 434 282 0 41 10
a 434 153 0 16 5
a 437 181 0 41 5
a 437 744 0 44 10
a 438 757 0 41 7
a 438 122 0 19 4
a 441 731 0 41 1
a 441 466 0 9 8
a 442 636 0 41 7
a 442 6 0 49 1
a 444 140 0 41 3
a 444 301 0 43 3
a 445 866 0 41 7
a 445 237 0 1 9
a 446 211 0 41 4
a 446 65 0 20 1
a 451 952 0 41 5
a 451 683 0 27 9
a 453 401 0 41 3
a 453 784 0 21 8
a 455 249 0 41 5
a 455 445 0 21 4
a 456 838 0 41 2
a 456 310 0 39 3
a 458 577 0 41 9
a 458 291 0 45 5
a 461 94 0 41 6
a 461 644 0 8 6
a 464 785 0 41 10
a 464 639 0 27 4
a 465 876 0 41 6
a 465 55 0 20 1
a 468 907 0 41 2
a 468 27 0 48 3
a 469 628 0 41 5
a 469 547 0 5 7
a 470 820 0 41 6
a 470 146 0 3 1
a 472 900 0 41 9
a 472 856 0 5 4
a 475 646 0 41 10
a 475 673 0 45 8
a 477 966 0 41 8
a 477 210 0 28 8
a 478 902 0 41 10
a 478 211 0 44 6
a 479 983 0 41 9
a 479 425 0 1 8
a 483 965 0 41 2
a 483 936 0 12 1
a 484 823 0 41 1
a 484 472 0 33 7
a 489 963 0 41 7
a 489 572 0 47 10
a 490 108 0 41 8
a 490 609 0 25 10
a 491 534 0 41 4
a 491 305 0 46 9
a 493 852 0 41 4
a 493 773 0 48 1
a 495 817 0 41 6
a 495 425 0 6 4
a 497 834 0 41 3
a 497 22 0 45 5
a 499 183 0 41 9
a 499 194 0 28 10
a 501 670 0 41 2
a 501 404 0 15 3
a 506 975 0 41 10
a 506 480 0 47 2
a 511 526 0 41 4
a 511 574 0 34 5
a 512 445 0 41 1
a 512 864 0 33 8
a 514 23 0 41 7
a 514 21 0 3 7
a 516 860 0 41 1
a 516 297 0 46 1
a 520 371 0 41 7
a 520 448 0 2 3
a 522 753 0 41 8
a 522 906 0 6 2
a 525 248 0 41 1
a 525 983 0 41 6
a 526 213 0 41 8
a 526 947 0 0 1
a 527 708 0 41 7
a 527 311 0 43 5
a 529 154 0 41 1
a 529 901 0 15 7
a 530 569 0 41 10
a 530 804 0 44 9
a 531 341 0 41 3
a 531 269 0 31 7
a 534 410 0 41 10
a 534 459 0 48 2
a 535 688 0 41 7
a 535 711 0 35 5
a 536 932 0 41 3
a 536 769 0 8 1
a 543 980 0 41 7
a 543 432 0 9 4
a 545 973 0 41 10
a 545 585 0 13 8
a 546 550 0 41 7
a 546 646 0 50 10
a 548 761 0 41 5
a 548 943 0 6 1
a 550 579 0 41 7
a 550 468 0 18 9
a 551 786 0 41 9
a 551 108 0 35 1
a 553 358 0 41 2
a 553 949 0 48 2
a 555 674 0 41 5
a 555 71 0 24 2
a 556 873 0 41 4
a 556 104 0 3 6
a 557 8 0 41 2
a 557 747 0 6 1
a 559 92 0 41 4
a 559 782 0 12 8
a 561 874 0 41 3
a 561 87 0 22 4
a 562 373 0 41 2
a 562 42 0 14 4
a 563 265 0 41 2
a 563 282 0 17 6
a 565 377 0 41 6
a 565 425 0 49 5
a 566 629 0 41 3
a 566 648 0 38 1
a 569 292 0 41 5
a 569 880 0 9 5
a 571 576 0 41 6
a 571 526 0 39 7
a 572 871 0 41 9
a 572 694 0 16 4
a 575 991 0 41 6
a 575 473 0 35 3
a 576 75 0 41 4
a 576 221 0 31 8
a 577 411 0 41 10
a 577 497 0 29 7
a 579 28 0 41 5
a 579 428 0 12 8
a 581 923 0 41 5
a 581 322 0 47 5
a 582 777 0 41 1
a 582 439 0 39 8
a 583 289 0 41 4
a 583 553 0 14 7
a 586 624 0 41 8
a 586 825 0 18 8
a 596 171 0 41 3
a 596 94 0 6 7
a 597 890 0 41 5
a 597 391 0 4 6
a 598 875 0 41 3
a 598 951 0 9 6
a 601 891 0 41 5
a 601 229 0 5 4
a 604 561 0 41 3
a 604 775 0 21 10
a 605 383 0 41 7
a 605 331 0 40 6
a 606 896 0 41 4
a 606 352 0 48 5
a 608 404 0 41 5
a 608 209 0 36 9
a 617 254 0 41 1
a 617 885 0 19 10
a 618 210 0 41 9
a 618 715 0 15 5
a 619 130 0 41 3
a 619 928 0 14 1
a 622 107 0 41 2
a 622 806 0 15 6
a 623 828 0 41 3
a 623 902 0 10 10
a 624 102 0 41 5
a 624 755 0 9 10
a 625 444 0 41 7
a 625 783 0 47 4
a 628 30 0 41 2
a 628 882 0 39 1
a 629 432 0 41 8
a 629 639 0 5 6
a 631 711 0 41 7
a 631 395 0 27 7
a 632 557 0 41 2
a 632 752 0 39 6
a 634 972 0 41 1
a 634 985 0 37 2
a 635 324 0 41 6
a 635 71 0 33 2
a 636 649 0 41 1
a 636 257 0 14 10
a 638 72 0 41 9
a 638 663 0 50 6
a 639 930 0 41 3
a 639 627 0 28 9
a 641 345 0 41 6
a 641 18 0 34 2
a 642 531 0 41 8
a 642 301 0 3 5
a 646 472 0 41 4
a 646 668 0 5 6
a 647 733 0 41 8
a 647 198 0 10 2
a 649 301 0 41 7
a 649 60 0 25 1
a 652 365 0 41 7
a 652 21 0 25 3
a 655 964 0 41 10
a 655 802 0 37 10
a 658 960 0 41 10
a 658 82 0 9 4
a 663 941 0 41 9
a 663 476 0 46 8
a 666 464 0 41 3
a 666 783 0 44 8
a 667 100 0 41 5
a 667 139 0 5 1
a 669 596 0 41 9
a 669 696 0 38 4
a 670 535 0 41 3
a 670 123 0 3 10
a 674 18 0 41 1
a 674 92 0 4 8
a 675 226 0 41 3
a 675 832 0 40 9
a 677 131 0 41 1
a 677 988 0 33 6
a 678 944 0 41 7
a 678 963 0 45 1
a 679 57 0 41 6
a 679 201 0 37 4
a 682 775 0 41 2
a 682 932 0 34 6
a 683 293 0 41 2
a 683 204 0 8 9
a 685 390 0 41 4
a 685 100 0 24 6
a 686 704 0 41 3
a 686 828 0 15 3
a 688 894 0 41 4
a 688 114 0 11 7
a 693 814 0 41 10
a 693 252 0 4 1
a 695 698 0 41 2
a 695 266 0 10 6
a 696 895 0 41 4
a 696 288 0 19 8
a 698 693 0 41 2
a 698 723 0 45 10
a 699 714 0 41 8
a 699 841 0 19 6
a 702 412 0 41 10
a 702 591 0 8 10
a 703 10 0 41 9
a 703 72 0 4 10
a 704 666 0 41 10
a 704 515 0 22 5
a 706 905 0 41 3
a 706 778 0 11 2
a 708 189 0 41 4
a 708 916 0 31 8
a 709 317 0 41 9
a 709 8 0 33 10
a 710 555 0 41 3
a 710 642 0 47 1
a 711 441 0 41 5
a 711 640 0 34 8
a 714 328 0 41 10
a 714 329 0 36 10
a 718 878 0 41 4
a 718 462 0 49 6
a 719 545 0 41 5
a 719 263 0 18 7
a 721 683 0 41 10
a 721 596 0 47 2
a 722 302 0 41 5
a 722 426 0 0 8
a 723 904 0 41 3
a 723 272 0 39 4
a 724 386 0 41 2
a 724 69 0 34 6
a 725 618 0 41 10
a 725 948 0 49 8
a 728 375 0 41 4
a 728 431 0 37 5
a 730 409 0 41 10
a 730 6 0 39 1
a 731 225 0 41 9
a 731 915 0 2 2
a 732 721 0 41 5
a 732 340 0 47 3
a 733 95 0 41 3
a 733 121 0 6 10
a 734 366 0 41 9
a 734 636 0 18 6
a 736 565 0 41 2
a 736 525 0 13 2
a 741 469 0 41 7
a 741 932 0 24 3
a 744 71 0 41 8
a 744 951 0 45 10
a 750 854 0 41 4
a 750 59 0 7 3
a 751 772 0 41 7
a 751 968 0 4 2
a 753 206 0 41 8
a 753 464 0 25 1
a 754 710 0 41 10
a 754 289 0 16 6
a 755 647 0 41 5
a 755 607 0 18 5
a 757 886 0 41 1
a 757 204 0 29 8
a 758 246 0 41 9
a 758 84 0 30 4
a 761 475 0 41 2
a 761 780 0 3 6
a 762 35 0 41 10
a 762 448 0 36 2
a 764 931 0 41 1
a 764 698 0 14 2
a 767 356 0 41 8
a 767 86 0 48 4
a 768 994 0 41 5
a 768 393 0 9 2
a 770 479 0 41 4
a 770 552 0 11 1
a 771 138 0 41 2
a 771 67 0 32 4
a 772 29 0 41 3
a 772 315 0 24 8
a 775 468 0 41 4
a 775 407 0 5 3
a 777 880 0 41 8
a 777 672 0 7 6
a 785 55 0 41 3
a 785 729 0 22 4
a 786 192 0 41 5
a 786 211 0 18 3
a 789 355 0 41 1
a 789 86 0 31 4
a 791 271 0 41 4
a 791 679 0 12 1
a 793 113 0 41 6
a 793 123 0 33 3
a 794 257 0 41 2
a 794 372 0 10 7
a 798 51 0 41 3
a 798 173 0 43 8
a 800 453 0 41 4
a 800 248 0 29 8
a 801 239 0 41 7
a 801 519 0 6 8
a 802 430 0 41 10
a 802 107 0 33 5
a 804 516 0 41 1
a 804 537 0 16 3
a 810 583 0 41 8
a 810 841 0 23 4
a 811 977 0 41 10
a 811 315 0 13 8
a 813 581 0 41 3
a 813 571 0 38 6
a 814 667 0 41 5
a 814 123 0 0 6
a 815 326 0 41 3
a 815 975 0 38 9
a 816 771 0 41 1
a 816 315 0 12 4
a 817 530 0 41 9
a 817 939 0 25 6
a 818 870 0 41 6
a 818 243 0 23 6
a 819 520 0 41 5
a 819 894 0 14 1
a 820 985 0 41 2
a 820 946 0 12 1
a 823 511 0 41 7
a 823 547 0 17 10
a 824 702 0 41 3
a 824 872 0 42 4
a 826 942 0 41 8
a 826 994 0 15 2
a 827 91 0 41 2
a 827 268 0 19 7
a 828 800 0 41 9
a 828 873 0 10 1
a 831 586 0 41 4
a 831 994 0 38 3
a 834 193 0 41 3
a 834 296 0 8 7
a 835 148 0 41 6
a 835 886 0 9 6
a 838 320 0 41 8
a 838 586 0 42 7
a 839 308 0 41 6
a 839 431 0 44 7
a 843 187 0 41 4
a 843 577 0 19 2
a 845 162 0 41 7
a 845 72 0 34 2
a 847 912 0 41 3
a 847 376 0 38 1
a 849 122 0 41 6
a 849 204 0 24 6
a 851 728 0 41 1
a 851 123 0 18 9
a 852 936 0 41 5
a 852 454 0 4 8
a 853 260 0 41 9
a 853 224 0 6 8
a 854 811 0 41 6
a 854 378 0 23 1
a 857 968 0 41 7
a 857 879 0 14 6
a 860 79 0 41 1
a 860 646 0 24 10
a 864 839 0 41 10
a 864 467 0 49 7
a 865 201 0 41 6
a 865 279 0 20 1
a 866 461 0 41 9
a 866 763 0 31 7
a 867 477 0 41 10
a 867 311 0 14 2
a 868 491 0 41 8
a 868 483 0 3 1
a 869 719 0 41 7
a 869 846 0 44 7
a 870 849 0 41 8
a 870 351 0 5 10
a 871 97 0 41 1
a 871 941 0 23 9
a 873 939 0 41 6
a 873 462 0 38 3
a 874 804 0 41 10
a 874 870 0 10 9
a 875 563 0 41 8
a 875 633 0 11 4
a 876 663 0 41 8
a 876 516 0 9 2
a 877 827 0 41 6
a 877 645 0 17 10
a 878 815 0 41 8
a 878 545 0 26 8
a 879 490 0 41 5
a 879 331 0 1 7
a 880 362 0 41 8
a 880 938 0 35 9
a 883 151 0 41 3
a 883 940 0 23 10
a 886 425 0 41 7
a 886 214 0 15 10
a 887 824 0 41 3
a 887 123 0 46 5
a 890 478 0 41 9
a 890 360 0 35 4
a 891 67 0 41 4
a 891 586 0 8 4
a 894 887 0 41 5
a 894 711 0 25 5
a 895 525 0 41 4
a 895 412 0 10 10
a 896 527 0 41 6
a 896 28 0 32 5
a 900 722 0 41 6
a 900 345 0 38 10
a 902 950 0 41 3
a 902 611 0 49 7
a 904 625 0 41 6
a 904 778 0 49 5
a 905 119 0 41 10
a 905 380 0 38 5
a 907 868 0 41 4
a 907 96 0 1 3
a 912 429 0 41 4
a 912 74 0 35 3
a 921 957 0 41 4
a 921 791 0 13 5
a 923 536 0 41 9
a 923 92 0 24 9
a 925 395 0 41 5
a 925 979 0 13 7
a 930 959 0 41 5
a 930 346 0 25 3
a 931 675 0 41 9
a 931 978 0 2 8
a 932 553 0 41 2
a 932 201 0 12 8
a 936 831 0 41 5
a 936 713 0 26 6
a 937 682 0 41 7
a 937 591 0 23 8
a 939 434 0 41 4
a 939 807 0 38 6
a 941 732 0 41 10
a 941 962 0 10 10
a 942 736 0 41 7
a 942 257 0 29 10
a 944 379 0 41 7
a 944 452 0 45 7
a 947 256 0 41 10
a 947 162 0 29 7
a 949 658 0 41 8
a 949 244 0 36 2
a 950 998 0 41 2
a 950 933 0 44 10
a 952 634 0 41 5
a 952 568 0 5 2
a 957 696 0 41 6
a 957 324 0 25 3
a 958 506 0 41 4
a 958 564 0 49 7
a 959 993 0 41 2
a 959 908 0 50 4
a 960 529 0 41 2
a 960 923 0 0 3
a 963 262 0 41 8
a 963 946 0 30 5
a 964 275 0 41 5
a 964 654 0 42 5
a 965 264 0 41 8
a 965 231 0 4 7
a 966 3 0 41 9
a 966 260 0 16 6
a 968 869 0 41 4
a 968 457 0 11 2
a 969 235 0 41 8
a 969 901 0 3 6
a 971 348 0 41 3
a 971 762 0 32 2
a 972 730 0 41 10
a 972 912 0 32 9
a 973 402 0 41 3
a 973 159 0 14 6
a 975 261 0 41 3
a 975 318 0 12 5
a 976 40 0 41 6
a 976 43 0 6 1
a 977 556 0 41 6
a 977 538 0 45 10
a 980 669 0 41 8
a 980 165 0 16 7
a 983 446 0 41 2
a 983 382 0 45 7
a 985 847 0 41 5
a 985 503 0 13 2
a 986 321 0 41 10
a 986 809 0 19 2
a 988 741 0 41 6
a 988 533 0 30 2
a 989 368 0 41 1
a 989 927 0 30 5
a 991 770 0 41 1
a 991 679 0 35 8
a 993 291 0 41 3
a 993 344 0 5 5
a 994 323 0 41 5
a 994 80 0 27 7
a 997 851 0 41 8
a 997 320 0 30 8
a 998 197 0 41 2
a 998 39 0 19 5
