c PyNETGEN v1.0.0
c $ pip install pynetgen
c
c  NETGEN flow network generation algorithm
c  Problem input parameters
c  -------------------------------------
c   Random seed:          5
c   Number of nodes:      100
c   Source nodes:         2
c   Sink nodes:           2
c   Number of arcs:       400
c   Minimum arc cost:     1
c   Maximum arc cost:     10
c   Total supply:         50
c   Transshipment -
c     Sources:            0
c     Sinks:              0
c   Skeleton arcs -
c     With max cost:      0
c     Capacitated:        100
c   Minimum arc capacity: 0
c   Maximum arc capacity: 50
c
c  *** Minimum cost flow ***
c
p min 100 400
n 1 11
n 2 39
n 99 -31
n 100 -19
a 1 12 0 11 7
a 1 6 0 32 5
a 1 45 0 8 3
a 1 39 0 15 4
a 1 10 0 4 1
a 1 62 0 10 3
a 3 87 0 11 1
a 3 67 0 44 2
a 3 52 0 0 8
a 6 8 0 11 10
a 6 81 0 26 7
a 6 49 0 9 7
a 7 71 0 11 2
a 7 67 0 36 3
a 7 61 0 24 2
a 7 59 0 22 8
a 8 81 0 11 3
a 8 24 0 38 6
a 9 69 0 11 2
a 9 83 0 41 5
a 10 100 0 11 3
a 10 3 0 11 1
a 10 72 0 19 9
a 10 75 0 6 2
a 10 58 0 40 3
a 10 84 0 48 1
a 10 39 0 40 9
a 10 68 0 37 9
a 11 51 0 11 8
a 11 89 0 41 4
a 11 22 0 35 8
a 12 36 0 11 4
a 12 79 0 39 7
a 12 38 0 19 1
a 15 64 0 11 8
a 15 67 0 25 8
a 15 39 0 16 9
a 15 54 0 43 5
a 16 67 0 11 10
a 16 78 0 19 4
a 16 99 0 49 5
a 16 21 0 50 4
a 16 88 0 11 7
a 16 27 0 10 5
a 16 30 0 21 9
a 21 50 0 11 7
a 21 67 0 33 7
a 21 99 0 1 9
a 21 48 0 20 2
a 24 77 0 11 3
a 24 62 0 25 2
a 24 95 0 40 3
a 24 19 0 23 2
a 24 88 0 3 9
a 24 68 0 20 9
a 25 31 0 11 8
a 25 66 0 26 1
a 26 82 0 11 7
a 26 67 0 14 9
a 26 95 0 45 7
a 26 22 0 28 5
a 30 21 0 11 1
a 30 28 0 3 4
a 31 7 0 11 10
a 31 87 0 10 8
a 31 58 0 13 1
a 31 4 0 25 4
a 31 18 0 17 10
a 31 10 0 11 7
a 32 66 0 11 1
a 32 100 0 38 5
a 32 6 0 14 7
a 32 12 0 33 4
a 32 90 0 36 10
a 33 34 0 11 1
a 33 44 0 11 10
a 33 3 0 36 9
a 33 52 0 6 9
a 34 61 0 11 8
a 34 22 0 7 9
a 34 85 0 3 6
a 34 14 0 10 2
a 34 23 0 37 4
a 36 72 0 11 3
a 36 8 0 13 3
a 36 48 0 40 7
a 36 71 0 21 10
a 36 84 0 13 7
a 36 50 0 45 9
a 36 42 0 18 5
a 37 15 0 11 10
a 37 58 0 11 8
a 37 55 0 11 2
a 37 8 0 20 10
a 37 46 0 40 7
a 37 67 0 8 9
a 41 60 0 11 3
a 41 89 0 5 2
a 41 28 0 36 8
a 41 49 0 2 10
a 42 30 0 11 10
a 42 89 0 49 10
a 42 63 0 47 7
a 42 82 0 29 2
a 44 84 0 11 4
a 44 18 0 14 4
a 44 43 0 41 1
a 44 90 0 22 7
a 45 53 0 11 10
a 45 92 0 45 5
a 45 46 0 41 6
a 49 6 0 11 7
a 49 40 0 2 8
a 49 50 0 15 6
a 49 26 0 12 8
a 49 67 0 43 10
a 49 97 0 47 10
a 49 77 0 15 2
a 50 56 0 11 8
a 50 85 0 35 5
a 50 61 0 2 4
a 51 33 0 11 7
a 51 64 0 3 9
a 51 49 0 44 2
a 51 84 0 49 7
a 53 32 0 11 8
a 53 20 0 21 1
a 53 40 0 17 7
a 53 85 0 10 10
a 56 44 0 11 6
a 56 66 0 26 8
a 56 21 0 22 1
a 56 97 0 10 5
a 56 95 0 36 8
a 56 51 0 8 8
a 59 74 0 11 7
a 59 100 0 19 9
a 59 91 0 32 6
a 60 49 0 11 10
a 60 82 0 41 6
a 60 76 0 11 6
a 61 59 0 11 6
a 61 5 0 47 2
a 61 58 0 17 7
a 61 99 0 11 2
a 61 9 0 22 2
a 62 78 0 11 9
a 62 69 0 45 2
a 62 82 0 37 10
a 62 16 0 43 1
a 62 12 0 27 6
a 62 79 0 45 9
a 64 96 0 11 6
a 64 89 0 39 10
a 64 74 0 50 4
a 66 86 0 11 4
a 66 38 0 5 6
a 67 11 0 11 7
a 67 32 0 20 1
a 67 24 0 18 8
a 67 43 0 22 9
a 67 14 0 12 3
a 68 42 0 11 6
a 68 93 0 31 8
a 68 31 0 28 4
a 69 26 0 11 8
a 69 81 0 50 4
a 69 49 0 33 3
a 71 9 0 11 3
a 71 97 0 31 6
a 71 58 0 48 8
a 71 75 0 41 3
a 71 78 0 38 9
a 72 16 0 11 6
a 72 26 0 3 4
a 74 25 0 11 10
a 74 59 0 42 2
a 74 23 0 20 7
a 74 100 0 1 9
a 77 41 0 11 6
a 77 37 0 44 8
a 77 91 0 21 9
a 77 63 0 21 2
a 78 24 0 11 5
a 78 43 0 4 5
a 78 97 0 36 5
a 81 37 0 11 7
a 81 58 0 4 9
a 82 95 0 11 4
a 82 100 0 22 3
a 82 56 0 17 1
a 82 18 0 49 9
a 82 40 0 17 1
a 83 90 0 11 7
a 83 92 0 25 1
a 83 47 0 50 7
a 83 14 0 41 3
a 83 10 0 37 6
a 83 56 0 47 3
a 83 60 0 49 6
a 84 99 0 11 2
a 84 93 0 0 2
a 84 83 0 8 10
a 84 94 0 42 5
a 84 10 0 5 8
a 86 91 0 11 1
a 86 38 0 43 7
a 86 25 0 38 5
a 86 13 0 15 5
a 87 68 0 11 7
a 87 92 0 15 2
a 87 15 0 49 7
a 87 25 0 16 5
a 90 45 0 11 2
a 90 75 0 6 1
a 91 62 0 11 10
a 91 25 0 30 10
a 91 3 0 17 5
a 91 57 0 13 4
a 95 83 0 11 10
a 95 84 0 35 7
a 95 58 0 16 8
a 95 13 0 30 7
a 96 10 0 11 7
a 96 5 0 22 8
a 96 93 0 26 6
a 2 19 0 39 6
a 2 52 0 2 2
a 2 29 0 30 9
a 2 8 0 28 4
a 2 42 0 25 4
a 2 97 0 36 1
a 2 14 0 45 5
a 4 80 0 39 1
a 4 60 0 39 7
a 4 11 0 0 2
a 4 8 0 2 3
a 4 17 0 35 2
a 5 85 0 39 10
a 5 18 0 9 9
a 13 97 0 39 3
a 13 76 0 43 9
a 14 27 0 39 9
a 14 34 0 21 2
a 14 6 0 42 6
a 14 58 0 36 10
a 14 50 0 37 4
a 17 92 0 39 4
a 17 86 0 24 10
a 17 10 0 29 4
a 17 76 0 26 1
a 17 18 0 41 7
a 17 24 0 40 9
a 18 35 0 39 8
a 18 13 0 12 9
a 18 70 0 42 5
a 18 53 0 15 9
a 18 66 0 50 1
a 18 63 0 1 6
a 19 58 0 39 8
a 19 89 0 46 1
a 20 28 0 39 1
a 20 67 0 42 5
a 20 30 0 24 7
a 20 53 0 39 3
a 22 88 0 39 4
a 22 84 0 43 6
a 22 25 0 9 1
a 22 8 0 43 5
a 22 95 0 21 5
a 22 27 0 4 8
a 23 20 0 39 7
a 23 71 0 0 7
a 23 26 0 28 1
a 23 17 0 1 8
a 23 13 0 33 8
a 27 40 0 39 7
a 27 12 0 14 6
a 27 15 0 4 4
a 27 85 0 28 8
a 27 59 0 6 9
a 27 17 0 23 9
a 28 14 0 39 9
a 28 32 0 41 2
a 28 23 0 19 10
a 28 89 0 48 2
a 28 94 0 35 9
a 28 39 0 48 7
a 29 38 0 39 8
a 29 6 0 17 10
a 29 61 0 13 9
a 29 67 0 31 5
a 35 48 0 39 5
a 35 67 0 36 4
a 35 61 0 9 1
a 38 94 0 39 9
a 38 82 0 41 2
a 39 17 0 39 10
a 39 74 0 44 5
a 39 11 0 20 10
a 39 72 0 2 9
a 40 75 0 39 6
a 40 42 0 37 10
a 40 71 0 33 3
a 43 100 0 39 1
a 43 99 0 39 10
a 43 65 0 3 8
a 46 70 0 39 8
a 46 29 0 39 5
a 46 59 0 36 1
a 47 73 0 39 3
a 47 14 0 0 3
a 47 4 0 42 2
a 48 29 0 39 4
a 48 84 0 5 10
a 48 42 0 24 3
a 48 15 0 26 6
a 48 62 0 19 2
a 48 32 0 3 6
a 52 65 0 39 1
a 52 18 0 1 9
a 52 19 0 17 6
a 52 6 0 38 9
a 52 98 0 16 8
a 52 85 0 39 2
a 54 5 0 39 7
a 54 65 0 7 1
a 54 40 0 17 3
a 55 52 0 39 7
a 55 25 0 20 3
a 55 35 0 39 7
a 55 68 0 30 10
a 57 13 0 39 6
a 57 56 0 10 6
a 57 61 0 25 1
a 57 33 0 47 6
a 57 76 0 49 9
a 57 55 0 40 4
a 58 4 0 39 10
a 58 70 0 8 2
a 63 18 0 39 7
a 63 86 0 24 6
a 63 11 0 23 6
a 63 51 0 46 8
a 63 57 0 45 4
a 63 56 0 37 7
a 65 76 0 39 5
a 65 62 0 14 5
a 65 51 0 1 9
a 70 43 0 39 3
a 70 39 0 23 1
a 70 50 0 37 8
a 70 65 0 15 3
a 70 21 0 45 1
a 70 66 0 0 6
a 73 23 0 39 3
a 73 89 0 16 2
a 73 91 0 35 5
a 73 29 0 38 3
a 73 52 0 11 5
a 75 89 0 39 3
a 75 24 0 32 8
a 76 54 0 39 1
a 76 44 0 25 9
a 79 46 0 39 10
a 79 27 0 8 5
a 79 91 0 19 2
a 79 77 0 10 5
a 79 62 0 3 5
a 80 22 0 39 2
a 80 48 0 0 8
a 80 38 0 35 8
a 80 25 0 34 10
a 80 42 0 14 6
a 85 47 0 39 2
a 85 86 0 24 7
a 85 45 0 40 1
a 88 98 0 39 5
a 88 3 0 44 6
a 88 93 0 30 1
a 88 19 0 17 6
a 88 29 0 28 2
a 89 57 0 39 2
a 89 94 0 9 7
a 89 45 0 31 2
a 89 31 0 6 7
a 92 63 0 39 9
a 92 9 0 29 1
a 92 98 0 18 10
a 92 91 0 30 2
a 93 79 0 39 2
a 93 35 0 41 3
a 94 55 0 39 8
a 94 22 0 47 1
a 97 93 0 39 7
a 97 41 0 47 3
a 97 82 0 28 3
a 97 77 0 30 6
a 98 39 0 39 7
a 98 3 0 42 6
