c PyNETGEN v1.0.0
c $ pip install pynetgen
c
c  NETGEN flow network generation algorithm
c  Problem input parameters
c  -------------------------------------
c   Random seed:          16
c   Number of nodes:      100
c   Source nodes:         2
c   Sink nodes:           2
c   Number of arcs:       400
c   Minimum arc cost:     1
c   Maximum arc cost:     10
c   Total supply:         50
c   Transshipment -
c     Sources:            0
c     Sinks:              0
c   Skeleton arcs -
c     With max cost:      0
c     Capacitated:        100
c   Minimum arc capacity: 0
c   Maximum arc capacity: 50
c
c  *** Minimum cost flow ***
c
p min 100 400
n 1 25
n 2 25
n 99 -16
n 100 -34
a 1 38 0 25 4
a 1 86 0 37 9
a 1 13 0 10 3
a 3 78 0 25 7
a 3 4 0 33 1
a 3 21 0 33 7
a 3 23 0 9 6
a 3 22 0 40 4
a 3 90 0 20 7
a 3 35 0 27 3
a 10 44 0 25 6
a 10 29 0 30 6
a 14 45 0 25 6
a 14 48 0 50 2
a 14 15 0 47 3
a 14 20 0 36 5
a 14 96 0 46 10
a 14 30 0 5 1
a 14 24 0 40 10
a 15 33 0 25 5
a 15 6 0 0 3
a 15 69 0 22 10
a 15 11 0 11 9
a 16 87 0 25 2
a 16 90 0 17 5
a 19 22 0 25 5
a 19 15 0 4 3
a 19 69 0 15 4
a 19 35 0 16 4
a 21 66 0 25 4
a 21 20 0 0 6
a 21 53 0 21 5
a 22 93 0 25 9
a 22 71 0 16 8
a 22 37 0 50 9
a 22 25 0 38 1
a 26 52 0 25 2
a 26 88 0 19 3
a 26 97 0 48 7
a 26 40 0 23 6
a 26 77 0 15 3
a 26 36 0 18 10
a 26 10 0 25 4
a 27 26 0 25 2
a 27 5 0 30 10
a 27 14 0 41 4
a 27 8 0 32 9
a 27 56 0 50 5
a 29 37 0 25 5
a 29 64 0 2 2
a 29 60 0 33 5
a 30 97 0 25 10
a 30 29 0 49 5
a 30 98 0 45 9
a 30 59 0 32 10
a 33 94 0 25 2
a 33 81 0 15 8
a 33 12 0 50 9
a 33 50 0 2 7
a 33 32 0 39 2
a 33 14 0 27 2
a 33 76 0 37 9
a 34 21 0 25 1
a 34 26 0 43 10
a 34 45 0 48 6
a 37 67 0 25 1
a 37 93 0 36 5
a 37 94 0 36 7
a 37 40 0 38 1
a 37 89 0 13 6
a 38 19 0 25 7
a 38 85 0 35 5
a 38 27 0 29 2
a 39 40 0 25 9
a 39 69 0 3 10
a 40 15 0 25 8
a 40 77 0 1 10
a 40 50 0 37 1
a 40 86 0 20 7
a 40 66 0 10 3
a 40 29 0 19 7
a 41 59 0 25 8
a 41 53 0 44 6
a 41 51 0 31 8
a 41 6 0 17 9
a 41 100 0 11 6
a 41 5 0 10 3
a 42 88 0 25 6
a 42 61 0 41 6
a 42 57 0 39 7
a 42 5 0 22 4
a 43 75 0 25 9
a 43 78 0 6 3
a 43 24 0 37 10
a 43 100 0 35 2
a 44 43 0 25 8
a 44 40 0 48 3
a 44 64 0 15 5
a 44 42 0 23 10
a 44 32 0 22 6
a 44 90 0 10 8
a 45 69 0 25 4
a 45 93 0 49 6
a 45 67 0 17 7
a 47 56 0 25 1
a 47 63 0 14 8
a 47 51 0 6 6
a 47 24 0 29 5
a 47 92 0 12 5
a 47 83 0 22 8
a 50 47 0 25 6
a 50 89 0 47 2
a 52 84 0 25 9
a 52 51 0 28 1
a 52 42 0 41 6
a 52 26 0 44 2
a 52 8 0 48 1
a 52 67 0 26 10
a 56 99 0 25 6
a 56 83 0 25 9
a 56 84 0 43 2
a 58 91 0 25 3
a 58 67 0 25 3
a 58 10 0 39 6
a 58 78 0 9 3
a 58 5 0 27 4
a 58 39 0 12 8
a 59 3 0 25 5
a 59 17 0 22 6
a 66 100 0 25 2
a 66 8 0 23 5
a 66 4 0 36 3
a 66 11 0 23 8
a 67 96 0 25 5
a 67 41 0 41 5
a 67 11 0 20 6
a 67 32 0 6 1
a 67 60 0 21 10
a 68 39 0 25 7
a 68 94 0 4 1
a 68 18 0 25 9
a 69 82 0 25 5
a 69 36 0 39 8
a 69 64 0 25 7
a 69 92 0 41 3
a 69 38 0 15 7
a 69 31 0 50 4
a 73 16 0 25 4
a 73 45 0 17 7
a 73 96 0 10 1
a 73 80 0 5 7
a 73 33 0 37 5
a 73 31 0 21 9
a 74 58 0 25 6
a 74 86 0 13 5
a 75 73 0 25 6
a 75 94 0 21 8
a 75 40 0 1 6
a 75 95 0 14 5
a 78 30 0 25 5
a 78 58 0 40 3
a 78 50 0 39 1
a 78 66 0 38 2
a 82 27 0 25 1
a 82 7 0 45 1
a 82 60 0 16 3
a 82 90 0 28 10
a 82 58 0 40 5
a 82 9 0 44 6
a 83 14 0 25 7
a 83 30 0 16 9
a 83 29 0 40 1
a 83 79 0 21 3
a 83 37 0 29 7
a 83 54 0 35 9
a 84 34 0 25 3
a 84 8 0 3 7
a 87 29 0 25 2
a 87 26 0 14 1
a 87 74 0 10 10
a 87 67 0 45 2
a 88 50 0 25 4
a 88 44 0 43 3
a 90 92 0 25 8
a 90 85 0 19 4
a 90 67 0 49 3
a 91 68 0 25 6
a 91 29 0 14 1
a 91 90 0 6 6
a 91 44 0 40 10
a 92 74 0 25 6
a 92 65 0 25 4
a 92 8 0 29 4
a 92 54 0 5 3
a 93 90 0 25 7
a 93 31 0 38 5
a 93 95 0 35 4
a 94 10 0 25 4
a 94 37 0 14 4
a 94 61 0 45 3
a 96 41 0 25 6
a 96 59 0 47 5
a 96 51 0 32 2
a 96 8 0 38 9
a 96 85 0 6 8
a 96 79 0 4 2
a 97 42 0 25 6
a 97 65 0 30 10
a 97 44 0 8 1
a 97 8 0 36 1
a 2 32 0 25 9
a 2 71 0 0 5
a 2 7 0 36 1
a 4 98 0 25 8
a 4 62 0 40 3
a 4 59 0 24 9
a 5 64 0 25 7
a 5 66 0 44 8
a 5 18 0 41 6
a 5 69 0 11 10
a 5 14 0 10 4
a 6 7 0 25 1
a 6 56 0 30 6
a 6 79 0 7 3
a 6 42 0 12 1
a 6 61 0 1 7
a 7 80 0 25 7
a 7 12 0 48 5
a 7 5 0 35 1
a 7 60 0 3 4
a 7 85 0 19 4
a 8 35 0 25 4
a 8 25 0 7 5
a 8 53 0 19 1
a 9 61 0 25 7
a 9 83 0 6 3
a 9 86 0 28 8
a 9 5 0 11 5
a 9 41 0 50 4
a 9 91 0 30 2
a 11 25 0 25 5
a 11 57 0 47 5
a 11 73 0 36 2
a 11 18 0 21 10
a 11 81 0 39 10
a 11 50 0 3 2
a 12 99 0 25 9
a 12 90 0 3 7
a 12 27 0 17 8
a 12 54 0 2 4
a 13 8 0 25 6
a 13 62 0 14 2
a 13 70 0 36 6
a 13 4 0 38 3
a 13 80 0 9 9
a 13 35 0 18 6
a 17 100 0 25 9
a 17 13 0 25 6
a 17 5 0 2 10
a 17 39 0 19 2
a 17 18 0 15 2
a 18 57 0 25 2
a 18 81 0 23 10
a 20 62 0 25 10
a 20 9 0 10 10
a 23 70 0 25 8
a 23 96 0 27 6
a 23 81 0 21 7
a 23 34 0 1 8
a 23 26 0 21 6
a 23 27 0 39 5
a 24 95 0 25 7
a 24 90 0 29 9
a 24 99 0 21 1
a 25 24 0 25 8
a 25 98 0 25 4
a 25 19 0 33 10
a 25 46 0 4 8
a 28 12 0 25 7
a 28 43 0 9 7
a 28 53 0 24 10
a 28 55 0 33 9
a 31 85 0 25 8
a 31 14 0 25 2
a 31 40 0 26 9
a 31 5 0 1 10
a 31 65 0 40 5
a 31 19 0 50 1
a 32 79 0 25 5
a 32 100 0 33 4
a 32 4 0 13 3
a 32 55 0 38 5
a 32 45 0 22 9
a 32 96 0 19 5
a 35 28 0 25 2
a 35 4 0 18 4
a 35 76 0 37 9
a 35 69 0 3 10
a 35 14 0 13 7
a 35 9 0 32 7
a 36 53 0 25 6
a 36 24 0 25 6
a 36 9 0 14 2
a 36 50 0 34 7
a 36 59 0 29 10
a 46 5 0 25 2
a 46 60 0 15 3
a 46 76 0 3 9
a 46 61 0 9 9
a 48 46 0 25 8
a 48 37 0 25 10
a 48 51 0 21 4
a 48 86 0 48 5
a 49 9 0 25 3
a 49 98 0 32 3
a 51 86 0 25 10
a 51 5 0 23 5
a 51 57 0 10 1
a 51 33 0 36 2
a 51 9 0 43 9
a 53 63 0 25 9
a 53 71 0 35 8
a 53 20 0 36 8
a 53 77 0 11 5
a 53 3 0 34 4
a 54 36 0 25 4
a 54 43 0 8 3
a 55 18 0 25 4
a 55 52 0 14 9
a 55 82 0 29 4
a 55 89 0 43 5
a 55 59 0 4 3
a 57 77 0 25 7
a 57 94 0 38 1
a 60 49 0 25 9
a 60 67 0 28 9
a 60 22 0 15 2
a 60 38 0 27 2
a 61 54 0 25 10
a 61 40 0 6 4
a 62 60 0 25 10
a 62 74 0 32 10
a 62 25 0 49 7
a 62 82 0 35 4
a 63 76 0 25 8
a 63 10 0 27 7
a 64 31 0 25 9
a 64 81 0 50 3
a 64 44 0 24 5
a 64 19 0 5 7
a 64 42 0 28 10
a 64 53 0 7 1
a 65 89 0 25 9
a 65 59 0 42 2
a 65 40 0 46 9
a 65 52 0 48 6
a 65 51 0 11 5
a 70 20 0 25 5
a 70 52 0 15 6
a 70 89 0 15 6
a 70 54 0 33 1
a 70 38 0 16 3
a 71 72 0 25 9
a 71 6 0 35 5
a 71 25 0 43 2
a 71 59 0 10 5
a 72 4 0 25 9
a 72 51 0 23 7
a 76 6 0 25 2
a 76 71 0 8 7
a 76 62 0 16 2
a 76 12 0 10 4
a 76 93 0 18 1
a 77 11 0 25 3
a 77 44 0 12 9
a 77 19 0 46 3
a 79 55 0 25 4
a 79 89 0 23 4
a 79 45 0 24 9
a 79 16 0 25 2
a 80 48 0 25 7
a 80 92 0 34 6
a 81 51 0 25 8
a 81 67 0 45 4
a 81 64 0 18 2
a 85 17 0 25 1
a 85 79 0 1 1
a 85 90 0 32 3
a 86 65 0 25 7
a 86 18 0 25 5
a 89 71 0 25 4
a 89 81 0 19 7
a 89 85 0 27 5
a 95 81 0 25 1
a 95 27 0 1 8
a 98 23 0 25 4
a 98 88 0 4 10
a 98 43 0 5 2
a 98 67 0 19 8
a 98 52 0 43 10
