c PyNETGEN v1.0.0
c $ pip install pynetgen
c
c  NETGEN flow network generation algorithm
c  Problem input parameters
c  -------------------------------------
c   Random seed:          3
c   Number of nodes:      100
c   Source nodes:         2
c   Sink nodes:           2
c   Number of arcs:       400
c   Minimum arc cost:     1
c   Maximum arc cost:     10
c   Total supply:         50
c   Transshipment -
c     Sources:            0
c     Sinks:              0
c   Skeleton arcs -
c     With max cost:      0
c     Capacitated:        100
c   Minimum arc capacity: 0
c   Maximum arc capacity: 50
c
c  *** Minimum cost flow ***
c
p min 100 400
n 1 22
n 2 28
n 99 -20
n 100 -30
a 1 27 0 22 10
a 1 24 0 24 3
a 1 67 0 35 5
a 1 28 0 50 1
a 1 85 0 38 3
a 1 19 0 6 9
a 3 32 0 22 3
a 3 22 0 1 5
a 3 34 0 10 4
a 3 43 0 37 2
a 3 89 0 41 8
a 3 6 0 31 6
a 3 48 0 29 3
a 6 7 0 22 1
a 6 75 0 50 3
a 6 12 0 8 8
a 6 26 0 10 10
a 6 53 0 28 6
a 6 59 0 44 9
a 7 89 0 22 9
a 7 40 0 46 7
a 7 96 0 47 4
a 13 70 0 22 10
a 13 99 0 22 9
a 13 38 0 39 5
a 13 3 0 8 3
a 13 57 0 19 4
a 14 6 0 22 10
a 14 33 0 10 8
a 14 36 0 14 3
a 14 57 0 11 8
a 14 18 0 21 9
a 16 53 0 22 9
a 16 95 0 42 3
a 16 10 0 40 5
a 16 82 0 15 4
a 16 9 0 45 2
a 19 35 0 22 10
a 19 63 0 7 7
a 19 9 0 47 1
a 20 21 0 22 5
a 20 11 0 35 5
a 20 90 0 27 8
a 21 55 0 22 5
a 21 49 0 38 10
a 21 85 0 41 8
a 23 45 0 22 6
a 23 20 0 21 9
a 23 87 0 7 9
a 23 29 0 13 4
a 23 99 0 20 3
a 23 18 0 44 9
a 23 52 0 14 1
a 24 79 0 22 7
a 24 30 0 22 2
a 24 68 0 25 6
a 25 100 0 22 6
a 25 47 0 26 6
a 25 20 0 34 2
a 25 64 0 27 4
a 25 60 0 37 6
a 25 24 0 30 4
a 26 74 0 22 1
a 26 46 0 14 1
a 26 7 0 21 6
a 26 44 0 33 1
a 26 45 0 10 9
a 26 4 0 0 5
a 27 28 0 22 8
a 27 31 0 42 5
a 27 60 0 38 10
a 28 47 0 22 7
a 28 34 0 30 4
a 28 94 0 37 1
a 28 50 0 15 9
a 29 75 0 22 7
a 29 34 0 1 3
a 29 51 0 39 10
a 29 100 0 43 1
a 29 39 0 50 4
a 32 69 0 22 6
a 32 60 0 6 9
a 32 13 0 7 4
a 32 82 0 22 6
a 32 56 0 13 5
a 33 20 0 22 7
a 33 13 0 28 7
a 33 4 0 33 8
a 33 97 0 17 4
a 35 13 0 22 4
a 35 68 0 26 5
a 35 14 0 47 10
a 35 43 0 22 5
a 35 36 0 17 3
a 35 89 0 34 6
a 37 24 0 22 10
a 37 65 0 34 10
a 37 3 0 3 9
a 37 63 0 42 10
a 37 62 0 6 5
a 37 39 0 1 8
a 41 88 0 22 5
a 41 51 0 23 6
a 41 58 0 2 7
a 43 65 0 22 5
a 43 97 0 49 5
a 43 26 0 35 5
a 43 88 0 49 4
a 43 50 0 14 9
a 44 84 0 22 6
a 44 99 0 14 2
a 44 36 0 20 2
a 44 23 0 6 8
a 44 5 0 9 10
a 44 19 0 2 4
a 45 43 0 22 8
a 45 90 0 33 7
a 47 77 0 22 5
a 47 26 0 10 1
a 47 16 0 21 4
a 47 54 0 6 7
a 49 90 0 22 6
a 49 71 0 22 6
a 49 11 0 26 1
a 49 79 0 19 8
a 49 70 0 19 4
a 50 78 0 22 5
a 50 92 0 0 2
a 50 86 0 1 3
a 50 30 0 0 8
a 53 29 0 22 6
a 53 21 0 8 9
a 53 12 0 1 4
a 53 55 0 1 10
a 55 82 0 22 10
a 55 32 0 29 6
a 55 75 0 47 10
a 55 89 0 4 4
a 59 37 0 22 5
a 59 17 0 50 8
a 59 87 0 27 10
a 59 67 0 0 1
a 59 44 0 23 9
a 62 44 0 22 10
a 62 94 0 22 1
a 62 73 0 49 5
a 62 40 0 9 7
a 62 52 0 42 7
a 62 75 0 22 5
a 63 50 0 22 7
a 63 69 0 26 4
a 63 35 0 37 2
a 63 81 0 15 9
a 65 59 0 22 7
a 65 48 0 20 7
a 65 50 0 6 2
a 65 89 0 18 8
a 65 77 0 8 4
a 66 41 0 22 3
a 66 21 0 11 2
a 66 19 0 23 6
a 66 86 0 7 1
a 69 19 0 22 2
a 69 77 0 44 2
a 70 71 0 22 1
a 70 7 0 1 1
a 70 22 0 40 6
a 70 8 0 25 3
a 70 24 0 43 4
a 70 67 0 44 4
a 71 91 0 22 8
a 71 67 0 4 1
a 71 41 0 23 1
a 71 10 0 42 1
a 71 87 0 27 4
a 71 68 0 43 1
a 74 23 0 22 1
a 74 73 0 17 2
a 74 33 0 31 10
a 74 10 0 48 9
a 75 14 0 22 1
a 75 49 0 33 9
a 75 95 0 38 1
a 75 87 0 44 3
a 77 81 0 22 9
a 77 97 0 1 10
a 77 3 0 2 5
a 78 16 0 22 7
a 78 11 0 41 3
a 78 50 0 49 7
a 78 84 0 20 7
a 78 52 0 14 3
a 78 65 0 10 1
a 79 33 0 22 4
a 79 37 0 35 9
a 81 49 0 22 8
a 81 3 0 40 9
a 81 93 0 2 4
a 82 63 0 22 5
a 82 66 0 24 4
a 82 62 0 14 1
a 82 19 0 10 7
a 82 98 0 20 1
a 84 3 0 22 9
a 84 20 0 23 8
a 84 77 0 18 10
a 84 75 0 31 4
a 88 26 0 22 3
a 88 17 0 14 9
a 88 83 0 5 1
a 88 24 0 9 1
a 88 4 0 24 10
a 88 10 0 40 7
a 89 62 0 22 3
a 89 45 0 24 3
a 89 15 0 8 3
a 89 98 0 28 3
a 89 66 0 46 3
a 89 6 0 18 8
a 90 97 0 22 2
a 90 51 0 36 6
a 90 95 0 40 4
a 90 61 0 13 10
a 90 20 0 2 7
a 91 25 0 22 10
a 91 12 0 41 4
a 91 16 0 45 1
a 97 66 0 22 1
a 97 44 0 0 4
a 97 73 0 47 9
a 2 51 0 28 6
a 2 40 0 42 7
a 2 9 0 22 1
a 2 59 0 48 10
a 4 76 0 28 10
a 4 50 0 41 1
a 4 31 0 37 1
a 5 4 0 28 4
a 5 17 0 22 1
a 5 37 0 31 2
a 5 86 0 43 4
a 5 8 0 31 2
a 8 94 0 28 3
a 8 53 0 2 5
a 8 82 0 15 4
a 9 60 0 28 1
a 9 31 0 32 10
a 10 11 0 28 9
a 10 7 0 35 9
a 10 68 0 48 8
a 10 19 0 26 9
a 10 14 0 4 4
a 11 99 0 28 10
a 11 54 0 28 1
a 11 79 0 30 3
a 12 5 0 28 10
a 12 73 0 5 2
a 12 6 0 15 5
a 12 97 0 43 6
a 12 54 0 21 8
a 15 22 0 28 10
a 15 95 0 43 3
a 15 23 0 17 5
a 15 76 0 1 9
a 15 5 0 48 4
a 15 8 0 28 1
a 17 87 0 28 10
a 17 79 0 23 4
a 17 16 0 32 1
a 17 60 0 21 8
a 17 46 0 42 8
a 18 12 0 28 7
a 18 11 0 26 7
a 18 4 0 50 6
a 22 34 0 28 8
a 22 42 0 22 1
a 22 93 0 49 8
a 30 98 0 28 1
a 30 49 0 46 2
a 30 67 0 3 9
a 30 100 0 41 10
a 30 15 0 46 5
a 31 46 0 28 1
a 31 69 0 46 1
a 31 5 0 43 5
a 31 65 0 8 3
a 31 27 0 28 5
a 34 61 0 28 10
a 34 8 0 39 4
a 34 39 0 46 8
a 36 67 0 28 4
a 36 80 0 2 9
a 36 61 0 34 8
a 36 14 0 21 9
a 36 98 0 2 4
a 38 10 0 28 5
a 38 89 0 32 4
a 38 64 0 2 10
a 38 25 0 18 4
a 38 91 0 6 1
a 39 92 0 28 3
a 39 60 0 11 2
a 40 38 0 28 1
a 40 51 0 46 10
a 40 86 0 26 9
a 40 13 0 34 6
a 42 68 0 28 9
a 42 17 0 40 6
a 42 15 0 3 3
a 46 58 0 28 7
a 46 39 0 25 10
a 46 43 0 10 1
a 46 78 0 20 7
a 48 52 0 28 6
a 48 84 0 49 3
a 48 67 0 40 5
a 48 29 0 36 10
a 51 36 0 28 1
a 51 71 0 27 10
a 51 4 0 27 3
a 51 57 0 41 6
a 52 73 0 28 2
a 52 20 0 43 10
a 52 5 0 40 8
a 52 88 0 3 5
a 52 30 0 41 1
a 54 100 0 28 10
a 54 93 0 10 3
a 54 47 0 20 10
a 54 21 0 7 9
a 56 96 0 28 7
a 56 66 0 23 5
a 56 86 0 27 4
a 56 51 0 21 8
a 56 65 0 20 9
a 57 95 0 28 6
a 57 26 0 9 7
a 57 29 0 24 9
a 57 89 0 35 10
a 57 93 0 20 5
a 58 80 0 28 8
a 58 51 0 4 4
a 58 9 0 14 6
a 58 99 0 48 6
a 60 85 0 28 8
a 60 44 0 27 10
a 61 56 0 28 6
a 61 13 0 49 10
a 61 74 0 36 7
a 61 22 0 34 2
a 64 30 0 28 3
a 64 95 0 17 6
a 67 18 0 28 3
a 67 54 0 27 7
a 67 68 0 10 10
a 68 86 0 28 7
a 68 73 0 40 9
a 72 17 0 28 1
a 72 86 0 33 7
a 72 27 0 22 8
a 72 100 0 25 3
a 72 4 0 14 2
a 73 39 0 28 7
a 73 27 0 5 2
a 73 51 0 14 2
a 76 93 0 28 2
a 76 72 0 32 3
a 76 73 0 1 2
a 80 83 0 28 2
a 80 15 0 11 3
a 80 88 0 46 10
a 83 8 0 28 7
a 83 6 0 0 9
a 83 86 0 49 4
a 85 42 0 28 3
a 85 78 0 50 8
a 85 89 0 29 7
a 85 12 0 25 7
a 86 72 0 28 1
a 86 41 0 33 7
a 87 40 0 28 5
a 87 5 0 27 1
a 92 31 0 28 7
a 92 89 0 26 10
a 92 87 0 3 1
a 92 53 0 29 2
a 93 57 0 28 6
a 93 72 0 12 9
a 94 64 0 28 9
a 94 80 0 33 9
a 94 44 0 14 5
a 95 15 0 28 3
a 95 10 0 19 2
a 95 48 0 23 7
a 96 48 0 28 6
a 96 59 0 23 7
a 96 32 0 37 9
a 98 9 0 28 9
a 98 11 0 8 5
a 98 72 0 30 6
