c PyNETGEN v1.0.0
c $ pip install pynetgen
c
c  NETGEN flow network generation algorithm
c  Problem input parameters
c  -------------------------------------
c   Random seed:          14
c   Number of nodes:      100
c   Source nodes:         2
c   Sink nodes:           2
c   Number of arcs:       400
c   Minimum arc cost:     1
c   Maximum arc cost:     10
c   Total supply:         50
c   Transshipment -
c     Sources:            0
c     Sinks:              0
c   Skeleton arcs -
c     With max cost:      0
c     Capacitated:        100
c   Minimum arc capacity: 0
c   Maximum arc capacity: 50
c
c  *** Minimum cost flow ***
c
p min 100 400
n 1 46
n 2 4
n 99 -24
n 100 -26
a 1 22 0 46 7
a 1 39 0 29 7
a 1 38 0 12 8
a 4 42 0 46 8
a 4 89 0 16 10
a 4 43 0 3 3
a 4 83 0 17 6
a 6 75 0 46 3
a 6 38 0 5 6
a 7 33 0 46 2
a 7 58 0 22 4
a 7 34 0 26 5
a 7 82 0 0 2
a 9 36 0 46 2
a 9 23 0 22 4
a 9 100 0 22 5
a 9 7 0 31 5
a 9 65 0 46 1
a 12 40 0 46 9
a 12 31 0 8 2
a 14 15 0 46 5
a 14 80 0 16 6
a 14 98 0 19 8
a 14 99 0 3 8
a 14 69 0 18 9
a 14 31 0 36 3
a 15 20 0 46 7
a 15 56 0 16 10
a 15 94 0 30 4
a 16 88 0 46 3
a 16 51 0 35 10
a 17 60 0 46 4
a 17 30 0 20 10
a 17 29 0 36 8
a 17 64 0 37 6
a 17 53 0 49 3
a 18 14 0 46 8
a 18 78 0 45 8
a 18 74 0 23 9
a 18 11 0 49 3
a 18 94 0 32 4
a 18 8 0 6 2
a 18 61 0 25 3
a 19 26 0 46 3
a 19 54 0 1 3
a 20 80 0 46 6
a 20 96 0 12 6
a 20 85 0 9 8
a 21 27 0 46 2
a 21 57 0 24 4
a 21 42 0 48 4
a 21 20 0 20 9
a 22 12 0 46 8
a 22 58 0 20 10
a 22 83 0 15 6
a 24 84 0 46 10
a 24 71 0 26 4
a 26 32 0 46 1
a 26 40 0 27 1
a 26 67 0 50 6
a 26 62 0 17 3
a 27 79 0 46 5
a 27 44 0 38 6
a 27 97 0 25 2
a 32 89 0 46 6
a 32 61 0 37 8
a 32 77 0 3 7
a 32 13 0 3 9
a 32 41 0 30 6
a 33 19 0 46 5
a 33 4 0 21 7
a 33 36 0 37 7
a 35 76 0 46 6
a 35 85 0 20 10
a 35 41 0 44 7
a 35 99 0 25 8
a 35 56 0 23 4
a 35 4 0 13 4
a 36 87 0 46 10
a 36 96 0 34 6
a 38 91 0 46 8
a 38 93 0 16 5
a 38 77 0 32 8
a 38 51 0 8 10
a 38 52 0 28 4
a 38 80 0 0 9
a 38 44 0 34 9
a 39 38 0 46 4
a 39 100 0 46 10
a 39 21 0 31 5
a 39 76 0 47 6
a 40 59 0 46 5
a 40 63 0 1 7
a 40 42 0 21 9
a 40 29 0 16 5
a 42 96 0 46 5
a 42 62 0 16 4
a 43 97 0 46 8
a 43 44 0 35 8
a 43 9 0 47 2
a 43 16 0 22 2
a 43 85 0 31 9
a 44 98 0 46 9
a 44 73 0 35 3
a 44 21 0 44 10
a 44 8 0 9 2
a 44 65 0 19 6
a 46 39 0 46 2
a 46 49 0 25 6
a 50 9 0 46 4
a 50 8 0 33 9
a 50 98 0 35 4
a 50 18 0 47 2
a 50 11 0 42 9
a 53 21 0 46 8
a 53 62 0 24 10
a 53 43 0 45 8
a 59 7 0 46 2
a 59 38 0 40 5
a 59 33 0 47 7
a 59 37 0 47 8
a 59 22 0 8 6
a 59 19 0 19 3
a 60 18 0 46 5
a 60 68 0 30 4
a 60 81 0 14 10
a 60 46 0 39 10
a 60 10 0 17 6
a 60 49 0 13 9
a 68 50 0 46 5
a 68 81 0 7 5
a 68 15 0 22 1
a 68 70 0 39 4
a 68 86 0 40 4
a 68 99 0 7 5
a 68 92 0 43 5
a 71 16 0 46 3
a 71 86 0 44 8
a 71 17 0 38 9
a 71 67 0 13 3
a 71 70 0 41 3
a 71 32 0 0 10
a 71 25 0 15 5
a 74 68 0 46 5
a 74 25 0 26 2
a 74 99 0 16 10
a 75 81 0 46 8
a 75 86 0 19 10
a 75 79 0 2 2
a 75 34 0 44 3
a 75 47 0 30 5
a 76 71 0 46 3
a 76 52 0 28 6
a 76 75 0 23 7
a 77 17 0 46 1
a 77 9 0 47 9
a 79 46 0 46 7
a 79 49 0 4 6
a 79 24 0 6 7
a 79 97 0 26 7
a 79 19 0 16 3
a 80 35 0 46 7
a 80 21 0 27 1
a 81 24 0 46 6
a 81 59 0 49 4
a 81 64 0 49 2
a 81 83 0 18 9
a 81 51 0 32 5
a 81 25 0 32 6
a 84 99 0 46 8
a 84 78 0 17 1
a 84 14 0 3 9
a 84 90 0 31 2
a 84 55 0 35 7
a 84 89 0 34 6
a 84 62 0 39 9
a 87 4 0 46 6
a 87 7 0 46 3
a 87 11 0 19 5
a 87 30 0 12 6
a 88 6 0 46 2
a 88 56 0 19 3
a 88 98 0 9 5
a 88 15 0 37 1
a 88 42 0 7 8
a 89 74 0 46 8
a 89 34 0 10 3
a 89 94 0 38 4
a 89 61 0 21 6
a 89 21 0 16 4
a 89 55 0 27 9
a 89 57 0 41 5
a 91 43 0 46 8
a 91 93 0 33 2
a 91 73 0 4 5
a 91 36 0 8 10
a 91 94 0 34 10
a 96 44 0 46 8
a 96 65 0 15 10
a 96 5 0 46 1
a 96 43 0 16 2
a 96 38 0 6 10
a 96 70 0 44 3
a 97 77 0 46 8
a 97 91 0 50 8
a 97 54 0 0 4
a 97 48 0 9 5
a 97 38 0 20 5
a 97 52 0 7 8
a 98 53 0 46 1
a 98 10 0 17 2
a 98 77 0 46 10
a 98 64 0 10 2
a 98 65 0 16 6
a 2 65 0 4 3
a 2 20 0 2 7
a 3 83 0 4 5
a 3 81 0 45 5
a 3 40 0 42 5
a 3 18 0 35 6
a 3 98 0 18 7
a 3 7 0 10 8
a 5 63 0 4 2
a 5 82 0 22 8
a 5 21 0 33 1
a 5 20 0 4 9
a 5 11 0 9 10
a 5 12 0 42 2
a 8 72 0 4 2
a 8 94 0 12 6
a 8 12 0 4 3
a 10 69 0 4 4
a 10 63 0 35 4
a 10 33 0 4 5
a 10 45 0 33 10
a 10 46 0 21 5
a 10 62 0 12 6
a 11 8 0 4 1
a 11 30 0 18 4
a 11 19 0 26 5
a 13 45 0 4 8
a 13 66 0 35 8
a 13 53 0 25 5
a 13 83 0 28 3
a 23 52 0 4 3
a 23 92 0 9 3
a 23 69 0 7 1
a 23 12 0 12 5
a 25 30 0 4 2
a 25 80 0 46 5
a 25 86 0 2 8
a 28 93 0 4 6
a 28 43 0 0 3
a 28 74 0 14 3
a 28 63 0 14 4
a 28 35 0 6 7
a 29 47 0 4 2
a 29 41 0 49 7
a 30 70 0 4 10
a 30 33 0 12 7
a 30 72 0 43 7
a 30 63 0 41 10
a 30 31 0 27 4
a 30 87 0 11 2
a 31 28 0 4 6
a 31 80 0 5 7
a 31 54 0 44 5
a 31 87 0 21 5
a 34 3 0 4 9
a 34 87 0 28 6
a 34 30 0 1 4
a 34 10 0 39 6
a 37 61 0 4 2
a 37 82 0 38 10
a 37 53 0 34 10
a 37 5 0 27 2
a 37 68 0 13 1
a 41 66 0 4 3
a 41 59 0 42 8
a 41 86 0 38 8
a 41 6 0 12 2
a 45 29 0 4 3
a 45 49 0 12 5
a 45 43 0 34 7
a 47 95 0 4 3
a 47 25 0 2 10
a 47 80 0 22 8
a 48 41 0 4 1
a 48 75 0 25 4
a 48 80 0 38 4
a 48 78 0 32 10
a 48 81 0 11 9
a 48 46 0 33 6
a 49 94 0 4 2
a 49 21 0 0 7
a 51 67 0 4 5
a 51 97 0 38 3
a 51 71 0 18 7
a 51 15 0 11 5
a 52 82 0 4 7
a 52 40 0 37 6
a 52 75 0 4 1
a 52 26 0 43 8
a 52 68 0 37 2
a 52 47 0 2 8
a 54 78 0 4 4
a 54 31 0 3 5
a 54 65 0 21 10
a 54 90 0 38 2
a 54 70 0 23 10
a 54 16 0 32 8
a 55 49 0 4 2
a 55 82 0 18 5
a 55 19 0 25 10
a 55 10 0 3 9
a 55 63 0 40 1
a 55 64 0 14 9
a 56 34 0 4 6
a 56 81 0 22 7
a 57 58 0 4 10
a 57 81 0 4 1
a 57 85 0 21 4
a 57 54 0 44 7
a 57 20 0 9 5
a 58 55 0 4 7
a 58 6 0 49 1
a 58 34 0 50 6
a 58 17 0 0 3
a 58 81 0 46 2
a 61 85 0 4 10
a 61 69 0 0 2
a 61 27 0 11 8
a 62 64 0 4 7
a 62 90 0 44 3
a 62 4 0 13 3
a 62 100 0 20 10
a 63 23 0 4 7
a 63 77 0 10 2
a 63 28 0 42 3
a 63 18 0 48 7
a 64 31 0 4 8
a 64 69 0 19 1
a 65 99 0 4 7
a 65 57 0 4 9
a 65 94 0 50 2
a 65 47 0 17 10
a 65 19 0 45 2
a 65 38 0 34 5
a 66 25 0 4 6
a 66 40 0 33 1
a 66 41 0 34 8
a 66 21 0 38 2
a 66 18 0 1 10
a 67 48 0 4 9
a 67 70 0 31 3
a 67 87 0 26 1
a 67 8 0 35 2
a 69 5 0 4 3
a 69 95 0 10 10
a 69 42 0 26 9
a 69 68 0 16 3
a 69 72 0 49 7
a 70 37 0 4 5
a 70 87 0 15 8
a 72 51 0 4 6
a 72 46 0 12 4
a 72 92 0 39 4
a 73 92 0 4 2
a 73 29 0 34 2
a 78 86 0 4 8
a 78 91 0 36 4
a 78 57 0 47 2
a 78 43 0 35 10
a 78 49 0 9 8
a 82 56 0 4 4
a 82 85 0 21 4
a 82 3 0 1 9
a 83 11 0 4 9
a 83 96 0 37 5
a 83 39 0 28 5
a 85 54 0 4 10
a 85 35 0 33 5
a 85 49 0 44 3
a 86 13 0 4 1
a 86 31 0 16 1
a 86 80 0 43 3
a 86 82 0 17 3
a 90 73 0 4 4
a 90 8 0 10 4
a 92 100 0 4 6
a 92 91 0 32 1
a 92 86 0 23 3
a 93 90 0 4 6
a 93 99 0 14 9
a 93 68 0 36 8
a 94 10 0 4 6
a 94 50 0 13 6
a 94 26 0 49 6
a 95 62 0 4 5
a 95 47 0 31 7
