c PyNETGEN v1.0.0
c $ pip install pynetgen
c
c  NETGEN flow network generation algorithm
c  Problem input parameters
c  -------------------------------------
c   Random seed:          8
c   Number of nodes:      100
c   Source nodes:         2
c   Sink nodes:           2
c   Number of arcs:       400
c   Minimum arc cost:     1
c   Maximum arc cost:     10
c   Total supply:         50
c   Transshipment -
c     Sources:            0
c     Sinks:              0
c   Skeleton arcs -
c     With max cost:      0
c     Capacitated:        100
c   Minimum arc capacity: 0
c   Maximum arc capacity: 50
c
c  *** Minimum cost flow ***
c
p min 100 400
n 1 7
n 2 43
n 99 -10
n 100 -40
a 1 36 0 7 6
a 1 93 0 31 10
a 1 8 0 43 7
a 4 12 0 7 4
a 4 53 0 42 6
a 4 14 0 42 4
a 4 48 0 17 7
a 4 13 0 20 6
a 8 72 0 7 5
a 8 33 0 39 2
a 8 55 0 16 7
a 8 3 0 15 2
a 8 5 0 18 5
a 8 15 0 12 10
a 8 56 0 49 7
a 9 39 0 7 7
a 9 48 0 10 4
a 9 88 0 15 1
a 12 43 0 7 10
a 12 66 0 30 4
a 14 61 0 7 5
a 14 89 0 49 4
a 14 58 0 18 5
a 14 47 0 27 7
a 14 71 0 21 8
a 16 30 0 7 3
a 16 9 0 40 2
a 16 85 0 20 1
a 16 4 0 46 1
a 16 48 0 25 4
a 16 60 0 38 2
a 18 21 0 7 8
a 18 9 0 37 7
a 18 4 0 46 8
a 18 74 0 25 10
a 18 61 0 6 6
a 18 71 0 36 7
a 20 42 0 7 6
a 20 82 0 24 4
a 21 9 0 7 4
a 21 74 0 33 7
a 21 6 0 47 4
a 21 18 0 25 1
a 21 98 0 11 5
a 21 32 0 15 9
a 25 44 0 7 9
a 25 80 0 3 10
a 25 21 0 12 3
a 25 18 0 44 4
a 25 98 0 39 10
a 25 28 0 42 8
a 26 96 0 7 4
a 26 16 0 50 3
a 26 52 0 48 10
a 30 58 0 7 3
a 30 94 0 25 4
a 30 72 0 33 8
a 30 91 0 12 5
a 30 5 0 1 9
a 31 79 0 7 10
a 31 37 0 39 10
a 31 6 0 31 5
a 31 54 0 40 6
a 33 93 0 7 8
a 33 100 0 7 9
a 33 50 0 21 1
a 33 63 0 10 2
a 33 64 0 43 4
a 35 70 0 7 4
a 35 97 0 36 1
a 35 19 0 0 4
a 35 49 0 38 7
a 36 59 0 7 5
a 36 47 0 22 10
a 36 94 0 6 4
a 36 56 0 7 3
a 36 17 0 12 1
a 36 26 0 20 1
a 37 99 0 7 10
a 37 74 0 6 5
a 37 34 0 30 9
a 37 63 0 42 3
a 37 32 0 44 10
a 38 26 0 7 4
a 38 11 0 1 10
a 39 31 0 7 9
a 39 74 0 49 9
a 39 71 0 46 7
a 39 24 0 11 2
a 39 16 0 14 4
a 40 14 0 7 6
a 40 52 0 7 10
a 40 7 0 33 6
a 40 12 0 12 5
a 40 72 0 49 2
a 40 62 0 18 8
a 42 83 0 7 10
a 42 29 0 8 3
a 42 62 0 27 7
a 42 9 0 34 4
a 42 51 0 20 5
a 42 13 0 43 1
a 43 37 0 7 10
a 43 94 0 31 8
a 43 42 0 43 1
a 44 16 0 7 1
a 44 25 0 0 5
a 44 97 0 46 10
a 44 74 0 47 10
a 45 48 0 7 4
a 45 76 0 4 7
a 45 29 0 20 9
a 46 8 0 7 3
a 46 98 0 24 8
a 46 3 0 40 4
a 46 91 0 28 10
a 46 89 0 4 6
a 46 61 0 39 4
a 47 45 0 7 10
a 47 35 0 5 1
a 47 94 0 34 10
a 48 38 0 7 2
a 48 100 0 25 7
a 48 56 0 45 2
a 48 89 0 17 7
a 48 53 0 26 1
a 58 90 0 7 3
a 58 11 0 17 1
a 58 94 0 11 2
a 58 68 0 9 2
a 59 60 0 7 4
a 59 20 0 5 2
a 59 28 0 37 8
a 59 39 0 12 10
a 60 47 0 7 7
a 60 39 0 10 2
a 60 64 0 41 1
a 60 7 0 36 9
a 61 33 0 7 4
a 61 65 0 40 6
a 61 59 0 38 5
a 61 46 0 0 4
a 61 14 0 45 3
a 61 16 0 38 9
a 63 25 0 7 4
a 63 22 0 20 9
a 63 55 0 25 6
a 65 46 0 7 6
a 65 89 0 34 4
a 65 50 0 43 6
a 65 40 0 28 9
a 67 40 0 7 1
a 67 59 0 23 10
a 67 87 0 42 1
a 67 39 0 19 3
a 70 71 0 7 7
a 70 15 0 23 3
a 70 73 0 13 7
a 71 94 0 7 6
a 71 20 0 4 2
a 71 46 0 20 7
a 71 59 0 45 6
a 72 20 0 7 10
a 72 68 0 50 9
a 72 29 0 35 6
a 72 47 0 46 2
a 72 94 0 14 9
a 72 51 0 7 8
a 79 84 0 7 4
a 79 35 0 24 9
a 79 92 0 46 10
a 83 67 0 7 10
a 83 96 0 36 2
a 84 4 0 7 9
a 84 7 0 30 10
a 84 11 0 4 6
a 84 46 0 27 4
a 84 40 0 37 8
a 90 18 0 7 8
a 90 45 0 43 4
a 93 63 0 7 6
a 93 94 0 29 7
a 93 16 0 34 2
a 93 13 0 50 4
a 93 11 0 22 6
a 93 90 0 37 7
a 94 65 0 7 2
a 94 64 0 7 6
a 94 97 0 41 2
a 96 35 0 7 2
a 96 29 0 37 7
a 96 8 0 38 1
a 96 3 0 27 1
a 96 50 0 15 2
a 2 66 0 43 10
a 2 52 0 39 9
a 3 77 0 43 9
a 3 96 0 48 2
a 5 55 0 43 7
a 5 96 0 36 8
a 5 76 0 3 10
a 5 40 0 6 10
a 5 93 0 3 8
a 6 80 0 43 6
a 6 16 0 23 3
a 6 60 0 15 4
a 6 65 0 4 6
a 6 59 0 5 6
a 6 87 0 24 2
a 7 13 0 43 5
a 7 65 0 31 4
a 7 38 0 38 8
a 7 61 0 5 6
a 7 67 0 22 5
a 10 78 0 43 1
a 10 3 0 12 10
a 10 81 0 31 1
a 11 3 0 43 4
a 11 37 0 46 2
a 11 54 0 31 4
a 11 4 0 43 6
a 13 76 0 43 6
a 13 45 0 15 2
a 15 50 0 43 2
a 15 27 0 44 1
a 15 9 0 13 4
a 17 73 0 43 4
a 17 56 0 24 3
a 19 52 0 43 4
a 19 23 0 14 6
a 22 97 0 43 8
a 22 82 0 27 10
a 22 53 0 16 8
a 22 57 0 35 1
a 22 70 0 37 8
a 22 39 0 41 2
a 22 83 0 14 3
a 23 6 0 43 2
a 23 37 0 25 1
a 23 55 0 15 10
a 23 70 0 5 9
a 24 92 0 43 9
a 24 12 0 18 10
a 24 61 0 23 9
a 24 47 0 32 9
a 27 95 0 43 1
a 27 44 0 44 3
a 27 73 0 14 9
a 27 56 0 34 8
a 27 52 0 1 1
a 27 91 0 1 9
a 28 88 0 43 3
a 28 91 0 18 7
a 28 44 0 19 2
a 28 86 0 30 5
a 28 8 0 47 7
a 28 17 0 50 9
a 29 19 0 43 7
a 29 88 0 37 10
a 29 33 0 14 4
a 29 9 0 28 3
a 32 82 0 43 6
a 32 45 0 37 8
a 34 87 0 43 1
a 34 27 0 27 1
a 34 41 0 28 8
a 41 75 0 43 2
a 41 47 0 30 9
a 41 19 0 38 7
a 41 52 0 23 2
a 41 70 0 37 10
a 49 99 0 43 9
a 49 5 0 43 2
a 49 3 0 23 6
a 49 7 0 48 7
a 49 35 0 25 6
a 49 37 0 29 4
a 49 79 0 40 8
a 50 54 0 43 4
a 50 72 0 17 4
a 50 78 0 50 4
a 50 27 0 29 5
a 51 57 0 43 3
a 51 24 0 38 10
a 51 72 0 13 5
a 51 4 0 13 4
a 52 17 0 43 3
a 52 14 0 12 1
a 52 92 0 20 4
a 52 85 0 29 1
a 53 34 0 43 3
a 53 13 0 6 3
a 53 30 0 49 5
a 54 49 0 43 5
a 54 70 0 22 8
a 54 57 0 9 1
a 54 38 0 44 10
a 55 69 0 43 10
a 55 50 0 32 9
a 55 10 0 16 4
a 55 95 0 42 6
a 55 30 0 38 7
a 56 81 0 43 1
a 56 73 0 4 9
a 56 23 0 27 9
a 56 12 0 14 4
a 56 77 0 20 2
a 56 48 0 14 5
a 57 24 0 43 2
a 57 58 0 32 4
a 57 91 0 25 9
a 57 70 0 36 6
a 57 89 0 11 8
a 57 81 0 4 7
a 62 74 0 43 10
a 62 29 0 13 10
a 62 45 0 37 8
a 64 62 0 43 10
a 64 21 0 5 5
a 66 89 0 43 10
a 66 67 0 17 4
a 66 44 0 43 3
a 66 78 0 5 8
a 66 55 0 31 8
a 66 22 0 17 6
a 68 100 0 43 1
a 68 87 0 42 2
a 68 79 0 27 8
a 68 39 0 45 10
a 68 70 0 27 1
a 68 6 0 47 3
a 69 11 0 43 6
a 69 46 0 13 1
a 69 19 0 6 6
a 69 59 0 20 2
a 73 53 0 43 1
a 73 89 0 33 5
a 73 34 0 39 5
a 74 68 0 43 9
a 74 37 0 3 6
a 75 23 0 43 4
a 75 5 0 3 9
a 75 16 0 37 4
a 76 51 0 43 7
a 76 83 0 21 1
a 77 29 0 43 7
a 77 43 0 22 3
a 77 20 0 12 7
a 77 42 0 12 8
a 77 75 0 15 9
a 78 22 0 43 4
a 78 53 0 29 6
a 78 27 0 19 2
a 78 87 0 21 10
a 78 65 0 10 5
a 80 15 0 43 2
a 80 61 0 31 3
a 80 65 0 26 10
a 81 10 0 43 5
a 81 62 0 33 2
a 81 75 0 42 6
a 81 83 0 46 2
a 81 97 0 28 4
a 82 85 0 43 5
a 82 33 0 47 5
a 82 67 0 43 8
a 82 27 0 26 7
a 85 86 0 43 5
a 85 88 0 30 4
a 85 9 0 4 9
a 85 44 0 46 10
a 86 98 0 43 7
a 86 11 0 9 1
a 86 59 0 38 9
a 86 46 0 6 10
a 86 27 0 23 7
a 87 64 0 43 1
a 87 95 0 24 1
a 87 24 0 50 10
a 88 7 0 43 3
a 88 15 0 48 1
a 88 50 0 4 2
a 88 73 0 14 7
a 89 27 0 43 3
a 89 42 0 9 5
a 89 75 0 10 8
a 89 56 0 13 6
a 91 56 0 43 5
a 91 99 0 24 9
a 91 84 0 38 3
a 92 32 0 43 6
a 92 9 0 35 4
a 95 28 0 43 4
a 95 48 0 19 7
a 95 13 0 13 8
a 97 41 0 43 1
a 97 94 0 40 4
a 98 91 0 43 3
a 98 33 0 22 8
a 98 54 0 47 4
