c PyNETGEN v1.0.0
c $ pip install pynetgen
c
c  NETGEN flow network generation algorithm
c  Problem input parameters
c  -------------------------------------
c   Random seed:          6
c   Number of nodes:      100
c   Source nodes:         2
c   Sink nodes:           2
c   Number of arcs:       400
c   Minimum arc cost:     1
c   Maximum arc cost:     10
c   Total supply:         50
c   Transshipment -
c     Sources:            0
c     Sinks:              0
c   Skeleton arcs -
c     With max cost:      0
c     Capacitated:        100
c   Minimum arc capacity: 0
c   Maximum arc capacity: 50
c
c  *** Minimum cost flow ***
c
p min 100 400
n 1 49
n 2 1
n 99 -23
n 100 -27
a 1 20 0 49 9
a 1 46 0 23 8
a 1 33 0 45 9
a 4 28 0 49 5
a 4 41 0 25 5
a 4 36 0 12 10
a 4 12 0 0 7
a 4 61 0 2 9
a 4 30 0 20 10
a 4 7 0 23 6
a 6 43 0 49 1
a 6 50 0 11 1
a 6 78 0 7 5
a 6 20 0 28 2
a 6 39 0 24 8
a 8 49 0 49 8
a 8 44 0 46 9
a 8 19 0 5 1
a 11 46 0 49 7
a 11 67 0 29 9
a 12 61 0 49 8
a 12 92 0 43 10
a 12 44 0 26 4
a 15 26 0 49 7
a 15 57 0 22 9
a 15 33 0 30 9
a 15 20 0 17 1
a 18 40 0 49 10
a 18 43 0 9 1
a 18 47 0 38 4
a 19 4 0 49 8
a 19 87 0 11 6
a 19 60 0 34 4
a 20 52 0 49 8
a 20 21 0 12 7
a 20 10 0 17 5
a 21 66 0 49 6
a 21 100 0 23 9
a 26 87 0 49 3
a 26 52 0 50 4
a 26 27 0 50 8
a 26 79 0 35 9
a 26 18 0 25 10
a 28 57 0 49 1
a 28 52 0 11 2
a 28 81 0 47 5
a 28 34 0 34 7
a 28 72 0 22 6
a 28 59 0 33 9
a 28 30 0 10 2
a 35 12 0 49 8
a 35 93 0 1 9
a 35 95 0 12 10
a 35 30 0 23 8
a 35 94 0 50 10
a 36 19 0 49 1
a 36 97 0 18 7
a 36 68 0 9 5
a 36 52 0 26 3
a 36 87 0 43 9
a 36 96 0 29 1
a 38 21 0 49 10
a 38 77 0 49 8
a 38 86 0 3 9
a 38 33 0 8 7
a 38 94 0 45 7
a 39 60 0 49 10
a 39 89 0 23 8
a 40 73 0 49 3
a 40 87 0 11 2
a 40 35 0 20 10
a 40 25 0 45 5
a 40 13 0 49 7
a 41 64 0 49 1
a 41 52 0 4 4
a 41 6 0 36 7
a 41 90 0 10 6
a 41 89 0 20 9
a 42 71 0 49 4
a 42 66 0 29 2
a 42 58 0 42 2
a 42 11 0 3 1
a 43 51 0 49 7
a 43 46 0 18 5
a 43 60 0 19 10
a 45 86 0 49 5
a 45 23 0 29 3
a 45 65 0 45 6
a 45 71 0 44 10
a 46 90 0 49 9
a 46 3 0 24 4
a 47 82 0 49 2
a 47 67 0 37 3
a 48 39 0 49 5
a 48 25 0 16 10
a 49 50 0 49 2
a 49 13 0 40 4
a 49 76 0 12 9
a 49 80 0 31 1
a 49 52 0 5 8
a 49 54 0 7 7
a 49 70 0 45 3
a 50 41 0 49 1
a 50 65 0 22 8
a 50 21 0 47 10
a 50 93 0 2 7
a 50 17 0 18 1
a 50 30 0 1 5
a 50 83 0 49 2
a 51 11 0 49 9
a 51 21 0 48 7
a 51 43 0 14 8
a 52 35 0 49 5
a 52 95 0 42 7
a 52 79 0 28 10
a 52 20 0 26 1
a 52 55 0 2 9
a 53 58 0 49 5
a 53 40 0 1 7
a 53 14 0 17 2
a 53 77 0 47 4
a 53 55 0 40 8
a 53 31 0 11 7
a 56 93 0 49 1
a 56 17 0 21 4
a 56 69 0 14 1
a 57 45 0 49 5
a 57 12 0 33 6
a 58 8 0 49 5
a 58 40 0 41 7
a 58 70 0 7 6
a 58 89 0 5 9
a 60 42 0 49 7
a 60 98 0 25 9
a 61 85 0 49 8
a 61 41 0 37 1
a 61 55 0 20 2
a 61 66 0 39 8
a 61 30 0 13 8
a 64 72 0 49 5
a 64 41 0 48 2
a 64 63 0 8 1
a 64 31 0 39 8
a 64 68 0 9 3
a 66 53 0 49 1
a 66 13 0 30 2
a 66 31 0 41 8
a 66 55 0 43 4
a 66 57 0 44 9
a 66 44 0 33 6
a 68 100 0 49 7
a 68 87 0 2 6
a 68 95 0 1 5
a 71 47 0 49 7
a 71 81 0 29 3
a 72 6 0 49 3
a 72 14 0 48 8
a 72 39 0 25 5
a 72 87 0 48 9
a 72 24 0 16 3
a 73 48 0 49 4
a 73 29 0 28 6
a 75 56 0 49 4
a 75 17 0 28 2
a 79 94 0 49 9
a 79 48 0 10 10
a 79 61 0 31 8
a 79 58 0 31 3
a 80 38 0 49 7
a 80 64 0 42 5
a 82 68 0 49 2
a 82 54 0 7 7
a 82 51 0 46 1
a 82 67 0 3 1
a 85 79 0 49 7
a 85 12 0 4 9
a 85 53 0 7 1
a 86 80 0 49 3
a 86 35 0 35 9
a 86 36 0 31 7
a 86 68 0 10 2
a 86 47 0 16 2
a 86 62 0 10 5
a 87 99 0 49 5
a 87 18 0 49 10
a 87 76 0 2 9
a 87 90 0 4 2
a 87 70 0 5 9
a 90 75 0 49 1
a 90 21 0 47 6
a 90 49 0 15 3
a 90 66 0 3 5
a 93 15 0 49 2
a 93 55 0 43 1
a 94 36 0 49 6
a 94 17 0 14 3
a 2 98 0 1 2
a 2 31 0 23 10
a 2 26 0 3 1
a 2 37 0 46 3
a 3 97 0 1 4
a 3 65 0 30 8
a 3 89 0 21 8
a 3 6 0 11 2
a 5 55 0 1 5
a 5 72 0 30 9
a 5 69 0 3 10
a 5 41 0 10 4
a 5 91 0 18 1
a 7 5 0 1 10
a 7 50 0 4 6
a 7 54 0 3 9
a 7 4 0 23 5
a 7 75 0 42 8
a 9 62 0 1 10
a 9 52 0 41 8
a 9 37 0 36 5
a 9 74 0 48 10
a 10 89 0 1 8
a 10 15 0 4 10
a 10 34 0 26 9
a 10 75 0 4 3
a 10 87 0 11 6
a 10 45 0 31 7
a 13 27 0 1 8
a 13 5 0 16 6
a 14 91 0 1 1
a 14 43 0 18 10
a 14 54 0 26 2
a 14 90 0 23 8
a 16 92 0 1 4
a 16 47 0 33 6
a 16 15 0 44 4
a 16 44 0 45 2
a 16 78 0 47 3
a 16 94 0 31 1
a 16 4 0 23 4
a 17 13 0 1 10
a 17 29 0 44 1
a 17 68 0 11 6
a 17 71 0 10 7
a 17 8 0 11 6
a 22 65 0 1 5
a 22 72 0 30 2
a 22 63 0 5 7
a 22 79 0 33 1
a 22 37 0 39 9
a 22 36 0 23 7
a 22 16 0 19 7
a 23 7 0 1 3
a 23 11 0 1 7
a 23 77 0 34 7
a 23 76 0 7 7
a 23 55 0 46 2
a 23 36 0 35 10
a 24 16 0 1 10
a 24 59 0 18 8
a 24 77 0 50 5
a 24 51 0 47 6
a 24 100 0 49 1
a 25 24 0 1 2
a 25 95 0 21 7
a 27 32 0 1 2
a 27 35 0 8 1
a 27 9 0 1 10
a 27 10 0 2 7
a 27 62 0 26 7
a 29 22 0 1 10
a 29 62 0 16 9
a 30 84 0 1 8
a 30 92 0 15 2
a 30 71 0 24 7
a 30 70 0 0 6
a 30 88 0 49 5
a 31 99 0 1 4
a 31 37 0 1 1
a 31 84 0 22 5
a 31 82 0 17 3
a 32 81 0 1 10
a 32 38 0 32 10
a 32 10 0 31 9
a 32 82 0 41 9
a 32 74 0 5 6
a 32 89 0 41 1
a 33 77 0 1 9
a 33 55 0 16 5
a 34 33 0 1 4
a 34 19 0 22 1
a 37 23 0 1 6
a 37 10 0 41 5
a 37 43 0 27 8
a 44 29 0 1 4
a 44 67 0 43 5
a 44 18 0 42 10
a 44 10 0 4 7
a 44 98 0 13 2
a 54 69 0 1 4
a 54 98 0 4 2
a 54 53 0 11 7
a 54 20 0 12 4
a 54 91 0 6 3
a 54 62 0 22 3
a 55 59 0 1 1
a 55 97 0 16 2
a 55 68 0 1 7
a 55 50 0 17 1
a 55 83 0 34 6
a 55 75 0 4 4
a 55 23 0 32 8
a 59 14 0 1 3
a 59 77 0 25 2
a 62 44 0 1 6
a 62 37 0 40 3
a 62 20 0 22 9
a 63 54 0 1 1
a 63 38 0 29 2
a 63 61 0 47 2
a 63 90 0 23 6
a 65 70 0 1 10
a 65 40 0 3 8
a 67 31 0 1 8
a 67 45 0 0 5
a 67 21 0 10 2
a 67 43 0 4 8
a 67 78 0 32 9
a 67 76 0 6 4
a 67 53 0 44 10
a 69 96 0 1 7
a 69 70 0 40 2
a 69 55 0 14 10
a 70 34 0 1 3
a 70 98 0 46 9
a 70 69 0 29 7
a 70 32 0 17 5
a 70 29 0 15 7
a 74 63 0 1 1
a 74 18 0 18 3
a 74 52 0 48 10
a 74 79 0 45 9
a 74 87 0 15 9
a 74 78 0 28 10
a 74 62 0 34 7
a 76 17 0 1 7
a 76 41 0 45 4
a 77 83 0 1 5
a 77 87 0 29 2
a 77 62 0 23 10
a 77 7 0 22 9
a 77 60 0 47 3
a 77 71 0 43 3
a 77 43 0 7 7
a 78 88 0 1 8
a 78 83 0 33 6
a 78 89 0 3 6
a 81 95 0 1 10
a 81 42 0 40 10
a 83 10 0 1 8
a 83 89 0 32 1
a 83 43 0 15 6
a 83 54 0 44 5
a 83 4 0 25 8
a 84 25 0 1 5
a 84 30 0 2 10
a 84 96 0 10 6
a 88 100 0 1 2
a 88 91 0 45 7
a 88 67 0 13 8
a 88 77 0 2 3
a 88 16 0 29 9
a 88 70 0 22 8
a 89 76 0 1 5
a 89 17 0 42 4
a 89 88 0 0 7
a 91 30 0 1 6
a 91 43 0 30 7
a 92 3 0 1 9
a 92 5 0 33 3
a 92 53 0 50 6
a 92 96 0 12 3
a 92 88 0 41 6
a 92 9 0 36 1
a 92 38 0 3 1
a 95 78 0 1 3
a 95 46 0 1 9
a 95 75 0 32 4
a 95 34 0 33 3
a 95 90 0 29 8
a 95 61 0 50 7
a 96 9 0 1 10
a 96 29 0 41 10
a 96 87 0 28 9
a 96 100 0 39 10
a 97 74 0 1 10
a 97 85 0 46 3
a 97 58 0 48 8
a 97 15 0 21 3
a 98 67 0 1 4
a 98 36 0 21 9
a 98 75 0 42 2
a 98 4 0 35 4
