c PyNETGEN v1.0.0
c $ pip install pynetgen
c
c  NETGEN flow network generation algorithm
c  Problem input parameters
c  -------------------------------------
c   Random seed:          9
c   Number of nodes:      100
c   Source nodes:         2
c   Sink nodes:           2
c   Number of arcs:       400
c   Minimum arc cost:     1
c   Maximum arc cost:     10
c   Total supply:         50
c   Transshipment -
c     Sources:            0
c     Sinks:              0
c   Skeleton arcs -
c     With max cost:      0
c     Capacitated:        100
c   Minimum arc capacity: 0
c   Maximum arc capacity: 50
c
c  *** Minimum cost flow ***
c
p min 100 400
n 1 49
n 2 1
n 99 -24
n 100 -26
a 1 44 0 49 1
a 1 35 0 22 3
a 1 94 0 4 6
a 1 32 0 48 4
a 1 54 0 12 10
a 1 43 0 44 8
a 14 17 0 49 7
a 14 93 0 29 6
a 14 89 0 5 6
a 14 73 0 9 10
a 14 60 0 47 5
a 15 38 0 49 4
a 15 87 0 36 10
a 15 18 0 4 9
a 15 67 0 23 10
a 17 100 0 49 3
a 17 64 0 5 8
a 17 73 0 33 6
a 17 90 0 5 5
a 18 23 0 49 5
a 18 82 0 11 5
a 18 84 0 14 6
a 18 55 0 1 4
a 18 74 0 2 6
a 20 90 0 49 9
a 20 99 0 45 3
a 20 34 0 13 1
a 20 93 0 32 8
a 20 86 0 39 1
a 20 68 0 44 4
a 20 58 0 46 10
a 21 30 0 49 5
a 21 35 0 0 7
a 21 43 0 23 8
a 23 66 0 49 6
a 23 10 0 26 5
a 24 34 0 49 10
a 24 17 0 9 6
a 24 13 0 24 10
a 24 39 0 37 2
a 24 83 0 24 10
a 25 85 0 49 9
a 25 42 0 38 8
a 26 14 0 49 6
a 26 46 0 4 9
a 26 72 0 7 7
a 28 37 0 49 5
a 28 93 0 33 10
a 28 94 0 11 3
a 28 56 0 41 9
a 28 85 0 47 2
a 29 20 0 49 1
a 29 32 0 5 8
a 29 94 0 22 3
a 29 14 0 37 6
a 29 56 0 6 10
a 29 19 0 2 10
a 29 69 0 1 7
a 30 60 0 49 10
a 30 100 0 14 8
a 33 68 0 49 9
a 33 9 0 16 9
a 34 76 0 49 8
a 34 27 0 43 8
a 34 20 0 38 10
a 34 40 0 42 10
a 34 51 0 47 2
a 34 17 0 9 3
a 34 78 0 23 2
a 37 63 0 49 9
a 37 95 0 30 6
a 37 65 0 29 7
a 37 31 0 48 8
a 38 79 0 49 1
a 38 76 0 19 9
a 38 56 0 16 8
a 38 69 0 15 7
a 38 84 0 43 8
a 38 77 0 13 9
a 38 23 0 31 9
a 39 33 0 49 3
a 39 99 0 49 2
a 39 34 0 21 10
a 41 43 0 49 1
a 41 12 0 39 9
a 41 24 0 6 5
a 41 65 0 33 9
a 41 89 0 23 8
a 43 57 0 49 4
a 43 28 0 38 8
a 44 77 0 49 6
a 44 16 0 40 4
a 44 57 0 15 6
a 44 12 0 26 7
a 44 80 0 1 9
a 44 45 0 30 1
a 44 70 0 1 4
a 46 15 0 49 8
a 46 18 0 24 1
a 46 51 0 19 3
a 46 78 0 3 5
a 55 69 0 49 9
a 55 48 0 44 6
a 55 65 0 6 2
a 55 89 0 26 8
a 55 51 0 20 9
a 55 23 0 3 3
a 57 93 0 49 5
a 57 45 0 43 5
a 57 13 0 5 1
a 57 24 0 43 4
a 59 26 0 49 3
a 59 76 0 19 5
a 59 66 0 27 1
a 60 29 0 49 9
a 60 42 0 6 1
a 62 97 0 49 8
a 62 64 0 22 7
a 62 63 0 31 4
a 62 35 0 12 10
a 62 31 0 19 5
a 63 74 0 49 6
a 63 46 0 41 2
a 64 55 0 49 1
a 64 84 0 32 5
a 64 4 0 7 3
a 64 30 0 18 7
a 64 50 0 0 10
a 64 9 0 3 7
a 64 68 0 26 2
a 66 46 0 49 9
a 66 26 0 25 8
a 66 31 0 3 10
a 66 56 0 4 4
a 67 28 0 49 1
a 67 29 0 11 9
a 67 21 0 40 4
a 67 92 0 12 10
a 68 92 0 49 3
a 68 80 0 48 5
a 68 54 0 30 8
a 68 25 0 0 7
a 69 41 0 49 4
a 69 56 0 36 1
a 71 82 0 49 8
a 71 17 0 45 6
a 74 18 0 49 10
a 74 51 0 25 9
a 76 59 0 49 1
a 76 29 0 1 10
a 77 25 0 49 3
a 77 59 0 35 10
a 77 80 0 20 5
a 77 11 0 9 5
a 77 26 0 9 5
a 79 62 0 49 7
a 79 61 0 29 5
a 79 93 0 50 10
a 79 24 0 11 7
a 79 71 0 33 7
a 82 67 0 49 5
a 82 60 0 22 7
a 82 47 0 50 7
a 85 39 0 49 2
a 85 44 0 46 8
a 85 77 0 4 1
a 85 50 0 44 6
a 88 21 0 49 1
a 88 40 0 2 10
a 88 29 0 30 10
a 88 23 0 20 1
a 88 89 0 13 4
a 88 70 0 18 1
a 88 3 0 24 4
a 90 71 0 49 7
a 90 93 0 27 7
a 90 5 0 5 7
a 90 61 0 26 7
a 90 18 0 43 4
a 91 88 0 49 10
a 91 6 0 49 5
a 91 79 0 23 5
a 91 71 0 13 1
a 91 87 0 31 7
a 91 40 0 28 4
a 92 98 0 49 6
a 92 57 0 32 9
a 93 24 0 49 2
a 93 28 0 21 7
a 97 64 0 49 2
a 97 16 0 10 9
a 97 45 0 17 7
a 97 57 0 5 4
a 97 54 0 14 6
a 97 44 0 4 5
a 97 38 0 34 4
a 98 91 0 49 1
a 98 19 0 6 10
a 98 34 0 19 8
a 98 15 0 22 3
a 2 50 0 1 7
a 2 14 0 45 3
a 3 94 0 1 7
a 3 95 0 29 4
a 3 57 0 42 6
a 4 58 0 1 3
a 4 81 0 17 1
a 4 44 0 15 7
a 4 24 0 2 1
a 4 6 0 22 1
a 5 61 0 1 4
a 5 69 0 43 6
a 5 66 0 47 10
a 5 35 0 25 10
a 5 44 0 8 7
a 5 90 0 36 3
a 6 36 0 1 5
a 6 43 0 34 6
a 6 97 0 7 6
a 7 31 0 1 9
a 7 17 0 39 1
a 7 58 0 6 9
a 8 12 0 1 4
a 8 66 0 47 3
a 8 37 0 8 1
a 9 95 0 1 7
a 9 65 0 26 3
a 9 16 0 14 8
a 9 84 0 39 4
a 9 56 0 35 3
a 9 82 0 4 10
a 10 7 0 1 1
a 10 29 0 15 7
a 10 86 0 17 4
a 10 71 0 45 4
a 10 59 0 21 1
a 10 37 0 35 4
a 10 68 0 38 8
a 11 56 0 1 1
a 11 76 0 42 7
a 11 12 0 28 10
a 11 44 0 17 10
a 11 31 0 36 2
a 12 19 0 1 3
a 12 53 0 20 3
a 12 33 0 24 1
a 12 77 0 46 8
a 12 36 0 22 5
a 13 78 0 1 6
a 13 27 0 17 2
a 13 30 0 27 5
a 13 29 0 38 3
a 13 15 0 36 5
a 13 75 0 31 4
a 16 96 0 1 7
a 16 26 0 40 3
a 19 100 0 1 7
a 19 99 0 24 7
a 19 87 0 7 7
a 19 17 0 35 4
a 22 65 0 1 4
a 22 43 0 32 8
a 22 16 0 10 7
a 27 4 0 1 8
a 27 32 0 40 8
a 31 22 0 1 7
a 31 48 0 1 10
a 31 42 0 37 5
a 31 4 0 11 1
a 31 72 0 7 9
a 31 7 0 48 4
a 32 10 0 1 4
a 32 15 0 26 10
a 32 81 0 35 7
a 32 25 0 7 3
a 32 80 0 19 5
a 32 33 0 23 7
a 35 89 0 1 7
a 35 95 0 38 2
a 35 70 0 10 8
a 35 28 0 6 4
a 35 15 0 21 6
a 35 46 0 46 3
a 36 42 0 1 1
a 36 19 0 24 8
a 36 66 0 5 6
a 36 67 0 38 7
a 40 52 0 1 6
a 40 77 0 25 4
a 40 95 0 21 2
a 40 8 0 44 2
a 40 18 0 5 2
a 42 80 0 1 5
a 42 26 0 14 3
a 42 65 0 42 7
a 45 81 0 1 4
a 45 49 0 48 9
a 45 62 0 37 10
a 45 77 0 18 1
a 45 98 0 11 6
a 45 91 0 9 5
a 47 72 0 1 4
a 47 92 0 31 9
a 47 43 0 29 7
a 48 6 0 1 5
a 48 9 0 26 4
a 48 99 0 13 1
a 48 13 0 26 10
a 49 51 0 1 3
a 49 72 0 11 10
a 49 56 0 46 1
a 49 66 0 25 9
a 49 50 0 33 5
a 49 82 0 45 3
a 50 3 0 1 7
a 50 15 0 4 8
a 50 9 0 38 1
a 50 52 0 50 9
a 51 48 0 1 8
a 51 20 0 31 10
a 51 64 0 17 8
a 52 13 0 1 2
a 52 96 0 1 2
a 52 54 0 20 8
a 52 100 0 44 8
a 53 47 0 1 4
a 53 15 0 32 7
a 53 65 0 49 8
a 53 96 0 37 10
a 53 44 0 38 2
a 53 26 0 38 8
a 54 45 0 1 6
a 54 72 0 39 5
a 54 33 0 50 5
a 54 55 0 41 6
a 54 98 0 20 4
a 56 5 0 1 9
a 56 37 0 28 6
a 56 76 0 27 10
a 56 51 0 20 6
a 56 62 0 37 5
a 58 54 0 1 10
a 58 69 0 35 3
a 61 27 0 1 2
a 61 91 0 22 10
a 65 84 0 1 1
a 65 100 0 4 1
a 65 95 0 30 6
a 65 70 0 39 1
a 65 36 0 36 8
a 70 83 0 1 5
a 70 94 0 7 6
a 70 73 0 22 4
a 70 76 0 38 3
a 70 45 0 42 3
a 72 73 0 1 3
a 72 58 0 11 1
a 72 39 0 36 2
a 73 9 0 1 5
a 73 57 0 18 2
a 73 85 0 8 3
a 75 32 0 1 10
a 75 40 0 1 2
a 75 48 0 37 7
a 75 26 0 45 1
a 75 37 0 15 2
a 78 70 0 1 10
a 78 60 0 21 5
a 78 30 0 33 8
a 78 36 0 22 7
a 80 35 0 1 4
a 80 59 0 10 8
a 80 38 0 2 6
a 80 29 0 3 5
a 81 8 0 1 10
a 81 55 0 4 1
a 81 21 0 18 2
a 81 85 0 1 5
a 83 53 0 1 7
a 83 5 0 47 3
a 84 40 0 1 6
a 84 70 0 29 1
a 84 97 0 48 8
a 84 65 0 48 8
a 86 16 0 1 7
a 86 57 0 32 7
a 86 72 0 44 9
a 86 54 0 41 9
a 87 11 0 1 2
a 87 77 0 32 4
a 89 86 0 1 3
a 89 99 0 1 7
a 89 37 0 7 4
a 94 75 0 1 3
a 94 93 0 34 3
a 95 49 0 1 10
a 95 16 0 10 1
a 95 32 0 44 8
a 96 87 0 1 6
a 96 47 0 40 9
