c PyNETGEN v1.0.0
c $ pip install pynetgen
c
c  NETGEN flow network generation algorithm
c  Problem input parameters
c  -------------------------------------
c   Random seed:          4
c   Number of nodes:      100
c   Source nodes:         2
c   Sink nodes:           2
c   Number of arcs:       400
c   Minimum arc cost:     1
c   Maximum arc cost:     10
c   Total supply:         50
c   Transshipment -
c     Sources:            0
c     Sinks:              0
c   Skeleton arcs -
c     With max cost:      0
c     Capacitated:        100
c   Minimum arc capacity: 0
c   Maximum arc capacity: 50
c
c  *** Minimum cost flow ***
c
p min 100 400
n 1 25
n 2 25
n 99 -46
n 100 -4
a 1 35 0 25 2
a 1 64 0 41 9
a 1 55 0 47 4
a 6 61 0 25 6
a 6 28 0 8 7
a 6 58 0 8 6
a 6 75 0 34 4
a 10 75 0 25 2
a 10 73 0 5 6
a 10 53 0 32 10
a 10 11 0 46 9
a 10 43 0 33 10
a 10 16 0 47 8
a 10 69 0 44 4
a 11 96 0 25 1
a 11 24 0 28 8
a 12 79 0 25 8
a 12 6 0 20 1
a 12 19 0 16 5
a 12 89 0 2 1
a 12 88 0 19 10
a 12 10 0 37 6
a 17 10 0 25 6
a 17 40 0 26 4
a 20 11 0 25 4
a 20 75 0 3 3
a 20 82 0 20 10
a 20 57 0 48 6
a 20 86 0 23 1
a 20 15 0 25 1
a 21 44 0 25 8
a 21 4 0 24 2
a 21 41 0 31 4
a 21 51 0 10 8
a 21 22 0 25 4
a 22 65 0 25 6
a 22 43 0 5 9
a 22 47 0 49 4
a 22 17 0 50 1
a 22 52 0 50 4
a 22 75 0 42 9
a 23 83 0 25 6
a 23 24 0 25 6
a 23 80 0 18 8
a 23 82 0 33 5
a 23 51 0 23 6
a 23 79 0 14 4
a 24 57 0 25 4
a 24 71 0 22 1
a 24 69 0 32 4
a 24 41 0 21 3
a 24 32 0 9 3
a 24 79 0 25 7
a 24 72 0 24 9
a 26 22 0 25 2
a 26 15 0 25 6
a 27 20 0 25 3
a 27 100 0 25 4
a 27 26 0 11 2
a 27 61 0 36 4
a 27 13 0 7 2
a 29 66 0 25 5
a 29 30 0 23 2
a 29 77 0 2 3
a 31 98 0 25 10
a 31 12 0 36 1
a 31 28 0 5 5
a 35 17 0 25 5
a 35 21 0 34 8
a 36 42 0 25 1
a 36 68 0 0 1
a 36 5 0 6 9
a 38 24 0 25 3
a 38 42 0 49 9
a 38 50 0 3 6
a 39 53 0 25 1
a 39 77 0 44 6
a 39 32 0 10 6
a 39 24 0 15 1
a 39 17 0 41 8
a 39 99 0 2 5
a 40 72 0 25 9
a 40 61 0 9 4
a 40 47 0 4 1
a 40 7 0 26 4
a 40 71 0 17 6
a 40 79 0 37 10
a 41 59 0 25 7
a 41 25 0 31 5
a 42 84 0 25 5
a 42 89 0 35 3
a 44 23 0 25 7
a 44 49 0 29 2
a 44 42 0 6 8
a 45 89 0 25 10
a 45 40 0 47 3
a 45 9 0 37 4
a 45 69 0 4 7
a 45 37 0 39 4
a 45 21 0 17 1
a 45 58 0 10 8
a 46 21 0 25 4
a 46 12 0 22 10
a 46 44 0 28 8
a 46 34 0 34 6
a 46 70 0 6 3
a 46 5 0 38 3
a 49 54 0 25 8
a 49 43 0 36 4
a 49 40 0 36 4
a 49 74 0 2 9
a 49 5 0 10 10
a 49 11 0 17 8
a 49 18 0 12 3
a 52 49 0 25 3
a 52 89 0 14 9
a 53 86 0 25 10
a 53 73 0 32 6
a 53 75 0 22 10
a 54 85 0 25 3
a 54 49 0 17 9
a 54 40 0 13 6
a 57 87 0 25 10
a 57 3 0 35 10
a 57 63 0 34 9
a 59 78 0 25 2
a 59 55 0 22 7
a 59 91 0 34 1
a 59 62 0 18 5
a 59 35 0 17 5
a 59 28 0 31 8
a 59 15 0 28 5
a 61 68 0 25 6
a 61 85 0 44 4
a 61 29 0 42 8
a 61 70 0 5 10
a 65 31 0 25 5
a 65 83 0 5 5
a 66 6 0 25 1
a 66 34 0 7 7
a 66 81 0 19 3
a 66 74 0 0 1
a 66 57 0 48 7
a 68 27 0 25 4
a 68 4 0 29 10
a 68 33 0 48 5
a 68 51 0 38 7
a 72 52 0 25 7
a 72 45 0 4 1
a 72 26 0 34 7
a 72 8 0 1 5
a 72 36 0 41 2
a 72 100 0 37 4
a 72 81 0 21 6
a 73 26 0 25 2
a 73 14 0 17 9
a 73 3 0 24 7
a 75 73 0 25 8
a 75 70 0 16 7
a 75 98 0 40 10
a 75 54 0 48 4
a 75 11 0 35 2
a 78 29 0 25 9
a 78 36 0 25 10
a 78 65 0 43 2
a 78 24 0 10 10
a 79 91 0 25 10
a 79 59 0 16 8
a 79 99 0 49 4
a 79 29 0 50 5
a 79 88 0 23 4
a 79 39 0 48 2
a 83 99 0 25 8
a 83 25 0 39 1
a 83 22 0 2 4
a 83 6 0 40 2
a 83 69 0 39 6
a 83 71 0 31 8
a 84 46 0 25 8
a 84 89 0 47 6
a 85 45 0 25 2
a 85 64 0 27 4
a 85 58 0 17 10
a 85 8 0 25 6
a 86 38 0 25 6
a 86 73 0 44 4
a 86 68 0 28 5
a 87 12 0 25 10
a 87 25 0 46 5
a 87 65 0 48 10
a 89 36 0 25 9
a 89 83 0 19 6
a 89 28 0 39 1
a 89 51 0 20 10
a 89 12 0 30 5
a 91 41 0 25 10
a 91 69 0 2 6
a 91 24 0 45 5
a 91 51 0 48 6
a 96 40 0 25 6
a 96 4 0 19 10
a 96 64 0 5 8
a 96 14 0 27 9
a 96 27 0 3 9
a 96 100 0 14 8
a 98 39 0 25 7
a 98 58 0 24 7
a 98 80 0 20 1
a 98 19 0 2 7
a 98 31 0 15 2
a 2 34 0 25 4
a 2 92 0 19 3
a 3 94 0 25 7
a 3 71 0 11 8
a 3 16 0 29 5
a 4 14 0 25 1
a 4 30 0 41 6
a 4 94 0 49 7
a 4 3 0 23 10
a 4 33 0 28 6
a 5 19 0 25 9
a 5 39 0 28 7
a 5 42 0 33 10
a 7 99 0 25 10
a 7 56 0 25 2
a 7 65 0 34 2
a 7 5 0 20 1
a 8 51 0 25 5
a 8 91 0 6 1
a 8 75 0 18 10
a 8 78 0 33 3
a 8 88 0 49 1
a 9 28 0 25 10
a 9 26 0 39 1
a 9 31 0 24 1
a 9 34 0 2 2
a 13 82 0 25 2
a 13 15 0 8 5
a 14 13 0 25 6
a 14 3 0 15 4
a 14 79 0 0 8
a 15 7 0 25 8
a 15 98 0 21 6
a 15 78 0 40 9
a 15 92 0 21 7
a 15 66 0 44 1
a 15 89 0 13 9
a 16 70 0 25 9
a 16 85 0 45 10
a 16 72 0 21 9
a 16 43 0 32 4
a 18 74 0 25 8
a 18 4 0 48 2
a 18 89 0 3 2
a 19 64 0 25 3
a 19 74 0 31 8
a 19 94 0 15 9
a 19 61 0 37 4
a 25 77 0 25 6
a 25 72 0 11 8
a 28 69 0 25 4
a 28 60 0 49 7
a 28 59 0 31 5
a 28 87 0 10 6
a 28 72 0 47 6
a 30 25 0 25 2
a 30 51 0 0 5
a 32 47 0 25 6
a 32 36 0 0 2
a 32 11 0 37 9
a 32 81 0 48 7
a 32 56 0 7 5
a 32 90 0 26 9
a 32 44 0 24 2
a 33 55 0 25 7
a 33 10 0 38 2
a 33 58 0 40 6
a 33 24 0 20 8
a 33 82 0 2 8
a 34 48 0 25 7
a 34 76 0 12 1
a 37 97 0 25 7
a 37 73 0 29 2
a 37 23 0 19 9
a 37 99 0 32 3
a 43 76 0 25 10
a 43 25 0 29 3
a 47 93 0 25 4
a 47 53 0 10 6
a 48 37 0 25 9
a 48 14 0 35 9
a 48 54 0 3 7
a 48 26 0 37 8
a 48 44 0 11 7
a 48 65 0 11 3
a 48 39 0 17 6
a 50 63 0 25 3
a 50 67 0 45 5
a 50 37 0 16 5
a 50 81 0 8 1
a 50 61 0 21 7
a 51 62 0 25 4
a 51 54 0 48 8
a 51 29 0 2 5
a 51 45 0 26 5
a 51 10 0 45 1
a 55 100 0 25 4
a 55 97 0 45 3
a 55 19 0 21 9
a 55 79 0 3 1
a 55 65 0 25 5
a 55 69 0 5 2
a 56 88 0 25 6
a 56 26 0 40 4
a 56 13 0 14 5
a 56 21 0 19 4
a 58 50 0 25 9
a 58 23 0 15 1
a 58 18 0 28 3
a 58 90 0 36 9
a 60 81 0 25 9
a 60 85 0 34 7
a 62 71 0 25 2
a 62 64 0 28 8
a 62 50 0 21 2
a 62 14 0 21 3
a 63 4 0 25 6
a 63 71 0 39 8
a 63 31 0 35 4
a 63 38 0 26 6
a 63 65 0 36 7
a 63 56 0 39 4
a 64 80 0 25 1
a 64 57 0 3 7
a 67 32 0 25 3
a 67 35 0 7 9
a 67 33 0 29 8
a 67 86 0 32 8
a 67 77 0 47 3
a 67 24 0 27 2
a 69 8 0 25 6
a 69 4 0 14 5
a 69 11 0 44 1
a 70 3 0 25 9
a 70 43 0 36 6
a 70 42 0 45 5
a 71 5 0 25 9
a 71 72 0 6 4
a 71 63 0 6 8
a 74 60 0 25 6
a 74 12 0 13 5
a 74 21 0 40 2
a 74 28 0 22 10
a 74 18 0 36 9
a 74 84 0 5 3
a 76 30 0 25 10
a 76 97 0 28 7
a 76 34 0 13 9
a 76 23 0 10 10
a 76 62 0 29 5
a 76 49 0 8 7
a 77 67 0 25 6
a 77 9 0 1 6
a 77 99 0 15 2
a 77 76 0 36 8
a 77 78 0 47 3
a 80 33 0 25 4
a 80 63 0 44 10
a 80 96 0 2 1
a 80 86 0 40 10
a 81 9 0 25 5
a 81 100 0 28 2
a 81 92 0 17 6
a 81 50 0 6 5
a 81 7 0 3 4
a 82 92 0 25 2
a 82 78 0 22 9
a 82 66 0 50 1
a 82 31 0 25 9
a 88 58 0 25 2
a 88 73 0 24 1
a 90 15 0 25 3
a 90 97 0 45 4
a 90 81 0 43 2
a 92 18 0 25 10
a 92 70 0 5 8
a 92 79 0 19 7
a 92 87 0 8 5
a 93 95 0 25 6
a 93 30 0 19 7
a 94 43 0 25 2
a 94 55 0 43 6
a 94 74 0 0 8
a 95 90 0 25 2
a 95 57 0 32 8
a 97 16 0 25 1
a 97 49 0 7 6
a 97 38 0 14 3
a 97 44 0 11 3
a 97 66 0 49 1
