c PyNETGEN v1.0.0
c $ pip install pynetgen
c
c  NETGEN flow network generation algorithm
c  Problem input parameters
c  -------------------------------------
c   Random seed:          1
c   Number of nodes:      100
c   Source nodes:         2
c   Sink nodes:           2
c   Number of arcs:       400
c   Minimum arc cost:     1
c   Maximum arc cost:     10
c   Total supply:         50
c   Transshipment -
c     Sources:            0
c     Sinks:              0
c   Skeleton arcs -
c     With max cost:      0
c     Capacitated:        100
c   Minimum arc capacity: 0
c   Maximum arc capacity: 50
c
c  *** Minimum cost flow ***
c
p min 100 400
n 1 9
n 2 41
n 99 -22
n 100 -28
a 1 11 0 9 3
a 1 43 0 42 4
a 1 89 0 37 7
a 1 44 0 8 1
a 1 63 0 21 5
a 1 77 0 2 5
a 4 59 0 9 5
a 4 42 0 34 8
a 4 14 0 20 10
a 4 7 0 46 6
a 4 66 0 5 9
a 4 88 0 27 5
a 8 79 0 9 10
a 8 16 0 17 7
a 11 89 0 9 2
a 11 81 0 45 8
a 11 96 0 20 2
a 11 85 0 43 6
a 11 26 0 23 7
a 11 19 0 13 2
a 11 88 0 49 1
a 12 94 0 9 6
a 12 83 0 34 10
a 12 85 0 0 7
a 12 31 0 50 9
a 12 62 0 39 9
a 16 72 0 9 2
a 16 55 0 12 5
a 16 95 0 44 1
a 16 91 0 19 1
a 16 87 0 33 6
a 18 28 0 9 5
a 18 29 0 14 1
a 18 42 0 28 8
a 18 59 0 19 6
a 18 85 0 45 10
a 20 44 0 9 8
a 20 8 0 12 7
a 20 17 0 25 7
a 20 19 0 38 6
a 22 41 0 9 6
a 22 8 0 44 7
a 22 16 0 38 5
a 22 39 0 17 2
a 22 28 0 40 8
a 25 27 0 9 10
a 25 98 0 48 1
a 25 79 0 46 8
a 25 37 0 18 7
a 25 76 0 27 7
a 26 63 0 9 4
a 26 94 0 21 9
a 26 36 0 6 6
a 26 54 0 25 4
a 26 51 0 21 10
a 26 79 0 6 4
a 27 52 0 9 9
a 27 34 0 14 3
a 27 48 0 0 1
a 27 35 0 7 4
a 27 88 0 30 9
a 27 37 0 10 5
a 28 54 0 9 3
a 28 16 0 47 2
a 28 50 0 1 1
a 28 43 0 50 2
a 28 65 0 42 10
a 28 26 0 29 5
a 32 64 0 9 7
a 32 77 0 23 2
a 32 75 0 3 2
a 34 51 0 9 9
a 34 70 0 8 6
a 34 25 0 43 8
a 34 39 0 30 6
a 34 13 0 27 7
a 34 22 0 27 6
a 35 75 0 9 4
a 35 14 0 41 1
a 35 64 0 26 8
a 35 9 0 41 8
a 38 39 0 9 6
a 38 8 0 44 2
a 38 13 0 37 10
a 38 60 0 7 7
a 38 78 0 18 3
a 38 37 0 13 8
a 39 35 0 9 9
a 39 80 0 20 2
a 39 63 0 26 6
a 41 93 0 9 9
a 41 63 0 34 4
a 41 64 0 40 8
a 41 89 0 37 7
a 41 97 0 45 2
a 42 87 0 9 4
a 42 15 0 36 6
a 42 80 0 23 4
a 42 83 0 9 10
a 42 11 0 9 9
a 42 90 0 5 10
a 43 4 0 9 7
a 43 31 0 22 2
a 43 14 0 12 5
a 44 45 0 9 5
a 44 100 0 47 5
a 45 70 0 9 9
a 45 21 0 0 5
a 45 81 0 42 4
a 45 47 0 1 3
a 45 51 0 25 6
a 45 52 0 36 3
a 47 49 0 9 8
a 47 100 0 9 6
a 47 54 0 43 10
a 47 22 0 29 9
a 47 14 0 45 1
a 47 57 0 8 4
a 49 16 0 9 2
a 49 20 0 7 10
a 49 15 0 36 3
a 49 55 0 35 5
a 49 48 0 41 6
a 49 65 0 34 10
a 51 26 0 9 9
a 51 100 0 6 10
a 51 90 0 50 5
a 51 97 0 34 7
a 51 67 0 17 3
a 52 12 0 9 8
a 52 81 0 46 8
a 52 46 0 45 7
a 52 22 0 17 10
a 53 8 0 9 8
a 53 12 0 42 8
a 53 67 0 1 5
a 54 55 0 9 3
a 54 38 0 1 2
a 54 69 0 37 1
a 54 90 0 8 10
a 54 28 0 43 4
a 55 85 0 9 10
a 55 62 0 50 6
a 57 76 0 9 2
a 57 11 0 7 10
a 57 60 0 50 8
a 57 82 0 3 1
a 59 38 0 9 10
a 59 5 0 7 7
a 59 35 0 34 5
a 60 25 0 9 4
a 60 59 0 29 8
a 60 13 0 22 6
a 61 91 0 9 3
a 61 83 0 15 3
a 61 85 0 36 8
a 61 87 0 6 10
a 61 94 0 11 1
a 61 43 0 4 5
a 63 20 0 9 2
a 63 49 0 50 6
a 64 60 0 9 1
a 64 24 0 31 10
a 64 25 0 6 6
a 64 21 0 36 3
a 64 52 0 34 10
a 70 47 0 9 6
a 70 17 0 42 3
a 70 52 0 31 1
a 70 34 0 6 2
a 70 25 0 50 2
a 70 79 0 18 9
a 71 57 0 9 2
a 71 24 0 48 1
a 71 33 0 26 1
a 71 7 0 48 9
a 71 20 0 3 4
a 71 46 0 14 7
a 72 90 0 9 8
a 72 98 0 50 5
a 72 43 0 39 8
a 72 20 0 45 6
a 72 17 0 4 10
a 75 42 0 9 6
a 75 30 0 31 6
a 75 82 0 17 2
a 75 8 0 26 8
a 75 32 0 26 8
a 76 99 0 9 5
a 76 22 0 50 1
a 76 92 0 49 3
a 76 23 0 30 4
a 79 34 0 9 2
a 79 27 0 24 5
a 80 18 0 9 2
a 80 59 0 15 7
a 80 28 0 13 5
a 84 32 0 9 9
a 84 87 0 50 5
a 84 31 0 25 2
a 85 61 0 9 4
a 85 14 0 20 2
a 85 98 0 32 9
a 85 96 0 39 4
a 85 63 0 16 8
a 85 68 0 40 2
a 87 71 0 9 8
a 87 8 0 43 2
a 89 22 0 9 5
a 89 59 0 10 9
a 90 43 0 9 8
a 90 58 0 25 3
a 90 73 0 13 2
a 90 95 0 30 9
a 90 21 0 42 5
a 90 66 0 28 3
a 91 53 0 9 10
a 91 76 0 49 4
a 91 25 0 23 9
a 91 72 0 12 1
a 93 84 0 9 10
a 93 74 0 13 10
a 93 90 0 21 3
a 93 99 0 26 1
a 93 63 0 40 6
a 93 18 0 5 2
a 94 80 0 9 5
a 94 24 0 49 2
a 2 83 0 41 2
a 2 41 0 46 5
a 2 59 0 20 5
a 2 38 0 48 3
a 2 17 0 24 10
a 3 50 0 41 1
a 3 93 0 33 7
a 3 7 0 5 10
a 3 46 0 46 9
a 3 26 0 7 6
a 5 48 0 41 9
a 5 26 0 27 8
a 6 66 0 41 3
a 6 63 0 44 8
a 6 62 0 18 3
a 7 58 0 41 4
a 7 74 0 39 2
a 7 73 0 48 9
a 7 62 0 2 3
a 9 37 0 41 7
a 9 26 0 20 5
a 9 27 0 16 9
a 10 24 0 41 6
a 10 92 0 18 1
a 10 70 0 18 6
a 13 14 0 41 4
a 13 64 0 48 2
a 13 19 0 44 4
a 13 53 0 3 10
a 14 77 0 41 7
a 14 62 0 46 8
a 14 82 0 46 1
a 14 40 0 19 5
a 14 88 0 12 5
a 14 17 0 49 10
a 15 68 0 41 5
a 15 6 0 38 5
a 15 83 0 13 10
a 15 10 0 34 2
a 15 35 0 32 7
a 15 69 0 49 2
a 17 99 0 41 9
a 17 50 0 11 2
a 17 64 0 8 6
a 17 63 0 0 7
a 19 100 0 41 4
a 19 88 0 41 10
a 19 33 0 41 9
a 19 99 0 16 9
a 19 68 0 11 7
a 19 14 0 32 7
a 21 74 0 41 10
a 21 69 0 22 2
a 23 36 0 41 1
a 23 78 0 26 8
a 24 96 0 41 9
a 24 43 0 14 9
a 24 58 0 11 4
a 24 67 0 26 9
a 24 61 0 33 6
a 29 7 0 41 3
a 29 15 0 32 9
a 29 61 0 34 9
a 29 68 0 26 6
a 29 13 0 28 8
a 30 62 0 41 4
a 30 77 0 9 10
a 30 58 0 23 4
a 30 52 0 2 1
a 30 50 0 43 3
a 31 17 0 41 3
a 31 54 0 2 1
a 31 24 0 5 1
a 33 86 0 41 6
a 33 56 0 12 7
a 33 60 0 32 3
a 33 91 0 0 7
a 33 53 0 11 6
a 36 13 0 41 6
a 36 84 0 30 5
a 36 7 0 18 4
a 37 31 0 41 2
a 37 15 0 25 3
a 37 52 0 20 9
a 37 53 0 49 2
a 40 95 0 41 5
a 40 83 0 16 3
a 46 19 0 41 2
a 46 93 0 46 4
a 46 68 0 29 2
a 46 63 0 26 4
a 48 29 0 41 3
a 48 52 0 5 6
a 48 45 0 34 10
a 48 17 0 48 4
a 48 22 0 13 8
a 50 46 0 41 2
a 50 95 0 5 10
a 50 41 0 37 7
a 50 84 0 3 3
a 50 51 0 15 2
a 56 6 0 41 7
a 56 36 0 28 1
a 56 86 0 16 7
a 56 67 0 43 10
a 58 92 0 41 9
a 58 50 0 15 7
a 58 27 0 40 8
a 62 67 0 41 1
a 62 40 0 8 7
a 62 70 0 37 4
a 65 73 0 41 5
a 65 69 0 13 6
a 65 78 0 35 2
a 66 98 0 41 6
a 66 51 0 50 4
a 66 4 0 9 9
a 66 57 0 43 3
a 66 6 0 12 6
a 67 5 0 41 6
a 67 78 0 46 2
a 67 71 0 11 6
a 67 12 0 35 7
a 67 99 0 48 4
a 68 56 0 41 4
a 68 96 0 9 3
a 68 25 0 20 4
a 68 65 0 36 2
a 69 82 0 41 3
a 69 17 0 22 4
a 73 30 0 41 4
a 73 43 0 7 8
a 73 63 0 8 5
a 74 23 0 41 4
a 74 94 0 13 5
a 74 51 0 10 8
a 77 69 0 41 3
a 77 99 0 37 10
a 77 79 0 19 4
a 78 65 0 41 8
a 78 74 0 26 2
a 78 4 0 29 5
a 78 61 0 15 2
a 81 40 0 41 3
a 81 4 0 17 5
a 81 96 0 33 2
a 82 3 0 41 4
a 82 71 0 25 9
a 83 15 0 41 7
a 83 47 0 25 2
a 83 68 0 19 8
a 83 62 0 11 3
a 86 9 0 41 8
a 86 47 0 26 10
a 86 83 0 43 6
a 88 97 0 41 8
a 88 92 0 1 10
a 88 84 0 1 7
a 92 33 0 41 6
a 92 69 0 21 7
a 92 62 0 44 1
a 95 78 0 41 10
a 95 52 0 13 8
a 95 31 0 49 5
a 96 81 0 41 10
a 96 98 0 50 3
a 97 10 0 41 5
a 97 11 0 50 1
a 98 21 0 41 9
a 98 73 0 16 4
a 98 16 0 28 9
a 98 32 0 44 6
