c PyNETGEN v1.0.0
c $ pip install pynetgen
c
c  NETGEN flow network generation algorithm
c  Problem input parameters
c  -------------------------------------
c   Random seed:          10
c   Number of nodes:      100
c   Source nodes:         2
c   Sink nodes:           2
c   Number of arcs:       400
c   Minimum arc cost:     1
c   Maximum arc cost:     10
c   Total supply:         50
c   Transshipment -
c     Sources:            0
c     Sinks:              0
c   Skeleton arcs -
c     With max cost:      0
c     Capacitated:        100
c   Minimum arc capacity: 0
c   Maximum arc capacity: 50
c
c  *** Minimum cost flow ***
c
p min 100 400
n 1 44
n 2 6
n 99 -39
n 100 -11
a 1 21 0 44 3
a 1 75 0 39 9
a 1 83 0 16 5
a 6 99 0 44 10
a 6 77 0 44 8
a 6 57 0 39 4
a 6 22 0 14 1
a 6 24 0 8 2
a 8 73 0 44 3
a 8 43 0 40 9
a 9 50 0 44 5
a 9 74 0 19 2
a 9 26 0 23 3
a 9 99 0 6 8
a 9 100 0 16 6
a 9 61 0 36 6
a 10 97 0 44 2
a 10 8 0 15 2
a 12 32 0 44 6
a 12 53 0 42 9
a 12 22 0 16 5
a 12 14 0 0 3
a 12 24 0 38 10
a 12 92 0 12 3
a 13 23 0 44 7
a 13 12 0 45 1
a 13 76 0 4 10
a 13 9 0 23 7
a 13 36 0 17 1
a 13 44 0 31 7
a 13 54 0 45 8
a 17 29 0 44 7
a 17 57 0 2 3
a 17 72 0 38 4
a 17 8 0 15 4
a 18 89 0 44 4
a 18 31 0 32 7
a 18 78 0 35 9
a 18 60 0 15 9
a 18 97 0 13 7
a 18 93 0 22 2
a 19 80 0 44 6
a 19 14 0 48 3
a 19 34 0 46 2
a 19 77 0 17 10
a 19 12 0 1 7
a 19 31 0 15 3
a 19 63 0 2 10
a 20 95 0 44 9
a 20 63 0 2 3
a 21 67 0 44 3
a 21 30 0 29 8
a 21 58 0 21 6
a 21 32 0 6 7
a 21 99 0 15 7
a 23 8 0 44 5
a 23 31 0 1 4
a 29 31 0 44 3
a 29 100 0 28 7
a 29 86 0 39 3
a 29 43 0 31 2
a 29 52 0 32 6
a 30 72 0 44 6
a 30 17 0 31 9
a 30 82 0 20 5
a 30 32 0 1 1
a 30 42 0 25 7
a 30 40 0 9 2
a 30 47 0 22 3
a 31 47 0 44 4
a 31 99 0 0 9
a 31 7 0 3 6
a 32 17 0 44 1
a 32 51 0 47 9
a 32 19 0 8 8
a 32 64 0 22 9
a 32 47 0 47 10
a 32 5 0 12 7
a 33 10 0 44 5
a 33 11 0 14 7
a 33 69 0 6 4
a 35 18 0 44 4
a 35 3 0 23 10
a 36 44 0 44 8
a 36 13 0 1 8
a 36 92 0 4 3
a 36 69 0 42 2
a 36 65 0 26 6
a 36 97 0 14 7
a 42 49 0 44 4
a 42 88 0 37 4
a 42 98 0 22 8
a 43 79 0 44 2
a 43 99 0 15 2
a 43 80 0 4 3
a 43 65 0 42 7
a 44 64 0 44 8
a 44 77 0 36 6
a 44 52 0 47 5
a 44 24 0 30 2
a 47 91 0 44 2
a 47 76 0 22 9
a 47 22 0 43 3
a 47 63 0 7 3
a 47 62 0 35 5
a 47 48 0 28 7
a 49 93 0 44 10
a 49 25 0 19 3
a 50 30 0 44 9
a 50 52 0 14 2
a 50 88 0 31 1
a 50 67 0 25 5
a 51 36 0 44 10
a 51 7 0 30 4
a 51 4 0 50 8
a 51 63 0 35 9
a 51 15 0 43 2
a 51 70 0 30 3
a 53 71 0 44 8
a 53 68 0 19 2
a 53 18 0 30 7
a 53 56 0 46 8
a 54 96 0 44 5
a 54 20 0 37 3
a 54 51 0 47 6
a 54 49 0 39 5
a 54 98 0 17 4
a 54 13 0 34 6
a 59 60 0 44 9
a 59 43 0 43 9
a 59 100 0 27 8
a 60 51 0 44 6
a 60 35 0 46 2
a 60 44 0 47 8
a 60 13 0 16 8
a 60 40 0 38 3
a 62 81 0 44 6
a 62 6 0 13 1
a 62 54 0 16 3
a 64 74 0 44 3
a 64 20 0 22 1
a 64 18 0 0 7
a 64 38 0 18 6
a 64 6 0 9 6
a 67 86 0 44 9
a 67 43 0 19 6
a 67 19 0 31 2
a 67 98 0 39 3
a 68 78 0 44 8
a 68 91 0 35 4
a 68 22 0 3 1
a 68 72 0 39 7
a 68 93 0 42 3
a 71 100 0 44 4
a 71 25 0 24 7
a 71 30 0 30 1
a 72 68 0 44 7
a 72 44 0 10 10
a 72 75 0 15 1
a 72 100 0 11 5
a 72 14 0 44 10
a 73 19 0 44 5
a 73 31 0 30 6
a 73 24 0 37 5
a 73 52 0 31 10
a 74 12 0 44 8
a 74 29 0 49 10
a 74 94 0 41 5
a 74 24 0 8 10
a 77 54 0 44 3
a 77 15 0 45 5
a 78 20 0 44 5
a 78 38 0 0 10
a 78 68 0 21 4
a 78 30 0 6 10
a 78 23 0 24 8
a 78 80 0 8 3
a 79 6 0 44 3
a 79 54 0 28 10
a 79 12 0 41 8
a 79 27 0 12 5
a 80 35 0 44 4
a 80 86 0 17 3
a 80 22 0 12 3
a 80 94 0 34 9
a 80 38 0 21 2
a 80 71 0 7 9
a 81 85 0 44 2
a 81 40 0 26 9
a 81 57 0 44 5
a 81 94 0 34 1
a 81 63 0 22 10
a 81 33 0 34 4
a 83 33 0 44 3
a 83 51 0 50 1
a 83 92 0 49 3
a 83 54 0 6 5
a 83 17 0 49 1
a 83 11 0 18 5
a 85 9 0 44 7
a 85 88 0 22 10
a 85 5 0 26 3
a 85 77 0 42 2
a 85 13 0 8 9
a 86 83 0 44 9
a 86 7 0 18 8
a 86 9 0 10 6
a 86 79 0 25 2
a 89 43 0 44 6
a 89 77 0 0 8
a 89 70 0 5 3
a 89 88 0 22 6
a 89 95 0 7 9
a 91 62 0 44 6
a 91 49 0 38 4
a 91 74 0 28 5
a 91 71 0 9 9
a 91 47 0 34 9
a 93 13 0 44 1
a 93 82 0 21 6
a 93 85 0 19 3
a 93 84 0 32 8
a 93 69 0 9 3
a 93 89 0 7 9
a 95 42 0 44 7
a 95 35 0 1 4
a 95 72 0 49 1
a 95 24 0 10 9
a 96 53 0 44 4
a 96 69 0 30 6
a 96 51 0 9 7
a 96 40 0 5 7
a 96 78 0 50 7
a 96 94 0 47 4
a 97 59 0 44 2
a 97 77 0 50 7
a 97 83 0 27 3
a 97 96 0 26 3
a 97 81 0 30 5
a 2 34 0 6 2
a 2 11 0 0 4
a 2 81 0 10 7
a 3 24 0 6 10
a 3 32 0 42 6
a 3 8 0 8 4
a 4 3 0 6 1
a 4 96 0 23 10
a 4 44 0 5 1
a 5 70 0 6 10
a 5 12 0 33 10
a 5 22 0 27 1
a 7 88 0 6 5
a 7 97 0 29 10
a 7 53 0 43 9
a 7 56 0 50 7
a 11 55 0 6 10
a 11 96 0 5 7
a 11 58 0 24 1
a 11 36 0 2 4
a 11 68 0 5 4
a 14 63 0 6 8
a 14 91 0 44 5
a 15 39 0 6 6
a 15 22 0 48 3
a 15 13 0 2 5
a 15 93 0 29 2
a 15 98 0 35 1
a 16 98 0 6 8
a 16 35 0 35 2
a 22 28 0 6 9
a 22 87 0 8 8
a 22 19 0 6 10
a 22 49 0 26 6
a 22 80 0 5 1
a 24 46 0 6 7
a 24 29 0 41 5
a 24 19 0 31 9
a 24 85 0 28 4
a 24 38 0 8 10
a 24 81 0 5 8
a 25 82 0 6 9
a 25 52 0 46 10
a 25 27 0 34 2
a 26 90 0 6 2
a 26 7 0 38 9
a 27 45 0 6 3
a 27 6 0 45 10
a 28 7 0 6 1
a 28 32 0 25 8
a 28 73 0 9 2
a 28 17 0 1 7
a 34 14 0 6 6
a 34 32 0 45 6
a 34 11 0 47 7
a 37 75 0 6 9
a 37 79 0 32 4
a 38 92 0 6 3
a 38 83 0 13 8
a 39 38 0 6 1
a 39 12 0 15 9
a 39 26 0 30 10
a 39 44 0 28 6
a 39 60 0 49 9
a 40 99 0 6 6
a 40 25 0 38 8
a 40 18 0 9 3
a 40 92 0 6 3
a 41 27 0 6 6
a 41 73 0 16 9
a 41 83 0 49 4
a 41 65 0 48 5
a 41 43 0 25 3
a 45 26 0 6 3
a 45 37 0 36 5
a 45 69 0 42 10
a 45 20 0 47 4
a 45 54 0 28 4
a 45 33 0 2 10
a 46 11 0 6 1
a 46 26 0 46 8
a 46 70 0 25 4
a 46 85 0 37 10
a 46 50 0 35 1
a 46 3 0 28 8
a 48 25 0 6 3
a 48 14 0 35 3
a 52 41 0 6 4
a 52 24 0 29 1
a 52 44 0 18 5
a 55 69 0 6 5
a 55 18 0 0 6
a 55 8 0 26 7
a 55 50 0 18 9
a 56 87 0 6 4
a 56 5 0 20 8
a 56 16 0 25 6
a 56 15 0 21 10
a 56 78 0 40 10
a 57 37 0 6 1
a 57 35 0 5 7
a 57 9 0 13 10
a 57 81 0 21 10
a 57 95 0 36 8
a 58 16 0 6 8
a 58 40 0 30 3
a 58 56 0 11 5
a 61 58 0 6 6
a 61 62 0 42 7
a 61 83 0 29 7
a 61 38 0 9 3
a 61 68 0 45 4
a 63 57 0 6 8
a 63 99 0 50 6
a 63 84 0 11 8
a 63 32 0 7 6
a 65 40 0 6 4
a 65 94 0 4 1
a 66 65 0 6 2
a 66 29 0 13 7
a 66 20 0 23 8
a 66 75 0 40 5
a 69 52 0 6 8
a 69 65 0 21 7
a 69 18 0 7 5
a 70 94 0 6 10
a 70 100 0 6 9
a 70 79 0 13 6
a 75 5 0 6 2
a 75 3 0 6 2
a 75 11 0 37 7
a 76 56 0 6 9
a 76 16 0 19 8
a 76 81 0 43 2
a 76 73 0 3 4
a 76 13 0 33 10
a 82 15 0 6 3
a 82 49 0 4 1
a 82 20 0 24 6
a 84 22 0 6 4
a 84 45 0 9 4
a 84 88 0 9 1
a 84 77 0 5 3
a 84 51 0 24 10
a 87 4 0 6 10
a 87 60 0 37 6
a 88 76 0 6 6
a 88 46 0 23 4
a 88 58 0 7 4
a 90 61 0 6 5
a 90 24 0 9 6
a 90 45 0 30 10
a 90 57 0 31 8
a 92 66 0 6 8
a 92 10 0 43 1
a 94 84 0 6 6
a 94 79 0 18 5
a 98 48 0 6 8
a 98 59 0 35 1
a 98 22 0 2 7
a 98 46 0 33 4
