c PyNETGEN v1.0.0
c $ pip install pynetgen
c
c  NETGEN flow network generation algorithm
c  Problem input parameters
c  -------------------------------------
c   Random seed:          13
c   Number of nodes:      100
c   Source nodes:         2
c   Sink nodes:           2
c   Number of arcs:       400
c   Minimum arc cost:     1
c   Maximum arc cost:     10
c   Total supply:         50
c   Transshipment -
c     Sources:            0
c     Sinks:              0
c   Skeleton arcs -
c     With max cost:      0
c     Capacitated:        100
c   Minimum arc capacity: 0
c   Maximum arc capacity: 50
c
c  *** Minimum cost flow ***
c
p min 100 400
n 1 25
n 2 25
n 99 -26
n 100 -24
a 1 45 0 25 5
a 1 96 0 38 4
a 1 49 0 26 9
a 1 27 0 30 7
a 1 97 0 46 6
a 1 25 0 1 6
a 5 12 0 25 3
a 5 22 0 39 7
a 7 31 0 25 7
a 7 80 0 41 9
a 7 63 0 17 3
a 7 91 0 24 1
a 7 4 0 7 7
a 10 7 0 25 1
a 10 12 0 22 8
a 10 66 0 2 5
a 10 48 0 36 1
a 11 41 0 25 1
a 11 91 0 47 9
a 11 27 0 20 8
a 11 70 0 5 4
a 11 49 0 0 4
a 12 93 0 25 2
a 12 79 0 3 9
a 12 40 0 44 8
a 12 87 0 48 5
a 12 18 0 8 3
a 12 15 0 4 3
a 12 33 0 37 4
a 13 55 0 25 9
a 13 18 0 27 2
a 13 20 0 15 1
a 13 73 0 6 10
a 17 99 0 25 9
a 17 35 0 25 4
a 17 70 0 15 8
a 17 25 0 1 1
a 17 38 0 15 3
a 17 53 0 22 5
a 19 47 0 25 4
a 19 82 0 31 3
a 21 5 0 25 10
a 21 32 0 50 3
a 21 71 0 32 7
a 21 4 0 4 2
a 21 75 0 42 7
a 21 14 0 50 3
a 23 11 0 25 4
a 23 71 0 47 4
a 23 76 0 41 6
a 23 3 0 19 8
a 23 77 0 22 9
a 24 40 0 25 8
a 24 54 0 18 1
a 24 99 0 37 1
a 24 73 0 41 7
a 24 16 0 37 1
a 25 42 0 25 6
a 25 74 0 37 1
a 25 83 0 15 9
a 25 23 0 17 10
a 25 37 0 11 2
a 26 30 0 25 9
a 26 61 0 20 2
a 26 86 0 16 10
a 27 84 0 25 2
a 27 3 0 10 5
a 30 24 0 25 10
a 30 68 0 29 4
a 30 72 0 4 4
a 30 96 0 13 8
a 30 43 0 27 6
a 30 90 0 45 3
a 30 21 0 33 9
a 31 75 0 25 4
a 31 4 0 18 2
a 31 41 0 23 2
a 31 36 0 26 9
a 31 58 0 43 10
a 35 19 0 25 7
a 35 10 0 33 7
a 35 48 0 27 7
a 35 24 0 30 3
a 36 100 0 25 9
a 36 82 0 40 5
a 37 94 0 25 8
a 37 4 0 19 8
a 37 41 0 8 6
a 37 23 0 31 10
a 40 37 0 25 10
a 40 22 0 38 8
a 41 36 0 25 5
a 41 52 0 19 10
a 41 82 0 32 7
a 41 7 0 13 1
a 42 27 0 25 1
a 42 75 0 13 10
a 42 95 0 39 4
a 42 22 0 38 4
a 42 63 0 11 6
a 42 10 0 13 2
a 42 88 0 16 10
a 45 91 0 25 6
a 45 33 0 9 2
a 45 92 0 35 3
a 45 70 0 1 4
a 47 51 0 25 7
a 47 9 0 43 9
a 47 53 0 3 1
a 47 35 0 41 4
a 50 79 0 25 10
a 50 14 0 45 6
a 50 66 0 11 2
a 51 50 0 25 6
a 51 43 0 1 4
a 51 100 0 46 2
a 51 46 0 0 8
a 52 67 0 25 4
a 52 85 0 28 3
a 52 94 0 40 5
a 52 99 0 11 6
a 52 82 0 24 9
a 52 14 0 3 8
a 53 71 0 25 10
a 53 50 0 15 6
a 55 87 0 25 6
a 55 63 0 40 6
a 55 16 0 34 10
a 55 35 0 21 4
a 56 26 0 25 8
a 56 3 0 12 5
a 59 13 0 25 3
a 59 85 0 47 5
a 59 16 0 23 10
a 59 22 0 41 5
a 59 43 0 16 1
a 59 98 0 35 9
a 66 21 0 25 7
a 66 41 0 26 9
a 66 24 0 30 1
a 67 66 0 25 4
a 67 9 0 0 10
a 67 79 0 16 7
a 67 91 0 30 5
a 67 94 0 19 3
a 67 92 0 17 10
a 71 80 0 25 1
a 71 32 0 5 9
a 71 26 0 20 3
a 71 27 0 35 6
a 74 59 0 25 4
a 74 58 0 0 1
a 74 14 0 6 1
a 74 35 0 5 10
a 74 89 0 44 6
a 75 25 0 25 3
a 75 19 0 28 1
a 75 78 0 44 3
a 76 10 0 25 9
a 76 51 0 22 9
a 76 73 0 42 8
a 76 33 0 6 8
a 79 76 0 25 8
a 79 59 0 30 9
a 79 56 0 38 2
a 79 31 0 40 3
a 79 26 0 13 5
a 80 86 0 25 2
a 80 55 0 26 3
a 80 16 0 4 7
a 80 100 0 43 7
a 80 37 0 10 8
a 80 54 0 23 10
a 84 23 0 25 4
a 84 95 0 8 6
a 84 60 0 16 8
a 84 54 0 44 5
a 84 36 0 32 4
a 86 52 0 25 8
a 86 29 0 13 9
a 86 39 0 3 2
a 86 94 0 25 8
a 86 89 0 30 3
a 87 56 0 25 7
a 87 35 0 1 3
a 87 31 0 22 4
a 87 85 0 35 6
a 87 70 0 37 4
a 87 80 0 16 4
a 91 74 0 25 6
a 91 96 0 3 7
a 91 98 0 36 2
a 91 8 0 44 4
a 91 75 0 34 5
a 93 17 0 25 8
a 93 25 0 18 4
a 93 23 0 46 3
a 93 43 0 0 4
a 93 92 0 16 3
a 94 53 0 25 4
a 94 80 0 11 10
a 94 23 0 11 9
a 94 12 0 37 2
a 94 52 0 23 4
a 94 84 0 8 8
a 2 81 0 25 4
a 2 78 0 19 10
a 3 99 0 25 10
a 3 45 0 14 3
a 3 17 0 21 5
a 3 5 0 22 8
a 4 34 0 25 1
a 4 62 0 37 9
a 4 87 0 11 7
a 4 69 0 12 1
a 6 43 0 25 8
a 6 31 0 44 7
a 6 52 0 7 2
a 6 3 0 30 8
a 6 42 0 47 4
a 8 57 0 25 9
a 8 76 0 9 5
a 8 22 0 37 2
a 8 79 0 17 7
a 8 66 0 43 1
a 8 48 0 31 8
a 9 3 0 25 9
a 9 8 0 26 4
a 9 31 0 22 9
a 9 66 0 42 2
a 14 98 0 25 7
a 14 92 0 38 3
a 14 95 0 36 2
a 14 55 0 22 9
a 14 100 0 25 4
a 15 70 0 25 9
a 15 38 0 42 8
a 15 93 0 41 4
a 15 26 0 2 4
a 16 83 0 25 9
a 16 59 0 18 7
a 16 6 0 16 1
a 16 73 0 32 3
a 18 62 0 25 4
a 18 8 0 49 7
a 18 13 0 12 2
a 18 22 0 30 9
a 20 4 0 25 1
a 20 46 0 33 10
a 20 82 0 30 7
a 20 26 0 2 2
a 20 38 0 35 9
a 22 78 0 25 2
a 22 40 0 2 1
a 22 46 0 17 3
a 22 91 0 13 1
a 28 73 0 25 5
a 28 92 0 49 3
a 28 41 0 13 8
a 29 82 0 25 5
a 29 57 0 49 3
a 29 90 0 29 3
a 29 47 0 3 2
a 29 72 0 1 8
a 32 69 0 25 4
a 32 22 0 43 5
a 33 16 0 25 10
a 33 95 0 14 9
a 33 31 0 5 4
a 33 9 0 19 6
a 33 63 0 41 10
a 34 8 0 25 8
a 34 88 0 26 10
a 34 37 0 17 6
a 34 100 0 13 8
a 38 88 0 25 1
a 38 45 0 30 2
a 38 75 0 47 4
a 39 22 0 25 7
a 39 67 0 17 8
a 39 56 0 31 9
a 43 60 0 25 5
a 43 62 0 24 6
a 43 89 0 46 1
a 43 34 0 29 9
a 44 77 0 25 8
a 44 72 0 15 5
a 44 28 0 33 8
a 44 64 0 25 10
a 44 61 0 50 1
a 44 3 0 50 5
a 46 28 0 25 4
a 46 47 0 36 10
a 48 85 0 25 4
a 48 82 0 49 3
a 48 84 0 34 6
a 49 18 0 25 6
a 49 100 0 25 9
a 49 14 0 20 4
a 49 99 0 26 7
a 49 47 0 43 8
a 54 49 0 25 8
a 54 80 0 29 1
a 54 37 0 39 5
a 54 9 0 3 2
a 54 74 0 20 9
a 54 6 0 23 9
a 57 72 0 25 10
a 57 80 0 31 4
a 57 10 0 17 7
a 58 14 0 25 1
a 58 13 0 11 1
a 58 25 0 2 9
a 60 38 0 25 8
a 60 49 0 34 1
a 60 43 0 37 2
a 61 95 0 25 3
a 61 30 0 24 2
a 61 76 0 34 3
a 61 49 0 41 4
a 61 33 0 18 2
a 62 64 0 25 8
a 62 55 0 18 9
a 62 78 0 47 5
a 62 41 0 31 10
a 63 92 0 25 10
a 63 19 0 24 5
a 63 20 0 44 3
a 63 40 0 19 7
a 64 90 0 25 6
a 64 73 0 35 9
a 65 68 0 25 2
a 65 69 0 50 5
a 65 60 0 42 4
a 65 66 0 45 5
a 68 48 0 25 6
a 68 53 0 31 6
a 68 40 0 3 1
a 68 9 0 0 10
a 68 36 0 37 10
a 69 58 0 25 10
a 69 55 0 2 7
a 69 21 0 35 2
a 70 61 0 25 7
a 70 100 0 41 4
a 70 28 0 25 8
a 72 96 0 25 4
a 72 4 0 1 1
a 72 71 0 13 6
a 72 69 0 47 3
a 73 44 0 25 8
a 73 11 0 15 6
a 73 55 0 34 7
a 77 6 0 25 2
a 77 95 0 36 10
a 77 88 0 15 10
a 77 21 0 47 7
a 78 33 0 25 5
a 78 67 0 7 7
a 81 46 0 25 1
a 81 4 0 33 9
a 81 11 0 2 9
a 81 39 0 17 6
a 82 9 0 25 1
a 82 21 0 3 1
a 82 49 0 0 2
a 82 44 0 45 1
a 83 54 0 25 2
a 83 88 0 8 1
a 83 12 0 48 2
a 83 6 0 46 10
a 85 29 0 25 7
a 85 16 0 18 3
a 85 35 0 1 7
a 88 39 0 25 1
a 88 16 0 47 6
a 89 15 0 25 10
a 89 86 0 49 5
a 90 20 0 25 4
a 90 83 0 17 3
a 90 35 0 14 6
a 90 94 0 7 6
a 92 89 0 25 9
a 92 12 0 19 2
a 92 76 0 40 9
a 95 97 0 25 2
a 95 62 0 50 4
a 95 72 0 45 5
a 96 32 0 25 6
a 96 70 0 17 7
a 97 65 0 25 10
a 97 10 0 25 6
a 97 9 0 33 4
a 97 80 0 15 7
a 97 18 0 15 3
a 98 63 0 25 10
a 98 61 0 43 9
a 98 67 0 7 3
a 98 69 0 36 1
a 98 30 0 38 2
