c PyNETGEN v1.0.0
c $ pip install pynetgen
c
c  NETGEN flow network generation algorithm
c  Problem input parameters
c  -------------------------------------
c   Random seed:          17
c   Number of nodes:      100
c   Source nodes:         2
c   Sink nodes:           2
c   Number of arcs:       400
c   Minimum arc cost:     1
c   Maximum arc cost:     10
c   Total supply:         50
c   Transshipment -
c     Sources:            0
c     Sinks:              0
c   Skeleton arcs -
c     With max cost:      0
c     Capacitated:        100
c   Minimum arc capacity: 0
c   Maximum arc capacity: 50
c
c  *** Minimum cost flow ***
c
p min 100 400
n 1 20
n 2 30
n 99 -8
n 100 -42
a 1 46 0 20 6
a 1 28 0 28 2
a 1 99 0 22 2
a 1 22 0 37 10
a 1 44 0 29 5
a 1 9 0 35 4
a 3 27 0 20 2
a 3 47 0 49 1
a 3 71 0 15 9
a 3 73 0 48 1
a 4 85 0 20 3
a 4 100 0 20 5
a 4 99 0 39 5
a 4 97 0 48 5
a 4 76 0 2 5
a 4 78 0 46 9
a 5 42 0 20 7
a 5 68 0 23 4
a 5 96 0 38 7
a 5 29 0 21 2
a 8 26 0 20 3
a 8 36 0 18 7
a 10 24 0 20 7
a 10 46 0 46 7
a 13 39 0 20 4
a 13 9 0 5 9
a 20 64 0 20 6
a 20 60 0 14 7
a 20 49 0 24 7
a 20 10 0 22 8
a 20 50 0 3 8
a 20 30 0 36 2
a 21 99 0 20 8
a 21 5 0 34 8
a 21 67 0 15 3
a 21 4 0 10 6
a 21 70 0 19 9
a 22 43 0 20 5
a 22 58 0 23 4
a 22 63 0 5 10
a 22 77 0 9 2
a 22 51 0 13 2
a 22 55 0 18 1
a 24 78 0 20 7
a 24 72 0 21 7
a 24 65 0 12 6
a 25 67 0 20 10
a 25 58 0 9 4
a 25 77 0 48 10
a 25 65 0 42 2
a 25 51 0 29 6
a 25 98 0 39 7
a 26 93 0 20 1
a 26 18 0 0 2
a 27 57 0 20 5
a 27 24 0 7 5
a 27 78 0 17 3
a 27 10 0 12 6
a 27 86 0 48 2
a 27 7 0 0 5
a 27 67 0 50 1
a 28 29 0 20 3
a 28 9 0 47 3
a 28 88 0 22 7
a 28 59 0 19 1
a 28 35 0 45 1
a 28 93 0 15 2
a 28 30 0 18 9
a 29 76 0 20 1
a 29 47 0 35 9
a 29 85 0 13 1
a 29 11 0 8 4
a 29 99 0 0 9
a 30 58 0 20 8
a 30 50 0 1 7
a 30 90 0 22 1
a 30 5 0 42 10
a 30 24 0 36 4
a 30 49 0 33 3
a 34 83 0 20 1
a 34 25 0 10 1
a 34 30 0 35 6
a 34 65 0 14 9
a 34 98 0 25 6
a 34 94 0 15 8
a 36 71 0 20 10
a 36 73 0 31 7
a 37 82 0 20 3
a 37 19 0 37 7
a 37 97 0 1 4
a 37 16 0 48 3
a 37 96 0 22 3
a 39 50 0 20 8
a 39 38 0 38 4
a 39 45 0 25 10
a 39 61 0 23 1
a 39 49 0 50 6
a 41 55 0 20 9
a 41 60 0 26 10
a 41 24 0 28 9
a 41 54 0 23 2
a 41 96 0 50 3
a 41 23 0 12 7
a 42 41 0 20 8
a 42 15 0 44 8
a 42 50 0 7 9
a 43 81 0 20 5
a 43 64 0 15 5
a 43 6 0 14 7
a 43 26 0 1 7
a 43 78 0 22 3
a 43 62 0 4 8
a 46 37 0 20 5
a 46 16 0 0 8
a 46 53 0 21 9
a 46 32 0 9 10
a 46 90 0 2 7
a 49 73 0 20 6
a 49 61 0 25 5
a 49 45 0 17 10
a 49 16 0 28 4
a 50 56 0 20 7
a 50 14 0 41 1
a 50 79 0 22 5
a 55 79 0 20 6
a 55 93 0 8 3
a 55 19 0 11 2
a 55 75 0 17 10
a 55 21 0 14 1
a 56 22 0 20 9
a 56 86 0 18 5
a 56 47 0 30 9
a 56 28 0 40 10
a 57 36 0 20 5
a 57 18 0 7 5
a 57 73 0 21 3
a 57 98 0 30 4
a 58 61 0 20 2
a 58 34 0 48 5
a 61 28 0 20 10
a 61 58 0 17 2
a 61 99 0 0 3
a 61 12 0 13 6
a 61 96 0 49 9
a 61 24 0 48 2
a 64 77 0 20 4
a 64 8 0 2 4
a 64 27 0 36 9
a 67 94 0 20 4
a 67 92 0 44 5
a 68 86 0 20 5
a 68 91 0 41 2
a 68 46 0 18 7
a 68 30 0 26 8
a 69 8 0 20 5
a 69 50 0 28 10
a 69 100 0 27 7
a 69 42 0 38 9
a 69 89 0 18 9
a 69 58 0 37 1
a 71 98 0 20 1
a 71 69 0 16 2
a 73 10 0 20 6
a 73 93 0 4 8
a 76 25 0 20 1
a 76 71 0 50 5
a 76 36 0 7 4
a 76 46 0 6 7
a 77 13 0 20 1
a 77 17 0 29 1
a 77 93 0 15 10
a 77 52 0 33 9
a 77 22 0 3 2
a 78 3 0 20 1
a 78 81 0 36 9
a 78 62 0 31 2
a 79 21 0 20 6
a 79 76 0 38 4
a 79 37 0 50 7
a 79 35 0 9 7
a 81 68 0 20 5
a 81 70 0 27 1
a 81 92 0 47 5
a 82 34 0 20 6
a 82 16 0 25 9
a 82 50 0 15 7
a 82 65 0 38 10
a 83 69 0 20 10
a 83 38 0 11 8
a 83 65 0 14 3
a 83 76 0 22 5
a 85 5 0 20 5
a 85 46 0 7 7
a 85 3 0 29 7
a 86 49 0 20 1
a 86 56 0 2 4
a 86 21 0 23 1
a 86 12 0 20 8
a 93 30 0 20 7
a 93 58 0 19 7
a 94 20 0 20 2
a 94 70 0 42 6
a 94 48 0 39 3
a 98 4 0 20 6
a 98 76 0 48 8
a 2 16 0 30 5
a 2 12 0 47 9
a 2 57 0 46 2
a 6 52 0 30 3
a 6 8 0 45 9
a 6 99 0 50 1
a 6 11 0 5 3
a 6 29 0 27 5
a 6 37 0 22 7
a 7 14 0 30 6
a 7 46 0 48 2
a 7 81 0 34 2
a 7 18 0 31 8
a 7 50 0 2 10
a 7 61 0 50 2
a 7 30 0 31 9
a 9 84 0 30 6
a 9 3 0 19 4
a 9 75 0 38 4
a 9 95 0 27 1
a 9 100 0 25 8
a 11 62 0 30 2
a 11 34 0 38 10
a 12 63 0 30 1
a 12 81 0 24 1
a 12 82 0 14 8
a 12 37 0 26 4
a 12 51 0 6 7
a 14 87 0 30 7
a 14 100 0 30 4
a 14 64 0 47 10
a 15 18 0 30 4
a 15 61 0 2 4
a 15 68 0 42 3
a 15 47 0 46 2
a 16 89 0 30 8
a 16 40 0 4 5
a 16 76 0 19 10
a 16 70 0 23 2
a 16 25 0 33 3
a 16 84 0 48 1
a 17 32 0 30 1
a 17 62 0 44 8
a 17 10 0 32 7
a 17 65 0 7 1
a 17 9 0 3 1
a 17 52 0 49 9
a 18 44 0 30 7
a 18 99 0 19 7
a 19 99 0 30 8
a 19 65 0 24 8
a 19 91 0 20 6
a 19 76 0 44 9
a 19 31 0 42 5
a 23 97 0 30 3
a 23 5 0 32 6
a 23 22 0 24 5
a 31 96 0 30 9
a 31 5 0 25 8
a 31 100 0 9 2
a 31 65 0 41 3
a 31 44 0 27 7
a 31 76 0 3 9
a 32 91 0 30 6
a 32 68 0 11 7
a 32 46 0 19 4
a 32 24 0 5 2
a 32 16 0 29 1
a 33 38 0 30 7
a 33 54 0 26 1
a 33 91 0 41 5
a 35 33 0 30 9
a 35 64 0 15 4
a 35 5 0 16 4
a 35 14 0 27 4
a 38 90 0 30 8
a 38 34 0 40 7
a 40 9 0 30 6
a 40 91 0 49 3
a 40 73 0 15 7
a 44 47 0 30 8
a 44 9 0 41 3
a 45 31 0 30 10
a 45 56 0 36 2
a 45 28 0 40 2
a 45 12 0 22 4
a 45 48 0 13 10
a 47 48 0 30 10
a 47 100 0 9 10
a 47 65 0 28 7
a 47 40 0 41 7
a 47 12 0 14 9
a 48 88 0 30 5
a 48 39 0 36 8
a 48 3 0 34 7
a 48 20 0 13 7
a 48 11 0 20 3
a 48 57 0 26 8
a 51 70 0 30 6
a 51 97 0 4 6
a 51 77 0 14 2
a 52 40 0 30 7
a 52 75 0 8 6
a 53 92 0 30 2
a 53 81 0 46 7
a 53 78 0 25 5
a 53 20 0 16 5
a 53 74 0 46 9
a 53 64 0 37 9
a 54 51 0 30 8
a 54 85 0 31 8
a 54 31 0 18 1
a 54 40 0 14 2
a 59 95 0 30 3
a 59 49 0 1 5
a 59 52 0 14 5
a 59 37 0 18 7
a 59 10 0 8 4
a 59 31 0 50 5
a 60 75 0 30 4
a 60 76 0 13 1
a 60 64 0 45 9
a 60 41 0 7 3
a 60 24 0 29 3
a 62 65 0 30 9
a 62 42 0 20 5
a 63 19 0 30 3
a 63 41 0 44 10
a 63 21 0 45 10
a 65 15 0 30 1
a 65 91 0 17 6
a 65 55 0 35 3
a 65 80 0 35 8
a 65 44 0 22 2
a 66 17 0 30 6
a 66 25 0 46 9
a 66 80 0 42 1
a 66 62 0 28 2
a 66 58 0 34 10
a 70 66 0 30 7
a 70 67 0 19 2
a 70 28 0 31 3
a 70 99 0 7 4
a 70 54 0 19 6
a 72 53 0 30 7
a 72 4 0 12 6
a 72 96 0 4 7
a 72 94 0 5 9
a 72 64 0 0 4
a 72 42 0 41 2
a 74 45 0 30 9
a 74 13 0 50 3
a 74 84 0 49 8
a 74 92 0 43 9
a 75 54 0 30 8
a 75 78 0 16 5
a 75 5 0 38 1
a 80 74 0 30 1
a 80 79 0 20 2
a 80 7 0 14 8
a 80 42 0 22 7
a 80 46 0 20 9
a 84 80 0 30 9
a 84 16 0 36 1
a 84 14 0 37 1
a 87 72 0 30 8
a 87 89 0 17 10
a 87 64 0 35 8
a 87 34 0 33 1
a 87 68 0 13 9
a 88 60 0 30 3
a 88 12 0 5 5
a 88 10 0 23 5
a 88 20 0 43 6
a 88 52 0 36 4
a 89 23 0 30 7
a 89 38 0 9 8
a 89 93 0 46 4
a 90 12 0 30 5
a 90 41 0 45 1
a 90 33 0 21 7
a 91 7 0 30 5
a 91 59 0 2 9
a 92 6 0 30 4
a 92 66 0 36 3
a 92 45 0 21 5
a 92 28 0 17 4
a 95 11 0 30 2
a 95 58 0 37 5
a 96 35 0 30 6
a 96 70 0 13 3
a 96 99 0 25 7
a 96 87 0 21 5
a 97 59 0 30 1
a 97 74 0 36 5
