c PyNETGEN v1.0.0
c $ pip install pynetgen
c
c  NETGEN flow network generation algorithm
c  Problem input parameters
c  -------------------------------------
c   Random seed:          11
c   Number of nodes:      100
c   Source nodes:         2
c   Sink nodes:           2
c   Number of arcs:       400
c   Minimum arc cost:     1
c   Maximum arc cost:     10
c   Total supply:         50
c   Transshipment -
c     Sources:            0
c     Sinks:              0
c   Skeleton arcs -
c     With max cost:      0
c     Capacitated:        100
c   Minimum arc capacity: 0
c   Maximum arc capacity: 50
c
c  *** Minimum cost flow ***
c
p min 100 400
n 1 25
n 2 25
n 99 -25
n 100 -25
a 1 29 0 25 8
a 1 17 0 30 2
a 1 72 0 2 1
a 1 16 0 39 7
a 1 76 0 29 8
a 1 84 0 48 2
a 3 94 0 25 5
a 3 72 0 21 3
a 3 13 0 20 10
a 3 39 0 25 3
a 3 85 0 32 4
a 3 16 0 46 10
a 4 67 0 25 2
a 4 15 0 39 7
a 4 54 0 48 9
a 4 60 0 39 5
a 4 13 0 46 3
a 12 23 0 25 6
a 12 43 0 26 7
a 12 33 0 19 3
a 12 55 0 8 8
a 12 28 0 45 10
a 13 100 0 25 3
a 13 61 0 25 8
a 13 65 0 42 7
a 13 31 0 39 5
a 13 4 0 2 1
a 13 83 0 0 8
a 13 33 0 29 3
a 14 50 0 25 2
a 14 83 0 32 8
a 20 65 0 25 3
a 20 46 0 10 3
a 20 17 0 1 1
a 20 32 0 37 2
a 20 88 0 30 7
a 21 76 0 25 10
a 21 91 0 28 7
a 21 39 0 9 2
a 21 69 0 12 7
a 21 85 0 42 10
a 22 4 0 25 5
a 22 9 0 40 4
a 22 47 0 33 8
a 22 77 0 21 3
a 23 3 0 25 1
a 23 28 0 1 4
a 24 28 0 25 1
a 24 48 0 34 1
a 24 3 0 15 6
a 27 64 0 25 3
a 27 98 0 1 5
a 27 14 0 0 5
a 27 88 0 27 7
a 28 93 0 25 8
a 28 85 0 33 5
a 28 72 0 47 2
a 29 84 0 25 3
a 29 80 0 31 7
a 29 85 0 48 6
a 29 26 0 26 8
a 29 46 0 25 9
a 29 96 0 12 5
a 31 27 0 25 1
a 31 77 0 2 8
a 32 87 0 25 3
a 32 13 0 20 3
a 32 7 0 43 8
a 32 67 0 50 2
a 32 37 0 27 8
a 32 70 0 13 3
a 36 97 0 25 1
a 36 50 0 42 3
a 36 39 0 34 10
a 36 78 0 47 5
a 36 48 0 29 9
a 37 78 0 25 4
a 37 44 0 8 10
a 37 74 0 48 7
a 37 19 0 5 8
a 48 37 0 25 2
a 48 74 0 48 4
a 48 40 0 0 3
a 48 43 0 31 6
a 48 35 0 14 7
a 48 54 0 2 4
a 50 81 0 25 8
a 50 53 0 3 7
a 50 83 0 3 8
a 50 72 0 35 6
a 50 32 0 46 2
a 50 67 0 29 2
a 51 24 0 25 5
a 51 20 0 29 7
a 51 19 0 7 10
a 51 15 0 3 10
a 58 96 0 25 7
a 58 100 0 37 1
a 58 95 0 44 9
a 61 69 0 25 7
a 61 49 0 21 5
a 61 13 0 37 5
a 61 82 0 17 7
a 64 13 0 25 1
a 64 96 0 18 9
a 64 44 0 36 5
a 65 98 0 25 1
a 65 96 0 44 6
a 65 73 0 36 8
a 65 52 0 23 6
a 65 11 0 44 8
a 67 20 0 25 6
a 67 78 0 15 2
a 67 26 0 33 7
a 67 14 0 42 10
a 68 79 0 25 10
a 68 70 0 37 2
a 68 7 0 38 6
a 68 92 0 4 2
a 68 15 0 26 4
a 68 100 0 15 9
a 69 74 0 25 7
a 69 38 0 22 5
a 69 63 0 46 5
a 69 96 0 36 4
a 69 22 0 20 7
a 69 11 0 16 8
a 70 14 0 25 5
a 70 10 0 12 7
a 70 5 0 35 9
a 70 47 0 22 8
a 70 68 0 39 10
a 70 73 0 38 1
a 74 85 0 25 8
a 74 63 0 33 8
a 74 95 0 39 10
a 75 99 0 25 1
a 75 41 0 40 5
a 75 19 0 28 6
a 75 46 0 39 3
a 76 32 0 25 2
a 76 41 0 0 7
a 76 6 0 43 4
a 76 43 0 33 8
a 76 88 0 4 2
a 78 70 0 25 3
a 78 33 0 9 2
a 78 84 0 2 4
a 78 89 0 31 8
a 79 58 0 25 9
a 79 59 0 29 2
a 79 20 0 43 7
a 79 34 0 13 8
a 81 36 0 25 6
a 81 74 0 39 2
a 81 12 0 15 8
a 81 23 0 16 3
a 81 9 0 47 3
a 83 68 0 25 8
a 83 38 0 15 3
a 83 62 0 18 5
a 83 43 0 1 9
a 83 73 0 10 8
a 83 19 0 43 3
a 84 51 0 25 8
a 84 95 0 22 2
a 84 99 0 3 4
a 84 9 0 32 10
a 84 39 0 14 10
a 84 41 0 17 5
a 85 89 0 25 2
a 85 57 0 24 6
a 85 13 0 8 2
a 85 52 0 18 4
a 85 17 0 32 3
a 87 22 0 25 4
a 87 81 0 37 6
a 89 48 0 25 6
a 89 50 0 13 3
a 89 71 0 40 5
a 89 7 0 26 5
a 89 52 0 37 5
a 93 31 0 25 9
a 93 62 0 18 6
a 93 32 0 40 7
a 94 75 0 25 4
a 94 81 0 8 9
a 96 12 0 25 5
a 96 54 0 31 4
a 96 73 0 18 8
a 96 55 0 32 3
a 96 80 0 1 3
a 96 88 0 12 4
a 97 21 0 25 6
a 97 30 0 45 7
a 97 80 0 39 9
a 98 83 0 25 10
a 98 15 0 16 2
a 98 8 0 43 2
a 2 17 0 25 7
a 2 81 0 49 3
a 2 60 0 47 5
a 2 64 0 1 8
a 2 8 0 33 2
a 5 26 0 25 9
a 5 69 0 43 6
a 5 56 0 18 7
a 5 75 0 10 9
a 5 64 0 8 2
a 6 16 0 25 1
a 6 5 0 46 3
a 6 62 0 27 2
a 6 28 0 4 8
a 7 33 0 25 9
a 7 41 0 10 4
a 7 61 0 7 2
a 7 100 0 49 8
a 7 4 0 8 9
a 7 72 0 6 7
a 8 86 0 25 4
a 8 66 0 5 8
a 8 15 0 33 2
a 8 56 0 33 6
a 8 70 0 32 5
a 8 41 0 13 1
a 9 72 0 25 9
a 9 83 0 9 7
a 9 29 0 20 1
a 9 63 0 5 3
a 10 92 0 25 8
a 10 75 0 45 1
a 11 100 0 25 4
a 11 86 0 38 1
a 11 6 0 32 3
a 11 68 0 35 9
a 11 92 0 31 2
a 15 56 0 25 9
a 15 19 0 1 1
a 16 80 0 25 3
a 16 23 0 46 4
a 16 89 0 23 5
a 16 72 0 29 4
a 16 67 0 47 9
a 17 25 0 25 2
a 17 95 0 22 5
a 18 7 0 25 1
a 18 41 0 0 2
a 18 76 0 13 7
a 18 99 0 18 9
a 19 55 0 25 6
a 19 6 0 27 7
a 19 56 0 24 6
a 19 75 0 47 5
a 25 91 0 25 4
a 25 20 0 22 8
a 26 45 0 25 6
a 26 89 0 8 6
a 26 54 0 24 5
a 30 6 0 25 2
a 30 29 0 26 4
a 30 71 0 10 5
a 30 65 0 5 9
a 30 96 0 32 1
a 33 88 0 25 9
a 33 37 0 15 2
a 33 78 0 42 1
a 34 49 0 25 8
a 34 43 0 0 7
a 34 26 0 8 6
a 35 18 0 25 7
a 35 4 0 19 2
a 35 81 0 40 8
a 35 11 0 26 5
a 35 31 0 26 5
a 38 47 0 25 5
a 38 37 0 12 2
a 38 20 0 39 1
a 39 35 0 25 2
a 39 94 0 4 1
a 40 52 0 25 2
a 40 36 0 44 3
a 40 66 0 20 1
a 40 100 0 48 8
a 41 42 0 25 10
a 41 26 0 1 7
a 41 49 0 9 3
a 42 90 0 25 2
a 42 77 0 24 10
a 43 82 0 25 10
a 43 30 0 48 5
a 43 65 0 34 2
a 44 5 0 25 1
a 44 15 0 42 5
a 44 53 0 3 1
a 45 62 0 25 1
a 45 11 0 7 8
a 45 82 0 39 6
a 45 81 0 14 6
a 45 92 0 5 4
a 45 28 0 19 9
a 46 63 0 25 5
a 46 15 0 41 3
a 46 8 0 41 2
a 46 72 0 27 9
a 47 9 0 25 10
a 47 99 0 25 10
a 47 23 0 37 6
a 47 26 0 29 3
a 47 46 0 46 5
a 47 8 0 3 4
a 49 39 0 25 9
a 49 21 0 21 9
a 52 38 0 25 4
a 52 69 0 15 1
a 52 31 0 1 4
a 52 34 0 2 7
a 52 59 0 22 7
a 53 46 0 25 10
a 53 58 0 7 7
a 53 35 0 23 5
a 54 40 0 25 5
a 54 24 0 43 3
a 54 72 0 23 10
a 55 60 0 25 2
a 55 98 0 20 3
a 55 57 0 7 8
a 55 14 0 26 10
a 55 21 0 12 3
a 55 54 0 40 9
a 56 95 0 25 1
a 56 39 0 4 6
a 56 18 0 25 1
a 57 11 0 25 2
a 57 41 0 2 3
a 57 66 0 40 10
a 57 25 0 32 1
a 57 62 0 42 1
a 59 73 0 25 9
a 59 45 0 2 4
a 60 15 0 25 10
a 60 50 0 43 7
a 60 30 0 33 5
a 60 29 0 0 9
a 62 66 0 25 3
a 62 46 0 23 5
a 62 10 0 41 1
a 62 58 0 8 4
a 62 28 0 36 6
a 63 30 0 25 1
a 63 22 0 24 10
a 63 90 0 5 10
a 63 72 0 46 4
a 63 79 0 48 1
a 66 71 0 25 8
a 66 47 0 46 4
a 66 91 0 44 8
a 66 4 0 20 4
a 66 11 0 42 5
a 71 43 0 25 4
a 71 84 0 4 2
a 72 10 0 25 7
a 72 76 0 35 6
a 72 64 0 16 2
a 72 85 0 10 4
a 73 34 0 25 4
a 73 18 0 2 1
a 77 59 0 25 3
a 77 89 0 38 10
a 77 58 0 32 3
a 77 93 0 15 4
a 77 3 0 41 2
a 80 54 0 25 3
a 80 14 0 9 9
a 80 44 0 11 5
a 80 12 0 34 3
a 80 61 0 22 7
a 82 53 0 25 5
a 82 97 0 24 10
a 86 44 0 25 4
a 86 68 0 20 9
a 88 57 0 25 3
a 88 33 0 6 5
a 90 8 0 25 4
a 90 9 0 10 5
a 91 41 0 25 9
a 91 99 0 39 2
a 91 60 0 15 3
a 91 49 0 28 10
a 91 64 0 4 5
a 91 79 0 46 4
a 91 54 0 18 7
a 91 84 0 29 5
a 91 71 0 20 9
a 92 19 0 25 10
a 92 24 0 50 3
a 95 77 0 25 5
a 95 23 0 1 5
a 95 49 0 0 4
a 95 83 0 5 5
a 95 48 0 1 2
