c PyNETGEN v1.0.0
c $ pip install pynetgen
c
c  NETGEN flow network generation algorithm
c  Problem input parameters
c  -------------------------------------
c   Random seed:          2
c   Number of nodes:      100
c   Source nodes:         2
c   Sink nodes:           2
c   Number of arcs:       400
c   Minimum arc cost:     1
c   Maximum arc cost:     10
c   Total supply:         50
c   Transshipment -
c     Sources:            0
c     Sinks:              0
c   Skeleton arcs -
c     With max cost:      0
c     Capacitated:        100
c   Minimum arc capacity: 0
c   Maximum arc capacity: 50
c
c  *** Minimum cost flow ***
c
p min 100 400
n 1 25
n 2 25
n 99 -15
n 100 -35
a 1 19 0 25 5
a 1 82 0 33 10
a 1 77 0 49 6
a 3 78 0 25 7
a 3 16 0 42 9
a 3 81 0 4 2
a 3 39 0 17 1
a 3 55 0 43 5
a 3 48 0 15 2
a 5 11 0 25 6
a 5 67 0 10 10
a 5 23 0 29 9
a 6 24 0 25 9
a 6 94 0 9 6
a 6 67 0 25 10
a 6 27 0 14 8
a 6 77 0 15 6
a 6 21 0 10 1
a 6 59 0 46 3
a 7 93 0 25 2
a 7 28 0 22 4
a 7 97 0 31 2
a 7 31 0 17 2
a 7 63 0 0 6
a 7 85 0 24 7
a 7 66 0 27 7
a 8 61 0 25 3
a 8 76 0 24 2
a 10 82 0 25 9
a 10 23 0 38 1
a 11 79 0 25 8
a 11 20 0 12 5
a 11 24 0 28 1
a 11 28 0 5 8
a 11 62 0 38 1
a 11 4 0 14 9
a 11 70 0 28 5
a 13 15 0 25 4
a 13 80 0 25 6
a 13 65 0 25 1
a 13 69 0 8 10
a 13 73 0 37 6
a 13 5 0 25 2
a 13 57 0 9 3
a 14 13 0 25 7
a 14 100 0 24 7
a 14 44 0 45 1
a 14 21 0 41 5
a 15 70 0 25 4
a 15 10 0 3 6
a 16 6 0 25 10
a 16 87 0 17 7
a 16 67 0 38 4
a 16 36 0 50 10
a 16 99 0 42 2
a 17 14 0 25 10
a 17 46 0 40 2
a 18 48 0 25 2
a 18 64 0 0 4
a 18 55 0 14 7
a 18 60 0 35 10
a 18 38 0 46 2
a 18 7 0 16 9
a 18 78 0 18 6
a 19 10 0 25 10
a 19 22 0 49 3
a 22 100 0 25 3
a 22 64 0 33 9
a 22 52 0 33 6
a 22 40 0 46 6
a 22 28 0 32 3
a 22 13 0 49 9
a 24 86 0 25 1
a 24 61 0 10 8
a 27 90 0 25 2
a 27 54 0 29 3
a 28 44 0 25 7
a 28 37 0 49 5
a 28 58 0 31 4
a 28 26 0 1 8
a 28 81 0 31 8
a 31 16 0 25 4
a 31 13 0 37 6
a 31 23 0 23 9
a 31 17 0 40 3
a 33 65 0 25 7
a 33 20 0 1 5
a 33 90 0 15 6
a 40 87 0 25 3
a 40 4 0 27 1
a 40 91 0 25 10
a 40 6 0 43 7
a 44 7 0 25 5
a 44 26 0 49 3
a 44 73 0 39 3
a 44 64 0 29 9
a 45 77 0 25 6
a 45 97 0 21 7
a 45 49 0 44 9
a 45 69 0 44 10
a 45 62 0 36 2
a 45 84 0 32 3
a 46 8 0 25 9
a 46 89 0 24 9
a 48 62 0 25 2
a 48 68 0 43 2
a 48 96 0 23 9
a 49 53 0 25 1
a 49 99 0 25 6
a 49 71 0 18 6
a 51 17 0 25 6
a 51 9 0 5 4
a 51 53 0 21 8
a 51 40 0 6 7
a 53 31 0 25 2
a 53 95 0 7 10
a 53 79 0 39 4
a 57 18 0 25 7
a 57 7 0 49 9
a 57 78 0 14 2
a 57 46 0 21 5
a 57 76 0 19 2
a 57 66 0 6 1
a 60 33 0 25 4
a 60 68 0 4 10
a 60 14 0 38 2
a 60 57 0 49 9
a 60 46 0 17 6
a 60 12 0 9 8
a 61 28 0 25 5
a 61 60 0 41 8
a 61 90 0 14 3
a 62 27 0 25 2
a 62 44 0 9 6
a 62 17 0 8 8
a 62 86 0 28 9
a 62 14 0 23 7
a 62 33 0 28 3
a 62 4 0 49 1
a 63 60 0 25 9
a 63 66 0 35 7
a 63 25 0 0 1
a 63 23 0 24 4
a 65 80 0 25 6
a 65 19 0 40 9
a 65 18 0 24 8
a 69 75 0 25 5
a 69 42 0 28 3
a 69 14 0 40 6
a 69 90 0 17 9
a 69 65 0 26 3
a 69 64 0 33 5
a 69 45 0 44 1
a 70 49 0 25 5
a 70 66 0 30 5
a 70 68 0 21 5
a 71 57 0 25 1
a 71 36 0 22 1
a 71 78 0 8 9
a 71 35 0 7 4
a 71 6 0 24 1
a 75 46 0 25 4
a 75 14 0 11 2
a 75 47 0 38 4
a 75 40 0 47 5
a 75 99 0 43 9
a 75 37 0 35 9
a 77 5 0 25 10
a 77 12 0 37 1
a 77 96 0 12 3
a 77 42 0 24 6
a 78 88 0 25 6
a 78 73 0 15 9
a 78 95 0 45 1
a 78 43 0 1 1
a 78 85 0 20 10
a 78 11 0 32 7
a 79 3 0 25 1
a 79 58 0 46 7
a 79 25 0 49 2
a 79 64 0 2 8
a 80 69 0 25 9
a 80 98 0 34 9
a 81 95 0 25 4
a 81 57 0 37 4
a 81 61 0 9 6
a 82 40 0 25 9
a 82 51 0 27 5
a 82 3 0 10 8
a 82 14 0 24 4
a 84 45 0 25 10
a 84 59 0 35 7
a 84 66 0 32 1
a 84 26 0 48 9
a 84 56 0 15 3
a 84 31 0 30 3
a 86 81 0 25 10
a 86 97 0 35 3
a 86 73 0 24 2
a 87 63 0 25 7
a 87 19 0 35 9
a 87 83 0 15 3
a 87 56 0 39 10
a 88 71 0 25 3
a 88 90 0 7 8
a 88 51 0 29 6
a 88 94 0 12 4
a 88 77 0 10 6
a 88 96 0 1 4
a 90 22 0 25 7
a 90 32 0 6 9
a 90 29 0 50 8
a 90 96 0 1 6
a 90 68 0 35 7
a 90 3 0 33 9
a 93 51 0 25 4
a 93 18 0 27 8
a 93 23 0 22 10
a 93 22 0 46 7
a 95 84 0 25 6
a 95 35 0 24 9
a 95 64 0 1 2
a 95 51 0 17 5
a 95 14 0 1 4
a 2 67 0 25 9
a 2 14 0 22 6
a 4 37 0 25 1
a 4 17 0 6 4
a 4 54 0 17 7
a 9 85 0 25 4
a 9 40 0 15 9
a 9 75 0 45 5
a 9 10 0 23 2
a 9 59 0 15 7
a 12 89 0 25 6
a 12 13 0 10 9
a 12 87 0 16 10
a 12 27 0 14 4
a 20 83 0 25 10
a 20 48 0 29 5
a 21 42 0 25 8
a 21 26 0 12 5
a 21 25 0 36 5
a 21 8 0 44 8
a 23 66 0 25 9
a 23 90 0 45 10
a 23 27 0 30 5
a 23 82 0 16 3
a 25 47 0 25 9
a 25 4 0 32 7
a 25 87 0 0 3
a 26 39 0 25 10
a 26 42 0 36 1
a 29 43 0 25 10
a 29 92 0 20 3
a 29 30 0 37 10
a 29 3 0 6 9
a 30 91 0 25 6
a 30 23 0 41 5
a 30 60 0 16 1
a 30 78 0 13 9
a 30 73 0 24 2
a 32 35 0 25 8
a 32 47 0 45 9
a 32 5 0 0 2
a 34 100 0 25 1
a 34 25 0 25 7
a 34 62 0 15 2
a 34 92 0 38 10
a 34 79 0 31 10
a 35 52 0 25 5
a 35 22 0 29 8
a 35 45 0 0 5
a 35 40 0 50 10
a 35 97 0 12 1
a 36 12 0 25 10
a 36 40 0 7 7
a 36 62 0 48 3
a 36 69 0 39 3
a 36 39 0 36 2
a 36 84 0 44 6
a 37 32 0 25 4
a 37 55 0 27 5
a 37 13 0 22 10
a 38 9 0 25 6
a 38 54 0 22 7
a 38 73 0 27 7
a 39 38 0 25 6
a 39 93 0 43 2
a 41 21 0 25 10
a 41 74 0 43 10
a 41 29 0 27 4
a 42 64 0 25 10
a 42 16 0 31 4
a 42 11 0 18 2
a 42 69 0 21 7
a 43 59 0 25 2
a 43 34 0 35 8
a 47 36 0 25 5
a 47 72 0 4 1
a 47 42 0 36 4
a 47 15 0 41 5
a 50 92 0 25 1
a 50 77 0 39 8
a 50 58 0 0 3
a 50 32 0 48 1
a 52 73 0 25 1
a 52 66 0 35 2
a 52 11 0 36 10
a 52 41 0 14 1
a 52 34 0 25 8
a 52 15 0 15 10
a 52 4 0 47 3
a 54 68 0 25 9
a 54 34 0 7 8
a 55 50 0 25 6
a 55 85 0 41 7
a 55 34 0 33 6
a 55 25 0 1 7
a 55 78 0 18 10
a 56 4 0 25 10
a 56 93 0 17 9
a 58 20 0 25 10
a 58 34 0 1 8
a 58 78 0 36 5
a 58 44 0 36 2
a 59 34 0 25 7
a 59 86 0 32 8
a 59 66 0 30 6
a 59 6 0 13 2
a 59 83 0 5 4
a 59 78 0 32 6
a 64 23 0 25 1
a 64 31 0 14 9
a 64 6 0 5 3
a 66 54 0 25 1
a 66 74 0 40 3
a 66 86 0 16 3
a 66 9 0 49 7
a 66 31 0 39 5
a 66 14 0 26 4
a 67 26 0 25 6
a 67 97 0 9 1
a 67 66 0 49 10
a 67 65 0 18 7
a 68 74 0 25 1
a 68 12 0 50 4
a 68 33 0 41 6
a 68 30 0 41 3
a 72 30 0 25 2
a 72 23 0 19 3
a 72 61 0 20 10
a 72 50 0 11 4
a 72 10 0 18 5
a 73 29 0 25 2
a 73 16 0 47 3
a 73 70 0 1 4
a 74 98 0 25 10
a 74 57 0 5 4
a 74 50 0 40 8
a 74 58 0 42 9
a 74 69 0 43 4
a 74 26 0 26 2
a 76 56 0 25 3
a 76 75 0 18 3
a 76 93 0 49 2
a 76 9 0 38 10
a 76 52 0 9 4
a 76 97 0 1 6
a 83 99 0 25 7
a 83 33 0 5 6
a 85 97 0 25 5
a 85 5 0 34 2
a 85 90 0 41 3
a 85 86 0 27 1
a 85 57 0 50 10
a 85 74 0 11 5
a 89 58 0 25 8
a 89 16 0 38 5
a 89 79 0 22 5
a 89 26 0 12 1
a 89 34 0 1 9
a 91 76 0 25 3
a 91 38 0 34 5
a 92 72 0 25 9
a 92 85 0 28 3
a 92 40 0 35 9
a 92 79 0 42 3
a 92 49 0 12 4
a 94 55 0 25 9
a 94 71 0 26 5
a 94 58 0 47 2
a 96 94 0 25 2
a 96 62 0 49 5
a 97 41 0 25 2
a 97 83 0 24 4
a 97 55 0 16 2
a 97 98 0 7 7
a 98 96 0 25 4
a 98 73 0 37 1
