c PyNETGEN v1.0.0
c $ pip install pynetgen
c
c  NETGEN flow network generation algorithm
c  Problem input parameters
c  -------------------------------------
c   Random seed:          7
c   Number of nodes:      100
c   Source nodes:         2
c   Sink nodes:           2
c   Number of arcs:       400
c   Minimum arc cost:     1
c   Maximum arc cost:     10
c   Total supply:         50
c   Transshipment -
c     Sources:            0
c     Sinks:              0
c   Skeleton arcs -
c     With max cost:      0
c     Capacitated:        100
c   Minimum arc capacity: 0
c   Maximum arc capacity: 50
c
c  *** Minimum cost flow ***
c
p min 100 400
n 1 25
n 2 25
n 99 -27
n 100 -23
a 1 28 0 25 4
a 1 85 0 40 4
a 1 21 0 6 8
a 1 22 0 6 4
a 1 33 0 46 9
a 1 3 0 14 7
a 7 85 0 25 9
a 7 47 0 11 9
a 7 71 0 15 2
a 7 39 0 18 4
a 8 21 0 25 8
a 8 74 0 13 8
a 8 57 0 0 10
a 8 37 0 20 1
a 8 30 0 49 1
a 8 88 0 11 8
a 8 91 0 41 3
a 9 40 0 25 3
a 9 11 0 35 3
a 9 42 0 42 10
a 9 90 0 40 9
a 9 81 0 8 2
a 10 61 0 25 8
a 10 42 0 27 8
a 10 31 0 47 10
a 10 64 0 18 7
a 15 31 0 25 4
a 15 46 0 8 4
a 15 51 0 2 1
a 21 15 0 25 2
a 21 44 0 30 4
a 21 52 0 4 3
a 21 90 0 48 4
a 21 85 0 18 8
a 22 9 0 25 7
a 22 39 0 37 7
a 22 65 0 22 10
a 23 79 0 25 8
a 23 10 0 24 5
a 23 25 0 37 2
a 24 50 0 25 1
a 24 42 0 3 5
a 26 47 0 25 6
a 26 63 0 45 4
a 28 42 0 25 8
a 28 65 0 8 8
a 28 91 0 6 7
a 31 62 0 25 2
a 31 32 0 0 8
a 31 17 0 12 1
a 31 4 0 11 1
a 33 77 0 25 7
a 33 100 0 18 5
a 33 9 0 48 4
a 33 20 0 20 2
a 33 87 0 44 1
a 34 64 0 25 10
a 34 91 0 49 10
a 34 7 0 26 6
a 34 54 0 25 2
a 34 4 0 34 2
a 35 83 0 25 3
a 35 72 0 6 2
a 35 100 0 25 10
a 39 35 0 25 7
a 39 97 0 44 8
a 39 42 0 14 4
a 39 58 0 27 5
a 40 84 0 25 2
a 40 30 0 9 3
a 42 96 0 25 10
a 42 38 0 31 9
a 42 58 0 6 5
a 43 59 0 25 9
a 43 93 0 9 9
a 43 23 0 38 3
a 43 8 0 37 1
a 44 99 0 25 5
a 44 21 0 7 6
a 47 63 0 25 1
a 47 5 0 32 9
a 47 4 0 8 8
a 47 94 0 3 3
a 47 40 0 4 4
a 47 70 0 1 6
a 47 38 0 0 10
a 49 53 0 25 6
a 49 94 0 14 10
a 49 89 0 13 1
a 49 63 0 6 9
a 49 84 0 11 10
a 49 74 0 37 2
a 49 72 0 1 10
a 50 7 0 25 10
a 50 9 0 36 4
a 50 59 0 0 2
a 50 37 0 0 9
a 51 68 0 25 5
a 51 75 0 40 10
a 51 49 0 14 9
a 51 46 0 12 6
a 53 69 0 25 5
a 53 3 0 2 1
a 53 76 0 9 5
a 53 87 0 38 5
a 54 34 0 25 10
a 54 61 0 4 3
a 55 66 0 25 10
a 55 24 0 40 5
a 55 85 0 35 3
a 55 16 0 22 2
a 55 46 0 25 10
a 55 53 0 42 6
a 57 98 0 25 5
a 57 18 0 37 1
a 57 93 0 30 4
a 57 60 0 19 6
a 59 33 0 25 1
a 59 91 0 44 3
a 59 99 0 20 2
a 59 31 0 25 8
a 59 78 0 0 8
a 59 81 0 9 6
a 59 18 0 41 6
a 61 92 0 25 6
a 61 16 0 42 9
a 61 98 0 50 6
a 62 65 0 25 2
a 62 7 0 43 10
a 62 84 0 39 7
a 62 73 0 4 8
a 62 68 0 44 7
a 63 55 0 25 6
a 63 16 0 42 4
a 63 77 0 10 5
a 63 24 0 18 9
a 64 43 0 25 5
a 64 81 0 37 6
a 64 76 0 7 4
a 64 92 0 39 2
a 65 23 0 25 2
a 65 48 0 22 1
a 65 93 0 33 4
a 65 35 0 40 2
a 65 51 0 42 10
a 66 90 0 25 9
a 66 39 0 5 1
a 66 38 0 16 1
a 66 3 0 17 3
a 68 8 0 25 2
a 68 49 0 24 8
a 68 82 0 49 9
a 68 40 0 18 7
a 69 10 0 25 4
a 69 40 0 30 6
a 69 38 0 18 10
a 74 57 0 25 4
a 74 59 0 29 10
a 74 58 0 22 10
a 74 92 0 23 4
a 75 26 0 25 2
a 75 7 0 3 4
a 75 61 0 7 3
a 75 59 0 20 10
a 75 47 0 38 4
a 75 81 0 37 3
a 75 57 0 36 2
a 76 22 0 25 3
a 76 3 0 3 1
a 76 94 0 15 2
a 76 44 0 48 4
a 76 29 0 38 5
a 76 79 0 11 4
a 77 39 0 25 4
a 77 73 0 23 9
a 77 47 0 9 1
a 77 37 0 34 6
a 79 76 0 25 2
a 79 46 0 20 5
a 79 73 0 15 7
a 79 74 0 41 5
a 79 53 0 44 7
a 83 24 0 25 3
a 83 100 0 25 8
a 83 47 0 16 8
a 84 54 0 25 8
a 84 34 0 5 2
a 84 49 0 6 6
a 84 18 0 36 7
a 85 74 0 25 2
a 85 42 0 39 5
a 90 51 0 25 10
a 90 46 0 49 1
a 90 20 0 42 5
a 90 7 0 40 3
a 90 50 0 4 9
a 90 54 0 17 4
a 90 57 0 47 8
a 92 75 0 25 9
a 92 30 0 23 1
a 92 80 0 8 10
a 92 27 0 41 4
a 92 60 0 22 2
a 96 49 0 25 3
a 96 63 0 12 8
a 96 78 0 0 6
a 96 60 0 30 3
a 96 21 0 48 3
a 98 44 0 25 8
a 98 38 0 46 5
a 98 31 0 21 10
a 98 16 0 23 4
a 2 82 0 25 7
a 2 32 0 45 10
a 2 23 0 32 7
a 3 88 0 25 10
a 3 9 0 8 3
a 3 17 0 35 3
a 3 4 0 8 8
a 3 99 0 43 2
a 4 72 0 25 9
a 4 7 0 5 3
a 4 66 0 0 4
a 4 87 0 11 8
a 4 98 0 29 1
a 5 32 0 25 5
a 5 49 0 17 9
a 5 100 0 8 5
a 5 77 0 47 5
a 5 13 0 44 2
a 5 10 0 40 2
a 6 67 0 25 1
a 6 98 0 43 6
a 6 66 0 2 8
a 6 73 0 29 9
a 11 12 0 25 1
a 11 20 0 44 2
a 11 76 0 24 5
a 11 54 0 9 1
a 12 86 0 25 8
a 12 61 0 33 8
a 12 58 0 30 3
a 12 38 0 25 8
a 13 89 0 25 4
a 13 41 0 44 8
a 13 92 0 30 2
a 14 6 0 25 9
a 14 13 0 6 3
a 16 25 0 25 5
a 16 58 0 10 3
a 16 46 0 1 3
a 16 60 0 1 10
a 16 79 0 0 2
a 17 3 0 25 10
a 17 100 0 25 5
a 17 14 0 35 9
a 17 61 0 20 10
a 17 67 0 27 8
a 17 40 0 50 9
a 17 78 0 32 5
a 18 99 0 25 3
a 18 54 0 41 9
a 19 46 0 25 7
a 19 90 0 37 4
a 19 79 0 44 2
a 20 30 0 25 7
a 20 13 0 26 1
a 20 63 0 28 2
a 20 73 0 32 5
a 20 76 0 33 9
a 25 71 0 25 8
a 25 90 0 38 4
a 25 45 0 27 5
a 25 47 0 49 10
a 25 86 0 42 2
a 27 38 0 25 2
a 27 32 0 38 6
a 27 8 0 3 2
a 27 63 0 23 2
a 27 29 0 50 7
a 27 98 0 28 10
a 29 14 0 25 6
a 29 70 0 6 3
a 29 37 0 14 2
a 30 56 0 25 8
a 30 15 0 2 1
a 30 99 0 32 7
a 32 27 0 25 3
a 32 26 0 24 2
a 36 58 0 25 2
a 36 55 0 36 6
a 36 42 0 31 5
a 36 35 0 46 5
a 37 73 0 25 2
a 37 94 0 13 6
a 37 99 0 11 8
a 37 86 0 16 7
a 37 43 0 22 7
a 37 46 0 34 8
a 38 41 0 25 3
a 38 65 0 11 6
a 38 40 0 17 10
a 38 44 0 33 9
a 38 77 0 23 4
a 41 95 0 25 9
a 41 31 0 28 6
a 41 52 0 40 4
a 41 3 0 9 8
a 45 60 0 25 6
a 45 87 0 25 4
a 45 94 0 25 7
a 45 17 0 41 5
a 45 90 0 13 7
a 46 94 0 25 5
a 46 17 0 38 7
a 46 18 0 8 1
a 46 30 0 42 5
a 48 52 0 25 9
a 48 97 0 30 2
a 48 68 0 38 4
a 52 20 0 25 4
a 52 41 0 9 4
a 52 91 0 33 5
a 52 16 0 43 8
a 52 40 0 50 9
a 56 29 0 25 5
a 56 4 0 5 6
a 56 36 0 49 3
a 56 62 0 30 6
a 58 81 0 25 8
a 58 70 0 44 10
a 58 85 0 11 8
a 58 84 0 21 9
a 58 78 0 50 7
a 60 91 0 25 3
a 60 10 0 25 3
a 60 32 0 38 4
a 60 56 0 31 9
a 60 9 0 6 2
a 67 70 0 25 8
a 67 12 0 16 8
a 67 29 0 44 8
a 67 49 0 7 9
a 70 36 0 25 5
a 70 7 0 12 10
a 70 69 0 21 4
a 71 4 0 25 4
a 71 82 0 4 3
a 72 5 0 25 2
a 72 22 0 29 1
a 72 23 0 17 3
a 72 13 0 6 10
a 72 61 0 26 9
a 73 19 0 25 10
a 73 52 0 41 2
a 73 95 0 0 1
a 78 97 0 25 3
a 78 5 0 29 4
a 78 99 0 43 9
a 78 89 0 0 5
a 80 13 0 25 1
a 80 52 0 50 4
a 80 70 0 15 7
a 81 80 0 25 9
a 81 61 0 25 9
a 81 72 0 6 6
a 81 24 0 32 1
a 82 78 0 25 5
a 82 16 0 4 10
a 86 45 0 25 8
a 86 47 0 5 6
a 86 30 0 49 10
a 86 73 0 43 4
a 86 76 0 30 8
a 87 93 0 25 1
a 87 92 0 23 6
a 87 4 0 26 5
a 87 52 0 50 7
a 88 48 0 25 1
a 88 6 0 1 8
a 89 11 0 25 9
a 89 20 0 29 3
a 89 76 0 22 2
a 89 13 0 18 4
a 89 71 0 8 6
a 91 87 0 25 7
a 91 30 0 21 7
a 91 42 0 20 6
a 91 71 0 5 6
a 93 37 0 25 7
a 93 97 0 16 6
a 93 94 0 37 7
a 94 18 0 25 2
a 94 51 0 45 5
a 95 17 0 25 1
a 95 25 0 20 6
a 97 16 0 25 5
a 97 75 0 37 2
a 97 86 0 45 10
a 97 32 0 28 9
