c PyNETGEN v1.0.0
c $ pip install pynetgen
c
c  NETGEN flow network generation algorithm
c  Problem input parameters
c  -------------------------------------
c   Random seed:          7
c   Number of nodes:      50
c   Source nodes:         2
c   Sink nodes:           2
c   Number of arcs:       200
c   Minimum arc cost:     1
c   Maximum arc cost:     10
c   Total supply:         50
c   Transshipment -
c     Sources:            0
c     Sinks:              0
c   Skeleton arcs -
c     With max cost:      0
c     Capacitated:        100
c   Minimum arc capacity: 0
c   Maximum arc capacity: 50
c
c  *** Minimum cost flow ***
c
p min 50 200
n 1 25
n 2 25
n 49 -29
n 50 -21
a 1 8 0 25 1
a 1 41 0 23 8
a 1 14 0 45 5
a 1 4 0 9 4
a 1 11 0 11 5
a 1 20 0 9 9
a 4 21 0 25 3
a 4 12 0 24 8
a 4 16 0 29 4
a 4 32 0 18 7
a 4 47 0 27 3
a 4 3 0 7 9
a 6 10 0 25 6
a 6 39 0 42 7
a 6 9 0 45 8
a 6 31 0 1 6
a 6 49 0 25 7
a 6 20 0 43 2
a 8 22 0 25 6
a 8 37 0 28 3
a 8 16 0 20 2
a 8 23 0 6 7
a 10 32 0 25 1
a 10 5 0 19 10
a 10 49 0 46 4
a 10 11 0 26 9
a 14 50 0 25 2
a 14 3 0 3 9
a 14 37 0 48 1
a 14 46 0 13 10
a 15 34 0 25 1
a 15 16 0 25 2
a 15 4 0 8 6
a 15 42 0 38 6
a 15 7 0 40 2
a 17 23 0 25 4
a 17 31 0 47 3
a 17 19 0 26 6
a 17 9 0 26 9
a 17 25 0 0 5
a 17 8 0 32 5
a 17 5 0 34 8
a 18 24 0 25 6
a 18 29 0 22 5
a 18 49 0 35 10
a 18 17 0 1 1
a 18 16 0 20 4
a 18 35 0 24 2
a 21 43 0 25 7
a 21 22 0 49 4
a 22 4 0 25 6
a 22 32 0 16 3
a 22 5 0 22 7
a 22 43 0 18 5
a 22 9 0 16 7
a 22 24 0 4 4
a 23 27 0 25 1
a 23 49 0 25 2
a 23 46 0 24 9
a 23 7 0 17 3
a 23 22 0 42 9
a 23 24 0 36 1
a 23 14 0 7 7
a 24 25 0 25 8
a 24 18 0 19 2
a 25 41 0 25 3
a 25 21 0 49 5
a 25 50 0 7 2
a 25 17 0 10 8
a 27 6 0 25 10
a 27 9 0 19 7
a 27 30 0 18 3
a 29 15 0 25 2
a 29 31 0 3 2
a 29 30 0 39 5
a 29 21 0 4 10
a 29 23 0 20 4
a 30 17 0 25 2
a 30 11 0 21 1
a 30 38 0 22 1
a 30 25 0 39 10
a 30 14 0 40 10
a 32 18 0 25 7
a 32 10 0 22 3
a 32 26 0 23 1
a 32 43 0 13 9
a 34 40 0 25 7
a 34 35 0 10 3
a 34 16 0 10 6
a 34 30 0 41 9
a 40 47 0 25 5
a 40 21 0 41 7
a 40 34 0 50 6
a 41 29 0 25 3
a 41 35 0 48 9
a 41 10 0 39 5
a 41 17 0 9 6
a 41 9 0 50 9
a 41 43 0 9 7
a 43 30 0 25 8
a 43 35 0 50 4
a 47 14 0 25 4
a 47 9 0 37 5
a 2 37 0 25 10
a 2 38 0 33 9
a 2 23 0 35 1
a 2 15 0 33 9
a 2 48 0 47 1
a 2 5 0 25 5
a 3 33 0 25 3
a 3 23 0 48 9
a 3 38 0 29 3
a 5 48 0 25 9
a 5 18 0 50 7
a 7 5 0 25 10
a 7 48 0 31 4
a 7 43 0 8 9
a 9 16 0 25 9
a 9 6 0 44 1
a 9 18 0 24 7
a 9 42 0 28 2
a 9 49 0 39 9
a 11 26 0 25 3
a 11 33 0 37 4
a 11 40 0 17 5
a 12 7 0 25 3
a 12 19 0 34 2
a 12 30 0 45 6
a 13 11 0 25 6
a 13 14 0 29 4
a 13 43 0 44 9
a 13 33 0 46 10
a 13 46 0 29 6
a 13 19 0 14 1
a 16 45 0 25 3
a 16 7 0 17 1
a 16 36 0 32 3
a 16 5 0 33 9
a 16 40 0 41 6
a 19 42 0 25 6
a 19 48 0 31 2
a 19 28 0 27 8
a 19 10 0 43 7
a 19 29 0 15 1
a 20 50 0 25 10
a 20 32 0 38 4
a 20 13 0 50 10
a 20 37 0 44 7
a 20 35 0 8 4
a 26 31 0 25 4
a 26 28 0 31 1
a 26 22 0 9 6
a 28 36 0 25 9
a 28 30 0 35 7
a 28 12 0 31 6
a 31 46 0 25 2
a 31 48 0 48 9
a 33 20 0 25 1
a 33 7 0 41 6
a 33 38 0 26 6
a 33 44 0 29 2
a 35 9 0 25 5
a 35 34 0 47 1
a 35 20 0 34 3
a 35 31 0 14 10
a 35 43 0 44 2
a 36 19 0 25 8
a 36 26 0 43 7
a 36 43 0 10 4
a 37 12 0 25 4
a 37 48 0 3 10
a 37 35 0 1 2
a 37 33 0 14 2
a 37 5 0 32 10
a 38 35 0 25 10
a 38 50 0 13 4
a 38 7 0 26 5
a 38 37 0 3 7
a 38 42 0 26 7
a 38 22 0 7 9
a 39 13 0 25 4
a 39 49 0 25 10
a 39 34 0 36 2
a 39 44 0 32 5
a 39 37 0 3 1
a 42 38 0 25 8
a 42 6 0 48 4
a 42 7 0 38 5
a 42 28 0 11 4
a 44 28 0 25 4
a 44 39 0 23 9
a 45 39 0 25 5
a 45 3 0 34 6
a 45 44 0 21 9
a 45 23 0 20 5
a 46 3 0 25 7
a 46 7 0 41 5
a 48 44 0 25 2
a 48 19 0 46 3
a 48 9 0 39 9
