c PyNETGEN v1.0.0
c $ pip install pynetgen
c
c  NETGEN flow network generation algorithm
c  Problem input parameters
c  -------------------------------------
c   Random seed:          12
c   Number of nodes:      50
c   Source nodes:         2
c   Sink nodes:           2
c   Number of arcs:       200
c   Minimum arc cost:     1
c   Maximum arc cost:     10
c   Total supply:         50
c   Transshipment -
c     Sources:            0
c     Sinks:              0
c   Skeleton arcs -
c     With max cost:      0
c     Capacitated:        100
c   Minimum arc capacity: 0
c   Maximum arc capacity: 50
c
c  *** Minimum cost flow ***
c
p min 50 200
n 1 10
n 2 40
n 49 -36
n 50 -14
a 1 43 0 10 8
a 1 27 0 32 2
a 1 22 0 1 7
a 1 17 0 23 3
a 1 47 0 41 5
a 1 6 0 45 10
a 1 40 0 11 5
a 3 49 0 10 7
a 3 47 0 21 1
a 3 15 0 5 5
a 4 25 0 10 4
a 4 43 0 12 1
a 4 8 0 31 4
a 4 32 0 17 9
a 4 42 0 37 8
a 9 16 0 10 2
a 9 41 0 25 3
a 9 28 0 27 8
a 12 28 0 10 4
a 12 15 0 23 2
a 12 47 0 49 8
a 12 21 0 3 9
a 12 18 0 22 1
a 12 37 0 44 10
a 13 33 0 10 10
a 13 17 0 23 10
a 13 9 0 32 7
a 13 22 0 24 1
a 13 50 0 35 8
a 13 6 0 19 4
a 13 11 0 31 5
a 14 44 0 10 5
a 14 28 0 47 7
a 14 45 0 25 5
a 14 22 0 36 9
a 14 11 0 23 5
a 16 48 0 10 9
a 16 49 0 1 3
a 16 33 0 45 2
a 16 12 0 22 6
a 16 40 0 11 6
a 17 47 0 10 9
a 17 8 0 29 4
a 23 17 0 10 4
a 23 44 0 46 7
a 23 49 0 46 8
a 23 42 0 9 8
a 23 4 0 12 3
a 23 45 0 29 2
a 25 12 0 10 4
a 25 15 0 37 5
a 27 37 0 10 5
a 27 12 0 5 5
a 27 3 0 13 6
a 27 15 0 13 6
a 27 38 0 22 6
a 28 45 0 10 1
a 28 3 0 13 10
a 28 32 0 24 4
a 28 46 0 32 6
a 28 37 0 6 3
a 28 8 0 14 3
a 31 13 0 10 1
a 31 44 0 5 4
a 31 36 0 15 1
a 32 23 0 10 5
a 32 35 0 22 10
a 32 46 0 12 10
a 32 21 0 11 2
a 32 11 0 37 3
a 32 3 0 36 5
a 33 3 0 10 7
a 33 27 0 34 7
a 33 14 0 3 1
a 33 9 0 34 6
a 37 9 0 10 10
a 37 38 0 4 3
a 40 50 0 10 4
a 40 4 0 10 1
a 40 47 0 9 1
a 40 6 0 16 1
a 43 40 0 10 7
a 43 18 0 47 5
a 43 3 0 20 7
a 43 30 0 3 1
a 43 6 0 33 9
a 44 31 0 10 1
a 44 41 0 47 5
a 44 12 0 6 1
a 44 6 0 12 9
a 44 22 0 37 3
a 45 27 0 10 3
a 45 24 0 13 7
a 45 28 0 41 9
a 47 14 0 10 1
a 47 39 0 13 2
a 47 21 0 12 3
a 47 4 0 2 2
a 47 32 0 45 7
a 48 32 0 10 4
a 48 11 0 50 2
a 2 21 0 40 9
a 2 19 0 0 1
a 2 24 0 35 4
a 2 3 0 13 8
a 2 6 0 5 1
a 2 16 0 46 10
a 5 49 0 40 7
a 5 8 0 40 10
a 5 15 0 15 3
a 5 39 0 7 2
a 5 25 0 22 5
a 5 6 0 4 10
a 5 11 0 24 10
a 6 26 0 40 3
a 6 38 0 10 5
a 7 35 0 40 5
a 7 26 0 14 5
a 7 16 0 11 9
a 7 47 0 19 8
a 8 41 0 40 6
a 8 20 0 4 3
a 8 29 0 36 4
a 8 18 0 28 9
a 8 19 0 22 3
a 10 29 0 40 10
a 10 41 0 45 3
a 10 13 0 3 5
a 10 21 0 3 10
a 11 24 0 40 10
a 11 18 0 31 9
a 15 36 0 40 1
a 15 46 0 4 7
a 18 15 0 40 2
a 18 49 0 28 3
a 18 32 0 9 6
a 19 10 0 40 1
a 19 30 0 4 8
a 19 44 0 48 6
a 20 7 0 40 4
a 20 45 0 42 7
a 20 47 0 3 4
a 21 22 0 40 2
a 21 9 0 15 1
a 21 30 0 37 7
a 21 20 0 31 3
a 21 31 0 40 1
a 21 35 0 10 7
a 21 17 0 19 7
a 22 5 0 40 6
a 22 31 0 43 4
a 22 8 0 49 4
a 22 42 0 15 3
a 22 28 0 2 5
a 22 50 0 1 5
a 24 20 0 40 2
a 24 15 0 45 3
a 26 19 0 40 7
a 26 11 0 2 8
a 26 46 0 18 8
a 26 6 0 14 6
a 26 34 0 9 6
a 29 50 0 40 5
a 29 33 0 35 10
a 29 27 0 37 10
a 29 36 0 41 1
a 29 17 0 12 8
a 29 34 0 30 4
a 30 18 0 40 3
a 30 25 0 6 2
a 34 11 0 40 4
a 34 30 0 9 1
a 34 43 0 20 8
a 34 40 0 50 2
a 35 39 0 40 9
a 35 18 0 32 8
a 35 17 0 36 3
a 35 30 0 31 1
a 35 31 0 48 3
a 35 12 0 5 6
a 36 6 0 40 7
a 36 18 0 46 9
a 36 40 0 11 5
a 38 30 0 40 5
a 38 9 0 20 4
a 39 42 0 40 6
a 39 17 0 2 6
a 39 36 0 14 6
a 39 33 0 41 1
a 39 3 0 32 4
a 41 34 0 40 3
a 41 6 0 8 7
a 41 44 0 40 1
a 41 17 0 25 10
a 41 36 0 45 10
a 42 46 0 40 2
a 42 33 0 20 3
a 46 38 0 40 3
a 46 18 0 46 9
a 46 5 0 34 4
