c PyNETGEN v1.0.0
c $ pip install pynetgen
c
c  NETGEN flow network generation algorithm
c  Problem input parameters
c  -------------------------------------
c   Random seed:          6
c   Number of nodes:      50
c   Source nodes:         2
c   Sink nodes:           2
c   Number of arcs:       200
c   Minimum arc cost:     1
c   Maximum arc cost:     10
c   Total supply:         50
c   Transshipment -
c     Sources:            0
c     Sinks:              0
c   Skeleton arcs -
c     With max cost:      0
c     Capacitated:        100
c   Minimum arc capacity: 0
c   Maximum arc capacity: 50
c
c  *** Minimum cost flow ***
c
p min 50 200
n 1 49
n 2 1
n 49 -36
n 50 -14
a 1 46 0 49 3
a 1 15 0 16 10
a 3 50 0 49 2
a 3 37 0 37 2
a 3 10 0 46 8
a 4 15 0 49 6
a 4 5 0 18 8
a 4 35 0 39 1
a 4 25 0 36 6
a 4 26 0 15 8
a 4 13 0 45 6
a 6 31 0 49 1
a 6 9 0 41 6
a 6 43 0 21 5
a 6 13 0 31 3
a 7 6 0 49 10
a 7 46 0 25 7
a 7 35 0 26 3
a 8 26 0 49 1
a 8 49 0 49 8
a 8 13 0 23 2
a 10 28 0 49 4
a 10 46 0 42 2
a 15 30 0 49 10
a 15 45 0 13 4
a 16 47 0 49 9
a 16 26 0 7 2
a 16 11 0 46 2
a 16 35 0 45 10
a 16 43 0 10 8
a 16 40 0 32 7
a 18 10 0 49 2
a 18 6 0 9 5
a 18 19 0 46 7
a 20 32 0 49 9
a 20 35 0 48 6
a 20 31 0 42 5
a 20 47 0 47 10
a 24 35 0 49 6
a 24 37 0 40 6
a 24 19 0 33 6
a 24 47 0 11 5
a 24 38 0 24 4
a 26 40 0 49 9
a 26 28 0 31 1
a 26 11 0 49 7
a 26 49 0 21 7
a 28 20 0 49 4
a 28 24 0 28 7
a 30 16 0 49 6
a 30 5 0 14 10
a 30 17 0 19 8
a 30 24 0 25 8
a 31 48 0 49 5
a 31 8 0 3 2
a 31 41 0 32 1
a 32 24 0 49 6
a 32 22 0 5 9
a 35 43 0 49 8
a 35 6 0 44 3
a 35 10 0 25 7
a 35 26 0 5 1
a 35 29 0 24 6
a 35 8 0 22 9
a 35 31 0 31 8
a 37 42 0 49 6
a 37 9 0 20 5
a 37 49 0 46 4
a 37 3 0 12 5
a 38 8 0 49 9
a 38 20 0 42 1
a 38 32 0 48 4
a 38 6 0 13 4
a 40 18 0 49 5
a 40 20 0 41 9
a 40 4 0 47 4
a 40 49 0 17 4
a 40 23 0 6 1
a 40 26 0 47 5
a 42 38 0 49 4
a 42 36 0 8 1
a 43 7 0 49 9
a 43 37 0 49 3
a 43 47 0 48 4
a 43 28 0 27 1
a 43 31 0 29 5
a 43 26 0 42 1
a 44 4 0 49 2
a 44 46 0 41 1
a 44 45 0 6 10
a 44 49 0 31 2
a 46 44 0 49 2
a 46 39 0 32 9
a 46 33 0 33 10
a 46 45 0 16 6
a 46 32 0 19 5
a 46 43 0 44 7
a 47 37 0 49 2
a 47 6 0 48 9
a 48 3 0 49 1
a 48 8 0 25 5
a 2 12 0 1 5
a 2 11 0 0 6
a 2 37 0 30 6
a 2 27 0 32 8
a 5 33 0 1 1
a 5 34 0 10 9
a 5 45 0 33 4
a 5 14 0 36 7
a 5 32 0 3 3
a 5 46 0 8 9
a 9 23 0 1 8
a 9 50 0 50 1
a 9 10 0 6 6
a 11 50 0 1 1
a 11 4 0 30 6
a 11 16 0 29 3
a 11 39 0 31 2
a 11 36 0 5 1
a 11 28 0 2 9
a 12 13 0 1 10
a 12 22 0 41 4
a 12 40 0 49 8
a 12 9 0 39 4
a 12 6 0 11 4
a 12 38 0 31 8
a 12 5 0 22 4
a 13 27 0 1 8
a 13 4 0 3 3
a 13 3 0 32 5
a 13 17 0 5 4
a 13 49 0 47 7
a 13 24 0 25 10
a 14 9 0 1 5
a 14 24 0 24 2
a 14 39 0 18 3
a 17 25 0 1 4
a 17 39 0 10 10
a 17 30 0 42 2
a 17 21 0 43 1
a 17 35 0 30 5
a 17 40 0 30 7
a 17 4 0 15 6
a 17 8 0 46 8
a 19 45 0 1 9
a 19 48 0 40 5
a 21 14 0 1 6
a 21 49 0 1 10
a 21 34 0 35 9
a 22 41 0 1 2
a 22 16 0 34 6
a 22 5 0 37 1
a 22 11 0 20 2
a 22 17 0 39 8
a 22 29 0 13 8
a 22 20 0 33 6
a 22 32 0 48 2
a 23 17 0 1 4
a 23 7 0 39 8
a 25 11 0 1 2
a 25 21 0 7 7
a 25 28 0 30 2
a 25 38 0 41 8
a 25 48 0 43 4
a 25 26 0 44 9
a 27 34 0 1 5
a 27 40 0 6 8
a 27 20 0 2 6
a 29 36 0 1 7
a 29 41 0 41 5
a 29 49 0 29 3
a 29 27 0 30 6
a 33 19 0 1 5
a 33 8 0 25 5
a 34 22 0 1 5
a 34 13 0 16 3
a 34 10 0 5 7
a 34 5 0 28 6
a 34 23 0 24 7
a 34 35 0 28 2
a 36 39 0 1 9
a 36 10 0 10 10
a 36 21 0 31 8
a 36 18 0 31 3
a 36 8 0 10 1
a 36 17 0 42 5
a 36 35 0 1 7
a 39 5 0 1 4
a 39 32 0 46 1
a 39 13 0 3 1
a 39 15 0 49 6
a 39 31 0 4 9
a 39 46 0 7 1
a 41 29 0 1 3
a 41 34 0 35 9
a 45 21 0 1 10
a 45 18 0 10 2
a 45 38 0 16 2
a 45 47 0 10 5
a 45 42 0 4 1
