c PyNETGEN v1.0.0
c $ pip install pynetgen
c
c  NETGEN flow network generation algorithm
c  Problem input parameters
c  -------------------------------------
c   Random seed:          16
c   Number of nodes:      50
c   Source nodes:         2
c   Sink nodes:           2
c   Number of arcs:       200
c   Minimum arc cost:     1
c   Maximum arc cost:     10
c   Total supply:         50
c   Transshipment -
c     Sources:            0
c     Sinks:              0
c   Skeleton arcs -
c     With max cost:      0
c     Capacitated:        100
c   Minimum arc capacity: 0
c   Maximum arc capacity: 50
c
c  *** Minimum cost flow ***
c
p min 50 200
n 1 25
n 2 25
n 49 -26
n 50 -24
a 1 24 0 25 10
a 1 36 0 34 1
a 1 16 0 27 1
a 1 14 0 39 7
a 5 50 0 25 5
a 5 42 0 25 3
a 5 43 0 45 9
a 5 29 0 15 9
a 5 25 0 33 5
a 5 27 0 19 9
a 5 7 0 42 4
a 6 32 0 25 7
a 6 27 0 13 3
a 6 43 0 33 9
a 6 26 0 36 2
a 6 33 0 10 8
a 6 7 0 40 2
a 9 30 0 25 2
a 9 11 0 37 7
a 9 23 0 31 1
a 9 19 0 45 8
a 9 48 0 8 9
a 9 20 0 45 2
a 10 16 0 25 7
a 10 25 0 26 3
a 10 31 0 44 6
a 10 38 0 19 3
a 10 4 0 38 1
a 11 40 0 25 3
a 11 46 0 19 8
a 11 20 0 44 8
a 11 15 0 17 2
a 12 5 0 25 3
a 12 6 0 38 2
a 12 24 0 46 5
a 12 38 0 9 3
a 13 36 0 25 10
a 13 40 0 23 6
a 16 45 0 25 3
a 16 18 0 48 2
a 19 9 0 25 9
a 19 46 0 30 4
a 23 10 0 25 5
a 23 28 0 8 5
a 23 19 0 15 9
a 23 45 0 3 8
a 24 39 0 25 4
a 24 47 0 10 6
a 24 37 0 33 9
a 24 23 0 17 5
a 24 26 0 38 6
a 24 40 0 9 4
a 26 19 0 25 9
a 26 31 0 8 4
a 26 18 0 17 8
a 26 9 0 18 2
a 26 13 0 37 1
a 26 36 0 40 10
a 26 3 0 19 7
a 30 37 0 25 10
a 30 43 0 41 4
a 32 13 0 25 2
a 32 28 0 5 1
a 32 15 0 16 1
a 32 50 0 15 7
a 36 12 0 25 5
a 36 7 0 28 6
a 36 13 0 13 6
a 36 42 0 16 7
a 36 33 0 14 3
a 36 31 0 44 8
a 37 23 0 25 9
a 37 24 0 44 10
a 37 38 0 47 8
a 37 47 0 50 10
a 38 41 0 25 9
a 38 30 0 46 7
a 38 9 0 42 7
a 38 14 0 15 7
a 38 19 0 29 4
a 39 6 0 25 4
a 39 14 0 45 5
a 39 26 0 20 1
a 39 12 0 18 9
a 40 38 0 25 5
a 40 27 0 44 5
a 40 7 0 10 6
a 40 5 0 20 4
a 40 32 0 34 1
a 41 46 0 25 5
a 41 11 0 7 10
a 41 4 0 36 9
a 41 34 0 9 8
a 41 50 0 4 5
a 42 26 0 25 10
a 42 19 0 17 2
a 43 11 0 25 7
a 43 8 0 20 8
a 43 50 0 43 9
a 43 31 0 34 4
a 45 43 0 25 6
a 45 16 0 33 10
a 45 39 0 49 10
a 45 11 0 35 1
a 46 49 0 25 3
a 46 10 0 47 4
a 46 25 0 43 9
a 2 28 0 25 9
a 2 49 0 28 2
a 2 34 0 34 8
a 3 22 0 25 2
a 3 17 0 37 4
a 3 5 0 49 4
a 3 14 0 34 1
a 3 6 0 14 9
a 4 35 0 25 6
a 4 12 0 1 5
a 4 28 0 23 7
a 7 17 0 25 6
a 7 45 0 40 2
a 7 11 0 50 3
a 7 35 0 50 3
a 7 14 0 4 4
a 7 5 0 19 3
a 7 31 0 46 4
a 8 34 0 25 8
a 8 17 0 16 3
a 14 4 0 25 2
a 14 42 0 9 3
a 14 20 0 1 5
a 14 3 0 39 10
a 14 7 0 15 2
a 15 29 0 25 1
a 15 36 0 43 6
a 17 14 0 25 7
a 17 47 0 6 10
a 18 48 0 25 9
a 18 50 0 25 10
a 18 6 0 13 3
a 18 44 0 10 9
a 18 47 0 5 2
a 18 41 0 13 7
a 20 25 0 25 8
a 20 11 0 37 10
a 20 22 0 7 10
a 20 43 0 24 6
a 20 46 0 2 2
a 21 31 0 25 3
a 21 14 0 34 2
a 21 8 0 16 1
a 21 12 0 23 4
a 22 27 0 25 6
a 22 8 0 3 7
a 22 36 0 45 3
a 22 35 0 27 6
a 25 49 0 25 1
a 25 50 0 9 7
a 25 30 0 47 4
a 25 17 0 28 6
a 27 8 0 25 7
a 27 24 0 2 2
a 27 16 0 12 1
a 28 3 0 25 4
a 28 42 0 30 2
a 29 33 0 25 7
a 29 15 0 38 3
a 29 42 0 33 5
a 29 3 0 40 6
a 29 39 0 20 6
a 31 47 0 25 1
a 31 16 0 10 7
a 31 18 0 12 4
a 31 14 0 1 8
a 31 39 0 41 9
a 33 21 0 25 5
a 33 6 0 9 5
a 33 29 0 14 7
a 33 31 0 7 3
a 33 24 0 5 7
a 33 16 0 49 1
a 34 44 0 25 1
a 34 38 0 27 8
a 35 20 0 25 10
a 35 33 0 15 6
a 35 34 0 18 4
a 35 30 0 2 3
a 35 6 0 37 1
a 35 39 0 36 2
a 35 24 0 4 2
a 44 18 0 25 7
a 44 8 0 46 6
a 44 38 0 28 8
a 44 4 0 19 4
a 44 42 0 8 4
a 47 7 0 25 1
a 47 13 0 24 9
a 47 8 0 18 8
a 48 15 0 25 6
a 48 6 0 10 4
a 48 43 0 45 7
