c PyNETGEN v1.0.0
c $ pip install pynetgen
c
c  NETGEN flow network generation algorithm
c  Problem input parameters
c  -------------------------------------
c   Random seed:          15
c   Number of nodes:      50
c   Source nodes:         2
c   Sink nodes:           2
c   Number of arcs:       200
c   Minimum arc cost:     1
c   Maximum arc cost:     10
c   Total supply:         50
c   Transshipment -
c     Sources:            0
c     Sinks:              0
c   Skeleton arcs -
c     With max cost:      0
c     Capacitated:        100
c   Minimum arc capacity: 0
c   Maximum arc capacity: 50
c
c  *** Minimum cost flow ***
c
p min 50 200
n 1 46
n 2 4
n 49 -25
n 50 -25
a 1 16 0 46 2
a 1 10 0 2 3
a 1 48 0 46 10
a 1 44 0 16 2
a 1 28 0 39 2
a 1 19 0 31 7
a 1 4 0 46 5
a 6 34 0 46 5
a 6 46 0 1 5
a 6 31 0 13 5
a 6 5 0 11 8
a 6 36 0 15 1
a 6 18 0 13 3
a 6 42 0 28 1
a 7 36 0 46 7
a 7 40 0 31 8
a 7 8 0 25 9
a 7 19 0 27 2
a 7 34 0 26 2
a 7 26 0 35 8
a 9 7 0 46 5
a 9 11 0 42 10
a 9 6 0 34 9
a 10 26 0 46 9
a 10 17 0 48 2
a 10 18 0 16 4
a 10 35 0 21 5
a 10 30 0 36 7
a 10 38 0 12 2
a 11 18 0 46 3
a 11 15 0 26 6
a 11 10 0 36 8
a 11 24 0 14 4
a 14 9 0 46 4
a 14 38 0 39 6
a 15 32 0 46 5
a 15 29 0 14 7
a 15 8 0 1 5
a 15 25 0 31 7
a 15 22 0 15 4
a 15 16 0 14 4
a 15 10 0 4 10
a 16 17 0 46 3
a 16 15 0 40 6
a 16 38 0 32 6
a 16 7 0 32 2
a 17 6 0 46 9
a 17 30 0 41 1
a 17 27 0 49 3
a 17 45 0 25 4
a 18 14 0 46 7
a 18 9 0 42 2
a 22 11 0 46 8
a 22 46 0 10 5
a 22 13 0 42 8
a 23 10 0 46 6
a 23 5 0 3 5
a 23 14 0 29 4
a 26 15 0 46 10
a 26 39 0 34 2
a 26 47 0 27 10
a 26 22 0 37 2
a 26 49 0 50 9
a 26 43 0 19 9
a 27 39 0 46 3
a 27 28 0 11 1
a 27 14 0 2 3
a 27 45 0 47 4
a 27 16 0 27 8
a 32 50 0 46 6
a 32 26 0 39 1
a 34 49 0 46 10
a 34 47 0 46 8
a 34 9 0 39 7
a 34 50 0 26 1
a 34 3 0 16 8
a 34 41 0 43 7
a 34 33 0 41 7
a 35 37 0 46 4
a 35 31 0 11 4
a 35 40 0 33 1
a 35 30 0 50 5
a 35 43 0 46 1
a 36 27 0 46 9
a 36 31 0 42 4
a 36 37 0 35 1
a 37 41 0 46 7
a 37 11 0 33 1
a 37 7 0 14 6
a 37 49 0 15 2
a 37 38 0 2 5
a 39 35 0 46 10
a 39 44 0 16 1
a 41 45 0 46 4
a 41 46 0 27 3
a 41 12 0 48 2
a 41 16 0 34 6
a 41 27 0 9 4
a 41 17 0 31 1
a 42 22 0 46 9
a 42 37 0 24 9
a 42 43 0 23 7
a 42 34 0 36 6
a 42 25 0 22 1
a 44 42 0 46 6
a 44 23 0 12 3
a 44 29 0 42 8
a 44 22 0 13 1
a 44 38 0 13 7
a 44 12 0 6 5
a 45 23 0 46 6
a 45 44 0 33 9
a 45 41 0 8 4
a 45 21 0 22 6
a 45 24 0 36 4
a 47 44 0 46 2
a 47 30 0 34 4
a 47 36 0 37 5
a 2 3 0 4 5
a 2 8 0 44 4
a 2 44 0 2 6
a 2 20 0 26 5
a 2 43 0 21 10
a 3 5 0 4 1
a 3 32 0 40 3
a 3 21 0 40 7
a 3 48 0 4 8
a 3 7 0 6 1
a 3 30 0 21 6
a 4 50 0 4 9
a 4 13 0 0 5
a 5 40 0 4 6
a 5 32 0 37 10
a 5 13 0 23 7
a 8 43 0 4 1
a 8 5 0 7 2
a 8 37 0 22 4
a 12 28 0 4 8
a 12 37 0 4 8
a 12 48 0 44 6
a 13 24 0 4 10
a 13 19 0 25 6
a 13 31 0 38 7
a 19 25 0 4 7
a 19 20 0 8 1
a 19 4 0 49 6
a 20 21 0 4 10
a 20 38 0 36 1
a 21 31 0 4 4
a 21 7 0 12 2
a 21 10 0 12 6
a 21 32 0 1 8
a 21 41 0 32 1
a 21 47 0 43 8
a 24 48 0 4 10
a 24 9 0 2 6
a 24 19 0 23 3
a 24 35 0 35 1
a 24 47 0 48 8
a 24 34 0 5 3
a 25 38 0 4 2
a 25 12 0 23 8
a 25 37 0 50 3
a 28 30 0 4 5
a 28 8 0 27 2
a 28 45 0 47 10
a 28 7 0 7 8
a 28 21 0 49 7
a 29 20 0 4 1
a 29 4 0 11 4
a 29 46 0 43 1
a 29 27 0 31 2
a 30 46 0 4 3
a 30 8 0 0 7
a 30 36 0 28 2
a 31 49 0 4 4
a 31 8 0 4 8
a 31 10 0 32 5
a 31 19 0 22 1
a 31 46 0 6 3
a 31 9 0 49 7
a 33 4 0 4 4
a 33 6 0 1 7
a 33 49 0 14 4
a 33 7 0 25 4
a 38 29 0 4 9
a 38 43 0 41 4
a 38 48 0 5 7
a 38 23 0 13 6
a 40 12 0 4 7
a 40 39 0 46 3
a 40 48 0 23 6
a 40 11 0 18 9
a 43 13 0 4 9
a 43 4 0 50 2
a 46 19 0 4 3
a 46 39 0 12 2
a 48 33 0 4 1
a 48 47 0 0 6
a 48 28 0 36 2
