c PyNETGEN v1.0.0
c $ pip install pynetgen
c
c  NETGEN flow network generation algorithm
c  Problem input parameters
c  -------------------------------------
c   Random seed:          9
c   Number of nodes:      50
c   Source nodes:         2
c   Sink nodes:           2
c   Number of arcs:       200
c   Minimum arc cost:     1
c   Maximum arc cost:     10
c   Total supply:         50
c   Transshipment -
c     Sources:            0
c     Sinks:              0
c   Skeleton arcs -
c     With max cost:      0
c     Capacitated:        100
c   Minimum arc capacity: 0
c   Maximum arc capacity: 50
c
c  *** Minimum cost flow ***
c
p min 50 200
n 1 49
n 2 1
n 49 -16
n 50 -34
a 1 24 0 49 7
a 1 45 0 11 1
a 1 6 0 7 4
a 1 14 0 30 1
a 1 27 0 18 5
a 1 41 0 8 6
a 1 31 0 2 8
a 3 26 0 49 9
a 3 50 0 41 10
a 3 45 0 23 5
a 3 14 0 42 10
a 4 23 0 49 6
a 4 9 0 23 5
a 5 9 0 49 2
a 5 23 0 47 2
a 7 43 0 49 6
a 7 17 0 25 10
a 7 12 0 1 7
a 9 35 0 49 9
a 9 49 0 11 6
a 9 45 0 37 7
a 9 16 0 15 1
a 10 21 0 49 9
a 10 42 0 39 6
a 10 41 0 34 5
a 10 31 0 30 6
a 10 16 0 43 9
a 12 29 0 49 4
a 12 3 0 7 7
a 12 7 0 46 5
a 12 33 0 36 4
a 12 17 0 47 2
a 12 31 0 3 3
a 12 42 0 12 9
a 14 25 0 49 4
a 14 12 0 17 5
a 14 38 0 39 4
a 14 11 0 26 4
a 14 8 0 8 10
a 19 4 0 49 7
a 19 5 0 8 5
a 19 38 0 33 2
a 19 39 0 28 5
a 19 37 0 39 2
a 19 6 0 9 8
a 19 14 0 9 7
a 20 33 0 49 10
a 20 23 0 9 5
a 20 43 0 9 1
a 20 17 0 30 8
a 20 49 0 2 9
a 20 14 0 10 1
a 21 5 0 49 8
a 21 49 0 16 4
a 21 39 0 35 4
a 21 28 0 42 5
a 21 40 0 12 2
a 21 27 0 48 6
a 22 42 0 49 6
a 22 7 0 5 3
a 22 18 0 11 9
a 22 11 0 17 1
a 22 44 0 35 2
a 22 19 0 42 9
a 23 20 0 49 3
a 23 47 0 27 9
a 24 19 0 49 2
a 24 17 0 28 6
a 24 18 0 21 6
a 25 7 0 49 2
a 25 32 0 8 9
a 25 40 0 41 8
a 25 9 0 13 9
a 25 17 0 47 6
a 25 50 0 0 10
a 26 22 0 49 2
a 26 6 0 41 10
a 29 10 0 49 4
a 29 12 0 18 5
a 29 46 0 18 4
a 29 45 0 12 4
a 29 27 0 11 8
a 29 5 0 3 4
a 31 14 0 49 4
a 31 10 0 36 3
a 33 46 0 49 7
a 33 27 0 50 4
a 33 49 0 6 3
a 33 24 0 24 5
a 33 32 0 20 8
a 33 40 0 43 6
a 35 45 0 49 3
a 35 50 0 49 9
a 35 7 0 50 3
a 35 29 0 11 5
a 35 47 0 3 5
a 42 49 0 49 9
a 42 40 0 46 10
a 42 11 0 8 3
a 42 27 0 3 6
a 42 23 0 50 5
a 42 14 0 39 10
a 43 12 0 49 1
a 43 28 0 18 9
a 45 3 0 49 4
a 45 20 0 7 5
a 45 38 0 10 8
a 45 21 0 23 1
a 45 28 0 28 6
a 45 39 0 24 2
a 46 31 0 49 4
a 46 28 0 30 4
a 46 22 0 25 6
a 46 10 0 8 2
a 46 48 0 37 1
a 46 36 0 35 2
a 2 40 0 1 10
a 2 33 0 21 6
a 2 36 0 46 1
a 2 12 0 16 3
a 2 16 0 47 2
a 6 17 0 1 5
a 6 40 0 23 3
a 6 34 0 33 7
a 8 38 0 1 1
a 8 41 0 34 10
a 8 7 0 33 2
a 11 48 0 1 10
a 11 50 0 43 4
a 11 3 0 48 2
a 11 33 0 20 9
a 11 46 0 45 3
a 13 36 0 1 3
a 13 41 0 29 6
a 13 32 0 36 6
a 13 3 0 40 7
a 15 37 0 1 9
a 15 8 0 28 3
a 16 49 0 1 8
a 16 36 0 1 6
a 16 43 0 7 10
a 16 40 0 20 10
a 16 10 0 48 2
a 17 13 0 1 2
a 17 50 0 1 7
a 17 41 0 36 10
a 17 22 0 49 2
a 17 29 0 20 3
a 17 9 0 27 3
a 18 30 0 1 4
a 18 26 0 13 10
a 18 6 0 5 9
a 18 27 0 43 6
a 18 46 0 33 5
a 27 16 0 1 3
a 27 7 0 50 7
a 28 27 0 1 8
a 28 33 0 25 1
a 30 32 0 1 1
a 30 12 0 26 7
a 32 39 0 1 1
a 32 13 0 32 4
a 32 26 0 36 10
a 32 3 0 39 2
a 34 6 0 1 3
a 34 43 0 50 5
a 36 11 0 1 10
a 36 35 0 16 5
a 36 47 0 27 7
a 36 41 0 36 2
a 37 8 0 1 5
a 37 12 0 45 5
a 37 47 0 47 3
a 37 31 0 12 10
a 37 49 0 21 6
a 38 18 0 1 7
a 38 3 0 46 10
a 39 34 0 1 7
a 39 22 0 49 5
a 39 44 0 29 9
a 39 27 0 9 8
a 39 6 0 15 6
a 39 33 0 21 10
a 40 41 0 1 10
a 40 19 0 15 1
a 41 15 0 1 10
a 41 35 0 14 5
a 41 26 0 23 8
a 44 47 0 1 1
a 44 19 0 5 9
a 47 28 0 1 10
a 47 42 0 19 8
a 47 5 0 36 6
a 47 8 0 38 6
a 47 4 0 40 1
a 47 3 0 34 10
a 47 17 0 2 1
a 48 44 0 1 5
a 48 41 0 15 2
a 48 27 0 6 9
