c PyNETGEN v1.0.0
c $ pip install pynetgen
c
c  NETGEN flow network generation algorithm
c  Problem input parameters
c  -------------------------------------
c   Random seed:          14
c   Number of nodes:      50
c   Source nodes:         2
c   Sink nodes:           2
c   Number of arcs:       200
c   Minimum arc cost:     1
c   Maximum arc cost:     10
c   Total supply:         50
c   Transshipment -
c     Sources:            0
c     Sinks:              0
c   Skeleton arcs -
c     With max cost:      0
c     Capacitated:        100
c   Minimum arc capacity: 0
c   Maximum arc capacity: 50
c
c  *** Minimum cost flow ***
c
p min 50 200
n 1 46
n 2 4
n 49 -26
n 50 -24
a 1 8 0 46 4
a 1 32 0 46 5
a 1 24 0 14 9
a 4 30 0 46 3
a 4 28 0 48 2
a 4 20 0 44 7
a 5 14 0 46 5
a 5 16 0 23 5
a 5 36 0 33 7
a 5 10 0 36 3
a 6 5 0 46 4
a 6 11 0 14 10
a 6 27 0 36 1
a 6 14 0 33 6
a 6 24 0 39 5
a 6 43 0 2 4
a 6 9 0 25 6
a 8 17 0 46 10
a 8 43 0 26 3
a 8 44 0 31 8
a 8 31 0 15 3
a 12 50 0 46 3
a 12 47 0 13 2
a 12 16 0 13 9
a 12 17 0 16 10
a 14 12 0 46 3
a 14 20 0 25 10
a 14 47 0 32 7
a 14 40 0 45 4
a 16 45 0 46 8
a 16 47 0 36 8
a 16 40 0 25 3
a 16 12 0 42 4
a 17 4 0 46 9
a 17 14 0 4 6
a 18 43 0 46 7
a 18 9 0 18 5
a 18 44 0 1 1
a 18 16 0 27 10
a 18 42 0 26 9
a 20 44 0 46 7
a 20 28 0 43 5
a 20 6 0 4 9
a 20 38 0 44 9
a 23 37 0 46 10
a 23 39 0 28 4
a 23 12 0 40 7
a 27 16 0 46 2
a 27 23 0 17 4
a 27 49 0 47 7
a 28 39 0 46 1
a 28 11 0 7 8
a 28 14 0 44 3
a 28 8 0 11 2
a 28 4 0 7 3
a 28 42 0 34 7
a 30 36 0 46 1
a 30 40 0 32 6
a 30 23 0 45 9
a 30 15 0 8 1
a 30 43 0 37 10
a 30 22 0 46 10
a 31 28 0 46 6
a 31 29 0 40 5
a 31 36 0 47 4
a 31 38 0 22 8
a 31 43 0 43 2
a 31 45 0 10 7
a 33 38 0 46 8
a 33 12 0 9 3
a 33 5 0 38 9
a 33 35 0 16 5
a 34 20 0 46 10
a 34 21 0 25 1
a 34 11 0 48 9
a 36 31 0 46 2
a 36 46 0 13 5
a 36 43 0 2 7
a 36 37 0 40 5
a 36 47 0 28 8
a 36 26 0 33 3
a 36 11 0 26 6
a 37 42 0 46 8
a 37 38 0 5 3
a 37 6 0 39 1
a 37 14 0 18 1
a 37 40 0 21 7
a 37 29 0 46 7
a 38 23 0 46 1
a 38 18 0 17 3
a 38 25 0 50 3
a 38 12 0 23 4
a 38 39 0 34 9
a 38 43 0 48 2
a 39 40 0 46 10
a 39 48 0 5 1
a 39 7 0 13 7
a 39 37 0 21 7
a 40 27 0 46 3
a 40 43 0 12 10
a 40 39 0 33 6
a 40 9 0 11 7
a 40 23 0 33 1
a 40 45 0 42 2
a 42 49 0 46 8
a 42 18 0 46 2
a 42 33 0 41 10
a 42 3 0 19 1
a 42 47 0 41 7
a 42 10 0 43 1
a 43 34 0 46 9
a 43 39 0 7 3
a 43 38 0 45 7
a 43 23 0 7 8
a 43 4 0 49 1
a 44 6 0 46 9
a 44 35 0 3 6
a 45 33 0 46 7
a 45 49 0 42 10
a 45 48 0 30 10
a 2 25 0 4 2
a 2 42 0 2 10
a 3 22 0 4 5
a 3 9 0 23 10
a 7 21 0 4 9
a 7 28 0 5 3
a 7 23 0 17 3
a 9 24 0 4 2
a 9 45 0 33 9
a 10 3 0 4 7
a 10 7 0 12 7
a 11 7 0 4 10
a 11 24 0 33 1
a 13 15 0 4 1
a 13 10 0 5 10
a 13 23 0 34 4
a 13 16 0 39 5
a 13 47 0 41 10
a 13 24 0 31 4
a 15 50 0 4 4
a 15 41 0 4 4
a 15 5 0 8 7
a 15 6 0 24 4
a 15 42 0 26 4
a 19 32 0 4 9
a 19 49 0 2 3
a 19 20 0 8 8
a 19 14 0 37 3
a 19 9 0 39 6
a 19 27 0 8 7
a 19 46 0 20 9
a 21 9 0 4 5
a 21 8 0 47 10
a 22 35 0 4 8
a 22 19 0 14 7
a 22 8 0 27 6
a 22 26 0 27 10
a 22 6 0 19 4
a 24 29 0 4 5
a 24 4 0 4 3
a 24 28 0 8 9
a 24 37 0 36 2
a 24 9 0 36 4
a 24 38 0 7 1
a 25 13 0 4 2
a 25 50 0 27 7
a 25 8 0 48 8
a 25 22 0 22 10
a 26 49 0 4 6
a 26 19 0 45 10
a 29 48 0 4 1
a 29 30 0 36 9
a 32 11 0 4 10
a 32 14 0 33 2
a 32 34 0 44 9
a 35 19 0 4 7
a 35 33 0 38 5
a 35 4 0 6 7
a 35 34 0 14 5
a 41 47 0 4 7
a 41 13 0 0 10
a 41 43 0 49 5
a 41 20 0 21 3
a 41 34 0 13 2
a 41 8 0 32 4
a 41 42 0 5 6
a 41 21 0 45 7
a 41 10 0 25 9
a 46 26 0 4 2
a 46 48 0 8 5
a 46 42 0 21 10
a 46 34 0 18 4
a 46 33 0 17 4
a 46 43 0 42 7
a 47 10 0 4 5
a 47 17 0 5 6
a 47 34 0 6 9
a 48 46 0 4 3
a 48 35 0 41 8
a 48 23 0 27 7
