c PyNETGEN v1.0.0
c $ pip install pynetgen
c
c  NETGEN flow network generation algorithm
c  Problem input parameters
c  -------------------------------------
c   Random seed:          13
c   Number of nodes:      50
c   Source nodes:         2
c   Sink nodes:           2
c   Number of arcs:       200
c   Minimum arc cost:     1
c   Maximum arc cost:     10
c   Total supply:         50
c   Transshipment -
c     Sources:            0
c     Sinks:              0
c   Skeleton arcs -
c     With max cost:      0
c     Capacitated:        100
c   Minimum arc capacity: 0
c   Maximum arc capacity: 50
c
c  *** Minimum cost flow ***
c
p min 50 200
n 1 25
n 2 25
n 49 -24
n 50 -26
a 1 5 0 25 6
a 1 7 0 39 10
a 1 47 0 33 8
a 1 12 0 46 5
a 1 14 0 32 2
a 3 6 0 25 2
a 3 49 0 31 6
a 3 26 0 12 1
a 3 35 0 40 9
a 3 7 0 8 4
a 4 30 0 25 4
a 4 26 0 13 2
a 4 41 0 8 9
a 4 21 0 12 1
a 4 5 0 0 10
a 4 13 0 49 10
a 5 18 0 25 5
a 5 7 0 44 7
a 5 50 0 26 4
a 5 36 0 27 5
a 5 29 0 45 7
a 6 15 0 25 5
a 6 30 0 43 8
a 6 37 0 3 1
a 6 12 0 35 1
a 6 9 0 12 7
a 6 17 0 3 2
a 6 13 0 28 4
a 7 39 0 25 7
a 7 36 0 10 8
a 10 21 0 25 7
a 10 23 0 40 5
a 10 37 0 19 7
a 10 16 0 12 8
a 10 32 0 20 9
a 10 36 0 8 3
a 12 10 0 25 9
a 12 33 0 1 7
a 14 47 0 25 4
a 14 18 0 11 1
a 14 41 0 12 1
a 14 22 0 5 3
a 14 17 0 4 8
a 15 35 0 25 5
a 15 31 0 7 8
a 15 23 0 50 6
a 15 49 0 37 4
a 18 4 0 25 5
a 18 46 0 36 8
a 18 26 0 44 3
a 18 45 0 23 7
a 18 28 0 23 4
a 18 27 0 37 4
a 19 14 0 25 6
a 19 11 0 48 1
a 19 48 0 41 10
a 19 9 0 6 4
a 19 43 0 10 8
a 21 19 0 25 3
a 21 41 0 7 10
a 21 37 0 47 3
a 21 27 0 30 5
a 21 9 0 45 10
a 21 3 0 10 8
a 23 41 0 25 2
a 23 4 0 33 5
a 23 7 0 7 1
a 23 22 0 24 7
a 23 13 0 42 2
a 30 23 0 25 6
a 30 43 0 37 7
a 30 29 0 6 5
a 30 40 0 33 10
a 32 38 0 25 5
a 32 27 0 3 6
a 34 49 0 25 6
a 34 17 0 34 4
a 34 16 0 42 4
a 35 34 0 25 5
a 35 46 0 26 9
a 35 41 0 29 1
a 35 16 0 8 7
a 35 15 0 4 2
a 38 3 0 25 6
a 38 43 0 18 10
a 38 9 0 24 3
a 38 34 0 1 4
a 38 27 0 23 1
a 38 12 0 29 7
a 39 32 0 25 1
a 39 7 0 28 7
a 39 12 0 25 4
a 39 47 0 39 5
a 39 25 0 43 6
a 39 43 0 8 6
a 41 12 0 25 2
a 41 50 0 25 8
a 41 35 0 13 6
a 41 10 0 32 5
a 41 39 0 50 9
a 41 32 0 24 1
a 41 38 0 3 8
a 47 7 0 25 8
a 47 37 0 46 5
a 47 11 0 17 3
a 47 43 0 19 8
a 47 6 0 40 9
a 47 31 0 25 1
a 2 46 0 25 2
a 2 38 0 32 4
a 8 26 0 25 6
a 8 20 0 43 7
a 8 24 0 11 1
a 9 40 0 25 6
a 9 39 0 48 1
a 9 12 0 10 9
a 11 43 0 25 5
a 11 40 0 33 3
a 11 34 0 24 4
a 11 31 0 26 8
a 11 27 0 34 6
a 13 33 0 25 10
a 13 47 0 30 2
a 13 20 0 25 10
a 13 34 0 28 1
a 13 35 0 21 9
a 13 32 0 5 5
a 16 11 0 25 7
a 16 44 0 20 2
a 16 20 0 10 8
a 16 9 0 49 2
a 16 6 0 17 9
a 17 28 0 25 4
a 17 36 0 8 2
a 20 37 0 25 9
a 20 17 0 35 6
a 20 5 0 5 3
a 22 31 0 25 8
a 22 30 0 32 10
a 22 35 0 47 4
a 22 43 0 10 9
a 24 20 0 25 2
a 24 40 0 33 2
a 24 10 0 36 8
a 24 21 0 19 3
a 24 6 0 27 8
a 25 16 0 25 3
a 25 20 0 38 1
a 25 35 0 19 1
a 25 44 0 12 7
a 25 6 0 10 3
a 26 13 0 25 2
a 26 17 0 26 4
a 26 32 0 22 8
a 27 29 0 25 1
a 27 48 0 34 3
a 27 33 0 42 1
a 27 37 0 27 2
a 28 49 0 25 1
a 28 33 0 23 2
a 28 29 0 14 7
a 28 3 0 18 6
a 28 8 0 11 5
a 29 17 0 25 4
a 29 25 0 30 9
a 29 38 0 27 2
a 31 24 0 25 8
a 31 40 0 22 2
a 31 9 0 23 2
a 31 21 0 30 7
a 33 36 0 25 8
a 33 15 0 49 7
a 36 44 0 25 3
a 36 23 0 27 1
a 36 11 0 29 9
a 36 26 0 43 9
a 37 8 0 25 4
a 37 21 0 31 10
a 37 22 0 41 10
a 37 46 0 50 4
a 40 45 0 25 3
a 40 10 0 23 3
a 42 9 0 25 9
a 42 21 0 40 6
a 43 42 0 25 4
a 43 22 0 43 10
a 44 48 0 25 3
a 44 33 0 41 3
a 45 27 0 25 4
a 45 24 0 27 5
a 46 22 0 25 7
a 46 50 0 25 8
a 46 24 0 41 6
a 48 25 0 25 4
a 48 29 0 4 3
a 48 50 0 21 6
a 48 40 0 0 6
a 48 13 0 9 8
a 48 30 0 5 7
a 48 41 0 43 9
