c PyNETGEN v1.0.0
c $ pip install pynetgen
c
c  NETGEN flow network generation algorithm
c  Problem input parameters
c  -------------------------------------
c   Random seed:          17
c   Number of nodes:      50
c   Source nodes:         2
c   Sink nodes:           2
c   Number of arcs:       200
c   Minimum arc cost:     1
c   Maximum arc cost:     10
c   Total supply:         50
c   Transshipment -
c     Sources:            0
c     Sinks:              0
c   Skeleton arcs -
c     With max cost:      0
c     Capacitated:        100
c   Minimum arc capacity: 0
c   Maximum arc capacity: 50
c
c  *** Minimum cost flow ***
c
p min 50 200
n 1 20
n 2 30
n 49 -39
n 50 -11
a 1 32 0 20 8
a 1 14 0 41 6
a 3 46 0 20 6
a 3 43 0 11 9
a 3 33 0 46 2
a 3 35 0 30 1
a 3 28 0 35 4
a 4 3 0 20 6
a 4 14 0 13 1
a 4 10 0 18 3
a 4 35 0 26 2
a 4 38 0 17 3
a 4 17 0 44 10
a 5 35 0 20 1
a 5 21 0 4 1
a 5 45 0 39 6
a 5 24 0 25 9
a 5 42 0 36 7
a 9 37 0 20 2
a 9 35 0 18 4
a 12 36 0 20 4
a 12 50 0 0 4
a 12 46 0 25 7
a 12 37 0 43 3
a 14 18 0 20 3
a 14 49 0 45 1
a 14 38 0 14 5
a 15 4 0 20 4
a 15 12 0 22 5
a 17 49 0 20 3
a 17 40 0 31 9
a 17 44 0 7 8
a 17 15 0 9 1
a 17 12 0 12 7
a 18 47 0 20 6
a 18 33 0 50 1
a 18 9 0 6 8
a 18 17 0 27 3
a 18 7 0 13 5
a 18 25 0 44 7
a 18 35 0 41 7
a 19 44 0 20 10
a 19 32 0 5 8
a 19 6 0 32 6
a 19 25 0 31 1
a 19 27 0 40 8
a 19 16 0 23 2
a 19 29 0 26 4
a 21 25 0 20 9
a 21 14 0 32 8
a 23 21 0 20 2
a 23 48 0 36 7
a 23 15 0 39 3
a 23 10 0 8 4
a 23 25 0 10 5
a 23 42 0 14 5
a 25 31 0 20 1
a 25 6 0 48 10
a 25 42 0 13 10
a 25 33 0 35 4
a 26 19 0 20 3
a 26 14 0 18 9
a 31 12 0 20 2
a 31 50 0 3 10
a 31 14 0 19 4
a 31 39 0 14 4
a 31 6 0 23 5
a 32 38 0 20 1
a 32 16 0 37 1
a 32 14 0 31 1
a 32 45 0 41 5
a 35 23 0 20 1
a 35 10 0 2 4
a 36 15 0 20 6
a 36 43 0 6 2
a 36 46 0 8 5
a 36 38 0 1 8
a 36 25 0 35 6
a 36 18 0 12 3
a 36 12 0 9 1
a 37 42 0 20 2
a 37 21 0 30 6
a 37 46 0 31 7
a 37 22 0 4 6
a 37 17 0 26 4
a 37 28 0 0 1
a 38 5 0 20 10
a 38 36 0 14 9
a 38 46 0 34 9
a 38 11 0 41 2
a 42 50 0 20 2
a 42 26 0 20 7
a 42 35 0 27 5
a 42 29 0 1 8
a 42 28 0 41 9
a 44 14 0 20 6
a 44 18 0 40 7
a 45 9 0 20 3
a 45 3 0 30 7
a 45 25 0 46 9
a 45 21 0 24 10
a 45 50 0 43 6
a 46 45 0 20 5
a 46 40 0 23 4
a 46 13 0 34 4
a 46 30 0 31 8
a 47 17 0 20 7
a 47 23 0 1 1
a 47 6 0 8 4
a 47 21 0 34 9
a 47 35 0 17 7
a 2 6 0 30 5
a 2 43 0 36 4
a 6 41 0 30 8
a 6 23 0 20 7
a 6 24 0 13 8
a 6 26 0 31 1
a 6 50 0 20 7
a 7 39 0 30 10
a 7 29 0 36 10
a 7 24 0 21 3
a 7 50 0 23 8
a 7 37 0 12 8
a 7 44 0 17 3
a 7 28 0 27 5
a 8 28 0 30 3
a 8 31 0 28 8
a 8 23 0 41 7
a 8 3 0 22 10
a 8 22 0 49 7
a 8 33 0 27 5
a 10 8 0 30 8
a 10 46 0 20 2
a 10 15 0 12 5
a 10 4 0 17 4
a 10 32 0 5 5
a 10 29 0 13 5
a 11 29 0 30 8
a 11 48 0 1 6
a 13 24 0 30 3
a 13 46 0 13 5
a 13 50 0 18 8
a 13 25 0 43 2
a 13 23 0 41 6
a 13 21 0 48 9
a 16 11 0 30 6
a 16 6 0 27 2
a 16 42 0 34 8
a 20 34 0 30 10
a 20 45 0 12 7
a 20 23 0 39 2
a 22 16 0 30 2
a 22 44 0 13 8
a 24 33 0 30 4
a 24 44 0 13 4
a 24 45 0 21 2
a 24 12 0 4 8
a 24 43 0 43 10
a 24 14 0 5 3
a 27 22 0 30 7
a 27 9 0 38 7
a 27 49 0 2 7
a 28 50 0 30 9
a 28 35 0 39 7
a 28 43 0 49 5
a 28 16 0 16 1
a 29 40 0 30 5
a 29 34 0 25 2
a 30 7 0 30 8
a 30 15 0 43 1
a 33 20 0 30 7
a 33 36 0 13 7
a 34 27 0 30 3
a 34 41 0 49 3
a 34 12 0 1 2
a 39 13 0 30 9
a 39 45 0 9 9
a 39 46 0 33 1
a 40 10 0 30 3
a 40 6 0 36 3
a 40 3 0 49 6
a 40 49 0 30 2
a 40 30 0 10 8
a 40 12 0 43 9
a 41 49 0 30 4
a 41 48 0 30 1
a 41 50 0 7 8
a 41 5 0 41 10
a 43 30 0 30 2
a 43 50 0 35 3
a 43 33 0 20 9
a 43 14 0 33 3
a 43 36 0 46 9
a 43 7 0 29 4
a 43 20 0 45 8
a 43 47 0 8 9
a 43 32 0 24 1
a 48 43 0 30 1
a 48 17 0 46 5
a 48 49 0 29 2
