c PyNETGEN v1.0.0
c $ pip install pynetgen
c
c  NETGEN flow network generation algorithm
c  Problem input parameters
c  -------------------------------------
c   Random seed:          8
c   Number of nodes:      50
c   Source nodes:         2
c   Sink nodes:           2
c   Number of arcs:       200
c   Minimum arc cost:     1
c   Maximum arc cost:     10
c   Total supply:         50
c   Transshipment -
c     Sources:            0
c     Sinks:              0
c   Skeleton arcs -
c     With max cost:      0
c     Capacitated:        100
c   Minimum arc capacity: 0
c   Maximum arc capacity: 50
c
c  *** Minimum cost flow ***
c
p min 50 200
n 1 7
n 2 43
n 49 -20
n 50 -30
a 1 16 0 7 9
a 1 20 0 4 6
a 1 30 0 26 6
a 4 46 0 7 7
a 4 14 0 2 5
a 4 9 0 47 6
a 4 49 0 33 7
a 4 32 0 35 2
a 4 15 0 48 2
a 5 19 0 7 10
a 5 32 0 9 3
a 5 16 0 8 10
a 6 32 0 7 2
a 6 29 0 37 2
a 6 9 0 33 10
a 6 8 0 30 10
a 6 12 0 25 10
a 6 7 0 35 8
a 7 48 0 7 4
a 7 42 0 7 6
a 7 26 0 41 8
a 7 6 0 36 4
a 7 16 0 40 2
a 7 40 0 29 8
a 7 18 0 2 6
a 8 44 0 7 7
a 8 14 0 47 4
a 8 6 0 33 9
a 8 29 0 40 9
a 8 12 0 4 4
a 8 7 0 46 6
a 8 43 0 36 7
a 9 21 0 7 3
a 9 5 0 25 6
a 12 33 0 7 3
a 12 29 0 7 7
a 12 23 0 43 2
a 12 8 0 26 10
a 12 10 0 30 6
a 14 26 0 7 10
a 14 13 0 33 10
a 14 45 0 46 10
a 14 37 0 28 1
a 14 23 0 18 2
a 16 22 0 7 10
a 16 10 0 5 9
a 16 11 0 23 10
a 16 24 0 42 10
a 16 21 0 28 5
a 17 12 0 7 3
a 17 13 0 16 7
a 19 9 0 7 6
a 19 40 0 3 6
a 19 3 0 17 1
a 19 35 0 0 2
a 19 13 0 23 1
a 19 48 0 39 5
a 21 34 0 7 4
a 21 50 0 7 7
a 21 3 0 16 10
a 21 35 0 33 1
a 21 43 0 41 4
a 21 8 0 15 1
a 22 5 0 7 1
a 22 44 0 33 9
a 25 14 0 7 3
a 25 30 0 1 2
a 26 7 0 7 10
a 26 21 0 8 4
a 29 6 0 7 8
a 29 45 0 22 3
a 29 25 0 39 5
a 32 41 0 7 4
a 32 5 0 36 3
a 32 40 0 12 4
a 32 27 0 12 6
a 32 44 0 23 4
a 32 3 0 8 4
a 32 46 0 20 4
a 33 42 0 7 5
a 33 49 0 19 2
a 33 24 0 35 3
a 33 35 0 48 6
a 33 38 0 47 5
a 33 13 0 19 1
a 34 4 0 7 9
a 34 17 0 5 2
a 34 23 0 48 6
a 34 47 0 4 1
a 36 8 0 7 3
a 36 7 0 16 9
a 39 36 0 7 9
a 39 5 0 17 3
a 39 29 0 2 3
a 39 19 0 4 2
a 41 49 0 7 6
a 41 18 0 25 8
a 41 19 0 10 3
a 41 16 0 47 5
a 41 15 0 17 1
a 41 30 0 50 3
a 42 25 0 7 3
a 42 15 0 50 9
a 42 33 0 30 6
a 42 4 0 34 10
a 42 17 0 49 1
a 44 29 0 7 2
a 44 37 0 29 1
a 44 3 0 5 6
a 44 20 0 10 5
a 44 4 0 14 10
a 44 45 0 4 8
a 46 17 0 7 5
a 46 12 0 44 1
a 48 39 0 7 7
a 48 19 0 17 1
a 2 15 0 43 8
a 2 21 0 24 9
a 2 7 0 32 1
a 2 20 0 20 5
a 3 37 0 43 3
a 3 30 0 12 7
a 3 22 0 40 6
a 10 23 0 43 3
a 10 46 0 23 6
a 11 49 0 43 8
a 11 36 0 46 7
a 11 37 0 37 6
a 11 40 0 30 7
a 11 12 0 26 3
a 11 21 0 32 4
a 11 26 0 20 10
a 13 28 0 43 6
a 13 46 0 34 7
a 13 7 0 32 9
a 15 3 0 43 9
a 15 45 0 15 2
a 18 45 0 43 8
a 18 50 0 43 7
a 18 17 0 43 10
a 18 26 0 28 5
a 18 30 0 19 4
a 18 41 0 28 1
a 18 27 0 44 9
a 18 46 0 16 4
a 20 27 0 43 2
a 20 22 0 1 10
a 20 14 0 32 5
a 23 40 0 43 8
a 23 5 0 8 6
a 23 30 0 37 1
a 23 9 0 24 4
a 23 17 0 27 9
a 23 24 0 35 7
a 24 31 0 43 10
a 24 19 0 19 1
a 24 8 0 30 9
a 27 38 0 43 4
a 27 22 0 1 7
a 28 30 0 43 9
a 28 38 0 1 10
a 28 5 0 6 1
a 30 47 0 43 6
a 30 24 0 15 5
a 31 20 0 43 4
a 31 9 0 19 2
a 31 23 0 42 8
a 31 28 0 20 2
a 35 18 0 43 10
a 35 36 0 4 3
a 35 19 0 5 9
a 35 23 0 6 1
a 35 43 0 13 8
a 35 26 0 33 5
a 35 38 0 47 8
a 37 24 0 43 2
a 37 33 0 7 9
a 37 28 0 29 2
a 37 26 0 15 9
a 37 18 0 37 1
a 38 10 0 43 6
a 38 45 0 39 3
a 40 43 0 43 9
a 40 20 0 33 7
a 40 37 0 47 1
a 40 16 0 39 2
a 40 8 0 44 1
a 43 13 0 43 6
a 43 26 0 2 10
a 43 32 0 30 2
a 45 11 0 43 10
a 45 35 0 14 3
a 45 24 0 35 1
a 45 37 0 42 6
a 45 12 0 30 8
a 47 35 0 43 4
a 47 41 0 47 8
a 47 42 0 21 9
a 47 34 0 5 1
a 47 20 0 48 4
