c PyNETGEN v1.0.0
c $ pip install pynetgen
c
c  NETGEN flow network generation algorithm
c  Problem input parameters
c  -------------------------------------
c   Random seed:          1
c   Number of nodes:      50
c   Source nodes:         2
c   Sink nodes:           2
c   Number of arcs:       200
c   Minimum arc cost:     1
c   Maximum arc cost:     10
c   Total supply:         50
c   Transshipment -
c     Sources:            0
c     Sinks:              0
c   Skeleton arcs -
c     With max cost:      0
c     Capacitated:        100
c   Minimum arc capacity: 0
c   Maximum arc capacity: 50
c
c  *** Minimum cost flow ***
c
p min 50 200
n 1 9
n 2 41
n 49 -25
n 50 -25
a 1 11 0 9 6
a 1 29 0 32 6
a 1 19 0 6 9
a 1 21 0 23 3
a 1 15 0 16 8
a 1 40 0 12 8
a 4 9 0 9 8
a 4 36 0 36 5
a 4 19 0 44 6
a 4 29 0 28 10
a 9 16 0 9 1
a 9 35 0 1 9
a 9 28 0 28 3
a 11 26 0 9 3
a 11 23 0 39 3
a 11 9 0 29 2
a 11 41 0 25 1
a 11 18 0 17 7
a 11 13 0 0 10
a 13 23 0 9 10
a 13 21 0 21 7
a 13 44 0 30 5
a 13 11 0 46 5
a 16 18 0 9 4
a 16 43 0 32 10
a 17 27 0 9 6
a 17 33 0 47 6
a 17 4 0 4 1
a 18 20 0 9 6
a 18 16 0 16 2
a 18 30 0 15 6
a 18 5 0 36 6
a 18 3 0 23 8
a 19 32 0 9 6
a 19 33 0 9 8
a 19 20 0 10 9
a 19 14 0 21 10
a 20 50 0 9 7
a 20 35 0 9 1
a 20 7 0 36 8
a 20 28 0 35 1
a 20 25 0 27 4
a 22 40 0 9 9
a 22 37 0 26 9
a 22 36 0 39 4
a 22 6 0 46 10
a 22 39 0 12 10
a 23 17 0 9 1
a 23 8 0 0 1
a 23 47 0 36 9
a 23 7 0 15 7
a 23 10 0 24 5
a 25 19 0 9 6
a 25 36 0 10 4
a 25 16 0 9 4
a 25 41 0 39 4
a 26 4 0 9 7
a 26 49 0 39 7
a 27 29 0 9 4
a 27 31 0 24 8
a 27 4 0 42 10
a 27 44 0 5 1
a 27 43 0 8 2
a 27 12 0 12 8
a 27 47 0 39 5
a 29 42 0 9 8
a 29 15 0 3 8
a 29 44 0 37 6
a 29 43 0 23 4
a 32 22 0 9 9
a 32 40 0 28 4
a 32 48 0 46 10
a 32 31 0 23 6
a 32 9 0 33 9
a 34 38 0 9 10
a 34 45 0 33 4
a 35 34 0 9 1
a 35 50 0 1 1
a 38 45 0 9 9
a 38 11 0 43 1
a 38 7 0 31 10
a 38 49 0 20 1
a 38 35 0 25 1
a 38 24 0 25 10
a 38 15 0 47 1
a 40 49 0 9 5
a 40 42 0 45 5
a 42 25 0 9 2
a 42 20 0 45 6
a 42 35 0 35 10
a 42 34 0 5 3
a 45 13 0 9 8
a 45 9 0 18 8
a 45 21 0 48 1
a 45 39 0 32 1
a 45 10 0 20 8
a 45 28 0 41 10
a 2 28 0 41 5
a 2 31 0 25 10
a 2 7 0 10 4
a 2 17 0 38 5
a 2 23 0 13 1
a 2 10 0 17 3
a 2 11 0 9 2
a 3 43 0 41 2
a 3 50 0 45 1
a 3 45 0 48 8
a 3 34 0 14 5
a 3 49 0 40 6
a 5 24 0 41 7
a 5 11 0 14 8
a 5 37 0 15 9
a 6 46 0 41 6
a 6 5 0 18 2
a 7 3 0 41 10
a 7 5 0 26 6
a 7 25 0 30 7
a 7 16 0 22 8
a 7 44 0 39 1
a 7 40 0 47 9
a 7 4 0 22 8
a 8 50 0 41 5
a 8 30 0 8 5
a 10 5 0 41 5
a 10 19 0 6 9
a 10 3 0 9 5
a 10 47 0 12 6
a 10 18 0 17 1
a 10 35 0 13 8
a 12 14 0 41 10
a 12 9 0 39 6
a 12 20 0 50 1
a 12 19 0 4 7
a 12 22 0 20 7
a 12 40 0 4 8
a 14 21 0 41 8
a 14 40 0 8 10
a 15 10 0 41 8
a 15 36 0 24 2
a 15 30 0 11 4
a 15 41 0 26 5
a 15 39 0 22 2
a 15 22 0 28 2
a 21 37 0 41 1
a 21 36 0 7 5
a 21 38 0 49 10
a 21 40 0 18 10
a 21 39 0 50 3
a 24 12 0 41 9
a 24 28 0 38 7
a 24 26 0 26 6
a 24 37 0 34 2
a 24 33 0 41 3
a 28 48 0 41 9
a 28 42 0 26 10
a 28 50 0 22 6
a 28 33 0 3 7
a 30 33 0 41 1
a 30 34 0 42 2
a 30 37 0 29 10
a 30 38 0 44 7
a 30 36 0 15 9
a 31 6 0 41 4
a 31 7 0 41 2
a 33 31 0 41 2
a 33 19 0 35 5
a 36 7 0 41 8
a 36 18 0 13 2
a 36 37 0 23 3
a 36 25 0 16 8
a 36 48 0 11 10
a 36 38 0 29 7
a 37 36 0 41 3
a 37 21 0 37 9
a 37 40 0 12 1
a 37 33 0 9 2
a 37 16 0 11 8
a 39 41 0 41 6
a 39 36 0 11 4
a 39 42 0 41 1
a 41 44 0 41 5
a 41 40 0 27 6
a 41 33 0 23 4
a 41 29 0 7 7
a 41 24 0 19 1
a 43 8 0 41 8
a 43 41 0 37 9
a 43 25 0 50 4
a 44 15 0 41 4
a 44 41 0 45 10
a 46 47 0 41 1
a 46 49 0 41 9
a 46 22 0 1 6
a 46 44 0 21 8
a 47 39 0 41 4
a 47 49 0 9 1
a 48 30 0 41 8
a 48 36 0 28 3
a 48 17 0 10 9
a 48 18 0 9 6
