c PyNETGEN v1.0.0
c $ pip install pynetgen
c
c  NETGEN flow network generation algorithm
c  Problem input parameters
c  -------------------------------------
c   Random seed:          4
c   Number of nodes:      50
c   Source nodes:         2
c   Sink nodes:           2
c   Number of arcs:       200
c   Minimum arc cost:     1
c   Maximum arc cost:     10
c   Total supply:         50
c   Transshipment -
c     Sources:            0
c     Sinks:              0
c   Skeleton arcs -
c     With max cost:      0
c     Capacitated:        100
c   Minimum arc capacity: 0
c   Maximum arc capacity: 50
c
c  *** Minimum cost flow ***
c
p min 50 200
n 1 25
n 2 25
n 49 -14
n 50 -36
a 1 35 0 25 10
a 1 11 0 2 7
a 1 36 0 0 2
a 1 24 0 16 5
a 1 37 0 39 8
a 1 4 0 49 2
a 4 11 0 25 9
a 4 22 0 43 10
a 6 13 0 25 7
a 6 31 0 10 7
a 6 7 0 30 2
a 6 26 0 4 9
a 6 3 0 10 2
a 7 23 0 25 9
a 7 30 0 29 9
a 7 46 0 15 4
a 7 5 0 25 4
a 8 25 0 25 4
a 8 26 0 0 7
a 8 35 0 16 7
a 8 18 0 33 8
a 8 21 0 18 6
a 11 6 0 25 4
a 11 39 0 40 3
a 11 36 0 1 7
a 11 24 0 33 2
a 11 37 0 36 1
a 13 20 0 25 6
a 13 12 0 20 10
a 13 45 0 40 1
a 14 31 0 25 3
a 14 12 0 18 4
a 14 41 0 41 2
a 14 19 0 25 7
a 15 14 0 25 2
a 15 43 0 16 9
a 15 33 0 34 10
a 15 19 0 0 4
a 16 32 0 25 3
a 16 10 0 7 4
a 16 36 0 29 4
a 16 4 0 23 9
a 16 40 0 1 1
a 16 24 0 9 5
a 20 27 0 25 9
a 20 9 0 15 10
a 21 49 0 25 6
a 21 30 0 21 4
a 21 32 0 1 8
a 21 5 0 39 6
a 23 8 0 25 5
a 23 43 0 38 4
a 23 11 0 27 7
a 23 16 0 21 6
a 25 45 0 25 3
a 25 47 0 24 6
a 26 21 0 25 1
a 26 39 0 38 3
a 26 45 0 42 1
a 26 16 0 2 5
a 26 19 0 36 5
a 26 37 0 13 5
a 27 7 0 25 1
a 27 17 0 44 10
a 27 41 0 39 1
a 28 26 0 25 7
a 28 13 0 41 2
a 28 29 0 21 2
a 28 9 0 46 7
a 31 16 0 25 5
a 31 20 0 29 9
a 31 42 0 41 8
a 31 35 0 45 2
a 31 13 0 18 1
a 31 19 0 28 4
a 31 33 0 21 9
a 32 28 0 25 1
a 32 29 0 44 10
a 35 47 0 25 6
a 35 27 0 8 3
a 35 36 0 42 5
a 35 21 0 22 10
a 45 15 0 25 7
a 45 40 0 16 2
a 45 44 0 33 5
a 45 13 0 27 6
a 45 47 0 2 1
a 47 4 0 25 7
a 47 50 0 25 8
a 47 13 0 38 6
a 47 33 0 46 5
a 47 12 0 9 3
a 2 9 0 25 10
a 2 31 0 4 8
a 2 22 0 38 3
a 2 4 0 43 7
a 2 49 0 49 3
a 2 33 0 21 1
a 2 45 0 25 7
a 3 33 0 25 7
a 3 34 0 25 10
a 3 18 0 2 7
a 3 41 0 17 9
a 3 38 0 37 1
a 5 34 0 25 5
a 5 47 0 27 1
a 5 46 0 15 2
a 5 35 0 5 3
a 5 29 0 7 4
a 9 29 0 25 5
a 9 17 0 31 2
a 9 8 0 9 6
a 9 50 0 25 1
a 10 5 0 25 3
a 10 35 0 48 4
a 12 43 0 25 9
a 12 29 0 19 8
a 12 17 0 12 5
a 12 48 0 3 1
a 12 7 0 10 3
a 12 35 0 38 5
a 12 20 0 44 4
a 17 48 0 25 10
a 17 39 0 43 4
a 17 34 0 24 2
a 18 36 0 25 8
a 18 20 0 23 4
a 18 21 0 44 7
a 19 10 0 25 3
a 19 43 0 13 7
a 19 22 0 3 1
a 19 34 0 48 4
a 19 38 0 42 5
a 22 19 0 25 6
a 22 50 0 16 5
a 22 42 0 46 10
a 22 30 0 33 10
a 22 11 0 15 6
a 24 22 0 25 5
a 24 3 0 20 9
a 24 5 0 3 7
a 24 50 0 37 5
a 24 20 0 10 1
a 29 18 0 25 10
a 29 31 0 29 7
a 29 44 0 18 7
a 29 3 0 21 10
a 29 35 0 47 5
a 30 12 0 25 3
a 30 36 0 25 1
a 30 22 0 3 7
a 30 37 0 34 4
a 30 7 0 12 5
a 33 37 0 25 9
a 33 7 0 3 3
a 33 8 0 38 7
a 33 34 0 13 8
a 33 42 0 16 6
a 33 3 0 16 4
a 34 44 0 25 8
a 34 29 0 49 8
a 34 35 0 35 9
a 34 8 0 27 4
a 36 17 0 25 3
a 36 23 0 19 7
a 36 49 0 14 10
a 36 27 0 10 10
a 36 25 0 28 1
a 37 40 0 25 5
a 37 23 0 13 2
a 37 30 0 20 10
a 38 42 0 25 1
a 38 9 0 26 6
a 38 26 0 22 3
a 39 24 0 25 3
a 39 37 0 11 8
a 39 3 0 44 8
a 40 46 0 25 10
a 40 44 0 44 2
a 40 28 0 37 10
a 40 43 0 31 9
a 40 45 0 7 7
a 41 39 0 25 7
a 41 5 0 28 1
a 41 14 0 25 1
a 42 30 0 25 5
a 42 46 0 22 9
a 42 21 0 22 3
a 42 4 0 16 7
a 43 3 0 25 10
a 43 14 0 4 9
a 43 24 0 15 6
a 43 16 0 44 4
a 44 49 0 25 2
a 44 50 0 25 6
a 44 21 0 12 4
a 46 41 0 25 8
a 46 39 0 36 5
a 48 38 0 25 10
a 48 32 0 11 1
