c PyNETGEN v1.0.0
c $ pip install pynetgen
c
c  NETGEN flow network generation algorithm
c  Problem input parameters
c  -------------------------------------
c   Random seed:          5
c   Number of nodes:      50
c   Source nodes:         2
c   Sink nodes:           2
c   Number of arcs:       200
c   Minimum arc cost:     1
c   Maximum arc cost:     10
c   Total supply:         50
c   Transshipment -
c     Sources:            0
c     Sinks:              0
c   Skeleton arcs -
c     With max cost:      0
c     Capacitated:        100
c   Minimum arc capacity: 0
c   Maximum arc capacity: 50
c
c  *** Minimum cost flow ***
c
p min 50 200
n 1 11
n 2 39
n 49 -11
n 50 -39
a 1 38 0 11 8
a 1 36 0 9 5
a 1 12 0 32 3
a 1 17 0 39 7
a 4 15 0 11 7
a 4 38 0 10 2
a 4 23 0 49 7
a 4 48 0 28 7
a 4 30 0 17 8
a 4 17 0 38 9
a 4 35 0 12 9
a 5 19 0 11 6
a 5 9 0 38 4
a 5 28 0 26 10
a 5 3 0 43 1
a 5 12 0 44 8
a 7 50 0 11 3
a 7 28 0 11 2
a 7 10 0 16 6
a 9 24 0 11 5
a 9 42 0 11 9
a 9 31 0 36 1
a 9 49 0 1 3
a 9 17 0 29 6
a 9 23 0 19 4
a 9 50 0 28 9
a 12 35 0 11 8
a 12 22 0 34 9
a 12 27 0 50 5
a 12 46 0 17 3
a 12 36 0 44 10
a 12 25 0 48 3
a 13 47 0 11 2
a 13 27 0 34 2
a 15 18 0 11 5
a 15 47 0 6 8
a 15 31 0 18 5
a 15 39 0 39 1
a 18 25 0 11 3
a 18 47 0 29 9
a 18 20 0 23 3
a 18 39 0 35 9
a 19 21 0 11 1
a 19 15 0 28 10
a 21 26 0 11 2
a 21 17 0 28 5
a 23 49 0 11 1
a 23 11 0 43 6
a 23 28 0 2 4
a 23 4 0 2 10
a 24 30 0 11 4
a 24 43 0 20 4
a 24 15 0 29 10
a 24 14 0 50 8
a 25 31 0 11 6
a 25 46 0 18 5
a 26 7 0 11 10
a 26 31 0 17 10
a 28 13 0 11 2
a 28 33 0 45 6
a 28 8 0 8 8
a 28 11 0 0 1
a 28 45 0 41 2
a 28 47 0 35 9
a 28 35 0 17 4
a 30 5 0 11 9
a 30 50 0 42 5
a 30 47 0 34 9
a 31 9 0 11 10
a 31 38 0 20 5
a 31 12 0 39 8
a 31 36 0 2 2
a 31 32 0 15 9
a 31 44 0 13 3
a 31 29 0 17 10
a 35 23 0 11 10
a 35 5 0 14 1
a 35 36 0 5 1
a 35 25 0 22 2
a 35 50 0 12 1
a 35 47 0 28 9
a 35 16 0 25 7
a 37 12 0 11 4
a 37 45 0 23 2
a 37 7 0 31 1
a 37 22 0 20 1
a 37 44 0 22 7
a 38 46 0 11 8
a 38 32 0 47 6
a 38 5 0 22 8
a 46 4 0 11 2
a 46 47 0 11 1
a 46 19 0 39 9
a 46 10 0 36 7
a 47 37 0 11 8
a 47 39 0 50 8
a 2 33 0 39 2
a 2 11 0 33 6
a 2 23 0 25 6
a 2 48 0 50 2
a 2 28 0 12 4
a 2 38 0 41 10
a 3 44 0 39 6
a 3 26 0 21 5
a 3 38 0 31 10
a 3 11 0 21 1
a 3 31 0 38 2
a 3 22 0 19 7
a 3 20 0 47 2
a 6 41 0 39 1
a 6 19 0 45 2
a 6 50 0 24 4
a 8 40 0 39 9
a 8 14 0 39 2
a 10 32 0 39 9
a 10 3 0 29 8
a 10 35 0 24 4
a 10 6 0 34 2
a 10 45 0 17 1
a 10 40 0 6 1
a 10 8 0 9 5
a 11 17 0 39 10
a 11 38 0 41 4
a 11 40 0 41 4
a 11 50 0 30 3
a 11 35 0 47 1
a 14 36 0 39 9
a 14 39 0 36 10
a 14 11 0 41 6
a 14 10 0 35 6
a 14 49 0 17 9
a 16 29 0 39 5
a 16 45 0 46 4
a 16 38 0 50 3
a 17 14 0 39 1
a 17 21 0 19 8
a 17 44 0 41 2
a 20 43 0 39 8
a 20 48 0 18 8
a 20 17 0 6 5
a 20 39 0 29 1
a 22 34 0 39 6
a 22 5 0 38 2
a 27 48 0 39 3
a 27 10 0 11 1
a 27 30 0 16 6
a 27 39 0 14 9
a 27 21 0 46 10
a 29 42 0 39 1
a 29 6 0 38 7
a 29 5 0 4 5
a 32 45 0 39 6
a 32 15 0 2 10
a 32 50 0 14 10
a 33 20 0 39 2
a 33 5 0 9 5
a 33 41 0 16 4
a 33 46 0 20 9
a 33 23 0 33 8
a 33 47 0 44 5
a 33 35 0 17 7
a 34 39 0 39 9
a 34 23 0 8 3
a 34 38 0 2 5
a 34 3 0 43 7
a 34 28 0 24 4
a 34 16 0 19 9
a 36 10 0 39 3
a 36 31 0 40 7
a 36 19 0 29 2
a 39 16 0 39 10
a 39 29 0 44 7
a 39 11 0 39 8
a 39 49 0 34 1
a 39 24 0 9 7
a 40 11 0 39 2
a 40 45 0 4 8
a 40 31 0 2 5
a 41 22 0 39 1
a 41 31 0 27 3
a 41 19 0 7 2
a 41 33 0 34 5
a 42 8 0 39 1
a 42 49 0 39 3
a 42 18 0 42 1
a 43 6 0 39 6
a 43 20 0 5 10
a 43 34 0 27 2
a 43 35 0 4 5
a 43 33 0 28 7
a 43 18 0 49 3
a 44 50 0 39 3
a 44 11 0 6 6
a 44 4 0 4 2
a 45 27 0 39 9
a 45 40 0 47 7
a 48 3 0 39 8
a 48 26 0 13 7
a 48 46 0 0 4
a 48 7 0 46 6
