c PyNETGEN v1.0.0
c $ pip install pynetgen
c
c  NETGEN flow network generation algorithm
c  Problem input parameters
c  -------------------------------------
c   Random seed:          2
c   Number of nodes:      50
c   Source nodes:         2
c   Sink nodes:           2
c   Number of arcs:       200
c   Minimum arc cost:     1
c   Maximum arc cost:     10
c   Total supply:         50
c   Transshipment -
c     Sources:            0
c     Sinks:              0
c   Skeleton arcs -
c     With max cost:      0
c     Capacitated:        100
c   Minimum arc capacity: 0
c   Maximum arc capacity: 50
c
c  *** Minimum cost flow ***
c
p min 50 200
n 1 25
n 2 25
n 49 -38
n 50 -12
a 1 19 0 25 4
a 1 7 0 39 4
a 1 43 0 38 10
a 1 37 0 46 8
a 3 37 0 25 3
a 3 10 0 50 5
a 3 27 0 40 10
a 3 46 0 47 9
a 3 38 0 12 4
a 3 9 0 5 9
a 3 6 0 15 5
a 4 8 0 25 1
a 4 10 0 5 5
a 4 28 0 41 8
a 4 24 0 27 5
a 4 5 0 33 6
a 4 22 0 25 1
a 4 38 0 34 3
a 5 47 0 25 1
a 5 16 0 8 4
a 7 16 0 25 7
a 7 49 0 9 2
a 7 35 0 16 9
a 7 8 0 20 7
a 7 17 0 13 9
a 7 45 0 29 5
a 8 29 0 25 8
a 8 32 0 8 4
a 9 35 0 25 4
a 9 25 0 7 6
a 9 6 0 5 4
a 9 31 0 47 1
a 9 44 0 46 5
a 9 50 0 25 4
a 9 30 0 44 8
a 11 49 0 25 4
a 11 14 0 25 3
a 11 43 0 41 3
a 11 45 0 33 2
a 11 29 0 47 5
a 13 39 0 25 2
a 13 49 0 29 7
a 13 33 0 8 2
a 13 41 0 1 10
a 13 40 0 27 10
a 14 24 0 25 2
a 14 44 0 24 2
a 14 39 0 17 5
a 15 25 0 25 4
a 15 3 0 21 10
a 16 45 0 25 1
a 16 9 0 23 9
a 16 3 0 42 10
a 16 28 0 20 10
a 17 5 0 25 5
a 17 50 0 2 10
a 17 21 0 30 1
a 17 4 0 27 6
a 17 39 0 47 8
a 17 22 0 23 5
a 19 26 0 25 2
a 19 46 0 10 1
a 19 42 0 42 6
a 21 13 0 25 7
a 21 5 0 27 9
a 24 50 0 25 5
a 24 22 0 32 8
a 24 44 0 49 1
a 24 35 0 21 7
a 24 18 0 8 8
a 25 30 0 25 4
a 25 26 0 16 2
a 25 38 0 21 1
a 25 46 0 15 10
a 25 18 0 22 6
a 26 4 0 25 8
a 26 15 0 31 1
a 26 17 0 2 1
a 26 19 0 24 7
a 26 42 0 10 1
a 26 11 0 11 9
a 26 47 0 15 4
a 27 36 0 25 1
a 27 21 0 50 2
a 27 12 0 43 1
a 27 49 0 18 9
a 27 35 0 14 9
a 29 9 0 25 6
a 29 34 0 39 1
a 29 27 0 19 2
a 29 18 0 10 8
a 29 7 0 30 7
a 30 3 0 25 1
a 30 5 0 45 4
a 30 29 0 39 4
a 30 35 0 40 8
a 30 50 0 6 2
a 30 31 0 47 9
a 34 11 0 25 8
a 34 45 0 23 1
a 34 28 0 25 9
a 35 17 0 25 9
a 35 21 0 25 9
a 35 6 0 1 4
a 36 15 0 25 5
a 36 24 0 44 6
a 36 43 0 2 10
a 36 45 0 39 1
a 36 25 0 20 5
a 36 10 0 28 2
a 37 34 0 25 5
a 37 8 0 1 3
a 39 27 0 25 3
a 39 18 0 30 7
a 39 13 0 25 1
a 39 7 0 36 6
a 39 4 0 11 1
a 39 25 0 27 4
a 45 21 0 25 2
a 45 35 0 44 8
a 45 46 0 27 1
a 45 37 0 43 7
a 47 7 0 25 4
a 47 13 0 22 1
a 47 26 0 16 9
a 47 45 0 47 1
a 2 6 0 25 1
a 2 35 0 9 4
a 6 40 0 25 2
a 6 47 0 19 9
a 6 35 0 27 1
a 6 18 0 24 1
a 6 24 0 8 3
a 6 8 0 40 6
a 10 48 0 25 3
a 10 38 0 23 4
a 10 34 0 42 9
a 10 24 0 20 2
a 12 28 0 25 3
a 12 27 0 48 10
a 18 43 0 25 2
a 18 41 0 44 3
a 18 7 0 5 6
a 18 33 0 15 10
a 18 47 0 40 9
a 20 18 0 25 1
a 20 39 0 36 9
a 20 22 0 49 8
a 20 37 0 46 10
a 20 46 0 25 6
a 22 49 0 25 6
a 22 50 0 25 9
a 22 44 0 32 8
a 22 37 0 47 10
a 22 48 0 38 10
a 23 41 0 25 9
a 23 22 0 33 8
a 23 37 0 28 1
a 28 44 0 25 4
a 28 14 0 37 3
a 28 4 0 19 1
a 28 30 0 27 7
a 28 19 0 5 10
a 31 22 0 25 3
a 31 42 0 23 6
a 31 27 0 11 4
a 32 31 0 25 3
a 32 7 0 43 4
a 32 36 0 34 8
a 32 34 0 39 9
a 32 30 0 1 4
a 33 23 0 25 5
a 33 30 0 16 8
a 33 4 0 8 8
a 33 3 0 50 7
a 33 43 0 39 3
a 38 32 0 25 1
a 38 42 0 26 4
a 38 39 0 42 3
a 40 10 0 25 4
a 40 8 0 47 2
a 40 50 0 3 4
a 41 42 0 25 9
a 41 20 0 27 5
a 41 46 0 37 1
a 42 38 0 25 3
a 42 36 0 17 2
a 42 22 0 36 1
a 42 45 0 32 10
a 43 33 0 25 1
a 43 41 0 50 4
a 44 46 0 25 10
a 44 48 0 2 1
a 44 33 0 42 5
a 44 12 0 20 7
a 46 20 0 25 2
a 46 26 0 37 7
a 48 12 0 25 1
a 48 26 0 20 7
a 48 14 0 18 1
