c PyNETGEN v1.0.0
c $ pip install pynetgen
c
c  NETGEN flow network generation algorithm
c  Problem input parameters
c  -------------------------------------
c   Random seed:          3
c   Number of nodes:      50
c   Source nodes:         2
c   Sink nodes:           2
c   Number of arcs:       200
c   Minimum arc cost:     1
c   Maximum arc cost:     10
c   Total supply:         50
c   Transshipment -
c     Sources:            0
c     Sinks:              0
c   Skeleton arcs -
c     With max cost:      0
c     Capacitated:        100
c   Minimum arc capacity: 0
c   Maximum arc capacity: 50
c
c  *** Minimum cost flow ***
c
p min 50 200
n 1 22
n 2 28
n 49 -30
n 50 -20
a 1 27 0 22 2
a 1 33 0 46 9
a 3 22 0 22 10
a 3 47 0 44 10
a 3 50 0 23 8
a 3 10 0 11 5
a 3 43 0 9 8
a 3 37 0 32 6
a 4 12 0 22 9
a 4 27 0 33 8
a 4 46 0 48 2
a 6 26 0 22 6
a 6 9 0 33 7
a 6 43 0 36 3
a 6 32 0 41 7
a 6 10 0 11 10
a 6 30 0 25 4
a 10 3 0 22 6
a 10 7 0 0 8
a 10 33 0 12 4
a 10 4 0 12 2
a 10 28 0 39 9
a 10 31 0 37 6
a 10 48 0 30 5
a 11 35 0 22 1
a 11 44 0 44 5
a 11 26 0 14 6
a 11 31 0 12 7
a 11 28 0 2 2
a 12 41 0 22 3
a 12 45 0 46 2
a 12 46 0 7 6
a 12 30 0 18 5
a 16 34 0 22 9
a 16 32 0 28 8
a 16 23 0 31 8
a 16 13 0 13 1
a 16 5 0 0 10
a 16 8 0 11 3
a 17 11 0 22 2
a 17 24 0 28 9
a 17 12 0 11 7
a 17 33 0 26 7
a 19 10 0 22 1
a 19 30 0 37 10
a 19 23 0 37 2
a 20 48 0 22 4
a 20 11 0 3 9
a 20 10 0 20 9
a 20 40 0 10 9
a 21 47 0 22 9
a 21 44 0 3 10
a 22 17 0 22 8
a 22 4 0 22 10
a 22 10 0 3 10
a 22 44 0 31 9
a 22 16 0 21 6
a 23 4 0 22 5
a 23 49 0 22 3
a 23 46 0 22 2
a 23 30 0 25 4
a 23 21 0 15 1
a 25 21 0 22 5
a 25 48 0 11 5
a 25 24 0 41 3
a 25 15 0 27 7
a 26 40 0 22 5
a 26 36 0 10 6
a 26 50 0 44 3
a 27 23 0 22 5
a 27 11 0 8 6
a 27 42 0 11 1
a 34 37 0 22 4
a 34 28 0 23 1
a 34 35 0 46 5
a 34 46 0 49 6
a 34 21 0 34 1
a 35 25 0 22 10
a 35 30 0 49 3
a 37 6 0 22 6
a 37 47 0 42 1
a 40 50 0 22 10
a 40 22 0 50 7
a 40 44 0 24 1
a 40 15 0 39 1
a 40 17 0 27 3
a 40 14 0 8 6
a 40 33 0 37 7
a 41 20 0 22 4
a 41 34 0 3 4
a 41 12 0 41 10
a 41 42 0 32 5
a 41 38 0 3 5
a 43 19 0 22 9
a 43 6 0 46 7
a 43 10 0 35 8
a 43 31 0 22 4
a 43 29 0 32 3
a 43 7 0 11 5
a 43 18 0 35 6
a 45 16 0 22 10
a 45 22 0 30 3
a 45 17 0 12 6
a 45 13 0 40 7
a 47 45 0 22 2
a 47 10 0 2 7
a 47 46 0 3 8
a 48 43 0 22 6
a 48 20 0 43 5
a 2 31 0 28 9
a 2 14 0 42 5
a 2 23 0 45 8
a 2 44 0 12 1
a 2 12 0 3 7
a 2 3 0 17 9
a 2 16 0 2 2
a 5 33 0 28 4
a 5 49 0 41 5
a 5 27 0 15 1
a 7 13 0 28 3
a 7 19 0 41 8
a 8 50 0 28 9
a 8 31 0 50 3
a 8 26 0 45 1
a 8 13 0 18 1
a 8 23 0 28 3
a 9 14 0 28 9
a 9 6 0 1 7
a 9 42 0 14 2
a 9 19 0 16 8
a 9 33 0 15 6
a 13 28 0 28 6
a 13 32 0 38 9
a 13 29 0 35 5
a 13 4 0 12 5
a 13 17 0 47 2
a 13 36 0 50 1
a 13 39 0 43 4
a 14 7 0 28 9
a 14 19 0 34 6
a 14 15 0 2 3
a 14 34 0 15 4
a 14 39 0 33 7
a 14 38 0 10 3
a 15 8 0 28 10
a 15 4 0 20 8
a 15 36 0 3 1
a 15 43 0 48 3
a 18 36 0 28 5
a 18 16 0 38 2
a 18 40 0 2 2
a 18 28 0 0 10
a 24 9 0 28 5
a 24 41 0 44 10
a 24 23 0 2 1
a 24 6 0 41 2
a 28 29 0 28 10
a 28 6 0 12 3
a 28 9 0 50 10
a 28 38 0 11 1
a 28 35 0 5 2
a 29 15 0 28 10
a 29 19 0 20 5
a 29 48 0 47 10
a 30 24 0 28 10
a 30 5 0 4 3
a 30 21 0 1 8
a 30 41 0 40 7
a 30 39 0 19 10
a 31 32 0 28 8
a 31 49 0 34 1
a 31 3 0 11 2
a 31 20 0 13 4
a 32 39 0 28 3
a 32 49 0 28 3
a 32 11 0 46 7
a 32 5 0 15 4
a 32 4 0 1 2
a 33 44 0 28 1
a 33 24 0 1 5
a 36 46 0 28 10
a 36 9 0 5 4
a 38 42 0 28 6
a 38 26 0 28 7
a 38 22 0 5 1
a 38 35 0 21 8
a 39 18 0 28 10
a 39 12 0 16 9
a 42 5 0 28 1
a 42 11 0 27 6
a 44 30 0 28 4
a 44 19 0 40 10
a 46 38 0 28 3
a 46 22 0 38 5
a 46 19 0 30 10
a 46 42 0 28 4
a 46 48 0 43 10
a 46 35 0 8 10
a 46 33 0 5 8
a 46 28 0 2 6
