c PyNETGEN v1.0.0
c $ pip install pynetgen
c
c  NETGEN flow network generation algorithm
c  Problem input parameters
c  -------------------------------------
c   Random seed:          6
c   Number of nodes:      200
c   Source nodes:         2
c   Sink nodes:           2
c   Number of arcs:       800
c   Minimum arc cost:     1
c   Maximum arc cost:     10
c   Total supply:         50
c   Transshipment -
c     Sources:            0
c     Sinks:              0
c   Skeleton arcs -
c     With max cost:      0
c     Capacitated:        100
c   Minimum arc capacity: 0
c   Maximum arc capacity: 50
c
c  *** Minimum cost flow ***
c
p min 200 800
n 1 49
n 2 1
n 199 -22
n 200 -28
a 1 80 0 49 7
a 1 30 0 8 3
a 3 86 0 49 3
a 3 191 0 50 6
a 3 185 0 50 4
a 3 137 0 50 8
a 4 6 0 49 2
a 4 123 0 25 10
a 4 31 0 2 10
a 4 98 0 11 2
a 5 148 0 49 8
a 5 177 0 34 7
a 5 21 0 22 6
a 5 25 0 33 9
a 5 45 0 10 2
a 5 138 0 6 4
a 6 149 0 49 10
a 6 155 0 12 10
a 7 160 0 49 6
a 7 125 0 50 10
a 7 57 0 38 5
a 7 36 0 18 7
a 7 102 0 9 5
a 8 147 0 49 6
a 8 186 0 43 9
a 8 64 0 29 1
a 8 44 0 36 4
a 10 14 0 49 9
a 10 53 0 3 9
a 10 120 0 8 7
a 10 131 0 45 7
a 10 65 0 23 5
a 10 189 0 23 8
a 10 27 0 49 6
a 11 65 0 49 2
a 11 117 0 20 10
a 11 34 0 45 5
a 14 200 0 49 7
a 14 159 0 5 2
a 14 188 0 4 4
a 14 74 0 36 7
a 14 83 0 10 6
a 14 41 0 20 9
a 15 76 0 49 4
a 15 107 0 29 2
a 15 73 0 42 2
a 15 133 0 3 1
a 16 113 0 49 7
a 16 171 0 18 5
a 16 38 0 19 10
a 17 30 0 49 5
a 17 189 0 29 3
a 17 8 0 45 6
a 17 33 0 44 10
a 18 197 0 49 9
a 18 36 0 24 4
a 21 132 0 49 2
a 21 127 0 37 3
a 22 116 0 49 5
a 22 50 0 16 10
a 23 4 0 49 2
a 23 111 0 40 4
a 23 156 0 12 9
a 23 110 0 31 1
a 23 190 0 5 8
a 23 171 0 7 7
a 23 99 0 45 3
a 26 7 0 49 1
a 26 49 0 22 8
a 26 38 0 47 10
a 26 67 0 2 7
a 26 178 0 18 1
a 26 182 0 1 5
a 26 175 0 49 2
a 29 193 0 49 9
a 29 41 0 48 7
a 29 133 0 14 8
a 30 120 0 49 5
a 30 151 0 42 7
a 30 118 0 28 10
a 30 43 0 26 1
a 30 191 0 2 9
a 31 22 0 49 5
a 31 20 0 1 7
a 31 102 0 17 2
a 31 165 0 47 4
a 31 87 0 40 8
a 31 184 0 11 7
a 32 186 0 49 1
a 32 66 0 21 4
a 32 179 0 14 1
a 37 52 0 49 5
a 37 154 0 33 6
a 38 15 0 49 5
a 38 32 0 41 7
a 38 60 0 7 6
a 38 16 0 5 9
a 42 90 0 49 7
a 42 89 0 25 9
a 43 3 0 49 8
a 43 151 0 37 1
a 43 187 0 20 2
a 43 36 0 39 8
a 43 190 0 13 8
a 44 183 0 49 5
a 44 5 0 48 2
a 44 64 0 8 1
a 44 170 0 39 8
a 44 54 0 9 3
a 45 38 0 49 1
a 45 79 0 30 2
a 45 153 0 41 8
a 45 141 0 43 4
a 45 200 0 44 9
a 45 43 0 33 6
a 47 139 0 49 7
a 47 95 0 2 6
a 47 18 0 1 5
a 52 176 0 49 7
a 52 56 0 29 3
a 56 26 0 49 3
a 56 179 0 48 8
a 56 7 0 25 5
a 56 58 0 48 9
a 56 117 0 16 3
a 60 161 0 49 4
a 60 29 0 28 6
a 63 29 0 49 4
a 63 87 0 28 2
a 64 150 0 49 9
a 64 16 0 10 10
a 64 5 0 31 8
a 64 6 0 31 3
a 65 134 0 49 7
a 65 72 0 42 5
a 66 47 0 49 2
a 66 51 0 7 7
a 66 21 0 46 1
a 66 189 0 3 1
a 67 125 0 49 7
a 67 56 0 4 9
a 67 37 0 7 1
a 68 106 0 49 3
a 68 88 0 35 9
a 68 45 0 31 7
a 68 55 0 10 2
a 68 148 0 16 2
a 68 120 0 10 5
a 76 67 0 49 5
a 76 163 0 11 3
a 79 16 0 49 9
a 79 163 0 24 4
a 79 122 0 31 7
a 79 97 0 50 1
a 79 88 0 25 6
a 79 90 0 42 4
a 80 31 0 49 5
a 80 124 0 3 10
a 80 37 0 46 3
a 80 151 0 15 9
a 80 142 0 40 8
a 80 81 0 16 8
a 80 58 0 39 1
a 85 21 0 49 7
a 85 37 0 29 9
a 85 154 0 28 1
a 85 194 0 31 3
a 85 146 0 29 10
a 85 151 0 18 10
a 86 111 0 49 8
a 86 128 0 37 4
a 88 10 0 49 10
a 88 67 0 2 10
a 88 103 0 6 10
a 90 110 0 49 4
a 90 62 0 40 2
a 90 166 0 0 8
a 90 112 0 33 4
a 90 17 0 39 4
a 90 91 0 15 8
a 90 85 0 46 7
a 93 157 0 49 5
a 93 77 0 15 9
a 94 93 0 49 5
a 94 29 0 48 5
a 94 90 0 43 4
a 97 138 0 49 10
a 97 35 0 13 8
a 97 151 0 11 8
a 97 123 0 31 8
a 97 134 0 0 8
a 100 159 0 49 1
a 100 99 0 3 4
a 100 27 0 29 10
a 100 83 0 45 5
a 104 151 0 49 2
a 104 153 0 35 1
a 104 77 0 5 2
a 104 92 0 50 3
a 104 183 0 30 10
a 104 199 0 29 2
a 105 64 0 49 3
a 105 81 0 22 5
a 105 31 0 1 10
a 106 66 0 49 10
a 106 30 0 36 3
a 107 164 0 49 6
a 107 9 0 45 2
a 107 26 0 11 2
a 107 30 0 5 6
a 107 162 0 36 5
a 107 184 0 6 1
a 110 143 0 49 1
a 110 160 0 40 5
a 111 122 0 49 7
a 111 29 0 44 5
a 111 190 0 43 10
a 113 88 0 49 7
a 113 83 0 46 3
a 113 107 0 37 5
a 113 32 0 3 1
a 113 7 0 11 4
a 116 156 0 49 8
a 116 144 0 8 7
a 117 169 0 49 5
a 117 80 0 2 9
a 117 198 0 3 3
a 117 41 0 3 9
a 117 104 0 5 2
a 117 125 0 15 5
a 118 170 0 49 1
a 118 55 0 4 5
a 120 42 0 49 7
a 120 136 0 9 7
a 120 129 0 42 8
a 120 52 0 8 8
a 120 21 0 3 6
a 122 79 0 49 2
a 122 12 0 16 1
a 122 29 0 33 2
a 122 157 0 3 3
a 122 16 0 43 4
a 122 124 0 5 1
a 122 57 0 24 9
a 124 5 0 49 8
a 124 168 0 4 6
a 124 173 0 4 7
a 124 3 0 29 5
a 124 115 0 38 10
a 124 135 0 11 3
a 125 63 0 49 8
a 125 173 0 45 1
a 125 196 0 45 6
a 125 138 0 25 7
a 125 12 0 16 5
a 126 8 0 49 2
a 126 40 0 14 8
a 126 119 0 44 4
a 127 37 0 49 5
a 127 39 0 18 5
a 127 21 0 20 10
a 127 112 0 48 4
a 127 160 0 48 5
a 128 172 0 49 2
a 128 33 0 16 4
a 128 145 0 15 3
a 128 158 0 6 9
a 128 78 0 31 7
a 130 133 0 49 4
a 130 173 0 11 10
a 130 37 0 10 9
a 130 46 0 37 4
a 130 80 0 40 3
a 130 57 0 43 2
a 132 94 0 49 5
a 132 72 0 9 10
a 132 25 0 36 4
a 133 107 0 49 2
a 133 174 0 49 6
a 134 189 0 49 8
a 134 133 0 14 3
a 134 128 0 38 8
a 134 33 0 24 1
a 134 147 0 35 3
a 134 148 0 17 3
a 134 57 0 7 9
a 135 175 0 49 6
a 135 108 0 41 7
a 135 30 0 34 4
a 138 196 0 49 5
a 138 96 0 25 8
a 139 130 0 49 7
a 139 110 0 19 3
a 139 197 0 27 7
a 143 43 0 49 9
a 143 175 0 13 4
a 143 102 0 16 3
a 143 150 0 0 5
a 143 31 0 8 8
a 143 100 0 36 10
a 143 103 0 5 9
a 145 18 0 49 10
a 145 54 0 18 8
a 145 156 0 5 7
a 145 187 0 19 10
a 145 180 0 7 7
a 145 19 0 32 10
a 147 97 0 49 6
a 147 74 0 29 10
a 148 127 0 49 8
a 148 91 0 35 10
a 149 128 0 49 7
a 149 82 0 25 8
a 149 23 0 8 10
a 149 184 0 23 6
a 149 14 0 17 9
a 149 140 0 1 8
a 149 127 0 44 10
a 150 60 0 49 10
a 150 113 0 21 5
a 150 106 0 1 5
a 150 77 0 9 1
a 150 170 0 2 8
a 150 128 0 27 5
a 150 7 0 39 10
a 151 85 0 49 10
a 151 161 0 13 7
a 151 172 0 35 6
a 152 32 0 49 7
a 152 85 0 50 4
a 152 147 0 17 8
a 152 180 0 45 1
a 152 10 0 30 1
a 153 23 0 49 2
a 153 54 0 34 9
a 156 56 0 49 10
a 156 11 0 31 6
a 156 154 0 41 2
a 156 61 0 36 7
a 156 96 0 6 2
a 157 118 0 49 8
a 157 44 0 4 3
a 157 199 0 7 9
a 159 152 0 49 4
a 159 69 0 45 8
a 159 139 0 16 9
a 159 77 0 43 4
a 159 100 0 25 5
a 159 114 0 27 6
a 160 44 0 49 8
a 160 15 0 26 10
a 161 167 0 49 6
a 161 190 0 41 9
a 164 104 0 49 3
a 164 139 0 7 10
a 164 128 0 49 10
a 164 180 0 11 6
a 164 56 0 40 7
a 164 3 0 31 8
a 167 135 0 49 10
a 167 43 0 33 9
a 167 158 0 17 4
a 167 168 0 2 6
a 169 171 0 49 2
a 169 64 0 17 9
a 169 180 0 47 3
a 169 79 0 2 8
a 169 84 0 3 4
a 169 146 0 4 6
a 169 5 0 29 4
a 170 126 0 49 1
a 170 54 0 14 5
a 171 105 0 49 7
a 171 69 0 0 8
a 172 11 0 49 4
a 172 161 0 6 6
a 172 121 0 50 1
a 172 64 0 10 4
a 172 94 0 24 7
a 172 140 0 38 6
a 175 45 0 49 10
a 175 97 0 13 8
a 175 106 0 40 9
a 175 196 0 49 8
a 175 153 0 16 5
a 175 119 0 38 7
a 176 153 0 49 7
a 176 110 0 35 6
a 176 129 0 6 3
a 176 46 0 34 4
a 183 145 0 49 7
a 183 199 0 49 7
a 183 171 0 41 7
a 186 17 0 49 10
a 186 33 0 47 6
a 186 29 0 1 1
a 186 126 0 26 1
a 189 100 0 49 10
a 189 154 0 47 9
a 189 31 0 0 7
a 190 68 0 49 5
a 190 57 0 47 10
a 190 17 0 47 2
a 190 7 0 45 5
a 193 124 0 49 6
a 193 113 0 37 7
a 196 117 0 49 2
a 196 181 0 8 3
a 197 190 0 49 2
a 197 22 0 7 7
a 2 163 0 1 2
a 2 50 0 33 5
a 2 145 0 49 10
a 2 132 0 25 3
a 2 98 0 26 8
a 2 158 0 23 10
a 9 179 0 1 1
a 9 155 0 50 7
a 9 163 0 1 10
a 12 28 0 1 7
a 12 189 0 36 8
a 12 100 0 24 4
a 13 187 0 1 4
a 13 90 0 29 1
a 13 43 0 24 9
a 19 99 0 1 9
a 19 76 0 39 2
a 19 94 0 14 9
a 19 118 0 32 7
a 19 9 0 42 9
a 19 167 0 46 5
a 19 166 0 24 7
a 20 155 0 1 8
a 20 53 0 32 5
a 20 101 0 22 8
a 20 70 0 29 4
a 20 27 0 27 4
a 24 92 0 1 1
a 24 82 0 33 9
a 24 95 0 16 9
a 24 38 0 23 10
a 24 152 0 16 3
a 24 28 0 9 2
a 25 51 0 1 1
a 25 125 0 3 7
a 25 94 0 33 7
a 25 19 0 45 8
a 25 88 0 2 2
a 27 57 0 1 3
a 27 116 0 47 1
a 28 178 0 1 3
a 28 186 0 8 9
a 28 182 0 37 7
a 28 34 0 21 9
a 33 24 0 1 1
a 33 9 0 7 9
a 33 135 0 8 9
a 34 96 0 1 9
a 34 131 0 9 6
a 35 46 0 1 8
a 35 112 0 41 9
a 35 119 0 21 9
a 35 108 0 39 4
a 35 66 0 27 6
a 36 27 0 1 1
a 36 30 0 33 1
a 36 21 0 45 10
a 36 64 0 47 5
a 36 131 0 17 5
a 39 74 0 1 6
a 39 152 0 2 6
a 40 119 0 1 6
a 40 178 0 3 6
a 41 50 0 1 1
a 41 62 0 38 9
a 41 125 0 39 2
a 41 187 0 31 4
a 41 81 0 49 7
a 41 151 0 35 4
a 41 4 0 30 8
a 46 41 0 1 6
a 46 18 0 22 10
a 46 59 0 3 1
a 46 12 0 42 5
a 46 198 0 29 2
a 46 121 0 15 3
a 48 72 0 1 5
a 48 78 0 2 1
a 48 42 0 23 5
a 48 82 0 3 8
a 49 140 0 1 4
a 49 129 0 29 8
a 49 23 0 25 1
a 49 149 0 50 1
a 49 50 0 47 4
a 50 9 0 1 7
a 50 163 0 47 2
a 50 195 0 3 8
a 50 13 0 26 7
a 51 33 0 1 2
a 51 192 0 48 2
a 51 89 0 23 6
a 51 79 0 16 1
a 51 34 0 42 1
a 51 62 0 22 5
a 53 75 0 1 5
a 53 27 0 17 3
a 53 74 0 48 6
a 53 41 0 0 8
a 54 114 0 1 8
a 54 109 0 15 1
a 54 135 0 48 2
a 55 70 0 1 4
a 55 24 0 19 2
a 55 84 0 42 1
a 55 61 0 36 4
a 55 30 0 32 9
a 57 13 0 1 6
a 57 20 0 36 7
a 57 53 0 49 1
a 57 62 0 49 8
a 57 12 0 26 5
a 57 96 0 44 3
a 58 49 0 1 4
a 58 197 0 32 9
a 58 71 0 32 6
a 59 71 0 1 1
a 59 47 0 24 9
a 59 131 0 38 8
a 59 75 0 6 4
a 59 147 0 27 2
a 61 101 0 1 3
a 61 43 0 5 6
a 61 46 0 47 5
a 61 139 0 18 6
a 61 148 0 43 10
a 62 184 0 1 6
a 62 120 0 29 10
a 69 89 0 1 10
a 69 142 0 22 2
a 69 66 0 1 4
a 70 34 0 1 10
a 70 198 0 6 9
a 70 68 0 6 2
a 71 192 0 1 9
a 71 80 0 36 1
a 71 10 0 16 6
a 71 118 0 20 9
a 71 95 0 34 3
a 72 158 0 1 8
a 72 159 0 29 7
a 73 136 0 1 5
a 73 127 0 32 7
a 73 121 0 44 7
a 73 23 0 36 6
a 73 139 0 16 3
a 74 40 0 1 3
a 74 181 0 34 5
a 75 177 0 1 10
a 75 8 0 26 5
a 75 84 0 16 9
a 75 139 0 22 8
a 75 154 0 6 8
a 77 73 0 1 4
a 77 125 0 41 6
a 77 178 0 18 5
a 78 36 0 1 6
a 78 16 0 7 5
a 78 172 0 6 5
a 81 83 0 1 6
a 81 125 0 6 1
a 81 45 0 30 2
a 81 82 0 18 7
a 81 35 0 39 8
a 82 146 0 1 9
a 82 53 0 32 10
a 82 34 0 36 8
a 82 9 0 14 1
a 82 95 0 48 3
a 83 58 0 1 9
a 83 9 0 39 10
a 84 20 0 1 7
a 84 67 0 39 10
a 87 55 0 1 3
a 87 168 0 17 7
a 87 115 0 9 8
a 87 16 0 49 7
a 87 30 0 43 9
a 89 78 0 1 1
a 89 18 0 30 10
a 89 88 0 50 3
a 89 92 0 28 5
a 91 19 0 1 3
a 91 76 0 36 6
a 91 7 0 13 7
a 92 53 0 1 10
a 92 150 0 40 7
a 92 196 0 13 8
a 92 159 0 28 3
a 92 90 0 24 1
a 95 199 0 1 6
a 95 179 0 49 3
a 95 116 0 34 7
a 95 104 0 15 3
a 96 54 0 1 2
a 96 100 0 42 4
a 96 56 0 33 4
a 96 130 0 3 3
a 96 146 0 14 2
a 96 124 0 9 3
a 96 120 0 13 7
a 98 195 0 1 3
a 98 101 0 32 8
a 98 92 0 11 9
a 98 61 0 24 4
a 98 162 0 23 2
a 98 75 0 30 10
a 99 123 0 1 6
a 99 81 0 17 6
a 101 48 0 1 1
a 101 112 0 28 5
a 101 188 0 18 6
a 102 82 0 1 8
a 102 20 0 42 5
a 102 85 0 32 2
a 102 142 0 15 1
a 103 91 0 1 10
a 103 157 0 12 6
a 103 129 0 31 1
a 103 130 0 33 10
a 103 117 0 49 10
a 103 113 0 3 10
a 103 28 0 45 7
a 108 162 0 1 8
a 108 54 0 0 9
a 108 46 0 29 7
a 108 48 0 4 3
a 108 175 0 26 7
a 108 89 0 15 10
a 109 154 0 1 9
a 109 163 0 37 6
a 109 114 0 47 8
a 109 196 0 29 2
a 112 39 0 1 2
a 112 36 0 11 10
a 112 129 0 22 2
a 112 78 0 13 10
a 112 138 0 46 1
a 114 173 0 1 1
a 114 177 0 0 6
a 114 145 0 22 2
a 114 23 0 11 7
a 114 99 0 34 4
a 114 106 0 19 8
a 115 59 0 1 7
a 115 102 0 24 1
a 115 155 0 19 2
a 115 151 0 25 9
a 115 79 0 31 10
a 115 144 0 3 3
a 119 35 0 1 5
a 119 131 0 44 2
a 119 191 0 47 9
a 121 108 0 1 9
a 121 35 0 38 3
a 121 144 0 39 2
a 121 42 0 26 2
a 123 131 0 1 9
a 123 62 0 43 4
a 129 165 0 1 10
a 129 47 0 14 6
a 129 22 0 49 6
a 129 96 0 7 1
a 129 136 0 10 1
a 129 80 0 9 6
a 131 191 0 1 3
a 131 107 0 48 5
a 131 176 0 43 1
a 131 62 0 16 9
a 136 182 0 1 8
a 136 7 0 21 2
a 136 119 0 33 10
a 136 10 0 6 8
a 136 107 0 43 10
a 137 121 0 1 7
a 137 36 0 26 7
a 137 174 0 32 10
a 137 112 0 37 6
a 137 126 0 30 7
a 137 91 0 14 1
a 140 168 0 1 4
a 140 179 0 44 4
a 140 136 0 30 8
a 140 39 0 4 5
a 140 154 0 0 6
a 140 68 0 13 2
a 141 61 0 1 10
a 141 29 0 49 2
a 141 168 0 45 8
a 141 178 0 33 9
a 141 158 0 2 4
a 142 109 0 1 10
a 142 67 0 35 8
a 142 15 0 12 6
a 142 156 0 16 9
a 144 166 0 1 1
a 144 177 0 5 3
a 144 139 0 27 2
a 144 5 0 5 9
a 144 168 0 31 3
a 146 141 0 1 3
a 146 32 0 18 6
a 154 84 0 1 5
a 154 56 0 14 9
a 154 150 0 27 4
a 155 103 0 1 3
a 155 82 0 39 8
a 155 172 0 28 10
a 155 54 0 3 7
a 155 73 0 34 10
a 155 55 0 20 4
a 158 174 0 1 3
a 158 35 0 6 1
a 162 102 0 1 10
a 162 90 0 5 2
a 162 47 0 45 5
a 163 181 0 1 5
a 163 83 0 37 10
a 163 21 0 43 9
a 165 62 0 1 6
a 165 103 0 46 1
a 165 46 0 42 3
a 166 180 0 1 2
a 166 9 0 17 6
a 166 155 0 6 3
a 166 28 0 11 4
a 166 61 0 15 1
a 168 185 0 1 9
a 168 5 0 34 9
a 168 108 0 33 3
a 168 192 0 8 9
a 168 38 0 44 3
a 173 81 0 1 4
a 173 47 0 47 7
a 173 72 0 41 5
a 173 141 0 3 6
a 174 112 0 1 1
a 174 146 0 13 5
a 174 85 0 33 1
a 177 142 0 1 8
a 177 103 0 40 7
a 178 198 0 1 5
a 178 56 0 48 4
a 178 55 0 12 8
a 178 20 0 39 8
a 179 188 0 1 8
a 179 177 0 35 7
a 179 93 0 23 7
a 179 18 0 18 2
a 180 115 0 1 10
a 180 126 0 29 6
a 180 196 0 9 1
a 180 87 0 47 9
a 180 58 0 48 2
a 181 98 0 1 4
a 181 25 0 14 7
a 182 69 0 1 6
a 182 186 0 44 4
a 184 12 0 1 10
a 184 164 0 16 5
a 184 127 0 7 1
a 184 46 0 19 3
a 185 194 0 1 1
a 185 106 0 42 2
a 185 171 0 20 7
a 187 129 0 1 5
a 187 24 0 40 4
a 187 102 0 17 7
a 188 25 0 1 3
a 188 170 0 38 9
a 191 95 0 1 1
a 191 185 0 0 5
a 191 158 0 16 8
a 191 49 0 10 9
a 191 4 0 3 7
a 192 87 0 1 4
a 192 200 0 1 3
a 192 183 0 2 3
a 192 92 0 12 9
a 192 182 0 43 10
a 192 86 0 4 6
a 194 77 0 1 8
a 194 156 0 23 1
a 195 144 0 1 6
a 195 172 0 1 7
a 198 137 0 1 4
a 198 44 0 0 3
a 198 79 0 7 8
a 198 33 0 39 3
a 198 182 0 2 5
