c PyNETGEN v1.0.0
c $ pip install pynetgen
c
c  NETGEN flow network generation algorithm
c  Problem input parameters
c  -------------------------------------
c   Random seed:          13
c   Number of nodes:      200
c   Source nodes:         2
c   Sink nodes:           2
c   Number of arcs:       800
c   Minimum arc cost:     1
c   Maximum arc cost:     10
c   Total supply:         50
c   Transshipment -
c     Sources:            0
c     Sinks:              0
c   Skeleton arcs -
c     With max cost:      0
c     Capacitated:        100
c   Minimum arc capacity: 0
c   Maximum arc capacity: 50
c
c  *** Minimum cost flow ***
c
p min 200 800
n 1 25
n 2 25
n 199 -33
n 200 -17
a 1 177 0 25 8
a 1 44 0 5 5
a 1 49 0 33 9
a 1 133 0 23 3
a 1 63 0 36 8
a 1 54 0 15 8
a 1 138 0 13 6
a 5 70 0 25 3
a 5 74 0 47 6
a 5 7 0 12 3
a 6 30 0 25 7
a 6 55 0 15 6
a 6 67 0 39 1
a 6 26 0 33 6
a 6 107 0 22 5
a 6 156 0 17 7
a 6 84 0 24 8
a 8 60 0 25 9
a 8 9 0 46 4
a 8 144 0 45 4
a 9 43 0 25 7
a 9 59 0 6 5
a 9 111 0 7 4
a 9 148 0 27 8
a 9 58 0 43 3
a 9 34 0 38 2
a 10 124 0 25 2
a 10 165 0 30 9
a 10 5 0 3 1
a 10 172 0 18 3
a 10 48 0 38 7
a 10 117 0 37 8
a 11 34 0 25 6
a 11 125 0 13 2
a 11 72 0 20 4
a 17 53 0 25 8
a 17 62 0 0 3
a 17 156 0 4 4
a 17 75 0 2 10
a 17 25 0 39 2
a 17 113 0 23 2
a 17 29 0 47 6
a 20 99 0 25 9
a 20 182 0 50 8
a 20 17 0 8 6
a 25 154 0 25 7
a 25 189 0 11 8
a 25 137 0 13 4
a 25 178 0 22 1
a 26 121 0 25 5
a 26 32 0 33 4
a 26 160 0 46 2
a 26 111 0 34 8
a 27 140 0 25 10
a 27 108 0 11 2
a 27 3 0 10 6
a 27 58 0 14 10
a 29 161 0 25 10
a 29 124 0 27 9
a 29 97 0 27 6
a 30 94 0 25 6
a 30 52 0 15 5
a 30 136 0 47 6
a 30 170 0 20 10
a 30 174 0 45 6
a 31 54 0 25 2
a 31 162 0 17 1
a 31 51 0 8 3
a 31 37 0 6 2
a 31 168 0 9 4
a 31 130 0 26 10
a 33 108 0 25 8
a 33 77 0 3 3
a 33 145 0 13 6
a 33 120 0 18 3
a 34 37 0 25 2
a 34 137 0 14 7
a 34 97 0 31 2
a 34 152 0 32 5
a 37 74 0 25 4
a 37 132 0 31 7
a 37 21 0 47 4
a 37 19 0 18 3
a 37 28 0 45 9
a 37 146 0 37 3
a 39 76 0 25 6
a 39 13 0 15 8
a 40 179 0 25 8
a 40 49 0 29 10
a 40 199 0 33 9
a 42 168 0 25 8
a 42 47 0 46 9
a 42 166 0 8 4
a 43 11 0 25 4
a 43 131 0 29 3
a 44 152 0 25 5
a 44 156 0 49 5
a 44 54 0 42 8
a 44 191 0 42 2
a 44 77 0 44 10
a 44 94 0 30 2
a 46 117 0 25 9
a 46 142 0 0 6
a 46 116 0 46 1
a 46 94 0 21 7
a 46 81 0 36 5
a 46 21 0 5 4
a 47 9 0 25 7
a 47 35 0 49 7
a 48 5 0 25 3
a 48 159 0 35 9
a 48 65 0 21 8
a 48 158 0 34 4
a 48 94 0 10 4
a 50 62 0 25 6
a 50 140 0 30 8
a 50 131 0 26 7
a 50 16 0 45 4
a 50 43 0 38 1
a 52 29 0 25 6
a 52 120 0 48 5
a 52 167 0 28 3
a 52 154 0 3 7
a 53 178 0 25 3
a 53 56 0 39 9
a 53 31 0 50 4
a 53 169 0 31 9
a 54 10 0 25 9
a 54 158 0 48 4
a 54 169 0 2 3
a 54 88 0 22 2
a 54 62 0 16 9
a 56 40 0 25 10
a 56 28 0 13 4
a 56 142 0 32 6
a 58 197 0 25 7
a 58 172 0 45 4
a 58 45 0 6 4
a 58 9 0 7 1
a 60 135 0 25 6
a 60 186 0 13 9
a 60 23 0 41 6
a 61 20 0 25 4
a 61 140 0 4 3
a 61 33 0 21 6
a 61 127 0 0 6
a 61 194 0 9 8
a 61 133 0 5 7
a 62 129 0 25 5
a 62 81 0 24 9
a 62 182 0 16 10
a 62 36 0 40 2
a 62 5 0 33 8
a 64 61 0 25 4
a 64 176 0 16 4
a 64 19 0 40 3
a 64 139 0 3 4
a 64 39 0 7 5
a 65 112 0 25 5
a 65 158 0 41 4
a 65 143 0 19 5
a 65 80 0 13 2
a 66 75 0 25 4
a 66 138 0 8 5
a 68 123 0 25 10
a 68 63 0 35 6
a 68 147 0 42 2
a 68 105 0 46 6
a 68 15 0 44 3
a 70 170 0 25 8
a 70 200 0 25 9
a 70 8 0 41 2
a 70 57 0 2 1
a 70 79 0 19 10
a 70 118 0 5 8
a 70 48 0 14 3
a 71 133 0 25 6
a 71 20 0 22 8
a 71 145 0 11 8
a 71 82 0 37 9
a 71 32 0 11 7
a 71 56 0 12 1
a 72 56 0 25 8
a 72 30 0 44 7
a 72 117 0 7 2
a 72 127 0 30 8
a 72 50 0 47 4
a 74 180 0 25 9
a 74 192 0 9 5
a 74 61 0 37 2
a 74 143 0 17 7
a 74 199 0 43 1
a 74 161 0 31 8
a 75 185 0 25 9
a 75 3 0 26 4
a 75 191 0 22 9
a 75 67 0 42 2
a 76 136 0 25 7
a 76 169 0 38 3
a 76 28 0 36 2
a 76 155 0 22 9
a 76 4 0 25 4
a 79 25 0 25 9
a 79 99 0 42 8
a 79 92 0 41 4
a 79 48 0 2 4
a 80 191 0 25 9
a 80 38 0 18 7
a 80 118 0 16 1
a 80 127 0 32 3
a 90 72 0 25 4
a 90 166 0 49 7
a 90 73 0 12 2
a 90 98 0 30 9
a 92 65 0 25 1
a 92 138 0 33 10
a 92 192 0 30 7
a 92 6 0 2 2
a 92 189 0 35 9
a 94 155 0 25 2
a 94 189 0 2 1
a 94 135 0 17 3
a 94 122 0 13 1
a 98 92 0 25 5
a 98 42 0 49 3
a 98 5 0 13 8
a 99 194 0 25 5
a 99 32 0 49 3
a 99 109 0 29 3
a 99 104 0 3 2
a 99 136 0 1 8
a 102 68 0 25 4
a 102 192 0 43 5
a 105 160 0 25 10
a 105 101 0 14 9
a 105 60 0 5 4
a 105 41 0 19 6
a 105 78 0 41 10
a 106 8 0 25 8
a 106 172 0 26 10
a 106 51 0 17 6
a 106 76 0 13 8
a 107 188 0 25 1
a 107 173 0 30 2
a 107 109 0 47 4
a 108 150 0 25 7
a 108 142 0 17 8
a 108 19 0 31 9
a 112 128 0 25 5
a 112 20 0 24 6
a 112 164 0 46 1
a 112 141 0 29 9
a 113 50 0 25 8
a 113 173 0 15 5
a 113 84 0 33 8
a 113 112 0 25 10
a 113 54 0 50 1
a 113 156 0 50 5
a 116 141 0 25 4
a 116 195 0 36 10
a 116 124 0 43 2
a 116 21 0 49 3
a 116 24 0 34 6
a 117 27 0 25 6
a 117 92 0 42 2
a 117 11 0 43 10
a 117 156 0 2 2
a 121 39 0 25 8
a 121 161 0 42 4
a 121 58 0 0 5
a 121 173 0 25 1
a 122 174 0 25 2
a 122 39 0 9 6
a 122 29 0 10 3
a 122 43 0 7 6
a 123 183 0 25 4
a 123 143 0 36 6
a 123 144 0 4 7
a 123 109 0 25 1
a 124 199 0 25 9
a 124 33 0 34 8
a 124 159 0 19 10
a 124 178 0 48 5
a 124 58 0 24 6
a 124 26 0 10 7
a 128 80 0 25 3
a 128 82 0 14 2
a 128 75 0 22 5
a 128 117 0 25 9
a 128 161 0 10 8
a 129 193 0 25 5
a 129 21 0 7 3
a 129 27 0 33 3
a 129 194 0 21 7
a 129 95 0 20 10
a 129 33 0 39 7
a 133 151 0 25 3
a 133 145 0 38 4
a 133 191 0 47 1
a 133 192 0 31 8
a 133 5 0 30 4
a 133 179 0 34 4
a 135 145 0 25 8
a 135 179 0 35 8
a 135 147 0 24 5
a 135 14 0 39 3
a 136 102 0 25 10
a 136 185 0 17 9
a 136 68 0 45 9
a 136 80 0 14 3
a 137 106 0 25 6
a 137 18 0 29 6
a 137 197 0 12 6
a 137 29 0 17 2
a 137 79 0 1 3
a 139 79 0 25 6
a 139 143 0 4 2
a 139 132 0 15 1
a 139 174 0 16 1
a 140 33 0 25 7
a 140 171 0 7 3
a 140 122 0 4 9
a 140 69 0 27 2
a 140 194 0 8 4
a 141 46 0 25 7
a 141 173 0 40 3
a 141 21 0 12 6
a 141 159 0 9 8
a 144 26 0 25 9
a 144 50 0 4 3
a 144 143 0 45 6
a 144 97 0 45 5
a 144 154 0 27 8
a 144 69 0 43 5
a 145 147 0 25 3
a 145 83 0 11 5
a 145 106 0 46 2
a 145 168 0 8 4
a 145 15 0 43 10
a 145 163 0 34 6
a 147 42 0 25 7
a 147 163 0 8 6
a 148 31 0 25 6
a 148 131 0 26 5
a 148 164 0 24 6
a 148 168 0 4 4
a 148 14 0 37 7
a 150 98 0 25 6
a 150 192 0 42 3
a 150 167 0 38 8
a 150 31 0 47 3
a 150 170 0 44 10
a 150 138 0 35 4
a 151 137 0 25 4
a 151 154 0 34 3
a 151 25 0 35 1
a 151 30 0 27 3
a 151 185 0 44 8
a 152 144 0 25 6
a 152 141 0 18 7
a 152 137 0 41 5
a 154 17 0 25 3
a 154 22 0 35 9
a 154 40 0 11 3
a 154 49 0 48 10
a 155 176 0 25 1
a 155 30 0 0 8
a 155 128 0 28 9
a 155 162 0 8 3
a 155 80 0 44 9
a 160 6 0 25 7
a 160 190 0 29 7
a 160 58 0 16 3
a 160 77 0 0 10
a 160 41 0 4 3
a 160 86 0 22 10
a 161 113 0 25 6
a 161 53 0 36 9
a 161 144 0 19 5
a 161 191 0 21 10
a 168 64 0 25 10
a 168 70 0 15 4
a 168 197 0 36 8
a 168 123 0 2 1
a 170 47 0 25 6
a 170 88 0 21 2
a 170 20 0 2 6
a 170 73 0 25 2
a 172 139 0 25 7
a 172 21 0 39 6
a 172 73 0 7 1
a 174 48 0 25 3
a 174 31 0 42 7
a 176 52 0 25 9
a 176 125 0 17 2
a 177 107 0 25 1
a 177 179 0 35 8
a 177 7 0 2 3
a 177 166 0 34 7
a 177 48 0 13 7
a 178 90 0 25 8
a 178 77 0 42 1
a 178 92 0 8 4
a 178 76 0 17 6
a 178 93 0 16 8
a 179 44 0 25 5
a 179 119 0 4 8
a 179 126 0 47 4
a 179 28 0 19 9
a 179 170 0 41 2
a 179 94 0 15 10
a 180 58 0 25 6
a 180 90 0 48 6
a 180 50 0 4 9
a 183 105 0 25 2
a 183 84 0 16 1
a 183 157 0 48 5
a 183 147 0 20 7
a 185 116 0 25 2
a 185 33 0 45 3
a 188 66 0 25 2
a 188 189 0 23 1
a 188 172 0 11 5
a 191 172 0 25 5
a 191 153 0 43 7
a 191 33 0 33 6
a 191 25 0 19 5
a 191 82 0 17 9
a 191 118 0 42 9
a 193 71 0 25 8
a 193 25 0 10 3
a 193 76 0 19 1
a 193 198 0 32 9
a 193 184 0 18 1
a 194 195 0 25 1
a 194 153 0 44 1
a 194 178 0 40 1
a 194 177 0 29 6
a 194 168 0 16 3
a 194 181 0 29 7
a 195 122 0 25 1
a 195 151 0 14 6
a 197 148 0 25 8
a 197 27 0 35 9
a 197 69 0 33 10
a 197 72 0 34 5
a 197 53 0 24 6
a 197 46 0 42 2
a 2 120 0 25 6
a 2 22 0 47 9
a 2 162 0 12 3
a 2 180 0 39 10
a 3 69 0 25 6
a 3 26 0 50 9
a 4 119 0 25 1
a 4 72 0 45 4
a 4 56 0 22 6
a 4 50 0 8 1
a 4 15 0 11 5
a 4 5 0 34 3
a 7 24 0 25 5
a 7 200 0 29 6
a 12 164 0 25 2
a 12 133 0 38 6
a 12 50 0 30 6
a 12 174 0 0 5
a 12 154 0 0 4
a 13 190 0 25 6
a 13 72 0 20 3
a 13 30 0 19 4
a 13 148 0 0 3
a 14 196 0 25 4
a 14 100 0 3 8
a 14 40 0 21 9
a 14 189 0 27 6
a 14 188 0 42 9
a 14 169 0 38 4
a 15 187 0 25 3
a 15 119 0 46 1
a 15 21 0 44 4
a 15 158 0 50 10
a 15 27 0 22 10
a 16 153 0 25 7
a 16 117 0 19 7
a 16 68 0 8 7
a 16 181 0 29 6
a 16 94 0 42 7
a 16 142 0 18 9
a 18 109 0 25 5
a 18 106 0 45 3
a 18 183 0 27 5
a 18 65 0 50 2
a 18 8 0 8 4
a 18 67 0 2 7
a 19 45 0 25 5
a 19 144 0 23 2
a 19 6 0 17 2
a 19 101 0 19 10
a 21 12 0 25 7
a 21 89 0 0 9
a 22 118 0 25 2
a 22 7 0 50 7
a 22 200 0 48 10
a 23 28 0 25 3
a 23 57 0 5 2
a 23 152 0 0 2
a 23 48 0 20 10
a 23 104 0 49 10
a 23 40 0 34 7
a 24 91 0 25 7
a 24 117 0 50 6
a 24 28 0 24 10
a 24 170 0 9 3
a 28 103 0 25 10
a 28 57 0 15 8
a 28 99 0 2 2
a 28 171 0 23 5
a 28 4 0 35 3
a 28 49 0 23 4
a 32 38 0 25 7
a 32 47 0 9 2
a 32 12 0 40 1
a 32 6 0 11 10
a 32 125 0 43 3
a 32 138 0 31 8
a 35 181 0 25 4
a 35 33 0 20 9
a 35 70 0 35 6
a 35 94 0 2 7
a 35 169 0 17 5
a 36 67 0 25 6
a 36 194 0 14 8
a 36 199 0 15 8
a 38 173 0 25 3
a 38 178 0 48 8
a 38 143 0 4 8
a 38 166 0 32 3
a 41 13 0 25 4
a 41 52 0 36 10
a 41 181 0 1 6
a 41 190 0 41 6
a 45 18 0 25 6
a 45 169 0 48 6
a 45 93 0 1 6
a 45 80 0 14 2
a 49 115 0 25 5
a 49 42 0 43 8
a 49 97 0 27 10
a 51 16 0 25 3
a 51 57 0 0 10
a 51 115 0 4 10
a 51 152 0 18 7
a 55 143 0 25 8
a 55 50 0 2 4
a 55 58 0 10 5
a 55 46 0 31 3
a 57 198 0 25 7
a 57 85 0 23 9
a 57 22 0 41 1
a 57 19 0 40 3
a 57 29 0 18 2
a 59 7 0 25 9
a 59 120 0 22 7
a 63 149 0 25 6
a 63 127 0 34 2
a 63 195 0 22 8
a 63 102 0 17 2
a 67 163 0 25 9
a 67 176 0 18 5
a 67 129 0 6 2
a 67 48 0 9 3
a 67 90 0 6 10
a 69 100 0 25 4
a 69 197 0 47 3
a 69 35 0 10 10
a 73 19 0 25 4
a 73 125 0 10 6
a 73 148 0 9 10
a 73 66 0 49 2
a 73 25 0 42 9
a 77 165 0 25 2
a 77 82 0 49 10
a 77 185 0 4 6
a 78 159 0 25 1
a 78 103 0 33 4
a 78 168 0 16 3
a 78 31 0 30 2
a 78 37 0 47 5
a 81 127 0 25 9
a 81 109 0 23 7
a 81 106 0 15 1
a 82 158 0 25 10
a 82 119 0 49 5
a 82 188 0 32 5
a 82 110 0 11 4
a 83 95 0 25 9
a 83 199 0 25 6
a 83 148 0 50 4
a 83 32 0 40 8
a 83 56 0 35 10
a 84 104 0 25 2
a 84 54 0 7 3
a 85 131 0 25 8
a 85 7 0 1 5
a 85 163 0 38 7
a 85 129 0 41 4
a 86 89 0 25 8
a 86 114 0 14 7
a 87 192 0 25 6
a 87 94 0 28 10
a 87 34 0 47 3
a 87 179 0 32 2
a 88 171 0 25 5
a 88 72 0 11 2
a 88 112 0 8 10
a 88 113 0 27 1
a 88 200 0 32 1
a 89 97 0 25 10
a 89 78 0 40 1
a 89 170 0 23 1
a 89 158 0 18 3
a 89 114 0 7 6
a 91 114 0 25 8
a 91 10 0 31 2
a 91 187 0 46 5
a 91 145 0 2 5
a 93 14 0 25 10
a 93 186 0 2 8
a 93 169 0 9 6
a 95 175 0 25 1
a 95 44 0 10 10
a 95 24 0 12 3
a 96 125 0 25 2
a 96 187 0 35 2
a 96 59 0 40 2
a 97 138 0 25 1
a 97 91 0 17 8
a 97 164 0 35 1
a 100 78 0 25 8
a 100 6 0 28 8
a 100 161 0 37 4
a 101 186 0 25 5
a 101 22 0 41 4
a 103 87 0 25 8
a 103 143 0 25 4
a 103 155 0 48 6
a 104 49 0 25 7
a 104 21 0 47 5
a 104 138 0 0 6
a 109 3 0 25 4
a 109 129 0 42 2
a 110 63 0 25 1
a 110 171 0 19 2
a 111 101 0 25 2
a 111 92 0 43 6
a 111 121 0 29 4
a 111 26 0 34 10
a 114 41 0 25 2
a 114 40 0 42 10
a 115 22 0 25 3
a 115 62 0 7 5
a 115 153 0 42 4
a 118 23 0 25 8
a 118 57 0 17 1
a 118 135 0 22 1
a 118 8 0 39 7
a 119 184 0 25 5
a 119 169 0 9 1
a 119 105 0 1 9
a 119 62 0 10 10
a 120 130 0 25 1
a 120 21 0 40 10
a 125 85 0 25 5
a 125 86 0 21 8
a 125 136 0 0 4
a 125 8 0 20 8
a 125 93 0 40 2
a 126 86 0 25 9
a 126 34 0 42 2
a 126 45 0 7 10
a 126 82 0 0 1
a 126 56 0 3 2
a 127 88 0 25 1
a 127 25 0 39 2
a 127 89 0 29 10
a 127 94 0 42 10
a 127 140 0 5 4
a 130 134 0 25 9
a 130 26 0 50 1
a 131 81 0 25 1
a 131 102 0 12 10
a 131 26 0 9 10
a 131 181 0 18 1
a 131 136 0 31 3
a 132 110 0 25 5
a 132 50 0 3 2
a 132 51 0 46 1
a 134 35 0 25 3
a 134 4 0 4 2
a 134 130 0 43 10
a 138 55 0 25 3
a 138 76 0 47 4
a 142 169 0 25 3
a 142 149 0 29 6
a 143 4 0 25 3
a 143 110 0 17 10
a 143 130 0 3 2
a 146 15 0 25 1
a 146 183 0 5 9
a 146 174 0 40 7
a 146 66 0 10 9
a 146 189 0 3 3
a 149 57 0 25 9
a 149 177 0 46 2
a 153 83 0 25 2
a 153 100 0 40 8
a 153 190 0 13 4
a 153 187 0 22 6
a 153 196 0 44 7
a 156 167 0 25 9
a 156 16 0 24 3
a 156 142 0 27 6
a 157 73 0 25 5
a 157 90 0 16 10
a 158 182 0 25 9
a 158 45 0 24 8
a 159 32 0 25 8
a 159 196 0 2 5
a 162 96 0 25 10
a 162 58 0 48 9
a 162 18 0 19 4
a 162 53 0 50 2
a 162 169 0 25 6
a 163 157 0 25 5
a 163 150 0 15 2
a 163 95 0 8 5
a 163 11 0 49 9
a 164 51 0 25 7
a 164 13 0 4 2
a 164 113 0 44 2
a 164 92 0 42 4
a 165 59 0 25 5
a 165 135 0 8 10
a 165 108 0 30 10
a 166 93 0 25 5
a 166 157 0 2 2
a 166 170 0 37 4
a 166 123 0 15 9
a 167 126 0 25 2
a 167 19 0 17 6
a 167 47 0 46 6
a 167 157 0 30 3
a 169 111 0 25 9
a 169 107 0 22 8
a 169 198 0 0 9
a 171 166 0 25 2
a 171 136 0 34 2
a 171 84 0 45 10
a 173 77 0 25 9
a 173 124 0 19 6
a 173 63 0 44 5
a 175 84 0 25 4
a 175 36 0 42 1
a 181 189 0 25 10
a 181 102 0 6 4
a 181 163 0 9 6
a 181 124 0 35 8
a 181 168 0 15 7
a 181 6 0 10 4
a 182 21 0 25 5
a 182 183 0 26 9
a 182 7 0 4 10
a 184 36 0 25 8
a 184 190 0 22 8
a 184 53 0 17 4
a 186 132 0 25 5
a 186 75 0 21 10
a 187 82 0 25 4
a 187 23 0 14 5
a 187 102 0 38 9
a 187 116 0 46 5
a 187 87 0 21 8
a 189 146 0 25 4
a 189 77 0 0 2
a 189 44 0 15 3
a 190 142 0 25 3
a 190 28 0 37 5
a 190 25 0 5 2
a 190 109 0 22 3
a 190 29 0 13 9
a 192 156 0 25 2
a 192 34 0 28 3
a 192 111 0 12 9
a 196 200 0 25 4
a 196 167 0 36 6
a 198 162 0 25 8
a 198 103 0 9 9
a 198 106 0 41 4
a 198 156 0 47 4
a 198 160 0 34 2
