c PyNETGEN v1.0.0
c $ pip install pynetgen
c
c  NETGEN flow network generation algorithm
c  Problem input parameters
c  -------------------------------------
c   Random seed:          9
c   Number of nodes:      200
c   Source nodes:         2
c   Sink nodes:           2
c   Number of arcs:       800
c   Minimum arc cost:     1
c   Maximum arc cost:     10
c   Total supply:         50
c   Transshipment -
c     Sources:            0
c     Sinks:              0
c   Skeleton arcs -
c     With max cost:      0
c     Capacitated:        100
c   Minimum arc capacity: 0
c   Maximum arc capacity: 50
c
c  *** Minimum cost flow ***
c
p min 200 800
n 1 49
n 2 1
n 199 -36
n 200 -14
a 1 140 0 49 3
a 1 120 0 25 4
a 1 53 0 9 6
a 1 32 0 24 10
a 5 83 0 49 7
a 5 22 0 24 10
a 5 86 0 40 3
a 6 199 0 49 5
a 6 160 0 49 9
a 6 14 0 38 4
a 6 115 0 21 8
a 6 177 0 29 5
a 6 153 0 12 5
a 7 90 0 49 9
a 7 56 0 40 3
a 7 94 0 35 10
a 7 45 0 31 1
a 7 34 0 42 4
a 7 188 0 36 10
a 7 116 0 16 10
a 8 187 0 49 9
a 8 87 0 6 6
a 8 164 0 27 2
a 8 86 0 0 10
a 8 159 0 30 3
a 9 47 0 49 5
a 9 28 0 39 6
a 9 74 0 26 8
a 9 116 0 43 7
a 10 126 0 49 8
a 10 85 0 49 1
a 10 89 0 30 8
a 10 166 0 26 3
a 11 79 0 49 5
a 11 27 0 50 9
a 11 131 0 13 8
a 11 160 0 46 5
a 12 43 0 49 8
a 12 198 0 9 1
a 12 145 0 20 1
a 12 146 0 40 6
a 12 49 0 4 7
a 15 196 0 49 5
a 15 87 0 28 7
a 15 128 0 23 6
a 16 134 0 49 9
a 16 121 0 44 1
a 16 125 0 21 10
a 16 62 0 16 6
a 18 49 0 49 10
a 18 107 0 6 5
a 18 132 0 33 9
a 18 66 0 23 8
a 18 29 0 0 6
a 18 30 0 38 8
a 25 162 0 49 6
a 25 61 0 40 4
a 25 92 0 15 6
a 25 39 0 26 7
a 25 73 0 1 9
a 25 123 0 30 1
a 25 127 0 1 4
a 26 100 0 49 8
a 26 42 0 24 1
a 26 34 0 19 3
a 26 24 0 3 5
a 34 77 0 49 9
a 34 198 0 44 6
a 34 105 0 6 2
a 34 188 0 26 8
a 34 29 0 20 9
a 34 115 0 3 3
a 35 39 0 49 5
a 35 135 0 43 5
a 35 146 0 5 1
a 35 87 0 43 4
a 36 185 0 49 3
a 36 155 0 19 5
a 36 156 0 27 1
a 37 84 0 49 9
a 37 82 0 6 1
a 38 9 0 49 8
a 38 185 0 22 7
a 38 169 0 31 4
a 38 187 0 12 10
a 38 50 0 19 5
a 39 34 0 49 6
a 39 10 0 41 2
a 40 120 0 49 1
a 40 34 0 32 5
a 40 35 0 7 3
a 40 161 0 18 7
a 40 54 0 0 10
a 42 18 0 49 7
a 42 148 0 26 2
a 42 59 0 32 8
a 43 136 0 49 9
a 43 149 0 3 10
a 43 30 0 4 4
a 43 37 0 50 8
a 44 178 0 49 3
a 44 144 0 40 4
a 44 23 0 12 10
a 44 174 0 30 3
a 44 129 0 48 5
a 45 65 0 49 10
a 45 101 0 0 7
a 45 80 0 44 1
a 45 37 0 36 1
a 46 184 0 49 8
a 46 21 0 45 6
a 47 80 0 49 10
a 47 38 0 25 9
a 48 35 0 49 1
a 48 29 0 1 10
a 49 11 0 49 3
a 49 10 0 35 10
a 49 190 0 20 5
a 49 120 0 9 5
a 49 34 0 9 5
a 58 64 0 49 7
a 58 99 0 29 5
a 58 10 0 50 10
a 58 31 0 11 7
a 58 51 0 33 7
a 59 130 0 49 5
a 59 190 0 22 7
a 59 22 0 50 7
a 63 97 0 49 2
a 63 47 0 46 8
a 63 128 0 4 1
a 63 174 0 44 6
a 64 103 0 49 1
a 64 189 0 2 10
a 64 125 0 30 10
a 64 16 0 20 1
a 64 109 0 13 4
a 64 100 0 18 1
a 64 86 0 24 4
a 65 122 0 49 7
a 65 72 0 27 7
a 65 30 0 5 7
a 65 184 0 26 7
a 65 133 0 43 4
a 66 36 0 49 10
a 66 59 0 49 5
a 67 157 0 49 10
a 67 10 0 13 1
a 69 182 0 49 1
a 69 35 0 28 4
a 77 165 0 49 6
a 77 150 0 32 9
a 77 125 0 8 3
a 77 7 0 21 7
a 79 180 0 49 2
a 79 173 0 10 9
a 79 19 0 17 7
a 79 183 0 5 4
a 79 73 0 14 6
a 79 72 0 4 5
a 79 58 0 34 4
a 80 40 0 49 1
a 80 19 0 6 10
a 80 171 0 19 8
a 80 177 0 22 3
a 80 73 0 43 1
a 80 175 0 31 9
a 80 65 0 10 1
a 83 46 0 49 5
a 83 190 0 19 8
a 83 176 0 29 4
a 83 100 0 42 6
a 84 38 0 49 3
a 84 165 0 17 1
a 84 90 0 15 7
a 84 15 0 2 1
a 89 5 0 49 6
a 89 144 0 19 5
a 90 107 0 49 3
a 90 121 0 47 10
a 90 109 0 25 10
a 90 86 0 8 7
a 90 101 0 36 3
a 90 5 0 3 2
a 90 165 0 34 6
a 94 58 0 49 8
a 94 113 0 19 6
a 97 113 0 49 1
a 97 158 0 6 9
a 97 17 0 4 10
a 97 14 0 47 3
a 98 169 0 49 10
a 98 91 0 37 5
a 100 94 0 49 9
a 100 85 0 14 8
a 100 155 0 39 4
a 100 200 0 35 3
a 103 188 0 49 2
a 103 144 0 24 2
a 103 127 0 15 7
a 103 128 0 17 4
a 103 131 0 45 4
a 103 111 0 21 1
a 103 191 0 35 4
a 107 127 0 49 3
a 107 3 0 15 4
a 107 121 0 42 7
a 107 142 0 28 10
a 108 161 0 49 7
a 108 89 0 36 2
a 108 52 0 7 9
a 108 62 0 20 3
a 108 148 0 24 1
a 108 54 0 46 8
a 109 25 0 49 1
a 109 171 0 3 5
a 109 169 0 17 2
a 109 41 0 27 5
a 109 108 0 38 3
a 109 194 0 36 5
a 111 8 0 49 2
a 111 29 0 27 6
a 111 20 0 40 3
a 111 27 0 2 8
a 111 48 0 24 7
a 113 128 0 49 2
a 113 23 0 35 4
a 113 105 0 22 7
a 116 142 0 49 10
a 116 14 0 10 7
a 116 25 0 38 6
a 116 168 0 40 8
a 117 69 0 49 7
a 117 107 0 1 10
a 117 96 0 37 5
a 117 130 0 11 1
a 117 161 0 7 9
a 117 71 0 48 4
a 120 26 0 49 4
a 120 31 0 26 10
a 120 85 0 35 7
a 120 69 0 7 3
a 120 57 0 19 5
a 120 30 0 23 7
a 122 37 0 49 7
a 122 123 0 38 2
a 122 182 0 10 8
a 122 89 0 6 4
a 122 44 0 21 6
a 122 148 0 46 3
a 124 189 0 49 1
a 124 111 0 24 8
a 124 3 0 5 6
a 124 48 0 38 7
a 126 137 0 49 6
a 126 111 0 25 4
a 126 113 0 21 2
a 126 198 0 44 2
a 126 17 0 5 2
a 127 159 0 49 5
a 127 30 0 14 3
a 127 119 0 42 7
a 128 146 0 49 4
a 128 4 0 48 9
a 128 126 0 37 10
a 128 186 0 18 1
a 128 13 0 11 6
a 128 155 0 9 5
a 129 200 0 49 4
a 129 70 0 31 9
a 129 119 0 29 7
a 130 109 0 49 5
a 130 4 0 26 4
a 130 82 0 13 1
a 130 133 0 26 10
a 131 197 0 49 3
a 131 22 0 11 10
a 131 4 0 46 1
a 131 154 0 25 9
a 131 69 0 33 5
a 131 169 0 45 3
a 134 117 0 49 7
a 134 131 0 4 8
a 134 3 0 38 1
a 134 186 0 50 9
a 135 181 0 49 8
a 135 64 0 31 10
a 135 102 0 17 8
a 136 98 0 49 2
a 136 152 0 1 2
a 136 87 0 20 8
a 136 190 0 44 8
a 137 192 0 49 4
a 137 87 0 32 7
a 137 133 0 49 8
a 137 72 0 37 10
a 137 144 0 38 2
a 137 45 0 38 8
a 140 45 0 49 6
a 140 168 0 39 5
a 140 104 0 50 5
a 140 114 0 41 6
a 140 56 0 20 4
a 140 150 0 42 2
a 142 129 0 49 1
a 142 29 0 27 10
a 146 198 0 49 6
a 146 147 0 37 5
a 155 44 0 49 10
a 155 48 0 35 3
a 155 23 0 34 1
a 155 28 0 22 10
a 155 102 0 2 8
a 155 200 0 4 1
a 157 135 0 49 8
a 157 57 0 39 1
a 158 173 0 49 4
a 158 33 0 12 6
a 158 20 0 7 6
a 158 67 0 22 4
a 159 167 0 49 2
a 159 66 0 42 3
a 159 79 0 44 2
a 159 130 0 11 1
a 160 116 0 49 6
a 160 193 0 4 6
a 160 20 0 18 2
a 161 124 0 49 10
a 161 177 0 43 10
a 161 15 0 1 2
a 161 120 0 37 7
a 162 131 0 49 4
a 162 96 0 15 2
a 165 89 0 49 10
a 165 186 0 21 5
a 165 182 0 33 8
a 165 55 0 22 7
a 165 141 0 25 1
a 167 66 0 49 2
a 167 28 0 2 6
a 167 138 0 3 5
a 167 17 0 39 4
a 169 155 0 49 8
a 169 131 0 18 2
a 171 158 0 49 5
a 171 143 0 32 3
a 171 68 0 47 3
a 171 10 0 45 6
a 171 65 0 29 1
a 171 30 0 48 8
a 173 7 0 49 8
a 173 185 0 7 7
a 173 147 0 32 7
a 173 188 0 44 9
a 178 63 0 49 8
a 178 9 0 38 7
a 178 90 0 32 4
a 178 45 0 9 4
a 178 148 0 19 10
a 180 67 0 49 4
a 180 33 0 48 2
a 181 111 0 49 3
a 181 32 0 38 4
a 181 174 0 31 9
a 181 39 0 27 9
a 182 42 0 49 6
a 182 191 0 41 3
a 182 93 0 21 10
a 182 118 0 29 1
a 182 14 0 7 6
a 182 75 0 20 1
a 184 16 0 49 3
a 184 9 0 3 8
a 185 59 0 49 10
a 185 153 0 38 2
a 185 164 0 23 8
a 187 6 0 49 8
a 187 64 0 7 1
a 187 156 0 21 4
a 187 12 0 32 9
a 188 15 0 49 5
a 188 193 0 40 5
a 189 12 0 49 6
a 189 114 0 17 6
a 189 33 0 7 2
a 189 89 0 30 2
a 189 154 0 35 10
a 189 29 0 27 5
a 192 48 0 49 4
a 192 179 0 9 10
a 192 72 0 40 5
a 192 40 0 33 10
a 193 171 0 49 2
a 193 100 0 4 2
a 193 23 0 45 10
a 193 169 0 27 1
a 193 116 0 26 6
a 193 128 0 13 8
a 196 108 0 49 4
a 196 136 0 13 5
a 197 10 0 49 2
a 197 42 0 45 1
a 197 60 0 45 9
a 197 141 0 4 2
a 198 193 0 49 2
a 198 168 0 43 5
a 198 156 0 32 2
a 2 145 0 1 2
a 2 125 0 18 6
a 2 146 0 48 9
a 2 74 0 31 9
a 2 154 0 24 2
a 2 94 0 23 3
a 3 91 0 1 3
a 3 74 0 39 8
a 3 98 0 47 8
a 4 156 0 1 1
a 4 13 0 37 8
a 4 115 0 14 6
a 13 68 0 1 3
a 13 85 0 29 5
a 13 84 0 11 7
a 14 87 0 1 2
a 14 91 0 5 6
a 14 196 0 11 3
a 14 27 0 6 10
a 14 81 0 33 4
a 14 3 0 34 8
a 17 55 0 1 1
a 17 79 0 25 8
a 17 43 0 44 2
a 17 24 0 36 5
a 17 27 0 46 5
a 17 7 0 48 5
a 19 168 0 1 5
a 19 161 0 18 4
a 19 6 0 15 2
a 19 108 0 12 7
a 19 102 0 24 3
a 19 5 0 37 3
a 20 52 0 1 2
a 20 154 0 24 9
a 21 57 0 1 7
a 21 127 0 12 1
a 22 53 0 1 5
a 22 128 0 11 8
a 22 31 0 29 10
a 22 16 0 3 9
a 22 33 0 18 10
a 22 94 0 7 1
a 23 186 0 1 2
a 23 101 0 25 8
a 23 139 0 30 8
a 23 148 0 19 8
a 24 139 0 1 1
a 24 68 0 23 1
a 24 101 0 25 3
a 24 51 0 35 1
a 24 160 0 39 2
a 27 93 0 1 3
a 27 144 0 11 8
a 27 76 0 32 3
a 27 128 0 33 7
a 27 124 0 28 5
a 28 119 0 1 1
a 28 197 0 37 4
a 28 31 0 4 6
a 28 156 0 7 10
a 29 33 0 1 4
a 29 111 0 11 10
a 29 87 0 41 10
a 30 121 0 1 10
a 30 145 0 43 7
a 30 22 0 44 4
a 30 107 0 44 3
a 31 191 0 1 4
a 31 169 0 34 2
a 31 54 0 35 10
a 31 147 0 40 9
a 31 186 0 32 5
a 32 118 0 1 5
a 32 4 0 33 3
a 33 200 0 1 9
a 33 176 0 25 2
a 41 29 0 1 3
a 41 47 0 10 7
a 41 35 0 35 10
a 41 195 0 16 6
a 41 92 0 47 7
a 50 199 0 1 8
a 50 71 0 1 1
a 50 54 0 43 7
a 50 112 0 21 5
a 51 143 0 1 6
a 51 85 0 29 4
a 51 80 0 37 5
a 51 68 0 9 4
a 52 75 0 1 7
a 52 155 0 26 8
a 52 149 0 46 9
a 52 60 0 39 2
a 52 194 0 45 10
a 52 100 0 42 3
a 53 4 0 1 4
a 53 95 0 14 3
a 53 86 0 37 2
a 53 72 0 48 5
a 54 152 0 1 5
a 54 71 0 1 8
a 54 87 0 43 8
a 55 194 0 1 4
a 55 52 0 25 6
a 55 115 0 10 4
a 55 114 0 2 6
a 55 60 0 16 4
a 55 42 0 45 4
a 56 62 0 1 1
a 56 85 0 11 7
a 56 166 0 31 7
a 56 97 0 9 2
a 57 170 0 1 5
a 57 72 0 39 9
a 60 72 0 1 7
a 60 200 0 23 2
a 60 130 0 42 2
a 60 137 0 43 7
a 61 32 0 1 6
a 61 43 0 5 8
a 61 116 0 33 4
a 61 87 0 38 8
a 61 66 0 49 7
a 62 19 0 1 7
a 62 117 0 19 4
a 62 190 0 20 4
a 68 3 0 1 7
a 68 161 0 32 9
a 70 141 0 1 7
a 70 172 0 6 7
a 70 58 0 11 6
a 71 164 0 1 7
a 71 7 0 43 10
a 71 35 0 3 6
a 72 101 0 1 5
a 72 88 0 20 2
a 72 31 0 45 3
a 73 61 0 1 8
a 73 152 0 9 1
a 73 68 0 49 5
a 74 174 0 1 10
a 74 71 0 11 3
a 75 78 0 1 5
a 75 193 0 48 2
a 75 49 0 31 1
a 75 160 0 20 1
a 75 100 0 46 4
a 75 101 0 41 10
a 76 86 0 1 8
a 76 37 0 7 7
a 76 32 0 48 8
a 76 133 0 34 1
a 76 91 0 45 5
a 78 154 0 1 5
a 78 66 0 19 4
a 78 193 0 28 4
a 78 77 0 0 9
a 78 61 0 30 1
a 78 173 0 14 7
a 81 21 0 1 2
a 81 131 0 23 3
a 81 63 0 7 2
a 81 49 0 45 6
a 82 179 0 1 3
a 82 58 0 33 3
a 85 114 0 1 7
a 85 59 0 21 3
a 85 28 0 17 7
a 85 24 0 50 10
a 86 115 0 1 6
a 86 17 0 7 4
a 87 176 0 1 4
a 87 88 0 41 4
a 87 97 0 45 5
a 87 89 0 3 5
a 88 183 0 1 8
a 88 190 0 21 10
a 88 50 0 24 7
a 91 163 0 1 10
a 91 184 0 43 6
a 92 153 0 1 8
a 92 38 0 31 10
a 92 196 0 12 3
a 92 83 0 33 4
a 92 124 0 44 7
a 93 76 0 1 2
a 93 69 0 25 8
a 93 65 0 22 3
a 93 42 0 7 5
a 95 28 0 1 2
a 95 111 0 10 7
a 95 197 0 32 8
a 95 31 0 40 5
a 95 168 0 40 9
a 95 80 0 50 7
a 96 23 0 1 8
a 96 21 0 26 1
a 96 10 0 48 8
a 99 54 0 1 8
a 99 154 0 39 1
a 99 75 0 29 5
a 101 112 0 1 1
a 101 195 0 1 5
a 101 172 0 38 4
a 101 32 0 0 9
a 102 50 0 1 2
a 102 120 0 39 9
a 102 111 0 50 10
a 102 185 0 20 1
a 104 190 0 1 6
a 104 45 0 43 10
a 104 174 0 4 9
a 105 102 0 1 3
a 105 76 0 42 10
a 105 115 0 22 3
a 105 139 0 37 4
a 105 17 0 22 2
a 106 110 0 1 5
a 106 127 0 42 6
a 106 155 0 11 4
a 106 148 0 22 3
a 110 81 0 1 10
a 110 45 0 40 4
a 110 181 0 10 1
a 112 123 0 1 4
a 112 79 0 40 3
a 112 108 0 10 4
a 112 133 0 17 6
a 112 70 0 47 7
a 114 73 0 1 1
a 114 171 0 19 9
a 114 5 0 19 3
a 114 105 0 41 2
a 114 102 0 44 8
a 114 69 0 30 9
a 115 151 0 1 6
a 115 126 0 33 1
a 115 73 0 29 1
a 115 197 0 39 6
a 115 43 0 7 5
a 118 132 0 1 1
a 118 137 0 46 4
a 118 104 0 35 10
a 118 124 0 16 1
a 118 70 0 11 8
a 119 82 0 1 8
a 119 51 0 24 10
a 119 162 0 4 3
a 119 34 0 47 2
a 119 56 0 6 5
a 121 166 0 1 4
a 121 140 0 5 8
a 123 13 0 1 2
a 123 31 0 29 5
a 123 199 0 46 2
a 125 20 0 1 6
a 125 138 0 19 8
a 125 182 0 13 2
a 125 79 0 28 2
a 132 105 0 1 8
a 132 196 0 44 6
a 133 147 0 1 7
a 133 164 0 6 2
a 133 151 0 10 3
a 133 45 0 39 4
a 138 60 0 1 10
a 138 51 0 2 2
a 138 22 0 6 9
a 138 19 0 12 4
a 138 77 0 18 6
a 138 98 0 33 7
a 139 41 0 1 2
a 139 52 0 10 4
a 139 146 0 22 8
a 139 63 0 32 8
a 141 106 0 1 9
a 141 92 0 26 5
a 141 9 0 11 9
a 141 3 0 19 7
a 143 133 0 1 7
a 143 200 0 1 1
a 144 125 0 1 8
a 144 153 0 12 7
a 144 88 0 49 5
a 144 39 0 18 1
a 145 172 0 1 8
a 145 73 0 15 5
a 147 24 0 1 8
a 147 77 0 2 3
a 147 92 0 26 10
a 147 156 0 40 4
a 147 13 0 4 9
a 147 37 0 13 2
a 147 113 0 50 6
a 148 150 0 1 5
a 148 142 0 4 7
a 148 52 0 9 10
a 148 199 0 33 1
a 148 126 0 12 10
a 148 36 0 34 5
a 149 85 0 1 4
a 149 141 0 10 1
a 149 167 0 11 2
a 150 92 0 1 3
a 150 160 0 40 7
a 150 117 0 16 5
a 150 78 0 42 9
a 150 36 0 12 9
a 150 174 0 48 1
a 151 95 0 1 9
a 151 53 0 50 10
a 151 27 0 37 8
a 151 195 0 40 2
a 151 61 0 44 9
a 152 30 0 1 6
a 152 40 0 7 3
a 152 66 0 28 6
a 152 49 0 48 4
a 152 12 0 44 10
a 152 108 0 27 8
a 153 56 0 1 8
a 153 26 0 23 7
a 154 104 0 1 7
a 154 98 0 50 4
a 154 159 0 33 9
a 156 195 0 1 6
a 156 68 0 30 8
a 156 112 0 43 2
a 156 155 0 12 7
a 156 9 0 14 3
a 156 190 0 36 8
a 163 96 0 1 4
a 163 84 0 21 7
a 163 122 0 25 5
a 164 175 0 1 2
a 164 70 0 19 4
a 164 195 0 17 4
a 164 114 0 9 4
a 164 126 0 37 4
a 166 27 0 1 1
a 166 141 0 50 9
a 166 186 0 4 8
a 166 87 0 30 10
a 168 14 0 1 10
a 168 44 0 27 3
a 170 177 0 1 8
a 170 42 0 39 5
a 170 116 0 17 10
a 170 72 0 0 5
a 170 18 0 27 3
a 170 139 0 39 6
a 172 144 0 1 3
a 172 151 0 40 8
a 172 159 0 35 4
a 172 65 0 25 2
a 172 18 0 23 8
a 174 99 0 1 8
a 174 12 0 47 5
a 174 172 0 28 5
a 174 70 0 38 6
a 174 79 0 42 6
a 175 148 0 1 4
a 175 113 0 16 10
a 175 63 0 24 5
a 176 88 0 1 5
a 176 110 0 25 1
a 176 107 0 49 7
a 176 61 0 6 10
a 177 74 0 1 7
a 177 127 0 12 5
a 177 72 0 2 7
a 179 17 0 1 8
a 179 194 0 36 4
a 179 46 0 44 4
a 183 51 0 1 6
a 183 99 0 45 6
a 183 107 0 30 10
a 186 149 0 1 6
a 186 42 0 6 1
a 186 13 0 29 4
a 190 31 0 1 6
a 190 110 0 1 3
a 191 22 0 1 10
a 191 16 0 35 7
a 191 160 0 22 9
a 194 138 0 1 2
a 194 158 0 27 3
a 194 31 0 40 7
a 194 50 0 0 9
a 194 49 0 36 5
a 195 70 0 1 7
a 195 168 0 16 7
