c PyNETGEN v1.0.0
c $ pip install pynetgen
c
c  NETGEN flow network generation algorithm
c  Problem input parameters
c  -------------------------------------
c   Random seed:          7
c   Number of nodes:      200
c   Source nodes:         2
c   Sink nodes:           2
c   Number of arcs:       800
c   Minimum arc cost:     1
c   Maximum arc cost:     10
c   Total supply:         50
c   Transshipment -
c     Sources:            0
c     Sinks:              0
c   Skeleton arcs -
c     With max cost:      0
c     Capacitated:        100
c   Minimum arc capacity: 0
c   Maximum arc capacity: 50
c
c  *** Minimum cost flow ***
c
p min 200 800
n 1 25
n 2 25
n 199 -24
n 200 -26
a 1 100 0 25 9
a 1 60 0 22 10
a 4 32 0 25 8
a 4 120 0 24 5
a 4 19 0 37 2
a 5 28 0 25 1
a 5 163 0 3 5
a 6 164 0 25 6
a 6 118 0 45 4
a 8 57 0 25 8
a 8 121 0 8 8
a 8 60 0 6 7
a 10 49 0 25 2
a 10 197 0 0 8
a 10 18 0 12 1
a 10 153 0 11 1
a 14 200 0 25 7
a 14 175 0 18 5
a 14 55 0 48 4
a 14 93 0 20 2
a 14 183 0 44 1
a 17 25 0 25 10
a 17 13 0 49 10
a 17 60 0 26 6
a 17 146 0 25 2
a 17 59 0 34 2
a 18 163 0 25 3
a 18 60 0 6 2
a 18 185 0 25 10
a 19 75 0 25 7
a 19 85 0 44 8
a 19 77 0 14 4
a 19 117 0 27 5
a 20 158 0 25 2
a 20 99 0 9 3
a 21 175 0 25 10
a 21 95 0 31 9
a 21 128 0 6 5
a 25 126 0 25 9
a 25 173 0 9 9
a 25 69 0 38 3
a 25 63 0 37 1
a 27 182 0 25 5
a 27 146 0 7 6
a 28 115 0 25 1
a 28 159 0 32 9
a 28 105 0 8 8
a 28 186 0 3 3
a 28 155 0 4 4
a 28 199 0 1 6
a 28 36 0 0 10
a 31 85 0 25 6
a 31 45 0 14 10
a 31 49 0 13 1
a 31 21 0 6 9
a 31 173 0 11 10
a 31 136 0 37 2
a 31 19 0 1 10
a 32 187 0 25 10
a 32 28 0 36 4
a 32 78 0 0 2
a 32 193 0 0 9
a 38 18 0 25 5
a 38 107 0 40 10
a 38 192 0 14 9
a 38 141 0 12 6
a 41 10 0 25 5
a 41 7 0 2 1
a 41 111 0 9 5
a 41 191 0 38 5
a 42 176 0 25 10
a 42 136 0 4 3
a 43 8 0 25 10
a 43 74 0 40 5
a 43 155 0 35 3
a 43 127 0 22 2
a 43 57 0 25 10
a 43 118 0 42 6
a 44 66 0 25 5
a 44 68 0 37 1
a 44 62 0 30 4
a 44 180 0 19 6
a 46 5 0 25 1
a 46 83 0 44 3
a 46 149 0 20 2
a 46 104 0 25 8
a 46 31 0 0 8
a 46 93 0 9 6
a 46 81 0 41 6
a 48 38 0 25 6
a 48 45 0 42 9
a 48 35 0 50 6
a 49 97 0 25 2
a 49 7 0 43 10
a 49 169 0 39 7
a 49 45 0 4 8
a 49 27 0 44 7
a 51 41 0 25 6
a 51 49 0 42 4
a 51 127 0 10 5
a 51 175 0 18 9
a 52 44 0 25 5
a 52 85 0 37 6
a 52 4 0 7 4
a 52 130 0 39 2
a 54 46 0 25 2
a 54 43 0 22 1
a 54 103 0 33 4
a 54 104 0 40 2
a 54 160 0 42 10
a 56 48 0 25 9
a 56 169 0 5 1
a 56 110 0 16 1
a 56 17 0 17 3
a 57 72 0 25 2
a 57 74 0 24 8
a 57 197 0 49 9
a 57 25 0 18 7
a 59 71 0 25 4
a 59 35 0 30 6
a 59 170 0 18 10
a 62 154 0 25 4
a 62 75 0 29 10
a 62 185 0 22 10
a 62 161 0 23 4
a 65 51 0 25 2
a 65 19 0 3 4
a 65 122 0 7 3
a 65 171 0 20 10
a 65 101 0 38 4
a 65 90 0 37 3
a 65 104 0 36 2
a 66 185 0 25 3
a 66 84 0 3 1
a 66 26 0 15 2
a 66 72 0 48 4
a 66 41 0 38 5
a 66 74 0 11 4
a 67 86 0 25 4
a 67 190 0 23 9
a 67 128 0 9 1
a 67 115 0 34 6
a 67 85 0 21 9
a 69 193 0 25 8
a 69 3 0 15 7
a 69 7 0 41 5
a 69 136 0 44 7
a 71 104 0 25 3
a 71 15 0 39 9
a 71 56 0 38 4
a 71 38 0 30 10
a 72 19 0 25 2
a 72 70 0 2 2
a 72 198 0 41 9
a 72 112 0 16 6
a 72 91 0 49 10
a 72 161 0 29 10
a 72 199 0 29 3
a 73 56 0 25 5
a 73 126 0 26 3
a 73 117 0 4 5
a 73 44 0 48 2
a 75 67 0 25 8
a 75 95 0 10 8
a 75 189 0 4 1
a 75 108 0 7 3
a 75 15 0 36 10
a 75 80 0 17 7
a 79 102 0 25 4
a 79 84 0 6 9
a 79 29 0 39 3
a 79 67 0 42 9
a 79 19 0 45 8
a 81 113 0 25 8
a 81 167 0 34 4
a 81 15 0 38 8
a 81 173 0 4 1
a 81 161 0 26 4
a 83 54 0 25 7
a 83 195 0 35 10
a 83 160 0 49 6
a 83 98 0 19 5
a 83 15 0 5 4
a 85 81 0 25 3
a 85 115 0 1 9
a 85 129 0 25 9
a 85 73 0 18 3
a 86 112 0 25 4
a 86 195 0 4 7
a 88 69 0 25 4
a 88 67 0 17 3
a 88 42 0 21 3
a 89 120 0 25 10
a 89 66 0 34 10
a 94 139 0 25 5
a 94 181 0 37 9
a 94 138 0 45 1
a 94 62 0 44 3
a 94 151 0 37 4
a 97 124 0 25 6
a 97 71 0 30 10
a 97 96 0 34 5
a 97 109 0 26 2
a 100 79 0 25 2
a 100 179 0 22 3
a 100 90 0 42 8
a 100 29 0 30 2
a 100 7 0 44 5
a 100 81 0 0 5
a 100 10 0 10 4
a 102 152 0 25 2
a 102 18 0 7 2
a 102 156 0 1 4
a 102 71 0 38 8
a 104 110 0 25 3
a 104 19 0 9 10
a 106 166 0 25 3
a 106 71 0 29 2
a 106 124 0 20 6
a 110 88 0 25 2
a 110 44 0 42 7
a 110 120 0 0 6
a 110 161 0 24 4
a 111 181 0 25 7
a 111 129 0 38 8
a 111 89 0 49 5
a 111 120 0 4 5
a 111 166 0 29 2
a 111 83 0 23 5
a 112 135 0 25 6
a 112 146 0 22 8
a 112 200 0 26 2
a 112 23 0 37 3
a 112 132 0 19 5
a 113 128 0 25 3
a 113 121 0 35 4
a 114 27 0 25 2
a 114 101 0 13 2
a 114 93 0 27 1
a 114 59 0 43 9
a 114 197 0 46 4
a 114 198 0 20 5
a 115 161 0 25 5
a 115 54 0 41 5
a 115 146 0 22 2
a 118 132 0 25 3
a 118 122 0 26 3
a 118 181 0 21 3
a 120 197 0 25 4
a 120 110 0 47 4
a 124 134 0 25 4
a 124 54 0 6 10
a 124 143 0 48 1
a 124 18 0 29 2
a 124 125 0 2 10
a 126 31 0 25 6
a 126 97 0 42 2
a 126 107 0 47 9
a 126 136 0 7 2
a 126 3 0 25 2
a 126 82 0 2 8
a 126 133 0 5 7
a 127 167 0 25 2
a 127 154 0 42 5
a 127 67 0 6 1
a 127 155 0 39 4
a 127 171 0 3 1
a 127 159 0 36 7
a 128 89 0 25 1
a 128 3 0 21 5
a 128 121 0 33 2
a 128 42 0 22 3
a 130 190 0 25 3
a 130 148 0 25 6
a 130 33 0 19 10
a 130 12 0 49 2
a 130 70 0 42 9
a 130 131 0 19 3
a 131 65 0 25 8
a 131 42 0 2 4
a 131 104 0 8 8
a 131 193 0 15 2
a 132 94 0 25 6
a 132 200 0 28 8
a 134 106 0 25 3
a 134 107 0 21 9
a 134 112 0 41 5
a 135 183 0 25 6
a 135 178 0 48 8
a 135 72 0 42 3
a 135 122 0 8 1
a 139 83 0 25 4
a 139 141 0 31 6
a 139 188 0 44 2
a 140 17 0 25 2
a 140 43 0 2 9
a 140 143 0 27 3
a 140 130 0 4 9
a 140 187 0 39 10
a 146 21 0 25 10
a 146 142 0 10 9
a 146 168 0 7 7
a 146 45 0 8 3
a 151 59 0 25 2
a 151 23 0 39 8
a 151 55 0 25 3
a 152 118 0 25 4
a 152 84 0 0 1
a 154 42 0 25 1
a 154 107 0 6 2
a 154 48 0 7 1
a 158 127 0 25 10
a 158 37 0 8 10
a 158 179 0 35 7
a 158 5 0 48 9
a 158 91 0 33 3
a 158 141 0 10 4
a 161 130 0 25 10
a 161 126 0 27 1
a 161 86 0 37 10
a 162 140 0 25 3
a 162 130 0 40 10
a 162 143 0 49 9
a 162 49 0 23 10
a 162 191 0 3 2
a 162 171 0 47 5
a 163 162 0 25 10
a 163 195 0 24 8
a 164 111 0 25 6
a 164 172 0 20 8
a 166 196 0 25 1
a 166 168 0 31 3
a 166 132 0 1 2
a 166 99 0 32 7
a 166 10 0 40 6
a 166 44 0 48 10
a 167 14 0 25 8
a 167 42 0 48 6
a 175 198 0 25 2
a 175 199 0 25 4
a 175 114 0 8 6
a 175 57 0 16 3
a 175 118 0 48 7
a 175 90 0 14 9
a 176 146 0 25 7
a 176 114 0 8 6
a 181 73 0 25 8
a 181 27 0 1 9
a 181 198 0 48 2
a 181 91 0 40 8
a 181 121 0 49 4
a 181 165 0 14 2
a 181 152 0 5 10
a 182 184 0 25 7
a 182 120 0 32 7
a 182 186 0 1 5
a 182 57 0 22 1
a 182 67 0 4 5
a 183 52 0 25 7
a 183 35 0 27 8
a 183 81 0 26 7
a 183 185 0 33 10
a 183 32 0 1 8
a 184 131 0 25 7
a 184 92 0 4 7
a 184 77 0 6 7
a 185 20 0 25 9
a 185 188 0 5 2
a 185 102 0 14 10
a 185 114 0 14 8
a 185 152 0 21 2
a 187 151 0 25 4
a 187 22 0 22 4
a 187 131 0 41 2
a 190 4 0 25 10
a 190 141 0 49 2
a 190 174 0 8 5
a 190 44 0 31 7
a 190 65 0 22 10
a 190 132 0 25 7
a 193 114 0 25 4
a 193 155 0 14 9
a 193 109 0 31 1
a 193 189 0 50 2
a 193 89 0 45 10
a 196 6 0 25 5
a 196 125 0 13 7
a 196 163 0 41 5
a 196 51 0 0 3
a 196 22 0 7 7
a 196 166 0 31 5
a 197 62 0 25 7
a 197 111 0 1 8
a 197 196 0 37 6
a 197 88 0 21 4
a 198 43 0 25 2
a 198 44 0 9 5
a 2 157 0 25 7
a 2 109 0 30 4
a 3 29 0 25 3
a 3 46 0 12 10
a 3 61 0 23 2
a 3 26 0 38 3
a 3 124 0 39 4
a 7 133 0 25 10
a 7 182 0 39 9
a 7 144 0 12 3
a 7 130 0 34 3
a 7 8 0 45 9
a 9 199 0 25 10
a 9 122 0 10 4
a 9 67 0 47 5
a 9 160 0 49 9
a 9 81 0 16 6
a 9 128 0 47 8
a 11 125 0 25 5
a 11 163 0 6 10
a 11 25 0 20 4
a 11 31 0 48 3
a 11 48 0 26 5
a 11 108 0 0 8
a 12 192 0 25 3
a 12 187 0 37 9
a 12 39 0 4 6
a 13 147 0 25 4
a 13 121 0 13 2
a 13 187 0 3 5
a 15 179 0 25 9
a 15 96 0 3 7
a 16 33 0 25 2
a 16 78 0 37 5
a 16 119 0 45 5
a 16 188 0 7 7
a 16 173 0 12 4
a 16 189 0 43 1
a 22 189 0 25 10
a 22 86 0 40 10
a 22 199 0 29 2
a 22 19 0 30 5
a 23 45 0 25 7
a 23 140 0 40 8
a 23 127 0 19 7
a 23 115 0 49 9
a 24 168 0 25 4
a 24 93 0 46 7
a 24 33 0 34 3
a 24 198 0 31 1
a 24 137 0 11 1
a 26 137 0 25 4
a 26 108 0 0 9
a 26 198 0 24 4
a 26 43 0 5 2
a 26 14 0 9 5
a 26 22 0 29 1
a 29 194 0 25 1
a 29 109 0 12 3
a 29 123 0 39 8
a 30 35 0 25 8
a 30 105 0 2 7
a 33 141 0 25 5
a 33 93 0 31 3
a 33 127 0 33 8
a 34 64 0 25 3
a 34 40 0 36 8
a 34 171 0 20 9
a 34 106 0 43 2
a 35 156 0 25 1
a 35 29 0 8 1
a 35 65 0 3 9
a 36 171 0 25 3
a 36 150 0 49 5
a 36 6 0 15 2
a 36 158 0 25 3
a 37 24 0 25 7
a 37 50 0 40 8
a 37 166 0 3 5
a 37 108 0 32 1
a 39 107 0 25 10
a 39 23 0 11 8
a 39 32 0 39 7
a 39 63 0 25 9
a 40 22 0 25 2
a 40 20 0 29 10
a 45 58 0 25 5
a 45 101 0 30 6
a 45 107 0 39 1
a 45 63 0 44 10
a 47 123 0 25 1
a 47 131 0 31 1
a 50 84 0 25 5
a 50 13 0 30 4
a 50 183 0 21 2
a 50 16 0 8 4
a 53 105 0 25 1
a 53 69 0 38 2
a 53 115 0 18 5
a 55 23 0 25 1
a 55 134 0 16 3
a 55 41 0 26 2
a 55 114 0 39 10
a 58 103 0 25 7
a 58 148 0 27 9
a 60 74 0 25 3
a 60 124 0 32 7
a 61 92 0 25 6
a 61 10 0 37 10
a 61 148 0 28 5
a 61 44 0 1 5
a 61 16 0 34 7
a 63 173 0 25 7
a 63 53 0 9 6
a 63 25 0 1 9
a 64 91 0 25 5
a 64 102 0 31 6
a 64 96 0 49 8
a 68 3 0 25 1
a 68 94 0 16 4
a 68 93 0 9 1
a 68 29 0 38 5
a 68 72 0 40 7
a 68 164 0 36 2
a 68 169 0 39 4
a 70 98 0 25 9
a 70 35 0 23 9
a 70 23 0 50 7
a 70 167 0 20 5
a 70 195 0 36 1
a 70 55 0 11 5
a 70 89 0 40 10
a 74 78 0 25 5
a 74 200 0 25 2
a 74 183 0 12 1
a 74 25 0 49 5
a 74 90 0 44 8
a 74 6 0 7 7
a 76 15 0 25 5
a 76 199 0 15 3
a 76 79 0 50 10
a 76 35 0 6 1
a 76 198 0 48 4
a 76 164 0 50 4
a 77 99 0 25 3
a 77 177 0 11 8
a 77 20 0 10 1
a 77 115 0 35 8
a 77 109 0 48 10
a 78 170 0 25 4
a 78 6 0 4 4
a 78 121 0 48 10
a 78 145 0 34 4
a 78 114 0 50 9
a 78 88 0 12 4
a 80 122 0 25 5
a 80 159 0 24 2
a 80 183 0 16 10
a 80 113 0 29 4
a 80 114 0 14 5
a 82 90 0 25 7
a 82 87 0 6 4
a 82 31 0 18 3
a 82 143 0 4 2
a 84 93 0 25 1
a 84 122 0 12 4
a 84 24 0 33 3
a 84 186 0 34 10
a 84 17 0 46 1
a 87 191 0 25 5
a 87 117 0 37 1
a 87 194 0 49 4
a 90 30 0 25 10
a 90 64 0 29 9
a 90 165 0 47 1
a 91 82 0 25 10
a 91 117 0 50 4
a 91 28 0 36 8
a 91 162 0 44 10
a 91 129 0 39 8
a 92 149 0 25 2
a 92 33 0 11 4
a 92 83 0 48 10
a 92 37 0 46 10
a 92 96 0 15 3
a 92 19 0 39 10
a 93 63 0 25 2
a 93 55 0 19 3
a 95 70 0 25 10
a 95 67 0 19 3
a 96 68 0 25 7
a 96 187 0 20 6
a 96 75 0 21 9
a 98 87 0 25 10
a 98 182 0 34 6
a 98 131 0 48 3
a 98 116 0 40 9
a 99 53 0 25 4
a 99 121 0 14 10
a 101 96 0 25 1
a 101 124 0 21 9
a 101 132 0 33 5
a 101 50 0 5 2
a 101 116 0 11 10
a 103 143 0 25 5
a 103 24 0 36 1
a 103 117 0 20 3
a 103 76 0 46 6
a 103 30 0 26 5
a 103 100 0 36 7
a 105 186 0 25 2
a 105 183 0 0 4
a 105 189 0 15 2
a 105 42 0 29 6
a 107 37 0 25 4
a 107 58 0 48 6
a 107 42 0 49 2
a 107 147 0 16 5
a 107 145 0 36 3
a 107 52 0 27 1
a 108 178 0 25 9
a 108 50 0 45 3
a 108 78 0 20 8
a 109 136 0 25 9
a 109 38 0 21 2
a 109 118 0 37 3
a 109 115 0 40 10
a 116 172 0 25 1
a 116 113 0 40 7
a 116 83 0 44 3
a 116 73 0 3 7
a 116 9 0 3 10
a 117 80 0 25 6
a 117 67 0 17 6
a 117 60 0 22 2
a 117 17 0 21 7
a 117 150 0 17 2
a 117 199 0 8 10
a 119 13 0 25 6
a 119 198 0 11 5
a 119 95 0 5 3
a 119 101 0 15 2
a 119 105 0 15 7
a 121 174 0 25 8
a 121 100 0 37 7
a 121 18 0 12 10
a 121 115 0 37 1
a 121 182 0 37 3
a 122 160 0 25 2
a 122 48 0 19 1
a 122 54 0 25 8
a 123 142 0 25 8
a 123 26 0 27 4
a 123 77 0 44 4
a 123 193 0 38 9
a 125 119 0 25 3
a 125 18 0 7 4
a 129 116 0 25 1
a 129 119 0 43 4
a 129 42 0 28 3
a 129 94 0 16 5
a 129 41 0 46 9
a 129 67 0 4 5
a 133 12 0 25 10
a 133 154 0 48 7
a 133 142 0 13 8
a 133 35 0 27 3
a 136 40 0 25 9
a 136 14 0 13 1
a 136 54 0 47 6
a 136 165 0 42 10
a 137 101 0 25 3
a 137 11 0 3 1
a 137 77 0 47 2
a 137 92 0 33 3
a 138 195 0 25 9
a 138 124 0 7 1
a 141 117 0 25 10
a 141 95 0 50 6
a 142 150 0 25 6
a 142 129 0 31 2
a 142 122 0 3 8
a 142 13 0 31 10
a 142 148 0 2 7
a 142 28 0 31 6
a 143 144 0 25 10
a 143 186 0 19 1
a 143 43 0 37 1
a 143 126 0 34 7
a 143 117 0 26 10
a 144 26 0 25 3
a 144 188 0 15 1
a 144 93 0 37 5
a 145 36 0 25 4
a 145 167 0 44 4
a 145 108 0 31 1
a 147 95 0 25 5
a 147 50 0 23 6
a 147 151 0 23 7
a 147 19 0 44 2
a 148 39 0 25 5
a 148 145 0 45 10
a 148 102 0 23 5
a 148 80 0 27 5
a 149 47 0 25 4
a 149 77 0 12 3
a 149 54 0 43 9
a 150 188 0 25 10
a 150 38 0 3 10
a 150 117 0 29 6
a 150 200 0 32 6
a 150 47 0 30 2
a 153 177 0 25 1
a 153 80 0 11 7
a 155 169 0 25 7
a 155 97 0 11 1
a 156 121 0 25 10
a 156 14 0 10 5
a 156 94 0 49 3
a 156 83 0 40 1
a 156 145 0 39 4
a 156 176 0 2 8
a 157 148 0 25 5
a 157 150 0 48 8
a 159 34 0 25 7
a 159 187 0 2 8
a 159 96 0 28 1
a 159 161 0 50 8
a 159 103 0 9 4
a 160 60 0 25 1
a 160 195 0 1 8
a 165 77 0 25 2
a 165 109 0 49 1
a 165 170 0 30 9
a 168 7 0 25 2
a 168 158 0 37 2
a 168 94 0 35 3
a 168 70 0 12 6
a 168 106 0 22 2
a 168 55 0 32 6
a 169 109 0 25 9
a 169 188 0 39 1
a 169 80 0 49 7
a 169 65 0 11 10
a 170 165 0 25 1
a 170 132 0 2 7
a 170 182 0 26 8
a 170 35 0 39 5
a 170 143 0 38 10
a 171 11 0 25 4
a 171 64 0 45 10
a 172 50 0 25 8
a 172 88 0 48 9
a 172 152 0 9 7
a 172 173 0 18 6
a 172 13 0 21 7
a 172 14 0 39 10
a 173 153 0 25 2
a 173 69 0 39 3
a 174 145 0 25 4
a 174 158 0 18 1
a 174 25 0 5 3
a 174 96 0 2 7
a 174 99 0 0 6
a 174 126 0 30 10
a 177 55 0 25 7
a 177 172 0 46 2
a 177 114 0 13 8
a 178 138 0 25 4
a 178 23 0 50 10
a 178 57 0 24 7
a 178 13 0 7 2
a 178 3 0 9 6
a 179 180 0 25 1
a 179 5 0 47 6
a 179 189 0 45 7
a 179 192 0 14 4
a 179 114 0 1 10
a 180 9 0 25 5
a 180 31 0 19 3
a 180 60 0 18 1
a 180 109 0 21 10
a 180 190 0 20 5
a 186 76 0 25 1
a 186 104 0 17 4
a 186 184 0 25 4
a 188 159 0 25 3
a 188 64 0 12 5
a 189 108 0 25 1
a 189 148 0 16 4
a 189 41 0 28 10
a 189 85 0 35 5
a 191 129 0 25 7
a 191 50 0 9 4
a 191 125 0 13 9
a 191 52 0 14 6
a 192 155 0 25 6
a 192 197 0 35 10
a 194 16 0 25 5
a 194 63 0 34 4
a 195 61 0 25 4
a 195 142 0 33 2
a 195 97 0 32 8
