c PyNETGEN v1.0.0
c $ pip install pynetgen
c
c  NETGEN flow network generation algorithm
c  Problem input parameters
c  -------------------------------------
c   Random seed:          12
c   Number of nodes:      200
c   Source nodes:         2
c   Sink nodes:           2
c   Number of arcs:       800
c   Minimum arc cost:     1
c   Maximum arc cost:     10
c   Total supply:         50
c   Transshipment -
c     Sources:            0
c     Sinks:              0
c   Skeleton arcs -
c     With max cost:      0
c     Capacitated:        100
c   Minimum arc capacity: 0
c   Maximum arc capacity: 50
c
c  *** Minimum cost flow ***
c
p min 200 800
n 1 10
n 2 40
n 199 -31
n 200 -19
a 1 157 0 10 6
a 1 14 0 16 8
a 1 116 0 46 10
a 1 174 0 49 4
a 1 12 0 49 10
a 1 45 0 24 5
a 1 86 0 45 7
a 3 199 0 10 2
a 3 153 0 4 2
a 3 193 0 48 6
a 3 185 0 18 9
a 4 77 0 10 2
a 4 144 0 44 4
a 4 38 0 15 7
a 4 159 0 46 6
a 5 50 0 10 5
a 5 40 0 28 10
a 5 79 0 24 9
a 5 122 0 21 8
a 5 4 0 24 2
a 5 175 0 25 2
a 5 27 0 11 3
a 9 137 0 10 7
a 9 59 0 27 8
a 9 50 0 10 7
a 9 29 0 33 1
a 9 84 0 47 7
a 10 51 0 10 7
a 10 101 0 32 7
a 10 37 0 42 3
a 10 60 0 39 6
a 10 126 0 46 9
a 10 177 0 46 8
a 11 124 0 10 8
a 11 33 0 48 3
a 12 174 0 10 7
a 12 132 0 39 9
a 12 117 0 47 6
a 12 38 0 10 3
a 12 160 0 34 7
a 13 96 0 10 2
a 13 199 0 20 1
a 16 169 0 10 6
a 16 117 0 34 8
a 16 193 0 33 6
a 17 39 0 10 6
a 17 7 0 32 4
a 20 40 0 10 3
a 20 98 0 36 9
a 20 142 0 13 2
a 20 195 0 40 9
a 23 142 0 10 8
a 23 5 0 39 4
a 24 47 0 10 9
a 24 10 0 10 4
a 24 126 0 23 10
a 24 75 0 5 7
a 24 14 0 49 5
a 24 81 0 15 3
a 29 180 0 10 4
a 29 69 0 22 5
a 29 103 0 4 10
a 29 181 0 24 10
a 29 50 0 11 1
a 30 4 0 10 7
a 30 103 0 14 3
a 31 114 0 10 4
a 31 199 0 11 9
a 31 185 0 19 8
a 31 4 0 18 9
a 33 46 0 10 3
a 33 92 0 36 4
a 33 115 0 28 9
a 33 178 0 22 3
a 33 96 0 42 8
a 33 38 0 45 3
a 35 144 0 10 8
a 35 40 0 3 10
a 35 89 0 8 6
a 35 122 0 31 9
a 37 112 0 10 1
a 37 85 0 4 7
a 37 16 0 7 2
a 37 3 0 28 3
a 37 88 0 9 6
a 37 150 0 43 7
a 38 115 0 10 2
a 38 42 0 48 6
a 38 136 0 1 6
a 39 38 0 10 5
a 39 50 0 3 4
a 40 65 0 10 2
a 40 107 0 15 1
a 40 27 0 37 7
a 40 185 0 31 3
a 40 84 0 40 1
a 40 160 0 10 7
a 40 100 0 19 7
a 42 69 0 10 6
a 42 17 0 43 4
a 42 38 0 49 4
a 44 5 0 10 6
a 44 8 0 2 5
a 46 186 0 10 6
a 46 42 0 41 1
a 47 91 0 10 7
a 47 92 0 16 4
a 48 11 0 10 2
a 48 52 0 18 8
a 48 18 0 14 6
a 48 72 0 9 6
a 48 102 0 31 5
a 48 49 0 35 10
a 48 120 0 37 10
a 50 35 0 10 2
a 50 180 0 12 8
a 50 198 0 30 4
a 50 182 0 2 9
a 51 86 0 10 6
a 51 65 0 33 8
a 51 131 0 9 1
a 51 132 0 20 8
a 51 99 0 50 2
a 51 70 0 45 10
a 51 166 0 32 8
a 52 158 0 10 10
a 52 12 0 31 1
a 55 92 0 10 7
a 55 126 0 5 6
a 56 20 0 10 7
a 56 30 0 46 9
a 56 7 0 11 5
a 56 8 0 11 5
a 56 148 0 20 4
a 59 107 0 10 6
a 59 9 0 2 6
a 59 188 0 14 6
a 59 115 0 41 1
a 59 198 0 32 4
a 59 32 0 47 4
a 60 13 0 10 7
a 60 191 0 40 1
a 60 135 0 25 10
a 60 195 0 45 10
a 61 67 0 10 2
a 61 115 0 20 3
a 61 17 0 32 3
a 61 105 0 46 9
a 65 99 0 10 2
a 65 125 0 22 5
a 65 173 0 48 1
a 65 126 0 23 10
a 65 148 0 11 3
a 65 147 0 49 4
a 65 168 0 50 4
a 66 151 0 10 5
a 66 39 0 50 6
a 66 18 0 32 2
a 67 30 0 10 1
a 67 24 0 30 10
a 67 117 0 29 8
a 67 76 0 32 5
a 67 22 0 27 1
a 67 27 0 21 2
a 67 61 0 7 7
a 69 44 0 10 1
a 69 34 0 11 5
a 69 19 0 7 9
a 69 31 0 11 9
a 69 162 0 7 9
a 70 190 0 10 6
a 70 139 0 32 9
a 70 78 0 4 2
a 73 167 0 10 2
a 73 69 0 4 10
a 73 102 0 29 3
a 74 193 0 10 3
a 74 145 0 41 7
a 74 180 0 2 7
a 74 147 0 5 5
a 74 183 0 41 3
a 74 184 0 4 8
a 77 83 0 10 8
a 77 171 0 17 3
a 77 50 0 45 9
a 77 84 0 10 7
a 77 31 0 13 2
a 77 128 0 1 5
a 80 12 0 10 5
a 80 8 0 37 5
a 80 7 0 26 8
a 80 111 0 36 10
a 80 42 0 32 7
a 80 35 0 33 9
a 83 172 0 10 9
a 83 94 0 24 5
a 83 191 0 19 4
a 85 33 0 10 5
a 85 169 0 49 5
a 85 107 0 35 9
a 85 15 0 33 3
a 86 101 0 10 5
a 86 159 0 19 9
a 86 59 0 2 2
a 91 16 0 10 9
a 91 14 0 47 8
a 91 175 0 37 8
a 91 122 0 14 6
a 92 165 0 10 4
a 92 192 0 10 4
a 92 167 0 21 9
a 92 15 0 38 4
a 95 141 0 10 1
a 95 118 0 29 9
a 95 73 0 39 3
a 96 194 0 10 3
a 96 98 0 35 2
a 96 181 0 6 3
a 99 160 0 10 6
a 99 200 0 10 10
a 99 56 0 16 6
a 99 109 0 45 2
a 99 32 0 45 8
a 100 133 0 10 8
a 100 96 0 24 9
a 100 169 0 43 1
a 100 162 0 47 4
a 101 159 0 10 6
a 101 7 0 17 6
a 101 193 0 5 10
a 101 40 0 42 1
a 101 171 0 28 9
a 105 128 0 10 7
a 105 127 0 1 3
a 105 103 0 7 3
a 105 59 0 32 10
a 106 168 0 10 8
a 106 50 0 30 6
a 107 31 0 10 3
a 107 186 0 26 4
a 107 91 0 47 9
a 107 156 0 18 9
a 109 48 0 10 10
a 109 186 0 22 10
a 109 187 0 49 5
a 111 185 0 10 8
a 111 5 0 47 8
a 111 9 0 25 6
a 111 31 0 45 2
a 111 123 0 36 7
a 112 130 0 10 1
a 112 200 0 15 8
a 112 68 0 49 3
a 112 40 0 8 9
a 112 96 0 3 4
a 112 36 0 25 6
a 114 109 0 10 9
a 114 123 0 42 10
a 114 127 0 24 9
a 114 176 0 39 1
a 115 74 0 10 9
a 115 29 0 22 9
a 115 152 0 33 2
a 115 46 0 47 6
a 115 137 0 41 4
a 115 200 0 24 2
a 122 184 0 10 7
a 122 72 0 46 3
a 122 50 0 29 7
a 124 106 0 10 2
a 124 139 0 39 10
a 124 84 0 20 8
a 124 57 0 26 4
a 124 105 0 43 4
a 124 117 0 18 2
a 128 143 0 10 8
a 128 14 0 23 2
a 128 28 0 2 3
a 128 73 0 25 4
a 128 139 0 19 5
a 130 136 0 10 10
a 130 7 0 10 8
a 133 177 0 10 6
a 133 87 0 34 3
a 136 153 0 10 1
a 136 88 0 8 1
a 137 52 0 10 8
a 137 58 0 40 9
a 137 198 0 29 7
a 137 61 0 1 9
a 137 159 0 44 5
a 138 100 0 10 10
a 138 94 0 42 2
a 141 105 0 10 9
a 141 7 0 40 7
a 142 146 0 10 3
a 142 46 0 17 2
a 142 53 0 0 9
a 142 98 0 6 4
a 143 55 0 10 6
a 143 54 0 41 5
a 143 99 0 29 2
a 143 21 0 10 3
a 143 74 0 5 10
a 143 48 0 12 1
a 143 193 0 36 3
a 144 60 0 10 10
a 144 115 0 41 4
a 144 64 0 20 4
a 146 95 0 10 4
a 146 32 0 37 10
a 146 199 0 21 6
a 146 58 0 3 9
a 151 138 0 10 9
a 151 69 0 15 9
a 151 31 0 35 2
a 151 163 0 6 10
a 151 85 0 8 3
a 153 61 0 10 10
a 153 143 0 4 7
a 153 146 0 34 8
a 153 85 0 39 9
a 153 91 0 25 7
a 156 196 0 10 9
a 156 28 0 31 9
a 156 117 0 31 2
a 156 165 0 7 10
a 156 146 0 28 6
a 157 59 0 10 1
a 157 88 0 35 1
a 157 116 0 24 8
a 157 126 0 26 3
a 158 17 0 10 3
a 158 25 0 12 6
a 158 150 0 3 2
a 158 109 0 10 9
a 158 152 0 21 9
a 159 171 0 10 6
a 159 195 0 22 7
a 159 187 0 45 1
a 159 26 0 47 5
a 159 28 0 35 4
a 159 73 0 39 2
a 160 80 0 10 5
a 160 152 0 18 5
a 160 168 0 17 7
a 160 87 0 46 7
a 160 51 0 9 10
a 160 159 0 13 10
a 162 73 0 10 3
a 162 49 0 22 6
a 162 172 0 9 1
a 162 110 0 34 9
a 165 111 0 10 5
a 165 67 0 29 7
a 165 138 0 42 10
a 165 12 0 9 5
a 165 39 0 29 7
a 165 74 0 8 4
a 167 156 0 10 5
a 167 190 0 30 1
a 167 200 0 46 7
a 168 85 0 10 8
a 168 87 0 16 6
a 169 9 0 10 7
a 169 197 0 25 5
a 169 126 0 4 6
a 169 90 0 20 2
a 169 175 0 39 1
a 171 56 0 10 4
a 171 50 0 18 4
a 171 75 0 5 4
a 171 148 0 13 6
a 171 33 0 45 1
a 171 192 0 25 7
a 172 42 0 10 2
a 172 95 0 36 7
a 172 89 0 35 2
a 174 122 0 10 7
a 174 193 0 43 4
a 174 6 0 22 2
a 174 67 0 28 1
a 177 10 0 10 1
a 177 165 0 6 9
a 177 153 0 1 10
a 180 162 0 10 1
a 180 136 0 4 6
a 180 5 0 19 2
a 184 24 0 10 7
a 184 121 0 12 6
a 185 29 0 10 2
a 185 51 0 44 1
a 186 37 0 10 7
a 186 170 0 31 8
a 190 23 0 10 10
a 190 53 0 2 4
a 190 97 0 1 1
a 190 159 0 43 6
a 190 11 0 43 10
a 193 3 0 10 6
a 193 99 0 15 8
a 193 21 0 43 2
a 193 89 0 43 6
a 194 70 0 10 10
a 194 3 0 7 1
a 194 144 0 49 3
a 194 54 0 43 9
a 194 133 0 16 8
a 196 66 0 10 3
a 196 195 0 40 6
a 196 107 0 41 3
a 196 16 0 22 5
a 2 126 0 40 8
a 2 156 0 50 8
a 2 54 0 1 5
a 2 162 0 46 9
a 2 161 0 10 10
a 6 72 0 40 1
a 6 114 0 2 2
a 7 15 0 40 6
a 7 177 0 47 5
a 7 68 0 23 10
a 7 154 0 38 4
a 7 74 0 7 1
a 7 195 0 23 7
a 8 87 0 40 7
a 8 149 0 27 6
a 8 55 0 3 7
a 8 164 0 13 3
a 8 159 0 33 7
a 8 130 0 16 9
a 14 200 0 40 9
a 14 120 0 40 6
a 14 109 0 13 5
a 14 118 0 28 2
a 14 140 0 47 9
a 14 194 0 5 5
a 14 36 0 15 1
a 15 187 0 40 9
a 15 11 0 45 2
a 18 179 0 40 4
a 18 188 0 31 8
a 18 131 0 38 10
a 18 34 0 43 1
a 18 80 0 12 2
a 18 171 0 45 5
a 19 64 0 40 8
a 19 50 0 24 3
a 19 13 0 28 5
a 19 198 0 7 10
a 21 195 0 40 9
a 21 121 0 46 1
a 21 25 0 8 5
a 21 173 0 28 2
a 22 129 0 40 8
a 22 155 0 46 1
a 25 152 0 40 8
a 25 88 0 33 10
a 25 79 0 17 5
a 25 175 0 45 8
a 26 98 0 40 2
a 26 80 0 10 10
a 26 165 0 24 6
a 26 120 0 7 4
a 26 20 0 17 1
a 27 182 0 40 5
a 27 141 0 4 10
a 28 199 0 40 7
a 28 109 0 14 5
a 28 21 0 42 1
a 28 87 0 10 1
a 28 183 0 45 4
a 32 14 0 40 1
a 32 155 0 42 4
a 32 65 0 2 1
a 34 89 0 40 5
a 34 47 0 16 4
a 34 17 0 41 7
a 34 139 0 48 9
a 34 51 0 49 9
a 34 175 0 35 1
a 36 88 0 40 8
a 36 66 0 6 5
a 36 85 0 12 9
a 36 21 0 35 8
a 41 183 0 40 5
a 41 141 0 33 2
a 41 161 0 18 4
a 41 93 0 13 9
a 43 18 0 40 10
a 43 23 0 33 10
a 43 183 0 32 1
a 43 61 0 37 4
a 43 62 0 23 9
a 45 140 0 40 1
a 45 42 0 41 6
a 45 192 0 4 5
a 45 114 0 12 5
a 45 136 0 43 8
a 49 25 0 40 8
a 49 16 0 1 1
a 53 113 0 40 5
a 53 79 0 5 8
a 53 98 0 50 10
a 53 82 0 27 7
a 54 41 0 40 1
a 54 11 0 13 3
a 54 36 0 49 10
a 57 97 0 40 3
a 57 59 0 15 5
a 57 65 0 48 2
a 58 19 0 40 3
a 58 99 0 22 7
a 58 117 0 20 10
a 62 104 0 40 2
a 62 118 0 26 4
a 62 185 0 1 8
a 62 153 0 6 1
a 62 183 0 50 10
a 63 6 0 40 1
a 63 53 0 2 2
a 63 46 0 35 4
a 63 122 0 32 6
a 63 191 0 39 10
a 64 117 0 40 10
a 64 56 0 6 9
a 68 189 0 40 4
a 68 55 0 32 7
a 68 63 0 44 6
a 68 3 0 8 9
a 68 199 0 6 2
a 71 135 0 40 10
a 71 183 0 0 3
a 71 11 0 10 5
a 71 132 0 12 10
a 72 181 0 40 5
a 72 131 0 22 1
a 72 56 0 42 2
a 75 58 0 40 3
a 75 117 0 24 1
a 75 115 0 6 4
a 75 84 0 38 2
a 75 18 0 1 8
a 76 43 0 40 8
a 76 55 0 9 10
a 76 127 0 13 8
a 76 12 0 29 1
a 76 23 0 40 6
a 76 67 0 39 4
a 78 178 0 40 9
a 78 27 0 46 6
a 78 95 0 39 2
a 78 22 0 41 2
a 79 139 0 40 4
a 79 15 0 2 5
a 81 21 0 40 2
a 81 86 0 6 5
a 81 114 0 1 9
a 81 37 0 47 9
a 81 113 0 45 10
a 82 102 0 40 6
a 82 12 0 18 1
a 82 183 0 17 4
a 82 151 0 46 7
a 84 147 0 40 7
a 84 103 0 6 1
a 87 63 0 40 10
a 87 83 0 45 7
a 88 110 0 40 2
a 88 118 0 1 1
a 88 18 0 43 3
a 88 21 0 48 4
a 89 57 0 40 7
a 89 126 0 42 8
a 89 135 0 11 7
a 89 10 0 14 9
a 90 134 0 40 7
a 90 191 0 19 3
a 90 143 0 26 3
a 90 11 0 28 7
a 93 82 0 40 4
a 93 13 0 1 3
a 93 128 0 13 4
a 93 78 0 45 8
a 93 31 0 11 4
a 93 105 0 32 10
a 94 79 0 40 1
a 94 113 0 15 2
a 94 117 0 16 4
a 94 17 0 33 2
a 94 59 0 16 7
a 97 150 0 40 1
a 97 32 0 50 8
a 98 108 0 40 10
a 98 144 0 25 7
a 98 196 0 21 9
a 98 166 0 18 4
a 102 118 0 40 7
a 102 132 0 13 7
a 103 173 0 40 7
a 103 71 0 45 1
a 103 134 0 28 7
a 104 49 0 40 5
a 104 126 0 38 8
a 108 76 0 40 9
a 108 79 0 30 9
a 108 84 0 22 1
a 108 168 0 1 9
a 110 188 0 40 3
a 110 122 0 26 7
a 113 27 0 40 6
a 113 57 0 8 5
a 113 152 0 17 5
a 116 148 0 40 9
a 116 40 0 35 8
a 116 167 0 33 1
a 116 3 0 10 1
a 116 66 0 33 1
a 116 61 0 15 4
a 117 68 0 40 6
a 117 25 0 42 4
a 117 83 0 22 2
a 118 54 0 40 6
a 118 142 0 7 5
a 118 149 0 21 10
a 119 127 0 40 1
a 119 182 0 14 2
a 120 75 0 40 8
a 120 29 0 38 6
a 120 121 0 6 8
a 120 89 0 11 6
a 120 28 0 5 10
a 120 22 0 36 6
a 120 190 0 11 5
a 121 176 0 40 6
a 121 100 0 48 1
a 123 90 0 40 1
a 123 190 0 34 1
a 123 185 0 0 6
a 123 5 0 0 10
a 125 45 0 40 5
a 125 46 0 16 8
a 125 89 0 32 6
a 125 25 0 2 3
a 126 163 0 40 7
a 126 93 0 5 9
a 126 145 0 18 3
a 126 189 0 43 5
a 126 103 0 14 4
a 127 84 0 40 6
a 127 110 0 21 4
a 127 75 0 47 1
a 127 161 0 49 10
a 127 64 0 38 8
a 127 25 0 32 6
a 127 116 0 48 8
a 129 170 0 40 6
a 129 74 0 42 6
a 129 144 0 17 10
a 131 149 0 40 10
a 131 40 0 28 2
a 132 32 0 40 5
a 132 55 0 19 1
a 132 162 0 6 7
a 132 188 0 34 10
a 132 147 0 26 10
a 132 111 0 37 8
a 134 164 0 40 9
a 134 180 0 50 3
a 134 44 0 13 9
a 134 80 0 8 9
a 134 31 0 39 5
a 134 13 0 27 6
a 134 48 0 27 2
a 135 121 0 40 2
a 135 147 0 42 5
a 135 27 0 33 5
a 135 88 0 50 2
a 135 183 0 27 9
a 135 165 0 28 8
a 139 166 0 40 9
a 139 154 0 46 6
a 140 161 0 40 3
a 140 77 0 40 10
a 140 92 0 9 3
a 140 131 0 15 4
a 145 53 0 40 4
a 145 98 0 33 2
a 145 62 0 44 1
a 145 68 0 34 8
a 145 7 0 25 10
a 147 93 0 40 10
a 147 42 0 50 1
a 148 94 0 40 6
a 148 31 0 3 5
a 148 113 0 36 8
a 148 144 0 3 9
a 148 199 0 26 5
a 149 119 0 40 4
a 149 191 0 14 8
a 149 27 0 43 2
a 149 36 0 16 2
a 149 152 0 39 1
a 149 132 0 48 2
a 150 26 0 40 1
a 150 190 0 2 1
a 150 28 0 50 3
a 150 161 0 37 5
a 150 96 0 26 9
a 152 197 0 40 2
a 152 120 0 23 8
a 152 145 0 42 5
a 152 84 0 45 2
a 154 81 0 40 10
a 154 170 0 39 5
a 154 169 0 33 5
a 155 145 0 40 5
a 155 38 0 16 5
a 161 175 0 40 4
a 161 107 0 24 7
a 163 192 0 40 4
a 163 89 0 25 5
a 164 125 0 40 1
a 164 198 0 1 9
a 164 107 0 20 10
a 164 83 0 30 3
a 164 98 0 42 2
a 164 29 0 2 5
a 164 126 0 0 2
a 166 191 0 40 1
a 166 120 0 4 1
a 170 34 0 40 7
a 170 113 0 27 6
a 173 62 0 40 2
a 173 10 0 6 6
a 173 152 0 23 10
a 173 97 0 8 7
a 173 95 0 10 10
a 175 103 0 40 7
a 175 40 0 41 1
a 175 109 0 37 9
a 175 124 0 25 3
a 176 22 0 40 9
a 176 28 0 8 5
a 176 127 0 23 3
a 176 87 0 4 5
a 178 71 0 40 2
a 178 98 0 16 6
a 178 101 0 50 5
a 178 195 0 39 8
a 178 147 0 23 6
a 178 48 0 49 2
a 178 50 0 36 7
a 179 131 0 40 5
a 179 106 0 10 3
a 179 111 0 23 5
a 179 184 0 0 2
a 179 166 0 2 9
a 181 28 0 40 10
a 181 178 0 33 9
a 181 88 0 11 9
a 182 154 0 40 6
a 182 107 0 25 8
a 182 200 0 39 7
a 182 189 0 37 7
a 183 36 0 40 3
a 183 97 0 46 4
a 183 67 0 8 4
a 183 11 0 5 2
a 183 147 0 12 6
a 187 8 0 40 2
a 187 129 0 41 2
a 188 198 0 40 4
a 188 130 0 42 3
a 188 164 0 31 9
a 188 146 0 8 2
a 188 40 0 29 5
a 189 7 0 40 9
a 189 153 0 11 8
a 189 14 0 35 6
a 189 32 0 31 4
a 189 98 0 33 3
a 191 155 0 40 2
a 191 93 0 43 3
a 191 143 0 6 4
a 191 154 0 15 7
a 191 73 0 42 3
a 192 123 0 40 8
a 192 104 0 24 7
a 195 78 0 40 2
a 195 187 0 34 4
a 195 146 0 30 9
a 195 48 0 21 4
a 197 116 0 40 1
a 197 144 0 2 6
a 197 60 0 28 8
a 198 132 0 40 6
a 198 38 0 40 5
a 198 14 0 2 8
a 198 115 0 4 9
