c PyNETGEN v1.0.0
c $ pip install pynetgen
c
c  NETGEN flow network generation algorithm
c  Problem input parameters
c  -------------------------------------
c   Random seed:          3
c   Number of nodes:      200
c   Source nodes:         2
c   Sink nodes:           2
c   Number of arcs:       800
c   Minimum arc cost:     1
c   Maximum arc cost:     10
c   Total supply:         50
c   Transshipment -
c     Sources:            0
c     Sinks:              0
c   Skeleton arcs -
c     With max cost:      0
c     Capacitated:        100
c   Minimum arc capacity: 0
c   Maximum arc capacity: 50
c
c  *** Minimum cost flow ***
c
p min 200 800
n 1 22
n 2 28
n 199 -25
n 200 -25
a 1 63 0 22 4
a 1 137 0 42 2
a 1 194 0 37 5
a 1 144 0 25 2
a 1 153 0 12 6
a 3 25 0 22 2
a 3 113 0 30 5
a 3 71 0 38 9
a 3 180 0 1 4
a 4 125 0 22 10
a 4 151 0 36 3
a 4 93 0 17 4
a 4 199 0 11 2
a 5 85 0 22 9
a 5 172 0 5 5
a 5 155 0 41 6
a 5 145 0 13 5
a 5 52 0 44 9
a 5 97 0 24 3
a 6 47 0 22 2
a 6 114 0 19 3
a 6 14 0 9 4
a 10 187 0 22 6
a 10 198 0 0 7
a 10 79 0 47 10
a 10 173 0 40 1
a 10 134 0 5 6
a 10 188 0 50 3
a 11 81 0 22 1
a 11 116 0 4 4
a 11 111 0 48 4
a 12 59 0 22 9
a 12 67 0 37 3
a 12 31 0 50 7
a 12 50 0 18 10
a 12 147 0 10 4
a 13 103 0 22 8
a 13 61 0 50 9
a 15 5 0 22 1
a 15 49 0 40 6
a 15 155 0 5 9
a 15 133 0 5 2
a 17 174 0 22 10
a 17 43 0 21 7
a 17 199 0 27 5
a 17 147 0 21 5
a 17 175 0 14 6
a 17 19 0 5 10
a 17 40 0 9 8
a 19 110 0 22 5
a 19 174 0 29 3
a 23 86 0 22 7
a 23 125 0 35 7
a 23 30 0 9 4
a 23 172 0 28 6
a 23 189 0 12 6
a 25 29 0 22 10
a 25 88 0 44 2
a 25 11 0 10 9
a 25 196 0 8 4
a 25 6 0 18 3
a 26 53 0 22 10
a 26 107 0 44 10
a 26 14 0 28 1
a 26 157 0 28 8
a 26 46 0 16 4
a 27 44 0 22 2
a 27 75 0 41 4
a 27 50 0 11 3
a 27 169 0 49 9
a 27 49 0 39 9
a 27 155 0 9 1
a 27 163 0 26 3
a 28 77 0 22 9
a 28 70 0 4 3
a 28 108 0 24 9
a 28 97 0 7 3
a 28 44 0 7 1
a 28 198 0 21 4
a 29 148 0 22 4
a 29 22 0 13 6
a 29 73 0 1 5
a 29 175 0 8 8
a 29 23 0 26 9
a 31 15 0 22 4
a 31 172 0 36 6
a 31 145 0 7 8
a 31 144 0 18 9
a 31 176 0 32 10
a 31 108 0 23 1
a 33 137 0 22 4
a 33 28 0 36 6
a 34 35 0 22 2
a 34 17 0 22 10
a 34 48 0 46 4
a 35 177 0 22 8
a 35 126 0 15 5
a 35 132 0 43 5
a 38 107 0 22 10
a 38 128 0 4 2
a 38 111 0 44 6
a 38 192 0 48 5
a 38 98 0 45 8
a 38 169 0 32 3
a 43 178 0 22 8
a 43 103 0 24 10
a 43 97 0 42 1
a 44 79 0 22 9
a 44 196 0 17 2
a 44 54 0 29 4
a 44 87 0 2 10
a 45 163 0 22 7
a 45 158 0 47 6
a 45 53 0 22 10
a 45 104 0 42 7
a 47 52 0 22 4
a 47 170 0 39 7
a 47 76 0 26 3
a 47 68 0 46 8
a 49 10 0 22 7
a 49 179 0 15 7
a 49 91 0 24 3
a 52 200 0 22 4
a 52 28 0 22 3
a 52 149 0 11 2
a 52 55 0 23 6
a 52 16 0 7 1
a 53 89 0 22 2
a 53 15 0 44 2
a 54 78 0 22 1
a 54 137 0 1 1
a 54 118 0 40 6
a 54 41 0 25 3
a 54 154 0 43 4
a 54 140 0 44 4
a 55 185 0 22 8
a 55 197 0 4 1
a 55 102 0 23 1
a 55 170 0 42 1
a 55 105 0 27 4
a 55 186 0 43 1
a 56 93 0 22 1
a 56 44 0 17 2
a 56 32 0 31 10
a 56 37 0 48 9
a 57 91 0 22 1
a 57 142 0 33 9
a 57 109 0 38 1
a 57 162 0 44 3
a 59 176 0 22 9
a 59 193 0 1 10
a 59 99 0 2 5
a 61 118 0 22 7
a 61 193 0 41 3
a 61 109 0 49 7
a 61 10 0 20 7
a 61 115 0 14 3
a 61 22 0 10 1
a 62 182 0 22 4
a 62 73 0 35 9
a 63 17 0 22 8
a 63 81 0 40 9
a 63 198 0 2 4
a 64 97 0 22 5
a 64 191 0 24 4
a 64 169 0 14 1
a 64 131 0 10 7
a 64 6 0 20 1
a 67 45 0 22 9
a 67 81 0 23 8
a 67 61 0 18 10
a 67 125 0 31 4
a 68 145 0 22 3
a 68 86 0 14 9
a 68 51 0 5 1
a 68 118 0 9 1
a 68 89 0 24 10
a 68 142 0 40 7
a 69 167 0 22 3
a 69 5 0 24 3
a 69 147 0 8 3
a 69 163 0 28 3
a 69 119 0 46 3
a 69 112 0 18 8
a 72 184 0 22 2
a 72 144 0 36 6
a 72 139 0 40 4
a 72 18 0 13 10
a 72 182 0 2 7
a 73 69 0 22 10
a 73 24 0 41 4
a 73 133 0 45 1
a 77 170 0 22 1
a 77 40 0 0 4
a 77 148 0 47 9
a 78 198 0 22 10
a 78 42 0 37 3
a 78 125 0 35 3
a 78 195 0 42 7
a 78 33 0 22 1
a 78 101 0 48 10
a 79 67 0 22 10
a 79 49 0 41 1
a 79 10 0 37 1
a 81 31 0 22 4
a 81 3 0 22 1
a 81 87 0 31 2
a 81 50 0 43 4
a 81 15 0 31 2
a 82 169 0 22 3
a 82 194 0 2 5
a 82 80 0 15 4
a 83 6 0 22 1
a 83 148 0 32 10
a 84 151 0 22 9
a 84 88 0 35 9
a 84 102 0 48 8
a 84 192 0 26 9
a 84 140 0 4 4
a 85 12 0 22 10
a 85 13 0 10 10
a 85 196 0 43 4
a 85 118 0 30 3
a 85 185 0 9 8
a 86 135 0 22 5
a 86 152 0 36 2
a 86 7 0 37 1
a 86 165 0 7 3
a 89 64 0 22 3
a 89 168 0 20 1
a 89 76 0 4 6
a 89 190 0 13 9
a 89 66 0 39 4
a 90 161 0 22 4
a 90 185 0 46 9
a 90 156 0 46 10
a 90 7 0 2 5
a 90 36 0 33 10
a 91 23 0 22 10
a 91 159 0 0 2
a 91 139 0 37 3
a 91 90 0 36 4
a 91 123 0 40 8
a 93 4 0 22 8
a 93 117 0 44 8
a 97 165 0 22 2
a 97 174 0 37 8
a 97 36 0 19 10
a 97 59 0 24 4
a 99 126 0 22 2
a 99 173 0 40 3
a 99 163 0 42 8
a 99 187 0 44 5
a 99 85 0 21 3
a 99 115 0 39 6
a 100 84 0 22 4
a 100 46 0 41 7
a 100 198 0 23 6
a 100 123 0 44 8
a 100 172 0 16 2
a 100 21 0 47 3
a 103 100 0 22 4
a 103 162 0 27 3
a 103 147 0 50 5
a 103 75 0 29 2
a 104 43 0 22 4
a 104 17 0 12 4
a 104 64 0 37 9
a 104 62 0 39 6
a 104 189 0 27 7
a 107 73 0 22 10
a 107 190 0 24 3
a 109 83 0 22 6
a 109 29 0 4 1
a 110 82 0 22 6
a 110 165 0 35 2
a 110 199 0 12 3
a 110 70 0 32 10
a 112 109 0 22 1
a 112 8 0 11 8
a 113 173 0 22 5
a 113 4 0 28 8
a 113 91 0 1 9
a 113 58 0 21 10
a 113 97 0 8 5
a 114 68 0 22 10
a 114 104 0 44 2
a 114 13 0 48 9
a 116 104 0 22 8
a 116 148 0 0 8
a 116 96 0 49 8
a 116 21 0 23 9
a 116 106 0 23 8
a 116 107 0 36 2
a 118 49 0 22 3
a 118 22 0 46 3
a 118 65 0 4 8
a 118 191 0 38 9
a 118 33 0 46 2
a 118 82 0 13 7
a 121 160 0 22 8
a 121 109 0 39 4
a 121 86 0 15 10
a 121 81 0 14 6
a 122 193 0 22 9
a 122 172 0 9 4
a 124 61 0 22 5
a 124 14 0 29 7
a 124 19 0 24 7
a 124 179 0 3 3
a 124 55 0 28 10
a 125 166 0 22 5
a 125 106 0 26 9
a 125 85 0 35 1
a 125 117 0 10 4
a 125 197 0 47 9
a 126 129 0 22 2
a 126 107 0 21 5
a 126 184 0 19 4
a 126 67 0 7 1
a 126 3 0 21 3
a 126 90 0 48 4
a 127 114 0 22 4
a 127 106 0 29 1
a 129 134 0 22 6
a 129 80 0 1 4
a 129 117 0 40 6
a 129 89 0 45 4
a 134 127 0 22 2
a 134 173 0 34 7
a 134 145 0 12 2
a 134 114 0 32 10
a 134 30 0 22 8
a 135 121 0 22 3
a 135 196 0 7 8
a 135 62 0 28 9
a 135 197 0 24 3
a 135 151 0 25 10
a 135 107 0 37 10
a 137 112 0 22 9
a 137 171 0 18 8
a 140 149 0 22 4
a 140 68 0 35 9
a 141 34 0 22 7
a 141 189 0 17 8
a 145 27 0 22 2
a 145 123 0 24 5
a 145 176 0 15 5
a 145 174 0 35 10
a 145 88 0 50 8
a 145 4 0 50 9
a 146 124 0 22 1
a 146 177 0 2 3
a 146 57 0 6 7
a 148 62 0 22 9
a 148 100 0 4 1
a 149 146 0 22 9
a 149 23 0 20 1
a 149 102 0 40 2
a 151 38 0 22 2
a 151 160 0 33 7
a 151 133 0 43 10
a 151 100 0 4 10
a 151 96 0 10 5
a 160 26 0 22 10
a 160 150 0 6 8
a 161 140 0 22 6
a 161 164 0 24 3
a 161 186 0 35 1
a 161 173 0 2 5
a 161 152 0 49 1
a 163 19 0 22 3
a 163 5 0 35 9
a 165 113 0 22 3
a 165 16 0 38 6
a 165 57 0 50 10
a 166 90 0 22 8
a 166 23 0 2 9
a 166 140 0 24 2
a 166 137 0 36 6
a 166 49 0 31 9
a 166 58 0 13 7
a 167 57 0 22 6
a 167 54 0 14 4
a 167 56 0 19 6
a 167 186 0 44 8
a 169 141 0 22 8
a 169 190 0 43 8
a 169 114 0 18 9
a 169 145 0 3 4
a 169 186 0 13 9
a 170 116 0 22 4
a 170 83 0 33 4
a 170 46 0 1 7
a 173 54 0 22 10
a 173 76 0 26 1
a 173 26 0 0 6
a 174 11 0 22 9
a 174 79 0 49 5
a 174 18 0 38 9
a 174 96 0 42 3
a 174 92 0 49 9
a 176 13 0 22 2
a 176 100 0 35 8
a 176 119 0 27 2
a 176 33 0 31 9
a 176 193 0 36 8
a 176 51 0 42 2
a 177 33 0 22 5
a 177 35 0 29 9
a 177 178 0 23 5
a 177 73 0 50 7
a 177 63 0 44 7
a 178 55 0 22 2
a 178 53 0 50 4
a 178 115 0 25 7
a 178 185 0 13 8
a 182 99 0 22 10
a 182 55 0 28 6
a 182 152 0 12 9
a 182 165 0 13 4
a 182 21 0 11 1
a 184 3 0 22 3
a 184 8 0 12 1
a 184 54 0 41 7
a 184 20 0 27 6
a 185 122 0 22 1
a 185 118 0 2 3
a 185 195 0 45 10
a 185 113 0 45 10
a 185 160 0 16 4
a 185 178 0 8 10
a 187 199 0 22 10
a 187 92 0 12 9
a 187 125 0 32 7
a 187 3 0 16 8
a 193 56 0 22 8
a 193 85 0 40 1
a 193 136 0 39 6
a 193 104 0 38 2
a 198 72 0 22 1
a 198 103 0 46 5
a 198 46 0 24 9
a 198 168 0 8 7
a 198 107 0 17 5
a 198 154 0 4 10
a 2 181 0 28 5
a 2 30 0 1 5
a 2 195 0 23 2
a 2 111 0 36 1
a 7 152 0 28 7
a 7 116 0 42 10
a 7 158 0 44 9
a 7 117 0 23 10
a 7 41 0 3 6
a 8 108 0 28 7
a 8 29 0 42 5
a 8 62 0 37 1
a 8 93 0 30 7
a 8 75 0 27 5
a 8 120 0 46 10
a 9 71 0 28 5
a 9 127 0 45 1
a 9 142 0 26 7
a 9 200 0 5 8
a 9 176 0 29 1
a 9 13 0 35 4
a 14 7 0 28 7
a 14 131 0 34 3
a 14 41 0 12 4
a 14 38 0 39 2
a 16 30 0 28 2
a 16 13 0 14 2
a 16 97 0 40 10
a 16 149 0 6 5
a 16 55 0 45 10
a 16 124 0 28 6
a 18 32 0 28 6
a 18 172 0 30 6
a 18 63 0 2 8
a 18 86 0 25 5
a 18 123 0 11 4
a 20 98 0 28 7
a 20 90 0 8 8
a 21 9 0 28 3
a 21 113 0 20 2
a 21 166 0 37 3
a 21 111 0 39 6
a 21 164 0 24 3
a 21 58 0 14 3
a 22 186 0 28 1
a 22 187 0 27 3
a 22 175 0 25 1
a 22 75 0 12 6
a 22 124 0 49 6
a 22 106 0 15 8
a 24 65 0 28 2
a 24 91 0 14 3
a 24 132 0 0 9
a 24 155 0 31 4
a 24 148 0 11 10
a 24 135 0 37 7
a 30 48 0 28 3
a 30 84 0 21 6
a 32 70 0 28 5
a 32 120 0 45 2
a 32 37 0 34 7
a 32 126 0 11 2
a 36 92 0 28 10
a 36 31 0 39 9
a 36 28 0 33 6
a 36 147 0 11 5
a 37 195 0 28 1
a 37 35 0 35 10
a 37 44 0 21 6
a 37 31 0 18 1
a 37 16 0 3 10
a 37 157 0 0 4
a 39 8 0 28 1
a 39 197 0 50 6
a 39 11 0 37 3
a 39 109 0 13 8
a 39 175 0 22 2
a 40 39 0 28 6
a 40 101 0 3 5
a 40 200 0 16 2
a 40 113 0 30 10
a 40 117 0 12 10
a 40 87 0 6 3
a 41 133 0 28 9
a 41 188 0 39 5
a 42 153 0 28 2
a 42 23 0 15 7
a 46 147 0 28 2
a 46 84 0 9 2
a 46 140 0 34 9
a 46 66 0 15 2
a 48 196 0 28 3
a 48 44 0 6 9
a 48 59 0 49 5
a 48 93 0 13 6
a 48 33 0 12 5
a 50 197 0 28 7
a 50 189 0 41 5
a 50 140 0 7 6
a 50 7 0 18 1
a 50 39 0 8 7
a 50 42 0 10 10
a 51 132 0 28 1
a 51 174 0 29 1
a 51 63 0 40 9
a 58 164 0 28 8
a 58 87 0 3 9
a 60 16 0 28 1
a 60 104 0 18 7
a 60 32 0 46 2
a 60 139 0 6 7
a 60 65 0 17 3
a 65 18 0 28 9
a 65 127 0 13 3
a 65 143 0 8 10
a 65 5 0 49 8
a 66 138 0 28 1
a 66 64 0 23 10
a 66 53 0 33 2
a 66 52 0 9 8
a 70 96 0 28 2
a 70 31 0 29 3
a 70 53 0 41 3
a 71 131 0 28 7
a 71 63 0 41 1
a 71 24 0 15 10
a 74 154 0 28 3
a 74 152 0 32 8
a 74 54 0 16 9
a 74 50 0 16 4
a 74 20 0 18 8
a 75 87 0 28 10
a 75 18 0 11 2
a 76 58 0 28 10
a 76 106 0 45 4
a 80 101 0 28 9
a 80 56 0 32 9
a 80 111 0 34 8
a 87 95 0 28 2
a 87 144 0 17 3
a 87 80 0 50 4
a 87 131 0 34 5
a 87 90 0 21 8
a 88 150 0 28 3
a 88 83 0 25 7
a 88 42 0 1 3
a 88 117 0 15 1
a 88 72 0 5 7
a 92 24 0 28 10
a 92 170 0 47 10
a 92 4 0 7 4
a 92 43 0 19 3
a 92 153 0 1 2
a 94 156 0 28 10
a 94 197 0 17 10
a 95 157 0 28 6
a 95 128 0 4 4
a 95 118 0 33 7
a 96 192 0 28 10
a 96 171 0 8 1
a 96 29 0 29 6
a 96 99 0 14 2
a 98 111 0 28 9
a 98 163 0 30 2
a 98 156 0 32 4
a 98 47 0 21 10
a 98 148 0 16 3
a 98 49 0 18 5
a 101 158 0 28 7
a 101 71 0 24 10
a 102 60 0 28 1
a 102 46 0 50 1
a 102 11 0 21 2
a 102 145 0 38 2
a 102 54 0 14 8
a 105 21 0 28 3
a 105 149 0 25 10
a 105 4 0 21 3
a 106 159 0 28 6
a 106 66 0 33 6
a 106 119 0 38 8
a 106 70 0 44 2
a 106 21 0 41 6
a 106 135 0 42 9
a 108 175 0 28 10
a 108 146 0 27 9
a 108 91 0 35 9
a 108 149 0 0 8
a 108 59 0 0 10
a 111 180 0 28 6
a 111 52 0 40 2
a 111 33 0 0 4
a 111 6 0 20 4
a 111 131 0 30 7
a 115 74 0 28 7
a 115 182 0 36 3
a 117 172 0 28 5
a 117 187 0 46 6
a 119 120 0 28 10
a 119 126 0 49 5
a 119 140 0 19 4
a 119 106 0 10 6
a 119 99 0 26 3
a 120 22 0 28 1
a 120 71 0 49 5
a 120 127 0 31 9
a 123 130 0 28 10
a 123 29 0 35 8
a 128 194 0 28 4
a 128 52 0 50 6
a 128 177 0 35 10
a 128 11 0 38 5
a 130 14 0 28 5
a 130 124 0 14 7
a 130 199 0 47 9
a 130 55 0 9 10
a 130 32 0 36 10
a 131 191 0 28 10
a 131 19 0 19 2
a 131 73 0 32 5
a 132 40 0 28 7
a 132 54 0 48 2
a 132 38 0 34 1
a 132 112 0 21 8
a 132 193 0 7 7
a 132 175 0 37 7
a 133 168 0 28 10
a 133 159 0 5 1
a 133 182 0 17 7
a 133 192 0 37 8
a 136 105 0 28 2
a 136 192 0 34 1
a 136 130 0 8 10
a 136 23 0 24 6
a 138 41 0 28 10
a 138 200 0 28 3
a 138 153 0 36 8
a 139 102 0 28 6
a 139 47 0 34 9
a 139 137 0 29 6
a 142 119 0 28 7
a 142 97 0 8 9
a 142 64 0 17 1
a 142 135 0 34 3
a 143 51 0 28 10
a 143 183 0 33 9
a 143 150 0 6 1
a 143 168 0 5 1
a 144 80 0 28 5
a 144 146 0 28 7
a 144 123 0 26 4
a 144 184 0 0 3
a 144 107 0 30 2
a 147 117 0 28 3
a 147 182 0 4 8
a 150 179 0 28 1
a 150 93 0 16 2
a 150 5 0 18 3
a 150 30 0 20 2
a 150 177 0 45 1
a 152 76 0 28 8
a 152 38 0 28 8
a 152 99 0 38 8
a 153 136 0 28 4
a 153 92 0 12 7
a 153 70 0 36 8
a 153 73 0 30 3
a 153 81 0 22 8
a 154 94 0 28 2
a 154 153 0 21 7
a 154 80 0 50 1
a 154 45 0 42 7
a 155 36 0 28 1
a 155 128 0 12 10
a 155 21 0 13 7
a 155 9 0 6 7
a 155 104 0 41 4
a 156 88 0 28 8
a 156 41 0 43 5
a 156 114 0 33 10
a 156 144 0 23 3
a 156 190 0 26 8
a 157 162 0 28 10
a 157 76 0 50 2
a 157 26 0 20 7
a 158 199 0 28 1
a 158 41 0 45 5
a 158 190 0 11 2
a 158 51 0 27 9
a 158 83 0 31 6
a 159 123 0 28 7
a 159 193 0 47 5
a 162 37 0 28 5
a 162 122 0 10 7
a 162 29 0 41 3
a 164 144 0 28 5
a 164 102 0 41 6
a 164 165 0 40 2
a 164 148 0 31 10
a 168 139 0 28 6
a 168 116 0 12 1
a 168 173 0 23 4
a 171 115 0 28 5
a 171 67 0 35 8
a 171 113 0 44 4
a 171 28 0 44 8
a 172 189 0 28 9
a 172 127 0 42 7
a 175 183 0 28 2
a 175 62 0 31 3
a 179 42 0 28 8
a 179 154 0 26 4
a 179 97 0 13 4
a 179 100 0 8 9
a 179 87 0 47 9
a 180 128 0 28 9
a 180 29 0 25 7
a 181 190 0 28 6
a 181 74 0 9 6
a 181 85 0 41 7
a 183 46 0 28 2
a 183 116 0 21 6
a 183 120 0 14 4
a 183 181 0 22 10
a 186 155 0 28 4
a 186 94 0 42 8
a 186 120 0 8 6
a 188 106 0 28 10
a 188 3 0 33 3
a 188 97 0 2 3
a 188 134 0 26 3
a 189 171 0 28 3
a 189 51 0 9 2
a 190 50 0 28 9
a 190 15 0 46 1
a 191 66 0 28 7
a 191 17 0 25 2
a 191 72 0 49 5
a 191 76 0 27 2
a 191 155 0 48 6
a 192 20 0 28 7
a 192 101 0 1 2
a 192 59 0 44 5
a 192 35 0 34 4
a 194 143 0 28 2
a 194 87 0 20 3
a 194 164 0 24 6
a 195 142 0 28 7
a 195 186 0 26 4
a 196 188 0 28 1
a 196 143 0 0 7
a 196 104 0 29 8
a 197 75 0 28 1
a 197 124 0 39 3
