c PyNETGEN v1.0.0
c $ pip install pynetgen
c
c  NETGEN flow network generation algorithm
c  Problem input parameters
c  -------------------------------------
c   Random seed:          4
c   Number of nodes:      200
c   Source nodes:         2
c   Sink nodes:           2
c   Number of arcs:       800
c   Minimum arc cost:     1
c   Maximum arc cost:     10
c   Total supply:         50
c   Transshipment -
c     Sources:            0
c     Sinks:              0
c   Skeleton arcs -
c     With max cost:      0
c     Capacitated:        100
c   Minimum arc capacity: 0
c   Maximum arc capacity: 50
c
c  *** Minimum cost flow ***
c
p min 200 800
n 1 25
n 2 25
n 199 -18
n 200 -32
a 1 83 0 25 6
a 1 167 0 5 9
a 1 126 0 49 4
a 1 170 0 50 1
a 1 6 0 50 4
a 1 103 0 42 9
a 4 131 0 25 6
a 4 149 0 25 6
a 4 109 0 18 8
a 4 132 0 33 5
a 4 12 0 23 6
a 4 58 0 14 4
a 5 21 0 25 4
a 5 14 0 22 1
a 5 95 0 32 4
a 5 128 0 21 3
a 5 177 0 9 3
a 5 125 0 25 7
a 5 77 0 24 9
a 10 172 0 25 2
a 10 84 0 25 6
a 10 40 0 29 3
a 10 146 0 6 8
a 10 61 0 26 10
a 10 127 0 3 3
a 10 105 0 45 9
a 11 128 0 25 7
a 11 7 0 7 7
a 11 14 0 36 1
a 11 22 0 31 4
a 14 57 0 25 1
a 14 26 0 15 7
a 14 186 0 15 10
a 14 74 0 41 1
a 14 138 0 16 4
a 14 22 0 13 8
a 17 101 0 25 9
a 17 132 0 7 4
a 17 12 0 20 5
a 18 67 0 25 6
a 18 45 0 7 5
a 19 18 0 25 6
a 19 10 0 22 2
a 19 113 0 11 10
a 19 38 0 28 5
a 19 5 0 11 5
a 19 88 0 19 10
a 21 188 0 25 4
a 21 180 0 46 7
a 21 3 0 4 8
a 21 154 0 47 5
a 21 65 0 28 9
a 22 183 0 25 9
a 22 118 0 29 5
a 23 51 0 25 1
a 23 157 0 50 2
a 24 56 0 25 4
a 24 87 0 33 9
a 24 124 0 22 5
a 24 18 0 2 8
a 26 126 0 25 3
a 26 89 0 18 4
a 26 105 0 42 3
a 28 184 0 25 4
a 28 49 0 37 9
a 28 139 0 47 3
a 28 122 0 13 8
a 28 137 0 12 5
a 30 197 0 25 8
a 30 68 0 40 7
a 30 58 0 35 3
a 30 60 0 46 10
a 30 120 0 26 7
a 30 185 0 41 3
a 31 50 0 25 4
a 31 189 0 49 4
a 31 113 0 18 8
a 31 57 0 35 3
a 33 19 0 25 3
a 33 125 0 10 5
a 34 109 0 25 9
a 34 126 0 18 2
a 34 93 0 19 6
a 34 158 0 43 5
a 34 30 0 37 5
a 39 103 0 25 9
a 39 182 0 18 8
a 39 74 0 16 5
a 39 147 0 34 4
a 40 11 0 25 9
a 40 165 0 35 1
a 40 79 0 14 1
a 40 53 0 22 10
a 41 117 0 25 5
a 41 88 0 44 4
a 44 168 0 25 8
a 44 182 0 3 3
a 49 23 0 25 3
a 49 127 0 42 2
a 49 8 0 31 1
a 49 131 0 50 1
a 50 80 0 25 6
a 50 33 0 43 9
a 51 133 0 25 4
a 51 163 0 22 1
a 56 40 0 25 3
a 56 32 0 5 1
a 56 191 0 26 9
a 56 117 0 23 8
a 56 108 0 13 4
a 56 185 0 3 6
a 57 194 0 25 7
a 57 196 0 20 3
a 58 142 0 25 1
a 58 98 0 22 10
a 58 119 0 21 8
a 64 145 0 25 2
a 64 122 0 43 5
a 64 54 0 2 7
a 65 58 0 25 2
a 65 186 0 3 1
a 65 162 0 32 8
a 65 181 0 42 8
a 65 122 0 49 3
a 65 94 0 2 8
a 65 171 0 29 5
a 67 146 0 25 2
a 67 192 0 33 5
a 67 161 0 44 6
a 67 22 0 18 6
a 67 177 0 32 7
a 76 22 0 25 10
a 76 115 0 29 9
a 76 85 0 49 1
a 76 106 0 45 5
a 77 91 0 25 4
a 77 167 0 47 4
a 77 147 0 39 9
a 78 96 0 25 1
a 78 94 0 24 10
a 78 26 0 45 2
a 78 67 0 30 1
a 78 33 0 8 2
a 78 115 0 15 3
a 78 29 0 12 4
a 79 180 0 25 8
a 79 128 0 36 5
a 80 34 0 25 10
a 80 102 0 11 1
a 80 70 0 7 8
a 80 128 0 50 10
a 80 92 0 16 3
a 82 135 0 25 2
a 82 166 0 16 1
a 82 153 0 42 2
a 82 114 0 28 2
a 82 57 0 42 6
a 83 65 0 25 1
a 83 11 0 5 9
a 83 22 0 44 4
a 83 103 0 35 10
a 83 154 0 2 7
a 83 50 0 26 1
a 84 159 0 25 6
a 84 172 0 2 2
a 84 145 0 44 10
a 87 139 0 25 8
a 87 125 0 2 6
a 87 171 0 29 6
a 87 106 0 36 7
a 87 141 0 33 3
a 87 12 0 2 6
a 88 119 0 25 1
a 88 20 0 4 8
a 88 66 0 1 4
a 89 179 0 25 10
a 89 99 0 17 9
a 89 70 0 22 1
a 89 113 0 9 1
a 89 181 0 27 8
a 90 92 0 25 8
a 90 198 0 18 9
a 90 192 0 10 2
a 90 135 0 14 4
a 91 93 0 25 7
a 91 175 0 3 1
a 91 58 0 21 7
a 92 196 0 25 2
a 92 187 0 24 7
a 92 177 0 46 7
a 92 38 0 17 8
a 92 58 0 12 4
a 92 142 0 19 3
a 93 147 0 25 6
a 93 61 0 47 7
a 93 57 0 25 8
a 95 41 0 25 7
a 95 107 0 3 4
a 96 187 0 25 9
a 96 26 0 37 7
a 96 176 0 28 3
a 99 177 0 25 8
a 99 187 0 40 5
a 99 130 0 26 8
a 99 196 0 20 5
a 99 114 0 24 9
a 99 36 0 46 8
a 99 195 0 47 6
a 101 132 0 25 2
a 101 198 0 20 10
a 101 189 0 7 6
a 101 160 0 4 2
a 102 106 0 25 9
a 102 188 0 18 6
a 102 46 0 47 4
a 103 82 0 25 3
a 103 116 0 3 6
a 103 106 0 2 5
a 104 4 0 25 4
a 104 107 0 50 6
a 104 189 0 2 9
a 106 10 0 25 8
a 106 172 0 50 7
a 106 167 0 48 5
a 106 111 0 29 10
a 106 184 0 35 1
a 106 72 0 2 9
a 107 79 0 25 7
a 107 54 0 46 3
a 107 169 0 27 7
a 107 149 0 38 5
a 109 24 0 25 6
a 109 67 0 28 7
a 109 77 0 40 4
a 109 29 0 11 9
a 109 176 0 31 9
a 109 104 0 2 1
a 111 199 0 25 4
a 111 9 0 19 1
a 111 63 0 39 5
a 117 84 0 25 7
a 117 43 0 37 2
a 117 60 0 12 2
a 117 103 0 16 1
a 119 90 0 25 7
a 119 128 0 28 1
a 119 69 0 11 5
a 119 158 0 45 6
a 119 181 0 0 5
a 126 78 0 25 1
a 126 42 0 31 7
a 126 149 0 47 10
a 126 22 0 13 2
a 127 107 0 25 6
a 127 102 0 19 8
a 127 187 0 20 10
a 127 191 0 35 7
a 127 189 0 38 1
a 128 102 0 25 5
a 128 107 0 29 7
a 128 80 0 30 7
a 128 164 0 32 2
a 128 125 0 49 5
a 128 146 0 2 7
a 131 141 0 25 10
a 131 44 0 44 8
a 131 78 0 38 2
a 131 199 0 46 4
a 132 171 0 25 3
a 132 115 0 41 7
a 133 64 0 25 2
a 133 142 0 16 3
a 133 36 0 1 9
a 133 110 0 3 4
a 135 5 0 25 7
a 135 145 0 6 6
a 135 61 0 24 4
a 135 184 0 0 5
a 136 111 0 25 10
a 136 113 0 41 1
a 136 22 0 1 7
a 137 28 0 25 10
a 137 46 0 16 1
a 137 123 0 23 7
a 139 30 0 25 6
a 139 154 0 30 2
a 139 82 0 5 2
a 139 187 0 44 5
a 141 186 0 25 2
a 141 10 0 24 5
a 141 119 0 8 9
a 141 56 0 33 6
a 142 39 0 25 6
a 142 24 0 18 4
a 142 140 0 18 8
a 142 56 0 34 4
a 142 52 0 19 7
a 142 198 0 17 7
a 145 31 0 25 2
a 145 200 0 25 6
a 145 55 0 5 7
a 146 44 0 25 5
a 146 194 0 20 5
a 147 155 0 25 8
a 147 182 0 21 10
a 147 166 0 12 4
a 147 11 0 17 8
a 147 25 0 5 2
a 148 193 0 25 5
a 148 90 0 4 8
a 148 91 0 46 4
a 150 127 0 25 6
a 150 75 0 35 6
a 150 137 0 13 2
a 153 95 0 25 4
a 153 139 0 37 8
a 153 181 0 19 2
a 153 31 0 28 3
a 153 194 0 34 6
a 153 93 0 35 3
a 155 161 0 25 9
a 155 82 0 13 7
a 155 123 0 8 1
a 155 73 0 22 1
a 159 150 0 25 9
a 159 26 0 10 8
a 159 132 0 19 2
a 161 136 0 25 7
a 161 141 0 16 3
a 161 162 0 3 9
a 161 195 0 8 10
a 161 139 0 0 5
a 161 173 0 12 7
a 161 128 0 21 4
a 162 137 0 25 10
a 162 96 0 3 5
a 168 88 0 25 10
a 168 190 0 8 4
a 171 162 0 25 2
a 171 72 0 32 1
a 171 47 0 41 9
a 171 119 0 20 10
a 171 20 0 13 6
a 171 63 0 8 4
a 172 148 0 25 1
a 172 104 0 48 2
a 172 112 0 15 2
a 172 197 0 37 2
a 172 158 0 38 3
a 177 14 0 25 4
a 177 99 0 24 6
a 177 145 0 37 1
a 177 193 0 28 5
a 179 49 0 25 7
a 179 105 0 18 2
a 179 68 0 48 2
a 179 6 0 20 7
a 180 87 0 25 2
a 180 97 0 28 10
a 180 41 0 19 7
a 183 104 0 25 9
a 183 99 0 15 1
a 184 77 0 25 10
a 184 97 0 5 5
a 184 139 0 46 2
a 184 11 0 25 7
a 184 179 0 35 6
a 186 89 0 25 9
a 186 55 0 30 10
a 186 22 0 37 4
a 186 192 0 23 2
a 186 6 0 44 2
a 186 17 0 38 6
a 187 99 0 25 8
a 187 109 0 42 2
a 188 33 0 25 6
a 188 114 0 12 1
a 188 52 0 3 6
a 188 200 0 49 9
a 193 17 0 25 5
a 193 157 0 24 8
a 193 114 0 26 10
a 194 76 0 25 9
a 194 20 0 36 6
a 194 97 0 0 2
a 194 180 0 16 8
a 194 118 0 18 4
a 196 153 0 25 1
a 196 169 0 7 5
a 196 168 0 4 4
a 196 76 0 43 4
a 196 185 0 40 9
a 196 46 0 44 5
a 196 134 0 10 10
a 197 26 0 25 4
a 197 49 0 26 1
a 197 143 0 34 10
a 197 56 0 14 6
a 197 42 0 14 2
a 197 124 0 0 3
a 2 175 0 25 7
a 2 131 0 13 5
a 3 156 0 25 9
a 3 106 0 33 3
a 3 5 0 48 7
a 3 56 0 22 8
a 3 200 0 47 5
a 6 105 0 25 8
a 6 175 0 22 5
a 6 177 0 41 9
a 6 159 0 42 8
a 6 79 0 5 8
a 6 110 0 24 6
a 7 59 0 25 6
a 7 162 0 34 8
a 7 125 0 49 7
a 7 103 0 3 2
a 7 122 0 33 6
a 7 68 0 9 7
a 8 121 0 25 4
a 8 142 0 7 8
a 8 25 0 33 4
a 9 47 0 25 3
a 9 48 0 2 1
a 9 162 0 33 3
a 9 6 0 11 7
a 9 148 0 9 6
a 9 50 0 35 2
a 12 32 0 25 9
a 12 57 0 45 1
a 12 108 0 39 5
a 12 131 0 33 4
a 12 86 0 26 1
a 13 7 0 25 7
a 13 63 0 6 9
a 13 129 0 36 3
a 15 100 0 25 9
a 15 176 0 42 8
a 15 108 0 39 1
a 16 55 0 25 6
a 16 47 0 41 7
a 20 68 0 25 8
a 20 177 0 6 5
a 20 199 0 22 5
a 20 128 0 19 4
a 25 61 0 25 9
a 25 21 0 47 9
a 25 53 0 35 4
a 25 95 0 22 1
a 25 114 0 40 9
a 25 143 0 17 6
a 27 129 0 25 9
a 27 163 0 16 4
a 27 63 0 31 2
a 27 10 0 21 2
a 29 45 0 25 10
a 29 169 0 48 1
a 29 14 0 24 1
a 29 165 0 23 1
a 29 127 0 28 5
a 32 190 0 25 2
a 32 82 0 48 4
a 35 43 0 25 5
a 35 14 0 35 9
a 35 99 0 15 9
a 35 138 0 39 2
a 36 20 0 25 3
a 36 138 0 23 6
a 37 167 0 25 7
a 37 160 0 33 5
a 37 110 0 35 1
a 38 178 0 25 2
a 38 200 0 36 9
a 38 148 0 28 6
a 38 151 0 8 1
a 42 48 0 25 9
a 42 90 0 29 3
a 43 158 0 25 2
a 43 96 0 6 3
a 43 171 0 37 7
a 43 46 0 25 2
a 43 174 0 40 5
a 43 132 0 2 10
a 45 42 0 25 7
a 45 66 0 28 4
a 46 38 0 25 9
a 46 188 0 7 8
a 46 130 0 27 1
a 46 197 0 32 6
a 46 93 0 2 8
a 46 29 0 6 5
a 47 113 0 25 9
a 47 181 0 8 1
a 47 81 0 16 2
a 47 155 0 40 4
a 47 52 0 3 8
a 47 106 0 48 6
a 48 154 0 25 9
a 48 23 0 26 4
a 48 127 0 33 4
a 48 71 0 49 4
a 52 35 0 25 3
a 52 102 0 36 2
a 52 198 0 11 2
a 52 169 0 23 6
a 52 121 0 43 9
a 52 143 0 45 9
a 53 8 0 25 3
a 53 140 0 34 10
a 54 164 0 25 7
a 54 22 0 27 1
a 55 170 0 25 7
a 55 69 0 32 3
a 55 110 0 21 4
a 55 77 0 28 10
a 55 12 0 24 3
a 55 108 0 13 2
a 59 53 0 25 9
a 59 81 0 7 4
a 59 168 0 41 2
a 59 129 0 24 10
a 59 178 0 26 7
a 59 195 0 21 7
a 60 185 0 25 3
a 60 81 0 21 3
a 60 114 0 4 1
a 60 16 0 6 2
a 60 22 0 50 3
a 60 6 0 34 8
a 61 165 0 25 7
a 61 8 0 18 5
a 61 132 0 18 2
a 61 152 0 20 1
a 61 64 0 31 7
a 62 149 0 25 3
a 62 59 0 3 8
a 62 23 0 37 1
a 62 26 0 45 5
a 62 129 0 42 3
a 63 144 0 25 10
a 63 64 0 26 2
a 63 73 0 8 5
a 63 41 0 38 1
a 63 17 0 4 5
a 63 27 0 18 1
a 66 60 0 25 9
a 66 40 0 19 1
a 66 87 0 22 3
a 66 186 0 14 8
a 66 37 0 39 10
a 66 36 0 11 6
a 68 63 0 25 7
a 68 87 0 13 5
a 68 16 0 12 5
a 68 128 0 7 1
a 69 166 0 25 10
a 69 82 0 42 2
a 69 170 0 48 7
a 69 168 0 42 9
a 69 120 0 26 7
a 69 118 0 19 2
a 70 200 0 25 10
a 70 78 0 38 10
a 70 47 0 48 4
a 70 6 0 36 10
a 70 155 0 46 7
a 70 134 0 21 10
a 71 16 0 25 2
a 71 10 0 21 6
a 71 124 0 49 1
a 72 9 0 25 5
a 72 129 0 37 4
a 72 157 0 46 5
a 72 45 0 26 9
a 72 158 0 38 7
a 72 42 0 38 7
a 73 176 0 25 5
a 73 117 0 26 2
a 73 111 0 15 9
a 73 91 0 40 1
a 73 95 0 43 5
a 74 181 0 25 5
a 74 192 0 9 6
a 74 16 0 3 9
a 74 64 0 20 4
a 74 164 0 40 8
a 75 46 0 25 10
a 75 125 0 20 3
a 75 90 0 45 5
a 75 161 0 3 7
a 81 73 0 25 1
a 81 82 0 44 7
a 81 161 0 3 2
a 81 185 0 41 1
a 81 175 0 17 4
a 81 80 0 46 5
a 85 37 0 25 10
a 85 192 0 0 10
a 85 188 0 10 9
a 85 142 0 16 10
a 85 87 0 23 4
a 85 75 0 7 9
a 86 116 0 25 10
a 86 108 0 27 7
a 86 186 0 30 10
a 86 65 0 11 2
a 86 147 0 22 2
a 86 36 0 19 8
a 94 81 0 25 6
a 94 187 0 40 8
a 94 164 0 17 6
a 94 40 0 11 2
a 97 69 0 25 7
a 97 8 0 7 3
a 97 25 0 50 2
a 97 191 0 15 5
a 98 198 0 25 1
a 98 46 0 33 10
a 98 188 0 37 1
a 98 146 0 25 10
a 100 169 0 25 10
a 100 125 0 12 10
a 105 124 0 25 8
a 105 94 0 11 6
a 105 144 0 13 6
a 105 93 0 44 1
a 105 161 0 34 7
a 108 163 0 25 5
a 108 48 0 46 9
a 108 35 0 22 6
a 108 144 0 41 7
a 110 114 0 25 3
a 110 70 0 13 3
a 110 172 0 34 8
a 110 158 0 17 3
a 110 147 0 2 4
a 112 13 0 25 2
a 112 125 0 17 6
a 112 175 0 10 5
a 113 125 0 25 3
a 113 43 0 50 9
a 113 97 0 6 9
a 114 120 0 25 6
a 114 116 0 2 2
a 114 84 0 33 5
a 114 167 0 23 5
a 115 192 0 25 4
a 115 31 0 5 10
a 116 112 0 25 10
a 116 185 0 0 10
a 116 32 0 40 5
a 116 193 0 24 5
a 116 115 0 14 2
a 118 191 0 25 8
a 118 31 0 23 5
a 120 122 0 25 9
a 120 30 0 21 5
a 120 17 0 25 2
a 121 70 0 25 2
a 121 165 0 2 8
a 121 23 0 20 6
a 121 183 0 29 6
a 121 89 0 31 3
a 122 182 0 25 1
a 122 104 0 17 8
a 122 30 0 9 3
a 123 110 0 25 10
a 123 84 0 30 1
a 123 96 0 20 2
a 123 103 0 28 7
a 124 74 0 25 5
a 124 170 0 41 9
a 124 18 0 47 2
a 124 9 0 49 1
a 124 50 0 40 10
a 125 3 0 25 7
a 125 154 0 49 7
a 125 118 0 37 10
a 125 22 0 2 2
a 129 123 0 25 10
a 129 20 0 31 5
a 129 58 0 22 6
a 129 7 0 38 7
a 130 54 0 25 2
a 130 66 0 4 7
a 134 143 0 25 2
a 134 195 0 4 6
a 134 91 0 33 10
a 138 75 0 25 1
a 138 5 0 1 10
a 138 142 0 21 6
a 140 85 0 25 6
a 140 101 0 37 8
a 140 145 0 28 6
a 140 65 0 17 2
a 140 41 0 34 5
a 143 94 0 25 6
a 143 101 0 7 4
a 143 46 0 30 9
a 144 152 0 25 9
a 144 176 0 10 1
a 144 32 0 3 9
a 144 107 0 6 9
a 144 175 0 8 1
a 149 134 0 25 10
a 149 141 0 1 9
a 151 118 0 25 3
a 151 190 0 35 4
a 152 52 0 25 5
a 152 156 0 12 9
a 154 71 0 25 8
a 154 155 0 12 1
a 154 162 0 34 1
a 154 58 0 18 2
a 154 98 0 1 3
a 156 151 0 25 7
a 156 121 0 9 10
a 156 159 0 27 6
a 157 189 0 25 5
a 157 183 0 48 5
a 158 130 0 25 9
a 158 199 0 25 7
a 158 155 0 12 5
a 158 48 0 34 5
a 160 115 0 25 10
a 160 139 0 27 5
a 160 88 0 14 6
a 160 18 0 26 8
a 160 89 0 17 6
a 163 138 0 25 1
a 163 136 0 35 10
a 163 150 0 25 9
a 163 129 0 43 5
a 163 94 0 49 2
a 164 98 0 25 3
a 164 70 0 16 4
a 165 160 0 25 9
a 165 123 0 20 4
a 165 135 0 44 2
a 165 90 0 39 1
a 166 66 0 25 10
a 166 150 0 25 3
a 166 70 0 12 2
a 166 79 0 11 7
a 167 174 0 25 8
a 167 53 0 18 9
a 169 173 0 25 8
a 169 165 0 22 4
a 170 72 0 25 4
a 170 23 0 13 9
a 173 29 0 25 10
a 173 135 0 50 6
a 173 121 0 12 3
a 173 53 0 22 1
a 173 186 0 37 5
a 174 6 0 25 4
a 174 200 0 34 8
a 174 83 0 43 5
a 174 38 0 43 7
a 174 12 0 45 6
a 175 157 0 25 3
a 175 181 0 35 9
a 176 140 0 25 6
a 176 99 0 30 3
a 176 179 0 29 3
a 176 141 0 38 2
a 176 29 0 32 1
a 178 195 0 25 5
a 178 158 0 44 6
a 178 20 0 38 4
a 178 19 0 10 10
a 178 152 0 5 6
a 181 15 0 25 1
a 181 126 0 48 5
a 181 77 0 44 5
a 181 117 0 45 8
a 181 118 0 18 8
a 182 36 0 25 5
a 182 119 0 12 9
a 182 158 0 37 6
a 185 86 0 25 3
a 185 126 0 28 5
a 189 108 0 25 6
a 189 179 0 31 4
a 189 69 0 36 1
a 189 97 0 39 3
a 190 27 0 25 9
a 190 24 0 27 9
a 191 97 0 25 5
a 191 195 0 37 7
a 191 163 0 45 10
a 192 62 0 25 9
a 192 39 0 41 1
a 195 12 0 25 10
a 195 14 0 9 4
a 195 89 0 9 9
a 198 25 0 25 5
a 198 30 0 30 7
a 198 51 0 26 8
a 198 172 0 18 6
