c PyNETGEN v1.0.0
c $ pip install pynetgen
c
c  NETGEN flow network generation algorithm
c  Problem input parameters
c  -------------------------------------
c   Random seed:          5
c   Number of nodes:      200
c   Source nodes:         2
c   Sink nodes:           2
c   Number of arcs:       800
c   Minimum arc cost:     1
c   Maximum arc cost:     10
c   Total supply:         50
c   Transshipment -
c     Sources:            0
c     Sinks:              0
c   Skeleton arcs -
c     With max cost:      0
c     Capacitated:        100
c   Minimum arc capacity: 0
c   Maximum arc capacity: 50
c
c  *** Minimum cost flow ***
c
p min 200 800
n 1 11
n 2 39
n 199 -32
n 200 -18
a 1 60 0 11 8
a 1 197 0 45 6
a 1 127 0 36 10
a 1 129 0 50 10
a 1 55 0 12 9
a 1 112 0 33 2
a 1 189 0 42 10
a 3 80 0 11 7
a 3 39 0 10 9
a 3 55 0 22 2
a 3 65 0 35 9
a 4 148 0 11 7
a 4 188 0 1 9
a 4 159 0 40 10
a 4 189 0 34 3
a 4 95 0 26 10
a 4 100 0 5 1
a 4 47 0 31 2
a 6 147 0 11 9
a 6 61 0 29 8
a 6 27 0 6 2
a 6 53 0 49 5
a 8 172 0 11 7
a 8 101 0 26 10
a 8 64 0 36 6
a 8 91 0 24 10
a 8 140 0 0 7
a 9 6 0 11 4
a 9 139 0 7 5
a 9 66 0 7 4
a 12 162 0 11 1
a 12 151 0 32 6
a 12 34 0 19 4
a 12 189 0 7 2
a 12 129 0 39 8
a 12 10 0 42 9
a 12 134 0 33 1
a 15 38 0 11 4
a 15 123 0 38 2
a 15 191 0 50 6
a 16 142 0 11 10
a 16 189 0 8 8
a 17 85 0 11 9
a 17 172 0 27 10
a 17 175 0 3 5
a 17 179 0 1 2
a 21 110 0 11 2
a 21 166 0 42 8
a 24 188 0 11 6
a 24 91 0 37 4
a 24 16 0 40 10
a 24 133 0 41 6
a 24 33 0 50 5
a 24 97 0 24 9
a 24 7 0 4 6
a 25 16 0 11 1
a 25 190 0 19 6
a 25 161 0 48 6
a 25 52 0 8 1
a 25 9 0 22 9
a 25 70 0 22 1
a 25 154 0 29 9
a 26 157 0 11 2
a 26 111 0 47 9
a 30 108 0 11 10
a 30 101 0 27 5
a 30 97 0 42 4
a 32 50 0 11 7
a 32 107 0 10 4
a 32 131 0 31 2
a 32 110 0 6 10
a 34 129 0 11 1
a 34 99 0 1 1
a 34 77 0 7 6
a 34 58 0 32 3
a 34 23 0 23 9
a 34 64 0 29 3
a 34 115 0 12 5
a 36 196 0 11 6
a 36 105 0 19 9
a 36 37 0 47 5
a 36 25 0 10 9
a 36 189 0 5 7
a 36 90 0 35 1
a 38 66 0 11 5
a 38 124 0 18 7
a 38 65 0 29 8
a 39 183 0 11 9
a 39 93 0 11 8
a 42 121 0 11 7
a 42 7 0 12 6
a 42 196 0 43 6
a 43 175 0 11 7
a 43 12 0 45 5
a 43 8 0 17 4
a 43 63 0 10 4
a 45 42 0 11 1
a 45 102 0 12 1
a 48 139 0 11 8
a 48 64 0 7 10
a 48 94 0 31 6
a 48 76 0 4 2
a 49 134 0 11 6
a 49 176 0 45 2
a 49 60 0 2 7
a 49 3 0 6 7
a 50 89 0 11 4
a 50 141 0 45 5
a 50 198 0 3 7
a 50 33 0 23 7
a 51 9 0 11 2
a 51 88 0 0 2
a 51 173 0 19 7
a 51 164 0 45 8
a 57 107 0 11 1
a 57 154 0 39 8
a 58 143 0 11 9
a 58 75 0 35 10
a 58 70 0 34 6
a 58 109 0 3 10
a 58 32 0 42 2
a 58 17 0 40 3
a 60 48 0 11 4
a 60 125 0 23 1
a 60 34 0 9 2
a 60 126 0 17 6
a 60 52 0 2 8
a 60 23 0 41 1
a 61 179 0 11 8
a 61 19 0 16 3
a 61 156 0 34 7
a 61 183 0 0 1
a 61 77 0 30 1
a 66 144 0 11 4
a 66 126 0 18 5
a 68 99 0 11 8
a 68 87 0 27 2
a 68 84 0 4 5
a 68 93 0 28 7
a 68 160 0 49 3
a 68 11 0 50 4
a 68 190 0 6 6
a 70 101 0 11 7
a 70 122 0 25 6
a 70 171 0 47 7
a 71 163 0 11 8
a 71 110 0 13 7
a 74 182 0 11 2
a 74 87 0 46 6
a 74 22 0 9 2
a 76 150 0 11 5
a 76 103 0 33 5
a 76 170 0 34 9
a 76 26 0 33 6
a 78 15 0 11 3
a 78 111 0 35 8
a 80 113 0 11 9
a 80 195 0 28 10
a 80 196 0 38 6
a 80 81 0 4 5
a 80 145 0 25 4
a 81 8 0 11 3
a 81 61 0 7 1
a 81 22 0 11 2
a 84 4 0 11 6
a 84 145 0 23 2
a 84 160 0 26 6
a 84 128 0 41 3
a 84 29 0 11 3
a 85 30 0 11 8
a 85 180 0 35 2
a 85 199 0 15 8
a 85 174 0 10 5
a 86 51 0 11 5
a 86 105 0 46 4
a 86 20 0 42 3
a 86 59 0 21 2
a 86 95 0 15 4
a 86 71 0 24 4
a 87 170 0 11 1
a 87 72 0 17 5
a 87 163 0 10 1
a 87 75 0 0 7
a 87 5 0 11 8
a 87 140 0 44 1
a 89 17 0 11 7
a 89 167 0 20 7
a 91 71 0 11 7
a 91 125 0 43 9
a 91 127 0 13 9
a 91 80 0 34 3
a 91 9 0 15 5
a 91 30 0 24 7
a 97 151 0 11 8
a 97 54 0 33 6
a 97 188 0 12 4
a 99 39 0 11 4
a 99 160 0 17 8
a 100 104 0 11 1
a 100 15 0 21 7
a 101 115 0 11 9
a 101 58 0 10 3
a 101 162 0 44 5
a 101 6 0 39 4
a 104 194 0 11 2
a 104 198 0 30 1
a 104 84 0 7 7
a 104 118 0 46 9
a 105 58 0 11 9
a 105 10 0 0 8
a 106 81 0 11 2
a 106 83 0 5 10
a 106 94 0 15 6
a 106 14 0 16 9
a 107 173 0 11 1
a 107 39 0 28 3
a 107 81 0 10 8
a 107 36 0 28 2
a 107 181 0 47 3
a 107 54 0 5 4
a 108 21 0 11 10
a 108 35 0 22 5
a 108 163 0 50 6
a 108 95 0 28 1
a 108 9 0 49 7
a 108 23 0 31 10
a 109 174 0 11 1
a 109 82 0 28 6
a 110 70 0 11 3
a 110 188 0 34 6
a 110 177 0 16 6
a 110 25 0 33 5
a 113 34 0 11 5
a 113 106 0 50 2
a 113 65 0 1 2
a 113 155 0 32 5
a 114 119 0 11 5
a 114 88 0 31 4
a 114 135 0 30 1
a 114 108 0 23 2
a 114 122 0 11 9
a 114 144 0 40 3
a 114 3 0 47 5
a 115 12 0 11 5
a 115 28 0 19 2
a 115 47 0 3 7
a 115 88 0 33 1
a 115 119 0 37 7
a 116 3 0 11 9
a 116 200 0 11 9
a 116 40 0 41 2
a 116 47 0 19 10
a 116 183 0 48 2
a 116 168 0 35 9
a 116 157 0 48 7
a 119 91 0 11 8
a 119 46 0 17 10
a 119 64 0 13 9
a 119 137 0 31 5
a 121 26 0 11 5
a 121 131 0 36 4
a 121 147 0 9 1
a 126 87 0 11 9
a 126 106 0 41 2
a 129 109 0 11 10
a 129 76 0 44 5
a 129 149 0 20 10
a 129 146 0 2 9
a 134 164 0 11 6
a 134 113 0 37 10
a 134 79 0 33 3
a 137 126 0 11 1
a 137 122 0 17 2
a 137 135 0 41 2
a 137 156 0 20 1
a 137 71 0 8 10
a 137 22 0 37 1
a 139 180 0 11 7
a 139 160 0 25 7
a 139 61 0 10 8
a 139 70 0 5 8
a 142 106 0 11 10
a 142 143 0 36 1
a 142 134 0 1 6
a 142 81 0 39 4
a 142 193 0 35 3
a 143 25 0 11 5
a 143 149 0 38 1
a 143 84 0 31 4
a 143 76 0 43 6
a 144 153 0 11 8
a 144 100 0 30 3
a 144 60 0 30 7
a 144 91 0 43 7
a 147 176 0 11 3
a 147 57 0 9 3
a 148 86 0 11 3
a 148 62 0 38 2
a 148 33 0 0 9
a 149 191 0 11 5
a 149 185 0 19 6
a 149 4 0 48 8
a 149 6 0 25 7
a 149 16 0 23 9
a 149 141 0 7 4
a 150 149 0 11 6
a 150 11 0 28 9
a 150 27 0 32 4
a 150 107 0 23 4
a 150 102 0 5 3
a 151 185 0 11 8
a 151 29 0 15 7
a 151 67 0 18 3
a 151 149 0 16 10
a 151 14 0 8 9
a 151 140 0 27 4
a 152 74 0 11 5
a 152 120 0 35 1
a 152 153 0 49 8
a 153 168 0 11 3
a 153 15 0 18 3
a 153 63 0 29 7
a 157 61 0 11 6
a 157 96 0 40 1
a 157 42 0 34 6
a 157 145 0 19 9
a 157 92 0 24 8
a 162 100 0 11 1
a 162 38 0 1 5
a 162 184 0 23 4
a 162 127 0 29 8
a 163 184 0 11 4
a 163 86 0 28 6
a 163 75 0 26 3
a 164 84 0 11 5
a 164 137 0 4 4
a 164 7 0 49 9
a 168 57 0 11 8
a 168 123 0 28 6
a 168 70 0 46 6
a 168 189 0 13 7
a 168 13 0 44 2
a 168 152 0 16 3
a 170 78 0 11 1
a 170 77 0 3 7
a 170 88 0 9 9
a 170 89 0 6 2
a 170 103 0 8 2
a 172 97 0 11 2
a 172 134 0 32 8
a 173 24 0 11 7
a 173 36 0 46 7
a 173 90 0 29 10
a 173 84 0 44 9
a 174 49 0 11 1
a 174 121 0 15 3
a 174 153 0 12 5
a 174 150 0 50 3
a 175 76 0 11 3
a 175 117 0 5 2
a 175 172 0 4 2
a 175 47 0 38 5
a 176 199 0 11 3
a 176 180 0 0 2
a 176 56 0 32 8
a 176 127 0 19 9
a 176 25 0 31 5
a 178 152 0 11 6
a 178 123 0 50 9
a 179 36 0 11 7
a 179 114 0 48 10
a 179 108 0 17 5
a 179 58 0 16 3
a 179 37 0 4 7
a 179 49 0 21 8
a 180 197 0 11 7
a 180 119 0 2 10
a 182 32 0 11 5
a 182 83 0 23 6
a 182 3 0 18 5
a 182 81 0 43 4
a 183 114 0 11 8
a 183 173 0 4 2
a 183 34 0 32 8
a 183 132 0 32 8
a 184 137 0 11 4
a 184 58 0 42 7
a 184 42 0 29 8
a 184 18 0 47 1
a 184 189 0 5 7
a 184 35 0 22 2
a 185 68 0 11 4
a 185 174 0 30 6
a 185 121 0 19 3
a 185 139 0 22 8
a 185 180 0 1 1
a 188 45 0 11 9
a 188 10 0 24 3
a 188 136 0 5 2
a 188 116 0 13 10
a 188 92 0 36 5
a 190 43 0 11 10
a 190 77 0 5 4
a 190 135 0 16 5
a 190 188 0 20 9
a 190 62 0 35 10
a 191 116 0 11 4
a 191 27 0 28 7
a 194 105 0 11 3
a 194 129 0 6 1
a 196 190 0 11 2
a 196 187 0 7 1
a 196 41 0 40 9
a 197 178 0 11 6
a 197 21 0 24 8
a 197 77 0 8 10
a 197 172 0 30 8
a 197 20 0 23 2
a 197 24 0 4 8
a 2 169 0 39 7
a 2 186 0 47 8
a 2 61 0 3 4
a 2 125 0 26 3
a 5 37 0 39 9
a 5 78 0 3 1
a 7 165 0 39 9
a 7 64 0 24 9
a 7 154 0 50 4
a 7 175 0 35 4
a 7 9 0 5 5
a 10 146 0 39 7
a 10 87 0 3 2
a 10 188 0 45 2
a 10 47 0 1 6
a 10 38 0 27 2
a 10 30 0 7 2
a 11 120 0 39 1
a 11 153 0 21 7
a 11 84 0 36 10
a 11 77 0 9 10
a 13 128 0 39 9
a 13 82 0 39 2
a 13 105 0 46 2
a 13 167 0 15 7
a 13 189 0 11 7
a 13 106 0 6 1
a 14 200 0 39 2
a 14 132 0 39 7
a 14 197 0 5 9
a 14 160 0 5 9
a 14 167 0 27 2
a 14 155 0 34 4
a 14 179 0 33 9
a 18 98 0 39 1
a 18 69 0 15 1
a 18 123 0 38 3
a 19 177 0 39 3
a 19 135 0 16 10
a 19 18 0 39 1
a 19 157 0 23 4
a 19 173 0 20 3
a 20 56 0 39 5
a 20 106 0 10 1
a 22 141 0 39 4
a 22 49 0 9 9
a 22 136 0 23 10
a 22 148 0 12 7
a 22 183 0 44 4
a 22 194 0 27 5
a 23 199 0 39 5
a 23 183 0 21 6
a 27 62 0 39 4
a 27 154 0 6 10
a 27 103 0 9 5
a 27 28 0 43 1
a 27 71 0 40 6
a 28 130 0 39 3
a 28 62 0 4 8
a 28 80 0 39 4
a 28 98 0 12 2
a 29 181 0 39 10
a 29 129 0 16 9
a 29 34 0 45 1
a 29 191 0 7 2
a 31 155 0 39 3
a 31 182 0 13 10
a 31 48 0 39 5
a 31 131 0 3 4
a 31 96 0 18 1
a 33 127 0 39 4
a 33 86 0 1 3
a 33 60 0 24 6
a 35 90 0 39 7
a 35 159 0 35 6
a 35 149 0 19 3
a 35 127 0 15 1
a 37 135 0 39 2
a 37 145 0 26 2
a 37 101 0 37 9
a 37 20 0 31 3
a 37 66 0 13 2
a 37 44 0 11 5
a 40 47 0 39 9
a 40 174 0 44 6
a 40 134 0 47 9
a 40 65 0 12 6
a 41 10 0 39 5
a 41 83 0 18 7
a 41 46 0 20 6
a 41 76 0 38 9
a 41 183 0 39 6
a 41 165 0 22 10
a 44 82 0 39 8
a 44 71 0 38 2
a 44 118 0 17 1
a 44 147 0 2 1
a 46 187 0 39 10
a 46 58 0 34 6
a 46 108 0 40 5
a 46 70 0 22 4
a 46 141 0 18 3
a 47 19 0 39 7
a 47 164 0 32 8
a 47 119 0 44 10
a 47 190 0 26 1
a 52 123 0 39 7
a 52 111 0 41 1
a 52 102 0 45 6
a 52 198 0 35 9
a 52 87 0 18 2
a 52 148 0 47 1
a 53 31 0 39 3
a 53 19 0 2 9
a 53 12 0 42 5
a 53 184 0 5 1
a 54 63 0 39 8
a 54 134 0 7 9
a 54 180 0 43 10
a 54 64 0 26 9
a 55 64 0 39 1
a 55 62 0 32 8
a 55 188 0 41 9
a 55 32 0 15 1
a 56 54 0 39 6
a 56 137 0 25 10
a 56 80 0 16 6
a 56 194 0 50 9
a 56 106 0 10 10
a 56 128 0 16 2
a 59 96 0 39 7
a 59 9 0 21 5
a 59 155 0 1 6
a 59 55 0 0 4
a 59 115 0 28 10
a 59 37 0 37 6
a 62 44 0 39 7
a 62 169 0 17 1
a 62 31 0 15 2
a 62 160 0 15 3
a 63 29 0 39 2
a 63 85 0 39 9
a 63 97 0 18 8
a 63 171 0 5 1
a 64 18 0 39 3
a 64 35 0 17 4
a 64 83 0 11 1
a 65 5 0 39 6
a 65 13 0 8 4
a 65 196 0 24 5
a 67 41 0 39 8
a 67 24 0 39 2
a 67 46 0 1 1
a 69 156 0 39 5
a 69 55 0 43 5
a 69 39 0 0 10
a 69 50 0 46 10
a 69 112 0 28 6
a 69 7 0 14 6
a 72 131 0 39 3
a 72 87 0 5 5
a 72 53 0 0 6
a 73 7 0 39 7
a 73 3 0 50 2
a 75 14 0 39 6
a 75 120 0 43 9
a 75 81 0 13 5
a 75 193 0 21 2
a 77 94 0 39 9
a 77 163 0 47 6
a 77 149 0 37 1
a 77 8 0 32 10
a 79 67 0 39 9
a 79 133 0 27 6
a 79 30 0 36 10
a 79 26 0 8 4
a 82 159 0 39 4
a 82 193 0 35 3
a 82 13 0 37 3
a 83 138 0 39 9
a 83 142 0 29 6
a 83 59 0 8 2
a 83 44 0 22 8
a 88 171 0 39 2
a 88 6 0 18 6
a 88 185 0 40 8
a 88 199 0 4 2
a 90 195 0 39 8
a 90 193 0 13 2
a 90 115 0 47 10
a 92 11 0 39 9
a 92 32 0 6 7
a 93 69 0 39 6
a 93 89 0 45 10
a 94 40 0 39 4
a 94 70 0 44 1
a 94 10 0 22 9
a 94 185 0 8 1
a 94 74 0 39 2
a 95 35 0 39 4
a 95 87 0 36 7
a 95 36 0 7 2
a 95 86 0 26 1
a 95 192 0 1 3
a 96 186 0 39 3
a 96 9 0 49 9
a 98 13 0 39 4
a 98 162 0 46 10
a 102 53 0 39 6
a 102 119 0 9 7
a 102 145 0 47 1
a 102 66 0 45 8
a 102 9 0 34 6
a 102 155 0 15 10
a 103 189 0 39 5
a 103 62 0 31 6
a 103 33 0 35 5
a 103 116 0 26 3
a 103 82 0 29 9
a 111 73 0 39 4
a 111 147 0 36 1
a 111 194 0 20 3
a 111 190 0 30 9
a 111 180 0 45 4
a 111 42 0 41 3
a 112 154 0 39 1
a 112 66 0 36 3
a 112 134 0 50 3
a 112 169 0 18 8
a 117 95 0 39 2
a 117 158 0 34 1
a 117 178 0 28 8
a 118 198 0 39 10
a 118 97 0 3 7
a 118 70 0 5 2
a 118 62 0 30 7
a 118 186 0 5 5
a 118 60 0 9 7
a 120 111 0 39 6
a 120 138 0 22 2
a 120 198 0 28 2
a 122 193 0 39 8
a 122 35 0 16 6
a 122 16 0 31 1
a 123 75 0 39 9
a 123 149 0 16 5
a 123 131 0 13 10
a 123 171 0 41 10
a 123 161 0 19 1
a 123 165 0 10 3
a 124 28 0 39 10
a 124 26 0 37 5
a 125 46 0 39 9
a 125 6 0 13 8
a 125 21 0 45 2
a 125 171 0 29 7
a 127 77 0 39 6
a 127 187 0 35 6
a 127 165 0 44 8
a 127 27 0 24 9
a 127 185 0 22 9
a 127 169 0 45 10
a 128 79 0 39 4
a 128 122 0 18 10
a 130 160 0 39 6
a 130 11 0 48 10
a 130 161 0 6 8
a 131 20 0 39 3
a 131 133 0 5 3
a 131 153 0 29 1
a 131 68 0 48 4
a 131 41 0 38 4
a 131 90 0 13 10
a 132 92 0 39 6
a 132 5 0 0 2
a 133 140 0 39 1
a 133 197 0 38 2
a 133 94 0 35 8
a 135 161 0 39 6
a 135 60 0 25 6
a 135 156 0 42 1
a 135 172 0 41 5
a 136 59 0 39 1
a 136 163 0 1 9
a 136 29 0 5 1
a 136 157 0 33 8
a 138 93 0 39 6
a 138 96 0 46 5
a 138 176 0 30 7
a 138 101 0 47 5
a 138 94 0 31 8
a 140 112 0 39 6
a 140 68 0 9 7
a 140 57 0 8 2
a 141 33 0 39 8
a 141 159 0 29 1
a 141 78 0 35 10
a 141 42 0 7 1
a 141 117 0 28 9
a 141 192 0 5 6
a 145 27 0 39 9
a 145 26 0 5 1
a 145 192 0 10 9
a 146 103 0 39 4
a 146 187 0 49 9
a 154 55 0 39 8
a 154 14 0 21 7
a 154 15 0 30 2
a 154 155 0 26 8
a 155 166 0 39 6
a 155 192 0 24 8
a 155 197 0 25 3
a 155 188 0 25 6
a 156 136 0 39 6
a 156 170 0 36 9
a 156 177 0 45 1
a 156 3 0 1 9
a 156 56 0 1 2
a 156 89 0 19 10
a 158 133 0 39 10
a 158 173 0 17 2
a 158 135 0 26 10
a 158 90 0 25 10
a 159 118 0 39 7
a 159 62 0 33 5
a 159 44 0 35 9
a 159 176 0 42 6
a 159 37 0 12 1
a 160 158 0 39 2
a 160 52 0 8 1
a 161 88 0 39 7
a 161 195 0 39 7
a 161 189 0 31 7
a 165 102 0 39 1
a 165 36 0 28 5
a 166 192 0 39 7
a 166 44 0 35 3
a 167 124 0 39 6
a 167 57 0 35 9
a 167 160 0 47 10
a 167 164 0 5 3
a 167 193 0 11 4
a 167 25 0 25 6
a 169 72 0 39 3
a 169 124 0 44 6
a 169 91 0 49 7
a 169 177 0 9 4
a 169 135 0 21 5
a 171 117 0 39 1
a 171 39 0 49 8
a 177 125 0 39 10
a 177 88 0 6 8
a 177 190 0 19 7
a 181 122 0 39 5
a 181 185 0 28 7
a 181 161 0 30 10
a 181 144 0 37 3
a 186 65 0 39 5
a 186 40 0 49 4
a 186 129 0 15 6
a 186 172 0 40 9
a 187 52 0 39 10
a 187 184 0 41 7
a 187 93 0 25 8
a 189 23 0 39 10
a 189 107 0 45 10
a 192 145 0 39 9
a 192 56 0 26 7
a 192 199 0 2 6
a 193 22 0 39 2
a 193 116 0 40 7
a 193 138 0 50 8
a 193 185 0 42 1
a 193 24 0 32 6
a 193 46 0 14 2
a 195 167 0 39 9
a 195 30 0 5 6
a 195 165 0 17 9
a 198 83 0 39 7
a 198 49 0 20 7
a 198 155 0 23 9
