c PyNETGEN v1.0.0
c $ pip install pynetgen
c
c  NETGEN flow network generation algorithm
c  Problem input parameters
c  -------------------------------------
c   Random seed:          8
c   Number of nodes:      200
c   Source nodes:         2
c   Sink nodes:           2
c   Number of arcs:       800
c   Minimum arc cost:     1
c   Maximum arc cost:     10
c   Total supply:         50
c   Transshipment -
c     Sources:            0
c     Sinks:              0
c   Skeleton arcs -
c     With max cost:      0
c     Capacitated:        100
c   Minimum arc capacity: 0
c   Maximum arc capacity: 50
c
c  *** Minimum cost flow ***
c
p min 200 800
n 1 7
n 2 43
n 199 -35
n 200 -15
a 1 120 0 7 1
a 1 90 0 36 7
a 1 122 0 22 7
a 3 159 0 7 6
a 3 40 0 24 7
a 3 174 0 33 7
a 3 117 0 47 4
a 3 86 0 25 1
a 3 34 0 11 5
a 3 78 0 15 9
a 4 26 0 7 9
a 4 23 0 3 10
a 4 7 0 12 3
a 4 120 0 44 4
a 4 142 0 39 10
a 4 97 0 42 8
a 5 4 0 7 4
a 5 154 0 50 3
a 5 27 0 48 10
a 10 166 0 7 3
a 10 121 0 25 4
a 10 76 0 33 8
a 10 25 0 12 5
a 10 64 0 1 9
a 11 118 0 7 10
a 11 138 0 39 10
a 11 77 0 31 5
a 11 141 0 40 6
a 12 37 0 7 8
a 12 113 0 11 7
a 12 136 0 43 9
a 12 89 0 5 3
a 12 118 0 5 9
a 12 102 0 6 1
a 12 4 0 32 7
a 13 40 0 7 4
a 13 24 0 43 3
a 13 166 0 40 10
a 13 158 0 15 9
a 13 108 0 14 4
a 13 145 0 14 2
a 14 96 0 7 1
a 14 172 0 44 6
a 14 23 0 48 9
a 14 200 0 5 2
a 14 7 0 22 9
a 17 173 0 7 3
a 17 144 0 22 7
a 17 147 0 41 3
a 18 153 0 7 10
a 18 26 0 18 2
a 18 150 0 5 7
a 18 130 0 9 4
a 18 133 0 33 2
a 18 74 0 32 4
a 21 149 0 7 5
a 21 192 0 46 5
a 26 111 0 7 6
a 26 51 0 44 9
a 26 193 0 30 5
a 27 33 0 7 8
a 27 175 0 11 7
a 28 72 0 7 3
a 28 181 0 24 9
a 28 99 0 49 7
a 28 19 0 43 8
a 28 55 0 26 5
a 28 100 0 50 2
a 28 48 0 21 9
a 32 117 0 7 1
a 32 138 0 45 8
a 32 157 0 41 2
a 32 55 0 27 3
a 33 124 0 7 10
a 33 43 0 11 8
a 33 85 0 47 7
a 33 53 0 36 5
a 34 184 0 7 5
a 34 68 0 14 1
a 34 92 0 46 2
a 34 12 0 9 10
a 37 172 0 7 6
a 37 20 0 13 4
a 38 57 0 7 2
a 38 189 0 23 9
a 38 188 0 3 5
a 38 45 0 11 8
a 40 152 0 7 7
a 40 200 0 43 10
a 40 53 0 28 5
a 40 47 0 19 4
a 40 183 0 28 1
a 40 15 0 44 9
a 40 131 0 16 4
a 43 135 0 7 2
a 43 120 0 1 10
a 43 121 0 32 5
a 44 56 0 7 8
a 44 52 0 8 6
a 44 13 0 37 1
a 44 190 0 24 4
a 44 162 0 27 9
a 44 8 0 35 7
a 49 52 0 7 10
a 49 125 0 19 1
a 49 115 0 30 9
a 52 158 0 7 4
a 52 199 0 7 5
a 52 14 0 38 9
a 52 25 0 33 2
a 52 108 0 20 9
a 55 27 0 7 3
a 55 15 0 36 8
a 56 5 0 7 4
a 56 103 0 43 6
a 56 177 0 28 9
a 56 157 0 31 3
a 56 166 0 23 10
a 57 143 0 7 7
a 57 112 0 19 3
a 59 134 0 7 7
a 59 173 0 23 3
a 59 45 0 13 7
a 60 195 0 7 6
a 60 69 0 4 2
a 60 15 0 20 7
a 60 156 0 45 6
a 62 182 0 7 10
a 62 35 0 50 9
a 63 18 0 7 5
a 63 67 0 46 2
a 63 5 0 14 9
a 63 108 0 7 8
a 63 140 0 22 7
a 63 37 0 24 9
a 63 26 0 46 10
a 65 66 0 7 10
a 65 156 0 36 2
a 66 177 0 7 9
a 66 14 0 30 10
a 66 65 0 4 6
a 66 26 0 27 4
a 66 176 0 37 8
a 71 155 0 7 8
a 71 12 0 43 4
a 72 200 0 7 6
a 72 64 0 29 7
a 72 113 0 34 2
a 72 7 0 50 4
a 74 65 0 7 4
a 74 100 0 37 7
a 74 16 0 31 2
a 75 60 0 7 9
a 75 143 0 41 2
a 75 93 0 20 9
a 75 21 0 37 7
a 75 146 0 38 1
a 75 54 0 27 1
a 75 31 0 15 2
a 76 136 0 7 4
a 76 191 0 19 8
a 76 138 0 30 1
a 76 147 0 39 9
a 76 200 0 45 1
a 76 195 0 48 2
a 79 10 0 7 7
a 79 43 0 36 8
a 79 137 0 3 10
a 79 139 0 6 10
a 79 180 0 3 8
a 87 175 0 7 6
a 87 31 0 23 3
a 87 13 0 15 4
a 87 157 0 4 6
a 87 189 0 5 6
a 87 55 0 24 2
a 88 79 0 7 5
a 88 153 0 31 4
a 88 169 0 38 8
a 88 184 0 5 6
a 88 165 0 22 5
a 95 76 0 7 1
a 95 157 0 12 10
a 95 120 0 31 1
a 96 183 0 7 4
a 96 116 0 46 2
a 96 173 0 31 4
a 96 21 0 43 6
a 97 44 0 7 6
a 97 198 0 15 2
a 101 63 0 7 2
a 101 67 0 44 1
a 101 132 0 13 4
a 107 13 0 7 4
a 107 36 0 24 3
a 111 147 0 7 4
a 111 160 0 14 6
a 111 63 0 35 6
a 111 11 0 27 10
a 113 101 0 7 8
a 113 149 0 35 1
a 113 40 0 37 8
a 117 145 0 7 3
a 117 84 0 14 3
a 117 190 0 31 3
a 118 59 0 7 3
a 118 162 0 15 10
a 120 62 0 7 8
a 120 195 0 49 3
a 120 60 0 18 10
a 120 44 0 23 9
a 120 6 0 32 9
a 120 93 0 27 10
a 121 28 0 7 10
a 121 188 0 14 9
a 124 95 0 7 2
a 124 21 0 1 1
a 124 98 0 1 9
a 124 56 0 45 10
a 124 26 0 18 7
a 124 72 0 19 2
a 124 60 0 30 5
a 134 164 0 7 5
a 134 24 0 50 9
a 134 4 0 50 3
a 134 98 0 37 10
a 134 22 0 14 4
a 134 103 0 28 3
a 135 167 0 7 6
a 135 68 0 37 8
a 136 12 0 7 1
a 136 60 0 27 1
a 136 111 0 28 8
a 136 5 0 43 9
a 136 156 0 30 9
a 143 21 0 7 3
a 143 112 0 23 2
a 143 159 0 37 10
a 143 77 0 15 10
a 145 71 0 7 10
a 145 31 0 40 3
a 147 189 0 7 7
a 147 110 0 48 5
a 147 105 0 40 8
a 147 96 0 7 6
a 149 3 0 7 8
a 149 136 0 40 8
a 149 162 0 25 1
a 152 97 0 7 5
a 152 145 0 7 4
a 153 160 0 7 10
a 153 186 0 10 10
a 153 66 0 41 9
a 153 159 0 31 4
a 155 171 0 7 1
a 155 5 0 25 10
a 155 115 0 7 9
a 157 43 0 7 7
a 157 141 0 50 2
a 157 77 0 26 1
a 157 51 0 7 6
a 157 106 0 40 3
a 157 117 0 5 6
a 158 113 0 7 10
a 158 193 0 10 2
a 158 62 0 50 3
a 158 66 0 7 3
a 158 80 0 39 7
a 158 5 0 2 5
a 159 32 0 7 5
a 159 27 0 43 6
a 159 124 0 30 8
a 159 41 0 43 2
a 159 138 0 20 2
a 160 169 0 7 5
a 160 9 0 18 4
a 160 47 0 24 6
a 160 185 0 18 7
a 164 157 0 7 6
a 164 61 0 21 5
a 164 137 0 29 1
a 166 74 0 7 2
a 166 24 0 12 2
a 166 135 0 48 8
a 166 78 0 22 1
a 167 194 0 7 5
a 167 191 0 42 2
a 169 75 0 7 4
a 169 31 0 19 3
a 169 190 0 43 3
a 169 111 0 38 8
a 169 140 0 2 1
a 171 14 0 7 5
a 171 50 0 3 1
a 171 164 0 18 5
a 171 95 0 30 5
a 171 116 0 45 4
a 171 174 0 0 3
a 171 159 0 21 3
a 172 174 0 7 1
a 172 88 0 36 6
a 173 187 0 7 2
a 173 142 0 15 9
a 173 146 0 37 7
a 174 17 0 7 5
a 174 25 0 24 7
a 174 93 0 9 5
a 175 107 0 7 6
a 175 19 0 47 3
a 175 72 0 34 8
a 175 30 0 16 7
a 177 55 0 7 1
a 177 105 0 19 4
a 177 73 0 26 3
a 182 88 0 7 7
a 182 34 0 49 5
a 182 31 0 38 6
a 183 34 0 7 9
a 183 21 0 43 4
a 183 193 0 45 5
a 184 87 0 7 10
a 184 162 0 26 3
a 184 115 0 42 4
a 184 145 0 44 1
a 184 92 0 29 3
a 184 183 0 46 5
a 184 67 0 13 6
a 187 49 0 7 6
a 187 82 0 7 8
a 187 191 0 32 10
a 187 188 0 16 9
a 187 27 0 0 9
a 187 14 0 50 3
a 189 11 0 7 7
a 189 4 0 19 4
a 189 55 0 32 2
a 189 167 0 48 1
a 189 158 0 42 7
a 194 121 0 7 6
a 194 98 0 13 1
a 194 91 0 31 7
a 194 37 0 15 2
a 195 38 0 7 7
a 195 45 0 16 7
a 195 52 0 46 7
a 195 110 0 20 3
a 195 111 0 5 6
a 195 107 0 23 6
a 195 171 0 0 8
a 2 151 0 43 5
a 2 92 0 31 2
a 6 19 0 43 6
a 6 10 0 11 3
a 6 4 0 45 6
a 7 77 0 43 3
a 7 197 0 19 3
a 7 159 0 31 2
a 7 97 0 13 3
a 7 84 0 37 1
a 8 100 0 43 8
a 8 25 0 45 1
a 8 128 0 36 9
a 8 153 0 41 3
a 8 167 0 25 6
a 9 103 0 43 4
a 9 139 0 13 6
a 15 25 0 43 9
a 15 22 0 23 7
a 15 141 0 46 3
a 15 180 0 12 3
a 15 136 0 0 1
a 16 130 0 43 5
a 16 18 0 8 6
a 16 104 0 23 5
a 16 38 0 24 4
a 16 160 0 32 4
a 16 121 0 47 7
a 19 129 0 43 2
a 19 114 0 23 5
a 19 97 0 27 2
a 19 131 0 32 4
a 20 54 0 43 9
a 20 143 0 26 6
a 20 166 0 7 5
a 20 169 0 11 10
a 20 113 0 21 5
a 22 92 0 43 4
a 22 82 0 8 10
a 22 5 0 10 10
a 22 198 0 4 10
a 22 83 0 12 9
a 23 89 0 43 4
a 23 5 0 46 2
a 23 192 0 27 1
a 23 79 0 43 2
a 23 136 0 3 1
a 24 162 0 43 6
a 24 107 0 0 8
a 25 58 0 43 3
a 25 33 0 20 5
a 25 197 0 3 1
a 25 8 0 26 2
a 25 149 0 47 10
a 25 165 0 41 8
a 29 181 0 43 8
a 29 138 0 19 8
a 29 54 0 43 9
a 29 103 0 35 9
a 30 16 0 43 2
a 30 24 0 6 7
a 30 104 0 8 8
a 30 15 0 10 5
a 30 134 0 23 1
a 31 94 0 43 1
a 31 123 0 43 8
a 31 49 0 22 3
a 31 5 0 32 6
a 31 187 0 41 1
a 35 188 0 43 7
a 35 72 0 4 6
a 35 77 0 40 8
a 35 11 0 41 7
a 36 102 0 43 5
a 36 90 0 30 1
a 36 123 0 41 5
a 39 104 0 43 3
a 39 100 0 18 1
a 41 112 0 43 5
a 41 18 0 0 7
a 41 78 0 39 4
a 41 27 0 2 2
a 42 81 0 43 3
a 42 33 0 1 1
a 42 134 0 17 3
a 42 179 0 38 7
a 42 168 0 47 5
a 42 137 0 2 6
a 45 109 0 43 2
a 45 65 0 27 4
a 45 167 0 30 4
a 45 5 0 31 6
a 46 116 0 43 8
a 46 153 0 38 9
a 46 68 0 19 9
a 46 56 0 38 10
a 47 8 0 43 7
a 47 194 0 43 7
a 47 169 0 45 10
a 47 116 0 19 4
a 47 165 0 29 10
a 48 126 0 43 8
a 48 130 0 2 5
a 50 108 0 43 5
a 50 166 0 11 3
a 50 194 0 42 3
a 50 95 0 43 7
a 50 49 0 45 4
a 50 43 0 48 1
a 51 29 0 43 7
a 51 198 0 5 9
a 53 105 0 43 3
a 53 118 0 20 7
a 53 172 0 1 5
a 53 165 0 19 10
a 53 134 0 5 7
a 54 86 0 43 2
a 54 169 0 43 4
a 54 154 0 46 4
a 54 142 0 14 3
a 58 45 0 43 10
a 58 150 0 45 4
a 58 185 0 17 5
a 58 114 0 47 10
a 58 44 0 5 1
a 61 6 0 43 10
a 61 14 0 18 1
a 61 131 0 33 5
a 61 40 0 48 9
a 61 4 0 38 5
a 64 48 0 43 3
a 64 118 0 25 6
a 67 131 0 43 7
a 67 32 0 4 9
a 67 93 0 39 4
a 68 15 0 43 9
a 68 9 0 12 9
a 68 91 0 14 5
a 68 95 0 3 1
a 68 105 0 39 4
a 68 41 0 4 8
a 69 9 0 43 6
a 69 194 0 13 9
a 69 139 0 42 4
a 69 108 0 7 3
a 69 94 0 29 7
a 70 20 0 43 9
a 70 85 0 20 1
a 70 64 0 4 8
a 70 170 0 1 10
a 70 198 0 41 10
a 70 29 0 47 10
a 73 132 0 43 8
a 73 199 0 47 3
a 73 194 0 22 3
a 77 168 0 43 6
a 77 137 0 35 7
a 78 156 0 43 8
a 78 104 0 30 1
a 78 36 0 17 9
a 80 36 0 43 6
a 80 196 0 29 1
a 81 193 0 43 6
a 81 134 0 39 5
a 81 87 0 17 10
a 81 150 0 5 2
a 81 21 0 23 8
a 82 180 0 43 9
a 82 108 0 43 2
a 83 198 0 43 5
a 83 124 0 31 3
a 83 137 0 23 9
a 83 151 0 1 6
a 83 125 0 42 6
a 83 96 0 1 9
a 84 179 0 43 10
a 84 185 0 34 1
a 84 155 0 12 6
a 84 79 0 49 8
a 85 137 0 43 1
a 85 170 0 42 7
a 85 57 0 36 9
a 85 192 0 36 6
a 85 98 0 15 4
a 85 4 0 37 3
a 86 99 0 43 8
a 86 72 0 6 5
a 86 43 0 49 4
a 86 180 0 39 2
a 86 55 0 8 8
a 86 169 0 38 2
a 89 127 0 43 2
a 89 140 0 16 9
a 90 186 0 43 10
a 90 99 0 34 2
a 90 24 0 36 4
a 90 190 0 6 2
a 90 3 0 38 4
a 91 98 0 43 1
a 91 167 0 3 8
a 91 34 0 27 2
a 91 115 0 22 1
a 91 163 0 50 8
a 91 23 0 26 9
a 92 133 0 43 10
a 92 175 0 14 1
a 92 121 0 13 9
a 92 142 0 33 3
a 92 14 0 20 6
a 93 115 0 43 1
a 93 24 0 1 3
a 93 67 0 13 6
a 94 197 0 43 2
a 94 152 0 0 9
a 94 161 0 45 10
a 94 139 0 21 2
a 94 53 0 41 3
a 98 73 0 43 1
a 98 57 0 43 3
a 98 185 0 17 4
a 99 148 0 43 1
a 99 61 0 25 2
a 100 42 0 43 1
a 100 181 0 16 9
a 100 148 0 27 7
a 100 198 0 0 6
a 100 31 0 0 3
a 100 174 0 14 7
a 102 141 0 43 8
a 102 155 0 30 7
a 102 48 0 4 1
a 102 80 0 35 2
a 103 200 0 43 9
a 103 139 0 18 4
a 103 29 0 6 7
a 104 30 0 43 3
a 104 4 0 4 8
a 104 107 0 40 8
a 104 146 0 15 5
a 104 74 0 14 2
a 104 29 0 32 3
a 105 119 0 43 4
a 105 159 0 12 6
a 105 189 0 32 3
a 105 168 0 31 1
a 105 148 0 34 10
a 106 31 0 43 3
a 106 29 0 11 9
a 106 16 0 26 9
a 106 59 0 46 7
a 106 158 0 32 2
a 108 80 0 43 1
a 108 26 0 14 7
a 108 178 0 28 2
a 109 22 0 43 10
a 109 89 0 9 9
a 110 47 0 43 3
a 110 21 0 44 6
a 112 85 0 43 3
a 112 138 0 36 9
a 112 86 0 29 8
a 112 161 0 9 1
a 114 93 0 43 7
a 114 163 0 0 10
a 114 103 0 40 8
a 114 37 0 49 6
a 115 122 0 43 10
a 115 170 0 6 3
a 115 200 0 15 9
a 115 188 0 23 1
a 115 172 0 25 9
a 116 123 0 43 2
a 116 49 0 50 2
a 116 39 0 25 7
a 116 43 0 22 4
a 119 154 0 43 7
a 119 181 0 37 4
a 122 178 0 43 3
a 122 32 0 16 1
a 123 144 0 43 10
a 123 150 0 19 4
a 123 87 0 6 3
a 123 70 0 47 4
a 123 58 0 26 8
a 123 110 0 43 5
a 125 140 0 43 7
a 125 122 0 30 10
a 125 70 0 48 8
a 125 174 0 9 1
a 126 110 0 43 2
a 126 130 0 46 5
a 126 27 0 49 10
a 127 106 0 43 9
a 127 38 0 22 9
a 127 113 0 30 3
a 128 125 0 43 7
a 128 197 0 21 2
a 128 131 0 0 2
a 129 138 0 43 5
a 129 71 0 10 5
a 129 66 0 26 9
a 130 69 0 43 2
a 130 97 0 23 9
a 130 151 0 3 6
a 130 147 0 17 6
a 130 188 0 21 2
a 131 83 0 43 10
a 131 57 0 17 2
a 131 31 0 25 6
a 132 68 0 43 6
a 132 85 0 4 8
a 132 113 0 15 1
a 132 98 0 33 1
a 132 176 0 37 5
a 133 139 0 43 4
a 133 164 0 34 8
a 133 57 0 44 8
a 133 187 0 35 9
a 133 8 0 35 4
a 137 150 0 43 7
a 137 27 0 31 3
a 138 90 0 43 2
a 138 95 0 6 10
a 138 103 0 18 3
a 138 15 0 22 1
a 138 96 0 29 2
a 139 7 0 43 6
a 139 63 0 47 3
a 139 37 0 49 2
a 140 35 0 43 1
a 140 159 0 14 5
a 141 128 0 43 2
a 141 167 0 19 4
a 141 4 0 25 6
a 141 20 0 32 2
a 141 71 0 34 3
a 142 176 0 43 3
a 142 145 0 34 4
a 142 182 0 41 2
a 142 83 0 40 10
a 142 133 0 2 2
a 142 196 0 42 4
a 144 23 0 43 1
a 144 156 0 23 5
a 146 192 0 43 2
a 146 165 0 34 3
a 148 50 0 43 8
a 148 163 0 37 3
a 148 126 0 14 10
a 148 158 0 9 7
a 150 114 0 43 7
a 150 106 0 20 4
a 150 61 0 32 10
a 150 15 0 38 7
a 150 151 0 16 1
a 150 45 0 47 8
a 151 61 0 43 9
a 151 74 0 49 7
a 151 144 0 19 10
a 154 196 0 43 2
a 154 109 0 24 10
a 154 121 0 44 5
a 154 55 0 24 1
a 154 66 0 43 4
a 154 42 0 36 6
a 156 191 0 43 7
a 156 159 0 45 4
a 156 107 0 18 9
a 156 73 0 3 1
a 161 64 0 43 9
a 161 123 0 20 2
a 161 54 0 1 5
a 161 180 0 41 3
a 161 73 0 42 2
a 162 91 0 43 2
a 162 68 0 24 7
a 162 106 0 9 4
a 162 13 0 21 2
a 163 82 0 43 8
a 163 89 0 32 5
a 163 171 0 34 10
a 163 20 0 10 1
a 165 84 0 43 7
a 165 69 0 22 8
a 165 33 0 40 1
a 168 165 0 43 2
a 168 196 0 15 3
a 168 69 0 20 4
a 168 193 0 6 3
a 168 147 0 37 7
a 170 24 0 43 1
a 170 199 0 43 2
a 170 42 0 25 8
a 170 126 0 50 3
a 176 185 0 43 10
a 176 179 0 15 8
a 178 39 0 43 2
a 178 52 0 50 4
a 178 151 0 19 10
a 179 70 0 43 7
a 179 43 0 26 7
a 179 81 0 32 10
a 180 142 0 43 4
a 180 106 0 24 5
a 180 187 0 19 4
a 180 84 0 49 9
a 180 153 0 15 8
a 181 146 0 43 3
a 181 11 0 10 2
a 181 57 0 35 3
a 181 64 0 39 4
a 181 26 0 33 2
a 181 80 0 45 7
a 185 67 0 43 4
a 185 197 0 9 5
a 185 27 0 33 5
a 185 83 0 25 3
a 185 200 0 39 4
a 186 78 0 43 2
a 186 118 0 12 4
a 186 106 0 25 10
a 186 167 0 20 2
a 188 190 0 43 7
a 188 118 0 48 3
a 188 173 0 45 9
a 188 28 0 12 2
a 188 108 0 39 5
a 190 51 0 43 8
a 190 176 0 2 3
a 190 89 0 50 10
a 190 36 0 23 1
a 190 17 0 46 3
a 191 163 0 43 9
a 191 77 0 25 2
a 192 41 0 43 6
a 192 99 0 21 4
a 192 98 0 27 5
a 192 122 0 11 9
a 193 53 0 43 9
a 193 5 0 33 4
a 196 46 0 43 4
a 196 126 0 14 2
a 197 170 0 43 7
a 197 32 0 31 4
a 198 161 0 43 9
a 198 177 0 18 10
a 198 172 0 44 10
a 198 159 0 17 8
a 198 35 0 35 6
a 198 71 0 27 8
a 198 167 0 11 1
