c PyNETGEN v1.0.0
c $ pip install pynetgen
c
c  NETGEN flow network generation algorithm
c  Problem input parameters
c  -------------------------------------
c   Random seed:          14
c   Number of nodes:      200
c   Source nodes:         2
c   Sink nodes:           2
c   Number of arcs:       800
c   Minimum arc cost:     1
c   Maximum arc cost:     10
c   Total supply:         50
c   Transshipment -
c     Sources:            0
c     Sinks:              0
c   Skeleton arcs -
c     With max cost:      0
c     Capacitated:        100
c   Minimum arc capacity: 0
c   Maximum arc capacity: 50
c
c  *** Minimum cost flow ***
c
p min 200 800
n 1 46
n 2 4
n 199 -10
n 200 -40
a 1 154 0 46 10
a 1 74 0 19 2
a 4 36 0 46 8
a 4 192 0 23 9
a 4 34 0 49 3
a 9 156 0 46 1
a 9 81 0 6 2
a 9 124 0 25 3
a 9 122 0 39 7
a 9 22 0 1 3
a 9 194 0 42 8
a 9 129 0 12 6
a 10 173 0 46 6
a 10 149 0 26 5
a 10 32 0 24 4
a 10 105 0 48 4
a 10 132 0 20 9
a 13 95 0 46 8
a 13 106 0 20 10
a 13 56 0 15 6
a 14 96 0 46 10
a 14 6 0 26 4
a 16 140 0 46 1
a 16 160 0 27 1
a 16 35 0 50 6
a 16 77 0 17 3
a 19 87 0 46 5
a 19 117 0 38 6
a 19 40 0 25 2
a 20 130 0 46 6
a 20 121 0 37 8
a 20 21 0 3 7
a 20 31 0 3 9
a 20 112 0 30 6
a 21 9 0 46 5
a 21 150 0 21 7
a 21 75 0 37 7
a 22 16 0 46 6
a 22 193 0 20 10
a 22 172 0 44 7
a 22 147 0 25 8
a 22 189 0 23 4
a 22 50 0 13 4
a 23 102 0 46 10
a 23 192 0 34 6
a 26 190 0 46 8
a 26 172 0 16 5
a 26 97 0 32 8
a 26 45 0 8 10
a 26 27 0 28 4
a 26 124 0 0 9
a 26 165 0 34 9
a 27 135 0 46 4
a 27 66 0 1 4
a 27 155 0 12 7
a 27 79 0 48 2
a 27 175 0 23 3
a 29 58 0 46 7
a 29 153 0 13 5
a 29 41 0 21 7
a 29 19 0 0 3
a 30 121 0 46 4
a 30 88 0 45 9
a 30 151 0 4 2
a 32 125 0 46 2
a 32 5 0 50 4
a 32 64 0 46 10
a 32 170 0 30 4
a 34 192 0 46 3
a 34 185 0 0 2
a 35 47 0 46 2
a 35 28 0 34 5
a 35 81 0 3 7
a 35 142 0 4 9
a 35 70 0 45 8
a 35 187 0 44 3
a 35 190 0 25 2
a 36 63 0 46 2
a 36 17 0 31 7
a 41 199 0 46 6
a 41 72 0 35 10
a 41 21 0 13 4
a 41 78 0 4 1
a 41 83 0 37 5
a 42 30 0 46 7
a 42 190 0 25 8
a 42 164 0 26 8
a 42 26 0 18 1
a 42 81 0 31 4
a 42 82 0 49 1
a 47 175 0 46 10
a 47 187 0 24 4
a 48 26 0 46 6
a 48 166 0 35 2
a 48 136 0 2 3
a 48 87 0 8 8
a 48 194 0 37 3
a 48 156 0 39 6
a 48 46 0 8 7
a 54 68 0 46 5
a 54 121 0 36 7
a 54 62 0 47 10
a 54 168 0 49 4
a 55 57 0 46 9
a 55 123 0 27 6
a 55 186 0 27 10
a 55 19 0 19 4
a 57 170 0 46 5
a 57 18 0 4 3
a 57 11 0 8 9
a 57 168 0 36 2
a 57 27 0 36 4
a 57 35 0 7 1
a 58 155 0 46 2
a 58 38 0 27 7
a 58 176 0 48 8
a 58 116 0 22 10
a 58 23 0 11 6
a 60 165 0 46 7
a 60 68 0 9 1
a 60 138 0 36 9
a 63 189 0 46 10
a 63 146 0 33 2
a 63 168 0 44 9
a 63 120 0 46 10
a 63 162 0 38 5
a 64 29 0 46 9
a 64 93 0 14 5
a 66 181 0 46 7
a 66 132 0 0 10
a 66 133 0 49 5
a 68 20 0 46 9
a 68 64 0 13 2
a 68 30 0 32 4
a 68 31 0 5 6
a 69 138 0 46 1
a 69 136 0 25 9
a 69 181 0 48 10
a 69 105 0 8 5
a 69 89 0 21 10
a 69 158 0 18 4
a 71 4 0 46 1
a 71 195 0 42 7
a 71 175 0 40 9
a 71 43 0 5 6
a 71 86 0 6 9
a 72 32 0 46 3
a 72 125 0 41 8
a 72 85 0 27 7
a 72 107 0 0 10
a 74 172 0 46 8
a 74 45 0 31 4
a 74 154 0 30 6
a 80 27 0 46 6
a 80 141 0 7 1
a 82 13 0 46 9
a 82 196 0 7 2
a 82 154 0 33 5
a 82 48 0 31 5
a 86 10 0 46 5
a 86 152 0 34 9
a 86 139 0 20 6
a 86 16 0 40 4
a 86 45 0 46 8
a 87 100 0 46 1
a 87 4 0 40 5
a 87 176 0 47 9
a 87 12 0 34 3
a 87 22 0 26 10
a 87 185 0 38 7
a 87 51 0 2 8
a 88 86 0 46 5
a 88 48 0 39 8
a 88 187 0 15 7
a 88 62 0 17 10
a 88 35 0 0 8
a 88 113 0 34 4
a 88 133 0 27 10
a 90 71 0 46 6
a 90 189 0 19 2
a 90 120 0 22 4
a 90 127 0 13 2
a 90 27 0 10 7
a 90 108 0 11 8
a 91 72 0 46 5
a 91 177 0 50 7
a 91 168 0 11 5
a 95 182 0 46 7
a 95 189 0 34 3
a 95 97 0 22 6
a 95 60 0 9 8
a 95 16 0 42 5
a 96 184 0 46 9
a 96 86 0 43 2
a 98 88 0 46 2
a 98 161 0 49 10
a 98 146 0 14 4
a 98 123 0 37 8
a 98 100 0 23 10
a 98 3 0 3 5
a 100 48 0 46 5
a 100 71 0 43 9
a 100 177 0 1 6
a 100 105 0 2 4
a 100 97 0 19 8
a 102 177 0 46 4
a 102 68 0 9 3
a 102 88 0 12 2
a 102 53 0 26 9
a 102 109 0 20 7
a 102 162 0 25 5
a 107 82 0 46 8
a 107 64 0 2 10
a 110 174 0 46 1
a 110 155 0 37 1
a 110 80 0 18 2
a 110 63 0 49 6
a 111 119 0 46 8
a 111 163 0 40 4
a 111 182 0 35 5
a 111 92 0 33 3
a 112 91 0 46 4
a 112 76 0 48 10
a 116 21 0 46 6
a 116 58 0 25 5
a 116 49 0 47 2
a 116 172 0 8 2
a 117 146 0 46 7
a 117 162 0 21 2
a 117 191 0 19 7
a 117 50 0 19 5
a 119 69 0 46 3
a 119 105 0 23 5
a 120 152 0 46 5
a 120 168 0 13 4
a 120 180 0 45 7
a 120 150 0 8 2
a 120 163 0 1 3
a 121 66 0 46 6
a 121 167 0 35 10
a 121 127 0 16 10
a 121 38 0 15 9
a 121 135 0 4 6
a 124 157 0 46 1
a 124 118 0 44 6
a 124 48 0 35 6
a 125 127 0 46 8
a 125 53 0 17 8
a 125 48 0 13 1
a 125 184 0 43 10
a 127 64 0 46 7
a 127 200 0 46 3
a 127 198 0 2 10
a 127 145 0 22 8
a 130 191 0 46 1
a 130 77 0 25 4
a 130 103 0 38 4
a 130 188 0 32 10
a 130 88 0 11 9
a 130 95 0 33 6
a 131 124 0 46 2
a 131 121 0 0 7
a 135 163 0 46 5
a 135 63 0 38 3
a 135 29 0 18 7
a 135 75 0 11 5
a 137 107 0 46 7
a 137 154 0 37 6
a 137 114 0 4 1
a 137 168 0 43 8
a 137 142 0 37 2
a 137 153 0 2 8
a 138 158 0 46 4
a 138 59 0 3 5
a 138 129 0 21 10
a 138 46 0 38 2
a 138 37 0 23 10
a 138 8 0 32 8
a 140 60 0 46 2
a 140 28 0 18 5
a 140 9 0 25 10
a 140 150 0 3 9
a 140 149 0 40 1
a 140 82 0 14 9
a 142 186 0 46 6
a 142 95 0 22 7
a 142 4 0 29 10
a 142 6 0 4 1
a 142 111 0 21 4
a 142 97 0 44 7
a 144 117 0 46 5
a 144 137 0 23 10
a 144 171 0 49 1
a 144 65 0 50 6
a 144 187 0 0 3
a 144 161 0 46 2
a 146 14 0 46 10
a 146 65 0 0 2
a 146 79 0 11 8
a 146 75 0 10 9
a 152 112 0 46 3
a 152 181 0 13 3
a 152 88 0 20 10
a 152 64 0 14 3
a 154 90 0 46 7
a 154 122 0 42 3
a 154 30 0 48 7
a 155 180 0 46 8
a 155 31 0 19 1
a 156 35 0 46 7
a 156 143 0 22 5
a 156 47 0 37 9
a 156 155 0 46 3
a 157 111 0 46 2
a 157 132 0 13 4
a 157 47 0 41 7
a 157 78 0 28 7
a 158 98 0 46 8
a 158 19 0 31 3
a 158 24 0 9 8
a 158 119 0 31 8
a 158 21 0 20 2
a 159 19 0 46 1
a 159 80 0 26 4
a 159 27 0 19 7
a 159 189 0 49 4
a 159 73 0 17 2
a 159 187 0 41 10
a 163 196 0 46 7
a 163 54 0 24 5
a 163 101 0 15 4
a 163 134 0 13 10
a 163 191 0 43 7
a 165 74 0 46 4
a 165 148 0 33 1
a 165 174 0 37 1
a 165 26 0 20 5
a 165 149 0 42 5
a 170 110 0 46 2
a 170 182 0 23 1
a 170 30 0 42 4
a 170 47 0 7 5
a 172 159 0 46 4
a 172 64 0 28 10
a 173 116 0 46 6
a 173 184 0 16 1
a 173 25 0 28 4
a 173 152 0 28 7
a 173 169 0 45 6
a 174 137 0 46 3
a 174 175 0 47 10
a 174 78 0 28 6
a 174 39 0 10 9
a 175 22 0 46 3
a 175 196 0 13 6
a 175 42 0 28 2
a 175 48 0 19 1
a 175 79 0 8 9
a 175 108 0 35 10
a 177 144 0 46 10
a 177 132 0 1 6
a 177 23 0 41 2
a 177 128 0 28 5
a 177 160 0 6 3
a 177 179 0 34 6
a 180 131 0 46 9
a 180 99 0 47 10
a 180 87 0 36 3
a 180 190 0 3 2
a 181 23 0 46 9
a 181 117 0 17 3
a 181 63 0 27 3
a 181 51 0 19 10
a 181 195 0 6 6
a 181 92 0 8 9
a 182 54 0 46 1
a 182 107 0 42 2
a 182 114 0 37 6
a 182 32 0 44 2
a 184 142 0 46 4
a 184 169 0 9 7
a 184 170 0 28 7
a 184 10 0 37 1
a 186 55 0 46 10
a 186 77 0 14 9
a 186 107 0 44 9
a 186 128 0 26 6
a 187 120 0 46 5
a 187 14 0 0 8
a 187 27 0 40 6
a 189 80 0 46 6
a 189 18 0 26 8
a 189 52 0 28 8
a 189 122 0 49 4
a 189 147 0 42 10
a 190 41 0 46 6
a 190 40 0 18 2
a 190 115 0 12 10
a 190 84 0 25 7
a 190 149 0 26 4
a 191 34 0 46 7
a 191 87 0 16 7
a 191 82 0 50 2
a 192 187 0 46 1
a 192 156 0 25 8
a 196 42 0 46 4
a 196 190 0 42 7
a 196 45 0 2 10
a 2 114 0 4 2
a 2 44 0 30 9
a 2 164 0 20 10
a 2 24 0 18 9
a 2 130 0 47 10
a 2 186 0 7 4
a 3 195 0 4 2
a 3 6 0 45 2
a 3 37 0 12 2
a 3 157 0 15 10
a 3 77 0 45 5
a 3 87 0 1 2
a 5 194 0 4 3
a 5 112 0 40 3
a 5 24 0 23 10
a 5 96 0 8 1
a 5 43 0 40 3
a 5 31 0 1 3
a 6 115 0 4 1
a 6 163 0 8 1
a 6 127 0 32 3
a 7 136 0 4 6
a 7 107 0 23 9
a 7 35 0 39 9
a 8 46 0 4 4
a 8 10 0 24 10
a 11 18 0 4 1
a 11 109 0 0 8
a 11 182 0 29 9
a 11 166 0 33 3
a 11 68 0 9 2
a 12 129 0 4 6
a 12 35 0 29 8
a 12 122 0 38 3
a 12 30 0 22 10
a 12 59 0 27 10
a 12 32 0 16 6
a 15 84 0 4 4
a 15 135 0 37 4
a 15 114 0 22 4
a 15 86 0 14 9
a 17 198 0 4 3
a 17 107 0 48 10
a 17 95 0 36 3
a 17 61 0 18 9
a 17 110 0 7 4
a 17 68 0 48 6
a 18 92 0 4 4
a 18 187 0 2 5
a 18 12 0 20 1
a 18 44 0 4 6
a 24 122 0 4 9
a 24 183 0 37 5
a 24 53 0 41 5
a 24 138 0 15 8
a 25 161 0 4 9
a 25 34 0 15 7
a 25 4 0 10 6
a 25 3 0 12 6
a 28 113 0 4 8
a 28 115 0 6 7
a 31 93 0 4 5
a 31 57 0 47 2
a 31 9 0 30 3
a 31 50 0 25 8
a 31 37 0 9 5
a 31 172 0 29 5
a 33 17 0 4 9
a 33 97 0 39 1
a 33 50 0 21 5
a 37 73 0 4 4
a 37 63 0 2 3
a 37 31 0 50 7
a 37 110 0 0 1
a 38 150 0 4 9
a 38 14 0 30 8
a 38 128 0 9 1
a 39 148 0 4 10
a 39 145 0 12 2
a 39 185 0 31 4
a 39 187 0 11 1
a 39 119 0 7 8
a 40 149 0 4 2
a 40 79 0 42 6
a 40 160 0 42 7
a 40 55 0 6 3
a 40 87 0 0 3
a 40 184 0 11 2
a 43 101 0 4 1
a 43 22 0 7 5
a 43 79 0 27 6
a 43 26 0 2 9
a 43 174 0 44 1
a 43 52 0 3 10
a 44 128 0 4 8
a 44 200 0 39 3
a 45 141 0 4 4
a 45 172 0 49 9
a 45 162 0 31 2
a 45 84 0 2 9
a 45 171 0 17 6
a 45 136 0 22 10
a 46 94 0 4 10
a 46 37 0 28 10
a 49 167 0 4 9
a 49 199 0 11 4
a 50 89 0 4 4
a 50 44 0 8 4
a 50 172 0 7 7
a 50 84 0 18 4
a 50 58 0 25 9
a 50 45 0 29 3
a 51 3 0 4 6
a 51 29 0 2 10
a 52 134 0 4 10
a 52 24 0 21 10
a 52 113 0 49 6
a 52 66 0 15 9
a 53 76 0 4 4
a 53 173 0 22 9
a 53 150 0 4 2
a 53 57 0 48 10
a 53 46 0 38 10
a 56 99 0 4 4
a 56 178 0 46 2
a 56 42 0 33 10
a 56 53 0 34 5
a 56 37 0 24 7
a 59 123 0 4 5
a 59 93 0 17 4
a 59 143 0 21 7
a 61 193 0 4 7
a 61 17 0 3 2
a 61 150 0 41 10
a 61 105 0 32 5
a 62 178 0 4 4
a 62 131 0 50 7
a 65 25 0 4 2
a 65 13 0 29 9
a 65 3 0 13 3
a 65 50 0 37 10
a 65 18 0 35 2
a 65 191 0 0 7
a 67 151 0 4 10
a 67 95 0 33 5
a 67 19 0 18 5
a 67 73 0 50 9
a 67 71 0 4 1
a 70 105 0 4 9
a 70 96 0 3 3
a 73 45 0 4 10
a 73 29 0 2 7
a 73 18 0 29 7
a 75 106 0 4 7
a 75 166 0 32 6
a 75 134 0 15 1
a 75 45 0 11 10
a 75 156 0 8 7
a 76 79 0 4 6
a 76 27 0 25 10
a 76 26 0 49 1
a 76 185 0 44 6
a 76 174 0 31 2
a 76 167 0 28 4
a 77 39 0 4 7
a 77 34 0 15 4
a 77 120 0 7 8
a 77 52 0 7 5
a 78 38 0 4 5
a 78 140 0 41 6
a 78 52 0 27 9
a 79 179 0 4 2
a 79 76 0 23 1
a 79 149 0 41 2
a 79 122 0 32 3
a 79 37 0 49 7
a 81 49 0 4 8
a 81 43 0 39 8
a 81 4 0 13 4
a 81 137 0 33 3
a 81 52 0 5 6
a 83 168 0 4 10
a 83 64 0 32 1
a 83 65 0 15 3
a 84 62 0 4 5
a 84 173 0 42 9
a 85 24 0 4 4
a 85 101 0 8 3
a 85 127 0 26 5
a 85 7 0 39 6
a 85 108 0 23 2
a 89 171 0 4 3
a 89 140 0 30 8
a 89 57 0 38 2
a 92 147 0 4 4
a 92 30 0 19 8
a 92 118 0 42 6
a 92 159 0 13 2
a 93 56 0 4 6
a 93 84 0 16 3
a 93 173 0 50 10
a 94 50 0 4 3
a 94 64 0 48 10
a 94 121 0 13 4
a 94 129 0 7 10
a 97 15 0 4 6
a 97 35 0 48 9
a 99 77 0 4 8
a 99 185 0 36 2
a 99 103 0 39 9
a 99 30 0 40 9
a 99 113 0 25 7
a 99 35 0 32 7
a 101 145 0 4 3
a 101 104 0 25 8
a 101 59 0 13 8
a 101 5 0 7 5
a 101 15 0 1 4
a 101 17 0 43 3
a 103 7 0 4 3
a 103 97 0 22 10
a 104 132 0 4 2
a 104 115 0 30 5
a 104 109 0 50 3
a 104 89 0 46 4
a 105 65 0 4 6
a 105 72 0 34 9
a 105 64 0 8 9
a 106 70 0 4 9
a 106 99 0 10 10
a 106 119 0 36 1
a 106 56 0 30 10
a 108 118 0 4 7
a 108 192 0 8 4
a 108 49 0 0 10
a 108 117 0 46 6
a 108 105 0 1 4
a 108 29 0 43 3
a 109 40 0 4 1
a 109 59 0 31 5
a 109 3 0 37 9
a 113 108 0 4 7
a 113 152 0 1 10
a 113 158 0 34 5
a 113 24 0 37 2
a 114 43 0 4 10
a 114 158 0 18 6
a 115 37 0 4 7
a 115 21 0 36 6
a 115 54 0 25 7
a 118 188 0 4 7
a 118 42 0 7 3
a 122 8 0 4 8
a 122 51 0 26 5
a 122 92 0 33 3
a 122 16 0 32 9
a 122 119 0 21 3
a 122 159 0 7 9
a 123 109 0 4 1
a 123 181 0 4 2
a 123 3 0 32 9
a 123 88 0 48 7
a 123 90 0 24 4
a 123 103 0 4 8
a 126 104 0 4 1
a 126 38 0 7 1
a 126 141 0 13 7
a 126 25 0 3 4
a 126 35 0 44 7
a 128 51 0 4 6
a 128 57 0 46 4
a 128 4 0 12 8
a 128 114 0 33 10
a 128 83 0 27 3
a 129 176 0 4 7
a 129 165 0 24 1
a 129 60 0 15 7
a 129 146 0 19 9
a 129 128 0 41 3
a 132 166 0 4 6
a 132 164 0 19 9
a 132 187 0 42 2
a 132 53 0 10 3
a 132 125 0 18 2
a 133 61 0 4 1
a 133 110 0 10 5
a 134 53 0 4 4
a 134 140 0 31 10
a 134 114 0 40 4
a 134 163 0 38 4
a 136 6 0 4 9
a 136 34 0 18 8
a 139 11 0 4 9
a 139 190 0 50 10
a 139 61 0 48 4
a 139 192 0 3 6
a 141 133 0 4 10
a 141 81 0 17 7
a 141 166 0 3 2
a 141 193 0 46 1
a 141 22 0 37 3
a 143 185 0 4 1
a 143 62 0 20 9
a 143 179 0 42 9
a 143 108 0 31 7
a 143 189 0 50 7
a 145 75 0 4 2
a 145 146 0 47 1
a 147 103 0 4 4
a 147 168 0 6 3
a 147 18 0 33 8
a 147 65 0 3 1
a 147 195 0 21 1
a 148 81 0 4 10
a 148 49 0 23 5
a 149 83 0 4 4
a 149 157 0 4 8
a 149 21 0 3 1
a 149 153 0 18 7
a 149 14 0 44 2
a 150 169 0 4 6
a 150 168 0 47 9
a 150 121 0 31 1
a 150 49 0 13 2
a 151 143 0 4 3
a 151 119 0 6 9
a 151 122 0 49 1
a 153 59 0 4 3
a 153 188 0 10 4
a 153 193 0 23 9
a 153 43 0 20 8
a 160 67 0 4 6
a 160 108 0 19 5
a 160 58 0 18 8
a 161 52 0 4 6
a 161 129 0 16 6
a 161 147 0 11 6
a 161 192 0 41 9
a 162 153 0 4 4
a 162 124 0 31 2
a 162 84 0 9 1
a 162 119 0 43 8
a 164 28 0 4 6
a 164 157 0 15 3
a 164 18 0 2 3
a 164 182 0 3 8
a 166 200 0 4 5
a 166 135 0 23 10
a 167 5 0 4 2
a 167 58 0 3 8
a 167 38 0 17 2
a 168 199 0 4 3
a 168 139 0 4 1
a 168 172 0 9 2
a 168 13 0 33 1
a 169 97 0 4 6
a 169 46 0 26 8
a 171 160 0 4 10
a 171 43 0 24 9
a 171 180 0 48 3
a 171 23 0 40 6
a 176 78 0 4 6
a 176 156 0 22 7
a 178 164 0 4 2
a 178 167 0 14 6
a 179 33 0 4 5
a 179 173 0 28 9
a 183 197 0 4 2
a 183 57 0 13 5
a 183 114 0 36 1
a 183 15 0 17 2
a 183 177 0 15 2
a 185 162 0 4 4
a 185 7 0 34 10
a 185 168 0 25 10
a 188 44 0 4 8
a 188 83 0 24 9
a 193 183 0 4 4
a 193 52 0 32 10
a 194 12 0 4 4
a 194 35 0 45 2
a 194 190 0 16 2
a 194 165 0 18 10
a 195 126 0 4 4
a 195 185 0 3 4
a 197 31 0 4 4
a 197 149 0 19 9
a 198 85 0 4 9
a 198 122 0 43 10
a 198 186 0 17 3
a 198 117 0 15 3
a 198 157 0 39 8
