c PyNETGEN v1.0.0
c $ pip install pynetgen
c
c  NETGEN flow network generation algorithm
c  Problem input parameters
c  -------------------------------------
c   Random seed:          15
c   Number of nodes:      200
c   Source nodes:         2
c   Sink nodes:           2
c   Number of arcs:       800
c   Minimum arc cost:     1
c   Maximum arc cost:     10
c   Total supply:         50
c   Transshipment -
c     Sources:            0
c     Sinks:              0
c   Skeleton arcs -
c     With max cost:      0
c     Capacitated:        100
c   Minimum arc capacity: 0
c   Maximum arc capacity: 50
c
c  *** Minimum cost flow ***
c
p min 200 800
n 1 46
n 2 4
n 199 -24
n 200 -26
a 1 174 0 46 2
a 1 104 0 33 9
a 1 179 0 32 4
a 3 5 0 46 1
a 3 97 0 36 8
a 3 70 0 49 7
a 3 136 0 50 1
a 3 104 0 38 7
a 4 190 0 46 9
a 4 158 0 41 10
a 4 15 0 3 1
a 4 93 0 35 6
a 4 80 0 4 5
a 4 105 0 44 1
a 4 41 0 0 3
a 5 113 0 46 7
a 5 154 0 16 7
a 5 145 0 43 7
a 5 99 0 20 3
a 5 27 0 36 8
a 7 37 0 46 6
a 7 153 0 46 6
a 7 40 0 10 4
a 7 99 0 2 4
a 7 129 0 32 9
a 8 119 0 46 9
a 8 148 0 1 2
a 8 87 0 46 10
a 14 92 0 46 3
a 14 38 0 21 6
a 14 146 0 36 9
a 14 197 0 45 6
a 14 137 0 32 3
a 14 114 0 21 7
a 14 112 0 41 2
a 15 22 0 46 6
a 15 116 0 49 1
a 15 162 0 46 7
a 15 13 0 38 10
a 15 150 0 49 2
a 15 34 0 27 4
a 15 77 0 25 2
a 19 199 0 46 5
a 19 113 0 30 4
a 19 190 0 9 3
a 19 67 0 29 10
a 19 73 0 46 9
a 22 58 0 46 6
a 22 83 0 45 9
a 22 30 0 10 10
a 24 63 0 46 2
a 24 171 0 22 6
a 24 149 0 49 3
a 24 170 0 21 5
a 24 16 0 13 2
a 26 72 0 46 4
a 26 125 0 32 6
a 26 22 0 17 6
a 26 148 0 25 1
a 27 114 0 46 2
a 27 146 0 15 7
a 27 29 0 37 5
a 27 10 0 17 2
a 28 167 0 46 2
a 28 125 0 38 5
a 30 49 0 46 2
a 30 174 0 24 6
a 32 122 0 46 9
a 32 200 0 46 9
a 32 172 0 27 7
a 32 98 0 42 10
a 33 27 0 46 6
a 33 178 0 16 2
a 33 140 0 21 4
a 33 56 0 34 9
a 33 122 0 21 6
a 33 88 0 50 2
a 33 114 0 32 2
a 34 140 0 46 6
a 34 141 0 11 5
a 34 88 0 2 1
a 36 93 0 46 5
a 36 109 0 45 4
a 37 34 0 46 8
a 37 15 0 3 9
a 37 145 0 32 10
a 37 60 0 18 3
a 37 41 0 35 8
a 39 193 0 46 3
a 39 70 0 45 5
a 39 99 0 46 2
a 40 19 0 46 1
a 40 15 0 0 5
a 40 117 0 5 4
a 40 57 0 1 6
a 40 138 0 28 5
a 40 198 0 16 7
a 40 147 0 31 6
a 44 145 0 46 5
a 44 187 0 24 5
a 44 136 0 44 2
a 44 140 0 7 8
a 44 24 0 20 9
a 44 87 0 50 2
a 47 82 0 46 9
a 47 53 0 33 6
a 47 29 0 0 10
a 49 90 0 46 10
a 49 131 0 1 2
a 49 182 0 8 4
a 49 92 0 41 10
a 49 93 0 47 1
a 49 172 0 33 4
a 52 137 0 46 10
a 52 32 0 27 7
a 53 59 0 46 3
a 53 184 0 33 8
a 57 15 0 46 9
a 57 129 0 41 4
a 57 179 0 49 3
a 57 92 0 32 6
a 57 12 0 15 9
a 58 198 0 46 2
a 58 76 0 10 1
a 59 84 0 46 1
a 59 48 0 15 8
a 59 3 0 11 10
a 59 163 0 7 10
a 59 107 0 17 2
a 59 118 0 34 6
a 62 75 0 46 8
a 62 127 0 23 6
a 62 4 0 23 10
a 62 93 0 38 6
a 62 31 0 42 9
a 63 44 0 46 2
a 63 138 0 47 10
a 63 45 0 13 1
a 63 54 0 32 7
a 63 11 0 9 6
a 63 199 0 11 10
a 65 74 0 46 4
a 65 167 0 35 9
a 65 91 0 29 8
a 65 38 0 11 3
a 65 199 0 31 2
a 66 188 0 46 7
a 66 29 0 13 4
a 68 129 0 46 3
a 68 42 0 13 6
a 68 159 0 6 9
a 68 97 0 11 3
a 68 47 0 13 1
a 70 7 0 46 6
a 70 6 0 41 7
a 71 192 0 46 8
a 71 122 0 20 1
a 72 162 0 46 2
a 72 145 0 6 6
a 72 187 0 24 1
a 72 98 0 23 9
a 72 8 0 47 7
a 73 150 0 46 6
a 73 192 0 40 7
a 74 47 0 46 3
a 74 126 0 46 1
a 74 83 0 1 4
a 75 8 0 46 10
a 75 16 0 50 3
a 75 147 0 15 8
a 78 110 0 46 7
a 78 77 0 2 5
a 78 24 0 12 6
a 79 52 0 46 5
a 79 158 0 0 10
a 82 186 0 46 9
a 82 106 0 20 2
a 82 52 0 23 3
a 82 135 0 46 4
a 82 13 0 19 7
a 83 28 0 46 8
a 83 152 0 14 1
a 84 165 0 46 6
a 84 177 0 39 6
a 87 57 0 46 8
a 87 117 0 29 9
a 87 34 0 23 8
a 87 79 0 14 2
a 87 145 0 36 1
a 87 109 0 41 8
a 88 26 0 46 7
a 88 60 0 48 1
a 88 78 0 28 3
a 88 11 0 26 2
a 89 130 0 46 7
a 89 179 0 14 8
a 89 58 0 33 10
a 89 120 0 24 10
a 90 175 0 46 4
a 90 144 0 8 3
a 90 159 0 37 8
a 90 43 0 41 9
a 90 179 0 1 4
a 90 130 0 7 7
a 92 53 0 46 2
a 92 158 0 34 4
a 92 156 0 28 5
a 93 156 0 46 10
a 93 173 0 28 5
a 93 164 0 43 10
a 93 189 0 12 10
a 96 149 0 46 2
a 96 170 0 6 4
a 96 132 0 9 6
a 96 124 0 20 1
a 98 70 0 46 6
a 98 129 0 11 6
a 98 117 0 28 4
a 98 68 0 21 2
a 100 111 0 46 9
a 100 48 0 26 8
a 100 46 0 37 5
a 100 113 0 50 3
a 100 70 0 20 5
a 100 89 0 49 4
a 104 173 0 46 5
a 104 168 0 33 7
a 104 194 0 37 1
a 105 3 0 46 7
a 105 102 0 25 3
a 110 134 0 46 7
a 110 108 0 16 10
a 111 4 0 46 10
a 111 191 0 27 6
a 111 113 0 2 1
a 111 58 0 27 9
a 111 96 0 12 3
a 111 31 0 12 8
a 111 21 0 22 1
a 113 96 0 46 7
a 113 34 0 8 4
a 113 121 0 29 2
a 113 130 0 49 2
a 113 106 0 21 3
a 113 197 0 17 2
a 114 79 0 46 2
a 114 176 0 8 8
a 114 110 0 44 8
a 118 196 0 46 1
a 118 66 0 26 1
a 118 112 0 47 10
a 118 132 0 6 8
a 118 39 0 17 7
a 118 172 0 4 1
a 118 121 0 42 9
a 119 24 0 46 8
a 119 47 0 1 4
a 119 127 0 40 5
a 120 147 0 46 7
a 120 77 0 4 5
a 120 4 0 32 10
a 120 182 0 2 4
a 120 62 0 35 7
a 120 82 0 21 10
a 121 104 0 46 8
a 121 26 0 30 3
a 121 181 0 10 8
a 121 36 0 32 1
a 121 199 0 17 5
a 121 120 0 35 1
a 122 68 0 46 2
a 122 146 0 44 3
a 122 98 0 26 7
a 122 199 0 47 4
a 123 155 0 46 5
a 123 130 0 24 8
a 123 70 0 10 7
a 123 79 0 34 2
a 123 63 0 25 2
a 129 194 0 46 4
a 129 81 0 16 2
a 129 145 0 38 8
a 130 118 0 46 10
a 130 159 0 4 2
a 130 113 0 41 3
a 134 65 0 46 9
a 134 69 0 18 8
a 134 62 0 12 7
a 134 150 0 17 6
a 134 50 0 27 6
a 134 109 0 17 5
a 136 62 0 46 7
a 136 8 0 40 2
a 136 139 0 28 2
a 137 191 0 46 3
a 137 122 0 2 7
a 140 40 0 46 7
a 140 138 0 38 7
a 140 164 0 1 5
a 140 155 0 40 3
a 140 171 0 7 2
a 141 123 0 46 7
a 141 126 0 25 5
a 141 85 0 19 8
a 141 16 0 47 6
a 141 80 0 45 6
a 141 69 0 8 8
a 145 88 0 46 3
a 145 132 0 44 3
a 145 193 0 16 3
a 145 11 0 40 9
a 147 121 0 46 10
a 147 195 0 4 10
a 147 161 0 49 4
a 147 177 0 25 5
a 147 159 0 31 3
a 149 100 0 46 9
a 149 157 0 29 7
a 149 54 0 20 5
a 149 64 0 37 10
a 149 92 0 4 3
a 150 39 0 46 6
a 150 106 0 31 5
a 150 144 0 19 4
a 154 120 0 46 6
a 154 63 0 7 8
a 155 32 0 46 9
a 155 14 0 22 2
a 155 173 0 29 6
a 155 166 0 44 10
a 156 171 0 46 5
a 156 43 0 7 2
a 156 158 0 8 6
a 162 83 0 46 10
a 162 132 0 10 9
a 162 174 0 38 10
a 162 112 0 20 1
a 165 98 0 46 8
a 165 122 0 34 6
a 165 6 0 37 6
a 165 164 0 14 5
a 165 178 0 31 7
a 166 14 0 46 5
a 166 152 0 30 8
a 166 74 0 10 5
a 166 111 0 28 1
a 167 36 0 46 7
a 167 149 0 50 7
a 167 74 0 23 9
a 167 191 0 46 8
a 167 106 0 21 7
a 169 66 0 46 10
a 169 191 0 11 1
a 169 147 0 31 1
a 169 104 0 43 2
a 169 101 0 46 3
a 169 138 0 37 6
a 171 141 0 46 1
a 171 158 0 23 8
a 171 82 0 15 10
a 173 30 0 46 1
a 173 26 0 13 6
a 173 180 0 21 8
a 173 168 0 1 10
a 173 33 0 20 2
a 173 104 0 6 5
a 174 73 0 46 2
a 174 82 0 44 7
a 174 134 0 23 1
a 174 61 0 37 4
a 174 149 0 42 4
a 175 78 0 46 3
a 175 13 0 48 7
a 175 121 0 12 5
a 175 69 0 38 5
a 175 165 0 21 6
a 186 166 0 46 5
a 186 103 0 12 3
a 188 87 0 46 1
a 188 191 0 3 9
a 188 103 0 28 3
a 188 132 0 41 10
a 188 146 0 38 7
a 190 154 0 46 7
a 190 157 0 46 5
a 190 19 0 16 9
a 190 33 0 24 9
a 190 156 0 37 2
a 190 145 0 40 4
a 191 89 0 46 4
a 191 32 0 16 4
a 191 71 0 4 5
a 191 100 0 39 9
a 191 22 0 7 7
a 192 105 0 46 9
a 192 125 0 3 4
a 192 119 0 27 6
a 192 198 0 22 7
a 193 136 0 46 6
a 193 181 0 39 1
a 193 100 0 6 3
a 193 182 0 41 3
a 193 179 0 41 10
a 194 33 0 46 5
a 194 59 0 9 5
a 196 169 0 46 3
a 196 64 0 3 6
a 198 71 0 46 10
a 198 176 0 30 1
a 198 151 0 18 4
a 198 3 0 39 10
a 198 200 0 21 1
a 2 108 0 4 7
a 2 95 0 24 4
a 2 35 0 14 5
a 6 95 0 4 2
a 6 179 0 38 8
a 6 164 0 36 7
a 6 87 0 41 8
a 6 96 0 5 3
a 6 20 0 40 5
a 9 21 0 4 2
a 9 195 0 28 3
a 9 56 0 9 6
a 9 111 0 10 4
a 10 160 0 4 1
a 10 185 0 21 8
a 10 199 0 23 6
a 10 186 0 29 6
a 10 106 0 16 6
a 10 15 0 39 9
a 11 170 0 4 1
a 11 126 0 34 10
a 11 83 0 29 9
a 11 68 0 5 10
a 11 14 0 47 7
a 12 142 0 4 1
a 12 167 0 12 9
a 12 187 0 6 1
a 12 93 0 28 4
a 12 8 0 20 3
a 12 96 0 15 4
a 13 38 0 4 3
a 13 151 0 20 2
a 13 181 0 8 9
a 16 131 0 4 10
a 16 62 0 49 7
a 16 161 0 5 3
a 16 124 0 13 8
a 16 5 0 29 1
a 17 146 0 4 7
a 17 86 0 33 6
a 17 121 0 16 4
a 18 55 0 4 10
a 18 179 0 15 2
a 20 10 0 4 7
a 20 130 0 8 4
a 20 164 0 7 1
a 21 31 0 4 1
a 21 89 0 35 10
a 21 20 0 27 9
a 21 96 0 2 4
a 21 123 0 47 10
a 21 200 0 30 10
a 23 144 0 4 1
a 23 180 0 45 4
a 23 49 0 49 8
a 23 148 0 3 7
a 23 110 0 17 1
a 23 200 0 10 6
a 25 29 0 4 2
a 25 12 0 32 6
a 25 73 0 21 5
a 25 19 0 22 8
a 29 152 0 4 7
a 29 154 0 21 8
a 29 14 0 40 5
a 29 4 0 8 6
a 29 146 0 24 2
a 31 138 0 4 10
a 31 88 0 50 7
a 31 5 0 4 2
a 35 157 0 4 1
a 35 109 0 16 6
a 38 109 0 4 3
a 38 177 0 0 9
a 38 101 0 7 7
a 38 80 0 44 9
a 38 16 0 19 4
a 38 14 0 46 3
a 41 187 0 4 3
a 41 154 0 34 3
a 41 19 0 50 7
a 42 56 0 4 2
a 42 145 0 42 8
a 42 37 0 50 2
a 42 17 0 16 8
a 42 165 0 20 10
a 43 64 0 4 8
a 43 92 0 4 2
a 43 34 0 5 5
a 43 58 0 7 3
a 43 26 0 28 2
a 45 25 0 4 9
a 45 58 0 4 1
a 45 4 0 47 6
a 45 186 0 17 4
a 45 123 0 31 5
a 46 172 0 4 6
a 46 144 0 18 7
a 46 10 0 13 6
a 46 57 0 6 10
a 48 94 0 4 10
a 48 78 0 23 8
a 48 72 0 29 9
a 48 81 0 40 3
a 48 15 0 42 2
a 50 69 0 4 2
a 50 56 0 27 7
a 50 194 0 46 9
a 50 11 0 8 10
a 50 197 0 15 2
a 50 64 0 9 6
a 51 13 0 4 8
a 51 93 0 16 4
a 51 7 0 29 8
a 51 153 0 23 6
a 51 172 0 9 2
a 51 98 0 32 7
a 54 77 0 4 7
a 54 160 0 17 7
a 54 81 0 36 10
a 54 100 0 0 3
a 54 71 0 41 9
a 54 96 0 20 2
a 55 86 0 4 2
a 55 139 0 0 8
a 55 84 0 22 10
a 55 46 0 6 1
a 56 163 0 4 5
a 56 32 0 16 5
a 56 185 0 11 10
a 56 164 0 16 1
a 60 135 0 4 8
a 60 109 0 10 2
a 60 97 0 14 7
a 60 134 0 40 3
a 61 185 0 4 4
a 61 104 0 9 1
a 64 139 0 4 3
a 64 107 0 22 4
a 67 48 0 4 9
a 67 95 0 17 1
a 67 142 0 8 6
a 67 87 0 39 3
a 69 176 0 4 8
a 69 79 0 30 3
a 69 189 0 9 7
a 69 175 0 24 10
a 69 89 0 15 1
a 76 81 0 4 1
a 76 67 0 17 8
a 76 59 0 16 5
a 76 34 0 14 5
a 76 52 0 14 8
a 77 133 0 4 1
a 77 82 0 28 8
a 80 35 0 4 6
a 80 59 0 3 4
a 80 190 0 5 7
a 80 15 0 28 4
a 80 12 0 50 8
a 81 91 0 4 3
a 81 69 0 9 2
a 81 4 0 4 3
a 81 45 0 4 5
a 81 127 0 39 5
a 85 12 0 4 2
a 85 147 0 31 6
a 85 60 0 11 9
a 86 11 0 4 6
a 86 51 0 33 4
a 86 88 0 34 10
a 91 128 0 4 7
a 91 195 0 5 7
a 91 118 0 36 3
a 91 101 0 21 6
a 94 177 0 4 8
a 94 111 0 4 6
a 95 46 0 4 7
a 95 11 0 23 4
a 95 13 0 7 7
a 95 42 0 25 7
a 95 155 0 27 10
a 95 141 0 7 7
a 97 148 0 4 2
a 97 93 0 37 6
a 97 54 0 20 10
a 97 195 0 32 9
a 97 25 0 9 9
a 97 48 0 10 2
a 99 20 0 4 5
a 99 104 0 21 2
a 99 127 0 13 1
a 99 89 0 30 5
a 99 77 0 41 3
a 101 164 0 4 10
a 101 3 0 46 9
a 101 20 0 10 10
a 101 137 0 48 2
a 102 45 0 4 2
a 102 106 0 3 6
a 102 9 0 29 3
a 103 197 0 4 10
a 103 112 0 35 10
a 103 141 0 45 2
a 106 115 0 4 1
a 106 46 0 47 1
a 106 43 0 5 8
a 107 116 0 4 2
a 107 53 0 45 6
a 107 173 0 46 3
a 107 84 0 25 2
a 107 159 0 3 1
a 107 102 0 17 3
a 108 153 0 4 1
a 108 110 0 39 2
a 108 187 0 18 5
a 109 117 0 4 9
a 109 152 0 7 10
a 112 43 0 4 8
a 112 83 0 8 10
a 112 63 0 24 1
a 112 140 0 27 2
a 115 61 0 4 9
a 115 169 0 47 2
a 115 65 0 23 9
a 116 60 0 4 5
a 116 88 0 0 5
a 116 165 0 23 1
a 117 189 0 4 7
a 117 104 0 3 7
a 117 85 0 35 10
a 124 125 0 4 10
a 124 119 0 3 10
a 124 18 0 17 3
a 125 41 0 4 7
a 125 66 0 0 9
a 125 167 0 29 4
a 125 95 0 1 5
a 125 109 0 43 7
a 125 76 0 2 1
a 126 54 0 4 9
a 126 4 0 48 2
a 126 73 0 30 6
a 126 67 0 48 6
a 127 161 0 4 9
a 127 48 0 12 4
a 127 152 0 2 3
a 127 198 0 20 4
a 128 132 0 4 4
a 128 122 0 46 8
a 128 46 0 28 6
a 131 107 0 4 6
a 131 195 0 19 9
a 131 155 0 9 7
a 131 33 0 40 7
a 132 102 0 4 7
a 132 31 0 18 10
a 132 30 0 4 6
a 132 75 0 35 7
a 133 50 0 4 10
a 133 81 0 5 7
a 133 7 0 26 1
a 133 154 0 10 10
a 133 78 0 32 2
a 133 106 0 18 4
a 135 124 0 4 8
a 135 183 0 40 9
a 135 146 0 20 5
a 135 3 0 15 7
a 138 80 0 4 7
a 138 121 0 3 10
a 138 98 0 6 7
a 138 55 0 29 1
a 138 144 0 15 9
a 139 195 0 4 1
a 139 87 0 4 8
a 139 82 0 24 2
a 142 126 0 4 3
a 142 19 0 47 10
a 143 51 0 4 4
a 143 75 0 24 10
a 143 144 0 36 1
a 143 174 0 13 8
a 144 178 0 4 7
a 144 167 0 6 6
a 144 73 0 33 8
a 144 127 0 36 5
a 144 107 0 32 2
a 146 112 0 4 9
a 146 94 0 19 3
a 146 43 0 24 5
a 148 6 0 4 4
a 148 21 0 2 9
a 148 182 0 49 5
a 151 85 0 4 6
a 151 161 0 4 10
a 152 184 0 4 6
a 152 139 0 39 9
a 153 200 0 4 4
a 153 42 0 4 1
a 153 167 0 50 4
a 153 7 0 35 9
a 157 159 0 4 9
a 157 186 0 3 1
a 157 66 0 21 4
a 157 148 0 33 1
a 157 71 0 41 9
a 158 67 0 4 5
a 158 184 0 16 7
a 158 113 0 31 1
a 159 16 0 4 6
a 159 158 0 46 5
a 159 151 0 38 7
a 159 188 0 12 5
a 159 186 0 14 4
a 160 182 0 4 1
a 160 130 0 0 8
a 161 23 0 4 5
a 161 63 0 24 7
a 161 110 0 24 6
a 163 18 0 4 6
a 163 107 0 6 5
a 163 68 0 33 7
a 163 69 0 29 8
a 164 180 0 4 4
a 164 73 0 6 4
a 164 78 0 26 9
a 164 137 0 0 7
a 164 17 0 27 4
a 164 109 0 25 4
a 168 151 0 4 9
a 168 182 0 23 6
a 168 126 0 3 5
a 170 158 0 4 9
a 170 4 0 11 4
a 170 197 0 39 2
a 172 76 0 4 7
a 172 128 0 49 8
a 172 100 0 16 9
a 172 63 0 17 2
a 176 183 0 4 1
a 176 59 0 33 3
a 176 116 0 6 1
a 177 17 0 4 10
a 177 60 0 0 9
a 177 27 0 3 5
a 177 117 0 40 8
a 177 70 0 16 10
a 178 143 0 4 8
a 178 93 0 50 9
a 178 122 0 50 4
a 179 199 0 4 2
a 179 187 0 46 5
a 179 86 0 28 3
a 180 97 0 4 8
a 180 129 0 4 9
a 180 200 0 45 8
a 180 168 0 34 8
a 181 103 0 4 5
a 181 23 0 32 9
a 181 67 0 42 9
a 181 40 0 8 5
a 182 179 0 4 10
a 182 93 0 10 7
a 182 34 0 30 10
a 182 132 0 20 3
a 182 72 0 20 2
a 183 101 0 4 7
a 183 20 0 26 4
a 183 77 0 22 5
a 183 171 0 25 8
a 184 99 0 4 1
a 184 117 0 33 8
a 185 181 0 4 8
a 185 119 0 27 2
a 185 65 0 6 6
a 187 106 0 4 10
a 187 100 0 19 2
a 187 80 0 23 8
a 187 88 0 50 1
a 189 9 0 4 3
a 189 194 0 42 4
a 189 174 0 28 9
a 195 127 0 4 10
a 195 183 0 26 1
a 195 198 0 18 5
a 197 168 0 4 3
a 197 15 0 18 1
