c PyNETGEN v1.0.0
c $ pip install pynetgen
c
c  NETGEN flow network generation algorithm
c  Problem input parameters
c  -------------------------------------
c   Random seed:          10
c   Number of nodes:      200
c   Source nodes:         2
c   Sink nodes:           2
c   Number of arcs:       800
c   Minimum arc cost:     1
c   Maximum arc cost:     10
c   Total supply:         50
c   Transshipment -
c     Sources:            0
c     Sinks:              0
c   Skeleton arcs -
c     With max cost:      0
c     Capacitated:        100
c   Minimum arc capacity: 0
c   Maximum arc capacity: 50
c
c  *** Minimum cost flow ***
c
p min 200 800
n 1 44
n 2 6
n 199 -42
n 200 -8
a 1 117 0 44 5
a 1 151 0 39 4
a 1 54 0 21 2
a 1 58 0 49 9
a 1 109 0 24 10
a 3 103 0 44 2
a 3 31 0 8 2
a 3 33 0 25 5
a 4 156 0 44 2
a 4 121 0 19 6
a 4 166 0 19 10
a 4 150 0 23 10
a 4 25 0 28 7
a 4 91 0 4 2
a 4 169 0 17 8
a 6 7 0 44 6
a 6 39 0 36 4
a 6 54 0 37 6
a 6 135 0 47 9
a 7 62 0 44 7
a 7 20 0 12 3
a 7 130 0 22 2
a 7 129 0 15 2
a 7 165 0 1 2
a 7 83 0 21 1
a 7 84 0 23 2
a 8 25 0 44 6
a 8 113 0 5 7
a 8 160 0 14 2
a 8 143 0 14 10
a 8 168 0 41 4
a 8 11 0 13 1
a 8 159 0 13 7
a 9 186 0 44 3
a 9 68 0 27 5
a 10 39 0 44 9
a 10 79 0 41 1
a 10 44 0 5 3
a 10 100 0 25 6
a 10 35 0 24 4
a 12 147 0 44 9
a 12 133 0 42 5
a 12 51 0 42 3
a 12 195 0 3 2
a 12 86 0 6 9
a 14 55 0 44 4
a 14 40 0 22 3
a 17 145 0 44 10
a 17 107 0 13 1
a 17 106 0 49 7
a 17 53 0 29 2
a 18 23 0 44 2
a 18 123 0 24 9
a 18 144 0 48 7
a 18 124 0 34 4
a 19 41 0 44 4
a 19 179 0 13 1
a 19 191 0 45 1
a 19 99 0 42 1
a 19 15 0 44 10
a 21 31 0 44 7
a 21 196 0 33 7
a 21 60 0 3 4
a 21 181 0 43 10
a 21 81 0 17 6
a 23 125 0 44 5
a 23 132 0 33 10
a 23 166 0 18 7
a 23 156 0 20 7
a 23 100 0 11 6
a 24 14 0 44 7
a 24 197 0 13 3
a 24 20 0 2 1
a 25 46 0 44 3
a 25 190 0 39 8
a 25 88 0 46 10
a 25 49 0 7 5
a 25 187 0 24 9
a 26 184 0 44 4
a 26 9 0 13 7
a 26 71 0 43 2
a 27 68 0 44 2
a 27 42 0 10 3
a 27 44 0 19 1
a 27 120 0 3 6
a 27 146 0 36 6
a 27 191 0 33 8
a 28 182 0 44 10
a 28 139 0 22 8
a 28 97 0 35 6
a 28 173 0 24 4
a 28 31 0 10 1
a 30 70 0 44 6
a 30 176 0 14 9
a 30 13 0 34 10
a 30 120 0 46 7
a 30 114 0 8 1
a 30 112 0 50 1
a 31 26 0 44 8
a 31 82 0 40 9
a 31 56 0 11 4
a 31 84 0 8 6
a 32 174 0 44 1
a 32 150 0 39 6
a 39 75 0 44 4
a 39 190 0 12 6
a 41 129 0 44 7
a 41 36 0 14 9
a 41 67 0 32 3
a 41 65 0 46 3
a 41 52 0 33 7
a 46 141 0 44 2
a 46 24 0 38 6
a 50 19 0 44 9
a 50 142 0 30 5
a 50 61 0 27 8
a 50 151 0 12 8
a 50 103 0 19 2
a 50 115 0 43 1
a 51 171 0 44 7
a 51 141 0 33 6
a 51 10 0 4 8
a 55 119 0 44 10
a 55 4 0 46 4
a 55 67 0 18 3
a 55 48 0 9 1
a 55 101 0 30 8
a 55 113 0 6 1
a 57 165 0 44 5
a 57 35 0 7 5
a 57 181 0 17 6
a 58 195 0 44 10
a 58 193 0 9 1
a 58 145 0 8 1
a 58 190 0 36 9
a 58 49 0 10 2
a 60 18 0 44 5
a 60 31 0 34 9
a 60 149 0 31 3
a 60 137 0 22 8
a 62 9 0 44 8
a 62 109 0 12 1
a 62 36 0 8 3
a 62 142 0 25 4
a 62 58 0 18 3
a 62 130 0 8 4
a 63 79 0 44 10
a 63 74 0 0 10
a 65 27 0 44 3
a 65 101 0 18 3
a 65 155 0 10 10
a 65 106 0 15 9
a 65 181 0 43 10
a 68 128 0 44 9
a 68 195 0 16 10
a 68 77 0 19 8
a 68 173 0 16 7
a 68 168 0 31 9
a 69 178 0 44 10
a 69 42 0 8 2
a 69 130 0 50 10
a 69 128 0 18 7
a 69 94 0 14 1
a 70 194 0 44 5
a 70 7 0 31 10
a 70 167 0 21 3
a 70 188 0 1 1
a 75 87 0 44 2
a 75 182 0 22 5
a 75 95 0 27 1
a 75 16 0 45 6
a 75 190 0 5 5
a 75 117 0 46 9
a 77 130 0 44 9
a 77 7 0 16 7
a 77 107 0 33 5
a 77 47 0 17 6
a 77 184 0 30 7
a 77 6 0 23 7
a 78 86 0 44 4
a 78 143 0 34 9
a 78 195 0 20 4
a 78 148 0 0 3
a 78 151 0 48 5
a 78 145 0 12 1
a 79 122 0 44 3
a 79 133 0 15 6
a 79 161 0 39 6
a 79 102 0 35 7
a 79 148 0 1 7
a 81 51 0 44 4
a 81 117 0 30 2
a 81 105 0 48 6
a 81 186 0 49 6
a 82 28 0 44 6
a 82 182 0 24 10
a 82 38 0 50 4
a 82 155 0 34 5
a 82 129 0 49 10
a 84 173 0 44 9
a 84 66 0 6 4
a 86 82 0 44 3
a 86 66 0 37 9
a 86 160 0 27 7
a 86 23 0 50 1
a 86 106 0 35 4
a 86 91 0 14 3
a 87 21 0 44 4
a 87 7 0 44 7
a 87 152 0 0 8
a 91 100 0 44 6
a 91 120 0 36 2
a 91 184 0 5 4
a 91 25 0 7 10
a 91 22 0 41 8
a 91 20 0 31 5
a 92 157 0 44 10
a 92 38 0 5 6
a 92 24 0 43 5
a 92 148 0 36 10
a 93 146 0 44 9
a 93 22 0 44 9
a 93 124 0 49 4
a 95 164 0 44 7
a 95 187 0 47 3
a 95 156 0 37 9
a 95 199 0 31 4
a 95 103 0 5 1
a 98 111 0 44 5
a 98 132 0 17 1
a 98 25 0 32 1
a 100 30 0 44 5
a 100 42 0 20 6
a 100 127 0 49 3
a 100 67 0 2 6
a 100 111 0 39 9
a 103 91 0 44 9
a 103 175 0 37 7
a 103 66 0 35 4
a 103 17 0 21 6
a 103 41 0 22 10
a 106 142 0 44 5
a 106 79 0 43 2
a 106 62 0 15 9
a 106 29 0 13 3
a 108 50 0 44 10
a 108 7 0 41 4
a 110 12 0 44 7
a 110 196 0 13 4
a 110 194 0 27 3
a 110 21 0 1 9
a 111 112 0 44 9
a 111 175 0 7 10
a 111 149 0 16 10
a 111 191 0 10 2
a 111 68 0 38 8
a 111 34 0 49 4
a 112 4 0 44 7
a 112 111 0 50 9
a 112 41 0 47 4
a 115 200 0 44 7
a 115 54 0 29 5
a 117 93 0 44 4
a 117 151 0 5 6
a 117 75 0 27 9
a 119 143 0 44 9
a 119 51 0 19 3
a 119 48 0 26 10
a 119 184 0 29 3
a 119 141 0 1 6
a 119 83 0 0 1
a 120 163 0 44 8
a 120 146 0 16 1
a 122 126 0 44 3
a 122 54 0 24 5
a 122 134 0 41 8
a 122 141 0 35 7
a 122 194 0 13 1
a 122 44 0 31 7
a 124 185 0 44 5
a 124 38 0 41 9
a 124 40 0 47 4
a 124 164 0 15 1
a 124 146 0 7 9
a 125 189 0 44 10
a 125 60 0 37 3
a 125 72 0 26 5
a 125 99 0 34 1
a 126 110 0 44 10
a 126 154 0 9 1
a 127 120 0 44 8
a 127 123 0 19 8
a 128 63 0 44 3
a 128 134 0 45 10
a 128 83 0 45 10
a 129 8 0 44 5
a 129 67 0 10 2
a 129 31 0 17 1
a 130 98 0 44 7
a 130 34 0 35 9
a 130 38 0 25 3
a 130 168 0 43 3
a 130 27 0 30 8
a 130 128 0 43 10
a 131 65 0 44 10
a 131 78 0 3 1
a 131 156 0 45 7
a 131 57 0 11 1
a 131 118 0 49 8
a 136 115 0 44 8
a 136 19 0 50 7
a 136 11 0 19 7
a 136 12 0 33 5
a 136 63 0 39 8
a 141 6 0 44 7
a 141 138 0 3 2
a 141 5 0 36 9
a 141 129 0 39 5
a 142 166 0 44 5
a 142 11 0 35 5
a 142 109 0 36 2
a 143 32 0 44 6
a 143 73 0 12 6
a 143 124 0 11 2
a 143 164 0 48 5
a 143 175 0 31 3
a 143 87 0 22 9
a 145 181 0 44 5
a 145 125 0 13 10
a 145 111 0 7 6
a 146 58 0 44 5
a 146 171 0 41 3
a 146 153 0 16 5
a 147 57 0 44 8
a 147 73 0 6 3
a 147 9 0 47 9
a 148 108 0 44 10
a 148 101 0 43 8
a 148 73 0 43 3
a 148 14 0 27 9
a 148 150 0 46 1
a 148 168 0 24 10
a 154 17 0 44 8
a 154 49 0 17 10
a 154 101 0 41 7
a 154 31 0 35 5
a 154 48 0 21 9
a 156 148 0 44 3
a 156 139 0 37 7
a 156 135 0 48 5
a 156 194 0 44 8
a 156 190 0 3 4
a 156 134 0 43 1
a 157 124 0 44 10
a 157 83 0 3 7
a 157 57 0 48 7
a 157 11 0 27 6
a 157 58 0 7 3
a 157 70 0 35 6
a 159 106 0 44 6
a 159 41 0 21 4
a 159 130 0 28 7
a 159 145 0 29 10
a 159 7 0 10 10
a 159 76 0 46 9
a 162 131 0 44 7
a 162 187 0 46 5
a 162 135 0 48 7
a 162 171 0 15 5
a 162 56 0 6 8
a 163 177 0 44 2
a 163 37 0 15 10
a 163 186 0 31 3
a 163 68 0 17 7
a 163 9 0 26 3
a 164 81 0 44 1
a 164 45 0 32 9
a 164 172 0 17 7
a 164 136 0 40 1
a 164 34 0 21 7
a 165 69 0 44 7
a 165 64 0 30 7
a 165 65 0 33 3
a 165 171 0 22 5
a 166 84 0 44 8
a 166 114 0 4 2
a 166 59 0 45 9
a 166 41 0 42 7
a 166 23 0 19 2
a 167 3 0 44 3
a 167 108 0 39 8
a 167 70 0 36 5
a 167 91 0 3 5
a 167 61 0 35 5
a 167 155 0 50 3
a 168 162 0 44 4
a 168 53 0 9 5
a 168 190 0 31 3
a 168 15 0 20 3
a 168 197 0 41 8
a 168 114 0 23 4
a 171 127 0 44 10
a 171 99 0 27 4
a 171 166 0 5 1
a 172 24 0 44 7
a 172 190 0 32 2
a 172 152 0 45 5
a 173 172 0 44 3
a 173 147 0 36 9
a 173 184 0 11 2
a 174 60 0 44 6
a 174 122 0 32 7
a 174 185 0 45 6
a 174 192 0 22 1
a 174 137 0 12 10
a 177 168 0 44 2
a 177 141 0 10 5
a 177 5 0 31 6
a 178 10 0 44 8
a 178 101 0 2 5
a 178 167 0 18 1
a 181 92 0 44 8
a 181 105 0 28 10
a 181 189 0 3 8
a 181 125 0 48 5
a 181 56 0 50 6
a 181 141 0 40 10
a 182 136 0 44 7
a 182 132 0 42 2
a 184 77 0 44 10
a 184 5 0 6 4
a 184 85 0 6 9
a 184 3 0 20 4
a 185 95 0 44 3
a 185 103 0 15 6
a 185 193 0 13 6
a 185 171 0 18 6
a 185 70 0 9 10
a 185 50 0 9 2
a 186 78 0 44 3
a 186 142 0 33 4
a 186 4 0 33 5
a 186 170 0 35 5
a 186 157 0 1 1
a 189 197 0 44 6
a 189 199 0 44 9
a 189 97 0 48 3
a 194 154 0 44 6
a 194 159 0 41 6
a 194 64 0 12 8
a 194 193 0 17 9
a 194 22 0 11 9
a 195 159 0 44 3
a 195 72 0 22 1
a 195 170 0 2 3
a 195 163 0 1 10
a 195 121 0 27 5
a 195 183 0 3 5
a 197 167 0 44 7
a 197 186 0 47 1
a 197 196 0 32 6
a 2 139 0 6 4
a 2 151 0 40 6
a 2 159 0 37 7
a 5 89 0 6 10
a 5 187 0 47 2
a 11 114 0 6 6
a 11 120 0 19 3
a 11 174 0 37 1
a 11 74 0 32 1
a 13 88 0 6 4
a 13 156 0 47 1
a 13 158 0 14 7
a 13 57 0 6 7
a 13 5 0 46 2
a 15 59 0 6 1
a 15 54 0 35 6
a 15 53 0 22 1
a 16 133 0 6 7
a 16 68 0 16 4
a 20 29 0 6 5
a 20 81 0 11 4
a 20 179 0 5 10
a 20 63 0 36 10
a 22 113 0 6 7
a 22 39 0 34 2
a 22 178 0 30 5
a 22 33 0 4 4
a 29 179 0 6 4
a 29 81 0 5 8
a 29 184 0 3 6
a 29 46 0 48 7
a 33 38 0 6 8
a 33 156 0 15 2
a 33 124 0 11 10
a 33 74 0 33 5
a 33 63 0 19 10
a 34 149 0 6 6
a 34 10 0 1 3
a 34 21 0 45 3
a 34 6 0 46 8
a 34 184 0 13 8
a 34 155 0 27 5
a 35 66 0 6 4
a 35 120 0 45 10
a 35 179 0 31 1
a 36 160 0 6 2
a 36 129 0 12 6
a 37 109 0 6 1
a 37 178 0 12 5
a 37 183 0 17 1
a 38 104 0 6 9
a 38 146 0 42 1
a 40 102 0 6 3
a 40 109 0 45 3
a 40 184 0 35 9
a 40 152 0 45 3
a 42 83 0 6 4
a 42 53 0 18 3
a 42 18 0 39 2
a 43 137 0 6 8
a 43 27 0 27 4
a 43 95 0 40 9
a 44 15 0 6 9
a 44 78 0 2 4
a 45 188 0 6 2
a 45 176 0 41 10
a 45 159 0 23 4
a 45 57 0 21 5
a 45 120 0 27 7
a 47 11 0 6 4
a 47 50 0 7 8
a 48 34 0 6 7
a 48 130 0 27 4
a 48 85 0 39 4
a 48 44 0 46 7
a 48 60 0 17 9
a 49 97 0 6 2
a 49 9 0 4 2
a 49 58 0 28 9
a 52 67 0 6 8
a 52 157 0 33 6
a 52 133 0 19 2
a 52 174 0 36 9
a 53 96 0 6 2
a 53 103 0 1 3
a 53 190 0 35 9
a 53 171 0 42 1
a 53 173 0 23 10
a 54 94 0 6 9
a 54 35 0 40 2
a 54 157 0 37 9
a 54 8 0 20 1
a 54 107 0 31 1
a 54 91 0 43 9
a 56 54 0 6 8
a 56 200 0 3 10
a 56 127 0 6 4
a 59 151 0 6 5
a 59 40 0 27 1
a 61 152 0 6 10
a 61 164 0 37 10
a 61 64 0 19 7
a 61 112 0 18 8
a 64 90 0 6 7
a 64 124 0 13 1
a 64 10 0 27 8
a 64 130 0 3 1
a 66 170 0 6 9
a 66 117 0 46 6
a 66 7 0 44 3
a 66 5 0 42 8
a 67 47 0 6 9
a 67 48 0 40 6
a 67 114 0 45 9
a 67 9 0 45 6
a 67 134 0 43 6
a 71 190 0 6 4
a 71 164 0 12 1
a 71 126 0 24 4
a 71 17 0 31 4
a 71 119 0 22 4
a 71 138 0 48 8
a 72 196 0 6 5
a 72 197 0 37 3
a 72 145 0 24 8
a 72 156 0 31 9
a 72 94 0 38 1
a 73 183 0 6 4
a 73 80 0 8 6
a 73 163 0 41 2
a 73 125 0 47 4
a 73 174 0 8 5
a 74 73 0 6 9
a 74 136 0 30 3
a 76 138 0 6 6
a 76 63 0 33 1
a 80 13 0 6 8
a 80 41 0 13 4
a 80 155 0 40 3
a 83 175 0 6 6
a 83 70 0 5 4
a 83 40 0 48 4
a 83 41 0 17 2
a 83 53 0 37 7
a 83 13 0 2 8
a 85 37 0 6 6
a 85 99 0 22 3
a 85 124 0 32 6
a 85 115 0 49 3
a 88 107 0 6 3
a 88 152 0 2 10
a 88 7 0 45 9
a 88 119 0 44 4
a 88 157 0 49 8
a 88 37 0 13 6
a 89 64 0 6 1
a 89 46 0 6 10
a 90 49 0 6 7
a 90 199 0 25 5
a 90 102 0 30 1
a 90 104 0 5 8
a 90 17 0 25 5
a 94 45 0 6 1
a 94 42 0 45 7
a 94 33 0 8 4
a 94 187 0 9 4
a 94 50 0 46 6
a 94 139 0 1 9
a 96 193 0 6 4
a 96 42 0 14 9
a 96 183 0 14 8
a 96 159 0 33 9
a 96 108 0 35 5
a 96 67 0 17 4
a 97 161 0 6 9
a 97 58 0 41 3
a 99 155 0 6 7
a 99 59 0 0 7
a 99 111 0 32 10
a 99 21 0 36 4
a 99 143 0 2 6
a 99 4 0 40 6
a 101 135 0 6 8
a 101 15 0 19 7
a 101 13 0 45 9
a 101 193 0 13 7
a 102 61 0 6 5
a 102 188 0 19 2
a 104 132 0 6 4
a 104 24 0 37 6
a 104 169 0 35 1
a 104 56 0 23 8
a 105 56 0 6 3
a 105 130 0 20 9
a 105 173 0 49 10
a 105 73 0 15 9
a 105 13 0 25 3
a 107 192 0 6 3
a 107 122 0 5 3
a 107 157 0 38 5
a 109 105 0 6 4
a 109 200 0 6 8
a 109 135 0 35 2
a 109 189 0 7 2
a 113 16 0 6 9
a 113 77 0 31 2
a 113 171 0 13 4
a 113 152 0 46 5
a 114 101 0 6 2
a 114 49 0 49 2
a 114 73 0 11 8
a 114 21 0 1 8
a 114 197 0 14 3
a 116 72 0 6 2
a 116 60 0 35 2
a 116 23 0 19 1
a 118 180 0 6 4
a 118 198 0 48 10
a 118 90 0 19 10
a 118 134 0 39 9
a 118 7 0 30 4
a 121 199 0 6 7
a 121 182 0 16 3
a 121 31 0 20 9
a 121 11 0 38 5
a 123 150 0 6 8
a 123 20 0 36 8
a 123 173 0 7 1
a 123 133 0 20 7
a 123 25 0 25 10
a 132 123 0 6 10
a 132 108 0 37 1
a 132 113 0 0 3
a 132 146 0 11 6
a 132 64 0 0 3
a 133 5 0 6 6
a 133 23 0 43 5
a 133 87 0 50 1
a 133 170 0 33 1
a 134 153 0 6 8
a 134 129 0 30 8
a 134 138 0 28 7
a 135 121 0 6 10
a 135 180 0 41 8
a 137 134 0 6 1
a 137 146 0 16 9
a 137 21 0 35 6
a 138 44 0 6 9
a 138 179 0 11 5
a 139 140 0 6 4
a 139 90 0 18 6
a 139 112 0 16 3
a 139 93 0 49 2
a 140 85 0 6 1
a 140 191 0 19 2
a 144 116 0 6 3
a 144 21 0 5 10
a 149 187 0 6 3
a 149 156 0 41 10
a 149 199 0 36 4
a 149 44 0 46 10
a 150 22 0 6 10
a 150 173 0 22 7
a 150 37 0 17 5
a 150 61 0 42 6
a 151 53 0 6 6
a 151 19 0 27 8
a 151 130 0 17 8
a 151 129 0 23 5
a 152 144 0 6 3
a 152 65 0 50 1
a 153 71 0 6 1
a 153 138 0 21 7
a 155 118 0 6 1
a 155 194 0 28 7
a 155 67 0 28 6
a 158 43 0 6 3
a 158 122 0 9 3
a 158 32 0 34 6
a 158 47 0 1 2
a 158 133 0 25 2
a 160 42 0 6 3
a 160 122 0 15 9
a 160 86 0 19 7
a 160 83 0 33 1
a 161 176 0 6 10
a 161 114 0 43 3
a 161 115 0 16 1
a 169 191 0 6 6
a 169 188 0 2 3
a 169 49 0 11 3
a 169 7 0 30 1
a 170 52 0 6 7
a 170 196 0 4 1
a 175 33 0 6 5
a 175 121 0 34 2
a 176 74 0 6 3
a 176 19 0 18 9
a 176 14 0 36 5
a 179 35 0 6 9
a 179 64 0 50 4
a 179 60 0 42 2
a 180 158 0 6 5
a 180 74 0 22 6
a 183 76 0 6 6
a 183 107 0 17 9
a 183 23 0 45 2
a 187 198 0 6 3
a 187 134 0 31 8
a 187 193 0 12 8
a 187 70 0 38 3
a 188 40 0 6 9
a 188 168 0 5 6
a 188 193 0 9 2
a 190 80 0 6 10
a 190 173 0 20 8
a 191 48 0 6 2
a 191 18 0 5 4
a 191 35 0 29 7
a 191 61 0 0 2
a 191 66 0 6 6
a 191 95 0 25 8
a 191 126 0 27 5
a 192 169 0 6 1
a 192 147 0 8 6
a 192 196 0 1 6
a 192 63 0 4 1
a 192 22 0 3 9
a 193 99 0 6 8
a 193 36 0 24 8
a 193 46 0 8 1
a 196 36 0 6 7
a 196 79 0 28 3
a 196 138 0 10 3
a 196 151 0 36 4
a 196 119 0 34 10
a 198 20 0 6 3
a 198 96 0 40 3
a 198 110 0 46 10
