c PyNETGEN v1.0.0
c $ pip install pynetgen
c
c  NETGEN flow network generation algorithm
c  Problem input parameters
c  -------------------------------------
c   Random seed:          1
c   Number of nodes:      200
c   Source nodes:         2
c   Sink nodes:           2
c   Number of arcs:       800
c   Minimum arc cost:     1
c   Maximum arc cost:     10
c   Total supply:         50
c   Transshipment -
c     Sources:            0
c     Sinks:              0
c   Skeleton arcs -
c     With max cost:      0
c     Capacitated:        100
c   Minimum arc capacity: 0
c   Maximum arc capacity: 50
c
c  *** Minimum cost flow ***
c
p min 200 800
n 1 9
n 2 41
n 199 -8
n 200 -42
a 1 23 0 9 10
a 1 77 0 14 8
a 1 133 0 12 7
a 6 115 0 9 1
a 6 181 0 38 6
a 6 80 0 42 4
a 6 100 0 44 7
a 7 157 0 9 9
a 7 164 0 17 2
a 8 126 0 9 4
a 8 67 0 12 4
a 8 77 0 48 1
a 8 69 0 46 8
a 8 13 0 18 7
a 8 123 0 27 7
a 8 10 0 5 5
a 10 68 0 9 5
a 10 25 0 6 6
a 10 104 0 25 4
a 10 186 0 21 10
a 10 150 0 6 4
a 10 139 0 20 10
a 11 182 0 9 5
a 11 97 0 0 1
a 13 51 0 9 1
a 13 125 0 30 9
a 13 11 0 10 5
a 16 40 0 9 3
a 16 158 0 47 2
a 16 186 0 1 1
a 16 69 0 50 2
a 16 172 0 42 10
a 16 132 0 29 5
a 17 195 0 9 7
a 17 7 0 23 2
a 17 100 0 3 2
a 17 143 0 37 5
a 17 187 0 8 6
a 19 6 0 9 9
a 19 85 0 30 6
a 19 163 0 27 7
a 19 69 0 27 6
a 19 136 0 50 3
a 19 15 0 41 1
a 19 151 0 26 8
a 20 8 0 9 2
a 20 185 0 30 5
a 20 160 0 44 2
a 20 68 0 37 10
a 20 183 0 7 7
a 21 98 0 9 9
a 21 96 0 13 8
a 21 91 0 20 2
a 21 41 0 20 2
a 21 105 0 26 6
a 21 153 0 38 4
a 22 119 0 9 2
a 22 46 0 40 8
a 22 115 0 37 7
a 22 24 0 45 2
a 22 89 0 40 5
a 23 52 0 9 2
a 23 38 0 23 4
a 24 123 0 9 2
a 24 174 0 9 9
a 24 84 0 5 10
a 25 189 0 9 7
a 25 107 0 22 2
a 25 18 0 12 5
a 25 59 0 16 6
a 25 55 0 47 5
a 25 185 0 37 10
a 28 70 0 9 1
a 28 133 0 42 4
a 28 164 0 1 3
a 28 87 0 25 6
a 28 196 0 36 3
a 28 141 0 2 10
a 30 197 0 9 4
a 30 181 0 34 2
a 30 114 0 4 4
a 30 112 0 17 8
a 30 51 0 11 9
a 30 85 0 17 7
a 31 21 0 9 10
a 31 23 0 29 5
a 31 29 0 36 8
a 31 32 0 23 7
a 32 109 0 9 10
a 32 43 0 16 10
a 32 33 0 2 6
a 34 125 0 9 5
a 34 182 0 18 1
a 38 57 0 9 3
a 38 75 0 49 1
a 38 80 0 22 3
a 40 158 0 9 7
a 40 9 0 48 9
a 40 179 0 42 3
a 40 63 0 1 7
a 40 136 0 6 6
a 41 160 0 9 4
a 41 181 0 49 9
a 41 20 0 19 4
a 41 31 0 31 7
a 44 112 0 9 4
a 44 21 0 14 1
a 44 83 0 19 4
a 44 132 0 31 7
a 51 17 0 9 10
a 51 97 0 26 4
a 52 16 0 9 1
a 52 85 0 24 5
a 52 107 0 24 2
a 52 191 0 31 1
a 52 55 0 18 8
a 52 155 0 47 1
a 52 41 0 17 3
a 57 143 0 9 5
a 57 26 0 26 1
a 57 7 0 39 2
a 57 92 0 8 3
a 57 74 0 4 3
a 57 3 0 25 9
a 58 94 0 9 6
a 58 192 0 39 2
a 58 30 0 0 6
a 61 63 0 9 10
a 61 80 0 17 9
a 61 48 0 49 5
a 63 10 0 9 10
a 63 116 0 5 5
a 65 77 0 9 3
a 65 97 0 44 1
a 65 111 0 24 8
a 65 183 0 21 5
a 66 19 0 9 9
a 66 110 0 16 4
a 68 164 0 9 1
a 68 196 0 25 1
a 69 28 0 9 9
a 69 89 0 1 6
a 69 18 0 21 8
a 69 163 0 10 4
a 69 173 0 9 1
a 69 181 0 31 4
a 70 134 0 9 6
a 70 186 0 10 9
a 70 68 0 9 6
a 70 52 0 27 2
a 72 107 0 9 2
a 72 62 0 42 10
a 72 154 0 22 6
a 72 140 0 42 6
a 72 92 0 42 8
a 73 133 0 9 3
a 73 4 0 4 9
a 73 37 0 26 1
a 74 83 0 9 5
a 74 137 0 11 2
a 74 160 0 15 5
a 74 9 0 32 5
a 74 94 0 32 1
a 75 7 0 9 5
a 75 79 0 26 3
a 75 37 0 30 10
a 75 200 0 5 8
a 75 46 0 13 5
a 75 28 0 7 5
a 75 70 0 15 5
a 77 148 0 9 2
a 77 25 0 13 10
a 77 117 0 17 6
a 77 17 0 39 2
a 77 95 0 19 1
a 77 32 0 49 7
a 78 73 0 9 3
a 78 47 0 18 1
a 78 70 0 15 1
a 78 71 0 45 3
a 78 134 0 3 10
a 83 31 0 9 3
a 83 148 0 15 3
a 83 126 0 48 2
a 83 7 0 29 5
a 84 34 0 9 5
a 84 155 0 24 1
a 89 168 0 9 3
a 89 181 0 44 10
a 89 78 0 43 10
a 89 111 0 17 3
a 89 8 0 3 2
a 94 131 0 9 2
a 94 154 0 30 1
a 94 168 0 37 10
a 94 166 0 38 7
a 94 117 0 10 1
a 94 159 0 39 2
a 97 41 0 9 3
a 97 190 0 9 1
a 97 177 0 26 9
a 98 117 0 9 7
a 98 70 0 29 8
a 98 82 0 38 7
a 98 18 0 43 7
a 98 23 0 6 3
a 102 116 0 9 8
a 102 103 0 50 4
a 102 117 0 40 4
a 107 58 0 9 3
a 107 43 0 27 4
a 109 20 0 9 2
a 109 106 0 18 10
a 109 74 0 49 4
a 109 89 0 50 7
a 109 165 0 41 3
a 110 128 0 9 9
a 110 139 0 26 8
a 110 55 0 50 1
a 110 96 0 6 9
a 110 45 0 13 4
a 110 34 0 40 10
a 112 165 0 9 4
a 112 106 0 31 7
a 112 126 0 20 5
a 112 183 0 47 7
a 112 56 0 26 3
a 112 167 0 26 4
a 113 102 0 9 5
a 113 9 0 32 10
a 113 23 0 3 2
a 113 87 0 47 8
a 113 119 0 45 1
a 115 146 0 9 2
a 115 129 0 41 4
a 116 192 0 9 2
a 116 15 0 13 7
a 116 162 0 16 5
a 116 81 0 11 1
a 116 108 0 35 8
a 117 38 0 9 5
a 117 63 0 28 9
a 117 164 0 9 4
a 119 169 0 9 10
a 119 3 0 14 6
a 119 154 0 26 7
a 121 185 0 9 8
a 121 195 0 43 9
a 121 83 0 19 2
a 122 32 0 9 7
a 122 46 0 33 6
a 122 137 0 37 10
a 123 145 0 9 8
a 123 125 0 4 6
a 123 177 0 11 3
a 123 73 0 11 6
a 125 65 0 9 1
a 125 175 0 3 6
a 125 62 0 48 8
a 125 184 0 7 5
a 125 111 0 33 6
a 125 64 0 8 4
a 126 13 0 9 5
a 126 163 0 13 6
a 126 181 0 15 5
a 126 90 0 49 2
a 127 191 0 9 1
a 127 62 0 5 1
a 127 180 0 46 9
a 127 41 0 10 6
a 128 183 0 9 9
a 128 48 0 10 10
a 128 26 0 32 3
a 128 96 0 7 2
a 128 33 0 10 3
a 129 44 0 9 7
a 129 190 0 6 6
a 129 16 0 6 7
a 129 59 0 8 8
a 129 108 0 29 1
a 129 178 0 19 6
a 131 199 0 9 10
a 131 84 0 4 1
a 131 132 0 44 6
a 131 92 0 7 2
a 131 56 0 39 8
a 131 164 0 20 9
a 133 121 0 9 7
a 133 6 0 14 5
a 133 67 0 6 7
a 134 129 0 9 8
a 134 178 0 27 10
a 134 44 0 37 1
a 134 175 0 17 6
a 134 38 0 30 2
a 135 139 0 9 3
a 135 59 0 11 1
a 139 175 0 9 6
a 139 19 0 31 10
a 139 104 0 44 1
a 139 82 0 5 8
a 139 77 0 37 1
a 139 122 0 41 3
a 143 151 0 9 6
a 143 12 0 20 6
a 145 75 0 9 1
a 145 147 0 35 2
a 145 61 0 29 1
a 146 89 0 9 3
a 146 172 0 15 4
a 146 65 0 48 2
a 146 116 0 17 10
a 146 4 0 8 3
a 146 186 0 1 5
a 148 97 0 9 2
a 148 124 0 41 2
a 151 122 0 9 3
a 151 176 0 37 5
a 151 111 0 18 3
a 151 26 0 16 3
a 151 150 0 21 8
a 155 69 0 9 1
a 155 29 0 47 9
a 155 178 0 47 3
a 155 105 0 15 10
a 155 40 0 3 6
a 155 51 0 40 10
a 157 161 0 9 10
a 157 200 0 9 6
a 157 25 0 45 3
a 157 132 0 21 6
a 157 86 0 19 3
a 157 29 0 41 10
a 157 17 0 5 7
a 158 78 0 9 6
a 158 87 0 26 7
a 158 121 0 25 4
a 158 107 0 8 2
a 158 127 0 46 4
a 159 180 0 9 5
a 159 138 0 23 9
a 160 22 0 9 1
a 160 40 0 3 5
a 160 71 0 2 6
a 160 48 0 31 9
a 160 51 0 12 8
a 160 6 0 42 8
a 161 170 0 9 6
a 161 106 0 3 4
a 161 173 0 42 8
a 161 90 0 25 5
a 164 159 0 9 10
a 164 193 0 26 3
a 164 21 0 19 2
a 165 25 0 9 7
a 165 36 0 18 9
a 165 19 0 43 6
a 165 61 0 15 9
a 165 170 0 13 6
a 168 155 0 9 7
a 168 18 0 11 2
a 169 178 0 9 3
a 169 11 0 18 4
a 169 51 0 20 8
a 170 179 0 9 4
a 170 15 0 19 10
a 170 106 0 47 10
a 170 33 0 8 5
a 170 60 0 20 10
a 175 24 0 9 7
a 175 179 0 50 9
a 175 62 0 49 4
a 178 30 0 9 2
a 178 183 0 31 7
a 178 73 0 4 4
a 178 185 0 25 4
a 178 123 0 41 7
a 178 103 0 26 5
a 179 74 0 9 9
a 179 134 0 29 4
a 179 167 0 44 7
a 179 3 0 38 1
a 180 135 0 9 4
a 180 166 0 47 10
a 180 172 0 6 4
a 180 196 0 23 8
a 180 119 0 49 1
a 182 66 0 9 2
a 182 55 0 40 7
a 182 191 0 1 1
a 182 72 0 4 6
a 183 84 0 9 1
a 183 191 0 11 2
a 183 168 0 34 1
a 183 43 0 50 6
a 185 61 0 9 6
a 185 106 0 34 5
a 189 113 0 9 5
a 189 174 0 16 8
a 189 116 0 38 5
a 189 143 0 48 4
a 189 96 0 50 7
a 189 151 0 16 9
a 191 72 0 9 5
a 191 102 0 9 8
a 191 18 0 27 5
a 191 101 0 12 10
a 192 127 0 9 3
a 192 39 0 5 7
a 192 156 0 1 7
a 195 110 0 9 10
a 195 79 0 42 3
a 195 155 0 23 2
a 195 37 0 14 8
a 197 11 0 9 2
a 197 129 0 42 1
a 197 105 0 21 8
a 197 55 0 25 6
a 197 159 0 26 4
a 197 183 0 21 5
a 2 193 0 41 5
a 2 135 0 21 1
a 2 170 0 5 1
a 2 116 0 26 6
a 3 147 0 41 1
a 3 174 0 9 5
a 3 199 0 15 4
a 3 84 0 15 3
a 3 157 0 22 1
a 4 46 0 41 7
a 4 11 0 16 8
a 4 96 0 21 6
a 5 176 0 41 4
a 5 99 0 5 10
a 5 183 0 46 4
a 9 26 0 41 3
a 9 169 0 13 4
a 9 180 0 4 7
a 9 72 0 48 7
a 9 41 0 32 7
a 9 81 0 42 6
a 12 154 0 41 2
a 12 96 0 14 8
a 12 102 0 18 3
a 14 55 0 41 10
a 14 161 0 1 7
a 15 188 0 41 8
a 15 107 0 34 7
a 15 22 0 50 7
a 15 171 0 29 9
a 15 95 0 36 5
a 18 47 0 41 3
a 18 66 0 23 6
a 18 133 0 33 3
a 18 5 0 18 4
a 18 59 0 5 2
a 26 199 0 41 10
a 26 29 0 41 2
a 26 125 0 33 3
a 26 100 0 25 5
a 27 60 0 41 6
a 27 138 0 43 9
a 27 81 0 2 7
a 27 146 0 26 2
a 27 163 0 12 10
a 29 81 0 41 7
a 29 163 0 2 5
a 29 33 0 39 3
a 29 186 0 5 6
a 33 118 0 41 2
a 33 79 0 9 8
a 33 9 0 10 8
a 33 105 0 47 1
a 35 15 0 41 7
a 35 154 0 34 3
a 35 86 0 18 8
a 35 74 0 20 6
a 35 139 0 16 4
a 36 14 0 41 2
a 36 131 0 38 6
a 36 119 0 26 1
a 37 162 0 41 3
a 37 49 0 9 3
a 39 9 0 41 4
a 39 123 0 45 5
a 42 3 0 41 1
a 42 15 0 28 8
a 42 98 0 31 3
a 42 34 0 39 7
a 42 13 0 32 6
a 43 54 0 41 1
a 43 75 0 30 8
a 43 95 0 22 1
a 43 97 0 27 2
a 43 103 0 34 9
a 45 173 0 41 6
a 45 16 0 15 6
a 45 113 0 5 4
a 46 149 0 41 2
a 46 28 0 16 7
a 46 50 0 38 2
a 46 16 0 2 10
a 46 12 0 13 3
a 46 158 0 19 4
a 47 105 0 41 3
a 47 63 0 38 10
a 47 67 0 5 5
a 47 123 0 44 5
a 48 43 0 41 8
a 48 200 0 33 10
a 48 89 0 23 10
a 48 14 0 45 1
a 48 120 0 46 9
a 49 186 0 41 10
a 49 190 0 44 1
a 49 42 0 36 1
a 49 6 0 4 10
a 50 152 0 41 9
a 50 101 0 23 10
a 50 120 0 35 9
a 50 91 0 34 5
a 53 114 0 41 1
a 53 75 0 47 10
a 53 64 0 39 5
a 53 186 0 10 3
a 53 49 0 30 3
a 54 76 0 41 4
a 54 89 0 9 4
a 55 45 0 41 9
a 55 21 0 24 6
a 55 186 0 45 5
a 55 79 0 45 6
a 55 14 0 36 4
a 56 53 0 41 5
a 56 178 0 1 9
a 59 184 0 41 8
a 59 156 0 42 8
a 59 115 0 29 3
a 59 187 0 15 2
a 59 13 0 36 6
a 60 104 0 41 8
a 60 56 0 3 2
a 62 33 0 41 1
a 62 42 0 5 5
a 62 57 0 5 7
a 62 14 0 3 8
a 64 120 0 41 2
a 64 142 0 22 5
a 64 133 0 3 10
a 64 184 0 1 4
a 64 148 0 14 10
a 64 136 0 5 10
a 67 95 0 41 9
a 67 53 0 36 9
a 67 86 0 2 8
a 71 156 0 41 9
a 71 141 0 49 3
a 76 36 0 41 5
a 76 21 0 8 5
a 76 194 0 46 2
a 76 164 0 33 6
a 76 144 0 29 6
a 79 80 0 41 4
a 79 60 0 48 10
a 80 172 0 41 4
a 80 117 0 43 1
a 80 57 0 44 7
a 80 131 0 27 3
a 80 22 0 25 4
a 81 27 0 41 4
a 81 144 0 33 8
a 81 63 0 10 1
a 82 174 0 41 2
a 82 132 0 29 4
a 82 61 0 5 7
a 82 92 0 50 3
a 82 165 0 31 2
a 85 37 0 41 10
a 85 39 0 23 3
a 85 72 0 21 2
a 85 178 0 10 8
a 85 110 0 2 7
a 86 42 0 41 10
a 86 44 0 42 1
a 86 144 0 39 8
a 87 88 0 41 10
a 87 49 0 50 10
a 87 170 0 16 10
a 87 54 0 50 6
a 87 33 0 43 5
a 87 14 0 1 7
a 88 48 0 41 10
a 88 109 0 36 8
a 88 72 0 2 9
a 90 144 0 41 6
a 90 152 0 42 1
a 90 106 0 12 1
a 90 4 0 43 1
a 91 50 0 41 6
a 91 150 0 26 4
a 91 185 0 27 2
a 91 104 0 4 4
a 91 29 0 45 6
a 92 59 0 41 9
a 92 101 0 28 2
a 92 99 0 11 6
a 92 191 0 12 2
a 93 150 0 41 9
a 93 132 0 40 5
a 95 39 0 41 10
a 95 66 0 11 9
a 95 12 0 24 8
a 95 74 0 14 1
a 95 46 0 36 5
a 96 87 0 41 8
a 96 159 0 45 8
a 96 35 0 22 1
a 96 116 0 28 2
a 99 96 0 41 5
a 99 165 0 17 5
a 99 33 0 1 10
a 99 59 0 10 5
a 100 190 0 41 3
a 100 113 0 49 8
a 100 41 0 25 6
a 100 166 0 2 9
a 101 167 0 41 3
a 101 115 0 4 3
a 103 140 0 41 9
a 103 150 0 45 3
a 104 136 0 41 1
a 104 100 0 32 4
a 104 195 0 3 3
a 105 101 0 41 10
a 105 10 0 1 8
a 105 129 0 27 4
a 105 52 0 5 9
a 105 199 0 26 8
a 105 183 0 2 8
a 106 142 0 41 6
a 106 50 0 24 1
a 106 51 0 16 10
a 106 162 0 9 9
a 106 136 0 49 7
a 108 111 0 41 9
a 108 183 0 17 5
a 108 105 0 10 7
a 111 56 0 41 1
a 111 125 0 37 10
a 111 66 0 22 1
a 111 72 0 46 6
a 114 35 0 41 3
a 114 62 0 21 3
a 114 199 0 1 2
a 114 173 0 11 1
a 114 32 0 6 4
a 118 100 0 41 6
a 118 83 0 46 6
a 118 168 0 50 8
a 118 15 0 26 6
a 118 20 0 4 4
a 120 106 0 41 9
a 120 18 0 16 3
a 120 16 0 11 2
a 120 200 0 13 2
a 120 71 0 38 5
a 120 19 0 3 1
a 124 62 0 41 6
a 124 159 0 2 7
a 124 31 0 22 2
a 124 76 0 43 8
a 124 150 0 1 3
a 130 132 0 41 10
a 130 165 0 19 4
a 130 181 0 31 5
a 132 137 0 41 8
a 132 136 0 7 8
a 136 12 0 41 6
a 136 95 0 15 4
a 136 163 0 4 10
a 136 30 0 29 3
a 136 170 0 8 7
a 136 26 0 29 9
a 137 196 0 41 6
a 137 83 0 45 5
a 137 113 0 1 4
a 137 75 0 47 3
a 138 198 0 41 10
a 138 151 0 31 1
a 138 98 0 45 5
a 138 88 0 38 1
a 138 25 0 28 5
a 138 11 0 19 1
a 140 124 0 41 6
a 140 135 0 47 9
a 140 60 0 43 2
a 141 177 0 41 1
a 141 156 0 17 3
a 141 187 0 10 8
a 142 200 0 41 4
a 142 157 0 18 8
a 144 138 0 41 1
a 144 180 0 5 8
a 144 178 0 6 5
a 144 98 0 32 6
a 144 125 0 15 10
a 144 33 0 4 10
a 147 49 0 41 9
a 147 179 0 4 8
a 149 99 0 41 2
a 149 98 0 38 2
a 149 178 0 12 9
a 149 181 0 27 4
a 149 160 0 7 8
a 150 64 0 41 8
a 150 68 0 7 1
a 150 6 0 42 1
a 150 18 0 31 2
a 152 103 0 41 10
a 152 177 0 4 3
a 152 74 0 21 3
a 153 79 0 41 10
a 153 171 0 22 2
a 153 185 0 40 2
a 153 91 0 14 7
a 153 112 0 45 3
a 154 181 0 41 4
a 154 39 0 0 8
a 154 119 0 17 10
a 154 194 0 25 6
a 154 161 0 15 1
a 156 153 0 41 9
a 156 81 0 49 8
a 156 175 0 12 8
a 162 4 0 41 4
a 162 151 0 10 6
a 162 112 0 41 10
a 162 30 0 24 7
a 163 5 0 41 7
a 163 72 0 3 2
a 166 141 0 41 10
a 166 160 0 25 5
a 166 83 0 22 4
a 166 70 0 47 6
a 167 163 0 41 8
a 167 135 0 49 8
a 167 99 0 38 1
a 167 72 0 50 1
a 167 69 0 42 3
a 171 85 0 41 5
a 171 195 0 23 1
a 171 77 0 6 9
a 171 109 0 3 9
a 172 82 0 41 10
a 172 200 0 41 7
a 172 152 0 27 3
a 172 18 0 34 8
a 172 70 0 17 2
a 173 93 0 41 7
a 173 190 0 11 5
a 173 107 0 7 7
a 173 34 0 15 8
a 174 18 0 41 5
a 174 28 0 39 4
a 176 91 0 41 7
a 176 185 0 22 3
a 176 14 0 14 2
a 177 92 0 41 7
a 177 124 0 30 10
a 177 56 0 41 2
a 181 71 0 41 2
a 181 62 0 14 9
a 181 151 0 28 4
a 181 124 0 31 3
a 184 90 0 41 7
a 184 9 0 43 3
a 186 187 0 41 10
a 186 195 0 35 3
a 186 182 0 3 8
a 187 108 0 41 5
a 187 101 0 15 9
a 188 130 0 41 1
a 188 168 0 25 6
a 188 177 0 33 7
a 188 48 0 9 7
a 190 86 0 41 2
a 190 70 0 46 3
a 190 186 0 0 8
a 190 61 0 23 7
a 193 166 0 41 5
a 193 78 0 30 6
a 193 19 0 49 5
a 193 95 0 42 6
a 194 171 0 41 1
a 194 27 0 34 1
a 194 187 0 21 8
a 196 194 0 41 2
a 196 178 0 1 10
a 198 67 0 41 10
a 198 43 0 30 4
