c PyNETGEN v1.0.0
c $ pip install pynetgen
c
c  NETGEN flow network generation algorithm
c  Problem input parameters
c  -------------------------------------
c   Random seed:          2
c   Number of nodes:      200
c   Source nodes:         2
c   Sink nodes:           2
c   Number of arcs:       800
c   Minimum arc cost:     1
c   Maximum arc cost:     10
c   Total supply:         50
c   Transshipment -
c     Sources:            0
c     Sinks:              0
c   Skeleton arcs -
c     With max cost:      0
c     Capacitated:        100
c   Minimum arc capacity: 0
c   Maximum arc capacity: 50
c
c  *** Minimum cost flow ***
c
p min 200 800
n 1 25
n 2 25
n 199 -35
n 200 -15
a 1 43 0 25 2
a 1 107 0 28 5
a 1 65 0 50 6
a 1 185 0 25 6
a 5 98 0 25 1
a 5 154 0 8 10
a 9 12 0 25 7
a 9 175 0 25 2
a 9 121 0 9 3
a 9 166 0 29 8
a 9 7 0 24 7
a 9 195 0 45 1
a 9 24 0 41 5
a 10 179 0 25 4
a 10 196 0 3 6
a 10 39 0 36 2
a 10 77 0 17 7
a 10 120 0 38 4
a 10 44 0 50 10
a 10 148 0 42 2
a 11 139 0 25 10
a 11 142 0 40 2
a 12 87 0 25 2
a 12 148 0 0 4
a 12 186 0 14 7
a 12 117 0 35 10
a 12 61 0 46 2
a 12 193 0 16 9
a 12 170 0 18 6
a 13 113 0 25 10
a 13 89 0 49 3
a 13 91 0 33 9
a 13 177 0 33 9
a 14 194 0 25 3
a 14 11 0 46 6
a 14 68 0 32 3
a 14 86 0 49 9
a 14 121 0 16 1
a 14 62 0 10 8
a 14 82 0 35 1
a 15 111 0 25 4
a 15 69 0 3 4
a 15 37 0 49 5
a 15 200 0 31 4
a 16 64 0 25 3
a 16 161 0 31 8
a 16 4 0 35 9
a 16 169 0 37 6
a 21 5 0 25 1
a 21 35 0 40 3
a 21 179 0 36 8
a 21 30 0 1 5
a 21 78 0 15 6
a 22 188 0 25 3
a 22 45 0 27 1
a 22 155 0 25 10
a 22 103 0 43 7
a 23 33 0 25 5
a 23 147 0 49 3
a 23 148 0 39 3
a 23 63 0 29 9
a 23 65 0 47 1
a 23 197 0 21 7
a 25 42 0 25 6
a 25 147 0 44 10
a 25 37 0 36 2
a 25 195 0 32 3
a 25 169 0 44 3
a 28 56 0 25 3
a 28 36 0 7 4
a 28 31 0 43 2
a 28 67 0 23 9
a 28 161 0 0 9
a 32 66 0 25 1
a 32 194 0 28 8
a 32 6 0 50 1
a 33 11 0 25 4
a 33 58 0 30 2
a 33 150 0 48 2
a 33 90 0 43 3
a 34 97 0 25 10
a 34 185 0 9 5
a 34 147 0 22 7
a 34 14 0 34 3
a 34 116 0 31 8
a 34 27 0 7 2
a 35 61 0 25 2
a 35 39 0 46 3
a 35 101 0 4 6
a 35 60 0 7 2
a 37 47 0 25 2
a 37 87 0 7 1
a 39 186 0 25 6
a 39 196 0 23 6
a 39 162 0 22 1
a 39 183 0 19 5
a 39 96 0 27 7
a 42 45 0 25 2
a 42 164 0 8 5
a 42 105 0 28 6
a 43 34 0 25 9
a 43 68 0 32 8
a 44 65 0 25 3
a 44 82 0 38 10
a 44 39 0 11 6
a 44 16 0 33 8
a 44 154 0 28 1
a 44 134 0 13 10
a 45 83 0 25 8
a 45 10 0 19 1
a 45 98 0 27 7
a 45 74 0 5 10
a 46 21 0 25 3
a 46 10 0 23 6
a 46 59 0 11 4
a 47 9 0 25 3
a 47 115 0 43 4
a 47 141 0 34 8
a 47 157 0 39 9
a 50 22 0 25 5
a 50 17 0 27 6
a 50 148 0 16 8
a 50 28 0 8 8
a 50 163 0 50 7
a 51 39 0 25 4
a 51 183 0 27 3
a 51 127 0 26 4
a 51 64 0 42 3
a 56 78 0 25 4
a 56 194 0 47 2
a 56 79 0 3 4
a 57 37 0 25 9
a 57 60 0 27 5
a 57 44 0 37 1
a 57 55 0 48 8
a 57 133 0 17 2
a 58 23 0 25 10
a 58 17 0 32 10
a 60 68 0 25 1
a 60 200 0 25 1
a 60 16 0 20 10
a 61 164 0 25 10
a 61 162 0 28 3
a 61 42 0 46 7
a 63 70 0 25 3
a 63 133 0 2 8
a 63 71 0 39 1
a 64 191 0 25 4
a 64 84 0 38 7
a 64 79 0 37 4
a 64 11 0 9 6
a 65 108 0 25 9
a 65 168 0 27 5
a 65 23 0 10 8
a 65 146 0 24 4
a 65 154 0 22 5
a 65 59 0 35 7
a 65 61 0 32 1
a 66 173 0 25 1
a 66 49 0 15 3
a 66 59 0 30 3
a 66 70 0 1 2
a 66 42 0 35 3
a 67 101 0 25 8
a 67 25 0 50 3
a 67 69 0 35 9
a 68 35 0 25 6
a 68 13 0 39 10
a 68 97 0 27 10
a 68 29 0 7 8
a 69 60 0 25 9
a 69 10 0 12 4
a 70 117 0 25 10
a 70 176 0 1 4
a 73 50 0 25 7
a 73 117 0 6 9
a 73 191 0 50 8
a 77 146 0 25 6
a 77 23 0 35 7
a 77 64 0 33 9
a 77 184 0 31 8
a 77 148 0 27 8
a 77 152 0 22 10
a 77 3 0 46 7
a 78 130 0 25 6
a 78 31 0 24 9
a 78 28 0 1 2
a 78 58 0 17 5
a 78 106 0 1 4
a 83 137 0 25 7
a 83 17 0 10 3
a 83 66 0 30 1
a 83 158 0 22 6
a 83 34 0 34 2
a 86 180 0 25 10
a 86 45 0 17 7
a 86 162 0 16 9
a 86 27 0 15 9
a 86 49 0 45 5
a 87 73 0 25 2
a 87 90 0 15 7
a 87 44 0 41 3
a 93 106 0 25 5
a 93 34 0 16 10
a 93 15 0 14 4
a 93 163 0 6 1
a 93 73 0 29 5
a 97 171 0 25 8
a 97 122 0 12 5
a 97 49 0 36 5
a 97 63 0 44 8
a 98 107 0 25 9
a 98 32 0 45 10
a 98 77 0 30 5
a 98 131 0 16 3
a 99 135 0 25 9
a 99 178 0 32 7
a 99 24 0 0 3
a 101 196 0 25 10
a 101 68 0 36 1
a 106 57 0 25 10
a 106 112 0 20 3
a 106 197 0 37 10
a 106 88 0 6 9
a 107 120 0 25 6
a 107 197 0 41 5
a 107 180 0 16 1
a 107 175 0 13 9
a 107 158 0 24 2
a 108 93 0 25 8
a 108 143 0 45 9
a 108 183 0 0 2
a 111 77 0 25 1
a 111 97 0 17 3
a 111 28 0 39 3
a 112 157 0 25 10
a 112 30 0 44 8
a 112 74 0 22 6
a 113 142 0 25 8
a 113 173 0 0 6
a 113 50 0 16 9
a 113 39 0 41 2
a 113 167 0 18 8
a 113 125 0 16 2
a 114 10 0 25 3
a 114 147 0 42 7
a 114 94 0 16 8
a 114 103 0 38 7
a 114 137 0 50 3
a 117 25 0 25 5
a 117 13 0 1 10
a 118 63 0 25 7
a 118 98 0 29 8
a 118 180 0 14 7
a 120 112 0 25 1
a 120 174 0 25 6
a 120 128 0 27 4
a 120 103 0 41 1
a 120 172 0 38 8
a 120 34 0 19 6
a 121 151 0 25 4
a 121 139 0 29 9
a 121 112 0 1 9
a 121 64 0 16 8
a 121 90 0 28 4
a 122 172 0 25 3
a 122 41 0 8 4
a 122 195 0 16 1
a 122 151 0 26 2
a 122 162 0 35 4
a 128 118 0 25 8
a 128 61 0 33 8
a 128 90 0 17 9
a 128 149 0 11 9
a 128 178 0 3 9
a 128 16 0 49 6
a 130 199 0 25 1
a 130 142 0 30 6
a 130 147 0 25 9
a 130 11 0 24 8
a 130 87 0 7 2
a 134 138 0 25 8
a 134 19 0 9 3
a 134 135 0 31 7
a 134 87 0 31 7
a 134 163 0 14 4
a 135 86 0 25 10
a 135 8 0 15 3
a 135 36 0 43 5
a 135 178 0 17 9
a 135 161 0 41 8
a 136 177 0 25 5
a 136 54 0 7 7
a 136 173 0 7 6
a 137 13 0 25 8
a 137 82 0 39 8
a 137 44 0 11 7
a 138 15 0 25 4
a 138 161 0 5 5
a 138 112 0 34 6
a 138 49 0 28 9
a 138 57 0 9 2
a 139 16 0 25 5
a 139 37 0 9 1
a 139 90 0 23 9
a 139 158 0 6 1
a 140 67 0 25 5
a 140 143 0 28 5
a 140 13 0 50 5
a 140 10 0 2 8
a 141 153 0 25 10
a 141 109 0 16 1
a 142 136 0 25 8
a 142 124 0 32 10
a 142 167 0 49 3
a 146 122 0 25 3
a 146 86 0 22 5
a 146 175 0 14 7
a 146 14 0 4 2
a 147 148 0 25 4
a 147 112 0 48 8
a 147 131 0 32 4
a 148 162 0 25 3
a 148 190 0 11 1
a 151 140 0 25 10
a 151 134 0 43 3
a 151 33 0 35 10
a 151 149 0 13 2
a 151 28 0 46 2
a 153 51 0 25 2
a 153 182 0 42 4
a 153 77 0 38 8
a 153 156 0 6 9
a 153 24 0 36 6
a 153 60 0 30 7
a 157 170 0 25 6
a 157 54 0 50 7
a 157 190 0 42 6
a 157 147 0 16 7
a 162 198 0 25 2
a 162 34 0 46 10
a 164 32 0 25 1
a 164 76 0 32 2
a 164 8 0 4 1
a 164 92 0 37 10
a 164 97 0 24 5
a 170 69 0 25 5
a 170 44 0 44 5
a 170 19 0 6 7
a 170 160 0 33 8
a 170 189 0 50 2
a 170 87 0 44 6
a 171 121 0 25 3
a 171 61 0 38 3
a 171 184 0 9 10
a 171 68 0 11 10
a 172 28 0 25 4
a 172 200 0 30 10
a 172 89 0 1 4
a 172 26 0 22 4
a 172 198 0 22 6
a 173 134 0 25 8
a 173 19 0 11 7
a 177 141 0 25 2
a 177 25 0 23 10
a 177 99 0 38 9
a 177 64 0 43 2
a 179 128 0 25 5
a 179 29 0 15 9
a 179 77 0 44 6
a 179 131 0 24 10
a 179 103 0 22 10
a 180 58 0 25 3
a 180 164 0 37 6
a 180 142 0 8 10
a 186 44 0 25 7
a 186 59 0 6 6
a 186 27 0 27 2
a 188 14 0 25 7
a 188 68 0 7 10
a 188 134 0 12 3
a 188 3 0 0 4
a 188 32 0 27 7
a 188 189 0 18 2
a 191 46 0 25 10
a 191 114 0 46 8
a 191 44 0 47 1
a 191 121 0 37 8
a 191 159 0 29 3
a 191 12 0 2 1
a 193 114 0 25 2
a 193 14 0 7 5
a 194 147 0 25 1
a 194 92 0 43 4
a 194 144 0 24 4
a 194 172 0 0 1
a 196 193 0 25 9
a 196 110 0 45 2
a 196 199 0 7 5
a 196 178 0 0 2
a 196 31 0 45 10
a 198 99 0 25 4
a 198 168 0 7 7
a 198 55 0 32 8
a 198 37 0 18 5
a 2 187 0 25 5
a 2 75 0 36 3
a 2 179 0 2 3
a 2 155 0 49 8
a 3 91 0 25 1
a 3 22 0 21 3
a 3 173 0 28 8
a 3 49 0 50 2
a 3 58 0 8 4
a 3 20 0 17 8
a 4 3 0 25 7
a 4 156 0 27 10
a 4 103 0 42 2
a 4 68 0 17 4
a 4 17 0 7 10
a 6 17 0 25 9
a 6 73 0 42 1
a 6 14 0 36 4
a 6 168 0 1 1
a 7 75 0 25 1
a 7 147 0 18 9
a 7 197 0 30 7
a 8 19 0 25 3
a 8 90 0 19 1
a 8 55 0 48 6
a 8 126 0 32 8
a 8 18 0 42 1
a 8 9 0 13 6
a 17 102 0 25 4
a 17 132 0 41 10
a 17 165 0 18 2
a 17 134 0 26 10
a 17 31 0 8 3
a 18 105 0 25 1
a 18 70 0 39 6
a 19 150 0 25 1
a 19 61 0 5 3
a 19 44 0 3 8
a 19 96 0 11 8
a 19 60 0 35 1
a 20 84 0 25 10
a 20 12 0 49 10
a 20 29 0 43 6
a 20 148 0 49 6
a 24 27 0 25 1
a 24 200 0 21 2
a 24 110 0 45 7
a 24 125 0 46 1
a 24 90 0 41 5
a 24 116 0 36 10
a 26 8 0 25 4
a 26 87 0 11 6
a 27 123 0 25 6
a 27 192 0 37 6
a 29 131 0 25 9
a 29 54 0 5 6
a 29 151 0 24 6
a 29 61 0 13 2
a 30 126 0 25 6
a 30 39 0 20 10
a 30 20 0 45 10
a 30 3 0 49 2
a 30 54 0 24 7
a 30 51 0 48 9
a 31 76 0 25 5
a 31 199 0 43 6
a 31 162 0 4 7
a 31 179 0 18 5
a 36 163 0 25 10
a 36 22 0 4 6
a 36 87 0 30 7
a 38 192 0 25 4
a 38 165 0 50 3
a 38 123 0 3 2
a 40 158 0 25 4
a 40 92 0 25 5
a 40 151 0 7 3
a 40 28 0 1 9
a 40 133 0 48 7
a 41 38 0 25 9
a 41 77 0 22 4
a 48 94 0 25 8
a 48 109 0 26 1
a 48 149 0 16 7
a 48 28 0 1 8
a 49 41 0 25 10
a 49 112 0 35 9
a 49 120 0 42 1
a 49 29 0 8 10
a 52 49 0 25 10
a 52 90 0 27 8
a 53 174 0 25 4
a 53 46 0 1 8
a 53 22 0 0 1
a 54 154 0 25 6
a 54 146 0 50 6
a 55 6 0 25 2
a 55 173 0 5 10
a 55 101 0 31 10
a 55 21 0 24 7
a 55 161 0 47 5
a 59 185 0 25 2
a 59 28 0 33 6
a 59 9 0 17 9
a 59 37 0 43 2
a 59 112 0 39 1
a 59 131 0 33 8
a 62 184 0 25 10
a 62 156 0 23 6
a 62 29 0 14 9
a 71 18 0 25 1
a 71 167 0 19 5
a 71 10 0 17 3
a 72 88 0 25 2
a 72 133 0 33 10
a 74 40 0 25 2
a 74 25 0 0 9
a 74 180 0 23 4
a 74 121 0 32 8
a 74 15 0 36 7
a 75 109 0 25 8
a 75 135 0 3 5
a 76 165 0 25 7
a 76 64 0 4 8
a 79 4 0 25 4
a 79 127 0 9 8
a 80 24 0 25 4
a 80 98 0 10 6
a 80 17 0 41 9
a 80 49 0 23 5
a 80 3 0 14 3
a 80 86 0 44 6
a 80 129 0 35 3
a 81 85 0 25 3
a 81 63 0 41 8
a 81 157 0 0 10
a 82 115 0 25 3
a 82 149 0 19 6
a 82 110 0 2 8
a 82 178 0 47 1
a 82 43 0 46 9
a 84 197 0 25 9
a 84 38 0 49 7
a 84 116 0 45 3
a 84 18 0 45 9
a 84 43 0 18 2
a 85 90 0 25 9
a 85 44 0 19 3
a 85 110 0 6 3
a 85 99 0 29 6
a 85 198 0 22 4
a 85 55 0 21 5
a 85 69 0 11 9
a 88 52 0 25 2
a 88 19 0 0 9
a 88 117 0 22 5
a 88 71 0 7 9
a 88 54 0 19 9
a 88 6 0 24 6
a 89 96 0 25 7
a 89 22 0 23 9
a 89 68 0 36 4
a 89 187 0 36 9
a 89 108 0 36 7
a 90 181 0 25 6
a 90 138 0 19 9
a 91 195 0 25 1
a 91 196 0 23 3
a 92 110 0 25 10
a 92 181 0 19 4
a 92 147 0 19 4
a 92 95 0 29 10
a 92 159 0 13 10
a 92 195 0 33 5
a 94 125 0 25 6
a 94 152 0 47 3
a 95 127 0 25 3
a 95 119 0 30 2
a 95 73 0 14 10
a 95 33 0 48 1
a 95 84 0 20 8
a 95 51 0 16 2
a 96 145 0 25 2
a 96 59 0 48 8
a 96 8 0 27 4
a 100 30 0 25 6
a 100 64 0 9 9
a 100 181 0 27 10
a 100 193 0 46 6
a 100 17 0 21 1
a 102 183 0 25 4
a 102 80 0 47 3
a 102 21 0 38 9
a 102 165 0 43 5
a 103 144 0 25 7
a 103 132 0 37 6
a 103 36 0 16 5
a 103 188 0 45 3
a 103 114 0 39 4
a 104 95 0 25 6
a 104 101 0 31 10
a 104 40 0 11 10
a 104 199 0 35 3
a 104 135 0 47 8
a 105 159 0 25 7
a 105 86 0 21 2
a 105 46 0 31 5
a 105 153 0 19 10
a 109 160 0 25 9
a 109 4 0 25 10
a 109 188 0 33 8
a 110 72 0 25 1
a 110 46 0 42 9
a 110 161 0 31 6
a 110 9 0 25 4
a 110 187 0 26 9
a 115 178 0 25 9
a 115 48 0 25 6
a 115 46 0 31 7
a 115 107 0 19 7
a 115 174 0 22 1
a 116 100 0 25 4
a 116 121 0 4 6
a 116 64 0 10 10
a 116 67 0 11 2
a 116 174 0 33 4
a 119 29 0 25 7
a 119 158 0 32 2
a 119 87 0 17 8
a 123 143 0 25 5
a 123 65 0 1 1
a 123 152 0 18 3
a 124 190 0 25 5
a 124 150 0 5 3
a 124 114 0 37 3
a 125 133 0 25 4
a 125 70 0 41 10
a 125 7 0 18 8
a 125 95 0 39 10
a 125 26 0 29 3
a 125 92 0 24 8
a 126 54 0 25 6
a 126 17 0 15 9
a 126 3 0 34 8
a 126 16 0 0 4
a 127 103 0 25 4
a 127 86 0 12 3
a 127 54 0 45 10
a 127 106 0 23 9
a 129 7 0 25 1
a 129 197 0 25 9
a 129 96 0 23 8
a 129 118 0 25 5
a 131 116 0 25 5
a 131 83 0 1 3
a 131 177 0 48 2
a 132 80 0 25 9
a 132 194 0 41 7
a 132 186 0 8 9
a 133 200 0 25 6
a 133 57 0 30 7
a 133 122 0 34 8
a 133 106 0 15 6
a 143 36 0 25 6
a 143 59 0 14 9
a 143 109 0 47 4
a 143 197 0 33 5
a 143 145 0 36 10
a 143 165 0 37 1
a 144 26 0 25 2
a 144 114 0 33 10
a 144 191 0 50 9
a 144 119 0 31 9
a 144 193 0 39 5
a 145 104 0 25 9
a 145 33 0 41 8
a 145 194 0 11 2
a 149 152 0 25 10
a 149 26 0 14 3
a 149 86 0 2 9
a 149 52 0 17 1
a 149 94 0 2 2
a 150 119 0 25 2
a 150 88 0 10 1
a 150 199 0 13 9
a 150 152 0 23 2
a 150 104 0 6 10
a 152 155 0 25 1
a 152 55 0 1 7
a 152 102 0 34 5
a 152 154 0 4 8
a 154 79 0 25 2
a 154 173 0 16 6
a 154 123 0 15 10
a 154 171 0 28 6
a 154 90 0 43 1
a 154 104 0 14 10
a 155 156 0 25 5
a 155 14 0 4 6
a 155 180 0 5 7
a 155 172 0 13 10
a 155 195 0 44 5
a 155 80 0 43 6
a 156 71 0 25 8
a 156 200 0 44 5
a 156 47 0 17 8
a 158 62 0 25 10
a 158 193 0 4 1
a 159 132 0 25 8
a 159 61 0 26 2
a 159 103 0 43 7
a 159 4 0 30 9
a 159 161 0 26 2
a 159 141 0 1 3
a 160 189 0 25 5
a 160 161 0 32 2
a 160 46 0 10 9
a 160 163 0 36 9
a 161 92 0 25 3
a 161 179 0 44 6
a 161 60 0 15 7
a 161 137 0 24 4
a 161 174 0 46 4
a 163 31 0 25 2
a 163 136 0 21 1
a 163 74 0 15 1
a 163 57 0 31 5
a 165 59 0 25 8
a 165 151 0 48 6
a 165 74 0 36 4
a 166 48 0 25 1
a 166 67 0 5 1
a 166 114 0 14 10
a 166 94 0 28 6
a 166 15 0 28 3
a 167 176 0 25 8
a 167 93 0 6 4
a 167 154 0 47 7
a 168 167 0 25 4
a 168 97 0 5 8
a 169 82 0 25 5
a 169 86 0 41 10
a 169 84 0 4 8
a 174 74 0 25 5
a 174 106 0 17 6
a 175 161 0 25 1
a 175 143 0 9 3
a 175 33 0 33 1
a 176 20 0 25 6
a 176 144 0 47 10
a 176 39 0 43 2
a 176 114 0 3 3
a 178 89 0 25 3
a 178 199 0 25 6
a 178 135 0 48 2
a 178 16 0 40 3
a 181 168 0 25 1
a 181 100 0 8 4
a 181 89 0 2 7
a 181 122 0 40 2
a 182 166 0 25 8
a 182 191 0 3 6
a 183 53 0 25 3
a 183 4 0 9 2
a 183 111 0 6 6
a 183 12 0 43 4
a 183 106 0 28 7
a 183 39 0 31 10
a 184 182 0 25 7
a 184 148 0 22 8
a 184 198 0 35 8
a 185 124 0 25 2
a 185 145 0 45 5
a 185 39 0 6 5
a 187 81 0 25 2
a 187 157 0 5 10
a 187 33 0 1 8
a 187 122 0 25 4
a 189 149 0 25 4
a 189 158 0 18 6
a 189 73 0 32 2
a 190 175 0 25 5
a 190 133 0 26 5
a 190 17 0 21 6
a 192 169 0 25 2
a 192 153 0 35 4
a 192 35 0 22 9
a 195 55 0 25 9
a 195 193 0 41 7
a 197 129 0 25 9
a 197 163 0 17 5
a 197 120 0 17 3
a 197 66 0 2 9
a 197 165 0 13 3
a 197 150 0 9 7
