c PyNETGEN v1.0.0
c $ pip install pynetgen
c
c  NETGEN flow network generation algorithm
c  Problem input parameters
c  -------------------------------------
c   Random seed:          11
c   Number of nodes:      200
c   Source nodes:         2
c   Sink nodes:           2
c   Number of arcs:       800
c   Minimum arc cost:     1
c   Maximum arc cost:     10
c   Total supply:         50
c   Transshipment -
c     Sources:            0
c     Sinks:              0
c   Skeleton arcs -
c     With max cost:      0
c     Capacitated:        100
c   Minimum arc capacity: 0
c   Maximum arc capacity: 50
c
c  *** Minimum cost flow ***
c
p min 200 800
n 1 25
n 2 25
n 199 -21
n 200 -29
a 1 137 0 25 7
a 1 181 0 2 1
a 1 184 0 8 1
a 1 17 0 49 5
a 1 158 0 11 5
a 1 35 0 7 9
a 7 172 0 25 8
a 7 112 0 38 2
a 7 32 0 38 1
a 7 44 0 8 6
a 7 152 0 31 6
a 7 138 0 46 3
a 7 178 0 49 4
a 8 159 0 25 1
a 8 108 0 19 7
a 8 109 0 32 6
a 8 43 0 32 2
a 8 70 0 43 1
a 8 63 0 47 5
a 9 20 0 25 4
a 9 188 0 44 9
a 9 87 0 42 1
a 9 50 0 4 7
a 9 17 0 27 5
a 11 116 0 25 6
a 11 105 0 28 3
a 11 171 0 11 10
a 11 166 0 39 1
a 11 159 0 36 3
a 13 8 0 25 8
a 13 16 0 40 5
a 13 55 0 4 10
a 13 69 0 42 4
a 18 53 0 25 2
a 18 73 0 25 9
a 18 162 0 11 1
a 20 72 0 25 4
a 20 77 0 39 1
a 20 13 0 43 3
a 20 11 0 29 2
a 20 153 0 45 10
a 20 58 0 18 3
a 23 81 0 25 10
a 23 53 0 44 5
a 23 171 0 32 9
a 23 6 0 18 6
a 23 42 0 27 7
a 23 62 0 27 9
a 25 101 0 25 6
a 25 52 0 31 3
a 25 88 0 22 7
a 25 144 0 45 8
a 25 196 0 19 3
a 25 167 0 17 8
a 26 173 0 25 6
a 26 128 0 36 4
a 26 5 0 22 4
a 26 8 0 9 8
a 26 51 0 3 7
a 28 97 0 25 10
a 28 6 0 33 8
a 29 36 0 25 2
a 29 183 0 26 7
a 29 71 0 27 2
a 32 191 0 25 8
a 32 52 0 34 1
a 32 98 0 36 6
a 34 29 0 25 7
a 34 151 0 7 4
a 34 36 0 27 1
a 34 171 0 8 6
a 35 7 0 25 9
a 35 105 0 28 5
a 35 192 0 5 10
a 35 5 0 15 3
a 35 191 0 20 5
a 35 31 0 18 10
a 36 128 0 25 2
a 36 142 0 35 4
a 36 150 0 22 8
a 36 97 0 22 5
a 37 178 0 25 2
a 37 172 0 21 4
a 37 199 0 36 7
a 37 122 0 6 6
a 37 68 0 14 10
a 37 63 0 44 8
a 39 149 0 25 5
a 39 109 0 50 2
a 39 155 0 0 8
a 39 38 0 1 9
a 39 54 0 39 9
a 39 185 0 48 8
a 42 48 0 25 7
a 42 187 0 7 10
a 42 37 0 43 9
a 42 71 0 47 9
a 43 152 0 25 1
a 43 172 0 8 5
a 43 130 0 16 5
a 43 102 0 43 9
a 43 151 0 50 3
a 45 146 0 25 5
a 45 13 0 33 2
a 45 41 0 10 2
a 48 113 0 25 4
a 48 73 0 2 4
a 48 161 0 8 2
a 48 149 0 12 2
a 50 133 0 25 2
a 50 16 0 8 3
a 51 200 0 25 2
a 51 91 0 25 6
a 51 56 0 31 8
a 51 65 0 18 8
a 51 86 0 29 2
a 51 111 0 43 7
a 53 140 0 25 5
a 53 57 0 20 9
a 53 72 0 39 2
a 53 100 0 15 8
a 55 131 0 25 7
a 55 171 0 47 3
a 55 70 0 19 5
a 55 190 0 15 3
a 61 35 0 25 3
a 61 144 0 1 9
a 61 62 0 10 8
a 61 56 0 43 3
a 61 76 0 42 5
a 61 195 0 22 2
a 62 13 0 25 3
a 62 81 0 32 10
a 62 36 0 14 10
a 62 187 0 17 5
a 62 32 0 44 9
a 65 123 0 25 9
a 65 175 0 8 2
a 68 87 0 25 2
a 68 154 0 32 3
a 68 90 0 47 6
a 68 117 0 37 6
a 68 168 0 29 9
a 70 129 0 25 8
a 70 7 0 40 5
a 70 173 0 26 5
a 70 190 0 37 5
a 71 82 0 25 9
a 71 175 0 18 6
a 71 194 0 40 7
a 72 168 0 25 4
a 72 81 0 8 9
a 73 175 0 25 5
a 73 134 0 31 4
a 73 199 0 18 8
a 73 159 0 32 3
a 73 4 0 1 3
a 73 72 0 12 4
a 75 126 0 25 6
a 75 17 0 45 7
a 75 186 0 39 9
a 76 28 0 25 10
a 76 109 0 16 2
a 76 54 0 43 2
a 77 73 0 25 8
a 77 42 0 27 2
a 77 63 0 21 4
a 77 196 0 49 3
a 77 185 0 47 5
a 77 78 0 1 8
a 78 145 0 25 1
a 78 63 0 3 9
a 78 19 0 43 6
a 80 106 0 25 10
a 80 47 0 10 9
a 80 68 0 8 2
a 81 32 0 25 1
a 81 83 0 46 3
a 81 102 0 27 2
a 81 137 0 4 8
a 82 169 0 25 9
a 82 100 0 10 4
a 82 38 0 7 2
a 82 65 0 49 8
a 82 168 0 8 9
a 82 185 0 6 7
a 84 142 0 25 4
a 84 118 0 5 8
a 84 100 0 33 2
a 84 172 0 33 6
a 84 146 0 32 5
a 84 23 0 13 1
a 87 39 0 25 9
a 87 171 0 9 7
a 87 33 0 20 1
a 87 83 0 5 3
a 89 163 0 25 8
a 89 103 0 45 1
a 91 136 0 25 4
a 91 69 0 38 1
a 91 21 0 32 3
a 91 196 0 35 9
a 91 29 0 31 2
a 92 151 0 25 9
a 92 111 0 1 1
a 97 157 0 25 3
a 97 188 0 46 4
a 97 86 0 23 5
a 97 144 0 29 4
a 97 65 0 47 9
a 98 18 0 25 2
a 98 5 0 22 5
a 99 34 0 25 1
a 99 27 0 0 2
a 99 186 0 13 7
a 99 122 0 18 9
a 101 120 0 25 6
a 101 172 0 27 7
a 101 48 0 24 6
a 101 113 0 47 5
a 102 184 0 25 4
a 102 92 0 22 8
a 106 141 0 25 6
a 106 197 0 8 6
a 106 52 0 24 5
a 109 45 0 25 2
a 109 20 0 26 4
a 109 70 0 10 5
a 109 16 0 5 9
a 109 143 0 32 1
a 113 62 0 25 9
a 113 81 0 15 2
a 113 11 0 42 1
a 115 11 0 25 8
a 115 128 0 0 7
a 115 199 0 8 6
a 116 124 0 25 7
a 116 170 0 19 2
a 116 38 0 40 8
a 116 109 0 26 5
a 116 54 0 26 5
a 118 80 0 25 5
a 118 86 0 12 2
a 118 178 0 39 1
a 120 84 0 25 2
a 120 24 0 4 1
a 122 98 0 25 2
a 122 130 0 44 3
a 122 119 0 20 1
a 122 50 0 48 8
a 123 118 0 25 10
a 123 119 0 1 7
a 123 134 0 9 3
a 124 9 0 25 2
a 124 41 0 24 10
a 126 186 0 25 10
a 126 46 0 48 5
a 126 196 0 34 2
a 126 109 0 43 2
a 126 34 0 42 5
a 128 23 0 25 1
a 128 39 0 20 5
a 129 75 0 25 3
a 129 130 0 39 6
a 129 144 0 14 6
a 131 25 0 25 2
a 131 84 0 19 9
a 131 48 0 0 8
a 131 63 0 41 3
a 131 73 0 41 2
a 131 6 0 27 9
a 131 11 0 29 3
a 133 135 0 25 9
a 133 33 0 50 2
a 133 87 0 4 8
a 133 170 0 28 8
a 133 112 0 36 8
a 133 136 0 25 9
a 135 68 0 25 9
a 135 23 0 32 5
a 135 9 0 27 4
a 135 25 0 26 9
a 135 7 0 39 10
a 135 53 0 18 10
a 136 71 0 25 7
a 136 63 0 1 8
a 136 195 0 10 6
a 136 76 0 7 10
a 137 76 0 25 3
a 137 35 0 18 10
a 137 152 0 36 8
a 140 174 0 25 3
a 140 190 0 26 4
a 140 122 0 39 2
a 140 8 0 9 4
a 140 196 0 25 10
a 141 26 0 25 2
a 141 196 0 38 1
a 142 156 0 25 1
a 142 113 0 48 10
a 142 99 0 27 6
a 142 131 0 50 10
a 142 6 0 30 1
a 145 99 0 25 1
a 145 137 0 26 7
a 145 110 0 33 10
a 145 25 0 16 1
a 145 4 0 40 2
a 145 119 0 46 2
a 146 70 0 25 9
a 146 175 0 19 6
a 146 111 0 38 3
a 146 75 0 20 2
a 149 115 0 25 4
a 149 137 0 3 8
a 149 23 0 45 6
a 149 39 0 33 5
a 151 55 0 25 10
a 151 119 0 37 7
a 151 9 0 27 5
a 151 127 0 10 3
a 151 193 0 23 6
a 151 157 0 23 2
a 152 65 0 25 4
a 152 53 0 24 10
a 153 109 0 25 1
a 153 19 0 28 4
a 153 89 0 21 4
a 153 25 0 13 1
a 154 43 0 25 2
a 154 173 0 28 10
a 154 54 0 32 8
a 154 184 0 21 10
a 154 128 0 32 7
a 156 51 0 25 10
a 156 158 0 9 3
a 157 37 0 25 4
a 157 160 0 42 6
a 157 147 0 1 4
a 157 114 0 5 6
a 159 102 0 25 5
a 159 199 0 11 5
a 159 16 0 36 5
a 159 173 0 22 5
a 159 189 0 38 7
a 163 177 0 25 1
a 163 84 0 4 10
a 163 139 0 38 3
a 168 154 0 25 5
a 168 182 0 30 8
a 168 55 0 22 9
a 169 199 0 25 8
a 169 68 0 8 7
a 169 6 0 31 4
a 169 187 0 50 1
a 169 60 0 49 9
a 169 141 0 17 7
a 171 61 0 25 7
a 171 108 0 46 6
a 172 92 0 25 9
a 172 20 0 19 7
a 172 90 0 23 3
a 172 32 0 24 3
a 172 121 0 21 6
a 173 89 0 25 4
a 173 30 0 6 6
a 173 23 0 8 4
a 173 128 0 37 8
a 174 42 0 25 3
a 174 70 0 0 1
a 174 143 0 19 3
a 175 122 0 25 2
a 175 194 0 35 9
a 175 27 0 39 5
a 175 112 0 21 1
a 177 171 0 25 4
a 177 45 0 46 8
a 177 42 0 9 5
a 177 182 0 20 8
a 177 52 0 14 8
a 178 78 0 25 9
a 178 32 0 15 8
a 184 50 0 25 5
a 184 200 0 35 7
a 184 113 0 20 4
a 184 78 0 0 2
a 184 85 0 31 3
a 186 77 0 25 6
a 186 98 0 7 10
a 186 47 0 11 3
a 186 158 0 49 8
a 186 63 0 15 4
a 186 76 0 20 5
a 191 153 0 25 5
a 191 196 0 44 6
a 191 104 0 2 4
a 191 40 0 18 7
a 2 132 0 25 1
a 2 61 0 18 2
a 3 22 0 25 2
a 3 135 0 1 5
a 4 6 0 25 3
a 4 103 0 49 4
a 4 130 0 47 6
a 4 155 0 31 10
a 4 82 0 36 9
a 5 196 0 25 4
a 5 148 0 39 10
a 5 158 0 42 3
a 6 31 0 25 3
a 6 116 0 1 4
a 6 11 0 1 2
a 6 54 0 48 7
a 10 58 0 25 7
a 10 132 0 5 5
a 10 192 0 21 4
a 10 113 0 9 4
a 10 24 0 28 9
a 10 182 0 6 9
a 12 88 0 25 6
a 12 175 0 7 5
a 12 30 0 2 10
a 12 104 0 7 1
a 12 110 0 32 6
a 14 164 0 25 4
a 14 167 0 50 1
a 14 179 0 12 3
a 14 172 0 39 2
a 14 173 0 16 10
a 15 96 0 25 5
a 15 173 0 0 2
a 15 87 0 27 8
a 15 199 0 8 10
a 16 66 0 25 5
a 16 38 0 24 9
a 16 35 0 36 5
a 16 128 0 41 1
a 17 100 0 25 7
a 17 5 0 18 8
a 17 79 0 0 1
a 19 182 0 25 5
a 19 167 0 4 4
a 19 29 0 30 3
a 21 138 0 25 5
a 21 79 0 40 3
a 21 116 0 39 10
a 21 187 0 2 9
a 22 179 0 25 6
a 22 132 0 42 5
a 22 70 0 40 10
a 24 187 0 25 7
a 24 45 0 19 4
a 24 133 0 25 1
a 24 114 0 9 2
a 24 183 0 45 1
a 27 79 0 25 8
a 27 162 0 11 1
a 27 152 0 34 1
a 27 20 0 25 10
a 27 70 0 7 6
a 30 114 0 25 3
a 30 62 0 5 1
a 31 46 0 25 10
a 31 52 0 20 9
a 31 69 0 10 7
a 31 41 0 6 3
a 33 193 0 25 3
a 33 163 0 31 9
a 33 143 0 48 5
a 33 180 0 28 2
a 33 168 0 8 8
a 33 131 0 49 4
a 38 94 0 25 2
a 38 191 0 45 3
a 38 101 0 48 1
a 38 106 0 12 3
a 38 184 0 36 3
a 40 107 0 25 1
a 40 73 0 43 10
a 40 199 0 25 6
a 41 161 0 25 8
a 41 112 0 40 8
a 41 46 0 31 9
a 41 42 0 22 1
a 44 183 0 25 4
a 44 75 0 7 10
a 44 123 0 0 7
a 46 160 0 25 2
a 46 146 0 38 6
a 46 144 0 18 3
a 46 100 0 11 8
a 46 120 0 15 4
a 47 95 0 25 1
a 47 141 0 45 8
a 47 101 0 2 5
a 47 27 0 21 2
a 47 134 0 44 3
a 49 158 0 25 9
a 49 114 0 1 8
a 49 4 0 47 6
a 49 73 0 7 9
a 49 36 0 17 1
a 49 131 0 17 1
a 52 54 0 25 7
a 52 99 0 32 3
a 52 170 0 4 8
a 52 107 0 48 3
a 54 148 0 25 3
a 54 55 0 17 6
a 54 125 0 8 9
a 54 103 0 11 6
a 54 36 0 42 3
a 54 171 0 31 4
a 56 111 0 25 3
a 56 194 0 1 7
a 56 155 0 41 1
a 57 127 0 25 6
a 57 151 0 18 8
a 57 181 0 45 1
a 57 150 0 30 8
a 58 105 0 25 5
a 58 38 0 14 3
a 59 104 0 25 4
a 59 13 0 11 6
a 59 38 0 46 2
a 60 167 0 25 4
a 60 143 0 17 5
a 60 196 0 10 7
a 60 3 0 49 10
a 60 6 0 32 2
a 60 128 0 50 3
a 63 56 0 25 3
a 63 158 0 5 3
a 64 180 0 25 7
a 64 35 0 25 4
a 64 116 0 15 6
a 64 147 0 39 8
a 66 195 0 25 7
a 66 89 0 40 6
a 66 144 0 36 9
a 66 130 0 15 4
a 67 16 0 25 1
a 67 68 0 3 8
a 67 115 0 50 9
a 67 170 0 43 2
a 69 190 0 25 1
a 69 144 0 21 10
a 69 85 0 3 4
a 69 10 0 20 4
a 69 18 0 31 2
a 69 100 0 11 9
a 74 134 0 25 10
a 74 11 0 4 7
a 79 110 0 25 10
a 79 76 0 32 10
a 79 151 0 34 10
a 83 4 0 25 3
a 83 107 0 37 8
a 83 56 0 33 2
a 85 189 0 25 6
a 85 194 0 21 5
a 85 115 0 28 9
a 85 65 0 3 6
a 85 191 0 17 9
a 85 43 0 29 6
a 86 150 0 25 1
a 86 57 0 32 6
a 86 42 0 47 8
a 86 178 0 33 6
a 86 20 0 7 7
a 86 184 0 15 2
a 88 165 0 25 4
a 88 52 0 38 10
a 88 12 0 8 4
a 90 112 0 25 1
a 90 110 0 42 9
a 90 152 0 32 7
a 93 125 0 25 7
a 93 170 0 16 8
a 93 101 0 47 9
a 93 151 0 29 8
a 94 198 0 25 7
a 94 149 0 25 5
a 95 155 0 25 5
a 95 166 0 10 1
a 95 86 0 47 3
a 96 38 0 25 2
a 96 102 0 24 9
a 100 60 0 25 9
a 100 156 0 47 4
a 100 168 0 32 5
a 100 51 0 39 8
a 100 142 0 47 6
a 103 185 0 25 7
a 103 62 0 15 1
a 103 68 0 37 1
a 103 34 0 44 2
a 103 133 0 45 1
a 103 148 0 47 1
a 104 166 0 25 4
a 104 188 0 38 9
a 104 3 0 26 1
a 105 74 0 25 3
a 105 199 0 11 2
a 105 144 0 0 6
a 105 143 0 30 9
a 105 181 0 48 4
a 105 62 0 27 2
a 107 24 0 25 9
a 107 91 0 8 2
a 108 17 0 25 4
a 108 94 0 43 5
a 108 101 0 42 5
a 110 44 0 25 1
a 110 197 0 36 6
a 110 167 0 4 8
a 111 90 0 25 1
a 111 46 0 14 9
a 112 117 0 25 7
a 112 18 0 38 3
a 114 12 0 25 2
a 114 75 0 8 1
a 114 6 0 25 6
a 114 108 0 43 6
a 114 79 0 4 8
a 117 176 0 25 9
a 117 134 0 30 6
a 119 147 0 25 1
a 119 173 0 6 5
a 121 103 0 25 6
a 121 11 0 18 4
a 121 116 0 23 5
a 125 15 0 25 1
a 125 14 0 18 2
a 125 63 0 34 7
a 125 94 0 19 6
a 125 77 0 37 9
a 125 13 0 35 4
a 125 147 0 41 8
a 127 41 0 25 2
a 127 164 0 4 9
a 127 118 0 48 9
a 127 70 0 24 6
a 127 111 0 25 1
a 127 115 0 21 3
a 127 14 0 19 9
a 130 181 0 25 4
a 130 37 0 46 7
a 130 166 0 11 7
a 132 52 0 25 4
a 132 84 0 28 3
a 132 34 0 3 7
a 132 15 0 20 4
a 134 200 0 25 4
a 134 33 0 25 2
a 134 42 0 42 2
a 134 129 0 15 1
a 134 106 0 47 8
a 138 64 0 25 1
a 138 29 0 6 1
a 139 49 0 25 4
a 139 149 0 10 6
a 139 126 0 28 9
a 139 24 0 46 6
a 139 198 0 46 6
a 139 180 0 39 6
a 139 114 0 34 5
a 143 40 0 25 1
a 143 24 0 48 4
a 143 16 0 16 8
a 143 8 0 16 9
a 143 138 0 12 10
a 143 140 0 14 2
a 143 186 0 8 9
a 144 170 0 25 7
a 144 181 0 13 2
a 144 189 0 26 8
a 144 179 0 31 10
a 147 85 0 25 1
a 147 94 0 49 9
a 147 119 0 43 4
a 147 149 0 38 10
a 148 3 0 25 5
a 148 130 0 41 5
a 148 96 0 40 6
a 150 21 0 25 9
a 150 23 0 12 7
a 155 67 0 25 8
a 155 14 0 13 1
a 155 24 0 40 4
a 155 99 0 12 10
a 158 30 0 25 10
a 158 175 0 31 1
a 158 118 0 36 2
a 158 60 0 7 7
a 160 194 0 25 9
a 160 131 0 37 7
a 160 200 0 9 10
a 160 106 0 35 8
a 161 27 0 25 2
a 161 168 0 50 2
a 161 60 0 10 10
a 161 123 0 8 4
a 161 172 0 42 5
a 162 108 0 25 2
a 162 71 0 38 9
a 164 59 0 25 1
a 164 23 0 36 7
a 164 9 0 22 9
a 164 109 0 12 9
a 165 57 0 25 7
a 165 126 0 30 4
a 166 47 0 25 3
a 166 76 0 31 2
a 166 175 0 23 3
a 166 23 0 26 2
a 166 171 0 5 1
a 167 86 0 25 5
a 167 45 0 47 5
a 167 55 0 45 5
a 170 192 0 25 1
a 170 142 0 48 4
a 176 197 0 25 4
a 176 64 0 37 8
a 176 8 0 31 1
a 176 73 0 36 1
a 179 144 0 25 9
a 179 12 0 2 8
a 179 49 0 34 10
a 179 122 0 48 3
a 179 149 0 40 8
a 179 106 0 50 8
a 179 28 0 29 6
a 180 93 0 25 2
a 180 110 0 48 10
a 180 139 0 38 5
a 181 188 0 25 6
a 181 194 0 11 1
a 181 73 0 7 5
a 181 48 0 12 7
a 181 178 0 6 7
a 182 10 0 25 7
a 182 120 0 40 1
a 182 199 0 37 7
a 182 54 0 21 10
a 183 63 0 25 7
a 183 122 0 37 4
a 183 123 0 42 6
a 183 116 0 33 3
a 183 102 0 36 7
a 183 159 0 25 3
a 183 21 0 43 4
a 185 143 0 25 7
a 185 200 0 36 10
a 185 80 0 45 7
a 185 102 0 21 10
a 185 165 0 17 2
a 187 119 0 25 9
a 187 99 0 48 9
a 187 179 0 22 2
a 187 141 0 29 3
a 188 14 0 25 1
a 188 136 0 8 5
a 189 199 0 25 1
a 189 18 0 42 3
a 189 44 0 15 9
a 189 5 0 6 3
a 189 84 0 1 8
a 190 139 0 25 6
a 190 73 0 47 2
a 190 126 0 8 6
a 190 97 0 27 4
a 190 197 0 31 8
a 190 53 0 11 1
a 192 162 0 25 3
a 192 69 0 16 10
a 192 76 0 12 10
a 193 83 0 25 4
a 193 86 0 8 1
a 193 123 0 32 3
a 194 121 0 25 6
a 194 183 0 45 1
a 194 99 0 25 6
a 194 12 0 35 4
a 195 19 0 25 1
a 195 117 0 24 3
a 195 180 0 47 8
a 195 17 0 4 8
a 195 49 0 26 8
a 195 146 0 7 6
a 196 69 0 25 6
a 196 124 0 6 5
a 196 136 0 4 9
a 197 130 0 25 8
a 197 163 0 44 6
a 197 73 0 32 1
a 198 5 0 25 2
a 198 60 0 13 6
a 198 119 0 34 9
a 198 24 0 25 3
