c PyNETGEN v1.0.0
c $ pip install pynetgen
c
c  NETGEN flow network generation algorithm
c  Problem input parameters
c  -------------------------------------
c   Random seed:          12
c   Number of nodes:      1000
c   Source nodes:         2
c   Sink nodes:           2
c   Number of arcs:       4000
c   Minimum arc cost:     1
c   Maximum arc cost:     10
c   Total supply:         50
c   Transshipment -
c     Sources:            0
c     Sinks:              0
c   Skeleton arcs -
c     With max cost:      0
c     Capacitated:        100
c   Minimum arc capacity: 0
c   Maximum arc capacity: 50
c
c  *** Minimum cost flow ***
c
p min 1000 4000
n 1 10
n 2 40
n 999 -24
n 1000 -26
a 1 889 0 10 6
a 1 920 0 0 5
a 1 699 0 23 1
a 1 101 0 19 5
a 1 995 0 9 8
a 1 523 0 14 10
a 3 817 0 10 4
a 3 868 0 31 3
a 3 646 0 17 7
a 3 808 0 21 3
a 4 391 0 10 5
a 4 350 0 48 2
a 6 101 0 10 2
a 6 19 0 3 3
a 6 546 0 3 2
a 6 233 0 26 10
a 6 852 0 7 5
a 7 33 0 10 9
a 7 973 0 42 8
a 7 881 0 47 2
a 7 204 0 10 10
a 7 104 0 16 3
a 7 587 0 36 8
a 7 695 0 36 3
a 8 266 0 10 1
a 8 736 0 14 3
a 8 696 0 39 2
a 8 107 0 18 1
a 8 990 0 33 2
a 8 816 0 7 10
a 8 400 0 45 9
a 13 368 0 10 6
a 13 728 0 50 5
a 13 856 0 42 9
a 13 114 0 46 4
a 13 492 0 9 7
a 13 755 0 28 8
a 14 614 0 10 3
a 14 863 0 17 4
a 14 541 0 42 2
a 14 599 0 28 2
a 14 474 0 18 1
a 15 571 0 10 7
a 15 811 0 29 2
a 15 347 0 27 9
a 15 768 0 12 6
a 16 247 0 10 10
a 16 511 0 45 4
a 16 346 0 46 7
a 16 504 0 49 7
a 18 146 0 10 8
a 18 784 0 39 4
a 18 844 0 9 4
a 18 615 0 37 1
a 18 458 0 43 7
a 18 919 0 46 4
a 20 968 0 10 9
a 20 836 0 6 3
a 20 98 0 21 3
a 20 891 0 12 6
a 20 387 0 45 3
a 22 219 0 10 4
a 22 253 0 40 7
a 22 949 0 36 5
a 22 432 0 39 8
a 22 135 0 32 10
a 22 467 0 35 10
a 25 764 0 10 10
a 25 69 0 29 1
a 25 387 0 22 1
a 25 997 0 27 2
a 25 904 0 24 4
a 27 772 0 10 9
a 27 734 0 5 1
a 27 912 0 14 9
a 32 137 0 10 10
a 32 524 0 22 1
a 32 630 0 29 3
a 33 482 0 10 4
a 33 972 0 47 4
a 33 751 0 15 10
a 33 985 0 34 7
a 33 560 0 30 4
a 33 786 0 38 8
a 36 519 0 10 4
a 36 664 0 43 8
a 36 718 0 30 5
a 37 388 0 10 2
a 37 806 0 8 1
a 37 61 0 33 10
a 38 285 0 10 4
a 38 90 0 3 9
a 39 876 0 10 6
a 39 716 0 0 8
a 39 465 0 11 6
a 39 936 0 12 4
a 39 921 0 49 1
a 41 274 0 10 2
a 41 229 0 23 3
a 41 812 0 0 4
a 41 675 0 48 2
a 41 132 0 26 8
a 41 400 0 4 10
a 44 286 0 10 9
a 44 251 0 7 2
a 44 545 0 0 6
a 44 770 0 49 8
a 44 826 0 45 4
a 44 169 0 38 8
a 45 660 0 10 6
a 45 543 0 1 6
a 45 63 0 43 8
a 47 732 0 10 6
a 47 737 0 6 3
a 47 978 0 4 4
a 47 230 0 38 3
a 47 915 0 11 4
a 48 227 0 10 6
a 48 902 0 19 7
a 48 675 0 19 8
a 48 595 0 2 8
a 48 292 0 9 9
a 50 696 0 10 6
a 50 849 0 37 7
a 51 763 0 10 1
a 51 842 0 28 5
a 51 982 0 3 5
a 51 649 0 1 6
a 51 43 0 33 4
a 51 810 0 8 9
a 52 913 0 10 3
a 52 26 0 18 7
a 52 12 0 44 3
a 53 499 0 10 2
a 53 639 0 35 1
a 53 997 0 21 2
a 53 229 0 2 9
a 56 814 0 10 9
a 56 384 0 46 5
a 56 960 0 48 10
a 57 588 0 10 2
a 57 421 0 46 7
a 57 873 0 44 4
a 57 712 0 9 3
a 57 887 0 22 8
a 57 270 0 9 9
a 60 985 0 10 7
a 60 9 0 7 7
a 60 276 0 15 2
a 60 340 0 35 8
a 60 489 0 38 4
a 62 225 0 10 7
a 62 758 0 34 4
a 62 137 0 25 8
a 62 651 0 18 3
a 63 598 0 10 2
a 63 678 0 42 8
a 63 584 0 21 5
a 63 287 0 41 6
a 65 671 0 10 8
a 65 308 0 40 9
a 65 419 0 19 6
a 65 338 0 47 3
a 67 317 0 10 8
a 67 433 0 9 1
a 69 894 0 10 3
a 69 742 0 47 2
a 69 645 0 47 7
a 69 537 0 33 1
a 72 392 0 10 6
a 72 263 0 32 7
a 74 924 0 10 1
a 74 955 0 3 7
a 74 521 0 48 5
a 74 370 0 10 9
a 74 562 0 17 8
a 74 446 0 8 8
a 76 439 0 10 10
a 76 431 0 7 2
a 76 418 0 33 10
a 76 325 0 48 2
a 76 15 0 9 6
a 80 190 0 10 7
a 80 441 0 6 10
a 80 495 0 33 1
a 81 898 0 10 1
a 81 525 0 38 2
a 81 529 0 6 7
a 81 179 0 31 2
a 83 1000 0 10 2
a 83 570 0 39 5
a 85 840 0 10 3
a 85 668 0 14 5
a 85 54 0 0 2
a 85 764 0 49 4
a 85 857 0 39 2
a 85 209 0 19 2
a 87 234 0 10 6
a 87 143 0 8 3
a 87 359 0 45 1
a 87 978 0 15 6
a 87 425 0 19 3
a 87 919 0 10 6
a 89 604 0 10 9
a 89 544 0 32 7
a 89 244 0 44 1
a 94 857 0 10 6
a 94 668 0 9 10
a 94 9 0 27 6
a 94 887 0 32 9
a 94 195 0 40 9
a 94 641 0 13 6
a 95 597 0 10 3
a 95 688 0 3 1
a 95 969 0 35 5
a 97 13 0 10 4
a 97 751 0 36 9
a 97 716 0 0 4
a 100 412 0 10 6
a 100 370 0 38 1
a 100 988 0 47 8
a 101 27 0 10 6
a 101 393 0 47 2
a 101 284 0 49 1
a 103 824 0 10 4
a 103 850 0 3 6
a 103 852 0 32 6
a 103 656 0 18 6
a 103 122 0 17 9
a 103 924 0 26 2
a 105 815 0 10 8
a 105 199 0 33 10
a 105 851 0 33 2
a 105 89 0 24 7
a 105 655 0 48 7
a 106 418 0 10 6
a 106 195 0 49 8
a 106 820 0 8 4
a 106 756 0 46 3
a 106 203 0 46 8
a 106 10 0 49 10
a 107 725 0 10 4
a 107 889 0 0 7
a 107 40 0 38 8
a 107 6 0 19 5
a 108 887 0 10 3
a 108 349 0 29 3
a 108 195 0 2 10
a 110 921 0 10 7
a 110 141 0 14 4
a 112 232 0 10 5
a 112 322 0 9 2
a 112 297 0 36 10
a 112 794 0 14 1
a 112 358 0 29 8
a 115 736 0 10 2
a 115 292 0 10 7
a 115 569 0 45 9
a 115 350 0 2 9
a 116 422 0 10 9
a 116 823 0 1 3
a 116 909 0 20 7
a 120 795 0 10 10
a 120 480 0 45 7
a 120 708 0 16 2
a 120 435 0 41 4
a 128 379 0 10 7
a 128 124 0 4 5
a 128 800 0 14 5
a 128 982 0 30 9
a 128 218 0 29 6
a 128 894 0 14 10
a 130 937 0 10 6
a 130 685 0 26 5
a 130 776 0 9 8
a 130 911 0 3 2
a 130 17 0 32 3
a 130 49 0 42 1
a 132 811 0 10 4
a 132 924 0 35 9
a 132 633 0 23 5
a 132 614 0 36 2
a 132 139 0 46 4
a 136 884 0 10 8
a 136 627 0 6 4
a 136 19 0 17 4
a 136 104 0 7 5
a 136 249 0 3 7
a 136 902 0 16 10
a 137 53 0 10 2
a 137 174 0 25 8
a 138 955 0 10 1
a 138 944 0 10 5
a 138 98 0 1 9
a 141 843 0 10 6
a 141 664 0 12 1
a 141 807 0 11 9
a 141 54 0 5 6
a 142 110 0 10 5
a 142 720 0 48 2
a 142 887 0 24 10
a 142 178 0 41 2
a 143 536 0 10 9
a 143 221 0 41 6
a 143 674 0 50 10
a 143 170 0 50 7
a 144 374 0 10 6
a 144 925 0 34 8
a 146 581 0 10 3
a 146 475 0 39 9
a 147 370 0 10 9
a 147 764 0 24 7
a 147 126 0 18 6
a 151 847 0 10 2
a 151 994 0 32 9
a 151 643 0 29 9
a 152 643 0 10 6
a 152 668 0 3 1
a 153 996 0 10 3
a 153 530 0 48 6
a 155 428 0 10 8
a 155 695 0 23 2
a 156 970 0 10 10
a 156 299 0 26 5
a 156 809 0 38 10
a 156 853 0 46 4
a 156 104 0 45 2
a 157 599 0 10 10
a 157 323 0 25 10
a 157 661 0 10 5
a 157 357 0 15 9
a 157 874 0 31 8
a 157 453 0 36 8
a 161 845 0 10 7
a 161 276 0 8 2
a 161 202 0 8 4
a 161 444 0 20 9
a 161 405 0 36 1
a 164 807 0 10 9
a 164 81 0 29 3
a 165 728 0 10 4
a 165 623 0 26 4
a 168 907 0 10 9
a 168 921 0 16 3
a 168 669 0 48 4
a 168 954 0 17 1
a 172 534 0 10 6
a 172 145 0 44 7
a 172 146 0 1 4
a 173 62 0 10 1
a 173 448 0 22 3
a 173 443 0 26 10
a 173 159 0 23 10
a 173 218 0 49 9
a 174 691 0 10 3
a 174 880 0 48 7
a 174 444 0 29 10
a 174 399 0 7 10
a 174 404 0 16 7
a 178 794 0 10 6
a 178 956 0 46 3
a 178 758 0 26 7
a 178 230 0 46 1
a 178 55 0 27 10
a 179 8 0 10 3
a 179 622 0 5 2
a 179 702 0 37 7
a 181 479 0 10 6
a 181 893 0 34 10
a 182 280 0 10 4
a 182 14 0 48 3
a 184 872 0 10 1
a 184 529 0 9 5
a 187 226 0 10 3
a 187 315 0 49 9
a 187 48 0 10 2
a 187 597 0 40 2
a 187 112 0 23 2
a 188 994 0 10 6
a 188 27 0 34 4
a 190 72 0 10 2
a 190 778 0 4 2
a 190 364 0 0 7
a 190 422 0 36 4
a 190 951 0 6 10
a 190 550 0 21 4
a 192 409 0 10 8
a 192 158 0 1 2
a 193 903 0 10 3
a 193 514 0 35 10
a 193 517 0 20 6
a 196 638 0 10 9
a 196 937 0 32 9
a 196 480 0 40 7
a 200 983 0 10 4
a 200 658 0 21 1
a 201 353 0 10 1
a 201 377 0 42 3
a 201 183 0 24 3
a 201 310 0 26 1
a 201 153 0 49 2
a 201 520 0 39 5
a 201 258 0 3 1
a 204 980 0 10 9
a 204 398 0 43 3
a 210 697 0 10 9
a 210 361 0 33 3
a 210 419 0 40 10
a 210 423 0 20 3
a 210 685 0 31 4
a 210 287 0 22 9
a 210 481 0 32 10
a 211 263 0 10 2
a 211 932 0 7 10
a 212 371 0 10 5
a 212 450 0 29 5
a 212 912 0 15 1
a 213 483 0 10 3
a 213 899 0 23 7
a 213 318 0 25 8
a 213 414 0 3 5
a 213 654 0 21 7
a 216 858 0 10 7
a 216 963 0 14 3
a 216 379 0 39 5
a 216 196 0 42 1
a 218 931 0 10 10
a 218 849 0 48 8
a 218 652 0 23 6
a 219 505 0 10 6
a 219 459 0 30 10
a 219 812 0 23 4
a 219 607 0 48 3
a 219 896 0 23 9
a 219 427 0 10 2
a 221 446 0 10 10
a 221 785 0 2 10
a 221 745 0 4 7
a 222 711 0 10 8
a 222 374 0 26 9
a 222 498 0 3 4
a 222 112 0 28 8
a 224 142 0 10 7
a 224 447 0 36 6
a 224 435 0 49 7
a 225 182 0 10 10
a 225 367 0 14 9
a 225 79 0 1 6
a 225 947 0 44 7
a 225 672 0 33 10
a 225 258 0 45 9
a 226 488 0 10 6
a 226 461 0 42 7
a 226 79 0 35 5
a 227 57 0 10 10
a 227 171 0 41 6
a 227 186 0 33 6
a 227 355 0 44 4
a 227 379 0 41 1
a 227 938 0 8 1
a 228 868 0 10 10
a 228 125 0 23 10
a 228 853 0 22 8
a 228 674 0 49 6
a 228 29 0 3 2
a 229 719 0 10 3
a 229 690 0 7 4
a 229 357 0 20 10
a 229 840 0 15 3
a 229 924 0 9 5
a 230 132 0 10 1
a 230 323 0 33 10
a 230 118 0 15 10
a 230 568 0 19 1
a 232 854 0 10 10
a 232 554 0 40 5
a 232 481 0 14 4
a 232 37 0 39 6
a 233 566 0 10 6
a 233 143 0 48 6
a 233 815 0 40 6
a 233 281 0 30 2
a 233 195 0 19 4
a 233 818 0 1 6
a 233 657 0 17 8
a 234 891 0 10 6
a 234 302 0 50 9
a 234 712 0 32 9
a 234 160 0 12 1
a 234 119 0 8 1
a 240 823 0 10 10
a 240 120 0 35 7
a 240 29 0 12 9
a 240 465 0 37 3
a 240 904 0 23 2
a 240 646 0 31 5
a 241 474 0 10 3
a 241 179 0 7 7
a 242 165 0 10 10
a 242 345 0 30 4
a 242 705 0 28 8
a 242 823 0 21 9
a 242 215 0 49 9
a 242 472 0 18 2
a 243 253 0 10 5
a 243 537 0 31 3
a 243 400 0 31 4
a 244 531 0 10 9
a 244 965 0 36 8
a 244 251 0 42 7
a 246 447 0 10 1
a 246 371 0 27 2
a 246 191 0 7 2
a 247 211 0 10 10
a 247 944 0 33 10
a 247 785 0 10 7
a 247 119 0 18 6
a 247 517 0 12 4
a 247 435 0 26 9
a 249 990 0 10 7
a 249 591 0 30 6
a 249 319 0 30 3
a 249 822 0 13 1
a 249 973 0 22 3
a 249 906 0 5 6
a 250 953 0 10 5
a 250 373 0 48 9
a 250 149 0 16 4
a 250 699 0 26 2
a 251 6 0 10 10
a 251 216 0 15 5
a 251 366 0 17 6
a 251 602 0 28 3
a 251 598 0 24 4
a 252 602 0 10 10
a 252 104 0 38 6
a 253 453 0 10 8
a 253 310 0 29 8
a 255 747 0 10 4
a 255 804 0 37 1
a 256 593 0 10 3
a 256 385 0 14 9
a 256 74 0 11 4
a 256 125 0 12 1
a 256 136 0 0 1
a 257 326 0 10 5
a 257 549 0 4 3
a 257 436 0 11 6
a 257 253 0 42 10
a 257 228 0 42 7
a 260 85 0 10 8
a 260 24 0 35 7
a 260 228 0 16 6
a 260 82 0 44 9
a 260 619 0 18 10
a 260 722 0 43 9
a 261 65 0 10 10
a 261 434 0 39 8
a 261 745 0 29 3
a 261 594 0 4 6
a 261 556 0 15 9
a 261 469 0 18 10
a 263 339 0 10 4
a 263 335 0 20 5
a 263 217 0 9 10
a 263 528 0 2 1
a 263 11 0 44 4
a 263 532 0 14 10
a 266 395 0 10 7
a 266 386 0 29 3
a 266 642 0 24 10
a 266 107 0 1 5
a 266 238 0 20 7
a 269 503 0 10 5
a 269 256 0 29 2
a 274 670 0 10 7
a 274 263 0 42 5
a 274 129 0 35 9
a 274 783 0 14 5
a 274 935 0 48 2
a 280 216 0 10 10
a 280 255 0 7 3
a 280 7 0 44 2
a 280 799 0 34 4
a 280 984 0 26 7
a 280 429 0 22 8
a 281 472 0 10 4
a 281 353 0 25 2
a 281 575 0 44 9
a 281 370 0 19 5
a 281 938 0 24 2
a 285 491 0 10 6
a 285 345 0 2 2
a 285 264 0 41 9
a 285 962 0 44 5
a 285 376 0 1 10
a 286 481 0 10 1
a 286 788 0 0 3
a 286 950 0 10 4
a 289 485 0 10 10
a 289 380 0 26 10
a 289 483 0 3 10
a 295 152 0 10 3
a 295 347 0 7 7
a 295 822 0 6 4
a 295 695 0 24 1
a 301 674 0 10 3
a 301 696 0 21 6
a 303 387 0 10 6
a 303 963 0 3 1
a 303 570 0 13 5
a 303 239 0 4 4
a 303 414 0 43 3
a 305 932 0 10 4
a 305 291 0 49 6
a 305 245 0 26 10
a 305 190 0 40 3
a 307 498 0 10 8
a 307 473 0 42 2
a 307 964 0 35 9
a 307 481 0 2 6
a 307 921 0 34 7
a 307 21 0 45 8
a 308 323 0 10 5
a 308 127 0 45 4
a 308 265 0 4 7
a 308 717 0 44 9
a 308 739 0 39 8
a 308 113 0 10 6
a 311 108 0 10 8
a 311 662 0 3 8
a 311 149 0 40 7
a 311 536 0 25 7
a 313 635 0 10 10
a 313 544 0 48 6
a 313 565 0 37 9
a 315 173 0 10 3
a 315 47 0 19 7
a 315 192 0 2 5
a 315 826 0 39 7
a 315 112 0 29 5
a 315 459 0 25 6
a 317 311 0 10 5
a 317 217 0 4 7
a 317 220 0 42 3
a 317 7 0 50 5
a 319 777 0 10 7
a 319 397 0 45 6
a 319 304 0 14 2
a 321 351 0 10 1
a 321 733 0 41 6
a 321 62 0 13 1
a 323 438 0 10 5
a 323 524 0 34 7
a 323 457 0 44 1
a 323 465 0 26 7
a 323 196 0 35 7
a 326 662 0 10 10
a 326 273 0 26 5
a 326 924 0 31 7
a 326 423 0 48 7
a 328 954 0 10 8
a 328 246 0 19 9
a 328 605 0 18 8
a 328 71 0 49 7
a 333 307 0 10 2
a 333 433 0 16 7
a 333 964 0 31 8
a 333 884 0 47 4
a 333 709 0 45 2
a 333 874 0 44 2
a 336 977 0 10 1
a 336 912 0 16 7
a 338 244 0 10 7
a 338 677 0 19 8
a 338 535 0 24 1
a 338 175 0 16 4
a 338 53 0 29 8
a 339 213 0 10 2
a 339 810 0 39 7
a 339 59 0 43 9
a 339 663 0 25 1
a 339 931 0 25 2
a 341 765 0 10 2
a 341 592 0 48 5
a 341 382 0 35 8
a 341 131 0 9 9
a 341 455 0 21 10
a 343 904 0 10 10
a 343 167 0 42 10
a 343 415 0 27 7
a 343 390 0 47 5
a 343 279 0 17 8
a 343 350 0 25 5
a 345 321 0 10 1
a 345 19 0 42 9
a 345 601 0 21 10
a 345 435 0 14 4
a 346 20 0 10 5
a 346 813 0 39 5
a 348 720 0 10 8
a 348 159 0 45 8
a 348 824 0 42 3
a 348 962 0 44 2
a 349 39 0 10 6
a 349 976 0 41 8
a 349 502 0 6 3
a 349 121 0 3 3
a 349 924 0 2 9
a 349 939 0 16 5
a 351 95 0 10 10
a 351 117 0 15 6
a 351 205 0 2 6
a 352 489 0 10 3
a 352 632 0 46 10
a 352 416 0 6 3
a 352 55 0 28 6
a 353 451 0 10 2
a 353 357 0 2 2
a 353 645 0 29 2
a 355 372 0 10 5
a 355 297 0 49 2
a 358 620 0 10 3
a 358 892 0 28 7
a 358 907 0 20 1
a 358 976 0 24 5
a 360 41 0 10 3
a 360 315 0 0 10
a 360 156 0 9 5
a 360 991 0 24 6
a 360 642 0 47 8
a 363 83 0 10 2
a 363 822 0 8 3
a 363 999 0 3 10
a 363 819 0 46 2
a 364 944 0 10 3
a 364 11 0 35 8
a 364 735 0 0 7
a 365 364 0 10 8
a 365 323 0 3 9
a 365 80 0 17 2
a 365 692 0 9 6
a 365 321 0 37 1
a 365 304 0 7 1
a 366 143 0 10 9
a 366 407 0 3 9
a 366 484 0 6 9
a 366 917 0 10 1
a 367 128 0 10 1
a 367 80 0 10 8
a 368 591 0 10 2
a 368 9 0 36 5
a 369 605 0 10 10
a 369 38 0 25 5
a 369 349 0 5 6
a 370 378 0 10 5
a 370 701 0 20 1
a 370 117 0 20 3
a 370 228 0 22 6
a 370 648 0 44 1
a 370 80 0 10 2
a 371 668 0 10 1
a 371 302 0 3 9
a 371 677 0 29 1
a 372 269 0 10 7
a 372 354 0 46 9
a 372 357 0 17 10
a 372 746 0 42 7
a 372 793 0 34 6
a 373 910 0 10 2
a 373 934 0 0 2
a 373 719 0 33 3
a 373 165 0 49 4
a 374 859 0 10 6
a 374 991 0 10 10
a 374 201 0 36 3
a 374 117 0 29 1
a 374 576 0 47 4
a 376 432 0 10 6
a 376 976 0 15 4
a 376 715 0 5 5
a 378 7 0 10 3
a 378 31 0 1 8
a 379 37 0 10 3
a 379 462 0 37 3
a 379 298 0 49 2
a 379 569 0 29 6
a 383 842 0 10 8
a 383 480 0 2 3
a 383 828 0 41 8
a 387 938 0 10 9
a 387 712 0 38 7
a 388 947 0 10 9
a 388 158 0 38 9
a 388 262 0 39 2
a 388 179 0 33 10
a 388 887 0 39 4
a 389 896 0 10 4
a 389 349 0 45 5
a 390 187 0 10 6
a 390 317 0 31 10
a 390 345 0 46 2
a 390 515 0 14 5
a 390 85 0 3 7
a 391 521 0 10 7
a 391 174 0 19 4
a 391 160 0 43 1
a 391 832 0 43 2
a 392 836 0 10 6
a 392 253 0 18 8
a 392 855 0 2 3
a 392 872 0 33 3
a 392 255 0 14 6
a 392 596 0 14 8
a 395 863 0 10 5
a 395 94 0 41 5
a 395 146 0 30 3
a 395 607 0 23 4
a 395 419 0 12 9
a 396 831 0 10 7
a 396 203 0 46 7
a 399 240 0 10 10
a 399 591 0 28 9
a 399 166 0 23 9
a 399 542 0 19 5
a 399 857 0 40 5
a 399 834 0 0 1
a 402 106 0 10 9
a 402 921 0 14 3
a 402 501 0 7 7
a 404 433 0 10 8
a 404 226 0 16 9
a 404 572 0 46 8
a 404 135 0 44 6
a 404 506 0 23 10
a 405 678 0 10 9
a 405 696 0 22 10
a 405 352 0 40 9
a 405 276 0 22 10
a 406 551 0 10 2
a 406 830 0 17 4
a 406 633 0 40 3
a 407 585 0 10 5
a 407 887 0 31 1
a 407 933 0 24 5
a 407 627 0 27 3
a 407 800 0 50 4
a 409 212 0 10 10
a 409 654 0 26 9
a 409 568 0 0 10
a 412 830 0 10 3
a 412 611 0 44 1
a 412 556 0 37 1
a 418 155 0 10 6
a 418 460 0 31 9
a 418 752 0 3 8
a 418 256 0 46 3
a 418 934 0 5 5
a 420 779 0 10 10
a 420 654 0 47 9
a 422 48 0 10 8
a 422 184 0 15 9
a 422 911 0 35 8
a 422 875 0 14 1
a 422 765 0 7 5
a 422 751 0 46 4
a 424 441 0 10 6
a 424 93 0 17 7
a 425 801 0 10 7
a 425 718 0 39 10
a 425 985 0 41 5
a 425 986 0 43 9
a 425 74 0 22 9
a 425 124 0 15 10
a 428 366 0 10 3
a 428 860 0 17 4
a 428 543 0 35 4
a 429 255 0 10 8
a 429 416 0 31 7
a 429 993 0 30 7
a 429 672 0 45 1
a 432 860 0 10 3
a 432 914 0 11 2
a 432 538 0 17 1
a 432 212 0 6 3
a 432 336 0 34 5
a 432 942 0 17 1
a 433 261 0 10 4
a 433 431 0 2 8
a 433 668 0 36 1
a 433 977 0 41 2
a 433 717 0 42 7
a 434 908 0 10 5
a 434 661 0 42 8
a 434 966 0 14 6
a 434 474 0 15 5
a 434 914 0 11 3
a 438 528 0 10 10
a 438 489 0 13 3
a 438 776 0 47 9
a 438 595 0 44 3
a 438 542 0 0 9
a 438 929 0 26 10
a 439 781 0 10 7
a 439 976 0 32 4
a 439 304 0 30 7
a 439 327 0 9 8
a 439 738 0 11 10
a 439 354 0 24 7
a 441 943 0 10 7
a 441 171 0 33 8
a 441 161 0 49 3
a 441 748 0 44 6
a 441 788 0 11 2
a 446 229 0 10 5
a 446 900 0 45 9
a 446 616 0 3 4
a 446 875 0 33 2
a 446 206 0 13 6
a 447 564 0 10 7
a 447 606 0 22 10
a 447 498 0 29 3
a 447 321 0 40 6
a 447 235 0 19 6
a 448 681 0 10 3
a 448 959 0 32 6
a 448 319 0 38 8
a 448 517 0 42 3
a 449 710 0 10 3
a 449 275 0 34 2
a 449 717 0 3 10
a 451 452 0 10 5
a 451 356 0 45 6
a 451 278 0 42 2
a 451 157 0 17 1
a 451 992 0 31 4
a 451 282 0 46 1
a 452 870 0 10 1
a 452 658 0 11 10
a 452 33 0 31 5
a 452 274 0 16 6
a 452 300 0 10 7
a 453 832 0 10 6
a 453 715 0 33 10
a 453 51 0 33 1
a 453 58 0 47 3
a 459 992 0 10 8
a 459 141 0 4 8
a 459 521 0 5 9
a 459 244 0 22 8
a 459 44 0 29 7
a 459 862 0 41 7
a 460 289 0 10 6
a 460 995 0 23 9
a 460 847 0 19 1
a 460 312 0 10 9
a 460 444 0 0 1
a 460 771 0 40 9
a 462 241 0 10 2
a 462 689 0 25 8
a 463 669 0 10 9
a 463 708 0 29 7
a 463 837 0 24 3
a 463 711 0 20 4
a 463 72 0 43 6
a 463 625 0 29 6
a 466 627 0 10 8
a 466 785 0 25 7
a 466 633 0 7 9
a 466 844 0 30 9
a 466 63 0 19 7
a 466 18 0 38 9
a 468 136 0 10 9
a 468 500 0 0 5
a 468 905 0 36 9
a 468 214 0 42 7
a 468 13 0 41 6
a 468 278 0 46 6
a 469 246 0 10 6
a 469 729 0 16 10
a 469 208 0 5 6
a 472 112 0 10 7
a 472 877 0 44 9
a 472 527 0 38 6
a 472 379 0 4 10
a 473 882 0 10 5
a 473 613 0 4 6
a 473 530 0 32 1
a 474 56 0 10 1
a 474 786 0 36 5
a 474 494 0 29 6
a 474 725 0 31 9
a 474 967 0 9 4
a 474 335 0 5 8
a 475 617 0 10 5
a 475 494 0 15 5
a 475 542 0 16 1
a 476 308 0 10 9
a 476 13 0 31 3
a 478 407 0 10 7
a 478 460 0 45 1
a 478 199 0 47 6
a 479 723 0 10 4
a 479 752 0 25 6
a 481 785 0 10 8
a 481 338 0 43 5
a 481 336 0 2 5
a 481 719 0 28 1
a 481 14 0 9 9
a 481 888 0 5 1
a 482 144 0 10 3
a 482 56 0 6 5
a 482 427 0 24 5
a 483 179 0 10 4
a 483 430 0 11 3
a 483 705 0 27 4
a 483 926 0 19 7
a 485 475 0 10 7
a 485 809 0 2 4
a 486 257 0 10 3
a 486 496 0 38 4
a 486 222 0 34 3
a 486 231 0 17 5
a 486 804 0 40 10
a 488 32 0 10 2
a 488 330 0 31 5
a 488 260 0 49 4
a 488 665 0 9 5
a 489 138 0 10 5
a 489 225 0 45 1
a 489 804 0 1 3
a 491 539 0 10 4
a 491 137 0 32 7
a 491 390 0 21 1
a 491 535 0 43 5
a 494 60 0 10 8
a 494 968 0 5 2
a 494 757 0 8 7
a 498 988 0 10 1
a 498 503 0 19 10
a 498 47 0 8 3
a 498 775 0 16 7
a 499 406 0 10 7
a 499 556 0 34 1
a 499 91 0 20 4
a 499 446 0 11 3
a 499 986 0 22 2
a 499 253 0 27 9
a 500 168 0 10 1
a 500 579 0 18 9
a 500 844 0 30 10
a 500 128 0 41 8
a 500 701 0 27 3
a 500 615 0 0 9
a 501 762 0 10 10
a 501 477 0 27 1
a 501 372 0 39 6
a 503 658 0 10 9
a 503 36 0 0 7
a 503 366 0 37 10
a 503 843 0 22 1
a 503 23 0 24 7
a 503 429 0 22 4
a 504 373 0 10 4
a 504 209 0 45 5
a 504 952 0 50 5
a 504 426 0 4 6
a 504 811 0 1 6
a 504 939 0 30 6
a 505 328 0 10 10
a 505 59 0 40 7
a 505 907 0 2 10
a 505 702 0 41 8
a 505 614 0 8 7
a 506 544 0 10 9
a 506 299 0 26 5
a 506 524 0 2 8
a 506 370 0 11 8
a 506 300 0 37 3
a 508 899 0 10 4
a 508 557 0 43 7
a 508 687 0 41 9
a 508 989 0 40 5
a 508 844 0 10 9
a 508 120 0 36 10
a 512 853 0 10 2
a 512 401 0 12 1
a 512 661 0 14 9
a 513 45 0 10 5
a 513 202 0 37 1
a 513 992 0 26 7
a 513 9 0 20 3
a 513 589 0 7 3
a 516 774 0 10 7
a 516 999 0 10 8
a 516 154 0 29 3
a 516 60 0 25 2
a 516 217 0 42 10
a 517 816 0 10 4
a 517 399 0 24 10
a 517 545 0 13 9
a 517 195 0 2 4
a 517 220 0 43 8
a 517 237 0 29 3
a 519 200 0 10 9
a 519 575 0 26 8
a 520 44 0 10 6
a 520 735 0 12 7
a 520 957 0 29 7
a 520 698 0 22 1
a 521 405 0 10 2
a 521 961 0 17 9
a 521 337 0 15 7
a 523 51 0 10 3
a 523 30 0 10 3
a 523 545 0 28 5
a 523 62 0 21 9
a 523 184 0 45 5
a 525 67 0 10 3
a 525 101 0 39 7
a 525 901 0 19 2
a 525 693 0 47 6
a 525 847 0 37 6
a 526 130 0 10 8
a 526 310 0 10 3
a 526 66 0 39 10
a 526 972 0 37 2
a 526 620 0 34 2
a 527 157 0 10 4
a 527 259 0 39 2
a 527 775 0 35 8
a 527 499 0 17 10
a 527 526 0 4 7
a 528 303 0 10 2
a 528 743 0 8 10
a 528 360 0 26 1
a 528 577 0 47 1
a 528 348 0 25 9
a 528 950 0 49 6
a 531 707 0 10 5
a 531 99 0 30 1
a 531 91 0 29 4
a 531 690 0 17 4
a 531 400 0 9 4
a 531 880 0 28 5
a 532 526 0 10 3
a 532 617 0 41 1
a 534 319 0 10 4
a 534 89 0 4 9
a 534 306 0 43 6
a 534 239 0 28 2
a 535 178 0 10 9
a 535 484 0 15 7
a 535 862 0 20 5
a 535 286 0 7 7
a 535 547 0 1 9
a 535 273 0 11 8
a 536 252 0 10 3
a 536 397 0 41 8
a 536 289 0 4 7
a 539 383 0 10 8
a 539 692 0 3 10
a 544 390 0 10 3
a 544 978 0 20 7
a 544 13 0 50 1
a 544 830 0 9 3
a 544 14 0 4 4
a 544 646 0 3 5
a 547 813 0 10 2
a 547 928 0 12 8
a 548 562 0 10 7
a 548 594 0 35 6
a 548 963 0 23 8
a 549 38 0 10 8
a 549 768 0 42 5
a 549 111 0 1 6
a 549 741 0 34 9
a 549 606 0 22 10
a 550 948 0 10 10
a 550 861 0 13 9
a 550 460 0 16 2
a 550 708 0 8 1
a 551 233 0 10 10
a 551 90 0 33 4
a 553 722 0 10 10
a 553 706 0 32 10
a 553 981 0 46 8
a 553 762 0 25 6
a 553 581 0 24 10
a 553 619 0 39 10
a 556 74 0 10 3
a 556 631 0 10 7
a 557 494 0 10 7
a 557 812 0 6 10
a 557 186 0 41 6
a 557 983 0 16 10
a 557 429 0 40 1
a 557 859 0 1 2
a 560 260 0 10 1
a 560 29 0 32 8
a 560 372 0 7 6
a 560 540 0 46 6
a 560 717 0 0 8
a 562 251 0 10 5
a 562 727 0 4 8
a 562 849 0 9 3
a 562 26 0 21 10
a 564 420 0 10 9
a 564 625 0 23 2
a 564 1000 0 39 4
a 564 65 0 7 10
a 565 912 0 10 2
a 565 942 0 6 9
a 565 576 0 13 8
a 566 434 0 10 6
a 566 387 0 41 5
a 566 454 0 6 10
a 566 113 0 19 2
a 567 601 0 10 2
a 567 822 0 30 1
a 567 248 0 21 4
a 567 82 0 41 6
a 567 480 0 10 6
a 569 376 0 10 2
a 569 408 0 31 6
a 569 969 0 49 5
a 569 728 0 17 7
a 571 873 0 10 6
a 571 636 0 8 5
a 571 163 0 47 8
a 571 219 0 39 2
a 576 809 0 10 10
a 576 831 0 11 7
a 576 435 0 0 1
a 576 378 0 46 2
a 576 589 0 5 2
a 581 941 0 10 8
a 581 929 0 48 3
a 581 818 0 46 3
a 581 256 0 1 2
a 585 565 0 10 6
a 585 179 0 11 6
a 585 496 0 21 4
a 585 433 0 44 2
a 585 461 0 20 10
a 585 264 0 2 4
a 588 729 0 10 1
a 588 863 0 47 7
a 588 696 0 33 7
a 588 725 0 22 5
a 588 358 0 41 2
a 588 7 0 4 8
a 589 151 0 10 7
a 589 608 0 45 7
a 589 47 0 12 7
a 591 462 0 10 5
a 591 61 0 36 9
a 591 489 0 42 1
a 591 536 0 33 2
a 591 369 0 31 3
a 591 40 0 3 4
a 593 365 0 10 2
a 593 447 0 16 1
a 593 466 0 39 2
a 593 611 0 34 4
a 595 153 0 10 2
a 595 242 0 44 8
a 595 941 0 22 8
a 595 763 0 8 3
a 595 607 0 44 3
a 597 569 0 10 10
a 597 919 0 24 2
a 597 803 0 5 2
a 598 424 0 10 3
a 598 856 0 3 10
a 599 469 0 10 8
a 599 747 0 18 6
a 599 700 0 25 4
a 599 352 0 16 1
a 601 115 0 10 1
a 601 462 0 33 1
a 601 992 0 6 5
a 601 869 0 36 7
a 601 829 0 39 1
a 602 897 0 10 3
a 602 65 0 7 8
a 602 791 0 48 5
a 602 460 0 35 9
a 602 102 0 34 7
a 604 87 0 10 3
a 604 23 0 0 6
a 604 277 0 40 5
a 605 256 0 10 7
a 605 517 0 45 7
a 605 318 0 44 3
a 605 537 0 6 2
a 605 80 0 49 6
a 608 550 0 10 7
a 608 220 0 35 6
a 612 804 0 10 8
a 612 884 0 22 4
a 612 823 0 32 3
a 612 597 0 39 2
a 614 553 0 10 9
a 614 571 0 15 3
a 614 503 0 4 7
a 614 704 0 45 10
a 614 662 0 9 2
a 614 204 0 1 7
a 615 103 0 10 9
a 615 376 0 43 3
a 615 633 0 46 4
a 615 186 0 22 6
a 617 367 0 10 6
a 617 196 0 40 7
a 618 313 0 10 1
a 618 719 0 37 10
a 618 563 0 18 10
a 618 118 0 22 10
a 618 427 0 4 8
a 619 201 0 10 7
a 619 875 0 5 8
a 619 665 0 10 9
a 619 934 0 5 5
a 619 480 0 38 1
a 619 282 0 1 9
a 620 315 0 10 8
a 620 990 0 26 3
a 621 637 0 10 7
a 621 762 0 8 5
a 621 534 0 2 3
a 623 3 0 10 10
a 623 884 0 46 5
a 623 826 0 38 6
a 623 64 0 40 5
a 623 687 0 30 10
a 624 757 0 10 4
a 624 567 0 23 10
a 624 905 0 9 2
a 624 733 0 7 4
a 624 260 0 11 8
a 624 657 0 2 2
a 627 345 0 10 1
a 627 12 0 32 1
a 627 223 0 36 8
a 627 366 0 1 1
a 628 939 0 10 3
a 628 558 0 15 2
a 628 546 0 5 2
a 629 500 0 10 7
a 629 810 0 3 7
a 629 326 0 15 2
a 629 18 0 35 10
a 635 221 0 10 3
a 635 586 0 26 4
a 636 958 0 10 9
a 636 534 0 37 4
a 636 191 0 41 8
a 636 586 0 10 2
a 636 433 0 16 9
a 637 352 0 10 10
a 637 434 0 39 9
a 638 69 0 10 1
a 638 518 0 24 3
a 638 110 0 44 8
a 638 652 0 32 3
a 639 680 0 10 4
a 639 104 0 6 9
a 639 354 0 10 4
a 639 857 0 6 5
a 639 219 0 0 3
a 639 669 0 6 7
a 643 761 0 10 4
a 643 275 0 32 2
a 643 900 0 14 4
a 643 441 0 47 3
a 643 872 0 26 4
a 644 589 0 10 8
a 644 131 0 6 8
a 644 808 0 43 9
a 650 52 0 10 10
a 650 584 0 29 1
a 651 346 0 10 9
a 651 997 0 3 8
a 651 861 0 34 1
a 658 651 0 10 1
a 658 60 0 10 3
a 660 399 0 10 9
a 660 835 0 8 1
a 660 962 0 22 3
a 660 490 0 34 10
a 660 270 0 49 10
a 660 167 0 20 4
a 662 459 0 10 8
a 662 265 0 7 3
a 662 173 0 20 4
a 662 701 0 21 2
a 662 752 0 25 10
a 662 83 0 20 3
a 664 218 0 10 7
a 664 880 0 37 4
a 664 26 0 43 8
a 664 896 0 26 5
a 664 424 0 40 4
a 668 768 0 10 8
a 668 411 0 22 6
a 668 760 0 19 3
a 668 908 0 40 8
a 668 872 0 37 5
a 669 986 0 10 5
a 669 569 0 46 1
a 669 573 0 23 7
a 669 417 0 49 7
a 669 597 0 31 2
a 669 723 0 42 4
a 670 25 0 10 4
a 670 934 0 41 7
a 670 892 0 35 10
a 670 400 0 17 9
a 670 451 0 26 4
a 671 360 0 10 10
a 671 586 0 40 9
a 671 388 0 49 3
a 674 778 0 10 10
a 674 303 0 8 7
a 674 546 0 47 4
a 678 147 0 10 10
a 678 388 0 10 6
a 678 219 0 17 1
a 679 16 0 10 9
a 679 643 0 45 9
a 679 396 0 21 7
a 679 724 0 43 4
a 679 369 0 34 6
a 679 201 0 10 3
a 680 336 0 10 5
a 680 752 0 50 1
a 680 394 0 25 5
a 680 18 0 44 9
a 681 867 0 10 10
a 681 325 0 0 7
a 681 860 0 3 1
a 681 442 0 21 6
a 691 864 0 10 4
a 691 13 0 12 1
a 696 94 0 10 9
a 696 317 0 21 3
a 696 603 0 6 7
a 696 350 0 43 7
a 696 251 0 13 6
a 696 685 0 4 6
a 697 348 0 10 10
a 697 49 0 38 10
a 697 83 0 17 10
a 706 305 0 10 9
a 706 418 0 0 8
a 706 945 0 23 5
a 707 525 0 10 3
a 707 882 0 13 7
a 708 734 0 10 6
a 708 787 0 35 3
a 708 856 0 10 7
a 708 514 0 8 9
a 710 504 0 10 5
a 710 796 0 19 2
a 710 400 0 5 7
a 711 174 0 10 6
a 711 203 0 30 10
a 711 455 0 31 6
a 711 312 0 37 7
a 711 542 0 20 2
a 712 343 0 10 7
a 712 647 0 26 10
a 712 35 0 38 5
a 714 243 0 10 4
a 714 133 0 26 2
a 714 940 0 18 9
a 714 874 0 12 10
a 719 918 0 10 6
a 719 438 0 43 6
a 719 51 0 11 10
a 719 640 0 22 7
a 719 670 0 14 2
a 719 956 0 40 3
a 720 935 0 10 2
a 720 133 0 45 7
a 720 103 0 45 3
a 722 644 0 10 5
a 722 452 0 16 5
a 723 819 0 10 8
a 723 965 0 24 8
a 725 523 0 10 8
a 725 411 0 13 5
a 725 305 0 15 3
a 725 557 0 36 2
a 725 153 0 38 6
a 727 714 0 10 9
a 727 525 0 14 3
a 727 806 0 25 10
a 727 543 0 35 8
a 727 282 0 40 7
a 727 831 0 38 10
a 728 556 0 10 4
a 728 682 0 39 6
a 729 404 0 10 2
a 729 873 0 36 6
a 729 858 0 26 9
a 729 82 0 27 9
a 729 844 0 4 10
a 730 535 0 10 2
a 730 307 0 11 4
a 730 52 0 12 6
a 730 933 0 19 3
a 732 783 0 10 3
a 732 753 0 21 6
a 732 147 0 39 8
a 732 719 0 47 4
a 732 715 0 44 7
a 734 664 0 10 6
a 734 793 0 25 10
a 734 634 0 28 7
a 734 263 0 16 4
a 734 537 0 30 2
a 734 730 0 2 7
a 736 520 0 10 3
a 736 414 0 50 8
a 739 196 0 10 2
a 739 564 0 31 6
a 739 964 0 36 9
a 739 251 0 6 3
a 739 680 0 12 1
a 747 961 0 10 6
a 747 929 0 1 9
a 747 317 0 16 9
a 747 343 0 33 3
a 747 352 0 49 9
a 757 706 0 10 10
a 757 358 0 26 4
a 757 766 0 15 6
a 757 310 0 13 8
a 761 971 0 10 7
a 761 779 0 12 9
a 761 158 0 24 3
a 761 347 0 20 4
a 761 298 0 39 7
a 762 508 0 10 7
a 762 333 0 4 1
a 762 905 0 41 7
a 762 69 0 3 8
a 763 818 0 10 8
a 763 912 0 5 4
a 763 117 0 1 8
a 763 411 0 7 8
a 763 150 0 25 7
a 763 245 0 37 5
a 764 429 0 10 8
a 764 148 0 7 3
a 764 832 0 39 5
a 764 44 0 6 8
a 764 27 0 29 8
a 765 527 0 10 6
a 765 293 0 41 7
a 768 355 0 10 9
a 768 537 0 4 5
a 772 624 0 10 8
a 772 745 0 25 4
a 772 754 0 48 4
a 772 581 0 18 10
a 774 957 0 10 6
a 774 958 0 28 10
a 777 36 0 10 4
a 777 143 0 19 7
a 777 110 0 16 2
a 777 981 0 50 10
a 777 266 0 44 1
a 778 14 0 10 4
a 778 400 0 30 10
a 779 612 0 10 9
a 779 136 0 7 2
a 779 433 0 45 7
a 781 928 0 10 1
a 781 371 0 30 7
a 781 350 0 22 9
a 781 488 0 28 8
a 783 478 0 10 10
a 783 917 0 11 4
a 785 730 0 10 8
a 785 61 0 33 4
a 785 896 0 16 3
a 792 619 0 10 1
a 792 12 0 16 4
a 792 922 0 2 9
a 794 224 0 10 8
a 794 187 0 3 9
a 794 459 0 41 1
a 794 975 0 4 9
a 794 601 0 8 9
a 795 181 0 10 1
a 795 930 0 24 10
a 795 99 0 30 9
a 795 182 0 22 6
a 795 333 0 49 6
a 797 679 0 10 10
a 797 874 0 13 4
a 797 157 0 20 5
a 797 748 0 24 5
a 801 805 0 10 10
a 801 299 0 16 10
a 801 377 0 19 8
a 804 463 0 10 7
a 804 640 0 41 1
a 804 164 0 44 3
a 804 407 0 29 9
a 805 333 0 10 4
a 805 105 0 0 6
a 805 698 0 26 3
a 805 768 0 28 4
a 807 486 0 10 4
a 807 152 0 49 1
a 807 731 0 27 2
a 807 106 0 1 3
a 807 86 0 23 1
a 809 281 0 10 1
a 809 423 0 50 8
a 809 938 0 41 4
a 809 239 0 42 1
a 809 223 0 31 1
a 809 430 0 27 8
a 811 978 0 10 9
a 811 241 0 30 7
a 813 949 0 10 4
a 813 164 0 14 6
a 813 326 0 35 10
a 813 324 0 13 2
a 814 193 0 10 2
a 814 898 0 27 8
a 814 520 0 33 7
a 814 861 0 20 8
a 815 608 0 10 7
a 815 745 0 10 5
a 815 624 0 31 5
a 815 512 0 9 1
a 815 425 0 19 6
a 815 146 0 19 7
a 816 63 0 10 1
a 816 609 0 4 9
a 816 139 0 13 8
a 816 963 0 24 3
a 817 468 0 10 10
a 817 727 0 47 1
a 817 505 0 30 8
a 817 656 0 10 10
a 818 621 0 10 4
a 818 176 0 17 9
a 818 331 0 30 9
a 818 574 0 32 7
a 818 451 0 29 1
a 819 501 0 10 5
a 819 598 0 26 6
a 822 425 0 10 8
a 822 946 0 5 1
a 822 340 0 49 5
a 822 285 0 42 4
a 822 698 0 34 3
a 823 222 0 10 10
a 823 990 0 33 9
a 824 547 0 10 8
a 824 523 0 42 1
a 827 727 0 10 8
a 827 297 0 50 9
a 827 461 0 21 2
a 830 402 0 10 8
a 830 476 0 47 7
a 830 303 0 47 10
a 830 25 0 45 2
a 831 517 0 10 5
a 831 46 0 49 3
a 831 750 0 38 10
a 832 849 0 10 7
a 832 346 0 1 6
a 832 74 0 38 6
a 833 871 0 10 9
a 833 358 0 47 5
a 834 827 0 10 9
a 834 623 0 35 8
a 834 205 0 10 5
a 836 188 0 10 5
a 836 531 0 18 6
a 836 747 0 21 10
a 836 434 0 24 10
a 836 477 0 34 3
a 840 959 0 10 1
a 840 258 0 20 2
a 840 42 0 42 9
a 841 448 0 10 3
a 841 88 0 25 2
a 841 212 0 2 6
a 841 893 0 15 6
a 842 595 0 10 5
a 842 348 0 19 9
a 842 656 0 27 9
a 842 855 0 44 5
a 842 532 0 22 10
a 842 542 0 35 10
a 843 513 0 10 10
a 843 930 0 27 9
a 843 524 0 12 1
a 843 527 0 50 5
a 843 196 0 4 6
a 843 29 0 10 10
a 845 822 0 10 7
a 845 103 0 50 1
a 845 728 0 49 4
a 845 208 0 11 2
a 845 842 0 14 7
a 847 618 0 10 3
a 847 138 0 14 2
a 847 164 0 44 9
a 847 109 0 13 3
a 847 198 0 44 1
a 849 636 0 10 2
a 849 969 0 0 7
a 849 102 0 21 10
a 853 161 0 10 2
a 853 15 0 26 7
a 854 389 0 10 3
a 854 162 0 46 8
a 855 50 0 10 4
a 855 56 0 11 7
a 857 97 0 10 2
a 857 746 0 43 2
a 857 994 0 36 3
a 857 103 0 12 1
a 857 46 0 37 6
a 858 879 0 10 3
a 858 35 0 27 9
a 859 210 0 10 10
a 859 249 0 14 9
a 859 74 0 19 2
a 859 691 0 38 10
a 859 96 0 8 9
a 859 311 0 35 4
a 860 295 0 10 7
a 860 796 0 32 5
a 863 473 0 10 7
a 863 166 0 41 3
a 863 190 0 33 6
a 863 104 0 6 2
a 864 363 0 10 2
a 864 71 0 26 8
a 864 723 0 22 2
a 864 540 0 37 3
a 864 887 0 27 1
a 867 100 0 10 1
a 867 150 0 48 7
a 867 403 0 46 2
a 867 750 0 37 1
a 867 309 0 32 9
a 867 663 0 10 7
a 868 516 0 10 3
a 868 616 0 46 8
a 868 632 0 9 7
a 868 662 0 27 1
a 868 463 0 49 7
a 870 909 0 10 6
a 870 916 0 6 6
a 871 47 0 10 9
a 871 374 0 27 5
a 872 991 0 10 7
a 872 744 0 2 3
a 872 73 0 18 4
a 872 426 0 42 9
a 873 841 0 10 4
a 873 519 0 30 6
a 873 747 0 9 9
a 873 16 0 47 7
a 874 712 0 10 3
a 874 341 0 41 10
a 874 315 0 39 9
a 874 986 0 45 3
a 874 140 0 13 5
a 876 512 0 10 3
a 876 807 0 18 5
a 879 628 0 10 4
a 879 35 0 34 9
a 882 250 0 10 1
a 882 897 0 14 4
a 884 76 0 10 9
a 884 911 0 38 9
a 884 312 0 6 7
a 884 785 0 20 8
a 885 120 0 10 2
a 885 795 0 28 5
a 887 576 0 10 7
a 887 272 0 25 7
a 888 874 0 10 1
a 888 308 0 17 4
a 888 779 0 13 9
a 888 993 0 4 6
a 888 210 0 1 5
a 888 624 0 1 5
a 889 792 0 10 8
a 889 64 0 5 8
a 889 559 0 23 9
a 889 876 0 19 2
a 891 834 0 10 2
a 891 294 0 28 10
a 894 358 0 10 5
a 894 447 0 32 3
a 896 739 0 10 1
a 896 731 0 28 10
a 897 396 0 10 2
a 897 651 0 47 4
a 897 697 0 7 10
a 898 933 0 10 5
a 898 237 0 11 2
a 898 89 0 7 10
a 898 94 0 24 9
a 899 338 0 10 2
a 899 812 0 8 8
a 899 650 0 20 1
a 899 995 0 5 9
a 903 615 0 10 7
a 903 178 0 11 4
a 903 427 0 30 7
a 904 466 0 10 7
a 904 358 0 27 9
a 904 365 0 5 8
a 907 249 0 10 2
a 907 424 0 4 3
a 907 182 0 49 4
a 907 79 0 44 8
a 907 528 0 49 4
a 908 105 0 10 2
a 908 77 0 29 5
a 908 116 0 15 3
a 908 887 0 25 8
a 908 610 0 27 10
a 909 982 0 10 6
a 909 224 0 11 3
a 909 126 0 4 10
a 909 474 0 4 1
a 909 797 0 44 4
a 910 927 0 10 8
a 910 776 0 46 9
a 912 532 0 10 7
a 912 294 0 5 9
a 912 376 0 48 7
a 912 609 0 22 5
a 912 586 0 20 5
a 912 201 0 48 1
a 913 192 0 10 5
a 913 585 0 47 7
a 913 147 0 17 5
a 913 374 0 3 5
a 918 650 0 10 1
a 918 718 0 39 10
a 918 138 0 26 1
a 918 391 0 30 7
a 918 891 0 7 2
a 921 156 0 10 7
a 921 282 0 12 10
a 921 391 0 15 3
a 921 517 0 48 7
a 921 168 0 39 1
a 924 172 0 10 3
a 924 985 0 9 8
a 926 81 0 10 1
a 926 993 0 3 8
a 927 629 0 10 6
a 927 583 0 0 6
a 927 618 0 28 2
a 927 105 0 17 1
a 927 177 0 6 5
a 928 885 0 10 9
a 928 300 0 49 4
a 928 84 0 36 9
a 928 349 0 12 8
a 928 253 0 49 1
a 931 242 0 10 2
a 931 676 0 50 3
a 931 954 0 10 7
a 932 888 0 10 9
a 932 393 0 19 2
a 932 155 0 26 4
a 932 769 0 19 8
a 933 449 0 10 9
a 933 18 0 16 4
a 933 327 0 3 3
a 935 349 0 10 7
a 935 287 0 37 5
a 935 162 0 15 10
a 937 855 0 10 7
a 937 769 0 21 4
a 937 879 0 19 3
a 937 287 0 48 3
a 938 797 0 10 4
a 938 847 0 23 8
a 938 773 0 27 10
a 938 291 0 48 2
a 939 506 0 10 2
a 939 960 0 12 8
a 939 447 0 41 6
a 939 888 0 41 6
a 939 151 0 33 5
a 941 567 0 10 6
a 941 968 0 27 3
a 941 926 0 49 8
a 941 213 0 46 9
a 941 975 0 44 4
a 941 545 0 29 2
a 943 107 0 10 9
a 943 972 0 30 2
a 943 432 0 35 6
a 944 460 0 10 6
a 944 522 0 6 6
a 944 434 0 14 2
a 944 240 0 5 10
a 944 524 0 48 8
a 947 560 0 10 7
a 947 347 0 48 2
a 948 549 0 10 1
a 948 808 0 50 1
a 948 893 0 22 10
a 948 711 0 46 6
a 948 683 0 8 9
a 948 390 0 48 1
a 949 301 0 10 5
a 949 937 0 20 1
a 949 504 0 6 10
a 952 18 0 10 4
a 952 418 0 25 4
a 952 99 0 22 8
a 953 623 0 10 5
a 953 769 0 12 2
a 953 145 0 46 5
a 953 348 0 12 3
a 953 365 0 42 8
a 954 369 0 10 10
a 954 982 0 0 2
a 954 613 0 1 9
a 955 22 0 10 6
a 955 555 0 40 9
a 955 143 0 5 3
a 955 570 0 47 3
a 955 931 0 16 2
a 955 157 0 41 7
a 957 926 0 10 1
a 957 578 0 26 8
a 957 187 0 46 1
a 957 493 0 30 9
a 957 577 0 21 2
a 958 204 0 10 1
a 958 893 0 4 1
a 958 114 0 1 5
a 958 630 0 12 4
a 959 341 0 10 3
a 959 592 0 50 4
a 959 450 0 14 7
a 961 557 0 10 3
a 961 378 0 38 3
a 961 139 0 7 7
a 961 785 0 13 3
a 968 228 0 10 2
a 968 473 0 32 8
a 968 598 0 23 5
a 970 89 0 10 8
a 970 51 0 8 10
a 970 729 0 10 3
a 970 267 0 26 3
a 970 759 0 47 2
a 971 164 0 10 10
a 971 350 0 39 4
a 971 544 0 38 7
a 971 384 0 29 4
a 977 952 0 10 7
a 977 530 0 16 6
a 977 820 0 27 3
a 978 141 0 10 3
a 978 456 0 37 3
a 978 951 0 33 4
a 978 267 0 0 9
a 978 778 0 45 2
a 980 80 0 10 10
a 980 225 0 26 2
a 980 548 0 50 4
a 980 782 0 8 5
a 982 639 0 10 9
a 982 935 0 49 6
a 982 165 0 26 7
a 982 697 0 42 6
a 982 285 0 1 3
a 983 4 0 10 6
a 983 943 0 7 2
a 983 134 0 13 2
a 983 722 0 33 2
a 983 838 0 1 5
a 983 785 0 32 5
a 985 184 0 10 1
a 985 59 0 41 9
a 986 116 0 10 3
a 986 939 0 28 7
a 986 876 0 3 10
a 986 356 0 3 6
a 986 850 0 41 8
a 988 476 0 10 3
a 988 414 0 31 10
a 988 801 0 24 2
a 990 15 0 10 5
a 990 13 0 35 6
a 990 994 0 38 2
a 990 602 0 49 1
a 991 548 0 10 2
a 991 28 0 49 2
a 992 708 0 10 4
a 992 130 0 36 10
a 994 833 0 10 5
a 994 190 0 3 3
a 994 794 0 14 4
a 994 212 0 45 7
a 994 637 0 2 8
a 996 230 0 10 3
a 996 802 0 31 10
a 996 679 0 24 1
a 2 641 0 40 3
a 2 737 0 21 2
a 5 742 0 40 7
a 5 753 0 6 2
a 9 415 0 40 4
a 9 779 0 15 4
a 9 99 0 27 7
a 9 525 0 15 6
a 9 97 0 9 4
a 9 820 0 17 10
a 10 375 0 40 9
a 10 493 0 1 8
a 11 316 0 40 7
a 11 759 0 16 1
a 11 5 0 25 5
a 11 843 0 40 4
a 11 522 0 13 10
a 11 111 0 48 8
a 12 993 0 40 5
a 12 919 0 21 10
a 12 984 0 16 10
a 12 640 0 14 8
a 12 427 0 14 8
a 12 336 0 7 8
a 17 632 0 40 1
a 17 168 0 16 1
a 17 463 0 10 4
a 17 160 0 21 10
a 19 782 0 40 2
a 19 241 0 30 9
a 19 811 0 28 9
a 21 869 0 40 5
a 21 540 0 38 2
a 21 581 0 47 4
a 21 758 0 35 8
a 21 235 0 10 3
a 21 570 0 25 3
a 23 600 0 40 7
a 23 826 0 24 9
a 23 209 0 46 2
a 23 374 0 7 1
a 23 789 0 44 8
a 23 720 0 4 8
a 24 568 0 40 1
a 24 261 0 33 1
a 24 247 0 45 6
a 24 112 0 41 8
a 24 476 0 4 4
a 24 308 0 43 3
a 26 979 0 40 3
a 26 331 0 48 2
a 26 631 0 39 7
a 26 998 0 47 5
a 26 542 0 24 6
a 26 690 0 45 7
a 28 692 0 40 5
a 28 797 0 2 2
a 28 412 0 44 9
a 28 107 0 16 3
a 28 534 0 19 3
a 29 169 0 40 5
a 29 52 0 46 2
a 29 560 0 14 6
a 29 500 0 47 9
a 29 879 0 33 8
a 29 50 0 13 3
a 30 511 0 40 10
a 30 525 0 6 6
a 31 78 0 40 10
a 31 984 0 43 10
a 31 713 0 34 1
a 31 76 0 46 8
a 31 23 0 25 3
a 31 903 0 49 8
a 34 656 0 40 1
a 34 621 0 25 8
a 35 510 0 40 4
a 35 745 0 26 7
a 35 724 0 4 9
a 40 690 0 40 6
a 40 451 0 34 10
a 40 53 0 45 8
a 40 176 0 25 5
a 40 312 0 4 2
a 40 804 0 44 9
a 42 437 0 40 2
a 42 258 0 35 3
a 42 390 0 12 4
a 42 773 0 1 10
a 43 753 0 40 3
a 43 15 0 9 10
a 43 964 0 6 3
a 43 539 0 29 6
a 46 901 0 40 5
a 46 739 0 24 6
a 46 632 0 25 2
a 49 749 0 40 7
a 49 193 0 28 10
a 49 206 0 2 6
a 49 806 0 50 3
a 49 647 0 34 8
a 54 191 0 40 10
a 54 432 0 10 10
a 54 215 0 20 7
a 54 157 0 25 7
a 54 689 0 40 8
a 54 69 0 7 2
a 55 495 0 40 9
a 55 50 0 13 8
a 55 553 0 2 1
a 55 126 0 22 1
a 55 473 0 17 8
a 55 135 0 47 3
a 58 594 0 40 1
a 58 491 0 44 4
a 58 614 0 21 1
a 58 425 0 49 9
a 58 527 0 48 8
a 59 96 0 40 9
a 59 293 0 41 2
a 59 132 0 12 9
a 59 765 0 10 5
a 59 668 0 49 4
a 61 382 0 40 5
a 61 867 0 10 7
a 61 893 0 32 2
a 61 255 0 46 3
a 61 486 0 7 7
a 64 119 0 40 6
a 64 442 0 47 10
a 64 563 0 46 3
a 64 612 0 40 10
a 64 564 0 37 8
a 66 726 0 40 9
a 66 808 0 34 10
a 66 675 0 16 1
a 68 377 0 40 4
a 68 536 0 23 1
a 68 323 0 41 2
a 68 797 0 40 7
a 68 695 0 27 8
a 70 802 0 40 7
a 70 284 0 16 9
a 70 829 0 44 9
a 70 298 0 4 10
a 71 611 0 40 6
a 71 229 0 31 9
a 71 91 0 4 7
a 71 343 0 18 6
a 71 120 0 36 7
a 71 59 0 46 1
a 73 195 0 40 1
a 73 940 0 22 7
a 73 205 0 15 2
a 75 956 0 40 1
a 75 68 0 10 3
a 75 581 0 22 8
a 77 98 0 40 5
a 77 292 0 38 6
a 77 699 0 49 8
a 77 605 0 14 10
a 78 667 0 40 3
a 78 75 0 49 6
a 79 194 0 40 2
a 79 885 0 46 9
a 79 571 0 43 10
a 79 771 0 18 3
a 82 715 0 40 8
a 82 53 0 38 8
a 84 264 0 40 3
a 84 71 0 3 10
a 84 281 0 34 5
a 84 121 0 40 9
a 84 843 0 42 2
a 84 903 0 16 3
a 86 687 0 40 6
a 86 1000 0 0 8
a 86 53 0 37 3
a 86 339 0 32 8
a 86 754 0 8 2
a 88 737 0 40 6
a 88 485 0 21 3
a 88 501 0 47 9
a 88 694 0 27 1
a 88 965 0 19 6
a 90 741 0 40 5
a 90 934 0 41 3
a 90 423 0 27 1
a 91 563 0 40 5
a 91 229 0 19 2
a 91 849 0 44 8
a 92 574 0 40 4
a 92 410 0 7 3
a 92 442 0 11 1
a 92 1000 0 31 3
a 93 700 0 40 1
a 93 789 0 8 5
a 93 411 0 11 7
a 93 852 0 0 1
a 93 661 0 41 3
a 93 399 0 49 8
a 96 359 0 40 5
a 96 595 0 35 10
a 96 403 0 38 2
a 98 530 0 40 8
a 98 635 0 39 10
a 98 225 0 9 7
a 98 679 0 36 5
a 98 781 0 32 6
a 98 979 0 37 1
a 99 987 0 40 8
a 99 301 0 2 5
a 102 659 0 40 3
a 102 457 0 1 5
a 102 348 0 18 7
a 102 259 0 19 4
a 102 982 0 12 2
a 102 124 0 46 4
a 104 683 0 40 9
a 104 983 0 33 7
a 109 895 0 40 8
a 109 542 0 25 10
a 109 958 0 16 10
a 109 142 0 40 6
a 111 946 0 40 2
a 111 446 0 32 7
a 113 820 0 40 4
a 113 921 0 11 4
a 113 201 0 37 6
a 113 844 0 4 8
a 114 856 0 40 7
a 114 756 0 38 10
a 117 148 0 40 2
a 117 799 0 34 1
a 117 317 0 44 9
a 117 845 0 31 6
a 117 184 0 39 5
a 117 106 0 50 3
a 118 759 0 40 3
a 118 982 0 28 6
a 118 987 0 19 8
a 118 863 0 37 3
a 118 328 0 24 10
a 118 140 0 4 6
a 119 275 0 40 9
a 119 944 0 38 6
a 119 697 0 45 8
a 119 902 0 24 7
a 121 676 0 40 10
a 121 182 0 41 10
a 121 617 0 34 1
a 121 844 0 10 9
a 121 874 0 3 4
a 121 535 0 34 1
a 122 653 0 40 6
a 122 350 0 47 10
a 122 605 0 40 7
a 122 562 0 23 3
a 122 388 0 50 1
a 122 944 0 2 5
a 123 220 0 40 1
a 123 548 0 2 6
a 124 572 0 40 9
a 124 581 0 32 1
a 124 192 0 15 1
a 125 457 0 40 2
a 125 547 0 6 3
a 125 119 0 44 4
a 125 25 0 0 7
a 126 342 0 40 6
a 126 47 0 29 7
a 126 413 0 45 9
a 127 613 0 40 5
a 127 590 0 29 2
a 127 994 0 21 8
a 127 666 0 47 9
a 129 916 0 40 7
a 129 433 0 31 3
a 129 765 0 40 9
a 129 943 0 25 5
a 131 760 0 40 10
a 131 423 0 25 9
a 131 734 0 5 3
a 131 805 0 1 4
a 133 998 0 40 9
a 133 775 0 32 8
a 133 776 0 9 9
a 133 841 0 26 8
a 134 502 0 40 3
a 134 463 0 47 7
a 134 75 0 13 8
a 134 672 0 47 9
a 135 238 0 40 5
a 135 299 0 26 6
a 135 809 0 2 5
a 139 940 0 40 2
a 139 251 0 30 10
a 139 101 0 22 9
a 140 554 0 40 4
a 140 697 0 0 6
a 145 236 0 40 3
a 145 215 0 44 4
a 145 490 0 47 2
a 145 550 0 32 4
a 145 848 0 17 8
a 145 104 0 16 8
a 148 558 0 40 5
a 148 283 0 27 1
a 148 206 0 28 3
a 148 40 0 25 6
a 148 240 0 17 1
a 148 230 0 35 5
a 149 573 0 40 2
a 149 340 0 3 2
a 149 743 0 48 10
a 149 202 0 30 2
a 149 171 0 22 7
a 149 930 0 26 6
a 150 610 0 40 6
a 150 124 0 6 6
a 150 410 0 5 9
a 154 139 0 40 3
a 154 843 0 28 3
a 154 381 0 25 7
a 154 839 0 8 5
a 154 458 0 22 4
a 158 176 0 40 5
a 158 143 0 15 3
a 158 87 0 50 1
a 158 727 0 40 5
a 158 237 0 17 7
a 158 792 0 10 8
a 159 838 0 40 3
a 159 1000 0 40 8
a 159 849 0 30 3
a 159 830 0 50 6
a 159 189 0 32 5
a 159 580 0 20 9
a 160 421 0 40 9
a 160 575 0 7 6
a 160 6 0 46 8
a 160 287 0 50 1
a 160 629 0 36 2
a 162 846 0 40 8
a 162 209 0 44 5
a 162 554 0 3 6
a 163 381 0 40 3
a 163 547 0 15 10
a 163 62 0 28 7
a 163 229 0 28 10
a 166 231 0 40 9
a 166 375 0 33 1
a 166 19 0 15 3
a 166 763 0 3 9
a 166 181 0 40 6
a 166 555 0 41 3
a 167 684 0 40 6
a 167 49 0 10 3
a 167 56 0 46 5
a 169 431 0 40 7
a 169 825 0 41 9
a 169 911 0 16 7
a 169 41 0 13 6
a 169 95 0 10 7
a 170 825 0 40 9
a 170 174 0 0 4
a 170 355 0 2 4
a 170 956 0 48 8
a 170 690 0 49 2
a 170 316 0 15 2
a 171 12 0 40 7
a 171 404 0 41 5
a 175 278 0 40 5
a 175 734 0 10 3
a 175 966 0 37 5
a 175 532 0 18 8
a 175 844 0 45 5
a 175 398 0 39 2
a 176 754 0 40 10
a 176 302 0 9 2
a 176 812 0 1 5
a 176 650 0 39 7
a 176 944 0 36 7
a 176 747 0 35 10
a 177 121 0 40 7
a 177 317 0 41 8
a 177 284 0 5 10
a 180 86 0 40 9
a 180 500 0 19 2
a 180 852 0 23 7
a 180 409 0 2 5
a 180 189 0 45 6
a 183 59 0 40 5
a 183 453 0 48 1
a 183 362 0 31 9
a 183 106 0 25 5
a 185 344 0 40 3
a 185 439 0 34 9
a 185 568 0 4 2
a 186 828 0 40 10
a 186 277 0 32 8
a 189 19 0 40 10
a 189 672 0 23 10
a 189 582 0 18 1
a 189 235 0 3 9
a 189 145 0 24 7
a 189 77 0 28 7
a 191 40 0 40 4
a 191 873 0 49 4
a 191 699 0 26 1
a 194 793 0 40 3
a 194 134 0 23 2
a 194 42 0 47 1
a 195 314 0 40 3
a 195 813 0 46 1
a 195 842 0 5 2
a 195 482 0 33 2
a 197 334 0 40 3
a 197 16 0 17 5
a 198 145 0 40 10
a 198 77 0 26 8
a 199 455 0 40 9
a 199 714 0 30 6
a 199 10 0 23 7
a 202 578 0 40 7
a 202 53 0 8 6
a 202 212 0 36 4
a 202 632 0 50 3
a 203 327 0 40 10
a 203 933 0 14 2
a 203 565 0 2 2
a 203 185 0 21 7
a 203 55 0 42 2
a 205 724 0 40 7
a 205 957 0 21 6
a 206 972 0 40 4
a 206 5 0 12 5
a 206 514 0 29 3
a 206 801 0 47 1
a 207 492 0 40 4
a 207 55 0 33 6
a 207 683 0 10 5
a 208 673 0 40 4
a 208 402 0 33 7
a 208 429 0 44 8
a 208 125 0 3 10
a 208 393 0 1 8
a 209 756 0 40 7
a 209 831 0 11 4
a 209 403 0 3 2
a 209 964 0 14 8
a 209 537 0 46 4
a 214 9 0 40 5
a 214 179 0 5 4
a 214 505 0 48 7
a 214 582 0 28 9
a 214 575 0 26 3
a 215 122 0 40 7
a 215 510 0 20 6
a 215 288 0 7 4
a 215 76 0 10 8
a 215 647 0 25 8
a 217 361 0 40 1
a 217 585 0 36 10
a 217 387 0 33 8
a 220 384 0 40 4
a 220 477 0 26 4
a 223 911 0 40 4
a 223 23 0 36 3
a 223 622 0 39 6
a 223 455 0 32 8
a 223 652 0 0 10
a 223 765 0 30 3
a 231 490 0 40 3
a 231 1000 0 12 1
a 231 924 0 27 8
a 231 270 0 31 7
a 235 657 0 40 1
a 235 888 0 4 5
a 236 189 0 40 8
a 236 752 0 26 5
a 236 879 0 15 1
a 236 793 0 42 6
a 236 39 0 14 1
a 236 3 0 34 7
a 237 30 0 40 6
a 237 701 0 25 2
a 237 246 0 10 10
a 237 749 0 35 3
a 238 262 0 40 4
a 238 203 0 49 3
a 238 278 0 11 8
a 238 393 0 16 9
a 238 862 0 35 9
a 238 771 0 41 1
a 239 205 0 40 3
a 239 669 0 2 9
a 239 754 0 48 1
a 239 755 0 30 7
a 239 489 0 30 4
a 239 417 0 22 9
a 245 770 0 40 3
a 245 484 0 0 10
a 245 266 0 26 2
a 245 854 0 24 2
a 248 398 0 40 3
a 248 104 0 26 6
a 248 590 0 22 4
a 248 702 0 39 8
a 248 284 0 31 6
a 254 214 0 40 6
a 254 933 0 23 10
a 254 115 0 2 8
a 258 702 0 40 10
a 258 372 0 13 8
a 258 237 0 29 5
a 259 966 0 40 5
a 259 208 0 29 9
a 259 492 0 42 8
a 259 940 0 17 10
a 259 781 0 20 4
a 259 828 0 24 9
a 262 198 0 40 10
a 262 948 0 30 1
a 262 731 0 31 2
a 262 294 0 23 2
a 262 451 0 15 7
a 262 634 0 35 7
a 264 603 0 40 7
a 264 810 0 39 1
a 264 409 0 24 10
a 264 610 0 2 6
a 264 103 0 6 2
a 264 933 0 4 9
a 265 962 0 40 6
a 265 200 0 26 6
a 265 134 0 14 2
a 265 699 0 42 7
a 265 301 0 30 6
a 267 812 0 40 3
a 267 325 0 12 7
a 268 71 0 40 4
a 268 487 0 12 6
a 268 534 0 17 4
a 268 667 0 30 9
a 270 559 0 40 4
a 270 755 0 33 8
a 270 768 0 17 6
a 270 561 0 26 3
a 270 632 0 19 5
a 271 905 0 40 6
a 271 221 0 0 7
a 271 912 0 9 4
a 272 631 0 40 6
a 272 333 0 7 7
a 273 577 0 40 1
a 273 132 0 17 4
a 273 969 0 11 4
a 273 193 0 37 4
a 275 672 0 40 3
a 275 719 0 20 1
a 275 9 0 49 2
a 275 946 0 24 8
a 276 826 0 40 10
a 276 90 0 21 6
a 276 509 0 45 2
a 276 822 0 29 4
a 277 129 0 40 2
a 277 147 0 23 3
a 277 160 0 41 2
a 278 410 0 40 1
a 278 44 0 40 9
a 278 985 0 14 3
a 278 482 0 4 10
a 278 154 0 47 3
a 279 208 0 40 4
a 279 331 0 18 5
a 279 691 0 36 5
a 279 711 0 6 1
a 279 70 0 31 8
a 279 235 0 21 7
a 282 291 0 40 3
a 282 254 0 38 9
a 282 920 0 36 10
a 282 34 0 26 5
a 282 48 0 8 3
a 283 68 0 40 8
a 283 857 0 5 6
a 283 75 0 50 2
a 283 385 0 18 5
a 283 31 0 44 7
a 283 179 0 2 10
a 284 865 0 40 7
a 284 138 0 0 9
a 287 685 0 40 8
a 287 911 0 43 10
a 288 682 0 40 5
a 288 121 0 10 4
a 290 950 0 40 3
a 290 144 0 45 6
a 290 633 0 24 5
a 291 199 0 40 5
a 291 236 0 34 10
a 292 902 0 40 1
a 292 569 0 47 3
a 292 787 0 15 9
a 292 961 0 45 6
a 293 616 0 40 4
a 293 536 0 48 4
a 293 31 0 38 9
a 294 411 0 40 2
a 294 995 0 26 7
a 294 990 0 6 3
a 294 691 0 5 2
a 294 849 0 7 6
a 296 748 0 40 5
a 296 881 0 45 7
a 296 597 0 1 7
a 296 874 0 22 8
a 296 224 0 50 4
a 296 800 0 29 4
a 297 929 0 40 1
a 297 369 0 34 1
a 298 167 0 40 4
a 298 849 0 37 2
a 298 952 0 30 1
a 298 291 0 2 3
a 298 129 0 39 7
a 298 925 0 11 8
a 299 99 0 40 9
a 299 258 0 2 6
a 299 476 0 34 3
a 299 503 0 0 10
a 299 338 0 3 10
a 299 355 0 28 8
a 300 49 0 40 1
a 300 829 0 40 4
a 300 253 0 40 5
a 300 229 0 43 3
a 300 442 0 42 1
a 300 131 0 26 6
a 302 258 0 40 6
a 302 429 0 25 4
a 304 93 0 40 8
a 304 745 0 8 7
a 304 756 0 7 6
a 304 22 0 24 6
a 304 778 0 20 5
a 306 135 0 40 9
a 306 346 0 26 8
a 306 872 0 9 8
a 309 320 0 40 3
a 309 576 0 6 9
a 309 514 0 23 2
a 309 781 0 31 5
a 310 844 0 40 4
a 310 922 0 30 2
a 310 304 0 18 2
a 310 110 0 5 7
a 310 166 0 9 10
a 310 591 0 14 1
a 312 125 0 40 3
a 312 736 0 11 8
a 312 560 0 2 10
a 312 939 0 12 9
a 312 23 0 12 3
a 312 949 0 26 4
a 314 134 0 40 2
a 314 221 0 20 10
a 314 130 0 17 9
a 316 82 0 40 6
a 316 957 0 10 6
a 316 51 0 25 5
a 316 48 0 10 1
a 316 95 0 26 1
a 316 120 0 11 8
a 318 999 0 40 2
a 318 5 0 6 1
a 318 730 0 33 4
a 320 254 0 40 9
a 320 833 0 29 10
a 320 790 0 46 10
a 320 776 0 30 9
a 320 449 0 46 6
a 322 758 0 40 8
a 322 58 0 23 9
a 324 325 0 40 6
a 324 131 0 9 1
a 324 244 0 37 3
a 324 116 0 12 8
a 324 871 0 0 6
a 324 722 0 28 10
a 325 456 0 40 1
a 325 743 0 34 7
a 325 904 0 47 5
a 325 121 0 2 6
a 325 525 0 39 5
a 325 463 0 49 9
a 327 934 0 40 2
a 327 451 0 8 9
a 329 158 0 40 3
a 329 756 0 20 7
a 329 198 0 15 6
a 330 126 0 40 1
a 330 65 0 15 8
a 330 618 0 14 7
a 330 204 0 17 4
a 330 991 0 28 8
a 330 310 0 21 8
a 331 480 0 40 5
a 331 650 0 33 4
a 332 312 0 40 9
a 332 866 0 42 1
a 334 416 0 40 3
a 334 744 0 26 1
a 334 176 0 20 7
a 335 118 0 40 6
a 335 382 0 48 1
a 335 765 0 0 5
a 337 541 0 40 5
a 337 871 0 37 4
a 340 92 0 40 7
a 340 986 0 16 9
a 342 417 0 40 2
a 342 28 0 32 3
a 342 332 0 42 8
a 342 484 0 38 1
a 344 282 0 40 7
a 344 935 0 35 9
a 344 451 0 37 7
a 344 626 0 47 2
a 344 432 0 5 5
a 347 268 0 40 4
a 347 970 0 32 4
a 347 362 0 25 1
a 350 426 0 40 9
a 350 577 0 0 4
a 350 919 0 14 7
a 354 552 0 40 2
a 354 47 0 44 2
a 354 627 0 24 1
a 354 756 0 14 9
a 354 645 0 40 1
a 356 784 0 40 8
a 356 535 0 36 4
a 356 580 0 46 2
a 356 234 0 8 1
a 356 318 0 38 4
a 356 671 0 11 2
a 357 799 0 40 9
a 357 902 0 13 7
a 357 704 0 38 10
a 359 666 0 40 1
a 359 737 0 23 1
a 359 550 0 26 8
a 361 109 0 40 4
a 361 27 0 39 10
a 361 772 0 45 3
a 362 829 0 40 7
a 362 963 0 41 7
a 375 166 0 40 6
a 375 4 0 29 10
a 375 543 0 19 8
a 375 643 0 48 6
a 375 534 0 5 8
a 375 711 0 21 3
a 377 464 0 40 2
a 377 799 0 4 3
a 377 957 0 10 9
a 380 237 0 40 3
a 380 568 0 17 6
a 380 423 0 13 2
a 380 596 0 27 6
a 381 177 0 40 4
a 381 464 0 19 10
a 381 714 0 7 6
a 381 59 0 35 3
a 381 776 0 24 1
a 381 671 0 24 9
a 382 890 0 40 3
a 382 26 0 6 3
a 382 957 0 15 9
a 384 207 0 40 9
a 384 262 0 14 5
a 384 429 0 5 6
a 385 127 0 40 3
a 385 300 0 44 5
a 385 504 0 24 8
a 385 393 0 28 5
a 385 850 0 29 5
a 386 149 0 40 6
a 386 565 0 32 7
a 386 475 0 26 9
a 386 688 0 21 4
a 393 771 0 40 1
a 393 479 0 20 4
a 394 866 0 40 6
a 394 817 0 45 2
a 397 704 0 40 8
a 397 829 0 49 2
a 397 158 0 29 1
a 397 819 0 43 7
a 398 454 0 40 6
a 398 363 0 31 4
a 398 279 0 50 9
a 400 91 0 40 2
a 400 608 0 37 8
a 400 78 0 35 5
a 400 506 0 24 4
a 401 335 0 40 7
a 401 456 0 40 4
a 401 900 0 0 9
a 403 215 0 40 3
a 403 210 0 5 9
a 408 586 0 40 7
a 408 368 0 36 9
a 408 805 0 27 5
a 408 114 0 0 1
a 408 744 0 10 10
a 410 694 0 40 5
a 410 562 0 8 5
a 410 292 0 2 6
a 410 819 0 42 4
a 411 862 0 40 6
a 411 29 0 2 6
a 411 898 0 38 10
a 411 417 0 7 7
a 411 492 0 49 8
a 413 915 0 40 6
a 413 359 0 8 1
a 413 855 0 24 7
a 414 277 0 40 2
a 414 769 0 25 6
a 414 448 0 31 5
a 414 632 0 40 9
a 414 481 0 32 1
a 415 354 0 40 7
a 415 247 0 14 3
a 415 122 0 12 5
a 415 464 0 34 10
a 415 552 0 29 2
a 416 555 0 40 9
a 416 795 0 47 6
a 416 30 0 0 7
a 416 389 0 49 1
a 416 483 0 29 9
a 416 837 0 17 4
a 417 542 0 40 6
a 417 673 0 2 5
a 417 985 0 11 7
a 417 764 0 50 10
a 417 676 0 18 2
a 419 298 0 40 10
a 419 175 0 19 4
a 419 604 0 42 4
a 419 148 0 44 2
a 421 5 0 40 8
a 421 358 0 5 8
a 423 786 0 40 5
a 423 885 0 50 1
a 423 363 0 47 4
a 423 868 0 41 1
a 423 96 0 28 2
a 423 46 0 30 9
a 426 893 0 40 4
a 426 861 0 43 2
a 427 773 0 40 4
a 427 257 0 17 6
a 427 228 0 9 6
a 427 534 0 18 9
a 430 960 0 40 7
a 430 470 0 19 7
a 430 296 0 21 2
a 430 720 0 5 10
a 431 10 0 40 4
a 431 178 0 3 10
a 431 932 0 31 1
a 431 130 0 24 3
a 435 981 0 40 8
a 435 250 0 7 1
a 435 45 0 48 3
a 435 535 0 16 5
a 435 51 0 48 6
a 435 860 0 5 7
a 436 776 0 40 4
a 436 724 0 10 9
a 436 367 0 26 3
a 436 45 0 15 10
a 437 413 0 40 7
a 437 472 0 12 8
a 440 514 0 40 1
a 440 356 0 16 4
a 440 392 0 6 8
a 440 663 0 29 10
a 442 848 0 40 7
a 442 190 0 34 10
a 442 117 0 5 4
a 442 430 0 23 9
a 442 788 0 39 7
a 443 283 0 40 5
a 443 350 0 45 7
a 444 470 0 40 7
a 444 407 0 50 9
a 444 118 0 26 7
a 445 880 0 40 8
a 445 902 0 35 3
a 445 499 0 29 8
a 450 861 0 40 5
a 450 121 0 43 10
a 450 408 0 39 7
a 450 918 0 36 9
a 454 271 0 40 1
a 454 608 0 7 10
a 454 123 0 25 7
a 454 433 0 11 7
a 454 484 0 7 4
a 454 929 0 13 5
a 455 435 0 40 9
a 455 752 0 20 10
a 455 252 0 21 10
a 455 46 0 2 2
a 455 739 0 21 7
a 456 835 0 40 5
a 456 586 0 27 8
a 456 622 0 19 2
a 456 443 0 9 1
a 457 663 0 40 4
a 457 229 0 4 4
a 458 487 0 40 1
a 458 565 0 6 9
a 461 77 0 40 5
a 461 968 0 38 9
a 461 868 0 1 2
a 461 624 0 28 1
a 464 21 0 40 9
a 464 335 0 46 3
a 464 487 0 29 9
a 464 707 0 25 6
a 464 847 0 37 1
a 465 385 0 40 3
a 465 929 0 31 6
a 465 289 0 21 8
a 467 400 0 40 4
a 467 75 0 6 4
a 467 885 0 33 6
a 470 798 0 40 2
a 470 260 0 21 8
a 470 543 0 25 3
a 470 815 0 13 2
a 471 401 0 40 8
a 471 789 0 19 2
a 471 79 0 27 6
a 471 411 0 10 10
a 471 920 0 42 10
a 471 915 0 42 10
a 477 886 0 40 8
a 477 973 0 29 5
a 477 519 0 19 6
a 477 422 0 35 1
a 477 146 0 39 3
a 480 914 0 40 1
a 480 315 0 38 2
a 484 883 0 40 7
a 484 791 0 49 2
a 484 104 0 12 8
a 487 248 0 40 7
a 487 176 0 46 10
a 487 325 0 35 6
a 487 308 0 35 4
a 487 928 0 18 7
a 487 55 0 50 2
a 490 806 0 40 10
a 490 263 0 7 7
a 490 557 0 7 3
a 490 190 0 4 1
a 490 822 0 30 5
a 492 111 0 40 1
a 492 908 0 46 4
a 492 246 0 50 3
a 492 704 0 24 1
a 492 172 0 22 10
a 493 661 0 40 6
a 493 257 0 28 8
a 493 348 0 36 2
a 493 991 0 34 9
a 493 501 0 33 9
a 495 995 0 40 2
a 495 385 0 48 10
a 495 646 0 18 3
a 495 566 0 20 6
a 495 539 0 38 6
a 496 279 0 40 10
a 496 576 0 42 4
a 496 452 0 6 3
a 496 598 0 17 6
a 497 852 0 40 3
a 497 700 0 16 3
a 502 509 0 40 4
a 502 492 0 43 10
a 502 792 0 29 4
a 507 524 0 40 8
a 507 214 0 37 1
a 507 107 0 11 2
a 509 718 0 40 2
a 509 763 0 6 3
a 510 133 0 40 9
a 510 972 0 30 10
a 510 175 0 21 3
a 510 520 0 28 6
a 511 973 0 40 5
a 511 320 0 19 5
a 511 842 0 16 2
a 511 650 0 37 5
a 511 35 0 45 3
a 511 461 0 47 4
a 514 84 0 40 3
a 514 969 0 37 2
a 514 871 0 21 4
a 514 316 0 50 3
a 514 642 0 17 4
a 515 290 0 40 9
a 515 418 0 39 8
a 515 887 0 4 5
a 515 875 0 40 8
a 518 575 0 40 4
a 518 449 0 17 1
a 522 170 0 40 5
a 522 411 0 22 10
a 522 901 0 28 4
a 522 531 0 12 9
a 524 70 0 40 2
a 524 991 0 42 5
a 524 336 0 49 4
a 524 732 0 40 2
a 524 792 0 34 4
a 524 718 0 30 2
a 529 743 0 40 9
a 529 199 0 34 7
a 529 225 0 35 2
a 529 912 0 13 2
a 530 332 0 40 6
a 530 134 0 29 4
a 530 742 0 19 5
a 530 833 0 28 8
a 530 557 0 10 1
a 530 560 0 34 4
a 533 892 0 40 8
a 533 190 0 31 1
a 537 461 0 40 4
a 537 132 0 44 4
a 537 613 0 24 2
a 537 580 0 1 9
a 538 124 0 40 3
a 538 221 0 49 5
a 538 662 0 38 9
a 540 705 0 40 1
a 540 332 0 34 6
a 541 123 0 40 7
a 541 450 0 4 4
a 541 741 0 26 2
a 541 480 0 4 4
a 541 605 0 7 6
a 541 960 0 5 6
a 542 752 0 40 2
a 542 609 0 20 4
a 542 933 0 6 8
a 542 952 0 7 7
a 543 626 0 40 1
a 543 936 0 45 5
a 543 160 0 23 5
a 543 248 0 31 7
a 543 787 0 42 6
a 545 288 0 40 9
a 545 54 0 12 7
a 545 298 0 34 5
a 545 413 0 13 8
a 546 740 0 40 4
a 546 834 0 18 8
a 546 395 0 17 1
a 546 264 0 8 6
a 546 992 0 35 6
a 546 28 0 25 1
a 552 646 0 40 3
a 552 979 0 9 6
a 552 471 0 15 4
a 554 73 0 40 6
a 554 632 0 45 10
a 555 340 0 40 4
a 555 188 0 18 6
a 558 633 0 40 10
a 558 103 0 26 10
a 558 696 0 28 6
a 558 601 0 39 9
a 558 909 0 41 2
a 558 898 0 11 5
a 559 731 0 40 6
a 559 975 0 45 1
a 559 57 0 50 2
a 561 356 0 40 7
a 561 613 0 45 3
a 563 497 0 40 4
a 563 71 0 26 8
a 568 665 0 40 1
a 568 450 0 44 5
a 568 421 0 43 6
a 568 458 0 34 3
a 570 430 0 40 10
a 570 139 0 8 10
a 570 375 0 22 5
a 570 215 0 21 1
a 570 111 0 12 2
a 572 309 0 40 1
a 572 974 0 0 7
a 573 803 0 40 10
a 573 739 0 31 9
a 573 664 0 40 5
a 573 477 0 14 6
a 573 927 0 19 3
a 574 318 0 40 2
a 574 460 0 25 10
a 574 408 0 29 7
a 574 862 0 0 2
a 574 640 0 11 3
a 575 686 0 40 7
a 575 300 0 11 1
a 577 877 0 40 2
a 577 628 0 19 9
a 577 944 0 18 10
a 577 358 0 22 9
a 577 65 0 5 8
a 577 650 0 49 2
a 578 465 0 40 3
a 578 909 0 0 4
a 578 364 0 44 9
a 578 488 0 13 9
a 578 967 0 41 3
a 579 746 0 40 10
a 579 237 0 44 2
a 579 320 0 36 10
a 579 714 0 18 8
a 579 486 0 28 10
a 579 263 0 46 2
a 580 648 0 40 7
a 580 718 0 48 5
a 582 154 0 40 5
a 582 20 0 35 10
a 582 212 0 20 6
a 582 586 0 12 7
a 582 780 0 5 6
a 582 950 0 34 9
a 583 443 0 40 6
a 583 571 0 5 2
a 583 956 0 15 10
a 583 40 0 17 5
a 584 42 0 40 8
a 584 76 0 39 1
a 584 467 0 49 10
a 584 368 0 14 6
a 586 675 0 40 9
a 586 20 0 8 8
a 586 474 0 50 10
a 586 47 0 29 10
a 587 17 0 40 4
a 587 552 0 41 3
a 587 317 0 50 8
a 587 251 0 34 6
a 587 625 0 5 1
a 590 775 0 40 2
a 590 693 0 13 4
a 590 446 0 42 3
a 592 703 0 40 8
a 592 241 0 16 6
a 592 323 0 0 9
a 592 206 0 21 2
a 594 302 0 40 6
a 594 458 0 45 8
a 594 676 0 35 6
a 594 665 0 29 3
a 594 776 0 32 9
a 596 350 0 40 5
a 596 463 0 11 1
a 596 767 0 15 10
a 596 390 0 40 8
a 596 744 0 34 9
a 596 421 0 10 3
a 600 330 0 40 7
a 600 515 0 34 4
a 600 837 0 5 1
a 600 771 0 4 5
a 600 318 0 2 10
a 600 323 0 9 4
a 603 655 0 40 6
a 603 846 0 48 2
a 606 579 0 40 5
a 606 621 0 15 6
a 606 516 0 48 8
a 606 843 0 24 5
a 607 850 0 40 6
a 607 316 0 31 7
a 607 502 0 23 10
a 607 342 0 15 2
a 609 925 0 40 3
a 609 109 0 45 5
a 610 104 0 40 7
a 610 121 0 14 1
a 611 299 0 40 6
a 611 130 0 3 8
a 611 410 0 0 5
a 611 32 0 5 10
a 611 103 0 0 6
a 613 54 0 40 4
a 613 432 0 10 8
a 613 248 0 4 1
a 613 279 0 20 8
a 613 517 0 3 9
a 616 808 0 40 1
a 616 624 0 45 3
a 616 786 0 29 7
a 616 357 0 19 10
a 622 386 0 40 4
a 622 673 0 24 8
a 622 94 0 32 1
a 622 662 0 3 2
a 625 645 0 40 9
a 625 366 0 0 4
a 625 452 0 24 3
a 626 43 0 40 4
a 626 879 0 39 10
a 626 922 0 17 10
a 626 148 0 38 4
a 626 875 0 26 1
a 630 625 0 40 3
a 630 169 0 24 2
a 630 792 0 23 7
a 630 789 0 26 1
a 630 623 0 15 2
a 631 183 0 40 2
a 631 484 0 18 2
a 631 417 0 0 2
a 631 128 0 10 10
a 631 34 0 2 2
a 631 570 0 32 8
a 632 272 0 40 5
a 632 828 0 29 1
a 633 587 0 40 8
a 633 453 0 39 10
a 633 844 0 49 7
a 633 501 0 34 9
a 633 482 0 47 2
a 634 582 0 40 4
a 634 64 0 46 10
a 634 156 0 4 6
a 634 177 0 18 8
a 634 570 0 23 8
a 634 679 0 34 4
a 640 767 0 40 9
a 640 34 0 13 4
a 640 825 0 10 1
a 640 474 0 12 7
a 640 890 0 19 5
a 641 223 0 40 1
a 641 857 0 22 9
a 641 436 0 44 7
a 641 333 0 25 7
a 641 902 0 9 3
a 642 239 0 40 1
a 642 950 0 41 6
a 642 857 0 39 10
a 642 326 0 4 4
a 642 453 0 0 4
a 645 837 0 40 4
a 645 915 0 13 8
a 646 440 0 40 1
a 646 41 0 50 5
a 647 584 0 40 10
a 647 200 0 48 4
a 647 347 0 35 10
a 647 472 0 12 5
a 647 357 0 44 5
a 648 507 0 40 5
a 648 528 0 18 9
a 648 312 0 27 3
a 648 944 0 1 3
a 649 688 0 40 6
a 649 634 0 30 6
a 649 228 0 41 6
a 649 916 0 25 6
a 649 756 0 14 9
a 652 545 0 40 10
a 652 548 0 28 8
a 653 90 0 40 1
a 653 113 0 45 1
a 653 720 0 13 1
a 653 693 0 40 10
a 653 860 0 44 5
a 654 175 0 40 6
a 654 214 0 35 4
a 654 393 0 41 3
a 654 403 0 39 9
a 655 791 0 40 5
a 655 911 0 37 9
a 656 709 0 40 6
a 656 838 0 11 5
a 656 62 0 49 9
a 656 416 0 22 6
a 657 185 0 40 3
a 657 100 0 21 5
a 659 607 0 40 6
a 659 89 0 36 9
a 659 946 0 45 3
a 659 513 0 16 9
a 661 923 0 40 6
a 661 341 0 6 10
a 661 840 0 49 6
a 661 670 0 45 1
a 661 192 0 36 9
a 661 491 0 36 10
a 663 160 0 40 7
a 663 617 0 48 8
a 665 738 0 40 5
a 665 410 0 46 4
a 665 553 0 9 2
a 665 369 0 2 2
a 665 405 0 44 10
a 665 478 0 37 2
a 666 186 0 40 9
a 666 38 0 17 8
a 666 22 0 32 8
a 667 717 0 40 4
a 667 165 0 36 2
a 667 98 0 34 9
a 667 807 0 10 6
a 672 583 0 40 10
a 672 197 0 30 5
a 672 978 0 26 3
a 672 644 0 42 5
a 673 293 0 40 1
a 673 462 0 25 10
a 673 975 0 12 3
a 673 872 0 33 4
a 673 306 0 43 2
a 675 936 0 40 8
a 675 927 0 21 9
a 675 848 0 43 2
a 675 655 0 16 1
a 675 716 0 23 5
a 676 337 0 40 8
a 676 814 0 37 8
a 676 612 0 30 8
a 676 499 0 47 3
a 676 407 0 39 5
a 677 414 0 40 8
a 677 104 0 41 8
a 682 357 0 40 8
a 682 18 0 0 7
a 683 113 0 40 8
a 683 404 0 49 2
a 683 900 0 21 7
a 684 976 0 40 1
a 684 199 0 46 2
a 684 254 0 24 6
a 684 538 0 1 9
a 685 300 0 40 8
a 685 994 0 5 2
a 686 984 0 40 3
a 686 299 0 13 3
a 686 507 0 45 5
a 686 763 0 13 7
a 687 79 0 40 9
a 687 984 0 49 8
a 687 629 0 50 5
a 688 471 0 40 5
a 688 883 0 25 3
a 688 196 0 50 3
a 688 815 0 20 1
a 688 663 0 21 3
a 688 475 0 11 9
a 689 546 0 40 1
a 689 648 0 3 8
a 690 450 0 40 6
a 690 841 0 46 10
a 690 710 0 10 7
a 690 538 0 7 2
a 690 402 0 26 3
a 690 819 0 5 3
a 692 380 0 40 1
a 692 716 0 45 2
a 692 346 0 13 6
a 693 642 0 40 6
a 693 209 0 35 1
a 693 350 0 13 4
a 693 102 0 49 9
a 693 316 0 46 4
a 694 881 0 40 2
a 694 65 0 36 8
a 694 779 0 28 5
a 694 596 0 3 10
a 694 344 0 47 4
a 695 796 0 40 5
a 695 241 0 32 5
a 695 396 0 28 3
a 695 556 0 39 7
a 698 543 0 40 3
a 698 442 0 37 9
a 699 789 0 40 6
a 699 483 0 13 7
a 699 160 0 0 9
a 700 922 0 40 5
a 700 799 0 11 5
a 701 997 0 40 6
a 701 432 0 12 4
a 701 371 0 37 3
a 701 528 0 37 6
a 702 331 0 40 4
a 702 464 0 13 6
a 702 790 0 5 1
a 703 26 0 40 2
a 703 955 0 19 6
a 703 486 0 20 8
a 703 320 0 30 6
a 704 171 0 40 4
a 704 852 0 25 5
a 705 945 0 40 10
a 705 14 0 13 1
a 705 569 0 20 4
a 709 989 0 40 2
a 709 861 0 6 10
a 713 974 0 40 2
a 713 611 0 11 10
a 713 793 0 47 4
a 713 656 0 10 10
a 713 580 0 5 2
a 715 609 0 40 8
a 715 230 0 3 7
a 715 452 0 40 4
a 715 373 0 10 1
a 715 548 0 26 2
a 715 252 0 15 1
a 716 265 0 40 10
a 716 448 0 6 3
a 716 123 0 33 10
a 716 869 0 5 2
a 717 580 0 40 10
a 717 340 0 35 3
a 718 35 0 40 4
a 718 937 0 24 8
a 718 711 0 28 5
a 721 11 0 40 8
a 721 23 0 46 8
a 721 269 0 0 4
a 724 259 0 40 7
a 724 1000 0 6 4
a 726 203 0 40 10
a 726 582 0 13 10
a 731 292 0 40 7
a 731 414 0 42 4
a 731 282 0 4 7
a 731 806 0 12 5
a 731 938 0 0 10
a 731 609 0 0 1
a 733 630 0 40 8
a 733 705 0 23 9
a 733 941 0 23 7
a 733 479 0 3 10
a 733 7 0 7 9
a 735 310 0 40 1
a 735 950 0 7 5
a 735 901 0 16 6
a 737 965 0 40 7
a 737 474 0 37 5
a 737 480 0 7 2
a 737 112 0 38 6
a 737 562 0 9 5
a 738 622 0 40 3
a 738 699 0 50 7
a 740 716 0 40 6
a 740 826 0 41 9
a 740 222 0 19 8
a 740 7 0 47 7
a 740 374 0 7 3
a 740 356 0 20 1
a 741 209 0 40 5
a 741 755 0 31 10
a 742 162 0 40 4
a 742 678 0 3 3
a 743 294 0 40 2
a 743 258 0 31 9
a 744 496 0 40 9
a 744 694 0 37 5
a 744 386 0 18 10
a 744 441 0 19 1
a 745 150 0 40 10
a 745 465 0 13 6
a 745 710 0 33 5
a 745 998 0 13 8
a 745 552 0 4 2
a 746 64 0 40 8
a 746 941 0 16 2
a 746 606 0 17 7
a 746 460 0 4 5
a 746 885 0 45 6
a 746 173 0 14 7
a 748 284 0 40 9
a 748 52 0 42 4
a 748 350 0 45 9
a 748 82 0 24 10
a 749 780 0 40 10
a 749 200 0 11 4
a 749 301 0 33 6
a 749 365 0 38 4
a 750 393 0 40 8
a 750 602 0 48 7
a 750 661 0 13 4
a 750 403 0 2 7
a 750 997 0 39 2
a 750 855 0 6 2
a 751 963 0 40 2
a 751 94 0 33 4
a 751 296 0 43 9
a 752 322 0 40 3
a 752 659 0 26 5
a 753 561 0 40 5
a 753 687 0 15 7
a 753 642 0 18 4
a 753 185 0 13 10
a 753 538 0 18 10
a 753 630 0 31 7
a 754 654 0 40 8
a 754 164 0 6 10
a 755 839 0 40 4
a 755 186 0 37 7
a 756 467 0 40 9
a 756 801 0 48 6
a 756 106 0 41 10
a 756 566 0 23 9
a 758 88 0 40 2
a 758 639 0 18 3
a 759 267 0 40 10
a 759 742 0 16 7
a 759 710 0 41 1
a 759 552 0 4 6
a 759 755 0 27 4
a 759 556 0 17 3
a 760 701 0 40 7
a 760 385 0 11 7
a 760 413 0 27 6
a 760 163 0 40 4
a 760 372 0 3 7
a 760 508 0 26 4
a 766 634 0 40 5
a 766 319 0 1 2
a 766 804 0 12 10
a 766 685 0 39 1
a 767 522 0 40 3
a 767 939 0 18 9
a 767 268 0 14 10
a 767 412 0 20 5
a 767 383 0 21 3
a 767 576 0 27 10
a 769 570 0 40 3
a 769 155 0 45 10
a 769 607 0 37 9
a 769 108 0 6 1
a 769 969 0 32 2
a 770 287 0 40 4
a 770 337 0 22 5
a 770 23 0 17 8
a 771 906 0 40 1
a 771 541 0 0 10
a 773 540 0 40 10
a 773 126 0 29 5
a 773 375 0 39 3
a 773 805 0 31 4
a 773 465 0 42 3
a 775 800 0 40 5
a 775 214 0 4 9
a 775 637 0 32 6
a 775 455 0 29 1
a 775 94 0 4 8
a 775 711 0 34 3
a 776 744 0 40 3
a 776 546 0 33 4
a 776 263 0 16 5
a 776 714 0 37 4
a 780 878 0 40 1
a 780 199 0 37 10
a 780 724 0 11 8
a 780 302 0 17 10
a 782 975 0 40 9
a 782 288 0 11 8
a 784 677 0 40 1
a 784 757 0 47 4
a 786 917 0 40 8
a 786 816 0 16 1
a 786 611 0 32 6
a 786 315 0 4 6
a 787 296 0 40 7
a 787 248 0 6 8
a 788 493 0 40 1
a 788 132 0 12 6
a 788 152 0 2 10
a 788 753 0 18 6
a 788 944 0 1 4
a 788 756 0 17 1
a 789 397 0 40 5
a 789 208 0 1 3
a 789 802 0 25 6
a 789 429 0 6 5
a 789 958 0 47 7
a 790 647 0 40 6
a 790 582 0 4 1
a 791 689 0 40 3
a 791 514 0 43 1
a 793 31 0 40 4
a 793 550 0 36 6
a 793 216 0 12 7
a 793 975 0 47 3
a 793 183 0 45 6
a 793 557 0 5 7
a 796 930 0 40 9
a 796 830 0 35 8
a 796 488 0 14 2
a 796 645 0 49 8
a 796 351 0 21 5
a 798 721 0 40 6
a 798 897 0 39 5
a 798 828 0 32 3
a 798 67 0 16 7
a 799 790 0 40 5
a 799 398 0 12 2
a 799 574 0 25 2
a 799 49 0 43 7
a 800 75 0 40 9
a 800 379 0 14 5
a 800 57 0 29 5
a 800 400 0 21 4
a 800 806 0 31 3
a 800 381 0 44 6
a 802 590 0 40 4
a 802 344 0 6 10
a 802 664 0 34 5
a 802 920 0 48 6
a 802 179 0 20 9
a 802 930 0 16 2
a 803 640 0 40 5
a 803 114 0 19 4
a 806 114 0 40 6
a 806 126 0 43 7
a 806 709 0 26 1
a 806 359 0 39 10
a 808 755 0 40 5
a 808 371 0 33 8
a 808 394 0 14 1
a 808 978 0 30 4
a 808 937 0 12 1
a 810 518 0 40 2
a 810 736 0 9 4
a 810 170 0 39 5
a 810 619 0 29 6
a 810 745 0 5 6
a 810 830 0 0 3
a 812 444 0 40 9
a 812 69 0 8 5
a 812 280 0 21 7
a 812 698 0 8 4
a 812 910 0 30 1
a 812 725 0 27 9
a 820 596 0 40 1
a 820 864 0 49 5
a 820 931 0 48 4
a 820 346 0 15 7
a 821 55 0 40 8
a 821 878 0 48 9
a 825 445 0 40 10
a 825 314 0 8 1
a 825 268 0 43 2
a 825 447 0 34 2
a 825 865 0 42 3
a 825 573 0 30 2
a 826 217 0 40 2
a 826 274 0 13 10
a 826 168 0 9 10
a 826 590 0 26 2
a 828 529 0 40 1
a 828 337 0 49 4
a 829 735 0 40 8
a 829 244 0 37 2
a 829 706 0 18 3
a 829 824 0 23 3
a 829 849 0 23 7
a 835 964 0 40 6
a 835 643 0 20 1
a 837 304 0 40 3
a 837 68 0 14 7
a 837 479 0 13 10
a 838 920 0 40 4
a 838 843 0 14 3
a 838 576 0 30 1
a 838 649 0 13 1
a 839 533 0 40 1
a 839 499 0 22 4
a 839 888 0 46 4
a 839 149 0 14 6
a 844 537 0 40 5
a 844 80 0 50 5
a 844 915 0 0 6
a 844 86 0 0 3
a 844 828 0 36 3
a 844 111 0 49 9
a 846 28 0 40 8
a 846 128 0 22 1
a 846 895 0 32 2
a 848 713 0 40 6
a 848 191 0 44 6
a 848 385 0 46 6
a 848 674 0 37 6
a 848 913 0 27 1
a 848 679 0 46 9
a 850 649 0 40 5
a 850 901 0 10 7
a 850 756 0 25 5
a 850 161 0 4 5
a 850 611 0 20 4
a 851 61 0 40 10
a 851 175 0 9 3
a 852 206 0 40 4
a 852 169 0 14 8
a 852 88 0 16 2
a 852 470 0 4 4
a 856 787 0 40 9
a 856 507 0 12 2
a 856 974 0 31 10
a 856 622 0 25 1
a 856 640 0 20 6
a 861 403 0 40 7
a 861 626 0 22 4
a 861 748 0 49 8
a 861 113 0 19 1
a 861 643 0 29 9
a 862 942 0 40 9
a 862 298 0 41 6
a 865 695 0 40 5
a 865 314 0 30 9
a 865 602 0 33 7
a 865 653 0 40 4
a 865 153 0 15 3
a 866 592 0 40 3
a 866 963 0 3 5
a 866 593 0 49 8
a 866 173 0 28 9
a 866 196 0 28 4
a 869 851 0 40 10
a 869 723 0 9 5
a 869 997 0 6 8
a 869 782 0 8 1
a 875 751 0 40 6
a 875 179 0 20 7
a 875 17 0 41 7
a 875 481 0 14 1
a 877 163 0 40 3
a 877 496 0 30 3
a 877 499 0 12 1
a 877 403 0 0 5
a 877 467 0 22 7
a 877 213 0 19 9
a 878 159 0 40 9
a 878 410 0 36 1
a 880 951 0 40 5
a 880 479 0 6 5
a 880 522 0 38 5
a 880 147 0 50 7
a 880 519 0 8 1
a 880 990 0 37 7
a 881 180 0 40 3
a 881 601 0 18 8
a 883 821 0 40 6
a 883 730 0 1 10
a 883 194 0 16 5
a 886 306 0 40 5
a 886 938 0 39 8
a 886 751 0 21 9
a 890 297 0 40 10
a 890 29 0 12 9
a 892 329 0 40 9
a 892 982 0 45 2
a 892 90 0 8 9
a 892 430 0 10 6
a 893 58 0 40 1
a 893 940 0 8 8
a 895 484 0 40 6
a 895 933 0 16 9
a 895 747 0 18 7
a 895 762 0 25 4
a 895 27 0 39 7
a 900 606 0 40 8
a 900 895 0 28 4
a 901 698 0 40 7
a 901 316 0 32 5
a 902 46 0 40 2
a 902 350 0 41 5
a 902 423 0 50 4
a 902 161 0 27 1
a 905 197 0 40 2
a 905 885 0 21 6
a 905 221 0 14 1
a 906 117 0 40 7
a 906 838 0 48 4
a 906 840 0 19 7
a 906 706 0 36 9
a 911 423 0 40 8
a 911 880 0 17 10
a 911 553 0 23 6
a 914 427 0 40 10
a 914 618 0 17 1
a 914 657 0 45 7
a 915 699 0 40 2
a 915 89 0 21 10
a 915 304 0 26 6
a 916 900 0 40 6
a 916 258 0 21 10
a 917 324 0 40 5
a 917 247 0 30 6
a 917 971 0 32 10
a 917 75 0 40 2
a 917 206 0 49 10
a 917 471 0 31 6
a 919 408 0 40 10
a 919 136 0 44 1
a 919 755 0 27 8
a 920 538 0 40 3
a 920 101 0 19 3
a 922 276 0 40 2
a 922 736 0 44 8
a 922 683 0 25 5
a 922 621 0 16 1
a 922 390 0 34 10
a 922 311 0 10 4
a 923 131 0 40 6
a 923 543 0 8 8
a 923 684 0 5 4
a 923 449 0 30 1
a 925 969 0 40 6
a 925 63 0 2 7
a 929 788 0 40 3
a 929 28 0 8 7
a 930 458 0 40 6
a 930 31 0 11 2
a 930 933 0 41 1
a 930 561 0 33 2
a 930 157 0 8 4
a 930 448 0 12 6
a 934 347 0 40 5
a 934 216 0 39 2
a 934 755 0 2 7
a 936 810 0 40 8
a 936 208 0 46 2
a 936 518 0 13 7
a 936 748 0 18 4
a 936 603 0 44 6
a 940 29 0 40 3
a 940 293 0 35 6
a 940 547 0 1 8
a 940 541 0 26 3
a 940 712 0 25 6
a 940 771 0 43 6
a 940 695 0 17 9
a 942 394 0 40 5
a 942 462 0 31 7
a 942 245 0 18 7
a 942 199 0 38 5
a 942 390 0 26 10
a 942 721 0 30 8
a 945 769 0 40 2
a 945 159 0 40 1
a 945 935 0 32 3
a 945 214 0 40 6
a 945 601 0 46 3
a 946 419 0 40 1
a 946 684 0 38 6
a 950 766 0 40 2
a 950 171 0 4 9
a 950 866 0 16 5
a 950 72 0 43 7
a 950 632 0 16 7
a 950 930 0 47 1
a 951 235 0 40 7
a 951 942 0 22 8
a 951 758 0 24 2
a 951 541 0 20 2
a 956 140 0 40 9
a 956 823 0 16 4
a 956 37 0 16 8
a 960 102 0 40 3
a 960 42 0 42 10
a 960 850 0 33 3
a 960 598 0 45 1
a 960 890 0 40 3
a 960 962 0 37 3
a 962 202 0 40 5
a 962 998 0 9 8
a 962 50 0 46 8
a 962 959 0 41 3
a 962 71 0 43 2
a 962 33 0 27 9
a 963 362 0 40 2
a 963 783 0 14 7
a 963 979 0 47 2
a 963 514 0 7 4
a 964 34 0 40 3
a 964 686 0 15 2
a 964 391 0 6 10
a 964 117 0 50 5
a 965 477 0 40 3
a 965 135 0 16 5
a 965 144 0 39 10
a 965 297 0 42 4
a 965 222 0 38 9
a 966 442 0 40 7
a 966 420 0 43 7
a 966 499 0 25 4
a 967 750 0 40 4
a 967 450 0 27 3
a 967 808 0 20 3
a 967 179 0 38 2
a 967 971 0 36 9
a 969 967 0 40 9
a 969 326 0 46 4
a 972 66 0 40 2
a 972 182 0 48 6
a 972 190 0 38 1
a 972 773 0 12 4
a 973 23 0 40 5
a 973 178 0 40 9
a 973 54 0 50 1
a 973 988 0 34 10
a 974 245 0 40 10
a 974 598 0 29 1
a 974 130 0 14 5
a 975 919 0 40 1
a 975 796 0 0 2
a 976 24 0 40 7
a 976 122 0 18 10
a 976 337 0 40 10
a 976 753 0 2 2
a 976 360 0 15 7
a 979 515 0 40 1
a 979 67 0 37 8
a 981 733 0 40 4
a 981 22 0 26 2
a 981 46 0 46 8
a 981 25 0 10 10
a 981 187 0 47 1
a 981 871 0 43 4
a 984 436 0 40 4
a 984 497 0 34 8
a 987 273 0 40 7
a 987 637 0 9 1
a 987 40 0 36 3
a 987 888 0 48 2
a 987 824 0 31 1
a 989 652 0 40 4
a 989 941 0 33 8
a 989 467 0 50 1
a 989 221 0 4 6
a 993 875 0 40 3
a 993 703 0 44 4
a 993 734 0 8 1
a 995 745 0 40 5
a 995 698 0 8 8
a 995 589 0 4 2
a 995 381 0 35 6
a 997 693 0 40 2
a 997 940 0 37 7
a 997 47 0 18 4
a 998 270 0 40 6
a 998 910 0 21 3
