c PyNETGEN v1.0.0
c $ pip install pynetgen
c
c  NETGEN flow network generation algorithm
c  Problem input parameters
c  -------------------------------------
c   Random seed:          20
c   Number of nodes:      1000
c   Source nodes:         2
c   Sink nodes:           2
c   Number of arcs:       4000
c   Minimum arc cost:     1
c   Maximum arc cost:     10
c   Total supply:         50
c   Transshipment -
c     Sources:            0
c     Sinks:              0
c   Skeleton arcs -
c     With max cost:      0
c     Capacitated:        100
c   Minimum arc capacity: 0
c   Maximum arc capacity: 50
c
c  *** Minimum cost flow ***
c
p min 1000 4000
n 1 25
n 2 25
n 999 -16
n 1000 -34
a 1 99 0 25 9
a 1 814 0 43 10
a 1 508 0 5 1
a 1 275 0 40 10
a 1 660 0 41 8
a 1 809 0 49 5
a 1 492 0 1 2
a 4 277 0 25 10
a 4 700 0 3 4
a 4 151 0 18 1
a 4 704 0 16 1
a 5 262 0 25 9
a 5 292 0 5 6
a 5 659 0 39 2
a 5 973 0 39 9
a 5 847 0 43 6
a 5 308 0 20 3
a 7 775 0 25 1
a 7 184 0 36 9
a 7 810 0 19 7
a 7 345 0 25 8
a 7 835 0 35 5
a 7 642 0 35 8
a 7 648 0 35 2
a 8 293 0 25 2
a 8 865 0 6 4
a 8 825 0 14 6
a 10 959 0 25 9
a 10 523 0 47 8
a 10 442 0 29 7
a 10 274 0 24 3
a 10 623 0 38 3
a 10 229 0 41 2
a 16 332 0 25 6
a 16 137 0 43 8
a 16 921 0 32 3
a 16 791 0 21 7
a 16 511 0 2 2
a 16 255 0 37 6
a 17 803 0 25 1
a 17 345 0 47 6
a 17 310 0 13 2
a 17 647 0 24 4
a 17 845 0 48 6
a 18 662 0 25 4
a 18 666 0 37 8
a 18 815 0 44 10
a 23 827 0 25 9
a 23 701 0 26 2
a 24 184 0 25 3
a 24 768 0 41 3
a 25 798 0 25 1
a 25 985 0 32 9
a 25 710 0 45 3
a 25 899 0 38 5
a 25 855 0 43 10
a 25 713 0 18 9
a 25 598 0 10 5
a 26 436 0 25 4
a 26 996 0 3 7
a 26 904 0 41 4
a 26 135 0 23 2
a 26 819 0 24 10
a 26 39 0 9 2
a 27 956 0 25 4
a 27 562 0 45 9
a 31 440 0 25 5
a 31 479 0 8 2
a 31 247 0 23 3
a 32 955 0 25 8
a 32 518 0 37 8
a 32 252 0 32 7
a 33 90 0 25 3
a 33 837 0 0 2
a 33 520 0 32 3
a 33 500 0 20 6
a 33 561 0 3 1
a 34 251 0 25 2
a 34 793 0 45 4
a 34 712 0 10 9
a 34 417 0 42 7
a 34 67 0 31 3
a 34 6 0 33 9
a 35 269 0 25 4
a 35 182 0 41 10
a 35 859 0 21 10
a 35 845 0 16 2
a 35 980 0 20 3
a 36 544 0 25 2
a 36 134 0 38 8
a 36 61 0 2 10
a 38 36 0 25 6
a 38 556 0 11 8
a 38 920 0 9 6
a 40 81 0 25 2
a 40 578 0 37 10
a 40 614 0 39 10
a 40 923 0 9 6
a 40 192 0 4 4
a 40 536 0 17 6
a 41 373 0 25 6
a 41 895 0 35 6
a 41 610 0 41 8
a 41 160 0 19 9
a 42 321 0 25 5
a 42 590 0 34 6
a 42 881 0 39 7
a 43 705 0 25 9
a 43 399 0 38 6
a 44 786 0 25 5
a 44 877 0 27 5
a 44 434 0 21 9
a 44 915 0 32 2
a 44 510 0 19 2
a 46 879 0 25 8
a 46 140 0 21 2
a 46 102 0 44 9
a 46 677 0 11 5
a 46 564 0 15 5
a 46 301 0 6 8
a 47 730 0 25 7
a 47 561 0 41 3
a 47 431 0 29 7
a 48 516 0 25 10
a 48 726 0 35 3
a 48 244 0 13 3
a 48 766 0 39 9
a 48 203 0 44 6
a 51 467 0 25 4
a 51 348 0 22 3
a 51 931 0 26 7
a 52 537 0 25 1
a 52 158 0 14 1
a 52 325 0 19 1
a 52 962 0 24 9
a 56 791 0 25 6
a 56 776 0 46 2
a 57 62 0 25 4
a 57 944 0 9 3
a 58 337 0 25 9
a 58 533 0 36 1
a 58 741 0 9 2
a 58 529 0 31 9
a 59 968 0 25 6
a 59 356 0 45 9
a 59 728 0 49 4
a 59 557 0 4 9
a 60 502 0 25 3
a 60 900 0 8 6
a 60 225 0 16 8
a 60 233 0 12 10
a 61 784 0 25 10
a 61 516 0 40 10
a 61 869 0 33 9
a 61 525 0 5 4
a 61 251 0 26 1
a 62 961 0 25 1
a 62 658 0 18 9
a 62 502 0 18 6
a 62 505 0 38 10
a 62 590 0 41 10
a 63 34 0 25 3
a 63 974 0 45 9
a 63 684 0 2 4
a 63 500 0 49 3
a 63 443 0 38 2
a 65 769 0 25 5
a 65 72 0 19 3
a 65 131 0 38 3
a 65 444 0 36 3
a 65 640 0 28 10
a 67 977 0 25 10
a 67 976 0 48 10
a 67 873 0 12 1
a 67 175 0 0 10
a 69 300 0 25 2
a 69 39 0 30 7
a 69 12 0 2 1
a 69 788 0 29 4
a 69 951 0 21 6
a 73 249 0 25 1
a 73 901 0 7 9
a 73 7 0 9 3
a 75 744 0 25 6
a 75 308 0 47 2
a 75 452 0 39 2
a 75 976 0 29 9
a 75 340 0 44 4
a 76 766 0 25 8
a 76 281 0 22 10
a 76 255 0 14 4
a 76 28 0 7 3
a 76 910 0 41 9
a 79 925 0 25 1
a 79 388 0 14 5
a 79 458 0 14 10
a 79 70 0 49 6
a 80 567 0 25 6
a 80 927 0 47 2
a 80 608 0 24 10
a 80 971 0 25 9
a 81 123 0 25 10
a 81 417 0 0 6
a 81 957 0 9 10
a 81 603 0 11 3
a 81 486 0 48 2
a 81 158 0 41 9
a 82 52 0 25 6
a 82 25 0 3 9
a 82 874 0 45 4
a 82 890 0 24 1
a 82 598 0 22 7
a 82 222 0 9 7
a 86 852 0 25 6
a 86 75 0 33 2
a 86 536 0 3 9
a 86 569 0 1 4
a 86 413 0 43 7
a 86 901 0 12 10
a 87 357 0 25 2
a 87 818 0 11 8
a 87 647 0 3 10
a 87 504 0 28 4
a 87 23 0 48 9
a 87 948 0 0 4
a 89 828 0 25 6
a 89 303 0 45 7
a 90 731 0 25 1
a 90 138 0 45 4
a 90 925 0 26 8
a 92 528 0 25 6
a 92 329 0 47 8
a 92 751 0 4 7
a 94 821 0 25 1
a 94 378 0 4 10
a 94 761 0 46 4
a 99 432 0 25 5
a 99 868 0 14 5
a 99 684 0 26 4
a 102 719 0 25 3
a 102 212 0 14 4
a 102 545 0 0 5
a 102 949 0 17 3
a 102 932 0 38 4
a 102 444 0 23 1
a 103 151 0 25 4
a 103 580 0 23 4
a 103 634 0 46 6
a 109 272 0 25 2
a 109 206 0 24 6
a 109 444 0 3 3
a 109 543 0 49 6
a 109 258 0 43 7
a 110 824 0 25 5
a 110 490 0 32 10
a 110 243 0 46 4
a 110 802 0 42 3
a 110 8 0 7 2
a 110 287 0 38 10
a 111 488 0 25 3
a 111 678 0 36 10
a 112 922 0 25 7
a 112 243 0 45 2
a 112 756 0 24 10
a 112 528 0 27 8
a 112 541 0 1 5
a 113 494 0 25 10
a 113 818 0 24 9
a 113 325 0 49 3
a 113 79 0 16 2
a 113 693 0 6 10
a 113 159 0 49 8
a 115 559 0 25 6
a 115 143 0 44 4
a 116 192 0 25 4
a 116 878 0 39 6
a 116 992 0 45 10
a 117 629 0 25 6
a 117 110 0 47 8
a 117 25 0 42 3
a 117 678 0 38 10
a 117 689 0 35 8
a 118 111 0 25 5
a 118 502 0 16 1
a 118 421 0 27 5
a 118 988 0 12 8
a 118 190 0 29 5
a 120 368 0 25 4
a 120 155 0 1 9
a 120 926 0 0 8
a 120 23 0 16 4
a 120 203 0 20 2
a 120 970 0 8 1
a 121 997 0 25 8
a 121 341 0 13 9
a 121 353 0 37 10
a 121 791 0 19 10
a 121 536 0 42 5
a 122 47 0 25 4
a 122 148 0 38 6
a 122 450 0 23 8
a 123 468 0 25 7
a 123 814 0 12 4
a 123 794 0 9 8
a 123 802 0 33 9
a 123 527 0 24 3
a 124 400 0 25 8
a 124 516 0 40 4
a 124 938 0 30 3
a 124 271 0 48 2
a 125 626 0 25 10
a 125 938 0 32 10
a 125 526 0 30 6
a 125 966 0 14 10
a 126 102 0 25 9
a 126 32 0 31 2
a 126 883 0 33 7
a 126 369 0 31 2
a 126 144 0 43 2
a 129 911 0 25 6
a 129 440 0 16 2
a 129 164 0 5 9
a 129 843 0 37 5
a 131 490 0 25 7
a 131 101 0 21 7
a 131 747 0 9 7
a 131 535 0 24 7
a 131 858 0 28 2
a 131 33 0 25 6
a 133 363 0 25 8
a 133 171 0 34 1
a 133 949 0 35 6
a 133 583 0 35 6
a 133 812 0 2 2
a 133 943 0 39 9
a 134 561 0 25 7
a 134 81 0 17 10
a 134 215 0 9 3
a 134 227 0 50 8
a 134 156 0 23 2
a 135 919 0 25 7
a 135 319 0 1 5
a 135 934 0 39 6
a 135 411 0 27 2
a 137 656 0 25 9
a 137 739 0 3 10
a 137 796 0 16 1
a 137 65 0 14 1
a 137 394 0 10 10
a 137 557 0 44 2
a 140 366 0 25 10
a 140 322 0 35 7
a 140 9 0 47 7
a 140 130 0 39 2
a 147 79 0 25 10
a 147 773 0 38 10
a 148 403 0 25 10
a 148 493 0 46 7
a 148 389 0 18 3
a 148 159 0 22 3
a 151 472 0 25 3
a 151 711 0 35 1
a 151 134 0 34 10
a 151 982 0 11 5
a 157 215 0 25 4
a 157 9 0 0 7
a 157 170 0 28 1
a 157 788 0 3 7
a 157 958 0 23 4
a 157 136 0 47 1
a 158 954 0 25 6
a 158 72 0 36 4
a 161 914 0 25 1
a 161 484 0 35 6
a 161 173 0 31 3
a 161 568 0 42 7
a 161 815 0 41 8
a 161 858 0 30 6
a 163 890 0 25 7
a 163 629 0 6 7
a 163 99 0 48 3
a 163 974 0 15 8
a 163 993 0 43 10
a 165 758 0 25 9
a 165 390 0 44 7
a 173 176 0 25 9
a 173 10 0 42 1
a 173 590 0 10 7
a 173 769 0 27 5
a 176 43 0 25 10
a 176 691 0 17 7
a 176 182 0 1 8
a 176 197 0 36 5
a 176 788 0 16 10
a 182 714 0 25 9
a 182 97 0 35 1
a 182 380 0 47 10
a 182 510 0 19 5
a 182 415 0 15 4
a 184 282 0 25 2
a 184 905 0 39 9
a 184 839 0 31 9
a 184 424 0 5 2
a 188 134 0 25 5
a 188 941 0 38 4
a 189 405 0 25 10
a 189 932 0 38 3
a 189 695 0 50 7
a 191 825 0 25 5
a 191 86 0 18 4
a 191 39 0 37 4
a 191 458 0 11 8
a 191 84 0 7 1
a 192 435 0 25 8
a 192 654 0 34 8
a 192 993 0 31 10
a 192 936 0 0 5
a 192 35 0 20 6
a 192 336 0 47 9
a 200 113 0 25 8
a 200 36 0 31 2
a 200 757 0 27 5
a 205 834 0 25 3
a 205 964 0 7 9
a 205 629 0 23 1
a 205 334 0 45 10
a 205 286 0 33 8
a 206 935 0 25 4
a 206 70 0 30 5
a 208 646 0 25 5
a 208 990 0 50 6
a 208 685 0 13 6
a 208 900 0 29 1
a 210 895 0 25 7
a 210 653 0 25 5
a 211 82 0 25 5
a 211 894 0 29 5
a 211 575 0 49 1
a 211 686 0 33 2
a 215 189 0 25 2
a 215 762 0 14 8
a 215 700 0 4 7
a 215 88 0 15 8
a 215 957 0 26 6
a 215 572 0 31 10
a 216 708 0 25 7
a 216 169 0 6 3
a 216 796 0 19 6
a 216 911 0 31 4
a 216 451 0 4 7
a 216 425 0 16 2
a 223 118 0 25 5
a 223 48 0 2 2
a 223 479 0 50 2
a 223 458 0 4 3
a 224 335 0 25 4
a 224 677 0 4 8
a 224 57 0 31 8
a 224 656 0 43 3
a 227 46 0 25 2
a 227 911 0 31 9
a 227 338 0 5 4
a 227 182 0 20 6
a 229 110 0 25 10
a 229 124 0 22 7
a 229 387 0 50 6
a 229 848 0 29 10
a 229 616 0 42 8
a 229 650 0 8 5
a 236 571 0 25 6
a 236 834 0 8 5
a 236 532 0 30 5
a 236 633 0 25 4
a 236 174 0 32 4
a 237 285 0 25 9
a 237 537 0 24 10
a 237 142 0 32 4
a 238 973 0 25 6
a 238 497 0 31 7
a 238 849 0 4 9
a 238 562 0 16 8
a 238 408 0 42 6
a 239 553 0 25 3
a 239 878 0 19 5
a 239 408 0 3 6
a 239 262 0 39 9
a 239 894 0 24 4
a 239 271 0 11 4
a 245 447 0 25 4
a 245 57 0 5 1
a 245 409 0 17 6
a 245 690 0 42 4
a 245 367 0 37 5
a 245 601 0 2 3
a 246 688 0 25 10
a 246 361 0 1 10
a 246 923 0 18 4
a 247 938 0 25 10
a 247 36 0 19 9
a 247 807 0 16 8
a 247 459 0 47 9
a 249 816 0 25 6
a 249 525 0 14 3
a 249 886 0 47 5
a 251 486 0 25 5
a 251 586 0 9 5
a 251 996 0 1 9
a 251 295 0 11 6
a 251 888 0 9 7
a 256 89 0 25 9
a 256 226 0 11 2
a 256 495 0 20 7
a 256 368 0 29 5
a 256 825 0 37 3
a 256 201 0 38 6
a 257 845 0 25 10
a 257 943 0 5 9
a 257 92 0 29 8
a 257 486 0 27 9
a 260 781 0 25 5
a 260 624 0 33 6
a 260 848 0 25 1
a 260 811 0 5 9
a 260 956 0 3 2
a 261 438 0 25 10
a 261 584 0 27 4
a 261 836 0 12 5
a 262 483 0 25 3
a 262 408 0 35 5
a 262 157 0 41 3
a 262 619 0 0 2
a 262 177 0 11 5
a 263 874 0 25 10
a 263 624 0 6 8
a 263 338 0 9 9
a 263 289 0 30 7
a 263 831 0 30 8
a 265 725 0 25 7
a 265 647 0 25 4
a 265 85 0 28 10
a 265 530 0 40 3
a 265 397 0 6 1
a 265 346 0 19 6
a 267 653 0 25 1
a 267 34 0 34 1
a 267 738 0 19 4
a 267 986 0 24 4
a 268 40 0 25 7
a 268 399 0 2 6
a 268 891 0 2 1
a 268 833 0 29 4
a 268 116 0 50 2
a 268 717 0 27 7
a 269 157 0 25 2
a 269 995 0 13 6
a 271 576 0 25 8
a 271 505 0 30 8
a 271 624 0 31 7
a 272 352 0 25 2
a 272 189 0 7 7
a 272 730 0 17 2
a 272 616 0 47 9
a 273 926 0 25 4
a 273 582 0 42 10
a 273 346 0 32 8
a 273 983 0 37 2
a 273 350 0 14 8
a 273 547 0 40 8
a 275 539 0 25 3
a 275 1000 0 23 4
a 275 386 0 6 6
a 275 285 0 10 3
a 275 727 0 50 1
a 275 106 0 4 5
a 277 247 0 25 4
a 277 126 0 43 10
a 277 230 0 45 3
a 278 981 0 25 2
a 278 610 0 49 5
a 278 577 0 46 8
a 278 199 0 46 6
a 278 682 0 12 3
a 278 747 0 39 5
a 280 717 0 25 5
a 280 885 0 9 3
a 280 499 0 37 8
a 280 646 0 25 5
a 280 931 0 42 4
a 280 820 0 14 10
a 281 644 0 25 3
a 281 887 0 40 6
a 281 568 0 36 1
a 282 59 0 25 7
a 282 678 0 43 4
a 282 956 0 48 5
a 282 311 0 19 10
a 282 171 0 40 8
a 285 280 0 25 1
a 285 477 0 0 4
a 285 199 0 5 4
a 288 682 0 25 5
a 288 227 0 48 7
a 289 619 0 25 4
a 289 574 0 46 3
a 289 369 0 19 6
a 289 940 0 40 2
a 289 641 0 11 5
a 293 764 0 25 6
a 293 129 0 33 6
a 293 830 0 31 1
a 293 79 0 39 4
a 294 305 0 25 3
a 294 719 0 21 2
a 294 867 0 1 3
a 296 278 0 25 10
a 296 531 0 26 4
a 296 257 0 33 10
a 297 610 0 25 4
a 297 68 0 2 8
a 297 274 0 16 3
a 297 468 0 29 6
a 297 204 0 48 1
a 300 555 0 25 9
a 300 452 0 44 4
a 300 215 0 24 7
a 300 966 0 32 10
a 304 33 0 25 5
a 304 465 0 23 7
a 304 509 0 0 8
a 304 688 0 37 9
a 305 458 0 25 9
a 305 788 0 41 10
a 305 538 0 42 3
a 307 702 0 25 4
a 307 160 0 12 5
a 307 954 0 36 1
a 310 56 0 25 3
a 310 716 0 15 2
a 310 981 0 4 2
a 310 932 0 40 3
a 315 615 0 25 2
a 315 883 0 50 6
a 315 159 0 30 2
a 315 562 0 49 2
a 319 17 0 25 1
a 319 19 0 24 3
a 319 722 0 8 5
a 319 30 0 24 7
a 321 900 0 25 2
a 321 357 0 44 5
a 322 560 0 25 7
a 322 187 0 47 10
a 322 647 0 8 7
a 322 167 0 48 1
a 322 783 0 31 10
a 322 976 0 10 3
a 323 479 0 25 10
a 323 287 0 37 7
a 323 173 0 18 3
a 324 414 0 25 5
a 324 121 0 46 4
a 324 642 0 8 5
a 324 480 0 6 2
a 326 504 0 25 9
a 326 376 0 22 2
a 326 332 0 16 3
a 326 189 0 18 3
a 326 178 0 35 4
a 328 165 0 25 4
a 328 705 0 7 8
a 328 219 0 14 5
a 329 970 0 25 1
a 329 162 0 1 2
a 329 869 0 46 9
a 329 127 0 6 10
a 329 627 0 32 2
a 331 109 0 25 8
a 331 848 0 15 8
a 331 632 0 16 1
a 332 614 0 25 4
a 332 846 0 29 4
a 332 681 0 25 1
a 335 579 0 25 8
a 335 42 0 4 9
a 335 307 0 46 3
a 335 315 0 33 7
a 335 368 0 49 2
a 336 762 0 25 4
a 336 288 0 17 3
a 336 875 0 28 8
a 336 169 0 3 1
a 336 983 0 19 1
a 336 505 0 46 9
a 337 590 0 25 10
a 337 636 0 24 8
a 337 688 0 19 4
a 337 511 0 44 10
a 338 122 0 25 9
a 338 410 0 4 6
a 338 723 0 48 3
a 338 967 0 8 10
a 339 574 0 25 1
a 339 928 0 28 1
a 339 380 0 48 5
a 339 209 0 6 8
a 339 492 0 34 8
a 339 271 0 2 5
a 340 294 0 25 1
a 340 918 0 21 5
a 340 183 0 10 4
a 340 864 0 41 2
a 340 976 0 25 7
a 344 124 0 25 7
a 344 597 0 9 2
a 344 370 0 9 8
a 344 182 0 10 10
a 344 582 0 13 6
a 344 963 0 16 2
a 345 578 0 25 7
a 345 204 0 15 5
a 345 565 0 26 6
a 345 203 0 31 7
a 345 953 0 48 9
a 345 783 0 13 3
a 350 710 0 25 7
a 350 813 0 23 3
a 350 601 0 5 3
a 350 972 0 43 6
a 350 610 0 15 5
a 350 89 0 6 8
a 352 829 0 25 7
a 352 548 0 26 6
a 356 227 0 25 7
a 356 950 0 5 8
a 356 341 0 26 5
a 356 903 0 36 4
a 357 289 0 25 10
a 357 40 0 43 10
a 357 502 0 27 7
a 357 360 0 22 3
a 357 213 0 20 4
a 358 495 0 25 6
a 358 903 0 11 4
a 358 221 0 20 10
a 358 623 0 29 3
a 358 849 0 22 4
a 360 949 0 25 6
a 360 858 0 0 3
a 360 61 0 37 7
a 360 470 0 0 8
a 360 292 0 31 1
a 362 804 0 25 9
a 362 775 0 1 4
a 362 14 0 33 3
a 363 140 0 25 7
a 363 659 0 12 3
a 363 61 0 42 3
a 363 854 0 8 10
a 364 8 0 25 8
a 364 941 0 22 4
a 364 988 0 17 7
a 364 150 0 13 8
a 366 75 0 25 9
a 366 781 0 32 4
a 366 83 0 40 1
a 368 173 0 25 5
a 368 176 0 29 9
a 368 929 0 28 4
a 369 521 0 25 3
a 369 886 0 33 2
a 371 441 0 25 9
a 371 693 0 47 1
a 373 898 0 25 3
a 373 796 0 5 7
a 374 385 0 25 5
a 374 125 0 26 1
a 374 40 0 23 5
a 374 441 0 27 4
a 374 75 0 46 10
a 376 778 0 25 1
a 376 175 0 8 3
a 376 913 0 36 4
a 376 46 0 10 9
a 376 971 0 41 7
a 385 817 0 25 8
a 385 289 0 48 7
a 385 57 0 23 6
a 385 241 0 7 4
a 387 668 0 25 10
a 387 262 0 26 6
a 387 136 0 4 3
a 387 327 0 4 1
a 390 788 0 25 9
a 390 980 0 4 1
a 390 116 0 48 7
a 390 628 0 30 9
a 392 7 0 25 1
a 392 990 0 25 9
a 392 409 0 16 2
a 392 28 0 32 7
a 392 97 0 35 9
a 392 117 0 26 8
a 395 998 0 25 2
a 395 612 0 39 10
a 396 923 0 25 9
a 396 621 0 6 5
a 396 250 0 46 9
a 396 502 0 21 10
a 396 809 0 45 10
a 396 316 0 13 9
a 398 813 0 25 10
a 398 202 0 4 4
a 398 327 0 15 8
a 398 572 0 6 8
a 398 604 0 39 5
a 400 637 0 25 9
a 400 434 0 16 3
a 403 115 0 25 2
a 403 726 0 12 9
a 403 934 0 26 1
a 403 610 0 26 10
a 405 267 0 25 5
a 405 676 0 21 3
a 405 283 0 47 1
a 405 242 0 15 4
a 405 428 0 16 2
a 410 950 0 25 1
a 410 442 0 25 5
a 412 886 0 25 2
a 412 557 0 37 10
a 412 725 0 0 10
a 414 503 0 25 3
a 414 160 0 43 10
a 416 261 0 25 2
a 416 695 0 30 5
a 417 94 0 25 1
a 417 107 0 37 7
a 417 890 0 33 4
a 417 19 0 28 8
a 417 251 0 11 3
a 419 756 0 25 2
a 419 993 0 16 2
a 419 182 0 37 6
a 423 621 0 25 8
a 423 96 0 6 2
a 425 322 0 25 9
a 425 938 0 24 10
a 425 793 0 19 3
a 426 48 0 25 4
a 426 757 0 0 6
a 426 571 0 39 7
a 426 62 0 5 10
a 430 465 0 25 10
a 430 13 0 14 5
a 430 507 0 18 1
a 432 58 0 25 9
a 432 14 0 17 3
a 432 181 0 17 2
a 432 618 0 45 5
a 434 281 0 25 4
a 434 747 0 2 1
a 434 733 0 25 1
a 434 81 0 24 5
a 435 635 0 25 5
a 435 180 0 12 1
a 435 70 0 0 8
a 435 773 0 42 7
a 436 729 0 25 10
a 436 274 0 33 3
a 436 339 0 40 6
a 436 979 0 9 3
a 438 76 0 25 8
a 438 750 0 45 1
a 438 287 0 42 6
a 438 91 0 29 4
a 440 550 0 25 7
a 440 111 0 16 10
a 440 363 0 11 8
a 440 575 0 35 3
a 440 878 0 33 4
a 441 80 0 25 6
a 441 184 0 37 7
a 441 290 0 44 5
a 441 577 0 45 2
a 441 175 0 2 2
a 441 931 0 48 10
a 445 686 0 25 2
a 445 937 0 0 7
a 445 315 0 46 5
a 445 800 0 26 5
a 447 918 0 25 7
a 447 508 0 45 1
a 447 946 0 27 9
a 447 229 0 36 8
a 456 273 0 25 2
a 456 382 0 8 9
a 456 625 0 27 2
a 456 72 0 21 8
a 456 998 0 13 3
a 457 147 0 25 5
a 457 858 0 14 10
a 457 36 0 0 1
a 457 841 0 44 8
a 457 634 0 4 3
a 457 695 0 45 9
a 458 117 0 25 1
a 458 475 0 15 8
a 458 964 0 27 8
a 458 886 0 23 4
a 458 44 0 28 2
a 458 932 0 47 6
a 459 748 0 25 8
a 459 939 0 48 10
a 459 97 0 10 9
a 459 171 0 20 9
a 459 385 0 41 3
a 460 833 0 25 4
a 460 955 0 21 6
a 460 292 0 5 6
a 460 536 0 14 8
a 460 140 0 28 7
a 461 532 0 25 2
a 461 759 0 50 6
a 463 960 0 25 8
a 463 874 0 18 1
a 463 614 0 45 8
a 465 460 0 25 2
a 465 863 0 19 3
a 465 329 0 23 1
a 465 658 0 48 4
a 465 758 0 39 8
a 467 540 0 25 3
a 467 567 0 50 8
a 467 796 0 11 9
a 468 836 0 25 9
a 468 202 0 9 10
a 468 716 0 17 3
a 468 633 0 34 7
a 472 942 0 25 5
a 472 742 0 26 10
a 472 602 0 27 6
a 473 892 0 25 5
a 473 149 0 27 5
a 473 152 0 21 7
a 473 512 0 21 2
a 473 890 0 2 5
a 475 958 0 25 6
a 475 233 0 24 5
a 475 865 0 17 5
a 475 521 0 20 6
a 475 737 0 23 3
a 475 790 0 34 4
a 476 304 0 25 4
a 476 246 0 47 10
a 477 883 0 25 3
a 477 497 0 17 3
a 477 483 0 17 10
a 477 92 0 33 2
a 477 721 0 25 4
a 477 24 0 33 7
a 479 319 0 25 2
a 479 792 0 23 3
a 479 712 0 32 5
a 483 916 0 25 9
a 483 254 0 46 5
a 483 587 0 48 7
a 486 135 0 25 4
a 486 973 0 42 5
a 486 62 0 12 10
a 486 523 0 42 10
a 486 104 0 23 5
a 488 41 0 25 5
a 488 96 0 23 4
a 488 26 0 0 1
a 488 577 0 18 1
a 489 339 0 25 1
a 489 974 0 43 9
a 489 886 0 0 7
a 489 561 0 40 6
a 489 699 0 35 4
a 490 256 0 25 9
a 490 472 0 17 5
a 490 890 0 14 4
a 490 108 0 29 4
a 490 807 0 24 8
a 490 229 0 46 2
a 491 376 0 25 8
a 491 39 0 36 1
a 491 583 0 27 2
a 491 822 0 18 5
a 491 700 0 31 7
a 491 12 0 1 10
a 494 206 0 25 9
a 494 366 0 43 4
a 494 315 0 41 8
a 495 61 0 25 1
a 495 41 0 18 4
a 495 751 0 46 6
a 495 500 0 35 1
a 495 319 0 32 4
a 496 768 0 25 6
a 496 530 0 2 8
a 496 425 0 4 1
a 496 816 0 42 8
a 496 222 0 14 8
a 501 944 0 25 5
a 501 490 0 20 10
a 501 357 0 21 2
a 501 11 0 32 2
a 501 733 0 42 2
a 502 307 0 25 1
a 502 65 0 27 3
a 502 680 0 49 5
a 502 664 0 18 6
a 503 265 0 25 2
a 503 669 0 28 10
a 503 496 0 6 3
a 503 259 0 5 9
a 504 683 0 25 2
a 504 274 0 40 8
a 504 333 0 13 10
a 504 169 0 23 10
a 504 571 0 20 10
a 507 749 0 25 5
a 507 125 0 35 9
a 507 310 0 1 4
a 507 375 0 14 5
a 507 322 0 49 3
a 509 229 0 25 2
a 509 425 0 7 4
a 509 339 0 27 3
a 509 932 0 45 3
a 509 146 0 2 10
a 509 387 0 44 1
a 510 336 0 25 10
a 510 329 0 33 3
a 510 390 0 0 6
a 510 250 0 47 2
a 510 934 0 32 6
a 516 541 0 25 3
a 516 127 0 39 4
a 516 206 0 44 3
a 516 755 0 28 8
a 516 692 0 6 3
a 516 829 0 17 7
a 517 999 0 25 2
a 517 559 0 20 9
a 521 423 0 25 1
a 521 153 0 42 2
a 521 880 0 13 2
a 521 324 0 50 8
a 521 387 0 9 7
a 526 566 0 25 4
a 526 151 0 26 10
a 526 744 0 33 4
a 526 776 0 45 10
a 526 678 0 40 9
a 526 170 0 28 5
a 528 770 0 25 6
a 528 209 0 11 9
a 529 972 0 25 5
a 529 904 0 49 2
a 529 622 0 20 5
a 529 697 0 0 9
a 529 941 0 33 1
a 529 36 0 41 10
a 530 268 0 25 3
a 530 597 0 27 6
a 530 805 0 42 7
a 530 938 0 4 8
a 530 43 0 24 9
a 530 729 0 3 4
a 532 239 0 25 9
a 532 7 0 22 10
a 532 643 0 36 8
a 532 59 0 10 1
a 532 978 0 46 9
a 537 904 0 25 4
a 537 840 0 28 2
a 537 747 0 24 3
a 539 392 0 25 3
a 539 406 0 34 4
a 539 379 0 24 3
a 539 230 0 0 4
a 539 786 0 9 8
a 539 239 0 22 10
a 540 598 0 25 6
a 540 539 0 49 2
a 541 398 0 25 10
a 541 333 0 45 4
a 541 669 0 18 3
a 541 571 0 25 9
a 541 311 0 46 1
a 543 716 0 25 1
a 543 774 0 29 6
a 543 998 0 26 8
a 543 836 0 32 5
a 543 785 0 36 1
a 543 902 0 32 1
a 544 69 0 25 8
a 544 103 0 34 1
a 544 796 0 20 1
a 544 535 0 21 10
a 544 176 0 32 6
a 545 631 0 25 10
a 545 748 0 34 3
a 550 417 0 25 7
a 550 605 0 26 5
a 550 212 0 28 8
a 550 335 0 11 1
a 550 469 0 16 2
a 550 345 0 49 2
a 552 771 0 25 3
a 552 432 0 12 6
a 552 256 0 2 2
a 552 514 0 12 7
a 552 523 0 43 10
a 553 654 0 25 4
a 553 655 0 20 8
a 553 100 0 25 1
a 553 830 0 15 5
a 553 817 0 36 6
a 553 304 0 35 2
a 555 323 0 25 6
a 555 646 0 25 9
a 558 715 0 25 5
a 558 485 0 28 8
a 558 109 0 7 8
a 559 356 0 25 7
a 559 190 0 23 1
a 559 624 0 29 2
a 559 241 0 50 3
a 559 992 0 35 2
a 560 65 0 25 4
a 560 809 0 19 3
a 561 694 0 25 9
a 561 510 0 46 10
a 561 371 0 27 8
a 561 50 0 9 4
a 561 392 0 8 1
a 562 543 0 25 9
a 562 451 0 36 9
a 563 594 0 25 7
a 563 628 0 41 5
a 563 991 0 8 9
a 564 473 0 25 2
a 564 981 0 27 3
a 564 871 0 22 2
a 564 209 0 15 4
a 564 622 0 33 8
a 565 931 0 25 7
a 565 130 0 46 1
a 565 167 0 18 5
a 565 151 0 40 2
a 566 63 0 25 1
a 566 224 0 33 5
a 567 526 0 25 7
a 567 84 0 41 6
a 570 461 0 25 6
a 570 848 0 8 7
a 570 37 0 10 9
a 570 399 0 48 3
a 570 45 0 8 8
a 571 224 0 25 3
a 571 77 0 6 3
a 571 869 0 50 3
a 571 523 0 35 8
a 571 219 0 3 2
a 571 174 0 41 7
a 572 937 0 25 7
a 572 766 0 4 5
a 572 167 0 10 5
a 574 416 0 25 6
a 574 70 0 43 8
a 574 200 0 4 2
a 574 664 0 39 6
a 576 875 0 25 1
a 576 759 0 25 9
a 576 58 0 39 7
a 576 767 0 33 3
a 576 37 0 48 4
a 578 697 0 25 3
a 578 36 0 5 6
a 579 328 0 25 4
a 579 314 0 47 1
a 579 586 0 12 4
a 581 732 0 25 8
a 581 487 0 27 3
a 581 83 0 3 10
a 581 809 0 9 4
a 581 854 0 29 2
a 587 16 0 25 1
a 587 431 0 8 6
a 587 92 0 41 5
a 587 10 0 29 2
a 590 753 0 25 10
a 590 486 0 40 7
a 590 135 0 13 7
a 590 292 0 30 2
a 590 229 0 1 7
a 590 697 0 46 3
a 593 73 0 25 8
a 593 87 0 38 5
a 593 504 0 1 5
a 593 537 0 14 1
a 594 951 0 25 3
a 594 564 0 39 10
a 594 53 0 16 2
a 594 227 0 44 2
a 594 26 0 36 1
a 594 565 0 4 3
a 596 933 0 25 2
a 596 855 0 26 4
a 596 954 0 7 9
a 596 626 0 24 4
a 598 426 0 25 2
a 598 398 0 15 2
a 598 86 0 7 7
a 598 546 0 20 8
a 598 650 0 23 6
a 602 913 0 25 8
a 602 48 0 2 10
a 602 285 0 44 7
a 606 565 0 25 10
a 606 313 0 2 9
a 606 554 0 46 3
a 607 655 0 25 2
a 607 987 0 20 2
a 607 429 0 10 8
a 607 302 0 50 9
a 607 928 0 17 3
a 608 191 0 25 1
a 608 35 0 8 9
a 608 70 0 16 8
a 608 822 0 6 5
a 610 934 0 25 10
a 610 951 0 33 8
a 610 938 0 47 5
a 613 797 0 25 1
a 613 808 0 6 4
a 613 175 0 16 2
a 613 666 0 28 8
a 614 884 0 25 5
a 614 559 0 34 9
a 614 776 0 44 2
a 614 888 0 23 5
a 615 842 0 25 1
a 615 671 0 4 6
a 615 117 0 47 2
a 615 746 0 40 8
a 615 590 0 35 1
a 619 787 0 25 5
a 619 329 0 7 6
a 619 675 0 7 1
a 619 29 0 8 6
a 619 344 0 31 3
a 619 455 0 28 1
a 621 782 0 25 2
a 621 711 0 41 10
a 621 723 0 47 10
a 621 873 0 11 6
a 621 858 0 34 10
a 622 530 0 25 10
a 622 497 0 20 4
a 622 809 0 38 1
a 622 303 0 32 3
a 623 32 0 25 6
a 623 325 0 44 9
a 623 337 0 31 3
a 625 869 0 25 10
a 625 186 0 45 2
a 625 817 0 1 1
a 625 274 0 19 2
a 625 289 0 32 4
a 625 933 0 3 6
a 626 5 0 25 5
a 626 906 0 40 1
a 626 926 0 7 9
a 626 651 0 23 1
a 629 51 0 25 3
a 629 479 0 12 5
a 629 495 0 50 6
a 631 699 0 25 10
a 631 239 0 45 9
a 631 751 0 1 9
a 631 498 0 20 9
a 632 607 0 25 3
a 632 549 0 7 4
a 635 685 0 25 2
a 635 173 0 8 2
a 635 965 0 50 8
a 637 358 0 25 1
a 637 352 0 2 9
a 637 255 0 26 3
a 637 308 0 49 8
a 637 61 0 46 7
a 638 941 0 25 5
a 638 651 0 1 5
a 639 691 0 25 6
a 639 478 0 31 9
a 639 113 0 21 7
a 644 690 0 25 2
a 644 768 0 23 2
a 644 490 0 22 6
a 646 680 0 25 3
a 646 503 0 48 4
a 646 143 0 32 5
a 646 251 0 31 9
a 646 815 0 35 2
a 646 10 0 26 1
a 650 412 0 25 2
a 650 722 0 42 3
a 650 715 0 45 9
a 650 45 0 16 8
a 650 870 0 28 8
a 650 901 0 29 1
a 653 901 0 25 8
a 653 29 0 10 10
a 653 5 0 50 10
a 654 712 0 25 7
a 654 689 0 26 4
a 654 258 0 2 2
a 654 848 0 7 7
a 654 30 0 6 9
a 655 558 0 25 2
a 655 939 0 41 8
a 655 828 0 19 5
a 655 624 0 29 8
a 656 737 0 25 5
a 656 747 0 13 2
a 656 472 0 33 1
a 656 446 0 13 6
a 656 804 0 43 3
a 656 363 0 29 4
a 658 625 0 25 1
a 658 705 0 43 7
a 662 862 0 25 10
a 662 93 0 12 9
a 668 545 0 25 6
a 668 211 0 25 7
a 668 651 0 16 10
a 670 42 0 25 8
a 670 725 0 49 6
a 670 117 0 41 3
a 674 811 0 25 7
a 674 348 0 4 10
a 674 755 0 24 6
a 674 287 0 4 4
a 675 60 0 25 8
a 675 937 0 22 8
a 675 744 0 44 7
a 675 863 0 19 6
a 675 189 0 40 1
a 680 25 0 25 7
a 680 805 0 14 1
a 680 972 0 14 9
a 680 656 0 20 8
a 680 981 0 11 10
a 682 735 0 25 8
a 682 933 0 19 4
a 683 793 0 25 5
a 683 424 0 19 7
a 683 764 0 45 10
a 683 319 0 25 7
a 685 288 0 25 9
a 685 399 0 22 2
a 685 254 0 15 7
a 685 742 0 26 6
a 685 485 0 32 10
a 685 448 0 0 4
a 686 982 0 25 1
a 686 883 0 25 4
a 686 453 0 38 2
a 686 815 0 33 4
a 687 839 0 25 7
a 687 674 0 22 5
a 687 877 0 28 5
a 688 964 0 25 6
a 688 679 0 11 6
a 688 764 0 25 3
a 688 750 0 6 3
a 688 319 0 21 7
a 688 143 0 35 5
a 690 296 0 25 9
a 690 75 0 45 4
a 690 103 0 45 6
a 690 193 0 0 3
a 690 398 0 37 2
a 690 77 0 10 6
a 691 496 0 25 9
a 691 129 0 23 9
a 694 940 0 25 7
a 694 591 0 44 9
a 694 603 0 25 3
a 694 278 0 1 6
a 694 990 0 2 5
a 694 678 0 17 6
a 696 188 0 25 5
a 696 473 0 38 5
a 696 813 0 20 4
a 696 309 0 48 4
a 696 29 0 46 8
a 696 47 0 40 2
a 697 4 0 25 6
a 697 184 0 27 1
a 697 825 0 42 3
a 697 729 0 26 6
a 697 657 0 12 5
a 697 502 0 14 7
a 699 795 0 25 3
a 699 313 0 32 8
a 699 661 0 3 10
a 702 983 0 25 9
a 702 27 0 1 8
a 702 734 0 19 10
a 702 795 0 22 7
a 702 105 0 45 9
a 705 457 0 25 6
a 705 517 0 35 7
a 705 550 0 19 7
a 705 274 0 26 1
a 705 897 0 18 1
a 708 696 0 25 4
a 708 297 0 32 4
a 708 325 0 17 10
a 708 377 0 6 10
a 708 722 0 33 1
a 708 816 0 9 6
a 710 838 0 25 2
a 710 112 0 42 9
a 710 918 0 5 4
a 710 313 0 46 6
a 710 920 0 15 9
a 712 638 0 25 6
a 712 365 0 17 4
a 712 524 0 7 6
a 712 818 0 28 3
a 712 960 0 6 7
a 714 27 0 25 10
a 714 633 0 40 3
a 714 15 0 43 9
a 714 775 0 48 9
a 715 882 0 25 6
a 715 890 0 2 10
a 716 131 0 25 3
a 716 186 0 1 5
a 716 397 0 50 7
a 716 596 0 5 9
a 716 516 0 39 3
a 716 481 0 31 5
a 717 463 0 25 8
a 717 550 0 24 10
a 718 360 0 25 10
a 718 31 0 38 4
a 718 598 0 21 4
a 718 429 0 2 4
a 719 581 0 25 3
a 719 397 0 13 8
a 719 277 0 33 5
a 719 523 0 23 9
a 720 260 0 25 2
a 720 55 0 15 7
a 724 67 0 25 9
a 724 840 0 25 7
a 724 829 0 0 5
a 724 200 0 8 10
a 724 394 0 27 8
a 725 562 0 25 6
a 725 842 0 12 9
a 725 89 0 41 10
a 725 312 0 26 7
a 729 329 0 25 7
a 729 178 0 39 8
a 729 68 0 10 4
a 729 97 0 33 10
a 730 390 0 25 4
a 730 830 0 20 10
a 731 880 0 25 7
a 731 80 0 2 6
a 731 931 0 22 6
a 731 607 0 40 7
a 731 134 0 5 8
a 731 218 0 24 8
a 732 216 0 25 1
a 732 60 0 3 3
a 732 1000 0 42 8
a 734 23 0 25 2
a 734 206 0 6 4
a 735 395 0 25 1
a 735 137 0 14 4
a 735 41 0 21 9
a 735 399 0 34 1
a 737 246 0 25 3
a 737 79 0 18 7
a 737 921 0 42 4
a 737 895 0 2 6
a 739 116 0 25 1
a 739 516 0 2 5
a 744 509 0 25 9
a 744 511 0 25 6
a 744 871 0 5 10
a 748 790 0 25 5
a 748 633 0 19 4
a 748 925 0 10 2
a 748 661 0 26 10
a 748 426 0 14 7
a 749 205 0 25 9
a 749 350 0 25 3
a 749 753 0 35 1
a 749 991 0 39 10
a 749 946 0 21 8
a 750 38 0 25 7
a 750 825 0 1 8
a 750 408 0 35 4
a 750 286 0 36 6
a 750 938 0 3 7
a 750 40 0 32 9
a 753 755 0 25 3
a 753 948 0 19 9
a 753 796 0 12 3
a 753 373 0 23 4
a 753 518 0 43 5
a 753 305 0 21 6
a 755 896 0 25 9
a 755 185 0 13 9
a 755 638 0 23 9
a 755 23 0 20 9
a 756 924 0 25 8
a 756 940 0 37 8
a 756 180 0 47 2
a 756 712 0 33 10
a 756 528 0 46 5
a 756 577 0 5 7
a 758 993 0 25 9
a 758 557 0 12 10
a 758 160 0 29 7
a 758 568 0 36 5
a 762 623 0 25 8
a 762 806 0 46 6
a 762 740 0 10 4
a 762 542 0 10 8
a 762 482 0 3 3
a 764 837 0 25 3
a 764 263 0 39 9
a 764 529 0 50 1
a 764 494 0 27 1
a 766 608 0 25 1
a 766 188 0 22 9
a 768 885 0 25 6
a 768 436 0 6 8
a 768 555 0 19 6
a 769 120 0 25 4
a 769 288 0 37 7
a 769 640 0 14 4
a 770 338 0 25 3
a 770 457 0 44 8
a 770 684 0 5 9
a 770 992 0 37 7
a 770 399 0 18 6
a 771 387 0 25 9
a 771 108 0 43 9
a 774 211 0 25 2
a 774 200 0 26 7
a 774 965 0 29 4
a 775 263 0 25 7
a 775 551 0 14 7
a 776 410 0 25 8
a 776 800 0 33 2
a 776 353 0 15 10
a 778 850 0 25 6
a 778 439 0 16 8
a 778 698 0 4 9
a 778 702 0 9 2
a 778 339 0 45 7
a 781 475 0 25 10
a 781 231 0 7 4
a 782 910 0 25 6
a 782 178 0 25 5
a 783 344 0 25 4
a 783 431 0 40 1
a 783 159 0 46 2
a 783 880 0 8 5
a 783 603 0 0 10
a 783 234 0 12 1
a 784 18 0 25 10
a 784 826 0 46 10
a 786 223 0 25 1
a 786 250 0 33 5
a 786 757 0 7 4
a 786 287 0 27 6
a 786 971 0 9 7
a 786 179 0 26 7
a 787 237 0 25 3
a 787 638 0 44 4
a 787 811 0 44 10
a 787 69 0 30 3
a 787 161 0 40 1
a 787 307 0 8 5
a 788 430 0 25 8
a 788 885 0 33 8
a 788 596 0 41 1
a 788 174 0 46 5
a 789 552 0 25 9
a 789 800 0 46 2
a 789 988 0 45 8
a 790 238 0 25 1
a 790 30 0 9 2
a 790 126 0 39 3
a 790 176 0 3 10
a 791 807 0 25 8
a 791 855 0 3 1
a 793 112 0 25 3
a 793 555 0 32 7
a 793 541 0 39 4
a 793 414 0 50 2
a 793 572 0 47 1
a 793 834 0 19 8
a 794 840 0 25 10
a 794 415 0 49 10
a 794 462 0 37 8
a 794 340 0 37 2
a 794 503 0 1 1
a 795 974 0 25 5
a 795 127 0 34 1
a 795 267 0 30 2
a 795 571 0 15 3
a 795 7 0 2 6
a 797 396 0 25 6
a 797 547 0 0 10
a 797 355 0 9 5
a 797 725 0 39 7
a 797 504 0 47 4
a 797 760 0 0 2
a 798 459 0 25 7
a 798 795 0 45 7
a 800 789 0 25 7
a 800 272 0 43 5
a 800 178 0 19 3
a 800 267 0 49 6
a 800 139 0 26 8
a 803 236 0 25 1
a 803 771 0 10 2
a 803 641 0 18 4
a 803 450 0 6 3
a 803 400 0 17 7
a 804 476 0 25 4
a 804 75 0 29 3
a 805 739 0 25 10
a 805 953 0 9 9
a 805 164 0 11 6
a 805 933 0 28 5
a 805 653 0 14 5
a 805 329 0 20 7
a 807 345 0 25 5
a 807 523 0 1 9
a 807 487 0 48 10
a 810 364 0 25 10
a 810 62 0 49 1
a 810 252 0 12 8
a 810 664 0 11 4
a 810 979 0 7 7
a 810 492 0 22 1
a 811 125 0 25 10
a 811 363 0 44 2
a 811 520 0 6 5
a 811 557 0 42 10
a 811 195 0 40 3
a 811 635 0 43 4
a 813 632 0 25 3
a 813 259 0 12 9
a 813 362 0 50 8
a 813 305 0 4 3
a 813 474 0 33 6
a 816 158 0 25 7
a 816 395 0 2 8
a 816 871 0 32 5
a 816 31 0 1 4
a 817 908 0 25 8
a 817 674 0 25 5
a 817 221 0 21 2
a 817 148 0 13 5
a 817 325 0 40 8
a 819 456 0 25 1
a 819 42 0 10 2
a 821 477 0 25 8
a 821 313 0 49 6
a 821 36 0 37 7
a 821 203 0 32 10
a 821 93 0 2 1
a 824 161 0 25 7
a 824 788 0 33 7
a 824 613 0 39 6
a 824 958 0 37 10
a 824 960 0 49 8
a 824 759 0 10 5
a 825 794 0 25 6
a 825 306 0 17 4
a 825 675 0 20 8
a 825 778 0 39 6
a 825 721 0 0 6
a 827 419 0 25 4
a 827 125 0 49 1
a 827 922 0 4 9
a 828 622 0 25 4
a 828 820 0 45 8
a 828 698 0 31 5
a 828 250 0 40 1
a 828 168 0 9 10
a 828 453 0 17 4
a 829 988 0 25 7
a 829 904 0 32 10
a 829 612 0 42 7
a 829 103 0 28 1
a 829 821 0 13 3
a 833 564 0 25 3
a 833 357 0 25 9
a 833 694 0 50 6
a 833 728 0 37 1
a 833 100 0 20 9
a 833 290 0 3 2
a 834 491 0 25 8
a 834 762 0 35 9
a 834 256 0 30 10
a 834 631 0 37 4
a 836 1000 0 25 2
a 836 906 0 25 3
a 836 181 0 26 9
a 837 718 0 25 9
a 837 448 0 10 1
a 837 598 0 40 3
a 837 466 0 21 7
a 837 721 0 9 10
a 837 572 0 20 9
a 838 510 0 25 3
a 838 689 0 3 1
a 838 520 0 11 3
a 839 92 0 25 6
a 839 133 0 32 3
a 839 455 0 32 7
a 839 161 0 4 5
a 839 159 0 22 3
a 840 26 0 25 9
a 840 949 0 28 2
a 840 149 0 11 1
a 840 760 0 26 1
a 840 124 0 26 3
a 840 616 0 4 5
a 842 340 0 25 1
a 842 461 0 18 8
a 842 169 0 18 9
a 842 701 0 20 9
a 845 939 0 25 3
a 845 568 0 11 2
a 845 680 0 34 6
a 845 80 0 4 2
a 850 855 0 25 5
a 850 698 0 11 3
a 850 7 0 2 1
a 850 39 0 17 1
a 850 68 0 33 6
a 850 16 0 17 7
a 852 10 0 25 9
a 852 188 0 37 4
a 855 200 0 25 3
a 855 226 0 29 2
a 855 256 0 44 8
a 855 245 0 43 1
a 855 264 0 28 1
a 859 674 0 25 1
a 859 574 0 46 10
a 859 105 0 13 8
a 860 805 0 25 1
a 860 280 0 12 7
a 860 427 0 42 7
a 860 620 0 7 4
a 860 449 0 44 4
a 860 124 0 31 10
a 862 606 0 25 2
a 862 482 0 48 3
a 869 103 0 25 9
a 869 781 0 5 3
a 869 686 0 23 8
a 869 143 0 47 4
a 871 501 0 25 8
a 871 441 0 23 2
a 871 481 0 40 10
a 871 623 0 32 8
a 874 133 0 25 1
a 874 771 0 21 5
a 874 171 0 27 3
a 875 965 0 25 9
a 875 938 0 32 2
a 875 379 0 30 10
a 875 726 0 36 8
a 875 609 0 33 10
a 876 425 0 25 4
a 876 565 0 20 10
a 876 285 0 13 2
a 876 205 0 24 8
a 879 350 0 25 8
a 879 176 0 19 2
a 879 530 0 14 10
a 880 921 0 25 7
a 880 408 0 4 10
a 882 720 0 25 3
a 882 311 0 50 5
a 883 889 0 25 5
a 883 344 0 45 3
a 883 830 0 45 10
a 883 702 0 49 8
a 883 75 0 30 7
a 884 810 0 25 5
a 884 312 0 2 9
a 884 494 0 37 6
a 884 601 0 35 10
a 884 893 0 2 6
a 885 613 0 25 8
a 885 327 0 32 3
a 885 782 0 36 10
a 885 114 0 30 8
a 886 800 0 25 4
a 886 877 0 17 3
a 886 920 0 0 6
a 889 362 0 25 2
a 889 809 0 50 1
a 889 704 0 32 5
a 889 857 0 11 5
a 889 168 0 9 5
a 890 257 0 25 7
a 890 625 0 41 5
a 890 635 0 39 8
a 890 578 0 14 8
a 892 86 0 25 5
a 892 675 0 9 8
a 892 152 0 40 4
a 892 9 0 8 3
a 892 424 0 25 9
a 892 945 0 11 9
a 895 724 0 25 9
a 895 677 0 27 4
a 895 525 0 32 8
a 895 679 0 7 2
a 895 661 0 14 7
a 895 958 0 43 1
a 896 137 0 25 3
a 896 933 0 14 3
a 896 489 0 17 5
a 896 819 0 29 4
a 898 271 0 25 10
a 898 908 0 34 10
a 900 675 0 25 4
a 900 31 0 27 9
a 900 734 0 44 3
a 900 489 0 37 3
a 900 671 0 5 4
a 900 686 0 2 4
a 901 658 0 25 6
a 901 621 0 35 2
a 904 529 0 25 1
a 904 226 0 20 8
a 904 623 0 0 5
a 904 233 0 29 7
a 904 492 0 8 2
a 906 57 0 25 6
a 906 558 0 40 3
a 906 59 0 36 8
a 906 151 0 41 5
a 906 135 0 48 10
a 906 345 0 31 10
a 908 24 0 25 8
a 908 254 0 17 9
a 908 1000 0 21 4
a 908 174 0 37 2
a 908 624 0 10 10
a 910 563 0 25 10
a 910 831 0 39 9
a 910 116 0 43 2
a 911 945 0 25 4
a 911 979 0 5 10
a 911 210 0 39 10
a 911 224 0 41 1
a 911 826 0 42 2
a 911 114 0 25 6
a 913 750 0 25 8
a 913 4 0 26 6
a 913 547 0 23 8
a 914 734 0 25 3
a 914 613 0 10 9
a 916 374 0 25 4
a 916 956 0 23 3
a 916 164 0 11 9
a 916 538 0 25 5
a 918 31 0 25 9
a 918 643 0 35 9
a 918 134 0 6 1
a 918 703 0 12 3
a 918 474 0 7 5
a 918 302 0 5 9
a 919 572 0 25 4
a 919 828 0 4 8
a 919 551 0 5 5
a 919 574 0 12 6
a 920 587 0 25 2
a 920 699 0 26 5
a 920 847 0 4 3
a 920 7 0 20 2
a 920 185 0 45 10
a 920 752 0 31 9
a 921 570 0 25 8
a 921 348 0 48 5
a 921 192 0 14 5
a 921 282 0 6 5
a 921 77 0 16 7
a 922 210 0 25 7
a 922 978 0 44 4
a 923 121 0 25 1
a 923 269 0 32 6
a 923 832 0 42 8
a 923 394 0 38 6
a 923 259 0 34 2
a 924 371 0 25 1
a 924 542 0 16 7
a 924 595 0 33 9
a 924 748 0 28 5
a 924 674 0 0 7
a 925 434 0 25 2
a 925 164 0 29 9
a 925 256 0 4 5
a 925 516 0 42 10
a 925 847 0 27 9
a 925 498 0 21 5
a 926 507 0 25 8
a 926 870 0 20 8
a 931 245 0 25 4
a 931 283 0 46 9
a 931 905 0 43 2
a 931 919 0 12 4
a 933 670 0 25 6
a 933 227 0 34 4
a 933 477 0 0 5
a 933 287 0 36 3
a 934 783 0 25 7
a 934 231 0 50 3
a 935 445 0 25 7
a 935 811 0 36 5
a 937 687 0 25 3
a 937 318 0 9 10
a 937 133 0 11 8
a 937 868 0 1 4
a 937 44 0 9 10
a 937 477 0 50 3
a 938 596 0 25 4
a 938 820 0 42 3
a 938 914 0 41 1
a 938 662 0 10 3
a 938 576 0 20 9
a 939 208 0 25 5
a 939 241 0 24 8
a 939 402 0 41 1
a 940 948 0 25 3
a 940 628 0 21 3
a 940 215 0 29 2
a 940 416 0 5 1
a 940 843 0 50 9
a 940 289 0 2 5
a 941 860 0 25 2
a 941 428 0 35 7
a 941 183 0 39 8
a 942 639 0 25 8
a 942 589 0 35 3
a 944 148 0 25 2
a 944 433 0 11 10
a 944 477 0 14 7
a 944 62 0 4 9
a 944 726 0 40 6
a 944 126 0 32 3
a 945 126 0 25 8
a 945 953 0 20 2
a 948 876 0 25 1
a 948 985 0 28 1
a 948 570 0 21 5
a 949 44 0 25 4
a 949 251 0 41 7
a 949 841 0 47 6
a 949 285 0 26 5
a 950 369 0 25 5
a 950 979 0 5 1
a 950 591 0 23 8
a 950 431 0 48 8
a 951 326 0 25 7
a 951 390 0 28 8
a 951 404 0 2 9
a 951 596 0 0 8
a 954 871 0 25 5
a 954 510 0 39 9
a 955 324 0 25 1
a 955 138 0 44 2
a 955 572 0 45 5
a 955 441 0 25 10
a 956 297 0 25 2
a 956 677 0 11 1
a 956 97 0 4 1
a 956 108 0 22 5
a 958 517 0 25 6
a 958 296 0 43 4
a 958 820 0 50 3
a 958 646 0 1 7
a 959 35 0 25 1
a 959 779 0 1 2
a 960 602 0 25 10
a 960 904 0 4 6
a 960 944 0 48 10
a 960 191 0 29 10
a 960 802 0 39 4
a 961 650 0 25 7
a 961 573 0 43 8
a 961 854 0 43 5
a 961 619 0 22 2
a 961 790 0 32 7
a 961 671 0 50 5
a 964 593 0 25 10
a 964 366 0 19 4
a 964 835 0 9 5
a 964 604 0 32 5
a 964 797 0 46 3
a 964 114 0 19 4
a 965 163 0 25 4
a 965 509 0 35 9
a 965 169 0 8 3
a 965 517 0 19 7
a 965 757 0 12 6
a 965 582 0 8 9
a 968 996 0 25 9
a 968 581 0 8 9
a 970 182 0 25 9
a 970 961 0 29 7
a 972 920 0 25 1
a 972 379 0 2 9
a 972 696 0 29 9
a 972 167 0 10 1
a 972 923 0 50 1
a 973 776 0 25 10
a 973 725 0 22 9
a 973 885 0 46 8
a 973 309 0 37 4
a 973 413 0 10 5
a 974 87 0 25 10
a 974 318 0 6 6
a 977 489 0 25 7
a 977 445 0 29 8
a 977 727 0 36 9
a 977 370 0 10 1
a 977 75 0 17 8
a 981 275 0 25 4
a 981 651 0 28 4
a 981 915 0 50 2
a 981 272 0 38 3
a 981 893 0 0 1
a 981 890 0 4 4
a 982 129 0 25 7
a 982 427 0 50 5
a 982 217 0 8 2
a 982 85 0 42 10
a 983 859 0 25 5
a 983 602 0 32 1
a 983 13 0 34 7
a 988 310 0 25 3
a 988 13 0 23 7
a 988 436 0 41 5
a 993 774 0 25 1
a 993 484 0 30 3
a 993 748 0 50 8
a 993 857 0 26 9
a 993 453 0 24 5
a 993 174 0 4 2
a 996 315 0 25 3
a 996 216 0 38 9
a 996 363 0 48 3
a 996 114 0 44 3
a 996 237 0 40 4
a 997 331 0 25 1
a 997 913 0 11 9
a 998 819 0 25 9
a 998 151 0 40 4
a 2 404 0 25 1
a 2 336 0 0 6
a 2 921 0 15 4
a 2 613 0 27 1
a 3 64 0 25 1
a 3 850 0 5 4
a 3 642 0 46 4
a 3 747 0 10 8
a 6 757 0 25 7
a 6 587 0 21 9
a 6 847 0 14 10
a 9 722 0 25 3
a 9 638 0 33 10
a 9 154 0 39 7
a 9 515 0 28 8
a 9 172 0 25 10
a 9 361 0 1 2
a 11 851 0 25 7
a 11 386 0 24 4
a 11 954 0 13 8
a 11 206 0 31 6
a 11 34 0 33 6
a 11 404 0 8 1
a 12 470 0 25 3
a 12 498 0 14 4
a 12 69 0 5 3
a 12 142 0 16 9
a 12 693 0 29 7
a 13 671 0 25 3
a 13 273 0 30 5
a 13 881 0 15 6
a 13 326 0 10 1
a 14 679 0 25 4
a 14 516 0 27 9
a 15 928 0 25 9
a 15 817 0 25 7
a 15 778 0 29 10
a 15 91 0 13 5
a 15 958 0 29 7
a 15 198 0 41 10
a 19 643 0 25 3
a 19 726 0 2 7
a 19 890 0 25 9
a 20 327 0 25 9
a 20 992 0 50 2
a 20 380 0 16 7
a 20 818 0 29 6
a 20 165 0 36 9
a 21 984 0 25 3
a 21 190 0 12 3
a 21 446 0 37 2
a 22 411 0 25 9
a 22 787 0 28 4
a 28 212 0 25 2
a 28 432 0 31 7
a 28 333 0 44 2
a 28 601 0 14 10
a 28 210 0 29 5
a 28 767 0 22 3
a 29 759 0 25 7
a 29 954 0 46 4
a 29 933 0 25 10
a 29 485 0 22 6
a 29 234 0 42 9
a 30 738 0 25 5
a 30 807 0 36 7
a 37 401 0 25 10
a 37 99 0 37 9
a 39 13 0 25 6
a 39 43 0 19 7
a 39 249 0 9 4
a 39 128 0 7 7
a 39 936 0 11 7
a 45 856 0 25 1
a 45 985 0 23 5
a 49 214 0 25 3
a 49 198 0 13 3
a 50 586 0 25 10
a 50 266 0 43 7
a 50 590 0 41 2
a 50 525 0 3 5
a 50 520 0 21 6
a 53 500 0 25 3
a 53 52 0 31 1
a 53 131 0 7 6
a 53 719 0 45 10
a 53 925 0 18 1
a 53 200 0 49 2
a 54 831 0 25 1
a 54 131 0 43 10
a 54 972 0 43 9
a 54 208 0 26 1
a 54 124 0 45 3
a 54 119 0 42 6
a 55 752 0 25 10
a 55 418 0 34 1
a 64 751 0 25 5
a 64 654 0 3 1
a 64 782 0 46 8
a 64 868 0 5 5
a 66 248 0 25 2
a 66 132 0 19 3
a 66 996 0 5 8
a 66 684 0 0 5
a 66 181 0 9 2
a 66 867 0 38 9
a 68 313 0 25 1
a 68 357 0 26 7
a 68 582 0 30 7
a 68 262 0 41 5
a 68 875 0 31 8
a 70 349 0 25 3
a 70 141 0 50 2
a 71 943 0 25 4
a 71 429 0 27 3
a 72 155 0 25 7
a 72 973 0 0 5
a 72 420 0 19 9
a 72 894 0 19 4
a 72 589 0 5 4
a 74 174 0 25 8
a 74 89 0 18 4
a 74 501 0 44 1
a 74 607 0 45 3
a 74 610 0 40 4
a 77 19 0 25 5
a 77 452 0 35 10
a 77 39 0 45 10
a 77 714 0 34 10
a 77 14 0 6 4
a 77 296 0 14 9
a 78 132 0 25 5
a 78 629 0 29 1
a 78 68 0 27 5
a 78 228 0 18 1
a 83 894 0 25 1
a 83 341 0 5 1
a 83 698 0 35 2
a 83 203 0 0 3
a 83 769 0 9 3
a 84 633 0 25 8
a 84 402 0 14 7
a 84 426 0 50 7
a 84 80 0 4 5
a 84 992 0 24 6
a 85 603 0 25 6
a 85 420 0 15 4
a 85 751 0 26 9
a 85 23 0 45 7
a 85 481 0 36 9
a 88 743 0 25 9
a 88 499 0 12 10
a 91 168 0 25 10
a 91 349 0 19 3
a 91 889 0 22 10
a 91 870 0 6 7
a 93 953 0 25 6
a 93 833 0 26 6
a 93 904 0 2 3
a 93 343 0 21 9
a 93 554 0 48 4
a 93 160 0 50 4
a 95 870 0 25 8
a 95 266 0 7 8
a 95 784 0 30 1
a 96 868 0 25 2
a 96 980 0 7 10
a 96 398 0 27 5
a 96 699 0 36 7
a 96 394 0 15 7
a 96 596 0 34 6
a 97 891 0 25 7
a 97 100 0 4 2
a 98 723 0 25 5
a 98 970 0 23 2
a 98 601 0 35 10
a 98 784 0 14 2
a 100 692 0 25 2
a 100 298 0 48 9
a 100 426 0 47 4
a 100 510 0 40 5
a 101 399 0 25 8
a 101 60 0 6 7
a 101 670 0 24 7
a 101 764 0 6 9
a 101 295 0 30 5
a 104 141 0 25 6
a 104 936 0 49 4
a 105 773 0 25 8
a 105 992 0 0 7
a 105 6 0 23 4
a 105 962 0 8 3
a 105 124 0 22 9
a 105 165 0 48 10
a 106 181 0 25 5
a 106 861 0 36 8
a 106 8 0 16 1
a 106 719 0 4 1
a 107 220 0 25 7
a 107 586 0 29 2
a 107 649 0 40 8
a 107 50 0 38 9
a 108 391 0 25 1
a 108 633 0 28 2
a 108 990 0 42 9
a 108 593 0 37 6
a 108 247 0 27 4
a 114 408 0 25 10
a 114 364 0 34 2
a 114 402 0 19 4
a 114 631 0 23 3
a 119 96 0 25 4
a 119 337 0 18 7
a 119 965 0 31 7
a 119 408 0 1 7
a 119 336 0 36 2
a 127 903 0 25 1
a 127 719 0 1 2
a 127 600 0 41 10
a 127 804 0 50 1
a 127 720 0 10 8
a 127 832 0 50 4
a 128 853 0 25 7
a 128 160 0 2 4
a 130 728 0 25 4
a 130 546 0 11 6
a 130 974 0 32 1
a 132 727 0 25 2
a 132 266 0 44 5
a 132 313 0 44 10
a 132 184 0 5 5
a 136 647 0 25 2
a 136 458 0 8 2
a 136 352 0 1 9
a 138 999 0 25 7
a 138 264 0 46 1
a 139 439 0 25 6
a 139 365 0 11 9
a 139 247 0 16 5
a 141 98 0 25 6
a 141 710 0 17 4
a 141 95 0 14 4
a 141 530 0 36 6
a 141 938 0 3 5
a 141 250 0 3 8
a 142 746 0 25 5
a 142 843 0 49 6
a 143 801 0 25 1
a 143 489 0 21 9
a 143 267 0 33 6
a 143 916 0 20 10
a 144 314 0 25 2
a 144 472 0 29 2
a 144 222 0 22 8
a 145 389 0 25 9
a 145 222 0 16 6
a 145 64 0 28 2
a 145 233 0 43 8
a 145 346 0 49 2
a 145 170 0 44 7
a 146 254 0 25 2
a 146 946 0 8 3
a 149 9 0 25 8
a 149 14 0 33 4
a 149 617 0 5 4
a 149 607 0 20 10
a 149 77 0 33 2
a 149 736 0 25 3
a 150 97 0 25 4
a 150 973 0 24 10
a 150 876 0 20 2
a 150 304 0 17 7
a 150 494 0 25 8
a 152 144 0 25 1
a 152 540 0 37 3
a 152 764 0 18 2
a 153 857 0 25 4
a 153 574 0 25 8
a 153 936 0 22 4
a 153 824 0 20 1
a 154 711 0 25 7
a 154 689 0 32 6
a 154 360 0 6 4
a 155 844 0 25 2
a 155 172 0 12 5
a 155 568 0 30 8
a 155 731 0 50 9
a 156 276 0 25 7
a 156 404 0 7 3
a 156 744 0 43 8
a 156 158 0 46 3
a 156 117 0 19 2
a 156 874 0 20 1
a 159 204 0 25 3
a 159 206 0 3 9
a 159 93 0 7 6
a 159 31 0 8 10
a 159 940 0 43 10
a 160 152 0 25 1
a 160 215 0 33 3
a 160 183 0 34 3
a 160 892 0 18 1
a 162 779 0 25 7
a 162 510 0 25 8
a 162 971 0 48 2
a 162 653 0 40 9
a 164 378 0 25 4
a 164 670 0 15 4
a 164 329 0 33 6
a 164 39 0 23 1
a 164 942 0 0 9
a 166 952 0 25 3
a 166 283 0 34 9
a 166 781 0 6 8
a 166 638 0 2 7
a 166 433 0 14 1
a 167 976 0 25 1
a 167 41 0 33 6
a 167 458 0 1 10
a 167 857 0 20 3
a 167 909 0 36 9
a 168 506 0 25 10
a 168 995 0 2 9
a 169 583 0 25 7
a 169 589 0 40 4
a 169 561 0 50 8
a 170 177 0 25 5
a 170 476 0 17 9
a 170 15 0 4 4
a 170 165 0 36 1
a 171 166 0 25 9
a 171 600 0 25 5
a 171 213 0 11 3
a 171 336 0 2 7
a 172 382 0 25 3
a 172 810 0 1 9
a 174 595 0 25 10
a 174 29 0 40 10
a 174 277 0 27 9
a 175 464 0 25 7
a 175 217 0 27 9
a 175 810 0 10 5
a 175 309 0 41 6
a 175 129 0 18 4
a 177 291 0 25 2
a 177 484 0 24 7
a 177 951 0 24 6
a 177 370 0 13 3
a 177 563 0 8 4
a 178 812 0 25 9
a 178 159 0 35 10
a 178 105 0 36 9
a 179 233 0 25 3
a 179 388 0 34 3
a 180 330 0 25 1
a 180 218 0 36 4
a 180 860 0 30 3
a 180 816 0 18 5
a 180 955 0 41 6
a 180 587 0 28 5
a 181 531 0 25 8
a 181 113 0 8 5
a 181 385 0 18 10
a 181 574 0 16 4
a 181 34 0 47 5
a 183 620 0 25 8
a 183 133 0 44 8
a 183 410 0 13 10
a 183 418 0 23 10
a 185 966 0 25 10
a 185 440 0 11 4
a 185 421 0 11 8
a 186 197 0 25 4
a 186 752 0 24 10
a 186 908 0 29 7
a 186 434 0 42 2
a 186 709 0 46 4
a 186 644 0 50 5
a 187 557 0 25 3
a 187 585 0 38 10
a 190 535 0 25 5
a 190 59 0 9 1
a 190 170 0 1 9
a 190 757 0 47 2
a 193 669 0 25 4
a 193 94 0 42 5
a 193 782 0 11 7
a 194 413 0 25 5
a 194 684 0 27 1
a 194 234 0 43 7
a 194 781 0 11 8
a 194 760 0 0 4
a 194 630 0 17 8
a 195 333 0 25 5
a 195 259 0 45 6
a 195 264 0 17 5
a 196 969 0 25 1
a 196 980 0 11 8
a 197 542 0 25 4
a 197 72 0 35 8
a 197 319 0 39 4
a 198 334 0 25 10
a 198 481 0 28 3
a 198 727 0 17 8
a 198 714 0 25 1
a 198 53 0 3 10
a 199 170 0 25 8
a 199 708 0 0 5
a 199 173 0 23 4
a 201 454 0 25 8
a 201 72 0 7 9
a 201 113 0 14 4
a 202 551 0 25 2
a 202 695 0 30 7
a 202 891 0 37 8
a 203 286 0 25 4
a 203 136 0 22 8
a 203 572 0 33 8
a 203 381 0 28 5
a 204 689 0 25 5
a 204 744 0 10 4
a 207 713 0 25 2
a 207 67 0 6 1
a 209 309 0 25 5
a 209 607 0 33 6
a 209 937 0 15 1
a 209 162 0 33 2
a 212 785 0 25 8
a 212 266 0 28 4
a 212 831 0 2 9
a 212 203 0 34 10
a 213 522 0 25 6
a 213 666 0 18 10
a 213 432 0 31 6
a 213 619 0 25 3
a 214 66 0 25 4
a 214 470 0 21 4
a 214 698 0 42 1
a 214 687 0 14 8
a 217 156 0 25 5
a 217 616 0 29 2
a 217 333 0 34 4
a 217 525 0 47 10
a 217 250 0 35 9
a 217 850 0 1 4
a 218 100 0 25 3
a 218 639 0 45 10
a 218 504 0 16 6
a 219 50 0 25 5
a 219 350 0 50 8
a 219 256 0 24 3
a 219 623 0 44 10
a 219 840 0 3 3
a 220 186 0 25 10
a 220 944 0 28 8
a 220 97 0 20 8
a 221 101 0 25 8
a 221 699 0 26 10
a 221 403 0 12 4
a 221 131 0 21 8
a 222 37 0 25 7
a 222 417 0 31 8
a 222 916 0 47 5
a 222 866 0 30 5
a 222 430 0 13 10
a 225 298 0 25 4
a 225 132 0 10 6
a 225 198 0 6 6
a 225 176 0 19 8
a 225 572 0 37 10
a 225 219 0 24 10
a 226 651 0 25 7
a 226 915 0 31 4
a 226 948 0 49 10
a 226 285 0 48 7
a 228 481 0 25 6
a 228 311 0 49 10
a 228 970 0 23 3
a 228 967 0 10 1
a 230 325 0 25 10
a 230 745 0 27 4
a 231 808 0 25 9
a 231 430 0 0 9
a 231 497 0 25 1
a 231 489 0 14 3
a 231 197 0 12 1
a 231 736 0 7 5
a 232 287 0 25 6
a 232 865 0 4 2
a 232 451 0 27 10
a 233 523 0 25 9
a 233 372 0 35 5
a 233 969 0 24 9
a 233 101 0 28 4
a 233 726 0 29 1
a 234 201 0 25 2
a 234 836 0 8 3
a 234 969 0 39 6
a 234 736 0 33 5
a 234 705 0 10 4
a 235 897 0 25 10
a 235 54 0 11 8
a 235 969 0 5 9
a 235 334 0 45 6
a 235 803 0 9 3
a 240 854 0 25 7
a 240 369 0 36 6
a 241 600 0 25 10
a 241 687 0 24 2
a 241 576 0 48 1
a 241 583 0 28 7
a 241 148 0 18 5
a 242 733 0 25 9
a 242 353 0 8 1
a 243 995 0 25 5
a 243 111 0 39 2
a 243 306 0 11 1
a 243 16 0 35 1
a 244 301 0 25 10
a 244 323 0 11 3
a 244 233 0 40 4
a 244 358 0 2 10
a 248 30 0 25 4
a 248 777 0 48 5
a 248 161 0 48 7
a 248 206 0 39 9
a 250 512 0 25 4
a 250 664 0 21 4
a 250 160 0 11 8
a 250 8 0 28 3
a 250 448 0 47 9
a 252 72 0 25 7
a 252 481 0 31 6
a 252 491 0 37 3
a 253 660 0 25 4
a 253 721 0 49 10
a 253 294 0 13 10
a 253 284 0 9 8
a 253 147 0 25 9
a 254 617 0 25 8
a 254 205 0 5 2
a 254 867 0 24 3
a 255 991 0 25 10
a 255 808 0 23 8
a 255 774 0 15 10
a 255 76 0 30 2
a 255 91 0 43 6
a 255 789 0 41 3
a 258 604 0 25 6
a 258 154 0 4 9
a 258 65 0 26 4
a 258 320 0 46 7
a 258 596 0 35 4
a 259 424 0 25 6
a 259 289 0 11 3
a 259 663 0 6 1
a 259 493 0 16 5
a 259 149 0 36 1
a 264 533 0 25 7
a 264 371 0 28 6
a 264 597 0 39 7
a 264 568 0 16 4
a 264 203 0 11 10
a 264 557 0 43 3
a 266 975 0 25 8
a 266 515 0 28 6
a 266 56 0 48 1
a 266 274 0 21 4
a 266 88 0 23 10
a 270 763 0 25 2
a 270 1000 0 46 1
a 270 675 0 16 3
a 270 610 0 8 7
a 270 345 0 8 4
a 270 258 0 24 6
a 274 178 0 25 10
a 274 71 0 3 1
a 274 864 0 43 5
a 274 14 0 23 9
a 274 964 0 25 6
a 274 958 0 13 2
a 276 992 0 25 6
a 276 588 0 3 4
a 276 149 0 44 9
a 276 792 0 3 4
a 276 4 0 2 5
a 276 627 0 50 9
a 279 443 0 25 4
a 279 169 0 11 7
a 279 359 0 3 7
a 279 872 0 35 7
a 279 628 0 46 8
a 283 150 0 25 5
a 283 437 0 26 10
a 284 104 0 25 3
a 284 53 0 35 10
a 286 577 0 25 5
a 286 477 0 23 6
a 287 451 0 25 10
a 287 503 0 49 2
a 287 687 0 27 5
a 287 372 0 8 4
a 287 656 0 3 1
a 290 888 0 25 9
a 290 410 0 42 9
a 290 866 0 17 9
a 290 356 0 37 8
a 290 176 0 42 8
a 290 467 0 10 5
a 291 676 0 25 10
a 291 461 0 1 10
a 292 843 0 25 8
a 292 186 0 18 7
a 292 307 0 38 5
a 292 114 0 17 5
a 292 187 0 0 4
a 292 123 0 15 2
a 295 20 0 25 10
a 295 513 0 20 4
a 295 676 0 38 1
a 295 35 0 48 5
a 295 796 0 23 5
a 295 65 0 0 9
a 298 241 0 25 4
a 298 726 0 35 5
a 298 476 0 30 8
a 298 127 0 38 2
a 299 823 0 25 2
a 299 450 0 18 10
a 299 60 0 10 2
a 299 197 0 16 2
a 299 259 0 26 4
a 299 297 0 7 1
a 301 480 0 25 5
a 301 389 0 16 1
a 301 761 0 23 6
a 301 737 0 43 8
a 301 651 0 47 8
a 302 538 0 25 8
a 302 200 0 19 4
a 302 305 0 42 5
a 302 706 0 28 8
a 302 961 0 27 6
a 303 213 0 25 1
a 303 721 0 34 9
a 303 242 0 47 8
a 306 55 0 25 8
a 306 877 0 41 1
a 306 212 0 26 10
a 308 881 0 25 7
a 308 654 0 16 1
a 309 127 0 25 9
a 309 632 0 30 3
a 309 333 0 29 8
a 309 281 0 37 7
a 309 248 0 34 1
a 311 704 0 25 3
a 311 541 0 38 7
a 311 644 0 2 4
a 311 783 0 16 9
a 311 614 0 38 3
a 311 879 0 7 6
a 312 317 0 25 4
a 312 316 0 47 5
a 313 511 0 25 10
a 313 640 0 33 9
a 313 884 0 25 5
a 314 318 0 25 9
a 314 378 0 41 1
a 314 791 0 8 3
a 314 675 0 45 8
a 314 713 0 29 6
a 316 780 0 25 2
a 316 113 0 36 1
a 316 436 0 27 9
a 317 162 0 25 3
a 317 144 0 6 3
a 317 89 0 8 4
a 318 469 0 25 9
a 318 105 0 43 5
a 318 527 0 22 10
a 320 3 0 25 1
a 320 803 0 0 6
a 320 911 0 18 6
a 325 861 0 25 7
a 325 81 0 23 6
a 325 421 0 38 7
a 325 128 0 17 6
a 325 73 0 42 4
a 325 459 0 35 9
a 327 453 0 25 10
a 327 77 0 25 10
a 327 448 0 19 4
a 327 241 0 45 8
a 327 543 0 20 1
a 327 496 0 23 1
a 330 28 0 25 5
a 330 227 0 13 9
a 330 279 0 16 3
a 330 234 0 15 9
a 333 866 0 25 3
a 333 900 0 20 8
a 333 81 0 14 3
a 333 842 0 29 6
a 333 321 0 50 5
a 333 780 0 18 7
a 334 171 0 25 7
a 334 168 0 10 6
a 334 113 0 44 4
a 341 183 0 25 7
a 341 224 0 7 7
a 341 89 0 37 6
a 342 462 0 25 5
a 342 69 0 44 6
a 342 339 0 9 5
a 342 287 0 8 2
a 343 12 0 25 10
a 343 248 0 0 1
a 343 806 0 26 6
a 343 335 0 11 4
a 343 62 0 27 9
a 346 760 0 25 1
a 346 104 0 16 1
a 346 252 0 11 4
a 346 456 0 20 1
a 346 527 0 26 9
a 346 365 0 13 1
a 347 348 0 25 6
a 347 355 0 48 4
a 347 292 0 31 3
a 347 991 0 5 2
a 348 618 0 25 2
a 348 660 0 28 9
a 348 655 0 14 9
a 349 652 0 25 3
a 349 252 0 18 8
a 349 613 0 33 6
a 349 994 0 47 9
a 351 659 0 25 10
a 351 303 0 33 10
a 351 740 0 24 9
a 353 474 0 25 1
a 353 923 0 28 4
a 353 192 0 13 2
a 353 231 0 35 8
a 353 881 0 45 6
a 354 661 0 25 6
a 354 948 0 29 1
a 354 966 0 44 7
a 354 14 0 25 8
a 354 77 0 8 4
a 355 448 0 25 10
a 355 471 0 3 9
a 355 84 0 46 8
a 355 461 0 44 7
a 355 675 0 16 3
a 355 263 0 42 7
a 359 252 0 25 1
a 359 307 0 46 8
a 359 36 0 21 1
a 361 320 0 25 1
a 361 952 0 50 2
a 361 748 0 38 9
a 365 402 0 25 10
a 365 792 0 44 8
a 365 338 0 49 4
a 367 742 0 25 3
a 367 122 0 39 6
a 370 887 0 25 8
a 370 245 0 50 3
a 370 330 0 33 9
a 370 975 0 28 9
a 370 25 0 49 10
a 370 337 0 18 9
a 372 957 0 25 1
a 372 472 0 0 9
a 372 1000 0 49 10
a 372 705 0 17 2
a 372 837 0 24 7
a 372 457 0 31 3
a 375 290 0 25 8
a 375 381 0 16 3
a 375 324 0 22 7
a 375 21 0 39 8
a 375 743 0 26 9
a 377 592 0 25 3
a 377 716 0 3 8
a 377 273 0 7 2
a 377 218 0 12 7
a 378 302 0 25 2
a 378 588 0 43 10
a 378 775 0 49 3
a 378 509 0 9 10
a 379 159 0 25 7
a 379 25 0 9 6
a 379 789 0 17 3
a 379 691 0 41 1
a 380 847 0 25 5
a 380 72 0 38 10
a 381 167 0 25 1
a 381 846 0 23 9
a 381 636 0 45 6
a 381 763 0 42 5
a 382 303 0 25 4
a 382 475 0 8 10
a 382 837 0 2 9
a 383 721 0 25 6
a 383 255 0 26 2
a 383 211 0 33 10
a 384 525 0 25 2
a 384 282 0 26 10
a 384 376 0 47 9
a 384 957 0 10 9
a 384 934 0 22 5
a 386 77 0 25 1
a 386 258 0 18 7
a 386 864 0 4 2
a 386 899 0 24 10
a 386 144 0 2 8
a 388 979 0 25 3
a 388 831 0 44 8
a 388 556 0 40 7
a 388 576 0 38 1
a 389 379 0 25 4
a 389 335 0 32 1
a 389 657 0 23 6
a 389 944 0 39 3
a 391 772 0 25 9
a 391 157 0 47 7
a 393 292 0 25 6
a 393 919 0 10 4
a 393 702 0 36 6
a 393 865 0 23 1
a 393 836 0 43 4
a 393 922 0 26 5
a 394 22 0 25 9
a 394 74 0 6 7
a 394 908 0 33 10
a 397 515 0 25 2
a 397 493 0 47 10
a 397 125 0 42 8
a 397 690 0 42 2
a 397 701 0 15 9
a 399 153 0 25 2
a 399 58 0 40 6
a 399 855 0 40 6
a 399 731 0 19 4
a 399 81 0 38 10
a 399 861 0 46 1
a 401 105 0 25 1
a 401 69 0 24 5
a 401 238 0 15 6
a 401 117 0 3 7
a 401 749 0 22 3
a 402 375 0 25 10
a 402 87 0 41 1
a 404 39 0 25 10
a 404 780 0 28 9
a 404 597 0 20 9
a 404 594 0 6 5
a 404 960 0 39 9
a 404 802 0 7 4
a 406 514 0 25 4
a 406 232 0 12 9
a 407 915 0 25 6
a 407 938 0 21 4
a 407 595 0 28 3
a 407 101 0 18 5
a 407 610 0 28 2
a 407 387 0 31 6
a 408 383 0 25 6
a 408 725 0 41 4
a 409 649 0 25 8
a 409 523 0 7 7
a 409 159 0 32 8
a 409 652 0 15 9
a 409 160 0 27 1
a 409 726 0 40 9
a 411 384 0 25 3
a 411 257 0 2 4
a 413 806 0 25 8
a 413 50 0 40 6
a 413 855 0 7 1
a 413 237 0 20 7
a 413 566 0 43 1
a 413 141 0 15 7
a 415 666 0 25 6
a 415 893 0 2 3
a 415 626 0 48 6
a 415 155 0 5 3
a 415 994 0 3 6
a 415 382 0 31 4
a 418 95 0 25 6
a 418 498 0 18 9
a 420 380 0 25 9
a 420 735 0 31 9
a 421 867 0 25 2
a 421 803 0 50 7
a 421 897 0 39 2
a 422 741 0 25 2
a 422 140 0 1 1
a 422 255 0 5 9
a 424 765 0 25 1
a 424 810 0 31 6
a 424 85 0 20 2
a 424 160 0 13 10
a 424 162 0 36 6
a 424 225 0 31 7
a 427 747 0 25 7
a 427 278 0 28 3
a 427 449 0 8 10
a 427 832 0 26 2
a 427 641 0 0 5
a 428 642 0 25 1
a 428 938 0 29 10
a 428 862 0 17 3
a 429 499 0 25 4
a 429 616 0 36 3
a 431 169 0 25 3
a 431 713 0 25 9
a 431 46 0 21 3
a 433 872 0 25 3
a 433 933 0 20 7
a 433 157 0 21 3
a 437 584 0 25 2
a 437 39 0 19 10
a 437 382 0 1 10
a 437 786 0 30 7
a 437 979 0 45 4
a 439 527 0 25 9
a 439 828 0 41 6
a 439 742 0 37 8
a 439 743 0 33 2
a 439 85 0 41 6
a 442 190 0 25 6
a 442 713 0 32 1
a 443 84 0 25 5
a 443 588 0 49 9
a 443 779 0 7 3
a 443 461 0 2 7
a 443 368 0 50 5
a 443 650 0 41 9
a 444 849 0 25 6
a 444 3 0 26 2
a 446 799 0 25 3
a 446 588 0 8 8
a 446 865 0 49 5
a 446 42 0 1 9
a 446 582 0 7 8
a 446 474 0 40 4
a 448 154 0 25 1
a 448 267 0 7 5
a 448 271 0 34 7
a 448 30 0 24 10
a 448 167 0 27 10
a 448 956 0 14 10
a 449 985 0 25 5
a 449 808 0 20 1
a 449 917 0 13 1
a 450 427 0 25 6
a 450 406 0 13 1
a 450 708 0 37 4
a 450 400 0 43 8
a 451 29 0 25 9
a 451 8 0 20 2
a 451 214 0 25 10
a 451 854 0 36 10
a 451 582 0 50 10
a 451 475 0 3 8
a 452 858 0 25 5
a 452 980 0 24 2
a 452 998 0 43 6
a 452 75 0 27 2
a 452 636 0 30 7
a 453 597 0 25 8
a 453 312 0 6 1
a 453 836 0 31 10
a 453 706 0 32 9
a 454 431 0 25 5
a 454 287 0 36 3
a 454 715 0 25 4
a 455 498 0 25 7
a 455 761 0 39 4
a 455 339 0 33 10
a 462 695 0 25 2
a 462 31 0 6 2
a 464 203 0 25 5
a 464 184 0 9 7
a 464 630 0 11 6
a 464 539 0 3 8
a 466 217 0 25 6
a 466 884 0 40 10
a 466 700 0 8 5
a 466 467 0 25 8
a 466 57 0 40 6
a 466 835 0 5 10
a 469 367 0 25 8
a 469 501 0 48 2
a 469 147 0 12 4
a 469 682 0 32 6
a 470 575 0 25 8
a 470 659 0 7 9
a 470 638 0 38 10
a 470 168 0 34 10
a 470 809 0 30 4
a 470 684 0 45 10
a 471 648 0 25 10
a 471 215 0 12 8
a 471 580 0 5 3
a 471 542 0 6 10
a 474 569 0 25 4
a 474 6 0 17 5
a 478 149 0 25 5
a 478 327 0 39 8
a 478 866 0 4 6
a 478 921 0 18 7
a 478 141 0 16 8
a 480 70 0 25 8
a 480 255 0 46 5
a 480 953 0 17 9
a 480 10 0 39 6
a 480 887 0 9 1
a 481 466 0 25 2
a 481 852 0 23 7
a 481 701 0 13 2
a 482 311 0 25 7
a 482 448 0 36 9
a 484 54 0 25 1
a 484 619 0 7 10
a 484 209 0 28 3
a 485 88 0 25 7
a 485 238 0 0 10
a 485 486 0 2 8
a 485 152 0 6 3
a 485 355 0 13 2
a 487 21 0 25 6
a 487 692 0 45 10
a 487 210 0 9 7
a 487 602 0 50 2
a 492 353 0 25 5
a 492 221 0 23 2
a 492 567 0 47 8
a 492 574 0 7 9
a 492 773 0 47 3
a 492 402 0 37 7
a 493 235 0 25 2
a 493 686 0 36 3
a 493 85 0 26 3
a 493 170 0 33 7
a 493 951 0 18 4
a 497 640 0 25 9
a 497 716 0 2 9
a 497 168 0 46 5
a 498 306 0 25 10
a 498 865 0 39 2
a 499 554 0 25 9
a 499 337 0 32 10
a 499 847 0 33 8
a 499 844 0 48 4
a 499 119 0 2 8
a 499 533 0 33 9
a 500 397 0 25 6
a 500 283 0 31 7
a 505 986 0 25 4
a 505 331 0 44 5
a 506 240 0 25 2
a 506 294 0 33 6
a 508 433 0 25 4
a 508 825 0 41 7
a 508 355 0 28 5
a 508 523 0 0 4
a 508 511 0 37 10
a 508 196 0 38 9
a 511 684 0 25 1
a 511 417 0 36 7
a 511 392 0 15 8
a 511 273 0 29 1
a 511 824 0 42 9
a 512 761 0 25 4
a 512 348 0 6 3
a 512 297 0 36 8
a 512 50 0 0 5
a 512 801 0 49 7
a 513 873 0 25 1
a 513 606 0 41 4
a 513 371 0 23 1
a 513 533 0 26 10
a 513 70 0 17 5
a 514 677 0 25 8
a 514 319 0 28 10
a 514 528 0 41 6
a 514 602 0 46 9
a 514 70 0 38 6
a 515 830 0 25 10
a 515 519 0 11 1
a 515 586 0 37 8
a 515 625 0 15 4
a 515 202 0 34 9
a 515 573 0 32 7
a 518 707 0 25 8
a 518 282 0 46 8
a 518 738 0 36 4
a 519 547 0 25 10
a 519 313 0 20 8
a 519 933 0 3 10
a 520 418 0 25 5
a 520 127 0 36 5
a 520 555 0 21 10
a 522 848 0 25 7
a 522 831 0 11 4
a 522 805 0 5 10
a 522 30 0 21 10
a 523 270 0 25 5
a 523 656 0 50 2
a 523 742 0 13 3
a 524 407 0 25 9
a 524 89 0 26 10
a 524 612 0 44 4
a 524 194 0 14 3
a 525 145 0 25 5
a 525 882 0 37 7
a 527 450 0 25 8
a 527 311 0 15 7
a 531 927 0 25 2
a 531 519 0 24 7
a 531 969 0 1 8
a 533 93 0 25 10
a 533 69 0 22 7
a 533 132 0 32 6
a 533 106 0 48 4
a 533 321 0 49 6
a 533 955 0 14 8
a 534 524 0 25 8
a 534 341 0 0 3
a 534 826 0 20 6
a 535 863 0 25 6
a 535 119 0 40 7
a 535 877 0 48 8
a 535 820 0 18 2
a 535 546 0 24 4
a 535 124 0 10 2
a 536 15 0 25 3
a 536 219 0 0 2
a 536 518 0 36 9
a 536 433 0 39 3
a 538 347 0 25 5
a 538 818 0 44 8
a 538 274 0 30 4
a 538 598 0 2 6
a 542 355 0 25 10
a 542 196 0 4 2
a 546 549 0 25 8
a 546 377 0 34 9
a 546 733 0 37 6
a 546 352 0 2 1
a 547 386 0 25 8
a 547 971 0 26 2
a 547 575 0 33 4
a 547 346 0 6 1
a 547 238 0 22 9
a 547 171 0 38 2
a 548 394 0 25 1
a 548 837 0 29 2
a 548 112 0 15 6
a 548 228 0 6 1
a 548 327 0 8 9
a 549 667 0 25 9
a 549 833 0 17 2
a 549 877 0 16 1
a 549 768 0 45 2
a 549 325 0 24 5
a 549 572 0 21 3
a 551 612 0 25 5
a 551 461 0 15 9
a 551 342 0 29 5
a 551 389 0 11 6
a 551 36 0 19 4
a 551 334 0 19 10
a 554 546 0 25 7
a 554 732 0 29 8
a 554 842 0 12 10
a 556 71 0 25 7
a 556 347 0 40 5
a 556 292 0 13 4
a 556 714 0 14 1
a 557 630 0 25 5
a 557 521 0 47 7
a 557 867 0 13 3
a 568 312 0 25 5
a 568 486 0 4 8
a 568 802 0 15 10
a 569 361 0 25 8
a 569 669 0 9 4
a 573 359 0 25 5
a 573 24 0 24 1
a 573 681 0 50 5
a 573 25 0 7 6
a 573 774 0 31 10
a 575 864 0 25 3
a 575 568 0 3 10
a 575 114 0 31 1
a 575 392 0 23 2
a 575 372 0 32 10
a 577 487 0 25 2
a 577 333 0 40 1
a 580 902 0 25 9
a 580 313 0 48 1
a 582 482 0 25 9
a 582 615 0 30 3
a 582 684 0 19 8
a 582 89 0 15 10
a 583 665 0 25 10
a 583 144 0 22 9
a 583 443 0 15 2
a 583 275 0 17 4
a 583 154 0 16 7
a 584 172 0 25 7
a 584 175 0 23 5
a 584 329 0 30 6
a 585 284 0 25 7
a 585 795 0 39 3
a 585 673 0 10 7
a 586 832 0 25 9
a 586 122 0 34 8
a 586 571 0 29 7
a 586 712 0 30 7
a 586 326 0 36 4
a 588 346 0 25 10
a 588 768 0 41 10
a 589 663 0 25 8
a 589 120 0 30 5
a 589 250 0 11 10
a 589 283 0 37 8
a 589 742 0 33 6
a 589 457 0 3 8
a 591 388 0 25 10
a 591 699 0 43 5
a 592 342 0 25 9
a 592 495 0 28 9
a 592 915 0 19 4
a 592 389 0 5 8
a 592 828 0 36 7
a 592 787 0 40 1
a 595 83 0 25 4
a 595 24 0 6 8
a 597 701 0 25 6
a 597 849 0 42 4
a 597 90 0 50 2
a 597 927 0 19 3
a 597 995 0 1 6
a 597 956 0 47 2
a 599 508 0 25 1
a 599 428 0 42 10
a 599 600 0 40 9
a 600 198 0 25 1
a 600 688 0 10 1
a 600 831 0 15 5
a 600 667 0 41 8
a 600 646 0 36 6
a 601 14 0 25 6
a 601 901 0 1 2
a 601 132 0 44 10
a 603 909 0 25 5
a 603 251 0 48 2
a 603 964 0 38 5
a 604 826 0 25 1
a 604 151 0 13 5
a 604 215 0 1 5
a 605 449 0 25 8
a 605 731 0 49 2
a 609 726 0 25 1
a 609 460 0 29 1
a 609 166 0 8 2
a 609 981 0 32 7
a 609 282 0 1 6
a 609 236 0 17 8
a 611 777 0 25 6
a 611 336 0 24 9
a 611 417 0 6 4
a 612 929 0 25 7
a 612 399 0 4 3
a 612 360 0 19 4
a 612 450 0 42 4
a 612 197 0 0 3
a 612 762 0 31 1
a 616 195 0 25 3
a 616 341 0 41 10
a 616 43 0 10 8
a 616 508 0 8 7
a 617 138 0 25 1
a 617 578 0 19 1
a 617 178 0 13 7
a 617 222 0 1 1
a 618 582 0 25 3
a 618 852 0 25 9
a 618 357 0 21 3
a 620 446 0 25 8
a 620 384 0 34 3
a 620 840 0 20 3
a 620 466 0 9 9
a 620 715 0 21 6
a 624 478 0 25 3
a 624 510 0 43 4
a 624 9 0 43 8
a 624 27 0 37 2
a 624 67 0 38 5
a 627 255 0 25 3
a 627 844 0 1 6
a 627 419 0 5 5
a 627 936 0 40 4
a 627 876 0 28 1
a 628 877 0 25 1
a 628 296 0 15 4
a 628 912 0 3 8
a 630 202 0 25 10
a 630 539 0 35 9
a 633 967 0 25 2
a 633 508 0 35 5
a 633 234 0 5 10
a 633 720 0 36 2
a 633 309 0 9 2
a 634 878 0 25 9
a 634 116 0 48 6
a 636 409 0 25 2
a 636 123 0 24 1
a 636 206 0 2 6
a 636 253 0 23 7
a 636 458 0 41 8
a 640 455 0 25 1
a 640 530 0 25 2
a 640 238 0 25 6
a 641 218 0 25 3
a 641 881 0 10 4
a 642 222 0 25 6
a 642 801 0 25 4
a 642 572 0 29 1
a 643 194 0 25 10
a 643 977 0 33 5
a 643 788 0 35 3
a 643 519 0 6 5
a 645 316 0 25 10
a 645 919 0 43 4
a 645 907 0 32 8
a 645 55 0 7 7
a 645 462 0 29 1
a 647 484 0 25 5
a 647 762 0 0 5
a 647 574 0 2 6
a 648 987 0 25 5
a 648 114 0 22 6
a 648 601 0 48 3
a 648 171 0 46 7
a 648 139 0 36 1
a 649 703 0 25 3
a 649 911 0 9 3
a 649 821 0 9 1
a 651 493 0 25 5
a 651 108 0 28 4
a 651 794 0 12 3
a 652 497 0 25 7
a 652 107 0 45 8
a 652 698 0 44 1
a 652 688 0 43 7
a 652 919 0 36 3
a 657 917 0 25 7
a 657 414 0 25 7
a 657 552 0 6 10
a 657 500 0 36 5
a 659 754 0 25 8
a 659 980 0 44 1
a 659 720 0 27 10
a 659 270 0 49 3
a 659 874 0 33 7
a 660 520 0 25 1
a 660 158 0 36 10
a 660 214 0 15 5
a 661 393 0 25 7
a 661 325 0 47 9
a 661 373 0 48 1
a 661 92 0 37 6
a 661 279 0 15 4
a 663 641 0 25 6
a 663 908 0 0 8
a 663 9 0 29 9
a 664 505 0 25 9
a 664 800 0 26 6
a 664 173 0 25 2
a 664 335 0 16 5
a 664 523 0 46 3
a 665 68 0 25 4
a 665 893 0 8 7
a 665 643 0 35 1
a 665 789 0 44 2
a 666 865 0 25 10
a 666 231 0 47 9
a 666 444 0 15 2
a 667 377 0 25 2
a 667 152 0 12 6
a 667 214 0 44 7
a 667 355 0 47 6
a 667 477 0 37 10
a 669 299 0 25 3
a 669 155 0 2 3
a 669 633 0 45 5
a 671 343 0 25 4
a 671 717 0 24 6
a 671 803 0 45 7
a 672 740 0 25 4
a 672 439 0 40 6
a 672 692 0 47 8
a 673 6 0 25 8
a 673 24 0 21 10
a 673 972 0 1 2
a 673 776 0 36 7
a 673 183 0 3 8
a 676 971 0 25 7
a 676 807 0 27 4
a 676 709 0 43 10
a 676 278 0 41 9
a 677 209 0 25 3
a 677 475 0 23 9
a 677 879 0 32 1
a 678 221 0 25 8
a 678 106 0 10 2
a 678 309 0 50 4
a 678 949 0 43 9
a 678 141 0 11 6
a 679 250 0 25 3
a 679 232 0 17 7
a 679 382 0 45 5
a 679 600 0 15 7
a 681 706 0 25 6
a 681 350 0 28 8
a 681 240 0 16 6
a 681 678 0 3 10
a 684 573 0 25 8
a 684 238 0 2 1
a 684 774 0 1 1
a 684 313 0 45 5
a 684 336 0 34 2
a 689 989 0 25 7
a 689 434 0 37 10
a 689 803 0 33 5
a 689 917 0 27 9
a 692 536 0 25 3
a 692 986 0 40 5
a 692 1000 0 2 7
a 692 201 0 32 7
a 692 281 0 34 3
a 693 114 0 25 6
a 693 519 0 20 3
a 693 95 0 14 6
a 693 324 0 18 7
a 695 415 0 25 1
a 695 283 0 16 4
a 695 561 0 49 6
a 698 187 0 25 9
a 698 760 0 23 2
a 698 867 0 16 9
a 698 67 0 16 8
a 700 978 0 25 10
a 700 474 0 6 7
a 700 391 0 3 5
a 701 611 0 25 7
a 701 484 0 12 1
a 701 811 0 39 3
a 703 119 0 25 2
a 703 881 0 23 4
a 703 899 0 28 7
a 703 217 0 44 6
a 704 912 0 25 5
a 704 326 0 22 3
a 704 547 0 39 8
a 704 200 0 30 9
a 704 562 0 28 5
a 706 673 0 25 6
a 706 82 0 40 10
a 707 74 0 25 3
a 707 887 0 6 3
a 707 952 0 40 10
a 707 672 0 16 3
a 707 979 0 12 9
a 709 164 0 25 1
a 709 342 0 48 10
a 711 534 0 25 3
a 711 916 0 24 3
a 711 989 0 34 5
a 711 341 0 31 5
a 711 857 0 5 3
a 713 556 0 25 5
a 713 154 0 26 1
a 713 818 0 47 1
a 713 524 0 10 5
a 721 822 0 25 6
a 721 838 0 50 8
a 722 106 0 25 6
a 722 692 0 29 3
a 722 333 0 35 6
a 722 408 0 10 10
a 723 283 0 25 2
a 723 474 0 32 10
a 723 803 0 9 8
a 723 543 0 48 8
a 723 231 0 24 5
a 726 85 0 25 3
a 726 760 0 26 4
a 726 743 0 21 5
a 726 417 0 30 10
a 726 418 0 10 1
a 727 279 0 25 3
a 727 303 0 44 4
a 727 760 0 16 4
a 728 946 0 25 10
a 728 356 0 42 10
a 733 605 0 25 8
a 733 8 0 10 2
a 733 762 0 48 9
a 733 206 0 19 5
a 733 374 0 9 10
a 736 78 0 25 10
a 736 203 0 35 6
a 736 478 0 0 7
a 738 907 0 25 1
a 738 44 0 38 5
a 738 226 0 49 10
a 740 196 0 25 8
a 740 778 0 30 4
a 740 73 0 11 5
a 740 989 0 26 6
a 740 137 0 50 4
a 741 802 0 25 6
a 741 457 0 33 1
a 742 936 0 25 1
a 742 651 0 24 9
a 742 453 0 38 4
a 742 502 0 33 1
a 743 963 0 25 5
a 743 811 0 18 2
a 743 964 0 33 9
a 743 130 0 24 2
a 745 624 0 25 7
a 745 250 0 2 1
a 746 381 0 25 6
a 746 983 0 26 4
a 746 30 0 45 8
a 746 589 0 27 4
a 746 903 0 25 2
a 747 45 0 25 3
a 747 592 0 43 7
a 747 615 0 0 6
a 747 248 0 11 10
a 751 264 0 25 8
a 751 331 0 50 1
a 751 702 0 46 4
a 751 735 0 43 8
a 752 792 0 25 1
a 752 127 0 50 7
a 752 664 0 19 9
a 752 837 0 47 6
a 752 732 0 5 3
a 754 588 0 25 6
a 754 693 0 48 9
a 754 868 0 9 6
a 754 836 0 44 2
a 757 492 0 25 4
a 757 92 0 23 1
a 757 375 0 10 9
a 757 443 0 41 4
a 759 609 0 25 6
a 759 560 0 17 4
a 759 695 0 27 4
a 760 199 0 25 5
a 760 450 0 1 6
a 760 644 0 26 1
a 761 421 0 25 3
a 761 325 0 50 4
a 761 239 0 49 7
a 763 429 0 25 7
a 763 690 0 32 10
a 763 576 0 33 8
a 765 930 0 25 3
a 765 582 0 17 7
a 765 709 0 45 7
a 765 296 0 2 1
a 765 112 0 35 9
a 767 365 0 25 8
a 767 980 0 11 2
a 767 511 0 45 5
a 767 466 0 46 2
a 772 308 0 25 6
a 772 641 0 19 5
a 773 657 0 25 7
a 773 467 0 5 7
a 773 562 0 12 1
a 777 796 0 25 4
a 777 658 0 26 1
a 777 312 0 37 9
a 777 636 0 4 3
a 779 180 0 25 5
a 779 241 0 6 4
a 779 237 0 23 9
a 779 45 0 45 4
a 780 146 0 25 2
a 780 270 0 46 2
a 785 253 0 25 7
a 785 914 0 41 3
a 785 55 0 17 1
a 785 696 0 40 5
a 785 825 0 31 8
a 792 266 0 25 4
a 792 805 0 26 6
a 796 258 0 25 7
a 796 999 0 10 8
a 799 143 0 25 6
a 799 258 0 11 6
a 801 244 0 25 7
a 801 295 0 16 5
a 801 531 0 49 10
a 801 122 0 35 9
a 801 673 0 25 1
a 802 11 0 25 7
a 802 524 0 41 2
a 806 835 0 25 9
a 806 127 0 18 3
a 808 485 0 25 8
a 808 295 0 24 8
a 809 820 0 25 4
a 809 281 0 15 1
a 809 559 0 50 8
a 809 164 0 18 8
a 809 217 0 11 10
a 812 228 0 25 2
a 812 443 0 38 4
a 812 180 0 18 3
a 814 681 0 25 7
a 814 833 0 4 7
a 814 787 0 11 2
a 814 852 0 38 8
a 814 543 0 17 8
a 815 585 0 25 9
a 815 286 0 26 5
a 815 315 0 38 3
a 818 815 0 25 8
a 818 505 0 41 7
a 818 283 0 30 5
a 820 243 0 25 6
a 820 409 0 37 6
a 820 712 0 35 1
a 822 160 0 25 4
a 822 754 0 39 3
a 822 170 0 4 8
a 822 46 0 1 9
a 822 692 0 47 2
a 823 519 0 25 6
a 823 814 0 1 9
a 823 539 0 19 2
a 823 85 0 11 6
a 826 226 0 25 3
a 826 295 0 5 2
a 826 769 0 38 8
a 826 88 0 46 4
a 826 791 0 4 3
a 830 616 0 25 6
a 830 7 0 32 9
a 831 442 0 25 2
a 831 549 0 16 3
a 831 898 0 45 7
a 831 512 0 46 1
a 832 193 0 25 9
a 832 823 0 22 1
a 835 274 0 25 8
a 835 980 0 41 1
a 841 207 0 25 2
a 841 984 0 33 1
a 841 691 0 22 10
a 841 267 0 21 8
a 843 175 0 25 4
a 843 620 0 42 8
a 844 406 0 25 3
a 844 885 0 41 8
a 844 450 0 24 4
a 846 354 0 25 9
a 846 925 0 49 7
a 847 518 0 25 5
a 847 414 0 12 1
a 848 905 0 25 2
a 848 289 0 41 10
a 848 581 0 11 6
a 849 142 0 25 5
a 849 59 0 17 1
a 849 163 0 5 9
a 851 628 0 25 9
a 851 346 0 49 4
a 853 471 0 25 5
a 853 397 0 17 4
a 853 282 0 40 2
a 853 420 0 43 1
a 854 634 0 25 3
a 854 788 0 32 8
a 854 930 0 34 4
a 856 420 0 25 3
a 856 799 0 37 8
a 857 627 0 25 4
a 857 481 0 29 7
a 857 148 0 4 9
a 857 829 0 11 3
a 858 372 0 25 3
a 858 820 0 13 5
a 858 476 0 40 2
a 858 486 0 38 1
a 858 915 0 26 8
a 861 351 0 25 2
a 861 194 0 3 4
a 861 389 0 25 9
a 861 445 0 41 8
a 861 758 0 50 5
a 863 179 0 25 7
a 863 111 0 41 4
a 863 283 0 27 9
a 863 963 0 13 6
a 864 91 0 25 10
a 864 831 0 13 2
a 865 225 0 25 3
a 865 463 0 37 7
a 865 270 0 46 5
a 866 899 0 25 10
a 866 661 0 26 8
a 866 956 0 31 10
a 867 893 0 25 6
a 867 845 0 10 3
a 867 965 0 50 8
a 868 599 0 25 10
a 868 589 0 8 9
a 868 121 0 30 9
a 870 136 0 25 5
a 870 81 0 44 6
a 870 249 0 22 8
a 870 579 0 28 7
a 872 580 0 25 8
a 872 660 0 1 5
a 873 745 0 25 7
a 873 392 0 48 3
a 873 713 0 47 4
a 877 49 0 25 6
a 877 272 0 31 10
a 877 694 0 21 1
a 877 487 0 47 1
a 877 793 0 14 2
a 878 980 0 25 5
a 878 741 0 3 1
a 881 994 0 25 10
a 881 154 0 9 8
a 881 641 0 24 2
a 881 171 0 26 9
a 881 87 0 16 6
a 887 548 0 25 2
a 887 147 0 0 6
a 887 416 0 0 9
a 888 130 0 25 10
a 888 331 0 50 1
a 888 708 0 26 10
a 891 428 0 25 9
a 891 432 0 25 2
a 891 723 0 15 5
a 891 765 0 21 2
a 891 88 0 12 6
a 893 107 0 25 4
a 893 698 0 25 8
a 893 552 0 34 2
a 894 591 0 25 4
a 894 54 0 32 10
a 894 444 0 40 4
a 897 947 0 25 6
a 897 553 0 48 8
a 897 504 0 8 7
a 899 990 0 25 7
a 899 863 0 30 3
a 899 35 0 17 7
a 902 341 0 25 7
a 902 23 0 50 5
a 902 951 0 19 10
a 903 818 0 25 1
a 903 931 0 0 4
a 905 709 0 25 1
a 905 623 0 12 3
a 907 841 0 25 3
a 907 457 0 41 3
a 907 995 0 20 3
a 909 452 0 25 6
a 909 381 0 5 6
a 909 411 0 18 9
a 909 948 0 31 9
a 912 53 0 25 8
a 912 780 0 10 5
a 912 661 0 36 8
a 912 705 0 5 4
a 912 844 0 3 6
a 915 185 0 25 7
a 915 22 0 35 9
a 915 336 0 4 5
a 917 636 0 25 6
a 917 666 0 48 1
a 917 583 0 12 6
a 917 659 0 15 8
a 927 700 0 25 6
a 927 897 0 36 6
a 927 89 0 27 2
a 927 198 0 35 4
a 927 461 0 26 5
a 928 1000 0 25 9
a 928 693 0 25 4
a 928 45 0 33 5
a 929 678 0 25 7
a 929 849 0 24 3
a 929 219 0 11 3
a 929 354 0 33 5
a 930 232 0 25 3
a 930 498 0 43 10
a 930 345 0 38 6
a 930 192 0 1 10
a 932 422 0 25 3
a 932 583 0 18 1
a 932 479 0 21 3
a 932 720 0 27 2
a 936 932 0 25 7
a 936 711 0 36 3
a 936 982 0 3 9
a 936 992 0 49 8
a 936 978 0 17 7
a 943 698 0 25 3
a 943 959 0 44 8
a 943 724 0 44 7
a 946 672 0 25 2
a 946 987 0 11 5
a 946 70 0 21 2
a 947 139 0 25 9
a 947 840 0 33 10
a 952 219 0 25 10
a 952 304 0 12 5
a 953 962 0 25 9
a 953 897 0 34 6
a 953 798 0 26 1
a 953 775 0 38 7
a 953 560 0 37 2
a 957 809 0 25 10
a 957 279 0 15 3
a 957 638 0 45 5
a 957 415 0 46 6
a 962 767 0 25 3
a 962 423 0 0 8
a 963 664 0 25 6
a 963 179 0 7 5
a 963 337 0 47 5
a 963 262 0 18 4
a 963 140 0 48 5
a 966 259 0 25 9
a 966 498 0 4 1
a 966 595 0 37 5
a 967 437 0 25 3
a 967 31 0 8 6
a 967 478 0 35 10
a 967 421 0 45 10
a 969 645 0 25 5
a 969 314 0 46 10
a 969 522 0 1 3
a 971 295 0 25 1
a 971 262 0 43 5
a 971 70 0 22 2
a 971 685 0 38 9
a 971 100 0 4 3
a 975 108 0 25 6
a 975 984 0 12 9
a 976 589 0 25 5
a 976 518 0 7 3
a 976 42 0 6 9
a 978 846 0 25 8
a 978 995 0 6 1
a 978 857 0 15 3
a 978 871 0 8 2
a 978 307 0 26 8
a 979 370 0 25 1
a 979 891 0 5 10
a 979 572 0 33 6
a 980 230 0 25 2
a 980 794 0 25 3
a 980 896 0 6 3
a 980 12 0 28 9
a 984 242 0 25 6
a 984 315 0 43 5
a 985 128 0 25 3
a 985 572 0 17 8
a 986 444 0 25 2
a 986 867 0 38 6
a 986 213 0 43 2
a 987 568 0 25 5
a 987 800 0 48 5
a 989 231 0 25 1
a 989 936 0 35 3
a 989 911 0 12 10
a 989 308 0 1 1
a 990 601 0 25 7
a 990 184 0 38 6
a 990 453 0 41 10
a 990 35 0 7 9
a 990 989 0 13 8
a 991 736 0 25 7
a 991 898 0 5 3
a 991 460 0 25 7
a 992 814 0 25 2
a 992 974 0 7 6
a 992 177 0 8 4
a 994 513 0 25 4
a 994 900 0 28 2
a 994 91 0 39 6
a 995 234 0 25 6
a 995 518 0 35 3
