c PyNETGEN v1.0.0
c $ pip install pynetgen
c
c  NETGEN flow network generation algorithm
c  Problem input parameters
c  -------------------------------------
c   Random seed:          3
c   Number of nodes:      1000
c   Source nodes:         2
c   Sink nodes:           2
c   Number of arcs:       4000
c   Minimum arc cost:     1
c   Maximum arc cost:     10
c   Total supply:         50
c   Transshipment -
c     Sources:            0
c     Sinks:              0
c   Skeleton arcs -
c     With max cost:      0
c     Capacitated:        100
c   Minimum arc capacity: 0
c   Maximum arc capacity: 50
c
c  *** Minimum cost flow ***
c
p min 1000 4000
n 1 22
n 2 28
n 999 -20
n 1000 -30
a 1 15 0 22 4
a 1 233 0 6 3
a 1 178 0 12 1
a 4 857 0 22 10
a 4 110 0 21 7
a 4 82 0 16 5
a 5 702 0 22 2
a 5 528 0 33 4
a 5 170 0 17 6
a 5 947 0 18 9
a 5 700 0 25 3
a 5 500 0 31 4
a 6 359 0 22 8
a 6 566 0 26 9
a 6 644 0 39 4
a 6 890 0 19 6
a 6 215 0 8 7
a 6 323 0 38 3
a 8 905 0 22 2
a 8 787 0 5 4
a 8 208 0 15 5
a 8 371 0 10 4
a 8 926 0 47 3
a 9 421 0 22 6
a 9 908 0 35 9
a 9 73 0 29 9
a 9 388 0 3 4
a 9 142 0 36 1
a 9 491 0 27 9
a 9 640 0 46 10
a 10 799 0 22 10
a 10 469 0 26 8
a 10 585 0 25 3
a 10 478 0 4 9
a 10 876 0 24 7
a 13 569 0 22 9
a 13 470 0 26 3
a 13 958 0 9 9
a 15 699 0 22 4
a 15 907 0 23 3
a 19 289 0 22 3
a 19 23 0 17 1
a 19 111 0 39 8
a 23 387 0 22 1
a 23 507 0 45 4
a 23 810 0 9 9
a 23 292 0 19 4
a 23 981 0 43 7
a 23 500 0 37 5
a 24 779 0 22 7
a 24 471 0 34 8
a 24 539 0 35 1
a 24 25 0 15 1
a 24 479 0 28 6
a 24 731 0 17 5
a 24 769 0 24 7
a 26 609 0 22 3
a 26 212 0 46 10
a 26 526 0 18 4
a 27 777 0 22 6
a 27 584 0 11 9
a 27 36 0 2 2
a 27 834 0 16 5
a 29 116 0 22 6
a 29 534 0 35 3
a 29 120 0 8 10
a 29 264 0 47 6
a 34 828 0 22 5
a 34 538 0 39 2
a 34 105 0 37 2
a 34 501 0 13 9
a 40 179 0 22 2
a 40 463 0 46 10
a 41 24 0 22 7
a 41 662 0 16 9
a 41 213 0 37 4
a 41 433 0 31 7
a 43 237 0 22 1
a 43 172 0 28 3
a 43 479 0 5 6
a 43 531 0 29 5
a 43 314 0 34 1
a 43 596 0 39 2
a 43 433 0 41 8
a 44 213 0 22 6
a 44 478 0 36 2
a 44 698 0 1 8
a 44 519 0 27 6
a 44 756 0 2 2
a 44 316 0 40 1
a 45 970 0 22 1
a 45 563 0 7 3
a 47 782 0 22 9
a 47 431 0 38 8
a 49 718 0 22 6
a 49 448 0 3 7
a 49 797 0 25 1
a 49 124 0 43 1
a 49 930 0 12 9
a 49 327 0 19 2
a 49 755 0 18 8
a 51 659 0 22 7
a 51 374 0 20 10
a 51 126 0 37 8
a 51 441 0 46 8
a 52 454 0 22 8
a 52 780 0 44 8
a 52 201 0 43 7
a 52 467 0 3 7
a 52 858 0 17 6
a 58 260 0 22 9
a 58 864 0 36 7
a 58 837 0 6 9
a 58 461 0 46 5
a 58 901 0 7 1
a 58 775 0 3 4
a 61 838 0 22 6
a 61 885 0 4 6
a 64 52 0 22 5
a 64 54 0 43 3
a 64 99 0 32 2
a 64 339 0 21 9
a 64 105 0 18 9
a 64 518 0 22 5
a 66 102 0 22 2
a 66 234 0 7 7
a 66 261 0 39 3
a 67 487 0 22 2
a 67 990 0 21 2
a 67 396 0 21 3
a 67 398 0 47 3
a 67 300 0 30 6
a 67 588 0 11 10
a 68 760 0 22 8
a 68 451 0 34 1
a 68 1000 0 37 9
a 68 141 0 13 4
a 68 512 0 32 1
a 72 118 0 22 6
a 72 617 0 31 10
a 72 339 0 5 7
a 72 718 0 43 5
a 73 408 0 22 8
a 73 347 0 21 10
a 73 372 0 37 2
a 79 407 0 22 6
a 79 430 0 12 2
a 79 818 0 27 5
a 79 426 0 48 3
a 79 123 0 47 3
a 82 441 0 22 4
a 82 291 0 7 4
a 85 477 0 22 8
a 85 569 0 38 7
a 87 855 0 22 7
a 87 491 0 42 5
a 87 525 0 23 8
a 87 924 0 5 2
a 87 680 0 10 4
a 87 971 0 17 2
a 88 916 0 22 5
a 88 199 0 43 9
a 88 456 0 5 5
a 88 996 0 41 1
a 88 165 0 2 2
a 89 693 0 22 10
a 89 727 0 50 3
a 89 413 0 18 5
a 89 629 0 8 6
a 89 689 0 19 6
a 90 130 0 22 2
a 90 325 0 31 2
a 95 113 0 22 9
a 95 586 0 12 3
a 99 215 0 22 9
a 99 905 0 17 7
a 99 386 0 40 2
a 99 88 0 46 8
a 100 476 0 22 5
a 100 510 0 21 10
a 100 724 0 50 9
a 100 368 0 2 10
a 101 851 0 22 10
a 101 113 0 46 1
a 101 376 0 8 7
a 101 538 0 3 10
a 101 787 0 41 8
a 101 974 0 46 10
a 102 245 0 22 4
a 102 588 0 35 9
a 102 403 0 48 7
a 102 338 0 24 8
a 102 888 0 35 2
a 103 9 0 22 10
a 103 608 0 12 7
a 103 724 0 3 9
a 103 230 0 43 9
a 103 584 0 36 5
a 104 955 0 22 6
a 104 68 0 24 2
a 104 368 0 29 9
a 104 443 0 30 5
a 104 609 0 47 10
a 104 950 0 33 10
a 106 688 0 22 1
a 106 36 0 11 6
a 107 713 0 22 10
a 107 668 0 34 1
a 108 498 0 22 3
a 108 958 0 27 3
a 108 99 0 29 4
a 108 175 0 22 10
a 108 315 0 47 9
a 108 260 0 45 2
a 109 321 0 22 1
a 109 909 0 22 3
a 109 476 0 15 4
a 111 720 0 22 8
a 111 204 0 9 9
a 112 546 0 22 3
a 112 53 0 50 7
a 112 718 0 50 6
a 113 883 0 22 10
a 113 747 0 31 6
a 113 433 0 10 10
a 113 172 0 7 9
a 113 682 0 8 4
a 115 88 0 22 2
a 115 780 0 36 4
a 115 606 0 38 4
a 115 71 0 48 3
a 115 507 0 40 1
a 116 847 0 22 6
a 116 186 0 44 5
a 116 553 0 12 1
a 116 454 0 46 5
a 116 62 0 44 7
a 118 804 0 22 1
a 118 158 0 5 10
a 120 707 0 22 4
a 120 946 0 44 5
a 120 284 0 19 8
a 123 283 0 22 3
a 123 844 0 3 8
a 125 592 0 22 2
a 125 735 0 32 5
a 125 17 0 39 5
a 125 440 0 32 6
a 128 453 0 22 10
a 128 57 0 48 1
a 129 835 0 22 3
a 129 352 0 21 4
a 129 592 0 47 5
a 129 943 0 16 1
a 129 590 0 26 7
a 130 961 0 22 8
a 130 75 0 15 6
a 131 458 0 22 9
a 131 502 0 32 3
a 131 817 0 45 10
a 131 203 0 13 5
a 132 560 0 22 5
a 132 889 0 37 5
a 132 466 0 11 1
a 132 856 0 4 4
a 132 184 0 29 2
a 133 475 0 22 6
a 133 553 0 20 7
a 133 702 0 35 2
a 133 990 0 33 9
a 135 744 0 22 7
a 135 741 0 29 10
a 135 947 0 22 1
a 135 932 0 38 8
a 135 575 0 15 7
a 135 922 0 39 8
a 135 102 0 14 4
a 142 582 0 22 2
a 142 738 0 27 1
a 142 824 0 15 4
a 144 322 0 22 3
a 144 625 0 9 8
a 144 623 0 5 7
a 144 545 0 30 3
a 145 618 0 22 8
a 145 819 0 4 1
a 145 804 0 46 8
a 147 376 0 22 8
a 147 860 0 10 1
a 147 58 0 42 10
a 150 360 0 22 3
a 150 335 0 41 5
a 150 614 0 47 7
a 150 415 0 19 9
a 150 37 0 12 7
a 150 31 0 41 7
a 150 278 0 47 8
a 151 896 0 22 4
a 151 147 0 5 9
a 151 793 0 31 4
a 151 79 0 6 10
a 151 7 0 42 8
a 151 511 0 36 9
a 156 794 0 22 7
a 156 366 0 25 1
a 156 32 0 44 6
a 156 43 0 44 2
a 156 516 0 40 3
a 156 541 0 16 2
a 161 173 0 22 5
a 161 397 0 28 6
a 161 100 0 44 5
a 161 116 0 49 5
a 163 67 0 22 3
a 163 521 0 46 3
a 165 881 0 22 7
a 165 845 0 29 4
a 165 850 0 26 7
a 165 200 0 9 7
a 166 900 0 22 3
a 166 66 0 15 6
a 166 38 0 44 9
a 166 672 0 13 2
a 166 415 0 0 3
a 166 888 0 3 10
a 168 538 0 22 7
a 168 233 0 30 4
a 168 868 0 28 7
a 173 503 0 22 6
a 173 338 0 47 3
a 176 304 0 22 5
a 176 149 0 14 2
a 176 385 0 28 7
a 176 946 0 50 9
a 176 837 0 8 4
a 177 109 0 22 5
a 177 955 0 43 9
a 178 409 0 22 10
a 178 114 0 20 10
a 178 153 0 20 4
a 179 47 0 22 2
a 179 468 0 19 2
a 179 152 0 39 8
a 179 298 0 10 5
a 179 69 0 31 7
a 181 649 0 22 3
a 181 595 0 39 6
a 181 179 0 30 5
a 184 194 0 22 8
a 184 692 0 14 8
a 185 192 0 22 6
a 185 572 0 19 10
a 185 121 0 50 5
a 187 309 0 22 9
a 187 914 0 49 8
a 187 875 0 31 6
a 187 975 0 39 5
a 187 618 0 8 10
a 187 330 0 23 1
a 188 873 0 22 4
a 188 51 0 24 5
a 188 210 0 32 10
a 188 721 0 24 6
a 188 765 0 32 1
a 192 571 0 22 5
a 192 677 0 1 9
a 194 947 0 22 9
a 194 872 0 23 5
a 194 315 0 21 10
a 194 723 0 35 7
a 194 41 0 31 9
a 195 931 0 22 2
a 195 653 0 2 2
a 195 253 0 18 5
a 195 530 0 31 9
a 195 805 0 15 3
a 195 50 0 10 8
a 195 996 0 44 3
a 199 746 0 22 10
a 199 259 0 2 7
a 199 634 0 31 5
a 199 194 0 20 4
a 199 951 0 19 10
a 199 589 0 15 1
a 200 691 0 22 10
a 200 6 0 24 1
a 200 501 0 47 10
a 200 190 0 0 8
a 200 833 0 14 5
a 200 641 0 2 6
a 201 752 0 22 1
a 201 608 0 9 5
a 201 736 0 46 8
a 201 351 0 48 6
a 201 507 0 22 10
a 201 995 0 18 2
a 203 552 0 22 7
a 203 96 0 23 9
a 203 48 0 6 4
a 203 162 0 32 2
a 203 541 0 44 3
a 206 254 0 22 6
a 206 867 0 26 6
a 206 832 0 40 2
a 207 161 0 22 3
a 207 72 0 27 5
a 207 512 0 21 5
a 207 583 0 29 6
a 207 768 0 43 9
a 207 122 0 1 2
a 208 271 0 22 4
a 208 750 0 8 5
a 208 699 0 16 10
a 208 427 0 46 5
a 208 422 0 1 6
a 211 727 0 22 3
a 211 328 0 48 1
a 211 568 0 41 2
a 213 103 0 22 10
a 213 722 0 25 7
a 213 441 0 26 8
a 213 845 0 37 6
a 213 839 0 6 2
a 213 81 0 35 9
a 215 654 0 22 8
a 215 881 0 23 2
a 215 564 0 15 10
a 215 751 0 50 7
a 217 223 0 22 2
a 217 987 0 13 3
a 217 969 0 33 10
a 217 712 0 12 1
a 217 882 0 31 5
a 218 907 0 22 2
a 218 60 0 15 9
a 218 535 0 17 1
a 218 260 0 32 1
a 221 730 0 22 8
a 221 351 0 39 9
a 223 510 0 22 4
a 223 444 0 39 7
a 223 474 0 45 8
a 223 841 0 44 1
a 223 547 0 9 9
a 225 894 0 22 6
a 225 791 0 8 2
a 225 902 0 16 4
a 225 903 0 32 5
a 225 910 0 49 5
a 225 191 0 8 1
a 231 150 0 22 10
a 231 472 0 26 10
a 231 431 0 36 1
a 231 281 0 15 7
a 232 596 0 22 6
a 232 604 0 29 9
a 232 298 0 40 4
a 235 764 0 22 6
a 235 965 0 42 6
a 235 568 0 40 6
a 236 981 0 22 5
a 236 572 0 44 6
a 236 720 0 31 8
a 236 663 0 25 9
a 237 608 0 22 10
a 237 933 0 38 6
a 237 356 0 40 7
a 237 717 0 11 5
a 238 729 0 22 3
a 238 89 0 34 7
a 238 469 0 42 1
a 238 396 0 40 5
a 238 210 0 10 5
a 243 810 0 22 2
a 243 21 0 21 7
a 243 757 0 16 3
a 245 738 0 22 8
a 245 494 0 16 4
a 245 200 0 39 1
a 246 382 0 22 9
a 246 115 0 48 10
a 246 56 0 20 8
a 246 99 0 30 1
a 246 847 0 13 4
a 246 466 0 36 7
a 248 23 0 22 10
a 248 617 0 6 8
a 249 211 0 22 4
a 249 936 0 3 7
a 249 26 0 40 2
a 249 680 0 33 5
a 249 29 0 15 1
a 250 942 0 22 6
a 250 892 0 41 4
a 250 490 0 50 4
a 250 756 0 1 7
a 252 225 0 22 9
a 252 298 0 27 1
a 252 626 0 5 6
a 252 807 0 1 1
a 252 606 0 45 2
a 252 951 0 37 9
a 254 342 0 22 10
a 254 308 0 49 9
a 254 969 0 19 3
a 254 914 0 14 5
a 254 888 0 14 6
a 259 45 0 22 9
a 259 743 0 15 8
a 259 321 0 4 10
a 259 971 0 32 10
a 260 341 0 22 8
a 260 323 0 8 3
a 260 608 0 36 2
a 260 715 0 40 5
a 260 762 0 28 1
a 263 818 0 22 5
a 263 812 0 41 7
a 263 617 0 38 8
a 263 361 0 23 5
a 263 279 0 33 5
a 266 444 0 22 3
a 266 385 0 3 7
a 266 535 0 50 9
a 266 653 0 33 9
a 266 698 0 28 5
a 266 335 0 18 4
a 270 619 0 22 4
a 270 894 0 0 8
a 271 199 0 22 5
a 271 56 0 29 8
a 271 105 0 23 4
a 271 895 0 7 5
a 271 153 0 12 1
a 272 66 0 22 5
a 272 48 0 41 9
a 274 647 0 22 3
a 274 868 0 39 8
a 274 507 0 15 2
a 274 629 0 28 2
a 274 153 0 20 4
a 274 68 0 48 4
a 275 601 0 22 6
a 275 451 0 3 2
a 279 652 0 22 4
a 279 382 0 8 7
a 283 346 0 22 1
a 283 872 0 47 9
a 283 124 0 42 6
a 283 25 0 4 6
a 283 980 0 31 3
a 283 270 0 34 6
a 286 723 0 22 2
a 286 864 0 49 9
a 286 409 0 49 10
a 286 553 0 4 8
a 286 66 0 49 6
a 286 900 0 35 2
a 287 129 0 22 4
a 287 273 0 7 9
a 287 318 0 29 9
a 287 424 0 36 6
a 287 909 0 33 8
a 287 378 0 43 7
a 288 904 0 22 9
a 288 561 0 45 2
a 289 326 0 22 8
a 289 21 0 48 10
a 291 90 0 22 5
a 291 389 0 26 9
a 291 679 0 44 5
a 291 940 0 19 8
a 296 886 0 22 7
a 296 895 0 8 4
a 298 742 0 22 10
a 298 772 0 23 3
a 298 636 0 36 2
a 298 429 0 34 4
a 298 212 0 48 3
a 300 778 0 22 8
a 300 228 0 46 1
a 300 474 0 27 5
a 300 198 0 30 9
a 300 221 0 2 7
a 304 469 0 22 5
a 304 381 0 18 2
a 304 735 0 25 7
a 304 883 0 38 9
a 304 396 0 17 3
a 304 464 0 43 8
a 305 431 0 22 6
a 305 62 0 5 3
a 305 994 0 32 4
a 305 83 0 42 9
a 305 737 0 17 2
a 306 993 0 22 6
a 306 227 0 7 3
a 309 405 0 22 3
a 309 422 0 34 7
a 309 50 0 21 10
a 309 657 0 32 10
a 309 440 0 45 6
a 310 964 0 22 5
a 310 128 0 40 10
a 310 219 0 46 1
a 310 258 0 44 6
a 310 300 0 37 4
a 312 391 0 22 8
a 312 446 0 29 1
a 312 437 0 7 2
a 312 409 0 3 3
a 312 673 0 1 2
a 313 163 0 22 7
a 313 613 0 0 4
a 313 383 0 12 4
a 313 203 0 32 5
a 313 599 0 29 5
a 313 849 0 44 2
a 315 940 0 22 5
a 315 664 0 34 9
a 315 173 0 13 9
a 315 602 0 34 6
a 315 846 0 30 3
a 318 800 0 22 8
a 318 533 0 30 2
a 318 329 0 7 6
a 318 843 0 49 8
a 321 72 0 22 4
a 321 171 0 15 5
a 321 245 0 23 9
a 322 951 0 22 8
a 322 587 0 48 5
a 322 241 0 38 1
a 322 501 0 29 8
a 325 980 0 22 2
a 325 919 0 28 3
a 325 547 0 30 7
a 325 498 0 49 10
a 325 110 0 26 8
a 325 599 0 16 5
a 326 472 0 22 4
a 326 905 0 6 5
a 326 338 0 31 10
a 329 965 0 22 8
a 329 615 0 36 9
a 329 343 0 25 7
a 329 65 0 6 4
a 329 746 0 43 9
a 329 314 0 29 9
a 331 156 0 22 1
a 331 934 0 42 9
a 331 273 0 16 7
a 331 356 0 15 1
a 331 117 0 21 10
a 331 446 0 30 2
a 332 597 0 22 9
a 332 219 0 2 5
a 332 532 0 9 7
a 332 702 0 32 8
a 332 741 0 14 6
a 332 227 0 12 5
a 333 513 0 22 2
a 333 373 0 11 4
a 333 164 0 49 2
a 333 931 0 44 5
a 334 305 0 22 9
a 334 610 0 42 10
a 334 248 0 46 7
a 336 891 0 22 7
a 336 74 0 43 8
a 336 800 0 17 4
a 337 784 0 22 7
a 337 979 0 23 6
a 338 486 0 22 5
a 338 421 0 49 2
a 338 141 0 12 1
a 338 547 0 23 7
a 340 315 0 22 5
a 340 427 0 30 4
a 340 850 0 35 1
a 340 345 0 49 8
a 341 144 0 22 6
a 341 59 0 38 9
a 341 35 0 50 2
a 342 516 0 22 8
a 342 301 0 2 8
a 342 266 0 21 3
a 343 640 0 22 2
a 343 604 0 10 8
a 343 88 0 36 10
a 343 178 0 13 6
a 343 800 0 18 3
a 343 831 0 4 7
a 344 133 0 22 2
a 344 864 0 1 3
a 344 408 0 23 9
a 344 290 0 18 10
a 345 610 0 22 10
a 345 89 0 35 4
a 345 862 0 16 3
a 346 770 0 22 8
a 346 291 0 11 3
a 346 718 0 4 9
a 347 95 0 22 1
a 347 539 0 2 6
a 347 964 0 42 3
a 347 268 0 33 10
a 349 332 0 22 3
a 349 783 0 45 8
a 349 745 0 23 2
a 349 740 0 21 6
a 349 99 0 48 4
a 349 658 0 45 5
a 350 142 0 22 9
a 350 470 0 37 5
a 350 612 0 33 10
a 350 16 0 26 9
a 350 103 0 24 5
a 352 633 0 22 5
a 352 975 0 20 4
a 352 591 0 47 9
a 352 444 0 25 8
a 352 595 0 21 4
a 353 645 0 22 5
a 353 108 0 11 6
a 359 41 0 22 5
a 359 921 0 12 4
a 359 996 0 0 10
a 359 62 0 34 3
a 360 580 0 22 2
a 360 354 0 18 2
a 360 133 0 38 3
a 360 188 0 21 9
a 360 964 0 26 5
a 360 290 0 5 3
a 363 985 0 22 4
a 363 5 0 15 2
a 363 685 0 6 10
a 363 864 0 46 10
a 365 318 0 22 3
a 365 73 0 36 8
a 365 238 0 21 4
a 365 176 0 41 6
a 368 629 0 22 6
a 368 383 0 40 10
a 370 591 0 22 6
a 370 82 0 33 8
a 370 87 0 15 7
a 370 418 0 3 9
a 370 85 0 47 2
a 371 207 0 22 3
a 371 44 0 28 2
a 372 248 0 22 1
a 372 71 0 25 2
a 376 329 0 22 6
a 376 256 0 26 7
a 376 15 0 11 1
a 376 260 0 5 9
a 376 453 0 37 10
a 377 195 0 22 2
a 377 400 0 47 8
a 382 512 0 22 1
a 382 637 0 45 8
a 382 437 0 26 7
a 382 855 0 20 9
a 387 178 0 22 5
a 387 909 0 17 6
a 387 201 0 4 5
a 387 530 0 21 4
a 388 525 0 22 8
a 388 6 0 6 9
a 388 438 0 8 9
a 388 793 0 25 7
a 388 654 0 35 6
a 389 787 0 22 5
a 389 45 0 15 10
a 389 172 0 7 7
a 389 917 0 37 1
a 389 164 0 46 6
a 389 234 0 29 6
a 391 937 0 22 1
a 391 216 0 36 6
a 391 652 0 13 2
a 396 868 0 22 4
a 396 137 0 28 10
a 396 576 0 25 8
a 397 662 0 22 4
a 397 466 0 6 5
a 397 58 0 32 5
a 397 249 0 10 7
a 397 940 0 8 1
a 399 87 0 22 4
a 399 635 0 13 3
a 399 613 0 41 9
a 399 644 0 3 8
a 399 918 0 21 1
a 399 96 0 48 2
a 402 478 0 22 2
a 402 129 0 11 7
a 402 828 0 12 1
a 402 743 0 14 10
a 402 909 0 43 8
a 404 345 0 22 4
a 404 791 0 26 10
a 404 504 0 50 7
a 405 410 0 22 7
a 405 984 0 17 7
a 405 429 0 4 3
a 407 104 0 22 9
a 407 355 0 49 3
a 407 467 0 32 9
a 408 653 0 22 2
a 408 143 0 48 10
a 408 98 0 29 7
a 408 989 0 3 1
a 408 219 0 10 8
a 408 805 0 1 10
a 409 396 0 22 9
a 409 872 0 41 3
a 409 339 0 37 7
a 410 287 0 22 5
a 410 902 0 22 5
a 412 898 0 22 10
a 412 568 0 50 4
a 412 259 0 43 2
a 412 499 0 10 3
a 415 874 0 22 10
a 415 442 0 42 9
a 415 943 0 16 5
a 417 184 0 22 7
a 417 922 0 10 8
a 417 537 0 42 3
a 417 863 0 5 2
a 417 763 0 11 5
a 417 884 0 50 1
a 419 259 0 22 9
a 419 235 0 37 5
a 419 856 0 48 8
a 421 404 0 22 10
a 421 435 0 42 5
a 429 885 0 22 4
a 429 916 0 48 4
a 429 483 0 32 6
a 430 869 0 22 9
a 430 228 0 25 7
a 430 768 0 13 10
a 431 58 0 22 10
a 431 756 0 47 10
a 433 934 0 22 10
a 433 497 0 38 1
a 433 6 0 40 9
a 433 539 0 11 6
a 435 485 0 22 6
a 435 759 0 3 7
a 435 445 0 14 8
a 438 854 0 22 8
a 438 305 0 43 5
a 438 635 0 20 3
a 438 76 0 42 1
a 441 956 0 22 3
a 441 637 0 28 2
a 441 614 0 42 4
a 441 124 0 15 8
a 444 880 0 22 2
a 444 890 0 8 2
a 446 363 0 22 9
a 446 144 0 10 5
a 446 314 0 23 1
a 453 991 0 22 6
a 453 720 0 35 10
a 453 503 0 29 3
a 453 579 0 17 4
a 454 529 0 22 2
a 454 611 0 29 5
a 454 298 0 27 9
a 454 807 0 36 7
a 454 509 0 34 6
a 456 634 0 22 8
a 456 355 0 1 10
a 456 12 0 20 10
a 457 614 0 22 5
a 457 143 0 18 6
a 457 301 0 47 3
a 458 632 0 22 8
a 458 693 0 14 9
a 458 452 0 2 2
a 459 959 0 22 9
a 459 739 0 19 2
a 462 990 0 22 9
a 462 350 0 15 6
a 462 739 0 29 9
a 463 79 0 22 9
a 463 806 0 27 7
a 463 391 0 36 7
a 463 762 0 16 10
a 463 409 0 48 8
a 463 165 0 41 9
a 467 333 0 22 5
a 467 394 0 16 10
a 467 212 0 50 9
a 467 645 0 49 4
a 467 638 0 0 4
a 467 234 0 19 1
a 469 463 0 22 6
a 469 805 0 27 6
a 469 338 0 33 6
a 470 877 0 22 8
a 470 140 0 47 6
a 470 831 0 12 5
a 472 313 0 22 5
a 472 794 0 40 2
a 472 542 0 44 4
a 472 938 0 49 4
a 472 199 0 9 8
a 475 19 0 22 8
a 475 287 0 43 9
a 475 916 0 26 1
a 476 768 0 22 5
a 476 146 0 22 4
a 476 105 0 11 1
a 476 670 0 18 1
a 476 669 0 20 4
a 477 541 0 22 4
a 477 514 0 11 4
a 477 358 0 46 9
a 477 693 0 8 9
a 477 763 0 22 3
a 478 622 0 22 1
a 478 594 0 20 10
a 478 397 0 34 9
a 478 719 0 26 5
a 478 28 0 10 2
a 478 508 0 30 5
a 479 111 0 22 3
a 479 150 0 17 2
a 479 774 0 46 6
a 479 505 0 37 6
a 479 282 0 38 7
a 480 583 0 22 7
a 480 703 0 1 3
a 480 707 0 42 9
a 480 309 0 47 5
a 480 845 0 33 3
a 480 811 0 21 10
a 483 270 0 22 2
a 483 1000 0 50 4
a 483 200 0 27 3
a 485 831 0 22 6
a 485 824 0 20 3
a 485 208 0 18 7
a 485 924 0 39 1
a 486 350 0 22 3
a 486 724 0 29 10
a 486 955 0 31 3
a 486 902 0 30 6
a 486 534 0 47 3
a 486 627 0 6 7
a 487 932 0 22 5
a 487 777 0 34 9
a 487 182 0 19 7
a 487 370 0 2 1
a 488 988 0 22 9
a 488 171 0 6 10
a 488 15 0 43 2
a 488 509 0 36 10
a 488 953 0 39 4
a 488 311 0 47 2
a 489 200 0 22 8
a 489 740 0 40 8
a 490 971 0 22 2
a 490 864 0 30 1
a 490 623 0 35 8
a 490 622 0 21 2
a 492 168 0 22 7
a 492 649 0 9 3
a 492 534 0 36 10
a 492 657 0 23 10
a 494 429 0 22 3
a 494 153 0 26 3
a 494 809 0 23 6
a 494 723 0 14 5
a 494 680 0 38 2
a 495 531 0 22 2
a 495 514 0 35 9
a 495 242 0 20 6
a 495 777 0 27 1
a 498 789 0 22 7
a 498 74 0 27 2
a 498 347 0 28 7
a 498 289 0 47 3
a 498 509 0 26 10
a 498 251 0 14 9
a 500 536 0 22 5
a 500 477 0 33 2
a 500 717 0 34 9
a 503 974 0 22 5
a 503 846 0 10 6
a 503 968 0 50 5
a 503 919 0 14 5
a 510 808 0 22 6
a 510 117 0 30 6
a 510 52 0 37 10
a 510 602 0 31 2
a 510 335 0 6 5
a 512 826 0 22 3
a 512 895 0 4 7
a 513 177 0 22 1
a 513 577 0 13 1
a 513 862 0 15 9
a 513 520 0 20 7
a 516 615 0 22 9
a 516 285 0 46 8
a 516 125 0 25 8
a 516 552 0 28 2
a 518 352 0 22 10
a 518 468 0 32 1
a 518 195 0 30 6
a 518 607 0 2 5
a 518 202 0 26 6
a 518 414 0 44 7
a 519 767 0 22 2
a 519 683 0 34 10
a 519 922 0 17 3
a 521 966 0 22 2
a 521 544 0 14 8
a 522 665 0 22 3
a 522 938 0 12 6
a 522 581 0 34 2
a 525 863 0 22 7
a 525 826 0 24 7
a 526 882 0 22 7
a 526 250 0 41 5
a 526 253 0 8 10
a 526 304 0 18 2
a 526 554 0 49 7
a 527 625 0 22 3
a 527 803 0 14 4
a 527 696 0 40 6
a 527 248 0 2 3
a 527 70 0 43 10
a 527 959 0 21 4
a 529 962 0 22 8
a 529 946 0 8 1
a 529 536 0 21 6
a 529 54 0 5 1
a 529 357 0 41 4
a 529 685 0 31 4
a 531 106 0 22 10
a 531 281 0 14 2
a 531 345 0 17 4
a 531 962 0 39 5
a 531 11 0 29 7
a 532 188 0 22 8
a 532 75 0 19 9
a 532 329 0 30 5
a 532 381 0 0 6
a 532 705 0 16 10
a 534 522 0 22 9
a 534 280 0 6 1
a 535 185 0 22 10
a 535 42 0 50 6
a 536 85 0 22 2
a 536 922 0 50 1
a 537 40 0 22 6
a 537 843 0 30 7
a 538 438 0 22 8
a 538 227 0 39 5
a 538 56 0 32 5
a 541 145 0 22 9
a 541 412 0 40 2
a 541 979 0 10 1
a 541 120 0 13 1
a 541 349 0 23 3
a 541 1000 0 40 10
a 546 337 0 22 4
a 546 326 0 38 2
a 546 400 0 45 7
a 552 288 0 22 9
a 552 909 0 28 5
a 552 79 0 44 8
a 552 896 0 49 1
a 558 518 0 22 5
a 558 835 0 16 3
a 558 68 0 15 9
a 558 327 0 15 10
a 558 781 0 45 10
a 560 344 0 22 4
a 560 898 0 35 3
a 564 218 0 22 2
a 564 841 0 41 6
a 569 812 0 22 8
a 569 493 0 11 9
a 570 646 0 22 1
a 570 738 0 42 1
a 570 692 0 13 8
a 570 276 0 10 1
a 570 288 0 35 5
a 570 961 0 5 6
a 571 972 0 22 3
a 571 549 0 26 10
a 571 536 0 14 3
a 571 707 0 14 7
a 571 708 0 45 3
a 571 527 0 16 4
a 574 8 0 22 7
a 574 718 0 43 3
a 574 823 0 3 2
a 574 103 0 24 9
a 574 558 0 50 5
a 574 358 0 8 2
a 576 275 0 22 5
a 576 5 0 44 3
a 576 841 0 9 8
a 580 480 0 22 7
a 580 500 0 23 2
a 580 168 0 49 9
a 580 760 0 33 3
a 580 780 0 23 3
a 580 96 0 22 1
a 581 928 0 22 1
a 581 932 0 35 3
a 582 574 0 22 5
a 582 842 0 37 8
a 582 709 0 36 2
a 582 991 0 42 9
a 582 100 0 31 3
a 583 272 0 22 9
a 583 723 0 30 1
a 583 186 0 17 10
a 583 404 0 16 3
a 586 208 0 22 2
a 586 954 0 16 3
a 586 532 0 46 6
a 586 564 0 35 7
a 590 446 0 22 5
a 590 892 0 32 10
a 590 132 0 13 5
a 590 396 0 5 8
a 590 83 0 5 1
a 590 675 0 38 4
a 591 415 0 22 2
a 591 267 0 32 10
a 591 328 0 32 5
a 592 997 0 22 7
a 592 602 0 19 6
a 592 418 0 10 7
a 594 798 0 22 6
a 594 811 0 45 3
a 594 44 0 43 4
a 596 663 0 22 5
a 596 376 0 45 2
a 596 651 0 3 4
a 596 393 0 10 4
a 596 924 0 6 2
a 596 44 0 44 1
a 597 101 0 22 8
a 597 682 0 30 1
a 599 1000 0 22 10
a 599 950 0 22 4
a 599 323 0 7 1
a 599 835 0 29 7
a 601 412 0 22 5
a 601 684 0 10 10
a 601 431 0 43 6
a 601 65 0 44 6
a 601 514 0 2 9
a 601 397 0 20 1
a 607 26 0 22 10
a 607 203 0 6 6
a 607 297 0 3 7
a 608 901 0 22 10
a 608 669 0 34 4
a 608 491 0 12 8
a 608 55 0 19 7
a 608 827 0 23 7
a 609 128 0 22 5
a 609 58 0 34 8
a 609 148 0 50 5
a 609 906 0 16 5
a 609 408 0 22 9
a 610 108 0 22 4
a 610 247 0 8 6
a 610 756 0 6 1
a 610 829 0 27 6
a 613 817 0 22 10
a 613 967 0 27 5
a 613 9 0 43 3
a 613 106 0 38 4
a 614 82 0 22 8
a 614 902 0 16 1
a 614 845 0 2 9
a 614 821 0 15 10
a 614 857 0 17 3
a 614 873 0 14 1
a 615 221 0 22 1
a 615 17 0 4 1
a 615 647 0 48 1
a 615 901 0 32 3
a 615 177 0 1 4
a 616 310 0 22 2
a 616 758 0 46 5
a 616 598 0 43 9
a 618 860 0 22 9
a 618 139 0 35 5
a 618 719 0 20 3
a 618 709 0 21 10
a 619 783 0 22 3
a 619 632 0 18 3
a 620 623 0 22 1
a 620 232 0 16 6
a 620 129 0 8 10
a 620 873 0 41 1
a 620 20 0 46 9
a 622 879 0 22 3
a 622 488 0 12 5
a 622 868 0 23 3
a 622 559 0 33 5
a 623 537 0 22 1
a 623 809 0 49 1
a 623 955 0 20 7
a 623 420 0 24 6
a 625 331 0 22 6
a 625 517 0 47 9
a 625 839 0 20 2
a 625 731 0 1 4
a 625 754 0 25 3
a 625 178 0 4 1
a 629 279 0 22 10
a 629 411 0 40 3
a 629 548 0 50 2
a 629 300 0 48 8
a 629 208 0 11 9
a 629 383 0 9 6
a 630 858 0 22 2
a 630 958 0 43 4
a 632 594 0 22 9
a 632 70 0 43 3
a 632 617 0 31 5
a 632 582 0 24 9
a 633 590 0 22 7
a 633 272 0 13 1
a 633 508 0 28 4
a 633 883 0 37 6
a 634 365 0 22 10
a 634 771 0 5 10
a 634 486 0 32 7
a 634 558 0 42 3
a 634 426 0 18 10
a 639 726 0 22 3
a 639 651 0 18 8
a 639 296 0 29 8
a 639 507 0 1 3
a 639 492 0 30 8
a 639 828 0 30 1
a 640 747 0 22 3
a 640 595 0 0 6
a 643 841 0 22 6
a 643 320 0 4 7
a 643 787 0 40 9
a 643 150 0 1 5
a 643 476 0 7 6
a 645 131 0 22 9
a 645 423 0 42 2
a 645 368 0 16 3
a 645 67 0 40 7
a 645 737 0 44 2
a 645 352 0 49 7
a 646 89 0 22 4
a 646 897 0 8 10
a 646 878 0 11 5
a 647 298 0 22 5
a 647 521 0 6 4
a 647 714 0 33 4
a 647 27 0 35 6
a 647 297 0 7 10
a 649 534 0 22 8
a 649 228 0 49 5
a 649 937 0 38 6
a 650 564 0 22 3
a 650 252 0 34 4
a 652 73 0 22 7
a 652 398 0 14 3
a 653 370 0 22 6
a 653 167 0 35 7
a 654 815 0 22 5
a 654 307 0 27 8
a 654 205 0 12 3
a 654 529 0 34 4
a 655 120 0 22 8
a 655 564 0 46 10
a 656 781 0 22 7
a 656 23 0 29 8
a 656 143 0 2 8
a 656 334 0 24 6
a 656 571 0 11 4
a 656 582 0 27 3
a 659 639 0 22 10
a 659 48 0 38 2
a 659 285 0 34 9
a 659 218 0 7 9
a 659 833 0 50 1
a 662 865 0 22 1
a 662 770 0 16 4
a 662 77 0 2 2
a 662 993 0 29 9
a 662 242 0 39 1
a 662 880 0 43 10
a 663 44 0 22 9
a 663 879 0 32 5
a 663 492 0 43 2
a 663 437 0 17 9
a 665 856 0 22 4
a 665 606 0 31 10
a 665 915 0 46 1
a 668 147 0 22 1
a 668 795 0 13 9
a 671 389 0 22 10
a 671 404 0 17 1
a 675 762 0 22 5
a 675 609 0 7 8
a 675 41 0 7 6
a 675 860 0 20 2
a 675 5 0 28 8
a 675 86 0 20 3
a 679 43 0 22 6
a 679 349 0 32 8
a 684 112 0 22 8
a 684 769 0 38 10
a 684 262 0 12 6
a 684 696 0 8 8
a 684 831 0 26 5
a 684 555 0 4 7
a 688 725 0 22 7
a 688 279 0 22 9
a 688 761 0 16 2
a 691 371 0 22 10
a 691 302 0 12 7
a 691 509 0 31 1
a 691 289 0 15 8
a 691 573 0 27 7
a 691 107 0 9 3
a 692 249 0 22 10
a 692 757 0 27 8
a 692 204 0 27 6
a 692 90 0 9 3
a 692 63 0 13 1
a 693 650 0 22 10
a 693 201 0 10 8
a 693 888 0 33 3
a 693 599 0 22 9
a 693 519 0 7 6
a 695 488 0 22 6
a 695 679 0 34 6
a 695 942 0 34 5
a 695 50 0 19 2
a 697 968 0 22 9
a 697 444 0 41 7
a 697 554 0 42 3
a 697 729 0 47 8
a 698 671 0 22 3
a 698 417 0 40 10
a 698 216 0 16 9
a 698 818 0 27 7
a 699 206 0 22 5
a 699 312 0 49 8
a 699 483 0 46 9
a 699 258 0 40 3
a 699 287 0 27 4
a 699 520 0 15 1
a 702 576 0 22 4
a 702 192 0 6 9
a 702 258 0 27 10
a 707 807 0 22 1
a 707 569 0 8 8
a 707 243 0 16 1
a 707 605 0 5 9
a 707 220 0 32 1
a 710 470 0 22 2
a 710 284 0 14 2
a 710 220 0 4 4
a 710 814 0 47 5
a 710 423 0 39 6
a 713 599 0 22 9
a 713 500 0 26 8
a 713 734 0 2 6
a 713 705 0 36 6
a 713 603 0 47 10
a 713 264 0 36 3
a 716 849 0 22 2
a 716 538 0 31 5
a 718 462 0 22 1
a 718 264 0 12 1
a 720 607 0 22 4
a 720 481 0 45 3
a 723 925 0 22 3
a 723 820 0 43 7
a 723 689 0 37 4
a 723 239 0 6 5
a 723 914 0 11 5
a 725 843 0 22 1
a 725 32 0 9 2
a 726 181 0 22 7
a 726 506 0 32 7
a 726 464 0 48 7
a 727 479 0 22 8
a 727 604 0 37 9
a 727 952 0 11 9
a 727 809 0 48 8
a 727 718 0 41 8
a 729 992 0 22 8
a 729 682 0 37 6
a 729 899 0 31 10
a 729 355 0 25 5
a 730 286 0 22 7
a 730 999 0 4 2
a 730 479 0 21 7
a 730 636 0 23 1
a 730 837 0 15 5
a 732 296 0 22 3
a 732 200 0 0 7
a 732 878 0 43 4
a 732 448 0 16 3
a 738 266 0 22 4
a 738 186 0 50 9
a 738 785 0 21 5
a 738 154 0 5 2
a 738 376 0 48 6
a 742 252 0 22 2
a 742 767 0 23 7
a 742 519 0 3 3
a 742 658 0 30 3
a 742 215 0 18 1
a 742 150 0 17 6
a 743 695 0 22 10
a 743 4 0 15 9
a 743 126 0 6 5
a 743 469 0 25 7
a 743 210 0 6 7
a 744 521 0 22 7
a 744 70 0 9 5
a 744 446 0 38 10
a 744 997 0 39 7
a 744 74 0 5 5
a 746 758 0 22 6
a 746 294 0 41 6
a 746 463 0 17 6
a 746 448 0 5 9
a 746 436 0 14 6
a 746 137 0 49 6
a 747 697 0 22 9
a 747 392 0 20 5
a 747 678 0 8 6
a 747 917 0 22 1
a 747 677 0 4 10
a 747 684 0 2 4
a 749 519 0 22 1
a 749 645 0 44 2
a 749 213 0 7 6
a 749 467 0 22 10
a 751 166 0 22 5
a 751 239 0 34 9
a 751 233 0 28 6
a 751 961 0 21 8
a 751 282 0 35 4
a 752 306 0 22 6
a 752 771 0 14 6
a 752 802 0 32 3
a 752 251 0 33 6
a 752 467 0 46 5
a 758 837 0 22 6
a 758 585 0 11 9
a 759 419 0 22 5
a 759 972 0 32 6
a 759 526 0 3 8
a 759 946 0 16 10
a 760 433 0 22 3
a 760 254 0 49 8
a 760 339 0 3 5
a 760 244 0 13 10
a 762 489 0 22 9
a 762 581 0 47 10
a 762 468 0 37 1
a 762 43 0 35 3
a 762 236 0 10 9
a 762 579 0 45 5
a 763 495 0 22 9
a 763 975 0 43 5
a 763 564 0 8 6
a 763 138 0 23 8
a 763 953 0 4 10
a 763 484 0 12 7
a 764 236 0 22 2
a 764 604 0 35 3
a 764 588 0 48 10
a 764 384 0 9 9
a 764 41 0 35 5
a 766 655 0 22 9
a 766 672 0 35 10
a 766 719 0 19 10
a 767 372 0 22 2
a 767 27 0 29 1
a 767 132 0 3 6
a 767 189 0 43 7
a 768 107 0 22 3
a 768 793 0 26 8
a 768 266 0 15 9
a 768 488 0 38 9
a 768 570 0 45 4
a 770 399 0 22 5
a 770 99 0 13 5
a 770 974 0 28 2
a 770 329 0 22 5
a 770 101 0 43 5
a 770 114 0 31 4
a 772 759 0 22 8
a 772 926 0 35 8
a 772 534 0 18 2
a 772 461 0 11 5
a 772 186 0 35 10
a 772 768 0 19 1
a 777 766 0 22 8
a 777 826 0 10 1
a 777 466 0 33 8
a 777 514 0 13 10
a 777 757 0 46 2
a 777 451 0 38 8
a 778 914 0 22 8
a 778 143 0 1 5
a 778 260 0 15 3
a 778 309 0 33 10
a 779 581 0 22 1
a 779 435 0 23 2
a 781 492 0 22 5
a 781 426 0 23 4
a 781 485 0 8 4
a 781 382 0 25 9
a 782 187 0 22 6
a 782 900 0 38 6
a 782 205 0 42 5
a 782 411 0 35 2
a 782 438 0 19 3
a 782 315 0 9 8
a 783 698 0 22 8
a 783 446 0 24 7
a 783 14 0 16 6
a 783 275 0 43 3
a 783 93 0 20 1
a 784 435 0 22 4
a 784 301 0 7 7
a 784 603 0 34 10
a 784 346 0 33 6
a 784 225 0 32 3
a 784 313 0 46 2
a 786 852 0 22 10
a 786 663 0 9 2
a 786 293 0 37 7
a 786 488 0 40 10
a 786 485 0 16 7
a 786 117 0 14 8
a 787 643 0 22 7
a 787 603 0 49 1
a 787 829 0 29 10
a 789 125 0 22 3
a 789 406 0 7 3
a 789 496 0 7 3
a 793 899 0 22 8
a 793 600 0 18 1
a 794 349 0 22 6
a 794 567 0 15 9
a 795 353 0 22 3
a 795 215 0 49 6
a 798 61 0 22 10
a 798 536 0 4 8
a 798 10 0 38 1
a 798 358 0 11 7
a 798 431 0 50 9
a 798 300 0 39 5
a 799 811 0 22 3
a 799 305 0 27 9
a 799 371 0 11 1
a 799 219 0 0 3
a 799 291 0 20 10
a 800 558 0 22 10
a 800 194 0 13 2
a 800 379 0 33 7
a 800 394 0 41 7
a 804 338 0 22 8
a 804 57 0 21 6
a 804 243 0 10 9
a 804 618 0 30 3
a 804 942 0 23 1
a 804 516 0 26 3
a 805 5 0 22 8
a 805 797 0 39 3
a 805 626 0 29 6
a 805 159 0 7 9
a 807 176 0 22 2
a 807 529 0 32 3
a 807 769 0 6 6
a 807 13 0 33 9
a 807 754 0 18 5
a 808 368 0 22 5
a 808 259 0 36 7
a 808 407 0 3 1
a 808 345 0 43 2
a 808 892 0 44 7
a 810 862 0 22 5
a 810 825 0 42 10
a 810 356 0 11 3
a 810 40 0 19 3
a 810 190 0 23 1
a 811 347 0 22 2
a 811 566 0 26 9
a 811 524 0 22 5
a 811 240 0 38 10
a 811 798 0 32 10
a 812 246 0 22 1
a 812 609 0 37 8
a 813 235 0 22 5
a 813 679 0 45 9
a 814 749 0 22 5
a 814 794 0 50 7
a 814 305 0 30 5
a 814 362 0 44 7
a 814 200 0 23 1
a 815 814 0 22 9
a 815 313 0 33 7
a 815 36 0 13 7
a 817 716 0 22 3
a 817 600 0 1 5
a 818 986 0 22 2
a 818 810 0 29 10
a 818 592 0 2 10
a 818 580 0 3 9
a 818 868 0 38 8
a 818 72 0 45 2
a 819 786 0 22 3
a 819 374 0 24 3
a 824 232 0 22 10
a 824 707 0 47 8
a 824 673 0 1 2
a 826 250 0 22 4
a 826 870 0 49 10
a 826 402 0 11 5
a 828 203 0 22 6
a 828 424 0 1 8
a 828 796 0 16 8
a 828 243 0 6 4
a 828 96 0 37 7
a 828 245 0 5 1
a 830 51 0 22 6
a 830 263 0 34 10
a 830 238 0 29 8
a 831 312 0 22 5
a 831 861 0 39 8
a 831 384 0 14 5
a 831 701 0 7 2
a 831 268 0 42 7
a 834 459 0 22 5
a 834 749 0 41 7
a 834 761 0 20 1
a 834 924 0 25 7
a 834 185 0 36 7
a 834 577 0 21 4
a 835 300 0 22 5
a 835 768 0 8 9
a 835 866 0 40 1
a 836 911 0 22 2
a 836 309 0 4 5
a 837 6 0 22 7
a 837 740 0 37 8
a 837 17 0 29 10
a 837 376 0 18 5
a 837 275 0 18 10
a 838 979 0 22 10
a 838 641 0 47 10
a 838 524 0 12 4
a 838 984 0 3 6
a 838 533 0 50 4
a 841 930 0 22 7
a 841 746 0 41 5
a 841 484 0 18 7
a 841 786 0 50 2
a 841 624 0 41 3
a 843 430 0 22 3
a 843 126 0 15 7
a 843 500 0 36 6
a 843 834 0 30 5
a 847 13 0 22 7
a 847 884 0 6 1
a 847 59 0 21 9
a 847 689 0 41 1
a 847 548 0 43 3
a 847 348 0 36 8
a 849 795 0 22 9
a 849 542 0 6 3
a 849 66 0 13 4
a 849 974 0 10 10
a 849 697 0 28 8
a 851 954 0 22 4
a 851 923 0 0 3
a 851 974 0 11 7
a 851 315 0 37 5
a 852 334 0 22 5
a 852 510 0 44 1
a 854 151 0 22 8
a 854 456 0 9 7
a 854 968 0 6 3
a 854 156 0 1 10
a 855 494 0 22 1
a 855 515 0 2 3
a 856 231 0 22 2
a 856 56 0 31 2
a 857 500 0 22 1
a 857 247 0 35 1
a 857 87 0 34 7
a 857 718 0 29 9
a 858 732 0 22 4
a 858 719 0 16 9
a 858 324 0 17 1
a 858 366 0 9 8
a 858 721 0 38 6
a 860 813 0 22 7
a 860 561 0 21 4
a 860 209 0 38 10
a 860 518 0 21 5
a 860 126 0 43 8
a 860 669 0 49 6
a 862 903 0 22 8
a 862 662 0 11 3
a 862 661 0 17 8
a 862 659 0 9 5
a 862 202 0 3 2
a 862 908 0 9 4
a 863 417 0 22 9
a 863 11 0 32 9
a 865 263 0 22 10
a 865 832 0 16 8
a 865 287 0 30 4
a 867 902 0 22 2
a 867 725 0 8 9
a 868 457 0 22 10
a 868 793 0 46 2
a 868 772 0 8 2
a 869 402 0 22 1
a 869 103 0 42 4
a 869 560 0 27 5
a 869 609 0 14 9
a 869 93 0 38 1
a 869 230 0 32 7
a 870 675 0 22 8
a 870 395 0 9 5
a 870 15 0 0 6
a 870 310 0 37 10
a 873 99 0 22 1
a 873 527 0 5 4
a 873 281 0 22 6
a 873 264 0 27 4
a 873 433 0 28 6
a 873 46 0 34 2
a 874 805 0 22 3
a 874 413 0 34 6
a 874 613 0 45 6
a 877 939 0 22 9
a 877 592 0 31 7
a 877 506 0 46 10
a 877 532 0 23 6
a 877 42 0 45 7
a 877 476 0 41 5
a 878 165 0 22 3
a 878 353 0 30 1
a 878 599 0 23 8
a 878 676 0 8 3
a 878 226 0 20 10
a 878 51 0 2 8
a 879 630 0 22 10
a 879 510 0 34 8
a 880 123 0 22 8
a 880 891 0 48 3
a 881 10 0 22 6
a 881 413 0 22 8
a 881 513 0 7 9
a 881 36 0 36 2
a 881 264 0 26 10
a 881 415 0 2 9
a 882 920 0 22 1
a 882 475 0 35 7
a 882 129 0 24 3
a 882 330 0 22 4
a 882 339 0 33 5
a 882 293 0 43 2
a 883 984 0 22 4
a 883 758 0 13 3
a 885 291 0 22 1
a 885 838 0 6 10
a 885 611 0 0 5
a 885 789 0 23 6
a 885 912 0 3 4
a 886 917 0 22 10
a 886 106 0 19 3
a 886 731 0 13 3
a 886 354 0 31 9
a 886 556 0 20 2
a 886 637 0 31 3
a 889 243 0 22 4
a 889 711 0 39 4
a 889 999 0 26 5
a 889 983 0 46 1
a 891 397 0 22 8
a 891 414 0 30 9
a 891 181 0 13 1
a 891 520 0 47 3
a 891 240 0 50 7
a 891 373 0 27 10
a 892 388 0 22 2
a 892 849 0 47 9
a 892 41 0 46 6
a 892 275 0 6 3
a 892 908 0 18 5
a 894 684 0 22 2
a 894 210 0 11 2
a 894 859 0 1 4
a 894 876 0 15 4
a 896 27 0 22 5
a 896 37 0 20 1
a 898 743 0 22 10
a 898 151 0 45 3
a 898 343 0 20 3
a 898 458 0 38 6
a 899 772 0 22 1
a 899 186 0 12 2
a 899 569 0 17 8
a 899 935 0 31 7
a 899 592 0 14 2
a 900 467 0 22 4
a 900 15 0 10 10
a 900 969 0 25 3
a 900 83 0 45 5
a 901 616 0 22 10
a 901 576 0 47 10
a 901 299 0 7 10
a 901 201 0 1 2
a 902 824 0 22 9
a 902 17 0 42 1
a 903 819 0 22 7
a 903 339 0 48 3
a 903 342 0 14 3
a 903 886 0 31 5
a 904 679 0 22 9
a 904 604 0 43 2
a 904 8 0 50 7
a 904 622 0 4 5
a 905 201 0 22 10
a 905 343 0 4 7
a 905 286 0 7 2
a 905 941 0 9 8
a 905 35 0 3 10
a 905 15 0 32 2
a 907 343 0 22 10
a 907 140 0 8 8
a 907 510 0 15 9
a 907 216 0 22 1
a 907 327 0 42 10
a 907 618 0 18 5
a 911 490 0 22 5
a 911 959 0 23 5
a 911 53 0 2 8
a 914 377 0 22 6
a 914 749 0 39 3
a 914 752 0 35 4
a 916 325 0 22 6
a 916 592 0 13 9
a 916 465 0 4 1
a 916 70 0 27 8
a 916 665 0 37 9
a 917 132 0 22 3
a 917 658 0 15 9
a 917 251 0 3 2
a 920 710 0 22 3
a 920 244 0 7 6
a 920 645 0 6 10
a 925 836 0 22 10
a 925 622 0 19 2
a 925 197 0 11 3
a 925 574 0 0 1
a 925 720 0 43 8
a 925 232 0 37 4
a 928 751 0 22 4
a 928 810 0 39 4
a 928 80 0 34 5
a 930 29 0 22 1
a 930 577 0 42 10
a 930 422 0 2 5
a 930 999 0 24 1
a 931 867 0 22 8
a 931 316 0 12 10
a 931 503 0 44 3
a 931 240 0 50 3
a 931 861 0 32 6
a 931 756 0 31 3
a 932 889 0 22 9
a 932 550 0 41 2
a 932 125 0 23 10
a 932 555 0 42 9
a 932 290 0 21 2
a 934 64 0 22 4
a 934 54 0 13 10
a 934 744 0 31 2
a 934 716 0 43 4
a 937 668 0 22 5
a 937 518 0 39 3
a 939 983 0 22 3
a 939 802 0 1 8
a 939 624 0 2 10
a 939 944 0 23 3
a 940 336 0 22 1
a 940 987 0 48 3
a 940 96 0 14 1
a 940 985 0 50 3
a 940 739 0 0 6
a 940 753 0 50 8
a 942 656 0 22 6
a 942 204 0 44 7
a 947 49 0 22 10
a 947 563 0 43 5
a 950 217 0 22 2
a 950 436 0 31 6
a 950 642 0 50 9
a 950 659 0 24 7
a 950 129 0 14 5
a 951 870 0 22 1
a 951 395 0 25 6
a 951 281 0 31 3
a 951 423 0 39 1
a 954 620 0 22 5
a 954 468 0 37 2
a 954 159 0 22 9
a 954 4 0 4 2
a 955 967 0 22 5
a 955 267 0 38 4
a 956 274 0 22 6
a 956 134 0 38 2
a 956 699 0 16 9
a 956 922 0 20 4
a 959 586 0 22 1
a 959 29 0 4 9
a 959 861 0 42 10
a 959 596 0 8 2
a 959 794 0 38 8
a 961 999 0 22 4
a 961 448 0 20 9
a 962 135 0 22 3
a 962 871 0 5 4
a 962 892 0 20 7
a 962 627 0 0 2
a 962 488 0 41 2
a 964 68 0 22 5
a 964 898 0 38 6
a 965 526 0 22 1
a 965 415 0 36 8
a 965 351 0 22 9
a 965 421 0 46 1
a 965 94 0 3 9
a 965 615 0 16 6
a 966 100 0 22 9
a 966 834 0 31 8
a 966 338 0 42 2
a 966 947 0 2 10
a 967 763 0 22 5
a 967 196 0 19 4
a 967 914 0 50 3
a 967 65 0 27 7
a 967 870 0 16 2
a 968 34 0 22 2
a 968 553 0 20 1
a 968 114 0 43 6
a 968 146 0 23 5
a 968 275 0 13 9
a 968 286 0 14 7
a 970 535 0 22 4
a 970 176 0 40 7
a 970 626 0 38 4
a 970 563 0 11 8
a 970 207 0 35 3
a 970 3 0 32 8
a 971 570 0 22 8
a 971 837 0 21 3
a 972 613 0 22 8
a 972 794 0 25 4
a 972 552 0 38 1
a 974 834 0 22 9
a 974 633 0 13 4
a 974 860 0 10 5
a 974 844 0 8 3
a 974 266 0 22 4
a 979 830 0 22 5
a 979 439 0 32 8
a 979 57 0 14 8
a 979 380 0 20 9
a 979 276 0 10 4
a 980 456 0 22 4
a 980 296 0 13 1
a 980 221 0 26 1
a 980 4 0 45 5
a 980 216 0 10 8
a 981 692 0 22 4
a 981 165 0 14 6
a 983 4 0 22 10
a 983 604 0 46 4
a 983 104 0 2 10
a 983 395 0 35 8
a 984 340 0 22 1
a 984 455 0 23 10
a 984 714 0 12 8
a 985 483 0 22 1
a 985 593 0 47 1
a 986 238 0 22 3
a 986 109 0 39 9
a 988 532 0 22 4
a 988 415 0 43 5
a 990 793 0 22 1
a 990 161 0 8 3
a 990 637 0 1 6
a 990 27 0 44 2
a 991 527 0 22 3
a 991 493 0 19 2
a 991 366 0 29 9
a 992 892 0 22 2
a 992 568 0 29 2
a 992 248 0 33 3
a 992 165 0 36 6
a 993 878 0 22 7
a 993 393 0 0 1
a 997 115 0 22 10
a 997 747 0 21 6
a 997 135 0 23 10
a 997 114 0 29 6
a 997 53 0 13 3
a 2 661 0 28 7
a 2 625 0 10 6
a 2 645 0 16 6
a 3 741 0 28 8
a 3 159 0 3 3
a 3 911 0 24 5
a 7 734 0 28 1
a 7 308 0 29 7
a 11 394 0 28 5
a 11 876 0 46 7
a 11 214 0 0 8
a 12 551 0 28 6
a 12 577 0 34 7
a 14 18 0 28 1
a 14 38 0 37 1
a 16 644 0 28 7
a 16 405 0 13 8
a 16 973 0 0 2
a 16 394 0 35 4
a 17 355 0 28 7
a 17 670 0 15 2
a 18 715 0 28 6
a 18 505 0 38 5
a 18 918 0 14 2
a 18 234 0 25 9
a 18 516 0 37 9
a 18 942 0 40 2
a 20 672 0 28 9
a 20 947 0 1 7
a 20 940 0 38 8
a 20 509 0 40 7
a 21 424 0 28 9
a 21 461 0 29 7
a 21 948 0 1 6
a 21 159 0 4 9
a 21 555 0 34 1
a 21 387 0 31 8
a 22 138 0 28 5
a 22 778 0 18 8
a 22 728 0 25 5
a 22 221 0 24 10
a 22 309 0 45 8
a 22 402 0 13 9
a 25 605 0 28 3
a 25 63 0 23 5
a 25 609 0 49 9
a 25 346 0 35 10
a 25 95 0 43 9
a 28 282 0 28 2
a 28 354 0 37 3
a 28 900 0 21 7
a 28 175 0 22 10
a 28 539 0 46 1
a 28 787 0 33 9
a 30 54 0 28 6
a 30 558 0 49 10
a 30 686 0 34 7
a 30 932 0 37 7
a 30 757 0 38 5
a 30 26 0 12 7
a 31 700 0 28 2
a 31 676 0 25 8
a 31 740 0 10 1
a 31 179 0 0 6
a 31 600 0 20 8
a 32 141 0 28 4
a 32 425 0 2 6
a 33 447 0 28 5
a 33 286 0 19 7
a 33 568 0 39 4
a 35 450 0 28 3
a 35 875 0 21 4
a 35 224 0 15 9
a 35 299 0 3 7
a 35 978 0 13 1
a 36 182 0 28 9
a 36 6 0 2 5
a 36 754 0 14 9
a 36 799 0 39 5
a 37 455 0 28 7
a 37 746 0 12 9
a 37 676 0 38 8
a 37 340 0 50 9
a 38 380 0 28 8
a 38 14 0 26 5
a 39 840 0 28 2
a 39 827 0 21 7
a 39 667 0 5 10
a 39 837 0 15 1
a 39 17 0 43 5
a 39 775 0 19 6
a 42 171 0 28 4
a 42 833 0 27 9
a 42 341 0 13 7
a 46 561 0 28 4
a 46 704 0 26 7
a 46 436 0 37 6
a 46 701 0 17 2
a 48 464 0 28 4
a 48 207 0 37 9
a 48 491 0 17 2
a 48 54 0 5 7
a 48 881 0 12 8
a 50 169 0 28 1
a 50 210 0 30 4
a 50 714 0 42 3
a 53 540 0 28 1
a 53 772 0 47 2
a 53 112 0 31 2
a 53 114 0 14 3
a 54 114 0 28 8
a 54 647 0 27 8
a 54 702 0 24 5
a 54 596 0 27 5
a 54 593 0 15 8
a 54 777 0 50 6
a 55 50 0 28 9
a 55 171 0 10 1
a 55 503 0 41 7
a 55 995 0 41 9
a 55 840 0 34 6
a 56 25 0 28 3
a 56 653 0 40 8
a 56 284 0 12 6
a 57 748 0 28 4
a 57 977 0 48 5
a 57 144 0 32 3
a 57 688 0 45 2
a 57 718 0 4 3
a 59 977 0 28 6
a 59 406 0 39 10
a 59 111 0 37 8
a 59 964 0 33 4
a 60 547 0 28 4
a 60 175 0 17 4
a 60 636 0 15 5
a 60 823 0 37 1
a 60 263 0 24 1
a 60 848 0 50 10
a 62 63 0 28 1
a 62 780 0 4 6
a 62 411 0 15 5
a 62 332 0 50 2
a 63 958 0 28 2
a 63 882 0 22 9
a 63 426 0 25 2
a 63 484 0 16 1
a 63 411 0 14 7
a 65 890 0 28 8
a 65 793 0 6 3
a 65 872 0 24 3
a 65 726 0 4 1
a 65 454 0 17 5
a 69 468 0 28 2
a 69 305 0 3 3
a 69 321 0 39 5
a 69 72 0 7 5
a 69 900 0 34 7
a 69 20 0 16 8
a 70 756 0 28 10
a 70 659 0 23 9
a 70 523 0 15 1
a 70 639 0 38 3
a 70 744 0 9 4
a 71 278 0 28 9
a 71 937 0 2 9
a 71 11 0 50 6
a 74 588 0 28 4
a 74 292 0 37 3
a 74 361 0 45 2
a 74 399 0 49 4
a 74 860 0 43 6
a 74 6 0 29 10
a 75 314 0 28 7
a 75 510 0 38 9
a 75 630 0 30 9
a 76 884 0 28 3
a 76 681 0 40 7
a 76 300 0 40 9
a 77 393 0 28 10
a 77 920 0 1 9
a 78 262 0 28 1
a 78 200 0 21 3
a 78 362 0 28 1
a 78 298 0 38 2
a 78 421 0 42 5
a 78 899 0 31 3
a 80 299 0 28 2
a 80 690 0 34 5
a 80 109 0 41 9
a 80 605 0 48 5
a 80 934 0 3 5
a 81 93 0 28 3
a 81 470 0 15 7
a 83 493 0 28 8
a 83 130 0 22 7
a 83 127 0 13 9
a 83 373 0 26 8
a 83 797 0 37 2
a 83 390 0 32 8
a 84 32 0 28 5
a 84 811 0 11 7
a 86 440 0 28 4
a 86 723 0 37 2
a 86 686 0 8 6
a 86 65 0 27 5
a 86 984 0 44 8
a 91 978 0 28 2
a 91 281 0 23 5
a 91 571 0 10 5
a 91 782 0 27 2
a 91 940 0 8 1
a 91 45 0 35 7
a 92 426 0 28 4
a 92 843 0 22 5
a 93 612 0 28 6
a 93 169 0 24 9
a 93 289 0 3 5
a 93 682 0 27 3
a 94 943 0 28 1
a 94 990 0 17 4
a 96 384 0 28 7
a 96 3 0 48 8
a 96 905 0 25 9
a 96 297 0 21 10
a 96 158 0 45 4
a 96 105 0 49 7
a 97 876 0 28 1
a 97 622 0 6 10
a 97 1000 0 1 10
a 97 741 0 7 9
a 97 795 0 41 10
a 98 520 0 28 6
a 98 796 0 44 1
a 98 546 0 29 5
a 105 887 0 28 7
a 105 152 0 21 2
a 110 158 0 28 3
a 110 17 0 45 6
a 110 823 0 40 7
a 110 796 0 47 10
a 110 588 0 37 5
a 114 637 0 28 7
a 114 855 0 44 4
a 117 55 0 28 10
a 117 998 0 32 7
a 117 569 0 16 5
a 119 853 0 28 2
a 119 342 0 8 10
a 119 523 0 46 7
a 119 187 0 10 1
a 119 500 0 50 8
a 121 386 0 28 6
a 121 504 0 30 6
a 121 873 0 19 1
a 121 709 0 42 6
a 121 77 0 26 5
a 121 962 0 11 3
a 122 37 0 28 8
a 122 938 0 20 4
a 122 263 0 18 8
a 124 374 0 28 8
a 124 156 0 23 9
a 124 202 0 33 9
a 124 231 0 10 8
a 124 631 0 6 3
a 126 600 0 28 5
a 126 667 0 38 3
a 126 940 0 33 10
a 126 952 0 32 1
a 127 796 0 28 9
a 127 6 0 27 8
a 127 956 0 15 8
a 127 45 0 19 7
a 134 667 0 28 10
a 134 427 0 37 10
a 134 21 0 35 7
a 136 16 0 28 8
a 136 477 0 6 10
a 136 570 0 0 5
a 136 100 0 32 7
a 136 593 0 41 10
a 137 198 0 28 1
a 137 354 0 50 9
a 137 991 0 39 1
a 137 463 0 6 4
a 137 163 0 14 8
a 137 900 0 30 7
a 138 183 0 28 8
a 138 568 0 46 2
a 138 815 0 17 2
a 138 116 0 23 8
a 139 509 0 28 3
a 139 632 0 45 2
a 140 960 0 28 7
a 140 478 0 25 10
a 140 500 0 23 1
a 140 516 0 34 2
a 140 55 0 45 2
a 141 251 0 28 10
a 141 789 0 18 5
a 141 695 0 33 8
a 141 265 0 18 6
a 143 48 0 28 1
a 143 665 0 49 1
a 143 269 0 33 10
a 143 315 0 14 4
a 143 467 0 19 4
a 146 816 0 28 7
a 146 543 0 6 10
a 146 562 0 40 7
a 146 572 0 50 1
a 146 863 0 6 7
a 146 16 0 29 10
a 148 364 0 28 10
a 148 346 0 16 3
a 149 98 0 28 9
a 149 472 0 47 2
a 149 677 0 5 1
a 149 42 0 21 10
a 149 303 0 3 4
a 149 249 0 1 2
a 152 38 0 28 3
a 152 696 0 6 3
a 153 626 0 28 4
a 153 319 0 22 8
a 153 37 0 39 4
a 154 328 0 28 6
a 154 736 0 11 2
a 154 975 0 26 7
a 155 809 0 28 7
a 155 514 0 21 1
a 155 897 0 11 8
a 157 689 0 28 5
a 157 165 0 29 10
a 157 235 0 20 1
a 157 875 0 49 10
a 158 398 0 28 1
a 158 601 0 3 5
a 158 59 0 43 10
a 158 44 0 27 9
a 158 750 0 38 8
a 158 745 0 33 6
a 159 53 0 28 5
a 159 361 0 12 7
a 159 449 0 34 9
a 159 201 0 15 1
a 159 573 0 4 9
a 159 251 0 23 2
a 160 451 0 28 5
a 160 119 0 7 6
a 160 224 0 39 4
a 162 75 0 28 7
a 162 198 0 34 1
a 164 624 0 28 4
a 164 298 0 25 8
a 164 956 0 14 6
a 164 193 0 46 7
a 167 190 0 28 7
a 167 985 0 6 10
a 167 244 0 37 1
a 167 281 0 16 1
a 167 485 0 42 5
a 167 10 0 15 4
a 169 776 0 28 5
a 169 499 0 36 5
a 170 327 0 28 7
a 170 783 0 43 7
a 170 167 0 23 4
a 170 348 0 2 10
a 171 785 0 28 1
a 171 837 0 1 10
a 171 256 0 17 4
a 172 664 0 28 7
a 172 876 0 26 1
a 172 760 0 23 6
a 172 715 0 8 1
a 172 785 0 1 5
a 174 722 0 28 2
a 174 335 0 28 2
a 174 114 0 36 4
a 175 595 0 28 3
a 175 14 0 12 8
a 175 795 0 7 5
a 175 982 0 0 6
a 175 638 0 18 7
a 175 454 0 9 4
a 180 603 0 28 1
a 180 829 0 7 8
a 180 330 0 5 5
a 180 878 0 4 2
a 180 357 0 16 3
a 182 358 0 28 6
a 182 525 0 49 5
a 182 214 0 33 1
a 182 180 0 19 7
a 182 490 0 19 9
a 183 523 0 28 9
a 183 629 0 12 2
a 186 354 0 28 5
a 186 144 0 42 1
a 189 888 0 28 4
a 189 216 0 27 10
a 189 781 0 19 8
a 189 922 0 24 9
a 189 168 0 28 7
a 189 852 0 13 1
a 190 117 0 28 8
a 190 380 0 29 5
a 191 875 0 28 1
a 191 394 0 3 7
a 191 221 0 11 8
a 191 41 0 46 10
a 191 920 0 22 9
a 193 944 0 28 9
a 193 142 0 17 4
a 193 651 0 13 10
a 193 361 0 22 1
a 193 660 0 23 3
a 193 491 0 24 1
a 196 908 0 28 9
a 196 880 0 39 10
a 196 653 0 13 3
a 196 363 0 33 9
a 196 147 0 6 8
a 197 284 0 28 5
a 197 978 0 26 3
a 198 191 0 28 7
a 198 488 0 19 10
a 202 303 0 28 5
a 202 652 0 14 8
a 202 543 0 47 8
a 202 108 0 37 4
a 204 554 0 28 7
a 204 59 0 47 2
a 204 43 0 28 1
a 204 717 0 5 8
a 204 318 0 6 8
a 204 797 0 33 9
a 205 253 0 28 6
a 205 810 0 17 1
a 205 507 0 29 9
a 209 563 0 28 10
a 209 669 0 9 10
a 209 901 0 17 9
a 209 510 0 14 5
a 209 661 0 45 1
a 209 765 0 48 2
a 210 442 0 28 4
a 210 41 0 34 2
a 210 155 0 38 8
a 210 860 0 40 2
a 210 826 0 1 4
a 212 110 0 28 8
a 212 47 0 21 8
a 212 519 0 20 8
a 212 213 0 16 3
a 214 330 0 28 6
a 214 304 0 11 1
a 214 15 0 17 4
a 214 133 0 8 5
a 214 941 0 20 2
a 216 788 0 28 5
a 216 384 0 47 2
a 219 164 0 28 3
a 219 897 0 25 4
a 219 521 0 5 4
a 219 830 0 17 1
a 220 392 0 28 4
a 220 686 0 50 3
a 220 75 0 11 2
a 222 31 0 28 10
a 222 341 0 39 10
a 222 475 0 41 7
a 222 348 0 45 5
a 222 771 0 41 2
a 224 406 0 28 9
a 224 543 0 9 6
a 224 679 0 33 6
a 224 425 0 21 9
a 224 643 0 15 10
a 226 292 0 28 7
a 226 451 0 7 4
a 226 825 0 19 4
a 227 666 0 28 10
a 227 235 0 8 10
a 228 918 0 28 9
a 228 985 0 6 10
a 228 349 0 50 10
a 228 501 0 28 3
a 228 109 0 1 9
a 229 78 0 28 8
a 229 357 0 0 5
a 229 144 0 1 7
a 229 686 0 19 10
a 229 680 0 15 10
a 230 706 0 28 9
a 230 936 0 46 9
a 230 650 0 9 3
a 230 119 0 7 9
a 230 555 0 14 6
a 233 791 0 28 3
a 233 909 0 47 7
a 233 579 0 47 9
a 233 522 0 45 9
a 233 206 0 40 7
a 234 897 0 28 2
a 234 911 0 26 9
a 234 649 0 35 8
a 234 214 0 17 4
a 239 448 0 28 3
a 239 451 0 15 10
a 239 469 0 27 7
a 239 422 0 7 4
a 239 747 0 14 3
a 239 64 0 17 1
a 240 670 0 28 1
a 240 774 0 18 6
a 240 706 0 45 2
a 241 577 0 28 4
a 241 710 0 17 3
a 241 536 0 13 9
a 242 427 0 28 3
a 242 468 0 34 1
a 244 445 0 28 9
a 244 854 0 9 5
a 247 924 0 28 6
a 247 761 0 24 3
a 251 295 0 28 4
a 251 184 0 25 10
a 251 336 0 49 4
a 253 545 0 28 2
a 253 647 0 48 4
a 253 755 0 0 1
a 253 786 0 8 10
a 253 551 0 42 5
a 255 677 0 28 4
a 255 970 0 5 5
a 255 301 0 29 7
a 255 50 0 18 10
a 255 511 0 13 5
a 256 543 0 28 4
a 256 713 0 39 8
a 257 146 0 28 1
a 257 118 0 38 8
a 257 303 0 38 5
a 257 920 0 46 6
a 258 548 0 28 9
a 258 824 0 36 8
a 258 580 0 31 1
a 258 410 0 1 3
a 258 447 0 38 1
a 258 141 0 47 5
a 261 228 0 28 10
a 261 999 0 28 1
a 261 801 0 42 4
a 261 233 0 36 1
a 261 717 0 29 9
a 261 764 0 16 4
a 261 915 0 7 6
a 262 740 0 28 6
a 262 464 0 7 3
a 262 810 0 30 3
a 262 458 0 9 3
a 262 113 0 27 7
a 264 678 0 28 7
a 264 541 0 37 10
a 264 633 0 6 8
a 265 308 0 28 3
a 265 831 0 28 5
a 265 537 0 32 8
a 265 225 0 21 4
a 267 719 0 28 2
a 267 965 0 33 9
a 267 769 0 25 8
a 267 927 0 30 2
a 268 895 0 28 4
a 268 311 0 32 5
a 269 792 0 28 6
a 269 595 0 38 4
a 269 337 0 3 1
a 273 941 0 28 2
a 273 427 0 23 10
a 276 127 0 28 5
a 276 783 0 44 5
a 276 692 0 11 5
a 277 230 0 28 3
a 277 654 0 0 7
a 277 251 0 2 1
a 278 524 0 28 1
a 278 913 0 50 10
a 278 698 0 10 9
a 278 991 0 11 4
a 280 949 0 28 2
a 280 386 0 18 7
a 280 10 0 35 8
a 280 428 0 29 7
a 281 126 0 28 1
a 281 356 0 46 9
a 282 411 0 28 8
a 282 731 0 40 9
a 282 416 0 31 10
a 282 219 0 43 5
a 282 318 0 13 5
a 284 471 0 28 8
a 284 622 0 6 6
a 284 528 0 26 6
a 285 220 0 28 7
a 285 114 0 34 7
a 285 248 0 19 2
a 290 976 0 28 7
a 290 751 0 20 7
a 290 653 0 45 4
a 290 543 0 48 5
a 290 526 0 28 8
a 292 491 0 28 4
a 292 106 0 32 4
a 292 621 0 2 4
a 292 628 0 6 10
a 293 193 0 28 6
a 293 392 0 26 8
a 293 843 0 31 7
a 293 435 0 29 1
a 293 59 0 10 8
a 293 357 0 36 5
a 294 821 0 28 2
a 294 595 0 38 4
a 295 737 0 28 4
a 295 359 0 25 2
a 295 69 0 43 9
a 295 907 0 21 10
a 295 186 0 8 4
a 297 174 0 28 3
a 297 511 0 24 7
a 297 685 0 26 6
a 297 171 0 0 2
a 297 570 0 15 2
a 299 775 0 28 10
a 299 205 0 14 8
a 299 896 0 12 9
a 299 447 0 14 2
a 301 81 0 28 1
a 301 752 0 1 4
a 302 508 0 28 5
a 302 972 0 14 1
a 302 516 0 34 5
a 302 914 0 48 7
a 302 815 0 7 10
a 303 77 0 28 4
a 303 578 0 32 1
a 303 444 0 22 9
a 303 607 0 3 10
a 307 761 0 28 5
a 307 901 0 34 6
a 307 171 0 43 10
a 308 92 0 28 6
a 308 639 0 31 6
a 308 118 0 34 4
a 308 625 0 6 3
a 308 351 0 47 2
a 311 413 0 28 6
a 311 733 0 47 8
a 314 861 0 28 3
a 314 43 0 46 7
a 314 939 0 27 7
a 314 511 0 17 8
a 314 980 0 26 5
a 314 65 0 24 10
a 316 219 0 28 9
a 316 980 0 24 10
a 316 737 0 31 7
a 316 918 0 12 3
a 317 705 0 28 9
a 317 35 0 21 6
a 317 568 0 9 4
a 317 25 0 41 8
a 317 470 0 38 4
a 317 715 0 45 5
a 319 197 0 28 1
a 319 727 0 21 1
a 319 245 0 5 2
a 319 782 0 13 5
a 319 633 0 35 2
a 319 133 0 12 4
a 320 74 0 28 4
a 320 923 0 8 3
a 320 589 0 7 10
a 320 471 0 11 5
a 320 95 0 29 4
a 320 349 0 35 2
a 323 987 0 28 6
a 323 446 0 48 5
a 323 868 0 36 6
a 323 978 0 13 3
a 324 556 0 28 9
a 324 244 0 33 9
a 324 226 0 27 2
a 324 236 0 22 10
a 327 711 0 28 3
a 327 145 0 40 5
a 327 144 0 0 2
a 328 351 0 28 5
a 328 524 0 25 10
a 330 739 0 28 4
a 330 27 0 38 2
a 335 973 0 28 2
a 335 259 0 41 7
a 335 442 0 0 7
a 335 319 0 42 4
a 335 228 0 32 5
a 339 848 0 28 1
a 339 705 0 42 7
a 339 898 0 22 1
a 339 477 0 3 4
a 339 185 0 2 8
a 339 361 0 22 1
a 348 379 0 28 1
a 348 726 0 1 8
a 348 887 0 9 10
a 348 748 0 14 7
a 351 575 0 28 4
a 351 392 0 13 6
a 351 95 0 6 2
a 354 673 0 28 2
a 354 378 0 26 7
a 355 539 0 28 4
a 355 211 0 44 6
a 355 111 0 29 3
a 355 255 0 16 2
a 356 28 0 28 8
a 356 196 0 28 2
a 357 46 0 28 5
a 357 185 0 40 2
a 357 869 0 41 6
a 357 373 0 41 4
a 358 859 0 28 3
a 358 497 0 22 5
a 358 178 0 35 10
a 358 705 0 29 6
a 361 57 0 28 10
a 361 762 0 0 2
a 362 790 0 28 2
a 362 9 0 16 1
a 364 153 0 28 1
a 364 134 0 27 6
a 364 961 0 10 10
a 364 47 0 15 3
a 364 858 0 39 10
a 366 866 0 28 2
a 366 960 0 12 9
a 366 682 0 14 8
a 367 694 0 28 6
a 367 710 0 0 3
a 367 658 0 1 4
a 367 596 0 28 4
a 367 270 0 30 2
a 367 194 0 4 5
a 369 696 0 28 3
a 369 948 0 13 4
a 369 187 0 36 5
a 369 744 0 49 6
a 373 753 0 28 5
a 373 352 0 34 4
a 373 157 0 44 2
a 373 793 0 25 4
a 373 624 0 46 1
a 373 983 0 27 4
a 374 774 0 28 10
a 374 626 0 41 9
a 374 423 0 35 2
a 374 103 0 20 5
a 374 637 0 17 9
a 375 922 0 28 10
a 375 814 0 6 2
a 375 305 0 7 8
a 378 167 0 28 4
a 378 813 0 21 9
a 378 729 0 27 6
a 379 627 0 28 1
a 379 584 0 24 7
a 379 33 0 12 2
a 379 671 0 43 2
a 379 795 0 49 9
a 380 915 0 28 8
a 380 67 0 36 3
a 380 114 0 44 3
a 380 77 0 20 7
a 381 264 0 28 5
a 381 412 0 29 5
a 383 395 0 28 5
a 383 400 0 44 4
a 384 936 0 28 4
a 384 712 0 22 8
a 384 781 0 15 8
a 384 41 0 44 1
a 384 656 0 11 8
a 385 212 0 28 8
a 385 494 0 0 3
a 385 85 0 32 9
a 386 802 0 28 10
a 386 614 0 42 4
a 386 28 0 9 3
a 386 862 0 32 3
a 390 323 0 28 3
a 390 534 0 28 6
a 390 450 0 3 10
a 392 712 0 28 3
a 392 362 0 32 5
a 392 343 0 36 7
a 392 729 0 19 3
a 393 244 0 28 8
a 393 276 0 3 10
a 393 166 0 27 6
a 393 75 0 25 2
a 393 234 0 15 8
a 394 553 0 28 1
a 394 27 0 12 6
a 394 541 0 13 8
a 395 257 0 28 4
a 395 319 0 14 7
a 395 860 0 29 9
a 395 780 0 46 7
a 395 287 0 43 3
a 398 30 0 28 8
a 398 257 0 3 8
a 398 13 0 2 6
a 398 830 0 7 4
a 398 980 0 1 5
a 400 517 0 28 5
a 400 665 0 6 10
a 400 785 0 31 6
a 400 364 0 20 9
a 400 801 0 36 6
a 400 642 0 6 6
a 401 255 0 28 10
a 401 147 0 28 1
a 401 422 0 6 5
a 403 268 0 28 3
a 403 394 0 30 5
a 403 182 0 30 1
a 403 936 0 23 1
a 406 297 0 28 3
a 406 536 0 38 10
a 406 552 0 33 3
a 406 558 0 18 2
a 406 780 0 6 7
a 411 160 0 28 2
a 411 407 0 42 2
a 413 302 0 28 5
a 413 567 0 1 4
a 413 575 0 0 2
a 413 539 0 49 3
a 413 189 0 33 7
a 414 845 0 28 8
a 414 423 0 21 4
a 414 689 0 17 3
a 414 53 0 2 10
a 414 968 0 30 6
a 414 408 0 18 4
a 416 227 0 28 5
a 416 25 0 14 9
a 418 686 0 28 4
a 418 111 0 33 6
a 418 118 0 12 5
a 418 183 0 32 1
a 418 46 0 46 2
a 418 398 0 12 5
a 420 757 0 28 9
a 420 114 0 12 9
a 420 126 0 33 6
a 420 939 0 13 7
a 422 555 0 28 6
a 422 461 0 38 5
a 422 577 0 48 1
a 422 751 0 42 10
a 423 285 0 28 5
a 423 679 0 27 3
a 423 333 0 23 2
a 424 466 0 28 6
a 424 185 0 26 6
a 424 363 0 25 6
a 424 922 0 21 5
a 425 69 0 28 1
a 425 349 0 44 3
a 426 919 0 28 8
a 426 459 0 1 7
a 426 466 0 11 1
a 426 834 0 28 9
a 426 242 0 38 9
a 426 90 0 38 10
a 427 989 0 28 3
a 427 247 0 15 5
a 427 382 0 26 8
a 427 738 0 38 2
a 428 682 0 28 2
a 428 23 0 16 6
a 428 276 0 47 3
a 428 119 0 38 7
a 428 152 0 8 10
a 428 259 0 25 1
a 432 566 0 28 7
a 432 213 0 46 6
a 432 776 0 16 3
a 432 119 0 38 2
a 432 468 0 11 6
a 432 361 0 18 10
a 434 969 0 28 10
a 434 387 0 37 5
a 434 848 0 46 9
a 434 109 0 32 7
a 434 499 0 11 3
a 436 452 0 28 10
a 436 860 0 37 5
a 437 140 0 28 9
a 437 894 0 23 2
a 439 356 0 28 9
a 439 379 0 25 3
a 439 148 0 35 4
a 439 667 0 0 4
a 440 714 0 28 10
a 440 428 0 50 9
a 442 755 0 28 4
a 442 822 0 39 4
a 442 90 0 25 10
a 442 290 0 28 6
a 442 286 0 45 4
a 442 615 0 46 9
a 443 850 0 28 2
a 443 384 0 0 4
a 443 297 0 27 2
a 443 582 0 40 9
a 445 745 0 28 3
a 445 87 0 18 8
a 445 144 0 38 10
a 445 207 0 22 3
a 447 484 0 28 2
a 447 699 0 11 4
a 448 504 0 28 8
a 448 71 0 47 1
a 448 359 0 36 6
a 448 959 0 4 1
a 448 762 0 30 2
a 449 754 0 28 2
a 449 108 0 11 5
a 449 477 0 34 1
a 449 131 0 48 9
a 450 482 0 28 1
a 450 830 0 41 3
a 451 909 0 28 6
a 451 758 0 12 8
a 451 782 0 3 2
a 451 861 0 14 10
a 451 742 0 43 6
a 451 954 0 34 4
a 452 385 0 28 7
a 452 438 0 36 5
a 452 116 0 38 3
a 455 265 0 28 1
a 455 318 0 8 6
a 455 141 0 40 4
a 460 585 0 28 10
a 460 554 0 1 7
a 460 902 0 27 9
a 461 39 0 28 2
a 461 954 0 6 10
a 464 680 0 28 10
a 464 424 0 37 5
a 465 216 0 28 4
a 465 855 0 7 3
a 465 605 0 47 4
a 465 749 0 40 4
a 466 946 0 28 10
a 466 393 0 13 3
a 466 34 0 31 5
a 466 640 0 17 5
a 466 667 0 11 4
a 468 96 0 28 3
a 468 57 0 34 7
a 468 604 0 4 6
a 468 780 0 27 5
a 468 555 0 23 4
a 468 73 0 43 4
a 471 277 0 28 8
a 471 133 0 45 3
a 471 240 0 4 10
a 471 477 0 39 1
a 471 490 0 28 9
a 471 24 0 28 7
a 473 294 0 28 8
a 473 340 0 38 6
a 473 795 0 27 4
a 473 210 0 11 5
a 473 208 0 33 10
a 474 499 0 28 7
a 474 277 0 26 9
a 474 22 0 18 10
a 474 141 0 49 2
a 474 348 0 10 3
a 481 797 0 28 2
a 481 332 0 11 4
a 481 750 0 37 6
a 482 832 0 28 10
a 482 993 0 22 9
a 484 709 0 28 3
a 484 567 0 25 9
a 491 926 0 28 8
a 491 713 0 14 2
a 493 871 0 28 3
a 493 329 0 20 7
a 493 753 0 48 7
a 496 209 0 28 2
a 496 903 0 4 1
a 496 200 0 15 5
a 497 414 0 28 6
a 497 582 0 7 6
a 497 977 0 3 9
a 497 900 0 26 7
a 497 196 0 4 7
a 497 109 0 25 1
a 499 157 0 28 4
a 499 853 0 34 1
a 499 134 0 20 4
a 499 734 0 29 9
a 501 276 0 28 4
a 501 383 0 34 3
a 501 397 0 3 9
a 501 331 0 9 1
a 501 835 0 20 7
a 501 348 0 43 7
a 502 473 0 28 2
a 502 230 0 28 2
a 502 995 0 40 7
a 504 362 0 28 3
a 504 109 0 14 7
a 504 548 0 32 2
a 504 159 0 11 6
a 504 452 0 6 8
a 504 479 0 13 4
a 505 319 0 28 9
a 505 77 0 25 8
a 505 684 0 41 8
a 505 202 0 42 6
a 506 76 0 28 1
a 506 832 0 45 5
a 506 521 0 1 1
a 506 996 0 38 3
a 506 606 0 7 7
a 507 196 0 28 8
a 507 241 0 20 5
a 507 680 0 18 3
a 507 325 0 11 6
a 507 401 0 27 2
a 508 621 0 28 9
a 508 747 0 10 1
a 509 559 0 28 10
a 509 282 0 50 7
a 509 937 0 14 10
a 509 447 0 36 4
a 511 557 0 28 4
a 511 324 0 41 6
a 511 842 0 40 7
a 511 435 0 3 8
a 511 585 0 17 1
a 514 658 0 28 1
a 514 518 0 23 1
a 514 454 0 40 5
a 515 439 0 28 6
a 515 543 0 38 6
a 515 846 0 17 5
a 515 541 0 21 4
a 515 625 0 42 6
a 515 881 0 35 5
a 517 579 0 28 9
a 517 678 0 36 2
a 520 170 0 28 6
a 520 376 0 38 3
a 520 541 0 19 6
a 520 75 0 7 10
a 520 255 0 3 8
a 520 927 0 10 3
a 523 948 0 28 1
a 523 582 0 33 3
a 523 11 0 30 6
a 523 564 0 6 4
a 524 829 0 28 10
a 524 654 0 24 9
a 524 320 0 12 2
a 524 416 0 19 7
a 524 759 0 24 5
a 524 636 0 17 8
a 528 533 0 28 10
a 528 291 0 2 4
a 528 744 0 49 2
a 528 524 0 2 10
a 528 590 0 50 8
a 530 820 0 28 3
a 530 158 0 41 9
a 533 70 0 28 7
a 533 765 0 0 6
a 533 398 0 26 4
a 533 310 0 33 4
a 533 5 0 16 2
a 533 164 0 29 5
a 539 425 0 28 2
a 539 426 0 33 4
a 539 992 0 25 5
a 539 542 0 26 10
a 539 180 0 19 9
a 539 624 0 47 5
a 540 833 0 28 5
a 540 346 0 28 1
a 542 676 0 28 4
a 542 658 0 49 9
a 542 243 0 30 1
a 542 335 0 37 8
a 543 638 0 28 4
a 543 548 0 31 4
a 543 648 0 18 9
a 543 496 0 19 1
a 544 935 0 28 7
a 544 97 0 3 8
a 544 633 0 29 9
a 544 976 0 9 10
a 544 426 0 17 4
a 545 589 0 28 2
a 545 38 0 17 3
a 547 241 0 28 3
a 547 861 0 5 8
a 547 930 0 1 1
a 547 104 0 18 8
a 547 771 0 13 6
a 547 553 0 2 5
a 548 437 0 28 6
a 548 168 0 22 1
a 548 430 0 1 10
a 548 221 0 21 4
a 548 990 0 30 2
a 549 562 0 28 7
a 549 370 0 48 6
a 549 143 0 4 7
a 549 845 0 14 10
a 549 69 0 35 2
a 550 669 0 28 3
a 550 516 0 16 10
a 551 7 0 28 8
a 551 776 0 2 2
a 551 620 0 25 6
a 553 731 0 28 10
a 553 504 0 5 8
a 554 636 0 28 8
a 554 802 0 44 8
a 554 398 0 40 9
a 554 272 0 14 6
a 554 988 0 32 3
a 555 893 0 28 2
a 555 445 0 23 10
a 555 782 0 3 3
a 556 335 0 28 9
a 556 897 0 0 9
a 556 654 0 18 8
a 556 744 0 3 8
a 556 899 0 24 3
a 556 753 0 15 9
a 557 995 0 28 4
a 557 651 0 8 8
a 557 16 0 17 6
a 557 503 0 41 7
a 557 936 0 48 5
a 559 80 0 28 10
a 559 354 0 2 8
a 559 133 0 15 5
a 561 233 0 28 5
a 561 190 0 21 7
a 561 960 0 20 1
a 561 188 0 20 3
a 562 137 0 28 8
a 562 772 0 34 7
a 563 22 0 28 4
a 563 483 0 50 9
a 563 608 0 32 8
a 565 910 0 28 5
a 565 487 0 50 2
a 565 510 0 6 2
a 565 806 0 4 3
a 565 575 0 14 5
a 566 982 0 28 9
a 566 835 0 42 4
a 567 704 0 28 5
a 567 318 0 11 8
a 568 801 0 28 5
a 568 301 0 35 7
a 572 578 0 28 9
a 572 343 0 26 7
a 572 859 0 6 7
a 572 591 0 1 1
a 573 933 0 28 1
a 573 281 0 16 7
a 573 806 0 28 8
a 573 862 0 39 2
a 573 16 0 24 3
a 573 717 0 26 8
a 575 42 0 28 1
a 575 907 0 11 9
a 575 448 0 39 10
a 575 341 0 11 5
a 577 240 0 28 2
a 577 420 0 6 8
a 577 775 0 46 7
a 577 167 0 45 9
a 578 806 0 28 8
a 578 902 0 6 7
a 578 126 0 6 9
a 578 706 0 50 1
a 578 650 0 35 6
a 578 441 0 17 1
a 579 750 0 28 4
a 579 930 0 38 2
a 584 628 0 28 9
a 584 582 0 12 8
a 585 210 0 28 8
a 585 263 0 38 2
a 587 383 0 28 7
a 587 274 0 41 1
a 587 809 0 36 9
a 587 781 0 38 9
a 587 705 0 28 10
a 588 765 0 28 8
a 588 471 0 8 7
a 588 602 0 18 2
a 588 813 0 20 1
a 588 371 0 32 7
a 589 642 0 28 7
a 589 696 0 25 6
a 589 158 0 40 9
a 589 495 0 37 3
a 589 99 0 16 10
a 589 800 0 43 6
a 593 94 0 28 9
a 593 525 0 36 7
a 593 897 0 44 3
a 593 413 0 40 6
a 593 781 0 20 6
a 595 214 0 28 5
a 595 280 0 47 6
a 595 786 0 41 10
a 598 20 0 28 8
a 598 863 0 7 3
a 598 939 0 50 4
a 598 565 0 49 6
a 600 234 0 28 10
a 600 58 0 2 9
a 600 581 0 37 9
a 600 703 0 23 4
a 600 91 0 3 10
a 600 978 0 20 1
a 602 357 0 28 4
a 602 40 0 44 4
a 603 913 0 28 9
a 603 525 0 45 10
a 603 639 0 6 7
a 603 236 0 46 2
a 604 423 0 28 3
a 604 661 0 15 5
a 604 656 0 22 2
a 605 846 0 28 8
a 605 387 0 18 7
a 605 995 0 49 8
a 606 735 0 28 6
a 606 375 0 19 10
a 606 788 0 9 2
a 606 149 0 20 5
a 606 418 0 10 5
a 606 659 0 6 9
a 611 721 0 28 6
a 611 382 0 39 1
a 611 393 0 45 2
a 611 142 0 1 7
a 611 578 0 24 2
a 612 258 0 28 1
a 612 152 0 10 6
a 612 265 0 11 7
a 617 773 0 28 9
a 617 593 0 2 1
a 617 604 0 42 10
a 617 594 0 35 9
a 617 564 0 40 1
a 621 822 0 28 4
a 621 199 0 18 9
a 621 437 0 47 2
a 621 684 0 25 4
a 621 429 0 18 9
a 624 301 0 28 10
a 624 796 0 5 7
a 624 487 0 36 7
a 624 964 0 9 9
a 624 139 0 30 5
a 624 181 0 23 4
a 626 549 0 28 5
a 626 876 0 46 6
a 626 972 0 25 5
a 627 418 0 28 1
a 627 788 0 28 4
a 628 381 0 28 1
a 628 578 0 29 1
a 628 357 0 18 3
a 628 25 0 24 10
a 628 78 0 24 7
a 628 523 0 2 8
a 631 996 0 28 10
a 631 173 0 30 10
a 631 18 0 9 9
a 631 451 0 5 5
a 635 239 0 28 6
a 635 724 0 27 3
a 635 67 0 42 3
a 636 443 0 28 6
a 636 292 0 21 4
a 636 976 0 47 10
a 636 586 0 20 9
a 636 537 0 20 7
a 637 530 0 28 9
a 637 578 0 36 7
a 637 740 0 40 1
a 637 541 0 6 1
a 637 539 0 3 10
a 637 54 0 21 6
a 638 921 0 28 3
a 638 972 0 31 8
a 638 849 0 5 8
a 638 37 0 36 4
a 638 923 0 23 7
a 641 733 0 28 5
a 641 238 0 5 4
a 641 227 0 28 7
a 642 648 0 28 2
a 642 375 0 50 10
a 642 963 0 35 8
a 642 334 0 19 10
a 644 573 0 28 1
a 644 787 0 24 7
a 644 863 0 6 1
a 644 962 0 6 9
a 648 631 0 28 5
a 648 57 0 37 10
a 648 142 0 46 10
a 648 907 0 37 3
a 651 660 0 28 3
a 651 822 0 32 9
a 651 451 0 3 5
a 651 763 0 20 4
a 651 712 0 21 4
a 651 65 0 16 5
a 657 401 0 28 7
a 657 205 0 16 10
a 657 510 0 23 8
a 657 994 0 25 7
a 658 780 0 28 8
a 658 684 0 3 3
a 658 910 0 25 10
a 658 543 0 25 5
a 660 290 0 28 6
a 660 47 0 18 5
a 660 817 0 9 4
a 661 59 0 28 1
a 661 913 0 26 2
a 664 281 0 28 9
a 664 212 0 5 1
a 664 430 0 47 1
a 664 300 0 46 3
a 666 159 0 28 8
a 666 723 0 14 4
a 666 587 0 10 8
a 666 486 0 43 8
a 666 53 0 3 5
a 666 57 0 26 9
a 667 83 0 28 1
a 667 754 0 16 7
a 667 19 0 12 3
a 669 60 0 28 3
a 669 823 0 48 6
a 669 923 0 47 3
a 670 736 0 28 2
a 670 799 0 45 6
a 670 184 0 50 1
a 672 36 0 28 3
a 672 103 0 14 3
a 672 617 0 7 9
a 672 884 0 3 5
a 673 604 0 28 10
a 673 421 0 22 4
a 673 508 0 47 6
a 673 204 0 3 5
a 673 388 0 38 4
a 674 544 0 28 3
a 674 12 0 28 3
a 676 136 0 28 9
a 676 629 0 41 1
a 676 95 0 9 9
a 676 964 0 41 4
a 676 571 0 22 5
a 677 149 0 28 2
a 677 475 0 33 7
a 677 758 0 22 2
a 677 861 0 43 5
a 677 871 0 5 3
a 678 505 0 28 4
a 678 918 0 6 9
a 678 492 0 25 8
a 678 352 0 46 8
a 678 524 0 3 7
a 680 657 0 28 6
a 680 437 0 23 7
a 681 293 0 28 7
a 681 668 0 21 1
a 681 777 0 9 10
a 681 736 0 18 2
a 681 705 0 34 10
a 681 332 0 20 8
a 682 62 0 28 2
a 682 369 0 26 10
a 682 631 0 10 6
a 683 842 0 28 6
a 683 281 0 19 3
a 683 185 0 42 6
a 685 12 0 28 6
a 685 115 0 14 10
a 685 538 0 21 10
a 685 382 0 1 8
a 685 681 0 3 10
a 686 269 0 28 9
a 686 617 0 21 5
a 686 232 0 44 7
a 686 83 0 13 3
a 686 780 0 33 6
a 686 898 0 43 3
a 687 550 0 28 6
a 687 19 0 23 9
a 687 233 0 14 6
a 689 769 0 28 10
a 689 436 0 22 10
a 689 705 0 1 8
a 689 983 0 23 6
a 689 241 0 20 5
a 690 434 0 28 1
a 690 797 0 19 6
a 690 705 0 19 1
a 694 864 0 28 2
a 694 697 0 12 8
a 694 502 0 31 1
a 696 105 0 28 7
a 696 627 0 8 3
a 696 144 0 23 5
a 696 868 0 8 8
a 696 221 0 4 10
a 696 882 0 24 7
a 700 872 0 28 10
a 700 277 0 46 3
a 700 663 0 22 9
a 701 154 0 28 4
a 701 323 0 16 4
a 701 59 0 38 10
a 701 72 0 17 1
a 703 86 0 28 1
a 703 934 0 43 3
a 703 136 0 50 1
a 703 130 0 8 5
a 703 844 0 24 6
a 704 496 0 28 8
a 704 230 0 14 1
a 704 778 0 39 4
a 704 770 0 26 5
a 704 116 0 39 4
a 705 17 0 28 6
a 705 938 0 2 10
a 705 772 0 9 8
a 705 596 0 49 1
a 705 11 0 11 6
a 706 134 0 28 6
a 706 887 0 22 9
a 708 728 0 28 7
a 708 27 0 3 7
a 708 108 0 7 3
a 709 148 0 28 8
a 709 487 0 10 4
a 711 242 0 28 9
a 711 413 0 20 2
a 712 416 0 28 5
a 712 153 0 35 1
a 712 1000 0 41 8
a 712 805 0 23 1
a 712 194 0 30 3
a 714 528 0 28 3
a 714 373 0 38 5
a 714 109 0 9 2
a 714 643 0 21 10
a 714 196 0 41 2
a 714 657 0 42 7
a 715 189 0 28 1
a 715 682 0 3 2
a 717 339 0 28 2
a 717 960 0 35 9
a 719 226 0 28 7
a 719 401 0 7 8
a 719 70 0 8 7
a 719 490 0 17 9
a 721 515 0 28 5
a 721 975 0 38 3
a 721 741 0 28 5
a 722 803 0 28 3
a 722 308 0 49 6
a 724 587 0 28 3
a 724 576 0 49 1
a 728 307 0 28 9
a 728 516 0 30 1
a 728 625 0 27 10
a 728 331 0 7 4
a 728 183 0 28 10
a 728 565 0 9 2
a 731 273 0 28 2
a 731 254 0 23 5
a 731 806 0 31 4
a 731 361 0 23 9
a 731 77 0 17 5
a 733 65 0 28 5
a 733 228 0 4 1
a 733 679 0 23 6
a 734 122 0 28 7
a 734 515 0 32 7
a 734 190 0 36 5
a 734 496 0 47 10
a 734 860 0 9 5
a 735 229 0 28 9
a 735 807 0 16 1
a 735 390 0 7 5
a 735 676 0 0 7
a 735 295 0 23 8
a 735 193 0 13 9
a 736 428 0 28 4
a 736 796 0 35 7
a 736 811 0 43 10
a 736 754 0 30 3
a 736 456 0 35 5
a 736 389 0 24 8
a 737 825 0 28 2
a 737 867 0 45 1
a 737 205 0 42 3
a 737 251 0 43 10
a 737 232 0 28 3
a 737 244 0 14 7
a 739 1000 0 28 4
a 739 328 0 26 1
a 739 578 0 50 3
a 739 494 0 17 2
a 740 474 0 28 7
a 740 426 0 19 10
a 741 963 0 28 6
a 741 342 0 7 2
a 741 844 0 48 5
a 741 365 0 1 2
a 741 617 0 42 5
a 745 121 0 28 2
a 745 115 0 20 9
a 748 641 0 28 2
a 748 583 0 26 7
a 748 196 0 20 3
a 748 53 0 40 9
a 748 70 0 37 4
a 748 27 0 8 6
a 750 565 0 28 8
a 750 399 0 41 7
a 750 10 0 41 10
a 750 285 0 41 5
a 753 717 0 28 6
a 753 730 0 23 6
a 753 841 0 14 9
a 754 311 0 28 4
a 754 47 0 8 4
a 754 626 0 50 6
a 754 230 0 48 10
a 755 501 0 28 3
a 755 709 0 8 9
a 756 938 0 28 5
a 756 332 0 27 9
a 756 958 0 27 3
a 756 396 0 1 8
a 756 172 0 22 5
a 757 681 0 28 3
a 757 790 0 36 10
a 757 434 0 19 6
a 757 338 0 4 2
a 757 619 0 24 9
a 757 486 0 32 9
a 761 703 0 28 1
a 761 850 0 14 7
a 761 41 0 18 6
a 761 741 0 11 10
a 761 217 0 7 1
a 761 366 0 38 10
a 765 256 0 28 9
a 765 450 0 43 5
a 765 739 0 9 9
a 769 420 0 28 6
a 769 520 0 50 4
a 769 365 0 30 9
a 769 312 0 33 5
a 769 810 0 25 2
a 769 942 0 47 2
a 771 14 0 28 1
a 771 518 0 25 7
a 771 327 0 18 7
a 771 558 0 45 3
a 773 316 0 28 1
a 773 472 0 14 10
a 773 966 0 10 6
a 773 921 0 29 8
a 774 460 0 28 3
a 774 854 0 25 4
a 774 41 0 4 6
a 774 956 0 19 1
a 775 593 0 28 3
a 775 390 0 26 8
a 775 888 0 37 2
a 776 674 0 28 10
a 776 476 0 30 9
a 776 249 0 47 2
a 776 668 0 14 5
a 776 88 0 34 2
a 776 752 0 18 4
a 780 839 0 28 9
a 780 802 0 10 8
a 780 484 0 27 5
a 780 502 0 43 7
a 780 778 0 23 10
a 785 224 0 28 7
a 785 656 0 32 7
a 785 953 0 35 6
a 785 886 0 23 8
a 785 888 0 8 2
a 785 798 0 16 7
a 788 320 0 28 9
a 788 660 0 9 6
a 788 271 0 26 8
a 790 348 0 28 7
a 790 921 0 3 3
a 790 24 0 7 4
a 791 139 0 28 7
a 791 890 0 38 9
a 791 464 0 18 5
a 791 972 0 21 3
a 791 299 0 24 1
a 791 37 0 21 1
a 792 175 0 28 7
a 792 884 0 32 4
a 792 382 0 31 10
a 796 975 0 28 4
a 796 509 0 31 2
a 796 177 0 10 6
a 796 161 0 49 5
a 797 21 0 28 4
a 797 537 0 22 10
a 797 304 0 2 6
a 797 429 0 49 9
a 801 280 0 28 1
a 801 196 0 23 5
a 801 120 0 33 8
a 801 324 0 36 7
a 802 998 0 28 1
a 802 20 0 21 5
a 802 59 0 0 4
a 802 558 0 38 9
a 802 188 0 25 2
a 802 573 0 39 8
a 803 481 0 28 7
a 803 817 0 30 5
a 803 962 0 31 5
a 803 491 0 31 1
a 806 994 0 28 9
a 806 661 0 11 7
a 806 475 0 8 1
a 806 680 0 29 5
a 809 124 0 28 10
a 809 535 0 29 2
a 809 920 0 48 10
a 809 678 0 33 7
a 816 3 0 28 8
a 816 593 0 37 3
a 816 248 0 18 6
a 820 33 0 28 2
a 820 382 0 29 5
a 821 635 0 28 2
a 821 540 0 44 7
a 822 568 0 28 3
a 822 274 0 6 10
a 822 275 0 28 4
a 822 443 0 25 4
a 822 172 0 20 10
a 823 97 0 28 3
a 823 642 0 27 4
a 823 25 0 29 7
a 823 40 0 30 4
a 823 142 0 5 5
a 825 143 0 28 3
a 825 584 0 13 2
a 825 359 0 43 8
a 825 667 0 9 2
a 827 202 0 28 10
a 827 834 0 6 2
a 827 127 0 39 2
a 827 286 0 43 7
a 827 813 0 14 1
a 829 906 0 28 6
a 829 297 0 6 9
a 829 988 0 16 3
a 829 879 0 10 8
a 832 606 0 28 3
a 832 155 0 15 3
a 833 378 0 28 1
a 833 363 0 1 10
a 839 465 0 28 2
a 839 866 0 24 10
a 840 369 0 28 5
a 840 947 0 50 1
a 840 455 0 25 2
a 842 923 0 28 2
a 842 655 0 26 8
a 842 199 0 3 5
a 844 929 0 28 1
a 844 788 0 41 9
a 844 148 0 1 3
a 844 635 0 21 6
a 844 861 0 48 6
a 845 602 0 28 3
a 845 294 0 24 9
a 845 490 0 39 8
a 845 62 0 25 3
a 846 771 0 28 10
a 846 947 0 13 2
a 846 607 0 21 3
a 846 515 0 34 8
a 848 222 0 28 9
a 848 873 0 2 7
a 850 432 0 28 10
a 850 296 0 5 6
a 850 506 0 29 1
a 850 35 0 35 7
a 850 170 0 37 3
a 853 651 0 28 10
a 853 792 0 22 2
a 853 803 0 38 8
a 853 864 0 50 1
a 853 890 0 30 3
a 859 497 0 28 4
a 859 643 0 47 7
a 859 709 0 38 1
a 859 241 0 33 7
a 861 572 0 28 10
a 861 721 0 38 1
a 861 34 0 40 6
a 864 317 0 28 2
a 864 101 0 45 10
a 864 185 0 36 2
a 864 429 0 18 4
a 864 960 0 13 6
a 866 71 0 28 2
a 866 798 0 31 3
a 871 400 0 28 8
a 871 730 0 18 9
a 871 60 0 36 5
a 872 687 0 28 1
a 872 640 0 48 8
a 872 305 0 24 8
a 872 785 0 8 4
a 875 502 0 28 9
a 875 76 0 6 9
a 875 530 0 21 2
a 875 177 0 0 8
a 876 119 0 28 6
a 876 560 0 36 5
a 876 18 0 19 2
a 876 520 0 48 10
a 884 617 0 28 2
a 884 784 0 13 6
a 884 946 0 22 2
a 884 662 0 8 3
a 884 92 0 17 7
a 887 844 0 28 8
a 887 870 0 6 7
a 887 779 0 0 7
a 887 373 0 1 8
a 887 742 0 5 4
a 888 542 0 28 3
a 888 631 0 46 4
a 888 498 0 50 1
a 888 580 0 43 5
a 890 927 0 28 4
a 890 221 0 34 4
a 893 361 0 28 5
a 893 332 0 50 4
a 893 946 0 18 1
a 893 915 0 17 2
a 893 602 0 30 1
a 895 205 0 28 8
a 895 812 0 18 10
a 895 593 0 19 5
a 897 247 0 28 9
a 897 126 0 24 1
a 906 690 0 28 2
a 906 313 0 33 9
a 908 584 0 28 3
a 908 245 0 48 9
a 908 606 0 25 10
a 909 461 0 28 4
a 909 948 0 17 10
a 909 290 0 49 1
a 909 279 0 0 3
a 909 920 0 44 1
a 910 324 0 28 8
a 910 695 0 24 9
a 910 881 0 17 7
a 912 952 0 28 8
a 912 872 0 23 6
a 913 514 0 28 4
a 913 965 0 28 2
a 913 370 0 17 7
a 915 186 0 28 3
a 915 975 0 33 6
a 915 513 0 1 7
a 915 104 0 10 6
a 918 367 0 28 7
a 918 132 0 7 7
a 918 157 0 2 5
a 918 386 0 32 2
a 919 56 0 28 6
a 919 712 0 29 6
a 919 536 0 27 4
a 921 155 0 28 10
a 921 370 0 41 9
a 922 912 0 28 7
a 922 325 0 3 4
a 922 700 0 13 1
a 922 140 0 22 9
a 922 982 0 43 9
a 923 375 0 28 5
a 923 517 0 17 7
a 924 701 0 28 5
a 924 295 0 23 9
a 924 163 0 15 9
a 926 436 0 28 8
a 926 372 0 0 9
a 927 390 0 28 1
a 927 662 0 4 9
a 927 808 0 17 8
a 927 839 0 32 10
a 927 548 0 1 5
a 927 723 0 30 6
a 929 162 0 28 8
a 929 265 0 38 5
a 929 616 0 1 7
a 929 859 0 39 2
a 929 584 0 29 2
a 933 611 0 28 5
a 933 874 0 10 5
a 933 798 0 24 5
a 933 195 0 24 7
a 933 378 0 22 9
a 935 945 0 28 3
a 935 45 0 1 9
a 935 984 0 23 2
a 936 506 0 28 5
a 936 718 0 10 5
a 936 221 0 18 2
a 936 341 0 22 4
a 936 568 0 18 3
a 938 953 0 28 8
a 938 140 0 11 8
a 938 295 0 21 10
a 941 724 0 28 4
a 941 228 0 42 7
a 943 84 0 28 9
a 943 820 0 42 1
a 943 464 0 40 4
a 944 261 0 28 9
a 944 874 0 10 9
a 945 403 0 28 2
a 945 229 0 49 3
a 946 957 0 28 7
a 946 507 0 24 8
a 946 571 0 42 4
a 948 598 0 28 8
a 948 254 0 32 3
a 949 180 0 28 3
a 949 8 0 48 6
a 949 15 0 5 3
a 949 295 0 46 1
a 952 172 0 28 10
a 952 712 0 42 4
a 952 355 0 46 5
a 952 112 0 44 8
a 952 24 0 45 6
a 952 850 0 4 2
a 953 366 0 28 5
a 953 112 0 4 2
a 953 193 0 35 3
a 953 424 0 18 10
a 953 228 0 49 1
a 957 267 0 28 1
a 957 54 0 38 2
a 958 422 0 28 3
a 958 908 0 43 9
a 958 824 0 3 4
a 958 341 0 28 3
a 958 135 0 11 7
a 960 507 0 28 5
a 960 490 0 22 10
a 960 821 0 31 10
a 963 511 0 28 1
a 963 562 0 9 2
a 963 427 0 49 2
a 963 407 0 16 8
a 969 204 0 28 4
a 969 395 0 40 1
a 969 121 0 31 5
a 973 708 0 28 4
a 973 613 0 35 2
a 973 168 0 20 6
a 973 490 0 19 4
a 973 273 0 35 2
a 975 683 0 28 4
a 975 50 0 16 1
a 975 328 0 13 8
a 976 152 0 28 7
a 976 87 0 30 1
a 976 622 0 41 3
a 977 35 0 28 7
a 977 815 0 32 8
a 977 512 0 24 7
a 978 827 0 28 5
a 978 287 0 50 6
a 978 945 0 36 2
a 978 32 0 5 5
a 982 567 0 28 9
a 982 868 0 35 1
a 982 45 0 2 2
a 982 673 0 15 4
a 982 33 0 12 9
a 987 823 0 28 5
a 987 948 0 42 5
a 989 11 0 28 7
a 989 145 0 38 1
a 989 202 0 7 4
a 994 449 0 28 10
a 994 427 0 30 6
a 994 685 0 8 7
a 995 373 0 28 7
a 995 735 0 2 7
a 995 648 0 20 9
a 995 846 0 34 5
a 996 91 0 28 4
a 996 736 0 22 6
a 996 25 0 36 6
a 998 685 0 28 9
a 998 269 0 5 10
