c PyNETGEN v1.0.0
c $ pip install pynetgen
c
c  NETGEN flow network generation algorithm
c  Problem input parameters
c  -------------------------------------
c   Random seed:          10
c   Number of nodes:      1000
c   Source nodes:         2
c   Sink nodes:           2
c   Number of arcs:       4000
c   Minimum arc cost:     1
c   Maximum arc cost:     10
c   Total supply:         50
c   Transshipment -
c     Sources:            0
c     Sinks:              0
c   Skeleton arcs -
c     With max cost:      0
c     Capacitated:        100
c   Minimum arc capacity: 0
c   Maximum arc capacity: 50
c
c  *** Minimum cost flow ***
c
p min 1000 4000
n 1 44
n 2 6
n 999 -20
n 1000 -30
a 1 549 0 44 5
a 1 408 0 47 4
a 6 656 0 44 4
a 6 950 0 7 9
a 6 412 0 46 3
a 6 355 0 37 3
a 7 226 0 44 8
a 7 877 0 34 1
a 9 685 0 44 10
a 9 229 0 9 1
a 9 469 0 8 6
a 9 376 0 19 8
a 9 381 0 15 2
a 9 866 0 45 10
a 9 29 0 45 10
a 10 762 0 44 5
a 10 451 0 10 2
a 11 264 0 44 6
a 11 593 0 5 10
a 12 479 0 44 9
a 12 756 0 25 3
a 12 575 0 43 3
a 12 879 0 30 8
a 17 882 0 44 10
a 17 611 0 23 9
a 17 507 0 3 1
a 17 411 0 45 7
a 17 461 0 11 1
a 17 477 0 49 8
a 17 299 0 27 4
a 18 591 0 44 2
a 18 147 0 19 7
a 19 550 0 44 5
a 19 725 0 39 8
a 19 825 0 47 8
a 19 601 0 3 2
a 19 87 0 36 9
a 19 159 0 39 5
a 21 537 0 44 5
a 21 809 0 35 5
a 21 911 0 36 2
a 21 420 0 32 10
a 21 714 0 12 6
a 21 280 0 11 2
a 22 659 0 44 1
a 22 374 0 31 3
a 22 919 0 22 9
a 22 454 0 42 7
a 23 258 0 44 2
a 23 386 0 7 6
a 23 960 0 46 7
a 24 22 0 44 6
a 24 495 0 16 5
a 27 361 0 44 8
a 27 137 0 6 3
a 27 447 0 47 9
a 27 813 0 9 10
a 27 784 0 43 8
a 28 390 0 44 1
a 28 41 0 27 9
a 30 150 0 44 6
a 30 380 0 24 10
a 30 918 0 12 9
a 30 246 0 17 10
a 31 38 0 44 6
a 31 782 0 35 5
a 31 932 0 21 9
a 31 662 0 42 10
a 31 937 0 37 7
a 31 579 0 48 5
a 33 900 0 44 5
a 33 725 0 3 4
a 33 559 0 43 1
a 33 641 0 38 10
a 33 658 0 3 7
a 33 663 0 48 7
a 33 516 0 27 6
a 34 761 0 44 5
a 34 897 0 35 6
a 34 867 0 43 5
a 34 210 0 21 4
a 34 36 0 28 7
a 34 535 0 29 10
a 36 188 0 44 6
a 36 592 0 46 9
a 36 941 0 36 4
a 36 88 0 46 5
a 36 991 0 48 7
a 38 728 0 44 10
a 38 69 0 6 8
a 38 542 0 39 9
a 38 263 0 15 10
a 39 988 0 44 5
a 39 484 0 17 7
a 44 674 0 44 5
a 44 330 0 44 9
a 44 319 0 32 9
a 44 962 0 17 7
a 47 372 0 44 1
a 47 934 0 21 7
a 49 181 0 44 7
a 49 450 0 30 7
a 49 817 0 33 3
a 49 82 0 22 5
a 51 713 0 44 8
a 51 835 0 4 2
a 51 952 0 45 9
a 51 200 0 42 7
a 51 795 0 19 2
a 53 831 0 44 3
a 53 440 0 39 8
a 53 230 0 36 5
a 53 460 0 3 5
a 55 869 0 44 5
a 55 343 0 50 3
a 55 491 0 36 10
a 55 546 0 9 5
a 55 417 0 31 3
a 55 501 0 20 3
a 59 353 0 44 9
a 59 762 0 23 4
a 59 158 0 46 7
a 64 514 0 44 7
a 64 682 0 5 1
a 64 278 0 43 2
a 65 383 0 44 2
a 65 275 0 45 5
a 65 967 0 22 7
a 65 7 0 36 9
a 65 830 0 11 2
a 65 328 0 13 4
a 65 603 0 32 7
a 66 960 0 44 10
a 66 213 0 22 1
a 66 853 0 12 10
a 68 747 0 44 2
a 68 390 0 10 5
a 69 967 0 44 6
a 69 14 0 17 7
a 69 133 0 2 5
a 70 416 0 44 9
a 70 225 0 17 10
a 70 887 0 28 10
a 70 644 0 3 8
a 70 241 0 48 5
a 70 393 0 50 6
a 71 847 0 44 1
a 71 507 0 40 1
a 71 75 0 42 2
a 71 890 0 46 8
a 71 906 0 6 4
a 73 133 0 44 9
a 73 261 0 20 4
a 73 935 0 42 5
a 73 763 0 15 6
a 74 740 0 44 4
a 74 412 0 18 6
a 74 152 0 9 10
a 77 223 0 44 8
a 77 107 0 6 4
a 77 734 0 33 4
a 77 769 0 33 5
a 77 964 0 35 5
a 77 812 0 1 1
a 77 753 0 50 7
a 78 435 0 44 6
a 78 952 0 48 5
a 78 705 0 35 2
a 81 915 0 44 6
a 81 665 0 5 2
a 81 621 0 14 4
a 82 399 0 44 9
a 82 491 0 24 4
a 82 938 0 6 6
a 82 750 0 38 9
a 82 469 0 48 5
a 84 464 0 44 5
a 84 199 0 1 1
a 84 583 0 40 1
a 85 293 0 44 1
a 85 214 0 23 9
a 85 38 0 16 10
a 85 889 0 30 2
a 85 653 0 9 10
a 85 27 0 36 5
a 85 135 0 45 5
a 88 305 0 44 6
a 88 464 0 9 1
a 88 171 0 47 10
a 88 342 0 49 4
a 88 179 0 7 1
a 88 726 0 29 7
a 91 780 0 44 9
a 91 654 0 17 8
a 91 245 0 7 8
a 91 461 0 45 9
a 91 92 0 50 7
a 91 564 0 19 3
a 92 513 0 44 6
a 92 912 0 12 4
a 92 153 0 38 5
a 92 152 0 41 4
a 92 687 0 38 7
a 92 105 0 17 9
a 93 219 0 44 10
a 93 289 0 11 10
a 93 885 0 46 10
a 95 754 0 44 2
a 95 513 0 27 10
a 95 449 0 48 1
a 95 110 0 12 6
a 98 649 0 44 8
a 98 985 0 30 9
a 98 963 0 15 4
a 98 817 0 42 10
a 98 980 0 14 5
a 99 173 0 44 10
a 99 245 0 47 4
a 101 966 0 44 10
a 101 974 0 23 4
a 101 826 0 31 3
a 101 693 0 14 4
a 101 174 0 14 6
a 103 429 0 44 8
a 103 389 0 0 1
a 103 172 0 32 2
a 103 246 0 35 4
a 103 578 0 32 4
a 103 838 0 35 6
a 104 943 0 44 6
a 104 619 0 8 10
a 104 997 0 49 8
a 104 881 0 2 9
a 106 629 0 44 6
a 106 191 0 40 4
a 106 394 0 10 1
a 106 109 0 11 4
a 106 776 0 45 3
a 106 999 0 0 6
a 107 764 0 44 7
a 107 606 0 45 1
a 107 274 0 38 8
a 107 975 0 21 7
a 107 966 0 19 6
a 108 483 0 44 9
a 108 7 0 31 10
a 110 308 0 44 4
a 110 558 0 23 7
a 111 522 0 44 10
a 111 104 0 50 2
a 125 442 0 44 5
a 125 754 0 37 7
a 125 591 0 47 4
a 126 398 0 44 8
a 126 247 0 3 4
a 126 634 0 23 1
a 126 404 0 8 7
a 126 506 0 16 10
a 127 408 0 44 9
a 127 583 0 49 1
a 127 419 0 18 4
a 127 518 0 38 1
a 127 328 0 48 5
a 128 781 0 44 6
a 128 609 0 39 8
a 128 347 0 13 8
a 128 833 0 32 3
a 128 276 0 50 10
a 129 709 0 44 9
a 129 335 0 8 5
a 129 18 0 41 9
a 131 7 0 44 10
a 131 754 0 48 7
a 131 115 0 9 6
a 131 505 0 50 4
a 132 841 0 44 1
a 132 840 0 48 9
a 132 271 0 39 6
a 133 794 0 44 10
a 133 285 0 8 7
a 133 37 0 6 4
a 133 182 0 30 3
a 135 371 0 44 3
a 135 791 0 8 6
a 135 212 0 26 8
a 135 159 0 6 3
a 135 596 0 27 8
a 135 889 0 45 8
a 138 914 0 44 8
a 138 560 0 38 8
a 138 762 0 8 6
a 138 592 0 10 10
a 138 630 0 4 1
a 138 842 0 39 6
a 139 711 0 44 4
a 139 721 0 44 4
a 139 348 0 22 9
a 139 824 0 8 8
a 139 349 0 43 10
a 139 195 0 19 7
a 140 926 0 44 1
a 140 439 0 30 5
a 140 832 0 44 1
a 140 517 0 30 8
a 142 344 0 44 8
a 142 635 0 12 7
a 142 382 0 11 7
a 142 34 0 7 6
a 142 583 0 2 7
a 142 23 0 24 10
a 143 1000 0 44 9
a 143 11 0 3 9
a 143 266 0 2 7
a 145 516 0 44 4
a 145 982 0 18 1
a 145 49 0 28 10
a 145 619 0 29 4
a 145 282 0 28 5
a 147 380 0 44 1
a 147 83 0 44 8
a 147 100 0 8 10
a 147 560 0 28 10
a 147 352 0 44 8
a 147 942 0 26 8
a 149 811 0 44 4
a 149 706 0 30 9
a 149 348 0 50 9
a 149 294 0 1 10
a 149 902 0 25 7
a 150 745 0 44 3
a 150 126 0 4 6
a 150 975 0 30 2
a 150 953 0 43 2
a 150 905 0 39 5
a 152 991 0 44 9
a 152 403 0 11 5
a 152 914 0 34 4
a 152 975 0 30 7
a 152 966 0 25 8
a 152 792 0 24 10
a 153 916 0 44 9
a 153 699 0 13 8
a 153 468 0 45 7
a 153 207 0 26 5
a 155 288 0 44 5
a 155 870 0 14 4
a 155 411 0 46 6
a 155 534 0 7 1
a 157 788 0 44 4
a 157 223 0 22 10
a 157 660 0 35 2
a 157 312 0 30 4
a 157 821 0 49 4
a 158 286 0 44 8
a 158 45 0 27 1
a 158 193 0 19 4
a 158 931 0 20 3
a 158 725 0 10 4
a 158 324 0 9 7
a 160 575 0 44 5
a 160 671 0 13 7
a 160 955 0 30 1
a 164 153 0 44 4
a 164 869 0 31 8
a 164 974 0 20 4
a 164 704 0 38 9
a 164 165 0 14 1
a 167 211 0 44 9
a 167 79 0 37 1
a 167 54 0 49 6
a 167 412 0 10 1
a 167 778 0 5 6
a 168 793 0 44 6
a 168 742 0 43 7
a 168 597 0 28 7
a 168 285 0 8 4
a 168 409 0 33 3
a 169 724 0 44 10
a 169 911 0 24 6
a 169 484 0 41 9
a 172 665 0 44 8
a 172 635 0 33 8
a 172 140 0 47 9
a 173 682 0 44 10
a 173 696 0 22 4
a 173 668 0 22 3
a 180 716 0 44 3
a 180 119 0 43 4
a 181 149 0 44 6
a 181 264 0 8 6
a 181 429 0 34 9
a 181 175 0 13 3
a 182 577 0 44 5
a 182 576 0 8 4
a 182 205 0 40 6
a 182 191 0 43 6
a 183 280 0 44 8
a 183 979 0 35 3
a 183 153 0 20 1
a 183 869 0 13 7
a 183 462 0 45 5
a 184 467 0 44 6
a 184 448 0 28 10
a 184 395 0 7 1
a 184 491 0 19 6
a 184 188 0 31 9
a 184 108 0 19 7
a 185 620 0 44 3
a 185 104 0 34 10
a 185 726 0 47 6
a 185 751 0 31 6
a 185 907 0 18 3
a 187 300 0 44 8
a 187 239 0 44 3
a 188 650 0 44 5
a 188 887 0 41 9
a 188 760 0 0 3
a 188 561 0 10 7
a 190 884 0 44 10
a 190 323 0 25 4
a 190 751 0 28 5
a 190 945 0 39 8
a 190 126 0 21 5
a 190 202 0 16 10
a 191 103 0 44 6
a 191 30 0 35 4
a 192 260 0 44 4
a 192 443 0 40 2
a 192 885 0 15 3
a 192 703 0 2 2
a 193 448 0 44 1
a 193 216 0 32 2
a 193 514 0 27 6
a 194 465 0 44 9
a 194 368 0 25 8
a 195 152 0 44 3
a 195 987 0 40 8
a 195 290 0 50 6
a 195 346 0 29 10
a 201 47 0 44 5
a 201 423 0 45 8
a 201 862 0 40 9
a 201 707 0 20 3
a 201 481 0 13 2
a 202 543 0 44 3
a 202 118 0 45 4
a 202 287 0 3 7
a 202 342 0 22 7
a 202 29 0 28 1
a 204 343 0 44 6
a 204 342 0 46 10
a 204 153 0 19 8
a 204 383 0 1 5
a 204 643 0 25 10
a 206 428 0 44 9
a 206 129 0 38 3
a 206 986 0 40 3
a 208 131 0 44 5
a 208 137 0 47 2
a 208 213 0 15 2
a 208 306 0 41 5
a 210 444 0 44 3
a 210 326 0 10 7
a 211 248 0 44 9
a 211 63 0 11 4
a 211 705 0 25 7
a 211 588 0 40 9
a 212 382 0 44 9
a 212 778 0 4 3
a 212 30 0 3 10
a 212 162 0 4 3
a 219 394 0 44 5
a 219 730 0 25 1
a 219 983 0 3 6
a 219 302 0 12 10
a 220 366 0 44 8
a 220 777 0 16 6
a 220 379 0 28 5
a 220 648 0 28 4
a 220 7 0 40 10
a 222 365 0 44 7
a 222 926 0 8 2
a 222 287 0 50 3
a 222 971 0 35 3
a 223 208 0 44 4
a 223 471 0 32 5
a 223 494 0 12 1
a 225 986 0 44 4
a 225 267 0 44 8
a 226 65 0 44 5
a 226 307 0 34 2
a 229 333 0 44 4
a 229 821 0 31 3
a 231 241 0 44 3
a 231 381 0 15 9
a 231 547 0 13 9
a 233 776 0 44 1
a 233 10 0 48 7
a 236 509 0 44 9
a 236 94 0 46 3
a 236 418 0 49 5
a 236 629 0 30 5
a 236 347 0 7 7
a 236 426 0 36 8
a 241 917 0 44 8
a 241 334 0 30 8
a 241 500 0 13 5
a 241 810 0 31 2
a 241 945 0 17 9
a 241 427 0 31 3
a 246 33 0 44 6
a 246 822 0 10 9
a 246 497 0 27 3
a 246 308 0 44 2
a 246 92 0 6 2
a 246 873 0 25 7
a 248 135 0 44 6
a 248 854 0 27 8
a 248 390 0 26 10
a 248 317 0 43 5
a 248 590 0 42 7
a 248 220 0 38 6
a 255 195 0 44 7
a 255 976 0 14 10
a 255 267 0 34 4
a 255 791 0 26 6
a 255 877 0 44 8
a 255 170 0 5 5
a 258 73 0 44 4
a 258 462 0 33 7
a 258 32 0 38 5
a 258 964 0 18 3
a 260 345 0 44 9
a 260 314 0 41 3
a 261 517 0 44 2
a 261 74 0 2 4
a 261 567 0 15 8
a 261 18 0 37 8
a 261 768 0 25 6
a 261 182 0 1 4
a 264 324 0 44 10
a 264 615 0 41 6
a 264 239 0 35 2
a 270 985 0 44 1
a 270 58 0 4 1
a 270 371 0 35 6
a 271 204 0 44 3
a 271 79 0 5 3
a 274 395 0 44 7
a 274 488 0 39 6
a 274 879 0 27 6
a 275 110 0 44 5
a 275 155 0 26 9
a 275 209 0 45 6
a 275 812 0 19 2
a 275 622 0 40 10
a 275 347 0 2 8
a 276 185 0 44 6
a 276 582 0 7 7
a 276 925 0 16 4
a 276 561 0 21 5
a 276 797 0 36 10
a 277 692 0 44 1
a 277 792 0 8 9
a 277 174 0 16 8
a 277 493 0 31 5
a 277 177 0 45 3
a 280 564 0 44 1
a 280 479 0 26 3
a 280 116 0 37 1
a 280 712 0 3 2
a 281 723 0 44 8
a 281 743 0 12 6
a 281 589 0 2 3
a 283 6 0 44 1
a 283 105 0 34 9
a 283 129 0 35 2
a 283 554 0 46 8
a 283 37 0 50 8
a 286 704 0 44 7
a 286 263 0 10 7
a 286 181 0 6 7
a 286 215 0 32 8
a 288 795 0 44 3
a 288 444 0 30 2
a 288 750 0 44 3
a 288 487 0 25 8
a 288 966 0 8 6
a 293 902 0 44 9
a 293 499 0 50 5
a 293 117 0 7 7
a 293 427 0 18 1
a 293 298 0 23 10
a 295 578 0 44 4
a 295 517 0 24 3
a 296 36 0 44 3
a 296 287 0 7 3
a 296 400 0 17 10
a 296 244 0 38 6
a 296 923 0 28 1
a 299 539 0 44 3
a 299 615 0 24 9
a 299 458 0 1 1
a 300 201 0 44 2
a 300 366 0 35 2
a 300 216 0 20 10
a 305 846 0 44 8
a 305 759 0 47 3
a 305 281 0 29 2
a 305 584 0 41 6
a 307 321 0 44 7
a 307 868 0 46 9
a 308 733 0 44 2
a 308 825 0 26 2
a 308 268 0 49 4
a 308 128 0 13 1
a 308 653 0 29 4
a 308 782 0 20 10
a 311 406 0 44 7
a 311 545 0 46 7
a 311 535 0 27 2
a 311 446 0 11 6
a 315 169 0 44 10
a 315 228 0 22 6
a 315 109 0 50 9
a 315 648 0 16 4
a 318 95 0 44 8
a 318 733 0 37 4
a 318 766 0 0 8
a 321 907 0 44 9
a 321 425 0 7 9
a 321 627 0 33 9
a 321 221 0 8 7
a 321 480 0 4 4
a 321 262 0 6 8
a 322 792 0 44 8
a 322 823 0 50 2
a 323 904 0 44 8
a 323 128 0 2 5
a 323 453 0 20 2
a 323 555 0 7 2
a 323 887 0 12 7
a 323 391 0 2 5
a 324 311 0 44 4
a 324 740 0 18 2
a 324 435 0 50 2
a 324 984 0 4 8
a 324 483 0 50 4
a 324 398 0 3 7
a 326 402 0 44 1
a 326 138 0 13 3
a 326 208 0 36 4
a 326 743 0 42 4
a 333 541 0 44 4
a 333 61 0 41 4
a 334 886 0 44 3
a 334 233 0 42 10
a 334 435 0 31 4
a 339 192 0 44 10
a 339 610 0 13 7
a 339 14 0 23 1
a 340 202 0 44 3
a 340 333 0 3 5
a 340 186 0 45 5
a 340 453 0 11 10
a 342 813 0 44 10
a 342 387 0 47 2
a 342 127 0 43 1
a 343 938 0 44 6
a 343 852 0 16 3
a 343 620 0 7 8
a 343 72 0 45 1
a 343 412 0 26 5
a 344 375 0 44 1
a 344 65 0 3 4
a 344 125 0 16 10
a 344 697 0 43 9
a 344 877 0 20 8
a 344 263 0 8 6
a 345 74 0 44 6
a 345 465 0 27 1
a 345 342 0 25 6
a 345 676 0 8 10
a 345 489 0 40 10
a 345 479 0 10 2
a 347 88 0 44 9
a 347 303 0 37 10
a 347 424 0 43 3
a 347 329 0 34 7
a 347 45 0 1 3
a 349 354 0 44 5
a 349 300 0 35 6
a 350 633 0 44 8
a 350 164 0 12 7
a 350 552 0 12 8
a 350 22 0 35 6
a 350 920 0 9 4
a 350 486 0 37 8
a 351 832 0 44 10
a 351 984 0 11 7
a 351 337 0 4 4
a 352 949 0 44 6
a 352 6 0 14 1
a 352 192 0 24 3
a 352 606 0 41 8
a 353 39 0 44 1
a 353 133 0 1 8
a 353 522 0 28 6
a 353 112 0 23 3
a 354 339 0 44 3
a 354 173 0 46 5
a 356 817 0 44 7
a 356 245 0 6 8
a 356 917 0 30 10
a 356 453 0 30 3
a 356 602 0 43 4
a 358 323 0 44 3
a 358 538 0 46 10
a 358 16 0 6 8
a 360 797 0 44 3
a 360 667 0 13 2
a 360 323 0 41 4
a 360 483 0 11 10
a 361 225 0 44 7
a 361 940 0 38 9
a 361 176 0 24 7
a 363 536 0 44 4
a 363 915 0 34 2
a 363 795 0 20 8
a 364 759 0 44 7
a 364 98 0 1 2
a 364 726 0 0 7
a 364 403 0 45 2
a 365 645 0 44 6
a 365 909 0 0 3
a 365 880 0 5 1
a 365 48 0 25 5
a 366 572 0 44 10
a 366 368 0 26 4
a 366 519 0 49 2
a 366 754 0 10 1
a 366 655 0 20 1
a 367 956 0 44 3
a 367 137 0 10 9
a 368 184 0 44 2
a 368 172 0 49 6
a 368 725 0 9 10
a 371 777 0 44 7
a 371 808 0 44 4
a 371 51 0 38 3
a 372 295 0 44 3
a 372 674 0 26 10
a 373 790 0 44 7
a 373 19 0 42 2
a 374 874 0 44 9
a 374 330 0 44 2
a 374 43 0 21 2
a 374 92 0 42 9
a 375 193 0 44 8
a 375 473 0 11 1
a 375 508 0 21 4
a 375 577 0 32 3
a 376 393 0 44 10
a 376 392 0 3 6
a 376 554 0 7 6
a 376 462 0 0 10
a 376 928 0 40 10
a 376 832 0 14 1
a 380 842 0 44 7
a 380 484 0 42 10
a 380 36 0 13 7
a 381 78 0 44 6
a 381 334 0 41 7
a 382 653 0 44 3
a 382 940 0 4 5
a 382 497 0 0 6
a 382 656 0 24 8
a 382 813 0 39 1
a 383 236 0 44 8
a 383 469 0 21 1
a 383 933 0 4 2
a 383 139 0 18 1
a 383 259 0 43 5
a 390 400 0 44 2
a 390 398 0 1 7
a 390 907 0 24 4
a 390 524 0 37 2
a 390 432 0 29 1
a 393 987 0 44 9
a 393 671 0 0 2
a 393 579 0 2 2
a 394 843 0 44 9
a 394 444 0 27 2
a 395 614 0 44 9
a 395 562 0 11 4
a 398 82 0 44 1
a 398 262 0 24 9
a 398 621 0 38 5
a 398 950 0 46 10
a 398 171 0 16 4
a 398 3 0 30 5
a 399 422 0 44 8
a 399 814 0 3 1
a 399 912 0 45 9
a 399 57 0 39 3
a 400 553 0 44 3
a 400 918 0 23 5
a 400 370 0 23 4
a 400 116 0 48 9
a 402 678 0 44 2
a 402 924 0 6 1
a 402 963 0 2 6
a 402 400 0 33 8
a 402 79 0 3 3
a 402 7 0 45 3
a 405 352 0 44 5
a 405 718 0 46 7
a 406 563 0 44 5
a 406 903 0 44 10
a 406 468 0 13 6
a 406 968 0 13 4
a 407 586 0 44 8
a 407 878 0 36 2
a 407 653 0 49 6
a 407 784 0 33 1
a 407 713 0 8 5
a 407 30 0 0 6
a 408 12 0 44 1
a 408 489 0 3 5
a 408 93 0 44 9
a 408 242 0 0 9
a 411 895 0 44 7
a 411 620 0 34 4
a 414 626 0 44 10
a 414 348 0 15 8
a 414 895 0 16 5
a 415 454 0 44 8
a 415 755 0 42 1
a 415 181 0 14 8
a 415 518 0 31 2
a 415 517 0 31 9
a 416 322 0 44 7
a 416 889 0 31 2
a 416 193 0 47 6
a 416 325 0 41 10
a 416 391 0 44 5
a 416 103 0 50 4
a 419 999 0 44 9
a 419 420 0 44 7
a 419 606 0 1 6
a 420 828 0 44 10
a 420 796 0 26 10
a 420 667 0 21 4
a 420 586 0 18 7
a 420 429 0 49 3
a 420 173 0 5 5
a 422 158 0 44 7
a 422 475 0 10 9
a 422 595 0 33 10
a 422 65 0 4 1
a 426 229 0 44 6
a 426 57 0 21 1
a 426 661 0 39 1
a 426 647 0 11 3
a 427 492 0 44 1
a 427 935 0 48 8
a 427 732 0 24 2
a 427 379 0 24 9
a 428 804 0 44 4
a 428 750 0 14 6
a 428 59 0 18 9
a 428 999 0 37 3
a 428 643 0 4 8
a 428 847 0 48 6
a 429 373 0 44 5
a 429 182 0 1 4
a 429 253 0 29 5
a 430 899 0 44 8
a 430 993 0 2 8
a 430 159 0 17 6
a 430 803 0 39 7
a 435 107 0 44 7
a 435 146 0 45 9
a 435 823 0 15 1
a 438 19 0 44 2
a 438 61 0 14 3
a 442 534 0 44 2
a 442 740 0 32 2
a 442 904 0 50 4
a 442 305 0 40 7
a 442 211 0 36 9
a 442 962 0 4 10
a 444 411 0 44 2
a 444 435 0 46 1
a 448 921 0 44 8
a 448 869 0 27 7
a 448 47 0 27 10
a 448 287 0 28 3
a 448 776 0 44 9
a 448 200 0 36 3
a 449 182 0 44 7
a 449 485 0 37 1
a 449 329 0 1 8
a 449 862 0 14 6
a 449 437 0 34 4
a 449 510 0 38 1
a 451 920 0 44 7
a 451 782 0 38 9
a 451 751 0 39 7
a 452 31 0 44 4
a 452 124 0 11 5
a 452 982 0 10 3
a 452 185 0 40 5
a 452 885 0 24 4
a 452 54 0 0 5
a 454 351 0 44 5
a 454 463 0 11 6
a 454 680 0 13 7
a 457 547 0 44 1
a 457 614 0 9 10
a 457 618 0 32 4
a 457 721 0 27 10
a 458 210 0 44 9
a 458 670 0 12 3
a 458 372 0 20 2
a 458 947 0 45 10
a 461 944 0 44 5
a 461 855 0 10 2
a 461 620 0 37 10
a 461 255 0 4 9
a 461 284 0 47 6
a 461 391 0 36 2
a 464 896 0 44 6
a 464 240 0 21 1
a 464 484 0 23 10
a 464 330 0 42 9
a 464 280 0 22 9
a 464 725 0 33 6
a 465 909 0 44 3
a 465 537 0 41 8
a 465 301 0 22 7
a 465 178 0 2 3
a 467 66 0 44 1
a 467 830 0 25 1
a 467 192 0 2 6
a 468 746 0 44 8
a 468 500 0 12 7
a 468 126 0 36 8
a 468 367 0 25 9
a 468 379 0 24 7
a 468 884 0 38 4
a 473 91 0 44 9
a 473 130 0 20 6
a 474 222 0 44 9
a 474 374 0 31 7
a 474 272 0 42 3
a 474 302 0 6 7
a 474 609 0 19 3
a 474 858 0 48 8
a 477 157 0 44 9
a 477 425 0 44 10
a 477 66 0 40 9
a 477 932 0 0 1
a 477 843 0 35 5
a 478 707 0 44 3
a 478 960 0 31 1
a 478 366 0 45 6
a 478 19 0 8 7
a 478 832 0 49 2
a 479 427 0 44 4
a 479 357 0 18 4
a 480 801 0 44 5
a 480 521 0 21 7
a 480 861 0 11 6
a 480 505 0 2 1
a 481 632 0 44 5
a 481 855 0 23 10
a 482 55 0 44 5
a 482 704 0 16 9
a 482 330 0 32 3
a 482 382 0 44 10
a 482 977 0 0 6
a 483 99 0 44 2
a 483 955 0 1 10
a 483 645 0 45 3
a 483 369 0 22 7
a 483 217 0 37 3
a 483 227 0 31 1
a 492 350 0 44 9
a 492 958 0 41 6
a 492 371 0 13 6
a 492 125 0 3 3
a 492 421 0 38 5
a 492 103 0 26 4
a 493 784 0 44 9
a 493 124 0 8 1
a 493 921 0 6 8
a 493 753 0 6 6
a 493 948 0 6 3
a 493 219 0 30 8
a 495 714 0 44 2
a 495 666 0 21 5
a 495 30 0 43 5
a 497 654 0 44 1
a 497 260 0 17 8
a 497 522 0 43 8
a 498 474 0 44 7
a 498 794 0 8 8
a 499 206 0 44 3
a 499 945 0 3 6
a 500 143 0 44 3
a 500 222 0 21 2
a 502 27 0 44 7
a 502 932 0 21 5
a 502 115 0 34 5
a 502 281 0 41 6
a 502 664 0 23 4
a 502 876 0 14 10
a 509 275 0 44 4
a 509 523 0 29 6
a 509 366 0 6 8
a 509 611 0 15 2
a 509 206 0 22 10
a 509 609 0 7 8
a 513 68 0 44 6
a 513 201 0 20 8
a 513 986 0 15 7
a 513 423 0 0 2
a 514 364 0 44 5
a 514 576 0 34 1
a 514 123 0 22 4
a 514 686 0 23 3
a 514 885 0 46 10
a 514 481 0 46 1
a 515 145 0 44 2
a 515 813 0 15 6
a 515 596 0 27 10
a 515 579 0 2 5
a 515 585 0 43 6
a 516 818 0 44 3
a 516 768 0 30 4
a 516 193 0 36 3
a 517 890 0 44 3
a 517 573 0 45 7
a 517 64 0 36 3
a 517 575 0 13 10
a 517 690 0 45 2
a 517 588 0 17 6
a 521 24 0 44 3
a 521 71 0 28 6
a 521 309 0 11 7
a 521 959 0 23 9
a 521 286 0 5 6
a 521 147 0 19 5
a 522 9 0 44 3
a 522 96 0 20 7
a 522 318 0 21 5
a 522 584 0 16 7
a 522 545 0 23 7
a 522 204 0 47 8
a 523 932 0 44 9
a 523 764 0 41 1
a 523 242 0 19 3
a 523 262 0 36 5
a 528 168 0 44 10
a 528 7 0 39 5
a 528 152 0 35 7
a 528 321 0 1 3
a 528 849 0 10 10
a 528 58 0 6 2
a 531 155 0 44 7
a 531 107 0 45 5
a 531 465 0 30 10
a 531 16 0 5 5
a 531 483 0 18 5
a 532 533 0 44 4
a 532 225 0 1 4
a 532 87 0 31 6
a 532 729 0 49 8
a 532 349 0 41 9
a 533 585 0 44 10
a 533 549 0 23 1
a 533 550 0 45 8
a 534 473 0 44 8
a 534 608 0 36 7
a 534 350 0 33 7
a 535 461 0 44 2
a 535 971 0 47 9
a 535 312 0 33 9
a 536 340 0 44 3
a 536 386 0 7 5
a 536 391 0 0 9
a 536 572 0 10 8
a 537 231 0 44 3
a 537 999 0 48 5
a 539 495 0 44 10
a 539 935 0 25 9
a 539 943 0 35 9
a 539 774 0 8 5
a 539 463 0 16 3
a 539 587 0 49 10
a 540 334 0 44 4
a 540 186 0 44 4
a 540 368 0 24 5
a 540 722 0 36 4
a 540 852 0 17 8
a 541 356 0 44 4
a 541 166 0 31 7
a 541 968 0 50 3
a 541 803 0 1 10
a 541 429 0 10 1
a 543 853 0 44 5
a 543 335 0 4 7
a 547 910 0 44 10
a 547 231 0 38 6
a 547 960 0 6 9
a 547 329 0 26 4
a 547 485 0 46 6
a 548 11 0 44 10
a 548 98 0 24 4
a 548 586 0 7 9
a 549 877 0 44 5
a 549 976 0 18 2
a 549 152 0 36 7
a 549 646 0 21 1
a 549 428 0 41 8
a 550 191 0 44 7
a 550 582 0 3 7
a 550 201 0 45 9
a 553 897 0 44 10
a 553 936 0 46 5
a 553 708 0 44 8
a 553 919 0 46 2
a 553 217 0 17 6
a 553 351 0 24 5
a 557 515 0 44 5
a 557 678 0 5 5
a 557 241 0 8 6
a 557 59 0 11 3
a 557 397 0 47 3
a 557 859 0 8 5
a 561 953 0 44 9
a 561 687 0 27 9
a 561 401 0 29 7
a 561 362 0 32 2
a 563 49 0 44 7
a 563 348 0 34 1
a 563 792 0 47 7
a 563 650 0 33 2
a 563 753 0 23 8
a 563 412 0 36 4
a 564 108 0 44 8
a 564 238 0 21 8
a 570 671 0 44 4
a 570 975 0 10 6
a 572 775 0 44 8
a 572 977 0 22 4
a 575 687 0 44 7
a 575 370 0 34 2
a 575 82 0 16 7
a 577 125 0 44 9
a 577 537 0 32 3
a 578 922 0 44 5
a 578 329 0 0 7
a 578 662 0 20 9
a 578 584 0 33 10
a 579 840 0 44 3
a 579 964 0 15 10
a 579 768 0 46 10
a 579 61 0 27 4
a 581 478 0 44 9
a 581 508 0 12 4
a 581 623 0 40 7
a 581 752 0 5 9
a 585 59 0 44 6
a 585 953 0 43 5
a 585 982 0 20 1
a 586 609 0 44 3
a 586 48 0 46 6
a 586 472 0 15 6
a 586 793 0 43 4
a 590 187 0 44 9
a 590 58 0 29 9
a 590 291 0 6 1
a 591 608 0 44 3
a 591 756 0 48 2
a 591 318 0 0 8
a 591 136 0 42 3
a 591 320 0 37 1
a 591 227 0 28 8
a 597 773 0 44 3
a 597 551 0 17 1
a 597 150 0 32 6
a 598 946 0 44 6
a 598 689 0 13 4
a 598 72 0 39 9
a 598 907 0 33 2
a 599 276 0 44 3
a 599 933 0 47 5
a 599 965 0 22 2
a 599 36 0 44 9
a 599 113 0 17 3
a 600 695 0 44 6
a 600 272 0 6 6
a 600 10 0 16 9
a 600 697 0 3 7
a 600 922 0 30 7
a 601 763 0 44 1
a 601 713 0 19 8
a 601 507 0 11 3
a 601 386 0 44 3
a 603 212 0 44 3
a 603 799 0 35 6
a 603 499 0 19 8
a 603 313 0 32 6
a 603 810 0 43 5
a 603 342 0 35 4
a 604 658 0 44 8
a 604 946 0 37 5
a 604 832 0 8 5
a 608 690 0 44 7
a 608 439 0 47 9
a 608 749 0 38 3
a 608 175 0 34 4
a 609 969 0 44 8
a 609 518 0 7 7
a 609 716 0 48 5
a 609 450 0 25 7
a 609 256 0 32 6
a 609 292 0 48 4
a 610 667 0 44 1
a 610 64 0 21 6
a 610 19 0 5 6
a 610 368 0 30 10
a 610 985 0 17 9
a 610 561 0 13 4
a 611 415 0 44 2
a 611 623 0 36 6
a 611 688 0 13 1
a 611 102 0 5 2
a 612 51 0 44 8
a 612 177 0 9 3
a 612 86 0 5 3
a 614 789 0 44 9
a 614 127 0 42 2
a 614 624 0 14 7
a 615 978 0 44 4
a 615 885 0 18 9
a 617 783 0 44 1
a 617 860 0 27 7
a 617 265 0 47 4
a 617 23 0 3 8
a 617 972 0 50 4
a 617 626 0 42 6
a 620 70 0 44 7
a 620 291 0 1 9
a 620 707 0 13 5
a 620 231 0 48 5
a 620 176 0 6 8
a 621 255 0 44 8
a 621 307 0 41 4
a 621 234 0 22 5
a 623 974 0 44 7
a 623 190 0 45 3
a 623 199 0 41 9
a 623 57 0 46 9
a 623 186 0 28 2
a 626 220 0 44 4
a 626 881 0 45 6
a 626 882 0 28 4
a 626 889 0 38 7
a 629 482 0 44 1
a 629 168 0 17 10
a 629 443 0 6 9
a 629 247 0 41 4
a 629 251 0 42 3
a 630 663 0 44 5
a 630 8 0 42 2
a 630 453 0 22 1
a 632 21 0 44 9
a 632 745 0 19 10
a 632 166 0 39 5
a 633 101 0 44 5
a 633 831 0 7 4
a 633 32 0 20 10
a 633 857 0 6 8
a 633 321 0 6 7
a 634 468 0 44 5
a 634 88 0 24 5
a 639 28 0 44 2
a 639 878 0 47 8
a 641 615 0 44 3
a 641 337 0 50 2
a 642 892 0 44 1
a 642 474 0 37 1
a 642 712 0 39 1
a 642 899 0 41 3
a 642 596 0 34 5
a 642 61 0 29 2
a 643 579 0 44 8
a 643 530 0 31 2
a 645 603 0 44 8
a 645 127 0 45 10
a 645 553 0 32 9
a 645 991 0 21 2
a 645 798 0 3 6
a 645 597 0 33 2
a 649 676 0 44 1
a 649 487 0 5 3
a 649 643 0 8 4
a 649 121 0 40 10
a 649 550 0 0 9
a 650 643 0 44 2
a 650 452 0 9 10
a 650 998 0 33 4
a 653 44 0 44 9
a 653 101 0 14 8
a 653 644 0 49 7
a 653 544 0 14 4
a 653 856 0 50 9
a 653 415 0 32 10
a 654 307 0 44 9
a 654 250 0 17 2
a 654 969 0 17 4
a 655 502 0 44 9
a 655 665 0 22 1
a 655 813 0 19 6
a 655 281 0 26 7
a 655 752 0 24 8
a 655 65 0 2 7
a 656 98 0 44 10
a 656 279 0 48 9
a 656 396 0 34 1
a 658 129 0 44 5
a 658 594 0 12 1
a 658 53 0 38 4
a 658 383 0 32 9
a 658 606 0 36 7
a 658 157 0 50 2
a 659 531 0 44 7
a 659 488 0 39 6
a 659 196 0 10 8
a 659 34 0 23 9
a 659 108 0 14 2
a 659 898 0 47 9
a 663 10 0 44 2
a 663 810 0 39 8
a 663 515 0 0 3
a 665 93 0 44 4
a 665 910 0 23 1
a 665 391 0 15 8
a 665 11 0 25 1
a 667 299 0 44 5
a 667 719 0 29 9
a 667 680 0 30 6
a 671 274 0 44 5
a 671 906 0 1 9
a 672 139 0 44 4
a 672 756 0 4 3
a 674 826 0 44 8
a 674 720 0 15 8
a 676 104 0 44 2
a 676 811 0 5 3
a 676 207 0 3 6
a 676 682 0 28 10
a 676 22 0 1 1
a 676 118 0 15 7
a 677 438 0 44 1
a 677 716 0 17 4
a 677 271 0 1 2
a 677 203 0 13 1
a 677 25 0 5 1
a 677 171 0 1 6
a 678 77 0 44 10
a 678 824 0 3 4
a 678 622 0 1 10
a 678 870 0 13 5
a 682 277 0 44 4
a 682 223 0 5 4
a 682 19 0 6 5
a 685 857 0 44 9
a 685 793 0 37 10
a 685 226 0 9 1
a 685 478 0 45 10
a 687 823 0 44 3
a 687 63 0 35 1
a 687 670 0 21 7
a 687 654 0 1 5
a 687 246 0 36 1
a 687 789 0 1 5
a 690 347 0 44 8
a 690 637 0 41 9
a 690 171 0 21 4
a 690 304 0 24 6
a 690 433 0 40 10
a 692 979 0 44 5
a 692 470 0 30 8
a 692 99 0 29 3
a 692 970 0 46 7
a 695 540 0 44 6
a 695 966 0 22 8
a 695 188 0 40 4
a 695 634 0 39 1
a 700 821 0 44 7
a 700 134 0 48 6
a 700 760 0 14 5
a 704 765 0 44 3
a 704 464 0 25 7
a 704 10 0 18 5
a 704 337 0 43 7
a 706 557 0 44 2
a 706 947 0 36 10
a 707 419 0 44 2
a 707 587 0 26 7
a 707 913 0 39 8
a 707 279 0 28 9
a 707 345 0 17 4
a 707 264 0 8 2
a 709 326 0 44 5
a 709 783 0 17 8
a 709 567 0 0 10
a 709 612 0 12 10
a 709 45 0 15 1
a 709 191 0 48 8
a 711 127 0 44 1
a 711 315 0 35 9
a 711 969 0 50 5
a 711 810 0 38 8
a 711 388 0 44 5
a 711 745 0 11 7
a 712 641 0 44 10
a 712 322 0 9 6
a 713 381 0 44 3
a 713 384 0 24 2
a 713 865 0 25 3
a 713 738 0 4 5
a 713 358 0 50 6
a 714 493 0 44 7
a 714 361 0 11 4
a 714 110 0 39 5
a 716 147 0 44 6
a 716 180 0 11 7
a 716 564 0 9 7
a 716 203 0 4 8
a 716 860 0 10 2
a 718 755 0 44 10
a 718 943 0 26 2
a 718 166 0 39 6
a 718 129 0 19 8
a 721 965 0 44 3
a 721 251 0 33 8
a 721 223 0 2 6
a 721 396 0 23 9
a 721 260 0 48 2
a 723 81 0 44 6
a 723 349 0 0 9
a 723 289 0 36 2
a 723 817 0 16 1
a 723 644 0 15 1
a 724 639 0 44 8
a 724 349 0 21 10
a 724 59 0 34 4
a 725 791 0 44 4
a 725 595 0 6 10
a 725 602 0 20 8
a 725 918 0 21 6
a 725 571 0 23 10
a 725 56 0 42 7
a 726 523 0 44 9
a 726 499 0 5 5
a 726 471 0 29 7
a 726 278 0 23 4
a 726 142 0 39 9
a 726 372 0 36 5
a 728 458 0 44 2
a 728 663 0 43 1
a 728 118 0 28 2
a 728 780 0 10 4
a 728 157 0 18 2
a 728 606 0 2 8
a 730 726 0 44 9
a 730 256 0 31 4
a 730 185 0 33 4
a 730 14 0 42 1
a 733 194 0 44 4
a 733 252 0 46 10
a 733 90 0 50 5
a 733 575 0 19 2
a 733 541 0 9 6
a 737 374 0 44 8
a 737 139 0 50 3
a 737 153 0 34 6
a 737 520 0 49 7
a 737 122 0 17 6
a 737 728 0 47 8
a 739 757 0 44 10
a 739 4 0 19 1
a 739 329 0 50 5
a 740 599 0 44 2
a 740 461 0 4 7
a 740 209 0 29 5
a 740 798 0 44 8
a 740 567 0 34 7
a 740 595 0 3 3
a 745 856 0 44 3
a 745 780 0 17 4
a 745 879 0 26 5
a 745 570 0 14 6
a 745 39 0 16 2
a 745 35 0 18 5
a 746 315 0 44 5
a 746 941 0 31 9
a 746 36 0 24 5
a 746 807 0 2 6
a 746 889 0 5 9
a 747 449 0 44 6
a 747 118 0 35 9
a 747 539 0 11 2
a 747 778 0 50 1
a 754 414 0 44 9
a 754 405 0 19 10
a 754 911 0 26 3
a 755 85 0 44 1
a 755 983 0 27 10
a 755 451 0 1 6
a 755 269 0 16 10
a 755 765 0 27 10
a 755 330 0 13 8
a 757 712 0 44 7
a 757 468 0 35 6
a 759 855 0 44 6
a 759 36 0 27 9
a 761 951 0 44 8
a 761 338 0 9 5
a 761 265 0 36 2
a 761 614 0 41 7
a 761 793 0 46 6
a 761 226 0 43 3
a 762 617 0 44 1
a 762 426 0 49 3
a 762 93 0 47 2
a 763 34 0 44 7
a 763 269 0 3 2
a 763 131 0 4 9
a 763 909 0 45 5
a 763 588 0 17 7
a 763 220 0 50 1
a 764 570 0 44 1
a 764 227 0 7 2
a 765 782 0 44 8
a 765 773 0 25 4
a 765 109 0 5 6
a 765 955 0 10 4
a 765 291 0 4 10
a 765 701 0 39 2
a 766 363 0 44 2
a 766 137 0 14 6
a 767 829 0 44 2
a 767 755 0 5 8
a 767 354 0 24 5
a 767 149 0 45 9
a 767 163 0 13 10
a 767 707 0 48 6
a 769 810 0 44 8
a 769 389 0 49 9
a 769 947 0 4 1
a 773 318 0 44 7
a 773 620 0 32 8
a 773 970 0 43 4
a 773 905 0 19 7
a 775 989 0 44 2
a 775 132 0 37 1
a 775 413 0 22 4
a 775 593 0 50 6
a 776 800 0 44 10
a 776 680 0 49 2
a 776 488 0 12 2
a 776 645 0 22 8
a 776 784 0 14 6
a 777 766 0 44 6
a 777 921 0 0 6
a 777 207 0 25 1
a 777 809 0 48 1
a 777 250 0 36 1
a 780 84 0 44 10
a 780 266 0 26 7
a 780 373 0 48 1
a 780 139 0 19 3
a 780 757 0 43 10
a 781 190 0 44 7
a 781 549 0 9 2
a 781 432 0 27 1
a 781 491 0 14 2
a 781 807 0 28 2
a 781 411 0 30 9
a 782 477 0 44 8
a 782 524 0 11 6
a 782 453 0 48 10
a 783 610 0 44 1
a 783 372 0 42 5
a 783 406 0 10 8
a 783 994 0 28 3
a 784 601 0 44 10
a 784 715 0 2 5
a 784 805 0 25 1
a 784 179 0 20 1
a 784 917 0 10 8
a 784 883 0 39 2
a 787 972 0 44 3
a 787 959 0 30 8
a 787 348 0 9 2
a 787 182 0 28 2
a 788 623 0 44 9
a 788 31 0 14 5
a 789 535 0 44 6
a 789 252 0 13 5
a 789 359 0 19 3
a 790 721 0 44 2
a 790 859 0 7 1
a 790 291 0 31 7
a 790 975 0 26 2
a 790 570 0 23 6
a 791 497 0 44 7
a 791 751 0 12 2
a 791 448 0 26 3
a 791 474 0 31 5
a 792 500 0 44 7
a 792 307 0 27 2
a 793 875 0 44 9
a 793 254 0 46 1
a 794 17 0 44 9
a 794 956 0 3 9
a 794 604 0 8 4
a 794 47 0 11 9
a 794 227 0 8 7
a 794 172 0 31 4
a 795 630 0 44 1
a 795 191 0 21 9
a 795 726 0 27 1
a 795 323 0 38 5
a 795 550 0 47 1
a 795 21 0 20 6
a 797 457 0 44 8
a 797 240 0 37 2
a 797 290 0 14 4
a 800 30 0 44 9
a 800 219 0 2 10
a 801 955 0 44 1
a 801 935 0 31 2
a 801 954 0 9 2
a 801 849 0 12 1
a 801 458 0 21 3
a 804 18 0 44 9
a 804 135 0 31 8
a 804 118 0 21 10
a 805 138 0 44 6
a 805 596 0 7 4
a 807 481 0 44 1
a 807 166 0 26 10
a 807 80 0 27 8
a 810 548 0 44 9
a 810 286 0 49 1
a 810 630 0 1 9
a 810 584 0 28 10
a 810 410 0 23 8
a 810 823 0 36 7
a 811 739 0 44 8
a 811 410 0 18 1
a 811 876 0 40 2
a 813 296 0 44 10
a 813 27 0 30 2
a 813 697 0 13 5
a 817 360 0 44 1
a 817 229 0 35 4
a 818 634 0 44 7
a 818 750 0 47 10
a 818 30 0 7 2
a 818 403 0 19 8
a 818 111 0 22 8
a 819 246 0 44 9
a 819 182 0 19 8
a 819 562 0 26 6
a 821 901 0 44 10
a 821 887 0 26 3
a 823 819 0 44 5
a 823 81 0 25 3
a 823 320 0 2 3
a 823 246 0 15 9
a 825 367 0 44 5
a 825 610 0 3 9
a 825 201 0 45 1
a 825 762 0 27 5
a 826 700 0 44 5
a 826 362 0 35 1
a 826 366 0 31 10
a 826 963 0 46 2
a 826 66 0 27 4
a 826 793 0 25 10
a 828 642 0 44 2
a 828 164 0 3 10
a 829 590 0 44 7
a 829 855 0 28 1
a 831 499 0 44 8
a 831 893 0 8 6
a 831 450 0 46 7
a 832 838 0 44 6
a 832 793 0 14 5
a 835 581 0 44 1
a 835 313 0 29 9
a 838 498 0 44 7
a 838 273 0 33 10
a 838 944 0 33 10
a 838 460 0 45 9
a 838 34 0 39 4
a 840 787 0 44 9
a 840 233 0 3 7
a 840 318 0 29 8
a 841 941 0 44 10
a 841 598 0 45 10
a 841 713 0 49 3
a 841 990 0 22 3
a 841 400 0 0 8
a 842 867 0 44 6
a 842 456 0 20 5
a 842 358 0 34 10
a 842 741 0 37 7
a 843 142 0 44 8
a 843 299 0 45 3
a 843 503 0 5 1
a 843 144 0 20 2
a 843 155 0 23 4
a 843 967 0 30 4
a 846 283 0 44 1
a 846 720 0 48 4
a 846 885 0 14 1
a 846 792 0 31 7
a 846 305 0 2 1
a 846 219 0 3 2
a 847 912 0 44 7
a 847 869 0 40 8
a 847 452 0 11 7
a 847 335 0 46 9
a 847 543 0 1 5
a 850 604 0 44 10
a 850 596 0 13 6
a 853 807 0 44 4
a 853 792 0 40 8
a 853 431 0 39 8
a 855 358 0 44 9
a 855 751 0 47 5
a 855 947 0 48 5
a 855 396 0 14 7
a 856 906 0 44 7
a 856 316 0 4 2
a 856 638 0 40 10
a 856 363 0 17 8
a 856 789 0 31 2
a 856 305 0 39 6
a 857 23 0 44 2
a 857 468 0 29 7
a 867 271 0 44 4
a 867 163 0 29 6
a 867 997 0 31 1
a 867 689 0 24 1
a 867 810 0 27 5
a 869 430 0 44 2
a 869 778 0 34 1
a 869 271 0 14 1
a 869 538 0 10 5
a 872 349 0 44 4
a 872 477 0 32 3
a 872 332 0 1 9
a 872 915 0 44 9
a 872 746 0 8 9
a 874 655 0 44 6
a 874 342 0 22 6
a 875 376 0 44 9
a 875 311 0 34 7
a 875 933 0 24 2
a 875 268 0 25 7
a 875 617 0 15 7
a 877 528 0 44 5
a 877 406 0 36 1
a 877 510 0 36 8
a 877 940 0 24 5
a 882 167 0 44 2
a 882 967 0 16 8
a 882 380 0 29 9
a 882 221 0 23 8
a 882 457 0 26 2
a 884 561 0 44 5
a 884 470 0 16 10
a 886 598 0 44 8
a 886 431 0 18 3
a 886 308 0 29 9
a 886 711 0 34 3
a 886 970 0 10 4
a 890 934 0 44 4
a 890 372 0 50 8
a 890 264 0 5 5
a 890 213 0 35 5
a 890 476 0 45 9
a 890 31 0 0 2
a 892 672 0 44 5
a 892 260 0 33 2
a 892 101 0 12 3
a 892 254 0 19 1
a 892 63 0 35 2
a 895 769 0 44 10
a 895 242 0 50 3
a 895 273 0 2 9
a 895 509 0 4 1
a 895 125 0 39 10
a 896 706 0 44 4
a 896 891 0 43 9
a 896 243 0 39 7
a 897 677 0 44 8
a 897 165 0 3 2
a 897 891 0 18 4
a 897 719 0 15 8
a 899 426 0 44 6
a 899 480 0 21 7
a 899 461 0 0 7
a 899 451 0 26 5
a 899 704 0 25 6
a 899 296 0 16 3
a 900 132 0 44 1
a 900 667 0 17 8
a 900 822 0 43 3
a 900 648 0 33 3
a 901 233 0 44 4
a 901 588 0 7 8
a 901 273 0 45 9
a 901 785 0 30 8
a 902 53 0 44 5
a 902 471 0 42 7
a 904 92 0 44 8
a 904 868 0 31 5
a 904 155 0 25 9
a 904 490 0 39 6
a 904 356 0 16 3
a 904 88 0 29 5
a 905 929 0 44 5
a 905 995 0 47 1
a 905 231 0 47 2
a 905 560 0 7 7
a 905 457 0 21 3
a 906 532 0 44 2
a 906 544 0 1 6
a 907 180 0 44 8
a 907 764 0 23 4
a 907 944 0 39 5
a 907 613 0 9 2
a 907 810 0 31 2
a 909 718 0 44 2
a 909 198 0 39 1
a 910 172 0 44 7
a 910 313 0 30 5
a 910 917 0 8 1
a 912 106 0 44 3
a 912 40 0 0 8
a 912 194 0 40 9
a 912 701 0 4 5
a 914 730 0 44 7
a 914 280 0 20 7
a 914 540 0 18 8
a 914 575 0 33 8
a 915 850 0 44 9
a 915 468 0 28 9
a 915 482 0 15 6
a 915 16 0 21 5
a 915 906 0 36 6
a 916 597 0 44 5
a 916 399 0 5 4
a 916 256 0 4 5
a 916 36 0 32 10
a 916 658 0 34 5
a 916 622 0 44 4
a 917 452 0 44 8
a 917 290 0 32 4
a 917 815 0 46 6
a 917 669 0 8 10
a 917 111 0 38 2
a 920 160 0 44 3
a 920 542 0 0 2
a 920 785 0 24 8
a 920 702 0 47 7
a 920 682 0 43 10
a 921 805 0 44 1
a 921 518 0 37 2
a 921 593 0 18 5
a 922 905 0 44 1
a 922 185 0 49 8
a 922 31 0 30 5
a 922 713 0 41 6
a 926 451 0 44 1
a 926 548 0 29 8
a 926 686 0 15 10
a 929 737 0 44 6
a 929 914 0 2 3
a 929 288 0 15 8
a 929 950 0 44 2
a 932 261 0 44 10
a 932 391 0 13 3
a 932 437 0 2 2
a 932 5 0 10 5
a 934 407 0 44 2
a 934 247 0 28 5
a 934 329 0 34 6
a 934 710 0 24 3
a 934 158 0 45 3
a 938 600 0 44 9
a 938 823 0 46 4
a 938 17 0 8 7
a 938 596 0 9 1
a 941 183 0 44 6
a 941 674 0 16 2
a 941 927 0 21 8
a 941 858 0 6 7
a 941 131 0 17 10
a 941 532 0 40 1
a 943 126 0 44 2
a 943 9 0 29 5
a 943 406 0 1 8
a 943 649 0 0 9
a 943 240 0 15 4
a 944 947 0 44 2
a 944 120 0 40 8
a 944 933 0 21 4
a 944 522 0 39 5
a 944 113 0 36 3
a 944 749 0 8 2
a 946 128 0 44 2
a 946 255 0 11 3
a 946 245 0 10 5
a 946 548 0 47 10
a 947 164 0 44 5
a 947 129 0 5 3
a 949 71 0 44 2
a 949 884 0 0 8
a 951 270 0 44 8
a 951 55 0 9 1
a 951 933 0 12 7
a 953 611 0 44 9
a 953 945 0 18 3
a 955 521 0 44 2
a 955 200 0 30 9
a 955 79 0 18 8
a 955 934 0 26 6
a 956 342 0 44 8
a 956 639 0 25 7
a 956 602 0 43 10
a 956 678 0 8 2
a 956 857 0 33 6
a 960 975 0 44 4
a 960 800 0 10 10
a 960 628 0 19 5
a 965 281 0 44 10
a 965 514 0 33 1
a 965 587 0 2 8
a 965 515 0 23 2
a 966 872 0 44 8
a 966 240 0 28 1
a 966 563 0 12 5
a 966 442 0 39 8
a 966 197 0 2 5
a 966 299 0 30 9
a 967 368 0 44 10
a 967 449 0 38 1
a 967 732 0 30 2
a 967 98 0 39 3
a 969 69 0 44 4
a 969 266 0 45 9
a 969 631 0 40 10
a 969 823 0 7 2
a 969 815 0 16 7
a 972 621 0 44 3
a 972 477 0 10 10
a 972 993 0 5 9
a 974 612 0 44 8
a 974 860 0 23 8
a 975 64 0 44 6
a 975 665 0 46 4
a 975 422 0 49 7
a 978 480 0 44 10
a 978 532 0 25 3
a 978 143 0 28 6
a 978 507 0 24 8
a 979 405 0 44 2
a 979 418 0 43 7
a 979 98 0 14 3
a 979 669 0 1 10
a 985 725 0 44 5
a 985 993 0 10 2
a 985 443 0 32 10
a 985 880 0 36 8
a 986 140 0 44 3
a 986 457 0 48 8
a 986 174 0 25 4
a 986 563 0 0 7
a 986 707 0 18 6
a 986 113 0 2 6
a 987 825 0 44 6
a 987 949 0 15 8
a 987 466 0 34 6
a 987 109 0 12 7
a 988 767 0 44 3
a 988 918 0 37 2
a 988 902 0 26 10
a 988 471 0 8 6
a 988 237 0 40 2
a 989 835 0 44 7
a 989 405 0 27 9
a 989 30 0 32 1
a 989 549 0 45 9
a 989 663 0 47 8
a 991 111 0 44 4
a 991 173 0 11 10
a 991 9 0 16 4
a 991 784 0 25 3
a 2 203 0 6 8
a 2 410 0 3 8
a 2 255 0 10 2
a 2 647 0 22 6
a 3 592 0 6 6
a 3 296 0 30 5
a 3 597 0 4 7
a 3 921 0 35 4
a 4 159 0 6 4
a 4 484 0 42 5
a 4 579 0 44 6
a 5 377 0 6 6
a 5 25 0 46 2
a 5 384 0 27 4
a 5 493 0 4 1
a 5 505 0 1 10
a 5 74 0 27 5
a 8 785 0 6 3
a 8 84 0 12 1
a 13 705 0 6 9
a 13 365 0 11 10
a 14 379 0 6 7
a 14 390 0 44 6
a 14 657 0 5 3
a 14 134 0 13 7
a 15 605 0 6 10
a 15 754 0 16 1
a 15 631 0 27 3
a 16 489 0 6 7
a 16 333 0 43 1
a 16 723 0 21 8
a 16 575 0 26 9
a 16 365 0 14 6
a 16 870 0 25 10
a 20 803 0 6 8
a 20 996 0 0 1
a 20 912 0 40 6
a 25 120 0 6 4
a 25 256 0 25 3
a 25 621 0 42 5
a 25 544 0 8 4
a 26 501 0 6 3
a 26 842 0 16 6
a 26 19 0 4 9
a 26 474 0 40 5
a 26 325 0 24 9
a 26 757 0 46 3
a 29 48 0 6 6
a 29 783 0 15 7
a 29 388 0 12 8
a 29 95 0 13 5
a 29 729 0 12 3
a 32 596 0 6 8
a 32 233 0 37 10
a 32 271 0 19 5
a 32 446 0 11 2
a 32 520 0 9 7
a 32 910 0 7 6
a 35 266 0 6 1
a 35 997 0 31 10
a 37 119 0 6 5
a 37 577 0 20 6
a 37 438 0 9 6
a 40 472 0 6 8
a 40 754 0 7 3
a 40 951 0 0 7
a 40 716 0 20 6
a 40 731 0 39 1
a 40 715 0 36 3
a 41 942 0 6 8
a 41 389 0 10 1
a 42 79 0 6 7
a 42 52 0 1 4
a 42 738 0 36 5
a 42 74 0 45 4
a 43 743 0 6 2
a 43 820 0 42 4
a 43 90 0 32 4
a 43 758 0 14 3
a 45 247 0 6 8
a 45 678 0 26 5
a 45 369 0 26 4
a 45 920 0 50 1
a 45 854 0 19 8
a 46 948 0 6 3
a 46 730 0 29 2
a 46 565 0 4 1
a 48 298 0 6 7
a 48 290 0 7 6
a 48 536 0 28 2
a 48 234 0 8 10
a 48 847 0 27 9
a 48 83 0 18 8
a 50 313 0 6 1
a 50 13 0 33 2
a 50 480 0 5 1
a 50 9 0 28 7
a 52 355 0 6 3
a 52 657 0 50 3
a 52 872 0 25 4
a 52 246 0 40 4
a 52 341 0 32 8
a 52 457 0 27 9
a 54 774 0 6 4
a 54 571 0 3 4
a 54 224 0 1 4
a 54 697 0 25 10
a 54 48 0 8 1
a 56 67 0 6 9
a 56 68 0 8 4
a 56 979 0 40 7
a 56 976 0 18 10
a 56 901 0 28 9
a 56 145 0 44 7
a 57 331 0 6 8
a 57 684 0 31 2
a 57 172 0 1 1
a 57 371 0 5 8
a 57 696 0 41 9
a 57 46 0 9 5
a 58 931 0 6 7
a 58 284 0 27 3
a 58 943 0 49 7
a 58 7 0 30 5
a 58 439 0 10 1
a 60 431 0 6 3
a 60 707 0 11 7
a 60 734 0 21 10
a 60 737 0 38 1
a 60 53 0 5 4
a 61 576 0 6 4
a 61 590 0 31 10
a 62 475 0 6 7
a 62 522 0 22 9
a 62 625 0 17 1
a 62 65 0 16 9
a 62 469 0 18 4
a 62 587 0 44 7
a 63 434 0 6 2
a 63 79 0 5 6
a 63 364 0 32 2
a 63 516 0 49 1
a 67 476 0 6 4
a 67 177 0 33 10
a 67 95 0 14 8
a 67 303 0 23 2
a 67 726 0 39 9
a 72 262 0 6 9
a 72 270 0 29 2
a 75 657 0 6 8
a 75 896 0 9 6
a 75 246 0 37 10
a 75 290 0 49 4
a 75 267 0 34 9
a 76 881 0 6 2
a 76 442 0 13 6
a 76 132 0 48 2
a 76 70 0 21 2
a 76 527 0 30 6
a 76 281 0 17 6
a 79 424 0 6 3
a 79 329 0 27 1
a 79 393 0 23 3
a 79 599 0 15 3
a 80 196 0 6 5
a 80 67 0 22 7
a 80 501 0 28 3
a 80 843 0 38 8
a 83 466 0 6 7
a 83 40 0 6 10
a 83 224 0 49 6
a 83 547 0 13 9
a 83 527 0 2 9
a 83 986 0 46 3
a 86 437 0 6 5
a 86 529 0 3 1
a 86 219 0 12 10
a 86 626 0 35 7
a 87 89 0 6 3
a 87 173 0 42 1
a 87 108 0 0 8
a 89 486 0 6 4
a 89 74 0 35 1
a 89 480 0 15 6
a 89 337 0 14 1
a 89 930 0 9 6
a 89 979 0 22 1
a 90 696 0 6 1
a 90 926 0 20 1
a 90 580 0 17 8
a 94 861 0 6 9
a 94 345 0 35 4
a 94 772 0 17 9
a 94 618 0 41 6
a 94 997 0 7 5
a 96 403 0 6 8
a 96 316 0 40 1
a 96 547 0 39 3
a 96 115 0 47 1
a 97 583 0 6 1
a 97 711 0 28 6
a 97 861 0 43 5
a 97 764 0 0 7
a 97 385 0 30 7
a 97 510 0 45 10
a 100 290 0 6 1
a 100 855 0 12 4
a 100 14 0 2 8
a 100 346 0 50 2
a 100 444 0 45 1
a 102 341 0 6 1
a 102 891 0 0 10
a 105 503 0 6 4
a 105 931 0 5 5
a 105 74 0 10 2
a 105 458 0 44 4
a 105 649 0 38 2
a 109 144 0 6 3
a 109 233 0 11 4
a 109 568 0 3 9
a 112 97 0 6 2
a 112 459 0 13 7
a 112 964 0 1 2
a 112 336 0 23 10
a 113 391 0 6 3
a 113 93 0 12 1
a 114 161 0 6 3
a 114 135 0 16 8
a 114 893 0 15 6
a 114 962 0 18 8
a 114 1000 0 16 4
a 115 996 0 6 4
a 115 621 0 5 9
a 115 74 0 33 9
a 115 85 0 4 2
a 116 854 0 6 4
a 116 550 0 40 5
a 116 885 0 24 2
a 117 669 0 6 9
a 117 600 0 30 9
a 117 96 0 7 5
a 117 126 0 33 2
a 117 998 0 11 5
a 117 253 0 49 1
a 118 58 0 6 8
a 118 862 0 1 10
a 118 405 0 3 4
a 118 444 0 12 9
a 119 86 0 6 5
a 119 329 0 2 8
a 119 579 0 50 2
a 119 529 0 37 6
a 119 845 0 29 3
a 119 964 0 0 9
a 120 215 0 6 7
a 120 614 0 42 7
a 121 738 0 6 7
a 121 844 0 24 4
a 121 486 0 38 3
a 121 849 0 5 3
a 121 212 0 46 6
a 121 20 0 2 1
a 122 162 0 6 9
a 122 833 0 40 10
a 122 824 0 20 8
a 123 952 0 6 4
a 123 920 0 2 1
a 123 404 0 1 5
a 123 499 0 8 10
a 123 992 0 31 7
a 123 910 0 39 6
a 124 317 0 6 4
a 124 683 0 4 5
a 124 702 0 22 6
a 124 316 0 37 2
a 130 560 0 6 6
a 130 170 0 9 4
a 134 903 0 6 10
a 134 993 0 26 9
a 134 842 0 18 5
a 134 7 0 35 9
a 134 80 0 26 10
a 136 487 0 6 9
a 136 484 0 12 6
a 136 381 0 5 8
a 136 573 0 25 1
a 136 278 0 0 6
a 137 679 0 6 3
a 137 279 0 18 9
a 141 518 0 6 4
a 141 695 0 16 1
a 141 345 0 13 3
a 144 224 0 6 4
a 144 846 0 22 9
a 144 404 0 15 3
a 144 672 0 5 5
a 146 908 0 6 7
a 146 914 0 26 10
a 146 511 0 40 1
a 146 71 0 10 1
a 146 885 0 29 4
a 146 566 0 31 5
a 148 555 0 6 7
a 148 275 0 21 4
a 148 346 0 21 6
a 148 10 0 7 6
a 151 310 0 6 10
a 151 168 0 27 8
a 151 17 0 14 3
a 154 964 0 6 3
a 154 423 0 50 7
a 154 874 0 31 7
a 156 957 0 6 9
a 156 920 0 42 7
a 156 615 0 10 9
a 156 154 0 46 10
a 156 509 0 40 10
a 156 153 0 11 3
a 159 273 0 6 10
a 159 112 0 8 2
a 159 534 0 1 5
a 159 281 0 34 3
a 159 175 0 37 5
a 161 708 0 6 7
a 161 62 0 4 6
a 161 548 0 4 7
a 161 169 0 2 4
a 161 853 0 29 1
a 162 554 0 6 5
a 162 961 0 48 4
a 163 238 0 6 4
a 163 480 0 38 7
a 163 743 0 20 1
a 163 664 0 12 4
a 163 29 0 48 10
a 163 214 0 21 4
a 165 496 0 6 10
a 165 937 0 2 4
a 165 156 0 44 2
a 165 362 0 47 5
a 166 378 0 6 6
a 166 289 0 38 3
a 166 471 0 49 6
a 166 77 0 48 1
a 170 883 0 6 4
a 170 386 0 16 7
a 170 182 0 3 6
a 170 593 0 27 3
a 170 944 0 6 3
a 170 635 0 2 8
a 171 130 0 6 6
a 171 902 0 29 4
a 171 144 0 29 7
a 171 70 0 34 3
a 171 752 0 10 7
a 171 853 0 22 10
a 174 981 0 6 1
a 174 968 0 33 5
a 175 637 0 6 4
a 175 702 0 16 2
a 175 747 0 42 4
a 175 609 0 34 4
a 175 284 0 6 3
a 175 658 0 29 2
a 176 485 0 6 7
a 176 402 0 47 1
a 176 343 0 27 2
a 177 827 0 6 1
a 177 591 0 24 5
a 177 713 0 20 5
a 177 78 0 8 1
a 178 894 0 6 2
a 178 242 0 42 7
a 179 699 0 6 2
a 179 363 0 38 10
a 186 939 0 6 2
a 186 182 0 17 5
a 186 404 0 3 8
a 186 982 0 39 9
a 186 717 0 45 1
a 186 867 0 4 5
a 189 436 0 6 4
a 189 611 0 13 4
a 189 139 0 10 2
a 196 524 0 6 1
a 196 88 0 24 7
a 196 153 0 1 5
a 196 617 0 42 4
a 196 466 0 20 1
a 196 910 0 12 3
a 197 693 0 6 3
a 197 778 0 21 10
a 197 20 0 2 6
a 197 247 0 18 1
a 198 860 0 6 10
a 198 839 0 38 3
a 198 118 0 18 2
a 198 169 0 1 4
a 199 13 0 6 7
a 199 945 0 13 5
a 200 505 0 6 4
a 200 516 0 7 4
a 200 139 0 26 5
a 200 284 0 35 5
a 200 223 0 39 5
a 200 305 0 43 8
a 203 519 0 6 8
a 203 414 0 9 6
a 203 656 0 48 5
a 205 511 0 6 8
a 205 163 0 50 7
a 205 393 0 19 2
a 205 623 0 42 6
a 205 173 0 13 10
a 207 806 0 6 5
a 207 169 0 18 10
a 207 784 0 7 2
a 207 372 0 17 2
a 207 561 0 4 4
a 209 267 0 6 7
a 209 501 0 15 2
a 213 796 0 6 5
a 213 583 0 46 7
a 213 671 0 1 8
a 213 492 0 36 1
a 214 250 0 6 2
a 214 99 0 47 4
a 214 995 0 46 6
a 214 23 0 36 8
a 215 688 0 6 3
a 215 567 0 9 3
a 215 717 0 32 4
a 215 709 0 24 9
a 216 433 0 6 9
a 216 721 0 18 6
a 216 711 0 31 3
a 216 994 0 35 8
a 216 828 0 12 9
a 217 741 0 6 3
a 217 933 0 21 5
a 217 443 0 10 6
a 217 448 0 25 8
a 217 817 0 38 2
a 218 968 0 6 9
a 218 818 0 36 8
a 218 972 0 17 6
a 218 461 0 13 5
a 218 955 0 49 5
a 221 282 0 6 6
a 221 88 0 21 3
a 221 405 0 31 4
a 221 131 0 38 4
a 221 43 0 39 1
a 221 664 0 34 9
a 224 889 0 6 9
a 224 747 0 38 1
a 224 63 0 34 8
a 224 151 0 26 10
a 227 52 0 6 10
a 227 504 0 21 8
a 227 926 0 21 7
a 228 845 0 6 7
a 228 221 0 15 5
a 228 919 0 30 8
a 228 267 0 32 6
a 230 814 0 6 4
a 230 740 0 14 2
a 232 973 0 6 8
a 232 824 0 25 6
a 232 321 0 14 9
a 232 192 0 30 10
a 234 993 0 6 8
a 234 762 0 37 6
a 234 62 0 33 10
a 234 812 0 29 5
a 235 412 0 6 9
a 235 181 0 45 4
a 237 156 0 6 6
a 237 969 0 44 3
a 237 354 0 25 2
a 237 265 0 49 3
a 237 118 0 29 8
a 238 876 0 6 6
a 238 960 0 42 7
a 238 28 0 43 6
a 238 565 0 31 2
a 239 697 0 6 2
a 239 710 0 48 2
a 240 259 0 6 6
a 240 307 0 33 1
a 240 786 0 29 10
a 242 115 0 6 3
a 242 135 0 14 6
a 242 927 0 1 10
a 243 62 0 6 10
a 243 618 0 48 2
a 243 273 0 9 4
a 243 203 0 28 7
a 243 471 0 25 2
a 244 702 0 6 1
a 244 775 0 23 6
a 244 361 0 21 1
a 245 134 0 6 1
a 245 30 0 27 3
a 245 423 0 40 10
a 245 204 0 4 1
a 247 748 0 6 9
a 247 974 0 43 10
a 247 427 0 13 6
a 247 702 0 6 4
a 247 619 0 35 4
a 249 43 0 6 2
a 249 757 0 39 1
a 249 424 0 25 3
a 250 893 0 6 8
a 250 92 0 9 9
a 250 773 0 14 2
a 251 26 0 6 9
a 251 14 0 14 8
a 251 52 0 48 3
a 251 828 0 38 3
a 251 248 0 13 9
a 251 436 0 6 6
a 252 289 0 6 2
a 252 197 0 10 5
a 252 727 0 28 8
a 252 615 0 49 8
a 253 647 0 6 6
a 253 533 0 32 9
a 253 839 0 50 8
a 253 903 0 5 7
a 254 112 0 6 5
a 254 826 0 22 3
a 254 56 0 31 9
a 256 760 0 6 7
a 256 803 0 1 3
a 256 675 0 41 1
a 256 556 0 37 9
a 256 766 0 24 4
a 257 888 0 6 2
a 257 695 0 37 9
a 257 497 0 37 2
a 257 647 0 5 6
a 259 936 0 6 4
a 259 872 0 26 1
a 259 665 0 22 8
a 262 848 0 6 4
a 262 90 0 25 1
a 262 427 0 45 7
a 262 985 0 6 6
a 262 817 0 16 3
a 262 939 0 18 10
a 263 151 0 6 6
a 263 632 0 39 4
a 263 889 0 20 5
a 263 97 0 43 3
a 263 213 0 12 10
a 263 713 0 1 1
a 265 1000 0 6 5
a 265 257 0 26 5
a 266 388 0 6 10
a 266 38 0 32 2
a 266 938 0 42 8
a 267 778 0 6 9
a 267 543 0 34 6
a 268 736 0 6 7
a 268 410 0 28 10
a 268 210 0 35 7
a 268 264 0 30 7
a 269 844 0 6 9
a 269 225 0 5 7
a 272 878 0 6 9
a 272 843 0 50 5
a 273 447 0 6 9
a 273 434 0 1 4
a 278 750 0 6 6
a 278 651 0 43 1
a 278 448 0 4 1
a 278 814 0 50 8
a 279 459 0 6 5
a 279 812 0 31 1
a 279 886 0 30 6
a 279 61 0 40 3
a 279 693 0 18 7
a 279 389 0 7 1
a 282 199 0 6 1
a 282 864 0 14 2
a 282 3 0 11 8
a 282 137 0 11 4
a 282 819 0 32 5
a 284 329 0 6 6
a 284 374 0 23 1
a 285 628 0 6 1
a 285 59 0 14 2
a 285 227 0 36 5
a 285 820 0 37 9
a 287 510 0 6 6
a 287 347 0 44 2
a 287 378 0 10 6
a 289 963 0 6 8
a 289 700 0 32 4
a 289 986 0 30 8
a 289 881 0 25 5
a 289 991 0 6 4
a 290 635 0 6 2
a 290 800 0 12 2
a 290 154 0 35 3
a 290 857 0 24 3
a 290 998 0 33 9
a 290 38 0 15 10
a 291 96 0 6 4
a 291 484 0 33 2
a 291 145 0 7 10
a 292 29 0 6 1
a 292 570 0 13 6
a 292 259 0 23 4
a 292 915 0 43 6
a 292 714 0 28 1
a 292 316 0 18 2
a 294 254 0 6 1
a 294 930 0 8 8
a 297 75 0 6 3
a 297 15 0 49 3
a 298 314 0 6 3
a 298 748 0 32 9
a 298 867 0 46 1
a 301 257 0 6 5
a 301 940 0 34 2
a 301 501 0 49 10
a 301 344 0 14 2
a 301 616 0 11 6
a 302 463 0 6 3
a 302 665 0 37 4
a 303 983 0 6 5
a 303 42 0 10 1
a 303 849 0 46 2
a 303 805 0 4 9
a 304 396 0 6 2
a 304 672 0 12 2
a 306 994 0 6 9
a 306 536 0 14 6
a 306 433 0 34 3
a 306 670 0 24 5
a 309 336 0 6 1
a 309 932 0 32 10
a 309 255 0 49 9
a 310 670 0 6 8
a 310 708 0 9 10
a 312 809 0 6 10
a 312 930 0 39 8
a 313 504 0 6 3
a 313 940 0 45 1
a 313 63 0 31 4
a 313 711 0 14 9
a 313 3 0 30 9
a 313 884 0 10 8
a 314 234 0 6 3
a 314 719 0 13 9
a 314 484 0 38 1
a 316 520 0 6 7
a 316 420 0 34 6
a 316 155 0 37 2
a 316 190 0 42 5
a 316 641 0 50 10
a 317 440 0 6 4
a 317 100 0 4 6
a 317 199 0 14 1
a 317 193 0 21 9
a 319 386 0 6 7
a 319 589 0 21 10
a 319 892 0 44 3
a 319 834 0 21 3
a 319 577 0 43 8
a 319 368 0 1 2
a 320 425 0 6 9
a 320 918 0 43 3
a 320 829 0 9 4
a 320 568 0 6 8
a 320 799 0 21 3
a 325 849 0 6 8
a 325 190 0 33 5
a 327 401 0 6 4
a 327 757 0 10 1
a 327 339 0 19 1
a 327 680 0 11 3
a 328 962 0 6 4
a 328 742 0 0 10
a 328 382 0 34 7
a 328 291 0 30 8
a 329 165 0 6 10
a 329 825 0 19 10
a 329 228 0 37 4
a 329 4 0 9 9
a 330 357 0 6 6
a 330 753 0 8 5
a 330 518 0 13 1
a 330 337 0 16 6
a 330 547 0 5 10
a 330 283 0 8 1
a 331 471 0 6 8
a 331 47 0 47 3
a 331 992 0 36 3
a 332 56 0 6 8
a 332 142 0 22 1
a 332 166 0 21 8
a 332 17 0 14 8
a 332 981 0 39 2
a 332 928 0 10 5
a 335 982 0 6 7
a 335 890 0 36 3
a 335 907 0 43 5
a 335 207 0 46 1
a 335 1000 0 0 9
a 335 235 0 48 2
a 336 935 0 6 8
a 336 597 0 24 5
a 337 815 0 6 6
a 337 519 0 40 8
a 337 314 0 44 4
a 338 35 0 6 8
a 338 286 0 42 4
a 341 542 0 6 10
a 341 801 0 1 6
a 341 698 0 46 5
a 341 969 0 6 2
a 341 421 0 16 2
a 346 990 0 6 6
a 346 159 0 36 3
a 346 904 0 50 10
a 348 446 0 6 4
a 348 270 0 25 3
a 348 981 0 14 6
a 348 736 0 46 6
a 348 929 0 4 7
a 348 267 0 35 8
a 355 312 0 6 5
a 355 987 0 31 4
a 355 762 0 5 1
a 357 772 0 6 4
a 357 238 0 28 10
a 357 303 0 41 2
a 357 396 0 4 6
a 357 383 0 10 10
a 357 483 0 34 8
a 359 117 0 6 2
a 359 785 0 39 5
a 359 983 0 38 2
a 359 390 0 47 7
a 359 23 0 38 9
a 362 154 0 6 2
a 362 908 0 6 9
a 362 290 0 34 7
a 369 186 0 6 9
a 369 702 0 43 5
a 370 652 0 6 9
a 370 40 0 38 9
a 370 725 0 35 1
a 370 784 0 48 8
a 370 771 0 48 1
a 377 710 0 6 5
a 377 42 0 43 2
a 378 319 0 6 1
a 378 458 0 8 7
a 378 99 0 20 5
a 378 302 0 14 3
a 378 648 0 48 8
a 378 132 0 7 2
a 379 871 0 6 2
a 379 282 0 12 8
a 379 97 0 9 4
a 384 648 0 6 4
a 384 624 0 5 2
a 384 58 0 9 1
a 384 100 0 47 9
a 384 66 0 16 9
a 384 956 0 44 2
a 385 37 0 6 3
a 385 536 0 22 7
a 385 682 0 17 8
a 386 316 0 6 9
a 386 139 0 42 6
a 386 43 0 0 1
a 386 680 0 0 7
a 386 776 0 31 6
a 386 596 0 39 5
a 387 566 0 6 6
a 387 593 0 46 6
a 387 127 0 18 6
a 387 229 0 10 1
a 388 613 0 6 5
a 388 350 0 32 1
a 388 768 0 12 8
a 388 58 0 11 1
a 388 504 0 28 2
a 388 341 0 28 10
a 389 820 0 6 5
a 389 870 0 14 5
a 389 328 0 45 10
a 389 335 0 37 8
a 389 632 0 9 8
a 389 237 0 29 2
a 391 121 0 6 4
a 391 651 0 22 10
a 391 113 0 29 9
a 391 541 0 50 10
a 391 871 0 13 6
a 391 787 0 1 1
a 392 937 0 6 3
a 392 235 0 30 8
a 392 298 0 35 7
a 392 704 0 39 5
a 392 565 0 40 6
a 392 79 0 9 4
a 396 703 0 6 4
a 396 736 0 42 1
a 396 781 0 43 8
a 396 637 0 27 10
a 397 41 0 6 1
a 397 707 0 9 4
a 397 248 0 8 7
a 397 270 0 8 4
a 401 744 0 6 6
a 401 194 0 23 3
a 401 530 0 36 6
a 401 439 0 35 9
a 401 782 0 12 10
a 401 456 0 6 10
a 403 651 0 6 9
a 403 437 0 9 3
a 403 671 0 50 1
a 403 687 0 2 1
a 403 99 0 32 2
a 403 77 0 35 3
a 404 573 0 6 6
a 404 878 0 29 10
a 404 705 0 14 10
a 409 251 0 6 3
a 409 309 0 9 5
a 409 84 0 2 3
a 409 273 0 38 5
a 409 98 0 50 9
a 410 559 0 6 1
a 410 206 0 12 4
a 410 618 0 41 7
a 410 194 0 12 1
a 410 400 0 8 7
a 410 298 0 11 4
a 412 80 0 6 2
a 412 898 0 13 10
a 412 935 0 24 2
a 412 111 0 14 8
a 413 933 0 6 4
a 413 49 0 6 4
a 413 561 0 29 7
a 413 476 0 34 4
a 413 328 0 37 7
a 413 286 0 17 9
a 417 589 0 6 4
a 417 14 0 17 2
a 417 906 0 34 7
a 417 10 0 33 6
a 418 303 0 6 8
a 418 77 0 19 9
a 421 432 0 6 6
a 421 963 0 24 5
a 421 818 0 48 7
a 421 46 0 21 8
a 423 243 0 6 6
a 423 738 0 42 4
a 423 919 0 1 10
a 423 168 0 31 5
a 423 832 0 13 10
a 424 683 0 6 3
a 424 554 0 18 10
a 424 54 0 0 4
a 424 395 0 36 10
a 424 628 0 5 10
a 425 450 0 6 8
a 425 809 0 15 6
a 425 501 0 47 4
a 425 493 0 40 5
a 431 852 0 6 5
a 431 882 0 39 8
a 431 564 0 25 3
a 431 988 0 22 3
a 431 886 0 7 4
a 432 100 0 6 4
a 432 490 0 41 2
a 433 60 0 6 4
a 433 482 0 37 2
a 434 720 0 6 6
a 434 875 0 50 2
a 434 698 0 49 9
a 436 574 0 6 2
a 436 960 0 43 1
a 436 851 0 5 7
a 436 596 0 37 6
a 437 217 0 6 9
a 437 139 0 0 8
a 439 230 0 6 5
a 439 538 0 3 4
a 439 456 0 42 9
a 439 431 0 46 6
a 439 892 0 49 4
a 439 807 0 21 3
a 440 691 0 6 10
a 440 669 0 33 10
a 440 496 0 36 8
a 440 858 0 7 2
a 440 681 0 20 2
a 440 785 0 22 6
a 441 417 0 6 2
a 441 519 0 10 6
a 441 185 0 50 1
a 441 974 0 12 8
a 441 218 0 33 7
a 443 325 0 6 3
a 443 583 0 11 2
a 443 707 0 26 1
a 443 853 0 46 1
a 443 842 0 45 8
a 445 456 0 6 7
a 445 171 0 10 10
a 445 140 0 3 8
a 445 508 0 32 10
a 445 770 0 29 1
a 445 20 0 43 6
a 446 216 0 6 4
a 446 13 0 24 4
a 446 250 0 36 1
a 446 243 0 1 7
a 446 477 0 47 8
a 446 583 0 14 10
a 447 470 0 6 2
a 447 838 0 28 7
a 447 252 0 46 6
a 450 335 0 6 8
a 450 802 0 16 9
a 450 92 0 3 8
a 450 490 0 20 5
a 450 582 0 26 6
a 453 148 0 6 7
a 453 415 0 24 1
a 453 230 0 1 1
a 453 576 0 40 9
a 453 599 0 20 7
a 453 328 0 16 1
a 455 207 0 6 6
a 455 130 0 34 6
a 455 33 0 33 4
a 455 7 0 12 3
a 455 180 0 1 2
a 456 631 0 6 2
a 456 561 0 15 2
a 456 595 0 14 7
a 459 911 0 6 4
a 459 735 0 17 2
a 460 602 0 6 10
a 460 58 0 31 6
a 460 763 0 28 10
a 460 234 0 12 4
a 460 876 0 25 9
a 460 902 0 32 5
a 462 460 0 6 10
a 462 111 0 13 1
a 462 640 0 28 10
a 462 436 0 22 8
a 462 16 0 28 2
a 462 552 0 10 5
a 463 198 0 6 4
a 463 124 0 18 7
a 463 525 0 41 4
a 463 979 0 13 6
a 463 787 0 14 2
a 466 552 0 6 5
a 466 103 0 13 10
a 466 283 0 0 3
a 466 95 0 46 9
a 466 531 0 27 9
a 469 265 0 6 1
a 469 403 0 39 7
a 469 54 0 5 2
a 470 469 0 6 7
a 470 357 0 25 5
a 470 536 0 36 7
a 470 257 0 26 5
a 470 71 0 10 9
a 470 10 0 36 2
a 471 8 0 6 5
a 471 22 0 35 4
a 471 205 0 13 4
a 471 59 0 15 4
a 471 990 0 48 1
a 471 548 0 11 1
a 472 546 0 6 7
a 472 220 0 44 8
a 472 668 0 42 5
a 475 176 0 6 7
a 475 494 0 34 1
a 475 823 0 16 1
a 476 556 0 6 8
a 476 334 0 50 5
a 476 901 0 29 2
a 476 231 0 39 9
a 484 146 0 6 9
a 484 790 0 33 10
a 484 901 0 4 1
a 484 561 0 13 5
a 485 798 0 6 2
a 485 295 0 4 8
a 485 933 0 37 3
a 485 683 0 26 5
a 486 873 0 6 2
a 486 117 0 20 1
a 486 574 0 35 4
a 486 86 0 29 8
a 487 752 0 6 1
a 487 982 0 12 9
a 487 727 0 39 4
a 487 931 0 45 9
a 487 74 0 40 9
a 488 228 0 6 3
a 488 207 0 32 1
a 489 200 0 6 2
a 489 744 0 19 6
a 489 355 0 44 6
a 490 595 0 6 2
a 490 337 0 14 8
a 490 347 0 48 5
a 490 529 0 25 4
a 491 839 0 6 5
a 491 903 0 12 9
a 491 341 0 27 3
a 491 316 0 33 10
a 491 653 0 12 5
a 494 166 0 6 2
a 494 379 0 26 10
a 494 480 0 2 9
a 496 584 0 6 3
a 496 697 0 41 6
a 496 418 0 41 9
a 501 136 0 6 1
a 501 4 0 10 9
a 501 308 0 18 2
a 501 826 0 25 6
a 501 864 0 34 5
a 501 322 0 32 1
a 503 538 0 6 3
a 503 955 0 30 2
a 503 410 0 41 5
a 503 863 0 38 8
a 503 984 0 17 4
a 504 928 0 6 4
a 504 305 0 14 3
a 504 783 0 30 3
a 505 729 0 6 6
a 505 936 0 42 3
a 505 774 0 38 8
a 505 170 0 20 2
a 505 841 0 15 4
a 506 359 0 6 3
a 506 751 0 11 5
a 506 75 0 44 6
a 506 504 0 3 7
a 507 268 0 6 8
a 507 331 0 29 10
a 507 831 0 6 4
a 507 747 0 17 4
a 508 862 0 6 2
a 508 361 0 48 4
a 510 45 0 6 4
a 510 609 0 6 8
a 510 802 0 15 7
a 511 302 0 6 2
a 511 204 0 25 1
a 511 727 0 34 3
a 511 820 0 11 10
a 511 198 0 32 8
a 512 507 0 6 10
a 512 792 0 47 9
a 512 650 0 46 3
a 518 332 0 6 3
a 518 168 0 10 3
a 518 988 0 34 5
a 518 169 0 45 2
a 518 944 0 30 6
a 518 819 0 36 5
a 519 768 0 6 2
a 519 979 0 32 10
a 519 970 0 37 7
a 519 943 0 5 5
a 519 822 0 23 4
a 520 830 0 6 9
a 520 533 0 1 2
a 520 168 0 17 6
a 520 38 0 0 9
a 520 99 0 39 8
a 524 445 0 6 3
a 524 999 0 6 5
a 524 117 0 9 2
a 524 914 0 33 2
a 525 272 0 6 4
a 525 935 0 5 8
a 525 117 0 46 3
a 526 189 0 6 10
a 526 253 0 22 3
a 526 272 0 30 4
a 526 664 0 41 5
a 526 65 0 19 3
a 527 681 0 6 3
a 527 890 0 45 8
a 527 791 0 32 3
a 527 396 0 14 5
a 527 206 0 26 1
a 527 938 0 44 10
a 529 833 0 6 7
a 529 772 0 0 6
a 529 973 0 2 4
a 529 377 0 17 6
a 530 178 0 6 8
a 530 889 0 12 9
a 530 372 0 33 6
a 530 435 0 9 5
a 530 625 0 42 3
a 530 309 0 37 1
a 538 588 0 6 5
a 538 370 0 47 5
a 538 679 0 12 1
a 542 961 0 6 5
a 542 53 0 12 5
a 544 924 0 6 8
a 544 563 0 49 6
a 544 255 0 48 1
a 544 314 0 21 8
a 544 500 0 11 9
a 544 468 0 18 7
a 545 526 0 6 5
a 545 189 0 41 6
a 545 990 0 2 1
a 546 930 0 6 9
a 546 43 0 30 4
a 551 636 0 6 9
a 551 149 0 26 6
a 551 424 0 32 10
a 552 734 0 6 3
a 552 681 0 17 3
a 552 415 0 20 10
a 552 348 0 2 6
a 552 233 0 43 7
a 554 244 0 6 6
a 554 420 0 38 5
a 554 322 0 31 4
a 554 226 0 30 8
a 554 657 0 28 7
a 555 174 0 6 4
a 555 184 0 17 7
a 555 454 0 25 10
a 555 363 0 48 9
a 556 756 0 6 9
a 556 562 0 7 7
a 556 60 0 49 6
a 556 410 0 37 10
a 556 332 0 12 4
a 556 892 0 32 3
a 558 418 0 6 5
a 558 808 0 20 7
a 558 725 0 1 9
a 559 567 0 6 10
a 559 617 0 12 8
a 559 266 0 7 3
a 559 912 0 4 10
a 559 625 0 22 2
a 560 664 0 6 7
a 560 296 0 1 5
a 560 901 0 27 6
a 560 574 0 26 6
a 560 128 0 17 8
a 562 209 0 6 1
a 562 613 0 27 10
a 562 662 0 46 10
a 562 55 0 25 4
a 565 568 0 6 10
a 565 36 0 18 1
a 566 61 0 6 10
a 566 925 0 9 6
a 566 137 0 25 3
a 566 659 0 12 4
a 567 638 0 6 3
a 567 560 0 0 7
a 567 784 0 38 5
a 567 64 0 20 9
a 567 988 0 34 3
a 567 725 0 16 6
a 568 717 0 6 5
a 568 770 0 46 7
a 568 409 0 27 5
a 569 175 0 6 6
a 569 740 0 47 8
a 569 932 0 4 2
a 569 738 0 23 2
a 571 732 0 6 1
a 571 480 0 23 8
a 573 197 0 6 3
a 573 486 0 15 6
a 574 491 0 6 1
a 574 532 0 45 2
a 574 344 0 12 7
a 574 469 0 30 2
a 574 224 0 50 7
a 576 984 0 6 2
a 576 953 0 11 4
a 576 510 0 4 1
a 576 962 0 38 10
a 580 799 0 6 10
a 580 134 0 12 9
a 580 27 0 17 8
a 580 889 0 3 7
a 580 378 0 4 7
a 582 320 0 6 6
a 582 470 0 5 8
a 582 376 0 29 2
a 583 587 0 6 4
a 583 935 0 20 2
a 584 3 0 6 7
a 584 89 0 20 8
a 584 254 0 1 6
a 584 885 0 49 9
a 584 217 0 16 10
a 587 919 0 6 7
a 587 10 0 20 1
a 587 935 0 31 5
a 588 443 0 6 6
a 588 563 0 31 8
a 588 611 0 23 3
a 588 448 0 0 6
a 588 215 0 11 3
a 588 709 0 33 3
a 589 816 0 6 1
a 589 97 0 9 7
a 589 466 0 38 6
a 589 183 0 44 7
a 589 726 0 11 7
a 589 369 0 34 9
a 592 644 0 6 2
a 592 933 0 36 8
a 592 602 0 1 4
a 592 371 0 44 4
a 593 995 0 6 10
a 593 446 0 40 10
a 593 524 0 45 3
a 594 453 0 6 2
a 594 550 0 7 7
a 594 470 0 22 3
a 594 136 0 12 5
a 595 221 0 6 8
a 595 174 0 16 3
a 595 966 0 45 5
a 595 712 0 45 8
a 595 443 0 24 1
a 596 997 0 6 10
a 596 208 0 36 9
a 596 199 0 21 10
a 596 613 0 10 2
a 596 574 0 20 4
a 602 977 0 6 9
a 602 49 0 48 7
a 605 950 0 6 5
a 605 665 0 21 10
a 606 57 0 6 6
a 606 433 0 5 5
a 606 390 0 34 2
a 606 362 0 11 5
a 606 753 0 16 3
a 606 747 0 4 2
a 607 616 0 6 9
a 607 482 0 36 9
a 607 102 0 49 8
a 607 160 0 46 1
a 613 940 0 6 8
a 613 732 0 23 8
a 613 451 0 42 4
a 613 505 0 14 1
a 613 463 0 28 10
a 616 998 0 6 1
a 616 799 0 2 10
a 616 419 0 35 5
a 616 732 0 39 5
a 616 64 0 39 10
a 618 124 0 6 6
a 618 915 0 0 9
a 618 683 0 21 4
a 618 379 0 16 4
a 619 753 0 6 4
a 619 676 0 15 3
a 619 216 0 37 9
a 619 155 0 29 8
a 619 173 0 15 4
a 619 298 0 33 10
a 622 301 0 6 10
a 622 364 0 42 9
a 622 871 0 8 2
a 622 387 0 13 5
a 622 796 0 7 5
a 624 868 0 6 5
a 624 94 0 31 4
a 624 131 0 10 10
a 625 205 0 6 6
a 625 134 0 7 6
a 625 971 0 27 4
a 627 698 0 6 7
a 627 263 0 43 10
a 627 916 0 44 5
a 628 822 0 6 1
a 628 246 0 16 5
a 628 997 0 9 7
a 628 203 0 8 1
a 628 387 0 9 8
a 628 326 0 15 9
a 631 263 0 6 2
a 631 52 0 17 7
a 635 715 0 6 10
a 635 72 0 21 10
a 636 338 0 6 7
a 636 378 0 30 2
a 636 256 0 13 8
a 636 68 0 33 3
a 637 240 0 6 3
a 637 360 0 15 3
a 637 394 0 14 8
a 637 740 0 26 1
a 638 385 0 6 4
a 638 355 0 48 7
a 638 165 0 5 8
a 640 413 0 6 6
a 640 197 0 28 6
a 640 563 0 21 8
a 640 76 0 33 1
a 644 719 0 6 6
a 644 974 0 9 8
a 644 766 0 35 1
a 644 634 0 32 2
a 644 600 0 21 8
a 644 541 0 10 4
a 646 863 0 6 1
a 646 206 0 10 9
a 646 761 0 10 1
a 646 42 0 26 1
a 646 927 0 27 9
a 647 506 0 6 3
a 647 87 0 36 2
a 648 666 0 6 3
a 648 166 0 1 4
a 648 848 0 42 9
a 651 619 0 6 3
a 651 625 0 24 5
a 652 455 0 6 8
a 652 74 0 34 8
a 652 505 0 13 7
a 657 421 0 6 7
a 657 795 0 12 9
a 657 635 0 15 3
a 657 146 0 13 9
a 657 532 0 35 6
a 657 263 0 4 3
a 660 980 0 6 10
a 660 709 0 39 7
a 660 494 0 36 10
a 661 227 0 6 9
a 661 251 0 19 10
a 661 494 0 45 6
a 661 199 0 46 7
a 661 730 0 36 10
a 661 949 0 1 3
a 662 291 0 6 9
a 662 578 0 29 6
a 662 58 0 11 6
a 662 323 0 8 5
a 662 633 0 50 7
a 662 751 0 4 4
a 664 508 0 6 1
a 664 819 0 39 5
a 664 14 0 37 2
a 664 32 0 28 3
a 664 255 0 22 6
a 666 625 0 6 3
a 666 398 0 21 5
a 666 44 0 27 1
a 668 214 0 6 6
a 668 886 0 4 2
a 668 584 0 17 2
a 668 302 0 33 3
a 668 167 0 2 7
a 668 804 0 2 6
a 669 859 0 6 10
a 669 202 0 45 10
a 669 49 0 7 2
a 669 15 0 17 8
a 670 751 0 6 4
a 670 746 0 13 9
a 670 3 0 2 2
a 673 392 0 6 10
a 673 645 0 22 3
a 673 365 0 3 10
a 673 731 0 14 8
a 673 258 0 40 9
a 675 278 0 6 10
a 675 19 0 22 3
a 679 640 0 6 9
a 679 722 0 38 7
a 679 826 0 2 3
a 680 525 0 6 6
a 680 845 0 49 3
a 680 499 0 9 8
a 681 558 0 6 3
a 681 68 0 44 3
a 681 636 0 14 3
a 683 269 0 6 3
a 683 264 0 15 2
a 683 191 0 45 2
a 684 808 0 6 4
a 684 563 0 15 3
a 684 980 0 16 9
a 684 160 0 42 10
a 686 409 0 6 5
a 686 539 0 46 2
a 686 255 0 25 7
a 686 631 0 27 3
a 686 739 0 28 4
a 688 923 0 6 6
a 688 654 0 26 7
a 688 451 0 39 5
a 688 510 0 37 5
a 688 934 0 30 3
a 689 4 0 6 4
a 689 967 0 4 3
a 689 748 0 0 4
a 691 114 0 6 4
a 691 346 0 11 1
a 693 83 0 6 9
a 693 628 0 0 7
a 694 404 0 6 5
a 694 240 0 21 10
a 694 800 0 8 2
a 694 254 0 5 7
a 694 341 0 19 5
a 696 179 0 6 5
a 696 350 0 28 10
a 696 477 0 46 5
a 697 384 0 6 7
a 697 641 0 37 4
a 697 772 0 19 4
a 697 339 0 9 6
a 697 393 0 34 8
a 697 536 0 0 6
a 698 170 0 6 3
a 698 821 0 39 2
a 698 986 0 12 5
a 698 242 0 32 4
a 699 891 0 6 9
a 699 704 0 18 4
a 701 851 0 6 3
a 701 656 0 31 10
a 701 329 0 21 10
a 701 702 0 21 1
a 701 691 0 8 8
a 701 936 0 6 2
a 702 252 0 6 5
a 702 526 0 15 3
a 702 90 0 27 1
a 702 493 0 34 10
a 702 169 0 44 4
a 703 235 0 6 2
a 703 99 0 21 9
a 703 94 0 35 3
a 705 694 0 6 8
a 705 660 0 6 5
a 705 461 0 50 5
a 705 721 0 20 4
a 708 673 0 6 3
a 708 216 0 23 9
a 708 372 0 17 7
a 708 202 0 7 9
a 710 171 0 6 10
a 710 808 0 27 7
a 710 977 0 4 10
a 710 461 0 12 3
a 715 116 0 6 3
a 715 573 0 29 2
a 715 97 0 45 6
a 717 213 0 6 4
a 717 176 0 43 6
a 719 660 0 6 6
a 719 578 0 5 8
a 720 529 0 6 2
a 720 737 0 20 2
a 720 191 0 15 2
a 722 954 0 6 8
a 722 952 0 40 1
a 722 957 0 28 2
a 722 839 0 16 3
a 727 668 0 6 9
a 727 285 0 43 10
a 727 173 0 44 6
a 727 1000 0 33 1
a 729 284 0 6 1
a 729 758 0 33 6
a 729 939 0 26 7
a 731 675 0 6 6
a 731 801 0 16 2
a 731 318 0 33 4
a 732 758 0 6 3
a 732 652 0 22 7
a 734 686 0 6 1
a 734 679 0 2 7
a 734 300 0 47 1
a 734 191 0 23 4
a 734 628 0 28 7
a 735 880 0 6 3
a 735 93 0 7 8
a 736 346 0 6 7
a 736 304 0 50 5
a 736 175 0 19 10
a 736 526 0 6 4
a 738 544 0 6 5
a 738 64 0 34 4
a 738 801 0 25 4
a 741 865 0 6 6
a 741 969 0 11 4
a 741 769 0 19 9
a 741 489 0 36 9
a 741 902 0 26 10
a 741 482 0 41 1
a 742 494 0 6 1
a 742 607 0 16 3
a 743 689 0 6 8
a 743 144 0 30 1
a 743 425 0 6 4
a 743 967 0 43 5
a 744 309 0 6 5
a 744 405 0 26 2
a 744 71 0 49 4
a 744 469 0 24 2
a 748 618 0 6 2
a 748 432 0 34 10
a 748 914 0 33 1
a 748 292 0 14 8
a 748 76 0 44 6
a 749 606 0 6 10
a 749 208 0 39 2
a 749 859 0 14 6
a 749 361 0 29 1
a 750 163 0 6 2
a 750 977 0 43 8
a 751 622 0 6 6
a 751 74 0 18 7
a 751 670 0 14 2
a 751 405 0 7 5
a 751 246 0 50 2
a 752 593 0 6 1
a 752 385 0 16 2
a 752 313 0 38 7
a 752 703 0 47 8
a 752 235 0 31 10
a 753 722 0 6 7
a 753 988 0 50 3
a 753 853 0 1 3
a 756 562 0 6 6
a 756 445 0 48 2
a 756 647 0 3 7
a 756 758 0 48 4
a 758 858 0 6 10
a 758 918 0 37 2
a 758 441 0 38 3
a 758 103 0 13 7
a 758 141 0 7 3
a 760 122 0 6 1
a 760 137 0 13 9
a 760 336 0 5 6
a 768 834 0 6 1
a 768 858 0 50 7
a 768 372 0 35 10
a 768 384 0 20 4
a 768 412 0 33 9
a 770 15 0 6 8
a 770 873 0 47 1
a 770 715 0 19 3
a 770 157 0 13 6
a 771 40 0 6 3
a 771 481 0 27 5
a 771 814 0 18 3
a 772 802 0 6 4
a 772 431 0 10 9
a 772 746 0 5 3
a 772 685 0 22 7
a 772 553 0 2 2
a 774 512 0 6 3
a 774 957 0 24 6
a 774 874 0 39 1
a 774 887 0 18 3
a 774 958 0 3 3
a 778 627 0 6 1
a 778 693 0 5 6
a 778 412 0 38 6
a 778 875 0 48 9
a 779 879 0 6 9
a 779 243 0 19 8
a 779 113 0 5 2
a 779 18 0 31 5
a 779 63 0 38 5
a 785 337 0 6 3
a 785 660 0 25 8
a 785 202 0 39 2
a 786 976 0 6 4
a 786 507 0 4 10
a 796 218 0 6 8
a 796 232 0 34 8
a 798 137 0 6 3
a 798 695 0 17 2
a 798 424 0 47 5
a 799 46 0 6 1
a 799 649 0 39 1
a 802 490 0 6 7
a 802 506 0 17 2
a 802 817 0 16 8
a 802 777 0 46 2
a 802 149 0 41 3
a 803 369 0 6 2
a 803 763 0 9 3
a 803 112 0 31 6
a 803 233 0 24 6
a 803 429 0 31 6
a 806 742 0 6 8
a 806 938 0 21 7
a 806 913 0 48 3
a 806 473 0 42 8
a 806 709 0 6 8
a 808 42 0 6 5
a 808 522 0 37 10
a 808 49 0 3 7
a 809 898 0 6 2
a 809 777 0 9 5
a 809 61 0 7 4
a 812 484 0 6 3
a 812 607 0 39 3
a 812 390 0 37 2
a 812 596 0 10 2
a 814 971 0 6 10
a 814 260 0 43 5
a 814 243 0 23 7
a 814 696 0 41 8
a 815 701 0 6 6
a 815 963 0 23 10
a 816 771 0 6 10
a 816 346 0 7 7
a 816 545 0 17 9
a 816 476 0 36 4
a 820 582 0 6 5
a 820 522 0 8 10
a 820 13 0 48 1
a 822 330 0 6 3
a 822 281 0 20 8
a 822 298 0 11 7
a 822 410 0 24 3
a 824 607 0 6 5
a 824 963 0 17 10
a 824 217 0 9 3
a 824 363 0 11 5
a 824 657 0 30 6
a 827 16 0 6 4
a 827 862 0 8 6
a 827 810 0 14 4
a 830 735 0 6 9
a 830 400 0 45 4
a 830 280 0 44 6
a 833 253 0 6 2
a 833 558 0 2 9
a 833 875 0 10 9
a 834 488 0 6 8
a 834 915 0 32 1
a 834 69 0 2 9
a 836 624 0 6 3
a 836 130 0 1 4
a 836 372 0 8 3
a 836 302 0 27 4
a 837 749 0 6 3
a 837 513 0 46 3
a 837 860 0 17 10
a 839 680 0 6 6
a 839 89 0 41 8
a 844 102 0 6 7
a 844 550 0 5 1
a 844 930 0 15 5
a 844 22 0 36 6
a 844 375 0 19 7
a 845 287 0 6 3
a 845 257 0 38 5
a 845 554 0 1 7
a 848 945 0 6 3
a 848 81 0 49 4
a 849 958 0 6 9
a 849 357 0 7 6
a 849 322 0 25 6
a 849 263 0 32 1
a 851 866 0 6 8
a 851 635 0 27 3
a 851 410 0 4 5
a 851 17 0 3 8
a 851 756 0 14 6
a 852 304 0 6 9
a 852 164 0 13 2
a 854 870 0 6 7
a 854 580 0 17 1
a 854 518 0 7 6
a 854 876 0 17 2
a 858 439 0 6 3
a 858 417 0 14 7
a 858 749 0 30 9
a 858 564 0 7 2
a 859 662 0 6 3
a 859 464 0 1 10
a 859 749 0 27 6
a 859 66 0 0 2
a 859 684 0 14 9
a 860 569 0 6 4
a 860 924 0 29 2
a 861 925 0 6 4
a 861 868 0 25 7
a 861 114 0 30 10
a 861 573 0 37 5
a 861 485 0 21 10
a 862 72 0 6 5
a 862 181 0 26 3
a 862 845 0 16 5
a 863 14 0 6 7
a 863 590 0 40 3
a 863 140 0 13 4
a 864 20 0 6 9
a 864 803 0 21 8
a 865 113 0 6 10
a 865 76 0 31 5
a 865 462 0 24 1
a 866 913 0 6 2
a 866 998 0 45 2
a 868 292 0 6 4
a 868 761 0 47 3
a 870 237 0 6 6
a 870 416 0 12 1
a 871 864 0 6 1
a 871 651 0 42 2
a 871 163 0 0 10
a 871 813 0 13 6
a 871 870 0 28 5
a 873 837 0 6 2
a 873 417 0 19 1
a 873 881 0 2 10
a 876 370 0 6 7
a 876 271 0 37 6
a 876 665 0 26 3
a 876 438 0 41 6
a 876 266 0 12 4
a 878 836 0 6 3
a 878 858 0 21 7
a 878 282 0 50 7
a 878 397 0 5 5
a 878 414 0 42 2
a 879 462 0 6 2
a 879 166 0 0 6
a 879 915 0 31 6
a 880 441 0 6 4
a 880 124 0 49 8
a 881 285 0 6 6
a 881 126 0 0 7
a 881 442 0 18 2
a 881 32 0 6 1
a 883 328 0 6 10
a 883 586 0 49 10
a 883 362 0 1 3
a 883 896 0 14 8
a 885 727 0 6 10
a 885 151 0 2 7
a 887 646 0 6 2
a 887 675 0 22 2
a 887 198 0 10 3
a 887 536 0 41 4
a 888 5 0 6 1
a 888 816 0 28 10
a 888 638 0 27 7
a 889 54 0 6 7
a 889 473 0 29 2
a 889 246 0 19 4
a 889 355 0 8 4
a 891 970 0 6 1
a 891 769 0 45 2
a 891 481 0 0 1
a 891 685 0 22 1
a 891 313 0 19 9
a 893 245 0 6 2
a 893 998 0 24 1
a 893 538 0 31 8
a 893 899 0 36 3
a 893 741 0 48 5
a 894 256 0 6 10
a 894 49 0 40 3
a 894 481 0 17 1
a 898 580 0 6 4
a 898 822 0 1 7
a 903 770 0 6 8
a 903 139 0 26 2
a 908 661 0 6 9
a 908 687 0 0 3
a 908 956 0 23 2
a 908 263 0 33 9
a 908 161 0 13 3
a 911 242 0 6 8
a 911 402 0 31 4
a 911 961 0 15 3
a 911 540 0 44 5
a 913 731 0 6 10
a 913 724 0 42 5
a 918 123 0 6 3
a 918 268 0 26 2
a 918 265 0 39 9
a 918 939 0 19 4
a 918 628 0 22 9
a 919 812 0 6 1
a 919 425 0 25 5
a 923 76 0 6 4
a 923 173 0 16 10
a 923 963 0 7 3
a 923 514 0 30 9
a 923 931 0 23 1
a 924 297 0 6 5
a 924 458 0 44 10
a 925 362 0 6 6
a 925 444 0 33 1
a 927 232 0 6 7
a 927 947 0 24 2
a 927 415 0 38 10
a 927 573 0 9 2
a 928 118 0 6 8
a 928 57 0 8 9
a 928 521 0 40 3
a 928 602 0 15 4
a 930 389 0 6 4
a 930 386 0 46 7
a 931 177 0 6 5
a 931 552 0 19 6
a 931 123 0 16 6
a 931 67 0 49 3
a 933 397 0 6 3
a 933 744 0 39 4
a 933 937 0 30 9
a 935 594 0 6 10
a 935 873 0 28 8
a 936 959 0 6 6
a 936 919 0 15 8
a 936 102 0 11 8
a 937 294 0 6 5
a 937 119 0 49 5
a 937 407 0 17 8
a 937 308 0 28 2
a 937 841 0 49 9
a 939 279 0 6 3
a 939 207 0 26 9
a 940 423 0 6 1
a 940 901 0 35 7
a 940 23 0 26 1
a 940 624 0 8 7
a 940 671 0 23 2
a 942 992 0 6 3
a 942 828 0 30 4
a 942 212 0 30 10
a 942 198 0 15 7
a 945 545 0 6 9
a 945 716 0 17 5
a 945 35 0 29 3
a 945 528 0 37 10
a 948 824 0 6 3
a 948 458 0 18 7
a 950 571 0 6 2
a 950 190 0 13 6
a 950 535 0 47 4
a 952 141 0 6 5
a 952 187 0 13 9
a 952 184 0 29 8
a 952 389 0 9 1
a 952 219 0 23 7
a 954 885 0 6 8
a 954 379 0 18 6
a 954 310 0 5 2
a 957 530 0 6 7
a 957 563 0 50 8
a 957 228 0 21 4
a 957 690 0 37 9
a 957 244 0 9 8
a 958 32 0 6 7
a 958 591 0 38 1
a 958 268 0 31 8
a 959 410 0 6 2
a 959 131 0 25 7
a 959 114 0 42 9
a 959 463 0 5 3
a 959 760 0 44 8
a 961 918 0 6 5
a 961 450 0 4 7
a 961 899 0 13 1
a 962 786 0 6 8
a 962 376 0 31 10
a 962 67 0 41 8
a 963 90 0 6 4
a 963 385 0 35 3
a 964 306 0 6 8
a 964 111 0 5 7
a 964 536 0 38 8
a 964 845 0 26 2
a 964 447 0 29 8
a 968 25 0 6 7
a 968 280 0 47 1
a 970 887 0 6 2
a 970 593 0 48 7
a 971 105 0 6 10
a 971 938 0 44 3
a 973 87 0 6 2
a 973 516 0 42 2
a 976 387 0 6 9
a 976 914 0 48 4
a 976 522 0 0 9
a 976 864 0 10 9
a 976 975 0 26 2
a 977 94 0 6 6
a 977 671 0 34 8
a 977 535 0 49 5
a 977 505 0 19 10
a 977 551 0 40 7
a 977 129 0 31 9
a 980 249 0 6 9
a 980 979 0 46 9
a 980 392 0 29 2
a 980 46 0 41 10
a 981 50 0 6 8
a 981 998 0 41 1
a 981 928 0 33 2
a 982 527 0 6 6
a 982 13 0 13 8
a 982 79 0 7 10
a 982 212 0 15 9
a 982 611 0 29 7
a 983 239 0 6 5
a 983 399 0 25 2
a 983 948 0 41 2
a 983 169 0 1 10
a 984 348 0 6 7
a 984 198 0 47 3
a 984 696 0 13 3
a 984 740 0 21 3
a 990 684 0 6 10
a 990 474 0 19 7
a 990 108 0 34 10
a 990 808 0 41 9
a 992 779 0 6 6
a 992 570 0 16 6
a 992 535 0 43 2
a 992 299 0 6 9
a 993 63 0 6 3
a 993 695 0 47 6
a 994 327 0 6 6
a 994 727 0 33 9
a 995 927 0 6 8
a 995 356 0 19 8
a 995 174 0 41 4
a 995 398 0 28 7
a 996 109 0 6 10
a 996 238 0 49 3
a 996 168 0 16 7
a 996 702 0 4 6
a 997 551 0 6 6
a 997 451 0 14 5
a 997 47 0 45 2
a 998 565 0 6 2
a 998 759 0 43 7
