c PyNETGEN v1.0.0
c $ pip install pynetgen
c
c  NETGEN flow network generation algorithm
c  Problem input parameters
c  -------------------------------------
c   Random seed:          13
c   Number of nodes:      1000
c   Source nodes:         2
c   Sink nodes:           2
c   Number of arcs:       4000
c   Minimum arc cost:     1
c   Maximum arc cost:     10
c   Total supply:         50
c   Transshipment -
c     Sources:            0
c     Sinks:              0
c   Skeleton arcs -
c     With max cost:      0
c     Capacitated:        100
c   Minimum arc capacity: 0
c   Maximum arc capacity: 50
c
c  *** Minimum cost flow ***
c
p min 1000 4000
n 1 25
n 2 25
n 999 -43
n 1000 -7
a 1 561 0 25 8
a 1 638 0 28 9
a 1 440 0 2 1
a 7 304 0 25 6
a 7 184 0 42 2
a 7 255 0 28 7
a 7 127 0 11 8
a 7 917 0 42 4
a 7 545 0 31 4
a 7 67 0 27 9
a 8 981 0 25 5
a 8 143 0 50 4
a 8 1000 0 25 8
a 8 622 0 20 8
a 8 493 0 33 3
a 8 559 0 15 5
a 9 620 0 25 10
a 9 649 0 4 6
a 9 862 0 22 10
a 10 972 0 25 8
a 10 76 0 15 7
a 11 89 0 25 4
a 11 360 0 1 3
a 11 364 0 33 3
a 13 806 0 25 5
a 13 926 0 32 2
a 13 327 0 23 3
a 13 334 0 22 1
a 13 656 0 0 9
a 13 239 0 48 3
a 13 599 0 17 10
a 14 410 0 25 6
a 14 891 0 33 10
a 14 443 0 43 6
a 14 734 0 46 7
a 15 959 0 25 8
a 15 432 0 11 4
a 17 662 0 25 1
a 17 226 0 10 6
a 17 162 0 33 7
a 17 401 0 24 9
a 17 848 0 49 10
a 18 60 0 25 2
a 18 118 0 25 7
a 18 455 0 42 1
a 18 584 0 15 4
a 18 682 0 16 2
a 20 884 0 25 8
a 20 994 0 50 7
a 20 441 0 19 4
a 20 986 0 29 7
a 20 349 0 25 3
a 22 74 0 25 8
a 22 971 0 38 7
a 22 946 0 23 7
a 22 307 0 20 8
a 22 37 0 50 6
a 22 63 0 13 7
a 23 309 0 25 10
a 23 695 0 30 3
a 23 954 0 32 9
a 23 736 0 1 4
a 23 484 0 3 6
a 23 683 0 7 9
a 23 350 0 0 2
a 24 523 0 25 4
a 24 237 0 17 7
a 24 133 0 4 2
a 24 936 0 25 8
a 24 663 0 9 9
a 25 104 0 25 3
a 25 615 0 22 4
a 25 40 0 38 3
a 25 630 0 27 10
a 25 456 0 45 8
a 26 178 0 25 1
a 26 919 0 7 2
a 26 834 0 40 6
a 26 745 0 38 1
a 27 84 0 25 7
a 27 203 0 25 8
a 27 529 0 11 7
a 27 766 0 43 1
a 27 391 0 26 10
a 27 952 0 29 3
a 31 579 0 25 4
a 31 586 0 22 5
a 31 791 0 50 5
a 31 950 0 43 9
a 33 257 0 25 9
a 33 722 0 18 4
a 34 76 0 25 7
a 34 375 0 35 1
a 34 610 0 30 7
a 34 466 0 29 6
a 34 156 0 47 8
a 34 853 0 6 9
a 36 61 0 25 9
a 36 561 0 27 9
a 36 213 0 15 1
a 36 564 0 37 3
a 36 643 0 24 2
a 36 978 0 28 5
a 41 280 0 25 1
a 41 99 0 39 1
a 41 12 0 49 3
a 42 479 0 25 6
a 42 462 0 34 6
a 42 348 0 22 1
a 42 787 0 6 10
a 42 663 0 20 10
a 45 711 0 25 1
a 45 979 0 35 6
a 46 876 0 25 1
a 46 285 0 32 3
a 46 849 0 39 3
a 48 266 0 25 8
a 48 978 0 35 8
a 48 294 0 31 7
a 48 556 0 33 3
a 48 168 0 30 5
a 48 621 0 42 8
a 50 517 0 25 4
a 50 394 0 27 5
a 50 347 0 25 3
a 51 756 0 25 10
a 51 301 0 33 7
a 51 361 0 3 4
a 51 543 0 6 3
a 54 25 0 25 2
a 54 790 0 9 6
a 54 565 0 11 5
a 54 107 0 5 8
a 54 447 0 26 9
a 55 566 0 25 8
a 55 271 0 8 8
a 55 846 0 49 1
a 55 285 0 38 6
a 55 767 0 35 7
a 55 531 0 33 4
a 59 775 0 25 2
a 59 598 0 35 4
a 59 855 0 1 9
a 60 619 0 25 10
a 60 432 0 9 6
a 60 528 0 14 7
a 61 445 0 25 5
a 61 719 0 16 5
a 62 92 0 25 9
a 62 962 0 42 3
a 62 986 0 41 2
a 63 10 0 25 1
a 63 967 0 3 2
a 63 713 0 29 1
a 64 626 0 25 5
a 64 191 0 4 10
a 64 918 0 16 6
a 64 9 0 14 1
a 67 623 0 25 3
a 67 277 0 49 8
a 67 328 0 18 10
a 67 769 0 25 3
a 67 454 0 15 9
a 67 669 0 42 1
a 70 11 0 25 10
a 70 915 0 27 8
a 70 885 0 47 7
a 70 289 0 2 6
a 71 42 0 25 8
a 71 107 0 50 7
a 71 702 0 3 2
a 73 678 0 25 9
a 73 190 0 31 7
a 73 824 0 18 8
a 73 680 0 34 1
a 74 829 0 25 9
a 74 841 0 4 5
a 75 595 0 25 4
a 75 959 0 29 1
a 75 447 0 6 4
a 75 625 0 48 10
a 76 174 0 25 3
a 76 892 0 16 6
a 76 87 0 4 3
a 77 742 0 25 9
a 77 262 0 23 7
a 77 574 0 43 2
a 77 693 0 30 10
a 77 973 0 23 1
a 79 414 0 25 8
a 79 106 0 4 7
a 79 974 0 2 7
a 79 502 0 43 1
a 79 860 0 17 9
a 79 903 0 19 7
a 81 755 0 25 9
a 81 346 0 42 8
a 81 943 0 30 10
a 81 260 0 19 2
a 81 940 0 36 8
a 81 191 0 16 3
a 83 359 0 25 4
a 83 755 0 9 9
a 84 603 0 25 10
a 84 261 0 26 10
a 85 652 0 25 7
a 85 413 0 11 3
a 85 301 0 12 1
a 85 126 0 40 4
a 85 806 0 24 3
a 85 419 0 41 9
a 89 767 0 25 3
a 89 282 0 26 10
a 89 649 0 35 8
a 89 330 0 6 4
a 92 211 0 25 7
a 92 883 0 16 2
a 92 871 0 15 9
a 94 301 0 25 2
a 94 607 0 20 8
a 94 81 0 30 9
a 94 108 0 39 2
a 94 626 0 0 7
a 94 338 0 17 5
a 95 751 0 25 10
a 95 12 0 14 3
a 95 917 0 43 7
a 95 525 0 11 2
a 96 108 0 25 10
a 96 223 0 13 4
a 96 358 0 31 2
a 98 117 0 25 3
a 98 559 0 23 10
a 99 27 0 25 10
a 99 403 0 27 7
a 99 996 0 31 8
a 99 478 0 4 10
a 99 905 0 28 3
a 100 723 0 25 5
a 100 753 0 46 3
a 100 752 0 13 8
a 100 139 0 32 5
a 101 681 0 25 2
a 101 599 0 22 6
a 101 854 0 16 8
a 101 266 0 38 4
a 101 423 0 25 3
a 101 642 0 4 5
a 104 326 0 25 9
a 104 159 0 22 5
a 106 550 0 25 7
a 106 104 0 33 3
a 106 161 0 43 8
a 106 667 0 28 9
a 106 552 0 4 3
a 106 73 0 17 2
a 107 121 0 25 8
a 107 531 0 21 2
a 107 957 0 13 1
a 107 845 0 43 10
a 107 646 0 31 1
a 107 112 0 24 10
a 108 668 0 25 6
a 108 546 0 49 7
a 108 515 0 43 4
a 109 532 0 25 6
a 109 967 0 19 7
a 109 883 0 45 6
a 110 17 0 25 8
a 110 810 0 41 6
a 110 732 0 36 1
a 110 806 0 15 5
a 111 422 0 25 10
a 111 723 0 22 6
a 111 421 0 14 10
a 111 799 0 33 9
a 111 600 0 11 2
a 111 514 0 43 5
a 112 765 0 25 6
a 112 246 0 49 10
a 113 295 0 25 1
a 113 821 0 39 3
a 113 332 0 22 9
a 113 383 0 38 8
a 113 153 0 34 2
a 114 891 0 25 7
a 114 984 0 48 5
a 117 55 0 25 8
a 117 896 0 11 10
a 117 509 0 4 10
a 117 680 0 46 6
a 118 22 0 25 2
a 118 246 0 0 7
a 118 518 0 33 7
a 118 756 0 44 1
a 118 844 0 34 3
a 120 225 0 25 10
a 120 534 0 3 5
a 121 256 0 25 6
a 121 524 0 50 3
a 121 708 0 43 5
a 121 414 0 21 2
a 122 757 0 25 10
a 122 854 0 21 10
a 122 571 0 16 3
a 122 100 0 5 2
a 122 279 0 30 8
a 123 189 0 25 3
a 123 895 0 18 8
a 124 607 0 25 5
a 124 243 0 19 2
a 124 692 0 22 3
a 125 741 0 25 1
a 125 861 0 41 2
a 125 587 0 13 3
a 125 822 0 29 7
a 125 223 0 33 7
a 126 466 0 25 8
a 126 373 0 5 4
a 126 677 0 37 5
a 126 883 0 23 5
a 126 479 0 21 1
a 131 242 0 25 4
a 131 567 0 26 10
a 131 888 0 39 3
a 133 387 0 25 8
a 133 481 0 4 2
a 133 90 0 4 6
a 133 121 0 25 10
a 137 759 0 25 4
a 137 507 0 8 7
a 137 965 0 19 3
a 137 343 0 20 1
a 137 180 0 38 6
a 140 698 0 25 4
a 140 216 0 32 5
a 141 288 0 25 8
a 141 434 0 26 8
a 141 272 0 45 10
a 141 171 0 44 3
a 141 286 0 11 1
a 141 636 0 7 2
a 145 186 0 25 8
a 145 390 0 11 2
a 145 988 0 50 4
a 148 719 0 25 2
a 148 668 0 9 4
a 148 369 0 37 5
a 148 353 0 18 4
a 151 538 0 25 10
a 151 114 0 15 5
a 151 485 0 24 3
a 152 752 0 25 7
a 152 860 0 0 6
a 152 700 0 25 8
a 152 995 0 50 2
a 154 688 0 25 6
a 154 53 0 44 3
a 154 316 0 32 7
a 154 106 0 9 10
a 154 155 0 37 1
a 154 435 0 11 10
a 155 199 0 25 3
a 155 567 0 12 1
a 155 873 0 39 7
a 155 114 0 14 7
a 155 214 0 23 10
a 157 107 0 25 6
a 157 303 0 33 3
a 159 379 0 25 8
a 159 893 0 41 9
a 159 894 0 17 8
a 163 943 0 25 10
a 163 848 0 10 4
a 163 461 0 34 8
a 163 666 0 49 6
a 163 829 0 43 10
a 163 952 0 21 4
a 166 483 0 25 1
a 166 112 0 18 5
a 166 661 0 17 4
a 166 843 0 2 4
a 167 812 0 25 3
a 167 460 0 7 5
a 167 607 0 49 8
a 167 782 0 21 6
a 169 789 0 25 4
a 169 138 0 18 1
a 169 514 0 2 7
a 169 553 0 36 4
a 169 749 0 26 3
a 169 212 0 22 10
a 172 64 0 25 1
a 172 717 0 31 2
a 172 168 0 11 8
a 172 684 0 10 7
a 172 573 0 20 10
a 172 285 0 7 1
a 173 839 0 25 3
a 173 887 0 45 1
a 173 474 0 38 7
a 173 317 0 0 6
a 173 492 0 3 5
a 174 7 0 25 6
a 174 611 0 4 3
a 174 677 0 33 6
a 178 434 0 25 3
a 178 953 0 16 7
a 178 746 0 26 8
a 178 959 0 23 10
a 178 839 0 5 2
a 180 726 0 25 3
a 180 90 0 20 10
a 180 988 0 14 7
a 180 888 0 31 8
a 180 739 0 10 10
a 180 501 0 23 3
a 186 99 0 25 3
a 186 768 0 29 9
a 189 159 0 25 10
a 189 843 0 29 5
a 189 638 0 25 3
a 189 109 0 27 9
a 189 341 0 26 8
a 189 664 0 34 1
a 190 31 0 25 5
a 190 989 0 6 5
a 190 205 0 14 8
a 190 966 0 27 6
a 192 428 0 25 5
a 192 131 0 7 4
a 192 553 0 44 5
a 192 685 0 7 10
a 192 305 0 14 3
a 194 380 0 25 7
a 194 786 0 23 6
a 194 340 0 47 1
a 194 924 0 19 1
a 194 251 0 43 8
a 199 260 0 25 1
a 199 784 0 33 7
a 199 313 0 9 6
a 199 222 0 39 3
a 199 24 0 22 10
a 199 320 0 47 8
a 202 120 0 25 2
a 202 467 0 45 3
a 202 419 0 3 4
a 202 106 0 1 5
a 207 777 0 25 9
a 207 44 0 19 7
a 207 188 0 45 10
a 211 180 0 25 6
a 211 436 0 40 6
a 211 637 0 47 3
a 211 653 0 42 4
a 214 821 0 25 3
a 214 20 0 1 2
a 214 48 0 38 7
a 214 512 0 30 7
a 214 554 0 48 7
a 222 436 0 25 4
a 222 539 0 41 7
a 222 655 0 6 1
a 222 311 0 50 6
a 222 195 0 12 5
a 223 427 0 25 4
a 223 826 0 32 10
a 223 138 0 33 6
a 223 405 0 12 6
a 225 707 0 25 1
a 225 309 0 4 7
a 225 52 0 10 8
a 225 591 0 40 5
a 226 46 0 25 3
a 226 369 0 3 9
a 228 905 0 25 6
a 228 948 0 19 8
a 228 526 0 42 4
a 228 259 0 27 7
a 228 174 0 31 10
a 228 56 0 3 9
a 229 79 0 25 8
a 229 710 0 48 6
a 229 859 0 12 1
a 229 950 0 29 10
a 231 202 0 25 10
a 231 284 0 7 7
a 231 362 0 22 4
a 231 810 0 30 7
a 232 594 0 25 3
a 232 193 0 23 9
a 232 703 0 28 10
a 232 613 0 42 5
a 232 730 0 40 5
a 237 511 0 25 5
a 237 327 0 27 8
a 237 920 0 50 7
a 237 486 0 40 5
a 237 693 0 22 6
a 237 527 0 43 6
a 242 475 0 25 9
a 242 428 0 32 8
a 243 624 0 25 7
a 243 305 0 41 7
a 244 462 0 25 7
a 244 845 0 2 10
a 244 923 0 12 2
a 245 999 0 25 3
a 245 969 0 35 2
a 245 205 0 12 9
a 245 735 0 36 10
a 245 135 0 10 5
a 246 262 0 25 8
a 246 210 0 46 9
a 246 181 0 2 7
a 246 406 0 7 8
a 249 753 0 25 3
a 249 755 0 39 7
a 249 505 0 15 9
a 250 952 0 25 3
a 250 941 0 26 10
a 250 231 0 6 1
a 250 599 0 13 1
a 250 949 0 42 2
a 253 717 0 25 5
a 253 380 0 37 1
a 253 141 0 9 10
a 253 177 0 43 10
a 254 994 0 25 6
a 254 924 0 42 5
a 254 65 0 16 6
a 254 457 0 39 3
a 254 978 0 28 6
a 254 256 0 20 10
a 256 546 0 25 10
a 256 301 0 17 5
a 256 664 0 25 5
a 257 317 0 25 7
a 257 781 0 4 8
a 257 315 0 2 10
a 257 88 0 13 2
a 257 165 0 12 5
a 257 668 0 13 8
a 260 677 0 25 8
a 260 155 0 43 5
a 262 345 0 25 6
a 262 948 0 1 1
a 262 478 0 5 5
a 262 323 0 18 1
a 263 713 0 25 1
a 263 671 0 21 3
a 265 24 0 25 4
a 265 555 0 18 4
a 265 382 0 43 4
a 265 284 0 19 7
a 266 923 0 25 6
a 266 449 0 0 5
a 267 555 0 25 6
a 267 865 0 49 2
a 271 486 0 25 7
a 271 576 0 47 8
a 273 293 0 25 4
a 273 185 0 26 5
a 273 728 0 31 6
a 273 705 0 0 9
a 273 927 0 18 6
a 275 782 0 25 6
a 275 514 0 21 10
a 275 35 0 38 9
a 275 926 0 47 9
a 275 33 0 50 7
a 275 690 0 11 1
a 277 484 0 25 8
a 277 394 0 25 7
a 279 192 0 25 4
a 279 145 0 20 3
a 280 63 0 25 3
a 280 538 0 47 10
a 281 312 0 25 7
a 281 490 0 31 10
a 281 653 0 8 1
a 281 411 0 37 9
a 281 946 0 43 8
a 282 651 0 25 9
a 282 843 0 37 7
a 283 641 0 25 2
a 283 665 0 21 7
a 283 720 0 50 1
a 287 226 0 25 1
a 287 170 0 45 8
a 287 880 0 49 3
a 287 428 0 30 6
a 287 263 0 38 7
a 287 346 0 16 4
a 288 131 0 25 1
a 288 512 0 40 8
a 288 516 0 30 8
a 289 374 0 25 8
a 289 888 0 49 10
a 289 113 0 20 4
a 289 292 0 44 4
a 289 271 0 50 4
a 289 93 0 12 1
a 290 467 0 25 10
a 290 389 0 13 5
a 290 786 0 17 6
a 292 979 0 25 7
a 292 508 0 33 5
a 293 375 0 25 2
a 293 349 0 48 1
a 293 554 0 47 10
a 295 559 0 25 8
a 295 357 0 26 5
a 295 649 0 36 7
a 296 902 0 25 4
a 296 693 0 33 1
a 296 28 0 39 1
a 297 592 0 25 4
a 297 207 0 4 5
a 297 706 0 15 10
a 301 545 0 25 3
a 301 516 0 47 3
a 301 741 0 36 6
a 301 895 0 4 3
a 301 67 0 49 2
a 301 646 0 1 9
a 301 964 0 40 5
a 304 799 0 25 10
a 304 381 0 42 8
a 304 25 0 14 1
a 304 195 0 5 3
a 304 259 0 21 10
a 304 532 0 8 1
a 307 970 0 25 7
a 307 570 0 21 3
a 307 323 0 29 8
a 307 606 0 44 9
a 307 800 0 28 5
a 307 857 0 36 6
a 308 386 0 25 1
a 308 267 0 44 4
a 308 407 0 8 7
a 308 999 0 0 4
a 309 552 0 25 10
a 309 923 0 50 8
a 309 382 0 36 4
a 309 512 0 42 2
a 309 188 0 32 8
a 309 778 0 49 7
a 310 163 0 25 2
a 310 953 0 1 3
a 312 465 0 25 9
a 312 840 0 7 10
a 312 315 0 20 8
a 312 497 0 37 1
a 312 630 0 19 4
a 313 308 0 25 10
a 313 3 0 28 4
a 313 667 0 27 5
a 313 434 0 35 5
a 313 126 0 29 8
a 313 417 0 14 1
a 316 844 0 25 2
a 316 93 0 4 4
a 317 661 0 25 1
a 317 993 0 13 1
a 317 373 0 38 10
a 317 571 0 23 10
a 318 478 0 25 10
a 318 278 0 50 4
a 318 578 0 20 6
a 318 268 0 49 3
a 318 418 0 35 7
a 318 904 0 27 8
a 319 915 0 25 3
a 319 235 0 41 8
a 319 831 0 21 3
a 319 273 0 13 9
a 319 351 0 0 8
a 319 518 0 0 8
a 322 515 0 25 8
a 322 368 0 21 1
a 322 402 0 14 1
a 323 458 0 25 9
a 323 938 0 44 9
a 323 474 0 33 5
a 323 418 0 23 2
a 324 118 0 25 4
a 324 379 0 12 5
a 324 616 0 40 4
a 324 948 0 2 8
a 324 53 0 27 1
a 326 243 0 25 8
a 326 142 0 13 3
a 326 750 0 7 7
a 326 384 0 27 3
a 326 17 0 2 7
a 327 672 0 25 6
a 327 188 0 2 9
a 327 226 0 13 3
a 327 350 0 49 3
a 332 933 0 25 1
a 332 620 0 3 10
a 332 966 0 18 6
a 332 861 0 21 3
a 332 490 0 9 7
a 333 408 0 25 3
a 333 202 0 43 10
a 333 825 0 15 2
a 333 349 0 16 3
a 338 633 0 25 7
a 338 434 0 0 5
a 338 106 0 44 8
a 342 825 0 25 8
a 342 517 0 0 6
a 342 588 0 20 3
a 342 904 0 45 4
a 342 523 0 0 4
a 342 525 0 2 4
a 343 111 0 25 6
a 343 778 0 15 1
a 343 530 0 7 3
a 343 580 0 26 5
a 343 776 0 24 4
a 343 361 0 24 4
a 344 157 0 25 6
a 344 475 0 34 4
a 344 834 0 29 10
a 344 986 0 28 10
a 345 443 0 25 5
a 345 155 0 13 2
a 346 684 0 25 4
a 346 355 0 29 10
a 346 663 0 31 5
a 346 887 0 7 6
a 346 362 0 40 6
a 346 840 0 28 8
a 347 519 0 25 3
a 347 293 0 18 4
a 347 668 0 46 1
a 347 188 0 16 7
a 350 544 0 25 10
a 350 477 0 31 4
a 351 67 0 25 4
a 351 63 0 31 7
a 352 616 0 25 3
a 352 998 0 15 3
a 352 537 0 47 2
a 353 282 0 25 1
a 353 654 0 47 1
a 353 808 0 3 4
a 353 854 0 12 9
a 353 433 0 42 3
a 356 126 0 25 4
a 356 506 0 19 8
a 357 583 0 25 4
a 357 530 0 47 7
a 357 17 0 9 10
a 359 699 0 25 1
a 359 921 0 17 1
a 364 75 0 25 1
a 364 794 0 44 7
a 364 474 0 4 5
a 364 915 0 27 7
a 364 10 0 18 2
a 364 904 0 6 8
a 367 740 0 25 4
a 367 210 0 24 8
a 367 56 0 6 1
a 367 865 0 45 8
a 367 592 0 19 9
a 367 647 0 15 6
a 374 169 0 25 4
a 374 977 0 0 9
a 374 553 0 41 8
a 374 846 0 6 4
a 374 457 0 25 4
a 375 926 0 25 5
a 375 192 0 50 9
a 375 118 0 18 3
a 376 993 0 25 4
a 376 301 0 5 6
a 379 541 0 25 5
a 379 532 0 4 9
a 379 481 0 49 1
a 379 914 0 12 5
a 379 958 0 35 5
a 379 795 0 30 4
a 380 694 0 25 1
a 380 32 0 10 2
a 380 178 0 18 5
a 380 869 0 40 4
a 381 250 0 25 9
a 381 252 0 40 1
a 381 498 0 23 3
a 381 401 0 21 3
a 381 819 0 1 3
a 385 318 0 25 7
a 385 594 0 28 4
a 385 131 0 19 4
a 385 381 0 18 3
a 385 797 0 45 7
a 386 547 0 25 10
a 386 205 0 38 9
a 387 988 0 25 9
a 387 900 0 40 1
a 387 773 0 2 9
a 388 350 0 25 1
a 388 371 0 17 5
a 388 18 0 13 9
a 388 1000 0 23 8
a 388 28 0 30 10
a 388 34 0 32 2
a 392 290 0 25 4
a 392 761 0 10 3
a 392 649 0 47 9
a 392 97 0 42 2
a 397 14 0 25 5
a 397 389 0 50 2
a 397 704 0 37 2
a 403 510 0 25 8
a 403 486 0 24 9
a 403 433 0 48 9
a 403 95 0 25 5
a 403 927 0 18 10
a 408 666 0 25 5
a 408 162 0 29 9
a 408 98 0 45 2
a 410 491 0 25 7
a 410 859 0 10 6
a 410 245 0 5 3
a 410 863 0 14 8
a 413 310 0 25 1
a 413 129 0 40 1
a 413 662 0 18 6
a 413 232 0 43 8
a 413 545 0 39 8
a 414 843 0 25 2
a 414 354 0 48 6
a 416 133 0 25 1
a 416 912 0 5 6
a 416 74 0 38 10
a 416 323 0 36 7
a 416 304 0 41 9
a 416 893 0 6 7
a 420 50 0 25 9
a 420 498 0 44 1
a 420 599 0 26 9
a 421 9 0 25 3
a 421 537 0 47 7
a 421 772 0 39 4
a 421 811 0 40 4
a 421 842 0 23 7
a 421 620 0 36 8
a 422 441 0 25 2
a 422 771 0 1 1
a 422 723 0 29 10
a 422 220 0 14 3
a 424 644 0 25 6
a 424 11 0 4 2
a 424 991 0 29 2
a 424 663 0 40 8
a 424 662 0 24 7
a 425 818 0 25 2
a 425 749 0 18 2
a 425 594 0 44 6
a 427 166 0 25 2
a 427 691 0 38 9
a 427 382 0 17 4
a 428 487 0 25 4
a 428 588 0 32 3
a 428 467 0 9 4
a 429 292 0 25 1
a 429 454 0 42 7
a 429 736 0 29 9
a 429 203 0 4 2
a 429 620 0 43 7
a 431 975 0 25 8
a 431 687 0 11 3
a 434 33 0 25 4
a 434 733 0 11 7
a 434 954 0 18 5
a 434 711 0 46 9
a 434 613 0 28 8
a 436 535 0 25 6
a 436 119 0 27 2
a 436 629 0 6 3
a 436 538 0 17 4
a 436 539 0 41 8
a 436 980 0 34 9
a 437 575 0 25 1
a 437 487 0 15 9
a 437 324 0 3 9
a 437 649 0 11 2
a 437 428 0 14 2
a 437 160 0 42 1
a 440 909 0 25 7
a 440 872 0 35 9
a 440 172 0 13 5
a 440 142 0 18 5
a 440 753 0 0 9
a 440 693 0 41 1
a 441 356 0 25 1
a 441 858 0 24 10
a 441 402 0 41 2
a 441 797 0 3 2
a 443 388 0 25 9
a 443 92 0 11 8
a 444 924 0 25 7
a 444 767 0 38 3
a 445 367 0 25 7
a 445 869 0 35 7
a 445 579 0 14 2
a 445 912 0 27 4
a 445 300 0 0 5
a 448 855 0 25 6
a 448 445 0 25 3
a 448 444 0 12 8
a 448 827 0 5 6
a 448 790 0 45 2
a 448 896 0 44 4
a 450 357 0 25 9
a 450 316 0 23 7
a 450 498 0 4 9
a 450 118 0 18 4
a 450 294 0 3 1
a 450 840 0 1 1
a 452 122 0 25 8
a 452 492 0 45 7
a 452 686 0 20 10
a 452 501 0 35 1
a 452 432 0 30 5
a 452 939 0 3 3
a 457 811 0 25 3
a 457 693 0 12 2
a 458 267 0 25 1
a 458 521 0 4 8
a 458 812 0 42 8
a 462 871 0 25 8
a 462 184 0 5 10
a 462 645 0 34 5
a 462 812 0 34 3
a 462 445 0 6 3
a 463 805 0 25 7
a 463 199 0 38 6
a 463 438 0 25 9
a 463 742 0 32 8
a 463 459 0 29 5
a 465 232 0 25 1
a 465 293 0 25 7
a 465 644 0 21 10
a 465 763 0 8 4
a 466 551 0 25 5
a 466 874 0 46 4
a 466 962 0 17 4
a 466 440 0 2 3
a 466 286 0 33 2
a 467 917 0 25 4
a 467 745 0 23 10
a 467 513 0 17 2
a 470 281 0 25 7
a 470 828 0 9 7
a 471 653 0 25 8
a 471 325 0 21 10
a 471 485 0 25 7
a 471 486 0 1 5
a 472 8 0 25 7
a 472 708 0 46 9
a 472 159 0 3 1
a 472 816 0 29 8
a 474 48 0 25 3
a 474 444 0 7 5
a 474 188 0 38 8
a 474 785 0 5 3
a 474 372 0 20 10
a 475 94 0 25 10
a 475 233 0 37 7
a 475 754 0 21 4
a 475 865 0 15 4
a 475 569 0 1 6
a 478 838 0 25 4
a 478 647 0 18 8
a 478 575 0 24 2
a 478 109 0 19 6
a 478 261 0 50 8
a 479 265 0 25 2
a 479 592 0 7 7
a 481 504 0 25 9
a 481 305 0 18 10
a 481 449 0 29 8
a 481 701 0 2 5
a 481 550 0 29 8
a 483 472 0 25 4
a 483 461 0 4 9
a 483 141 0 29 6
a 483 42 0 45 6
a 483 717 0 22 4
a 483 668 0 19 10
a 484 768 0 25 3
a 484 165 0 21 6
a 484 209 0 0 10
a 486 279 0 25 5
a 486 834 0 27 5
a 486 815 0 22 6
a 487 556 0 25 7
a 487 182 0 17 9
a 487 738 0 24 10
a 488 148 0 25 6
a 488 760 0 3 4
a 491 319 0 25 9
a 491 816 0 21 7
a 491 452 0 24 5
a 491 382 0 37 6
a 493 101 0 25 7
a 493 302 0 46 7
a 493 432 0 46 5
a 493 735 0 43 7
a 493 866 0 19 9
a 496 656 0 25 8
a 496 503 0 3 8
a 496 150 0 20 6
a 500 934 0 25 4
a 500 186 0 37 9
a 500 112 0 19 10
a 500 85 0 40 7
a 500 43 0 45 8
a 502 762 0 25 1
a 502 656 0 2 2
a 502 531 0 2 5
a 502 49 0 1 5
a 504 324 0 25 6
a 504 880 0 9 8
a 508 106 0 25 9
a 508 536 0 42 7
a 508 194 0 15 1
a 510 353 0 25 10
a 510 81 0 38 3
a 510 384 0 18 2
a 510 166 0 8 2
a 511 886 0 25 6
a 511 253 0 7 6
a 511 922 0 35 1
a 511 414 0 24 7
a 511 971 0 39 4
a 512 155 0 25 10
a 512 527 0 41 6
a 512 241 0 46 7
a 512 431 0 35 1
a 512 163 0 49 1
a 515 231 0 25 9
a 515 836 0 8 10
a 515 886 0 21 7
a 515 45 0 32 5
a 515 712 0 47 5
a 515 382 0 10 7
a 517 529 0 25 1
a 517 608 0 49 6
a 517 559 0 2 6
a 517 364 0 21 5
a 517 999 0 13 4
a 518 521 0 25 2
a 518 446 0 22 3
a 518 926 0 10 3
a 518 505 0 21 7
a 519 237 0 25 5
a 519 99 0 17 5
a 519 538 0 20 4
a 519 842 0 35 1
a 519 535 0 4 2
a 519 85 0 9 5
a 520 327 0 25 1
a 520 297 0 40 1
a 520 633 0 13 8
a 520 169 0 17 7
a 520 853 0 5 2
a 521 313 0 25 8
a 521 803 0 1 4
a 523 81 0 25 1
a 523 577 0 31 7
a 523 768 0 17 7
a 525 392 0 25 8
a 525 306 0 3 2
a 525 546 0 15 7
a 527 429 0 25 9
a 527 271 0 18 1
a 527 762 0 11 6
a 527 569 0 9 5
a 527 215 0 37 10
a 527 207 0 0 6
a 529 798 0 25 5
a 529 282 0 24 8
a 529 181 0 31 5
a 529 152 0 12 3
a 529 513 0 15 9
a 529 990 0 36 3
a 531 682 0 25 5
a 531 112 0 49 1
a 531 487 0 45 10
a 532 791 0 25 2
a 532 163 0 44 3
a 532 324 0 37 2
a 532 264 0 43 1
a 535 450 0 25 2
a 535 585 0 1 10
a 535 382 0 35 9
a 535 523 0 39 8
a 535 956 0 12 9
a 535 613 0 13 5
a 537 824 0 25 3
a 537 947 0 19 1
a 537 61 0 5 10
a 538 463 0 25 2
a 538 202 0 38 9
a 541 674 0 25 5
a 541 86 0 42 2
a 544 223 0 25 10
a 544 622 0 16 5
a 544 43 0 45 3
a 544 642 0 15 1
a 544 541 0 17 5
a 545 956 0 25 3
a 545 976 0 42 5
a 545 393 0 13 7
a 545 965 0 29 6
a 545 425 0 34 6
a 545 705 0 27 3
a 546 787 0 25 3
a 546 833 0 16 2
a 547 709 0 25 2
a 547 495 0 11 2
a 547 27 0 3 4
a 547 98 0 38 3
a 550 567 0 25 1
a 550 358 0 30 6
a 550 886 0 28 2
a 550 775 0 49 6
a 550 996 0 6 3
a 550 446 0 48 1
a 551 145 0 25 7
a 551 439 0 13 1
a 551 583 0 12 9
a 551 678 0 13 8
a 551 485 0 38 9
a 552 352 0 25 3
a 552 971 0 36 7
a 552 27 0 44 1
a 552 760 0 18 10
a 552 152 0 25 4
a 552 633 0 20 10
a 553 671 0 25 1
a 553 197 0 13 4
a 553 162 0 19 4
a 553 565 0 26 9
a 555 697 0 25 4
a 555 895 0 2 8
a 556 154 0 25 5
a 556 28 0 47 3
a 558 758 0 25 3
a 558 661 0 10 8
a 558 516 0 45 2
a 558 92 0 26 1
a 558 378 0 0 8
a 558 894 0 46 4
a 559 229 0 25 4
a 559 502 0 8 3
a 559 386 0 19 2
a 559 792 0 31 5
a 561 576 0 25 5
a 561 234 0 5 5
a 566 71 0 25 4
a 566 750 0 14 6
a 567 602 0 25 7
a 567 339 0 0 1
a 567 925 0 0 2
a 567 817 0 43 6
a 567 105 0 47 3
a 567 354 0 34 8
a 568 431 0 25 10
a 568 373 0 11 1
a 568 351 0 3 3
a 568 35 0 36 5
a 571 810 0 25 9
a 571 140 0 37 5
a 575 70 0 25 5
a 575 348 0 50 10
a 576 667 0 25 3
a 576 37 0 24 8
a 576 760 0 34 6
a 579 826 0 25 1
a 579 55 0 7 4
a 583 100 0 25 10
a 583 609 0 37 9
a 587 982 0 25 1
a 587 14 0 34 2
a 587 402 0 9 4
a 587 83 0 3 4
a 587 597 0 44 8
a 588 508 0 25 1
a 588 760 0 50 5
a 588 88 0 4 1
a 591 228 0 25 4
a 591 337 0 9 5
a 591 389 0 31 2
a 592 271 0 25 1
a 592 941 0 36 9
a 592 199 0 1 9
a 592 126 0 37 4
a 594 615 0 25 4
a 594 214 0 12 2
a 594 470 0 32 7
a 594 736 0 17 2
a 594 888 0 35 5
a 594 383 0 20 9
a 595 77 0 25 10
a 595 116 0 50 6
a 595 996 0 30 6
a 597 249 0 25 4
a 597 599 0 23 10
a 597 224 0 6 9
a 597 67 0 31 4
a 602 110 0 25 8
a 602 484 0 7 5
a 602 821 0 48 9
a 603 351 0 25 8
a 603 923 0 50 2
a 603 366 0 39 5
a 603 664 0 3 3
a 603 175 0 23 9
a 605 493 0 25 8
a 605 689 0 44 9
a 605 3 0 17 9
a 607 553 0 25 1
a 607 962 0 13 7
a 607 569 0 4 3
a 609 714 0 25 4
a 609 474 0 20 5
a 610 332 0 25 3
a 610 66 0 22 8
a 610 808 0 15 4
a 613 588 0 25 10
a 613 440 0 17 9
a 613 299 0 18 3
a 613 927 0 36 7
a 613 166 0 4 7
a 615 831 0 25 6
a 615 437 0 32 10
a 615 502 0 22 1
a 616 364 0 25 4
a 616 630 0 41 9
a 616 676 0 43 6
a 618 385 0 25 3
a 618 888 0 35 7
a 618 46 0 40 2
a 618 170 0 32 10
a 618 923 0 33 1
a 619 41 0 25 6
a 619 471 0 20 8
a 619 363 0 37 7
a 619 512 0 43 5
a 620 853 0 25 9
a 620 631 0 31 7
a 621 679 0 25 8
a 621 117 0 18 9
a 623 718 0 25 8
a 623 223 0 4 7
a 623 603 0 28 1
a 624 797 0 25 7
a 624 401 0 0 8
a 624 147 0 29 10
a 624 448 0 10 1
a 624 317 0 13 9
a 624 984 0 43 9
a 625 880 0 25 7
a 625 191 0 12 8
a 625 173 0 45 4
a 626 783 0 25 4
a 626 957 0 8 5
a 626 476 0 21 10
a 627 531 0 25 3
a 627 9 0 19 6
a 627 13 0 21 1
a 627 364 0 6 6
a 627 929 0 28 1
a 627 219 0 20 8
a 627 433 0 31 2
a 633 944 0 25 9
a 633 781 0 44 8
a 633 616 0 43 2
a 633 546 0 24 2
a 633 140 0 3 2
a 634 140 0 25 3
a 634 400 0 14 6
a 634 64 0 36 8
a 634 883 0 43 8
a 634 142 0 39 4
a 635 878 0 25 1
a 635 853 0 7 9
a 635 692 0 38 10
a 635 282 0 38 1
a 635 5 0 38 9
a 636 471 0 25 2
a 636 961 0 40 7
a 636 366 0 23 4
a 636 715 0 37 2
a 636 819 0 12 10
a 640 316 0 25 4
a 640 388 0 20 5
a 640 747 0 15 8
a 640 227 0 4 10
a 640 345 0 28 6
a 641 137 0 25 8
a 641 714 0 10 9
a 644 613 0 25 3
a 644 22 0 45 9
a 644 657 0 15 8
a 648 113 0 25 6
a 648 908 0 0 9
a 648 916 0 44 9
a 648 895 0 10 1
a 648 212 0 45 8
a 648 939 0 43 8
a 651 45 0 25 9
a 651 503 0 46 8
a 651 936 0 33 8
a 651 392 0 19 5
a 652 892 0 25 8
a 652 190 0 42 9
a 652 634 0 3 1
a 653 496 0 25 7
a 653 739 0 14 4
a 653 150 0 6 5
a 653 866 0 5 7
a 656 20 0 25 3
a 656 203 0 21 7
a 657 730 0 25 3
a 657 90 0 48 10
a 657 504 0 37 9
a 661 167 0 25 2
a 661 722 0 1 6
a 661 930 0 32 10
a 661 426 0 26 8
a 662 338 0 25 9
a 662 871 0 47 3
a 665 634 0 25 1
a 665 462 0 0 7
a 665 803 0 32 2
a 666 804 0 25 10
a 666 843 0 34 8
a 666 151 0 28 10
a 666 322 0 41 3
a 666 918 0 24 9
a 666 368 0 45 2
a 667 416 0 25 6
a 667 887 0 46 5
a 667 539 0 4 6
a 667 310 0 8 6
a 667 589 0 16 8
a 668 815 0 25 3
a 668 520 0 20 4
a 668 643 0 37 10
a 668 152 0 34 6
a 668 200 0 47 6
a 668 412 0 42 10
a 669 537 0 25 10
a 669 706 0 50 9
a 669 112 0 12 6
a 669 232 0 36 10
a 669 965 0 17 1
a 671 949 0 25 3
a 671 193 0 3 9
a 672 277 0 25 10
a 672 117 0 31 8
a 672 804 0 29 9
a 672 644 0 32 6
a 672 593 0 0 5
a 673 973 0 25 5
a 673 177 0 37 6
a 673 720 0 7 7
a 673 549 0 39 10
a 673 309 0 5 1
a 674 996 0 25 5
a 674 671 0 10 4
a 674 966 0 12 4
a 674 949 0 18 1
a 677 488 0 25 6
a 677 372 0 15 3
a 677 242 0 10 7
a 677 375 0 32 9
a 677 883 0 3 7
a 678 587 0 25 2
a 678 677 0 48 7
a 678 488 0 31 1
a 678 700 0 20 8
a 678 353 0 45 4
a 678 639 0 4 9
a 679 832 0 25 4
a 679 826 0 8 1
a 679 511 0 4 4
a 679 277 0 18 10
a 681 403 0 25 2
a 681 828 0 17 5
a 681 784 0 26 3
a 681 617 0 23 6
a 682 244 0 25 4
a 682 135 0 22 6
a 684 605 0 25 1
a 684 409 0 37 3
a 684 151 0 40 7
a 687 635 0 25 4
a 687 459 0 9 10
a 688 83 0 25 9
a 688 39 0 11 1
a 688 701 0 12 3
a 688 961 0 38 7
a 688 342 0 23 1
a 688 784 0 28 8
a 691 207 0 25 6
a 691 872 0 37 6
a 691 20 0 16 1
a 693 636 0 25 6
a 693 387 0 28 2
a 693 628 0 12 4
a 693 214 0 49 10
a 694 296 0 25 4
a 694 181 0 33 3
a 694 302 0 38 3
a 694 938 0 35 4
a 694 653 0 33 6
a 694 834 0 2 1
a 697 470 0 25 3
a 697 865 0 22 5
a 697 170 0 30 3
a 697 804 0 36 8
a 698 846 0 25 1
a 698 156 0 16 4
a 698 455 0 46 7
a 698 379 0 37 10
a 699 862 0 25 10
a 699 615 0 40 7
a 699 212 0 29 1
a 699 287 0 11 4
a 701 749 0 25 4
a 701 883 0 29 4
a 703 977 0 25 7
a 703 145 0 36 7
a 704 13 0 25 10
a 704 281 0 7 3
a 704 302 0 25 1
a 704 994 0 11 6
a 704 188 0 24 10
a 707 424 0 25 1
a 707 964 0 22 6
a 707 601 0 21 3
a 707 210 0 1 8
a 707 478 0 10 6
a 709 112 0 25 3
a 709 585 0 11 1
a 709 286 0 2 2
a 709 786 0 20 9
a 710 693 0 25 1
a 710 485 0 34 2
a 710 743 0 7 4
a 710 884 0 1 3
a 710 605 0 18 3
a 711 931 0 25 1
a 711 454 0 16 5
a 711 882 0 7 3
a 711 336 0 41 1
a 711 999 0 29 1
a 711 498 0 41 3
a 713 687 0 25 1
a 713 640 0 28 8
a 713 894 0 46 3
a 714 62 0 25 7
a 714 291 0 33 3
a 714 176 0 41 2
a 714 180 0 46 5
a 717 59 0 25 4
a 717 897 0 46 7
a 718 558 0 25 2
a 718 403 0 2 7
a 718 939 0 22 5
a 718 253 0 12 2
a 718 86 0 3 7
a 719 457 0 25 4
a 719 568 0 50 9
a 719 905 0 37 1
a 719 767 0 40 1
a 719 89 0 1 3
a 719 61 0 15 1
a 721 673 0 25 7
a 721 716 0 3 9
a 723 648 0 25 5
a 723 456 0 4 4
a 723 634 0 5 7
a 723 581 0 7 6
a 723 294 0 47 7
a 723 987 0 47 1
a 726 784 0 25 7
a 726 989 0 30 10
a 726 928 0 13 7
a 726 744 0 35 4
a 728 85 0 25 6
a 728 56 0 23 6
a 728 420 0 37 9
a 728 891 0 44 1
a 728 455 0 20 5
a 728 441 0 16 1
a 730 376 0 25 2
a 730 480 0 30 5
a 730 370 0 7 4
a 733 568 0 25 2
a 733 436 0 48 5
a 733 999 0 27 5
a 733 40 0 26 5
a 733 746 0 4 1
a 733 498 0 39 7
a 740 481 0 25 3
a 740 510 0 37 7
a 740 555 0 44 10
a 740 271 0 10 1
a 740 27 0 16 4
a 740 592 0 13 4
a 741 253 0 25 10
a 741 166 0 15 1
a 741 982 0 40 6
a 741 319 0 28 9
a 742 990 0 25 3
a 742 197 0 41 3
a 742 451 0 28 7
a 742 369 0 30 7
a 742 508 0 17 3
a 745 942 0 25 8
a 745 870 0 46 8
a 745 157 0 16 9
a 749 273 0 25 5
a 749 678 0 28 1
a 749 946 0 3 1
a 749 483 0 41 9
a 749 84 0 9 1
a 751 275 0 25 7
a 751 896 0 26 9
a 751 41 0 28 1
a 752 222 0 25 10
a 752 641 0 34 8
a 752 878 0 6 1
a 752 381 0 3 7
a 752 747 0 44 7
a 753 793 0 25 4
a 753 814 0 2 10
a 755 283 0 25 1
a 755 905 0 29 6
a 755 660 0 31 9
a 755 687 0 10 3
a 755 93 0 40 10
a 755 441 0 7 10
a 756 297 0 25 6
a 756 393 0 23 5
a 756 638 0 44 4
a 757 911 0 25 2
a 757 237 0 26 4
a 758 95 0 25 5
a 758 315 0 16 5
a 758 756 0 44 10
a 758 612 0 8 3
a 758 413 0 25 2
a 759 452 0 25 1
a 759 770 0 30 6
a 759 131 0 10 1
a 762 863 0 25 8
a 762 57 0 23 7
a 762 625 0 21 5
a 762 536 0 33 8
a 765 98 0 25 3
a 765 598 0 34 10
a 765 214 0 8 10
a 767 421 0 25 9
a 767 293 0 28 9
a 767 318 0 12 1
a 768 502 0 25 1
a 768 446 0 46 7
a 768 11 0 29 3
a 775 657 0 25 5
a 775 150 0 31 2
a 777 916 0 25 6
a 777 32 0 27 5
a 777 256 0 29 7
a 777 780 0 3 7
a 778 856 0 25 7
a 778 476 0 45 10
a 778 273 0 22 5
a 782 194 0 25 4
a 782 855 0 26 1
a 782 776 0 22 4
a 783 322 0 25 8
a 783 648 0 13 6
a 783 204 0 47 2
a 783 605 0 18 9
a 783 511 0 38 2
a 784 51 0 25 5
a 784 102 0 44 7
a 784 234 0 48 1
a 784 369 0 45 4
a 787 961 0 25 2
a 787 788 0 21 7
a 789 665 0 25 4
a 789 913 0 14 5
a 791 54 0 25 3
a 791 14 0 42 7
a 791 419 0 7 9
a 793 691 0 25 10
a 793 839 0 18 2
a 793 404 0 47 8
a 793 855 0 26 2
a 793 971 0 13 2
a 793 307 0 25 9
a 797 895 0 25 6
a 797 119 0 14 2
a 797 798 0 15 6
a 797 938 0 24 2
a 797 625 0 35 3
a 798 114 0 25 7
a 798 302 0 49 10
a 798 721 0 50 7
a 799 947 0 25 9
a 799 936 0 24 3
a 799 803 0 39 7
a 800 73 0 25 6
a 800 365 0 17 5
a 800 974 0 43 9
a 800 223 0 23 8
a 800 160 0 33 10
a 804 701 0 25 7
a 804 246 0 10 7
a 804 93 0 22 7
a 804 347 0 19 8
a 804 594 0 15 4
a 805 597 0 25 7
a 805 146 0 36 10
a 805 631 0 28 4
a 805 43 0 23 3
a 806 26 0 25 9
a 806 437 0 37 2
a 806 938 0 20 10
a 809 125 0 25 8
a 809 782 0 24 5
a 809 845 0 34 8
a 809 174 0 20 2
a 809 923 0 2 2
a 809 609 0 12 8
a 810 124 0 25 2
a 810 522 0 41 5
a 810 734 0 40 2
a 810 469 0 16 3
a 810 712 0 21 4
a 810 732 0 36 4
a 811 420 0 25 3
a 811 774 0 41 4
a 811 231 0 21 10
a 811 538 0 3 5
a 812 287 0 25 7
a 812 241 0 14 1
a 815 141 0 25 3
a 815 357 0 1 1
a 815 720 0 27 7
a 816 263 0 25 2
a 816 12 0 5 2
a 816 759 0 1 1
a 816 726 0 8 9
a 818 745 0 25 9
a 818 989 0 37 7
a 818 870 0 2 4
a 818 360 0 17 5
a 818 717 0 10 1
a 821 425 0 25 9
a 821 268 0 21 8
a 821 888 0 0 1
a 821 217 0 47 5
a 821 956 0 38 2
a 824 721 0 25 5
a 824 983 0 17 2
a 824 577 0 28 4
a 825 246 0 25 8
a 825 721 0 49 5
a 826 969 0 25 9
a 826 57 0 1 2
a 826 573 0 26 8
a 826 786 0 46 6
a 826 679 0 33 9
a 826 681 0 2 2
a 829 440 0 25 8
a 829 651 0 6 4
a 829 349 0 43 2
a 831 173 0 25 1
a 831 907 0 22 7
a 831 548 0 16 4
a 831 550 0 36 2
a 832 333 0 25 6
a 832 351 0 27 2
a 832 506 0 21 1
a 838 344 0 25 7
a 838 250 0 29 1
a 838 876 0 2 1
a 839 867 0 25 10
a 839 122 0 16 3
a 839 599 0 40 8
a 840 849 0 25 8
a 840 832 0 3 7
a 840 303 0 4 2
a 840 467 0 32 3
a 843 950 0 25 10
a 843 29 0 3 4
a 844 342 0 25 6
a 844 114 0 1 7
a 844 119 0 48 3
a 844 979 0 3 9
a 844 627 0 33 4
a 844 503 0 36 6
a 844 995 0 35 2
a 846 840 0 25 3
a 846 438 0 2 6
a 846 331 0 50 9
a 846 556 0 6 2
a 846 899 0 50 10
a 849 512 0 25 4
a 849 8 0 28 5
a 849 908 0 38 1
a 849 837 0 50 1
a 849 243 0 6 8
a 849 588 0 2 3
a 850 640 0 25 1
a 850 14 0 35 5
a 850 844 0 48 10
a 850 526 0 16 6
a 850 165 0 13 7
a 853 346 0 25 7
a 853 88 0 2 8
a 853 233 0 28 10
a 853 492 0 11 10
a 853 696 0 41 7
a 853 990 0 16 10
a 855 474 0 25 9
a 855 290 0 40 8
a 855 815 0 22 7
a 855 369 0 40 4
a 855 245 0 10 9
a 856 109 0 25 9
a 856 885 0 7 5
a 856 715 0 26 5
a 856 703 0 25 6
a 856 370 0 48 2
a 862 413 0 25 8
a 862 338 0 47 5
a 862 400 0 41 2
a 863 96 0 25 4
a 863 924 0 39 9
a 863 364 0 33 9
a 867 214 0 25 1
a 867 817 0 9 4
a 867 743 0 38 4
a 867 97 0 37 6
a 870 343 0 25 6
a 870 720 0 30 1
a 871 621 0 25 4
a 871 872 0 6 4
a 871 127 0 8 6
a 876 728 0 25 7
a 876 426 0 37 2
a 876 30 0 15 7
a 876 912 0 17 9
a 878 323 0 25 6
a 878 496 0 44 9
a 878 391 0 17 6
a 878 412 0 31 6
a 880 710 0 25 4
a 880 307 0 34 10
a 880 608 0 41 3
a 880 953 0 25 6
a 884 899 0 25 9
a 884 858 0 4 9
a 884 21 0 17 3
a 884 883 0 21 7
a 885 850 0 25 10
a 885 566 0 8 4
a 885 298 0 8 6
a 886 437 0 25 7
a 886 120 0 22 9
a 889 964 0 25 1
a 889 591 0 34 9
a 889 917 0 2 10
a 889 629 0 9 2
a 889 651 0 22 3
a 891 397 0 25 9
a 891 958 0 8 3
a 891 985 0 36 6
a 891 564 0 45 7
a 892 618 0 25 1
a 892 915 0 22 2
a 892 539 0 34 2
a 892 28 0 15 4
a 892 751 0 46 9
a 895 23 0 25 6
a 895 187 0 49 10
a 899 520 0 25 2
a 899 888 0 17 3
a 899 169 0 29 3
a 899 508 0 23 6
a 899 793 0 20 4
a 902 625 0 25 4
a 902 262 0 48 1
a 902 627 0 36 6
a 902 478 0 31 8
a 905 870 0 25 4
a 905 819 0 33 9
a 905 721 0 32 9
a 905 765 0 23 8
a 905 883 0 0 2
a 909 448 0 25 1
a 909 240 0 36 1
a 909 284 0 22 8
a 911 816 0 25 10
a 911 574 0 19 5
a 915 518 0 25 5
a 915 331 0 31 9
a 915 35 0 28 1
a 916 610 0 25 5
a 916 664 0 41 6
a 916 886 0 30 9
a 916 417 0 26 2
a 917 571 0 25 2
a 917 37 0 16 1
a 917 450 0 40 10
a 917 518 0 1 6
a 917 868 0 40 1
a 917 38 0 32 10
a 917 525 0 19 3
a 923 778 0 25 9
a 923 901 0 13 7
a 923 515 0 50 2
a 923 541 0 38 4
a 924 525 0 25 9
a 924 453 0 32 1
a 924 37 0 33 7
a 924 699 0 9 1
a 926 809 0 25 2
a 926 175 0 29 10
a 926 314 0 17 8
a 926 227 0 30 8
a 931 152 0 25 3
a 931 500 0 45 5
a 931 284 0 6 5
a 933 190 0 25 6
a 933 903 0 2 3
a 933 958 0 6 9
a 933 619 0 33 2
a 933 31 0 30 2
a 933 319 0 43 7
a 934 997 0 25 10
a 934 553 0 17 4
a 934 735 0 26 2
a 934 310 0 8 1
a 940 889 0 25 7
a 940 539 0 40 10
a 940 887 0 40 10
a 942 968 0 25 5
a 942 199 0 17 9
a 942 256 0 44 7
a 942 577 0 18 4
a 943 172 0 25 2
a 943 663 0 49 8
a 943 592 0 1 7
a 943 209 0 37 2
a 943 196 0 15 3
a 944 381 0 25 6
a 944 689 0 25 1
a 944 635 0 21 8
a 947 940 0 25 8
a 947 64 0 16 10
a 947 301 0 31 2
a 947 124 0 20 1
a 947 789 0 0 6
a 947 252 0 11 10
a 949 733 0 25 6
a 949 489 0 43 9
a 949 859 0 39 10
a 950 885 0 25 3
a 950 656 0 44 8
a 950 695 0 23 4
a 952 704 0 25 6
a 952 803 0 47 4
a 952 151 0 18 8
a 952 154 0 17 9
a 952 411 0 39 2
a 952 763 0 50 3
a 956 627 0 25 9
a 956 123 0 8 9
a 956 461 0 2 8
a 959 123 0 25 6
a 959 711 0 30 7
a 959 149 0 8 4
a 959 676 0 46 7
a 959 524 0 14 10
a 961 18 0 25 1
a 961 909 0 14 1
a 961 903 0 15 4
a 964 347 0 25 6
a 964 752 0 23 10
a 964 613 0 3 8
a 968 307 0 25 3
a 968 956 0 12 5
a 968 642 0 38 10
a 968 397 0 39 9
a 969 1000 0 25 9
a 969 703 0 25 9
a 969 259 0 2 2
a 969 73 0 13 7
a 969 862 0 35 1
a 970 36 0 25 7
a 970 967 0 17 8
a 970 885 0 39 1
a 972 34 0 25 7
a 972 211 0 48 1
a 972 628 0 45 8
a 973 151 0 25 3
a 973 964 0 43 10
a 975 289 0 25 9
a 975 662 0 14 9
a 975 125 0 45 3
a 975 80 0 2 9
a 977 15 0 25 5
a 977 243 0 8 7
a 977 856 0 41 3
a 977 956 0 50 6
a 977 248 0 13 7
a 979 591 0 25 10
a 979 697 0 28 9
a 979 998 0 9 7
a 979 916 0 23 4
a 979 450 0 13 4
a 979 349 0 50 9
a 981 669 0 25 8
a 981 734 0 3 5
a 981 78 0 46 4
a 982 245 0 25 4
a 982 317 0 9 9
a 988 609 0 25 6
a 988 501 0 1 2
a 988 781 0 13 6
a 988 454 0 35 4
a 988 305 0 45 5
a 990 527 0 25 3
a 990 282 0 13 5
a 990 849 0 2 2
a 993 254 0 25 1
a 993 119 0 26 4
a 994 500 0 25 2
a 994 558 0 37 8
a 994 807 0 5 5
a 994 391 0 38 5
a 994 853 0 20 10
a 994 595 0 48 8
a 996 444 0 25 7
a 996 761 0 3 10
a 996 908 0 41 8
a 996 668 0 8 5
a 996 559 0 21 3
a 996 898 0 34 5
a 997 800 0 25 5
a 997 988 0 24 5
a 997 936 0 38 5
a 997 487 0 7 3
a 997 766 0 10 3
a 2 861 0 25 6
a 2 375 0 24 4
a 2 735 0 23 8
a 3 983 0 25 5
a 3 856 0 4 3
a 3 21 0 12 7
a 3 176 0 30 10
a 4 270 0 25 5
a 4 217 0 33 2
a 5 21 0 25 7
a 5 938 0 50 6
a 5 995 0 49 1
a 5 752 0 16 2
a 5 507 0 49 9
a 5 570 0 5 7
a 5 904 0 5 4
a 6 88 0 25 8
a 6 615 0 10 7
a 6 971 0 18 7
a 6 946 0 29 6
a 12 355 0 25 5
a 12 967 0 3 5
a 12 829 0 37 5
a 12 101 0 20 2
a 12 191 0 36 10
a 16 349 0 25 4
a 16 653 0 15 9
a 16 618 0 37 1
a 19 948 0 25 8
a 19 230 0 19 6
a 19 684 0 8 5
a 19 901 0 27 4
a 19 319 0 43 2
a 19 239 0 21 6
a 21 181 0 25 5
a 21 805 0 24 9
a 21 769 0 11 3
a 21 654 0 25 1
a 28 851 0 25 7
a 28 156 0 15 9
a 29 442 0 25 5
a 29 760 0 42 8
a 30 814 0 25 9
a 30 723 0 26 4
a 30 956 0 17 7
a 30 709 0 26 8
a 32 215 0 25 8
a 32 660 0 6 6
a 32 669 0 22 9
a 32 831 0 8 8
a 32 791 0 16 10
a 35 564 0 25 3
a 35 919 0 29 7
a 37 883 0 25 6
a 37 120 0 43 6
a 37 436 0 4 5
a 37 628 0 14 10
a 37 647 0 19 6
a 37 654 0 33 8
a 38 216 0 25 3
a 38 812 0 25 3
a 38 73 0 8 6
a 38 268 0 14 5
a 38 383 0 25 2
a 38 781 0 41 1
a 39 536 0 25 3
a 39 761 0 18 9
a 39 756 0 27 8
a 40 649 0 25 7
a 40 544 0 47 1
a 40 543 0 4 7
a 43 261 0 25 7
a 43 964 0 32 1
a 43 932 0 13 5
a 43 925 0 48 2
a 43 63 0 44 7
a 43 825 0 41 1
a 44 430 0 25 3
a 44 943 0 44 2
a 44 846 0 26 9
a 47 580 0 25 7
a 47 361 0 7 9
a 47 525 0 0 2
a 49 224 0 25 4
a 49 376 0 36 1
a 49 484 0 40 4
a 52 132 0 25 4
a 52 184 0 21 1
a 52 317 0 10 1
a 52 689 0 41 4
a 52 227 0 16 10
a 53 906 0 25 2
a 53 265 0 16 4
a 53 41 0 47 9
a 53 911 0 4 4
a 53 456 0 4 6
a 56 754 0 25 7
a 56 652 0 17 1
a 56 697 0 13 8
a 56 245 0 19 8
a 56 391 0 20 3
a 56 814 0 50 2
a 57 198 0 25 4
a 57 646 0 2 7
a 58 769 0 25 6
a 58 326 0 36 10
a 58 908 0 25 7
a 58 338 0 40 8
a 65 188 0 25 10
a 65 303 0 32 10
a 65 289 0 44 1
a 66 432 0 25 8
a 66 472 0 18 8
a 66 114 0 49 3
a 66 683 0 0 3
a 66 286 0 6 2
a 66 127 0 12 8
a 68 524 0 25 1
a 68 38 0 0 4
a 69 937 0 25 7
a 69 809 0 34 4
a 69 607 0 28 3
a 69 492 0 16 9
a 72 834 0 25 10
a 72 708 0 19 10
a 78 147 0 25 7
a 78 514 0 25 9
a 78 141 0 36 8
a 80 135 0 25 6
a 80 560 0 45 8
a 80 631 0 20 6
a 82 914 0 25 3
a 82 219 0 28 8
a 86 735 0 25 2
a 86 563 0 9 3
a 87 776 0 25 6
a 87 122 0 49 5
a 87 908 0 23 8
a 87 633 0 5 5
a 88 766 0 25 2
a 88 246 0 45 3
a 88 325 0 35 6
a 88 29 0 45 9
a 90 128 0 25 8
a 90 571 0 20 2
a 90 282 0 37 1
a 91 339 0 25 5
a 91 707 0 39 5
a 91 372 0 39 6
a 91 820 0 28 6
a 91 551 0 1 1
a 91 544 0 24 10
a 93 361 0 25 2
a 93 211 0 15 10
a 93 720 0 0 5
a 93 443 0 31 3
a 97 951 0 25 10
a 97 525 0 16 8
a 97 761 0 31 6
a 102 423 0 25 5
a 102 298 0 45 3
a 102 137 0 43 5
a 103 628 0 25 7
a 103 786 0 19 4
a 103 521 0 17 6
a 103 734 0 7 3
a 105 30 0 25 6
a 105 457 0 19 6
a 105 397 0 7 9
a 105 793 0 28 3
a 105 765 0 21 7
a 115 820 0 25 9
a 115 366 0 34 10
a 115 768 0 17 1
a 115 494 0 35 2
a 115 443 0 34 5
a 115 570 0 7 1
a 116 887 0 25 6
a 116 725 0 33 4
a 116 28 0 41 7
a 119 171 0 25 7
a 119 666 0 35 9
a 119 92 0 1 2
a 119 759 0 34 10
a 119 404 0 34 8
a 119 447 0 20 3
a 127 658 0 25 4
a 127 251 0 21 9
a 127 130 0 36 6
a 127 664 0 38 5
a 127 882 0 5 7
a 127 490 0 21 3
a 128 455 0 25 7
a 128 697 0 43 4
a 128 986 0 7 3
a 128 16 0 17 4
a 128 35 0 9 4
a 129 368 0 25 7
a 129 788 0 13 9
a 129 338 0 15 10
a 129 472 0 24 3
a 129 214 0 33 10
a 129 145 0 12 6
a 130 449 0 25 10
a 130 139 0 12 9
a 132 780 0 25 9
a 132 995 0 32 3
a 132 606 0 13 7
a 132 503 0 7 4
a 132 824 0 45 1
a 132 855 0 15 4
a 134 149 0 25 8
a 134 102 0 11 3
a 134 550 0 21 4
a 134 397 0 19 3
a 135 946 0 25 1
a 135 841 0 36 3
a 135 386 0 15 3
a 136 389 0 25 4
a 136 127 0 31 4
a 138 248 0 25 1
a 138 107 0 48 10
a 139 654 0 25 6
a 139 913 0 3 7
a 139 843 0 20 3
a 139 624 0 49 10
a 139 623 0 6 4
a 139 455 0 38 10
a 142 743 0 25 7
a 142 834 0 5 10
a 142 134 0 43 7
a 142 208 0 39 9
a 142 608 0 14 8
a 142 349 0 8 3
a 143 35 0 25 6
a 143 13 0 44 7
a 143 967 0 9 3
a 143 281 0 34 6
a 143 265 0 10 3
a 143 737 0 30 10
a 143 642 0 46 7
a 144 526 0 25 6
a 144 324 0 39 2
a 146 978 0 25 10
a 146 183 0 10 8
a 146 510 0 23 9
a 146 543 0 35 9
a 146 349 0 49 1
a 147 193 0 25 5
a 147 246 0 38 8
a 147 516 0 21 4
a 147 310 0 0 5
a 149 513 0 25 2
a 149 464 0 21 8
a 149 119 0 18 9
a 149 623 0 22 9
a 149 374 0 23 8
a 149 223 0 48 9
a 150 845 0 25 3
a 150 267 0 24 1
a 153 869 0 25 10
a 153 614 0 23 3
a 156 927 0 25 6
a 156 138 0 24 3
a 156 370 0 29 4
a 156 634 0 22 7
a 156 904 0 14 8
a 156 599 0 28 9
a 156 336 0 50 1
a 158 377 0 25 7
a 158 859 0 25 4
a 158 531 0 4 6
a 160 241 0 25 10
a 160 942 0 7 8
a 160 792 0 26 5
a 160 834 0 42 7
a 161 252 0 25 6
a 161 551 0 26 3
a 161 470 0 48 3
a 161 384 0 27 6
a 162 461 0 25 6
a 162 973 0 3 10
a 162 225 0 39 9
a 162 852 0 42 10
a 162 331 0 39 7
a 164 415 0 25 4
a 164 628 0 19 6
a 165 999 0 25 1
a 165 511 0 33 10
a 165 639 0 7 4
a 165 834 0 43 7
a 165 897 0 44 9
a 165 370 0 42 3
a 168 650 0 25 10
a 168 548 0 13 8
a 168 852 0 23 8
a 168 336 0 18 10
a 170 971 0 25 7
a 170 723 0 5 9
a 171 865 0 25 10
a 171 791 0 23 4
a 171 163 0 7 10
a 175 201 0 25 1
a 175 772 0 18 10
a 176 660 0 25 6
a 176 589 0 34 5
a 176 798 0 17 7
a 176 50 0 24 6
a 177 66 0 25 6
a 177 75 0 39 3
a 177 813 0 47 9
a 179 819 0 25 4
a 179 778 0 26 8
a 179 299 0 36 10
a 179 720 0 22 4
a 181 724 0 25 8
a 181 775 0 5 7
a 181 686 0 2 3
a 181 603 0 46 1
a 181 484 0 23 8
a 181 412 0 39 4
a 181 177 0 38 6
a 182 955 0 25 3
a 182 566 0 42 10
a 182 477 0 10 5
a 183 337 0 25 5
a 183 690 0 23 1
a 183 23 0 33 10
a 183 275 0 8 8
a 183 85 0 43 6
a 183 98 0 44 1
a 183 197 0 42 3
a 184 522 0 25 3
a 184 590 0 33 5
a 185 102 0 25 7
a 185 107 0 16 9
a 185 3 0 7 7
a 185 302 0 31 8
a 185 398 0 7 2
a 185 847 0 35 4
a 185 92 0 8 8
a 187 156 0 25 4
a 187 222 0 4 6
a 187 253 0 36 9
a 187 928 0 26 7
a 187 884 0 47 7
a 188 590 0 25 7
a 188 15 0 43 8
a 188 956 0 30 3
a 188 912 0 9 3
a 188 876 0 2 10
a 188 93 0 35 6
a 191 183 0 25 1
a 191 119 0 4 7
a 191 155 0 22 2
a 191 934 0 6 7
a 191 686 0 49 7
a 191 100 0 50 10
a 193 497 0 25 9
a 193 872 0 30 8
a 193 815 0 42 9
a 193 776 0 8 2
a 195 854 0 25 8
a 195 238 0 34 1
a 196 596 0 25 5
a 196 54 0 12 1
a 196 667 0 41 9
a 196 145 0 45 3
a 197 874 0 25 9
a 197 49 0 10 8
a 198 868 0 25 6
a 198 192 0 18 9
a 200 164 0 25 10
a 200 178 0 3 1
a 200 756 0 10 3
a 200 517 0 30 10
a 201 93 0 25 4
a 201 675 0 10 6
a 201 241 0 16 9
a 201 997 0 1 6
a 201 808 0 3 9
a 203 459 0 25 6
a 203 156 0 17 5
a 203 185 0 5 6
a 204 918 0 25 3
a 204 796 0 47 5
a 204 699 0 23 9
a 204 113 0 14 6
a 205 91 0 25 3
a 205 344 0 13 10
a 205 740 0 19 8
a 205 540 0 25 1
a 206 813 0 25 6
a 206 970 0 14 10
a 208 877 0 25 7
a 208 627 0 18 9
a 208 634 0 49 1
a 209 708 0 25 3
a 209 465 0 35 4
a 209 374 0 7 6
a 209 357 0 29 6
a 209 479 0 8 6
a 210 837 0 25 1
a 210 970 0 13 5
a 210 527 0 25 4
a 210 306 0 16 8
a 210 239 0 3 2
a 210 866 0 50 2
a 210 913 0 47 1
a 212 639 0 25 7
a 212 996 0 38 10
a 212 721 0 32 2
a 213 533 0 25 1
a 213 924 0 50 3
a 213 247 0 29 7
a 213 801 0 31 3
a 213 565 0 8 8
a 215 998 0 25 5
a 215 988 0 29 1
a 215 862 0 47 7
a 215 671 0 24 8
a 215 612 0 1 8
a 216 557 0 25 8
a 216 428 0 40 4
a 217 739 0 25 4
a 217 777 0 0 2
a 217 859 0 36 1
a 217 665 0 46 9
a 217 573 0 6 8
a 217 919 0 2 7
a 218 433 0 25 1
a 218 305 0 3 2
a 219 116 0 25 8
a 219 121 0 24 8
a 220 37 0 25 2
a 220 817 0 18 2
a 220 125 0 39 2
a 220 281 0 40 4
a 220 117 0 2 1
a 220 751 0 28 9
a 221 830 0 25 6
a 221 972 0 9 3
a 224 498 0 25 3
a 224 706 0 8 8
a 227 974 0 25 4
a 227 674 0 4 9
a 227 549 0 7 4
a 227 262 0 2 5
a 227 555 0 40 1
a 227 229 0 1 10
a 230 418 0 25 7
a 230 892 0 48 8
a 230 132 0 0 4
a 230 462 0 15 7
a 233 179 0 25 2
a 233 671 0 27 6
a 234 341 0 25 8
a 234 711 0 22 8
a 234 483 0 17 6
a 234 108 0 50 9
a 234 624 0 32 6
a 235 136 0 25 3
a 235 67 0 26 3
a 235 519 0 45 3
a 236 801 0 25 4
a 236 869 0 46 7
a 236 701 0 22 8
a 236 635 0 42 1
a 236 579 0 41 10
a 236 626 0 19 8
a 238 311 0 25 5
a 238 129 0 24 4
a 238 385 0 1 3
a 238 939 0 0 1
a 238 642 0 27 7
a 239 901 0 25 1
a 239 309 0 23 8
a 239 263 0 30 5
a 239 800 0 3 5
a 239 422 0 6 1
a 240 170 0 25 5
a 240 637 0 6 8
a 240 527 0 2 6
a 241 435 0 25 2
a 241 102 0 36 9
a 241 11 0 10 2
a 241 296 0 35 7
a 247 464 0 25 5
a 247 202 0 7 9
a 248 807 0 25 1
a 248 948 0 13 4
a 251 492 0 25 6
a 251 207 0 40 4
a 252 670 0 25 1
a 252 573 0 28 10
a 252 761 0 28 7
a 252 749 0 17 10
a 252 661 0 17 7
a 252 624 0 47 6
a 255 569 0 25 10
a 255 595 0 37 2
a 255 545 0 49 8
a 255 347 0 19 8
a 255 304 0 16 9
a 258 945 0 25 8
a 258 478 0 14 5
a 258 137 0 25 9
a 259 80 0 25 5
a 259 120 0 40 5
a 259 553 0 7 6
a 259 426 0 19 5
a 259 196 0 1 9
a 259 686 0 39 10
a 259 611 0 31 10
a 261 97 0 25 1
a 261 358 0 38 3
a 261 122 0 3 10
a 261 623 0 6 3
a 261 959 0 43 10
a 261 766 0 7 6
a 264 643 0 25 9
a 264 365 0 20 7
a 264 23 0 50 7
a 264 578 0 5 4
a 264 429 0 32 5
a 264 78 0 1 10
a 268 604 0 25 1
a 268 12 0 0 1
a 268 69 0 25 2
a 268 913 0 50 10
a 269 903 0 25 5
a 269 546 0 23 2
a 269 617 0 48 5
a 269 851 0 41 7
a 270 234 0 25 3
a 270 238 0 15 1
a 270 861 0 35 9
a 270 867 0 43 9
a 270 17 0 17 6
a 272 608 0 25 4
a 272 401 0 42 1
a 272 951 0 18 2
a 272 132 0 32 7
a 274 47 0 25 5
a 274 289 0 24 8
a 274 142 0 15 1
a 276 779 0 25 7
a 276 223 0 30 2
a 276 162 0 40 4
a 276 517 0 33 1
a 278 490 0 25 3
a 278 878 0 16 3
a 278 15 0 36 10
a 284 233 0 25 7
a 284 958 0 20 2
a 285 165 0 25 9
a 285 171 0 46 2
a 285 448 0 10 1
a 286 473 0 25 7
a 286 521 0 33 10
a 286 236 0 40 5
a 291 205 0 25 9
a 291 27 0 4 7
a 291 403 0 49 4
a 294 238 0 25 8
a 294 892 0 3 6
a 294 767 0 27 1
a 294 379 0 9 9
a 294 219 0 35 7
a 298 32 0 25 10
a 298 915 0 38 9
a 299 785 0 25 10
a 299 40 0 29 9
a 299 87 0 33 5
a 299 149 0 32 4
a 299 929 0 16 1
a 300 772 0 25 1
a 300 506 0 32 6
a 300 633 0 23 3
a 300 491 0 11 5
a 300 23 0 23 9
a 300 845 0 4 10
a 300 736 0 19 1
a 302 276 0 25 3
a 302 325 0 28 8
a 302 372 0 16 6
a 303 539 0 25 3
a 303 212 0 23 7
a 305 370 0 25 6
a 305 589 0 14 6
a 305 414 0 40 6
a 305 993 0 1 9
a 305 321 0 21 10
a 306 565 0 25 7
a 306 192 0 25 10
a 306 758 0 18 10
a 306 12 0 36 2
a 311 647 0 25 8
a 311 488 0 44 10
a 311 916 0 10 7
a 314 358 0 25 4
a 314 421 0 23 1
a 314 465 0 23 7
a 314 223 0 41 9
a 314 524 0 45 3
a 314 454 0 15 5
a 315 920 0 25 3
a 315 590 0 43 9
a 315 484 0 19 2
a 315 793 0 29 5
a 315 459 0 5 3
a 320 646 0 25 4
a 320 479 0 44 10
a 320 496 0 39 7
a 320 481 0 15 10
a 320 874 0 6 2
a 321 841 0 25 10
a 321 397 0 27 4
a 321 945 0 39 4
a 321 853 0 27 4
a 321 163 0 16 4
a 325 732 0 25 4
a 325 444 0 14 2
a 325 13 0 33 9
a 325 164 0 15 10
a 325 383 0 19 3
a 328 402 0 25 10
a 328 768 0 35 1
a 328 130 0 1 3
a 329 203 0 25 3
a 329 300 0 34 9
a 329 957 0 4 4
a 329 551 0 41 9
a 330 460 0 25 3
a 330 955 0 2 8
a 330 756 0 7 2
a 330 362 0 37 6
a 331 543 0 25 1
a 331 244 0 10 5
a 331 452 0 29 1
a 331 757 0 36 9
a 331 592 0 42 4
a 331 706 0 25 4
a 334 447 0 25 7
a 334 79 0 37 5
a 334 208 0 39 5
a 335 300 0 25 1
a 335 179 0 6 3
a 335 283 0 6 7
a 335 278 0 7 7
a 336 725 0 25 5
a 336 442 0 44 5
a 336 221 0 23 4
a 336 649 0 15 9
a 336 284 0 11 6
a 337 683 0 25 6
a 337 777 0 32 5
a 337 105 0 38 4
a 339 685 0 25 8
a 339 435 0 45 7
a 339 21 0 1 7
a 340 589 0 25 8
a 340 983 0 50 7
a 340 796 0 10 2
a 340 214 0 6 8
a 340 921 0 6 8
a 340 282 0 13 7
a 341 72 0 25 7
a 341 274 0 8 1
a 341 303 0 10 6
a 348 833 0 25 1
a 348 464 0 37 5
a 348 229 0 32 9
a 348 218 0 39 5
a 349 456 0 25 4
a 349 590 0 46 6
a 349 673 0 49 9
a 349 823 0 45 6
a 354 143 0 25 7
a 354 80 0 38 2
a 354 493 0 32 1
a 354 50 0 41 1
a 354 875 0 42 5
a 355 206 0 25 3
a 355 976 0 27 10
a 355 68 0 3 2
a 358 362 0 25 5
a 358 744 0 16 8
a 358 461 0 42 6
a 358 576 0 6 3
a 358 327 0 33 3
a 358 482 0 44 2
a 360 401 0 25 3
a 360 397 0 26 5
a 360 489 0 12 6
a 360 79 0 31 10
a 361 419 0 25 7
a 361 176 0 12 10
a 361 106 0 8 8
a 361 623 0 12 4
a 362 366 0 25 5
a 362 738 0 19 6
a 362 269 0 31 5
a 363 506 0 25 10
a 363 734 0 45 3
a 363 137 0 6 8
a 363 82 0 29 4
a 363 474 0 1 1
a 363 86 0 10 2
a 365 888 0 25 7
a 365 519 0 19 2
a 366 600 0 25 3
a 366 852 0 5 4
a 366 745 0 3 6
a 366 946 0 35 1
a 366 595 0 27 3
a 366 364 0 48 9
a 368 184 0 25 7
a 368 752 0 4 4
a 368 251 0 13 2
a 369 482 0 25 5
a 369 304 0 39 8
a 369 689 0 15 10
a 369 698 0 14 7
a 369 506 0 26 10
a 369 282 0 35 3
a 370 213 0 25 8
a 370 822 0 25 2
a 370 125 0 0 1
a 371 894 0 25 8
a 371 176 0 40 10
a 372 236 0 25 7
a 372 107 0 25 8
a 373 642 0 25 8
a 373 716 0 47 4
a 373 569 0 1 5
a 373 281 0 21 2
a 373 851 0 22 1
a 377 320 0 25 5
a 377 751 0 27 6
a 377 608 0 23 5
a 377 914 0 23 8
a 377 818 0 4 1
a 377 115 0 34 8
a 378 554 0 25 8
a 378 410 0 41 8
a 378 961 0 39 5
a 378 546 0 5 7
a 378 973 0 14 2
a 382 928 0 25 5
a 382 986 0 19 10
a 382 691 0 35 3
a 382 888 0 8 1
a 383 354 0 25 7
a 383 897 0 13 4
a 383 482 0 36 1
a 384 560 0 25 4
a 384 585 0 41 8
a 384 228 0 14 9
a 384 272 0 18 8
a 384 478 0 24 3
a 389 995 0 25 2
a 389 53 0 44 9
a 389 542 0 32 4
a 389 352 0 29 7
a 389 468 0 11 9
a 390 383 0 25 3
a 390 906 0 1 1
a 390 424 0 41 8
a 390 517 0 37 3
a 390 262 0 22 3
a 391 781 0 25 6
a 391 156 0 39 10
a 391 112 0 44 2
a 391 226 0 42 1
a 391 581 0 22 10
a 393 390 0 25 10
a 393 211 0 2 4
a 393 953 0 18 8
a 394 87 0 25 10
a 394 587 0 33 9
a 395 900 0 25 9
a 395 331 0 15 8
a 396 562 0 25 2
a 396 580 0 45 9
a 396 630 0 1 7
a 398 692 0 25 5
a 398 498 0 33 4
a 398 259 0 36 5
a 398 689 0 36 7
a 398 488 0 39 9
a 398 408 0 27 5
a 399 348 0 25 3
a 399 579 0 37 8
a 399 455 0 18 10
a 399 21 0 49 1
a 400 860 0 25 4
a 400 672 0 3 10
a 400 977 0 16 1
a 400 745 0 36 9
a 400 19 0 15 8
a 401 747 0 25 3
a 401 1000 0 25 9
a 401 668 0 15 5
a 401 851 0 48 7
a 402 411 0 25 10
a 402 297 0 13 8
a 402 647 0 36 1
a 402 52 0 15 9
a 402 224 0 33 5
a 402 367 0 10 8
a 404 516 0 25 9
a 404 786 0 25 5
a 404 501 0 8 10
a 404 253 0 18 3
a 404 829 0 18 8
a 405 291 0 25 6
a 405 657 0 2 6
a 405 466 0 47 5
a 405 484 0 19 1
a 405 166 0 12 5
a 406 764 0 25 4
a 406 857 0 50 7
a 406 44 0 23 6
a 406 119 0 47 9
a 407 272 0 25 9
a 407 871 0 29 1
a 407 986 0 21 5
a 407 550 0 22 1
a 407 232 0 41 1
a 407 199 0 4 6
a 409 6 0 25 5
a 409 81 0 12 4
a 411 360 0 25 10
a 411 577 0 0 1
a 411 702 0 46 2
a 411 132 0 41 6
a 412 808 0 25 7
a 412 859 0 18 6
a 412 576 0 39 6
a 415 365 0 25 7
a 415 492 0 49 1
a 415 829 0 7 3
a 417 240 0 25 4
a 417 87 0 38 7
a 417 475 0 19 1
a 417 148 0 9 2
a 417 435 0 27 4
a 418 305 0 25 8
a 418 841 0 47 4
a 419 904 0 25 6
a 419 993 0 19 3
a 423 549 0 25 4
a 423 228 0 24 7
a 426 858 0 25 4
a 426 746 0 14 10
a 430 842 0 25 5
a 430 511 0 27 7
a 432 153 0 25 4
a 432 20 0 22 6
a 433 306 0 25 4
a 433 736 0 18 2
a 433 476 0 34 4
a 433 688 0 12 1
a 433 810 0 44 8
a 435 394 0 25 2
a 435 73 0 39 3
a 438 953 0 25 2
a 438 648 0 32 2
a 438 361 0 11 6
a 438 692 0 47 6
a 438 432 0 45 8
a 438 882 0 30 4
a 439 39 0 25 8
a 439 639 0 50 1
a 439 735 0 36 8
a 439 441 0 22 4
a 439 773 0 16 5
a 439 456 0 15 5
a 439 965 0 50 3
a 442 52 0 25 4
a 442 282 0 45 3
a 442 914 0 6 10
a 446 760 0 25 10
a 446 880 0 10 7
a 446 26 0 33 4
a 446 493 0 5 4
a 446 568 0 9 3
a 447 680 0 25 4
a 447 251 0 30 5
a 447 357 0 18 6
a 447 282 0 6 4
a 447 242 0 31 8
a 449 212 0 25 6
a 449 462 0 19 1
a 449 655 0 17 6
a 449 942 0 44 8
a 449 129 0 12 2
a 449 569 0 18 9
a 451 150 0 25 7
a 451 882 0 29 8
a 451 414 0 1 10
a 451 817 0 47 4
a 453 601 0 25 5
a 453 995 0 46 4
a 453 651 0 7 6
a 453 569 0 7 10
a 454 629 0 25 4
a 454 677 0 33 10
a 454 35 0 44 1
a 454 926 0 1 5
a 454 864 0 40 1
a 455 967 0 25 6
a 455 592 0 7 6
a 455 371 0 22 2
a 455 776 0 27 9
a 456 985 0 25 5
a 456 947 0 33 1
a 459 962 0 25 6
a 459 771 0 50 6
a 460 875 0 25 7
a 460 140 0 43 6
a 460 679 0 46 4
a 460 221 0 10 4
a 460 323 0 5 1
a 460 871 0 37 9
a 461 209 0 25 9
a 461 393 0 42 8
a 461 114 0 20 2
a 461 4 0 29 2
a 461 853 0 31 8
a 461 937 0 10 10
a 464 299 0 25 1
a 464 406 0 1 2
a 464 200 0 42 4
a 464 956 0 7 10
a 464 360 0 38 4
a 468 664 0 25 3
a 468 402 0 48 3
a 468 168 0 5 1
a 468 931 0 13 6
a 469 913 0 25 6
a 469 143 0 49 2
a 469 264 0 2 3
a 469 962 0 46 7
a 473 274 0 25 3
a 473 695 0 24 9
a 473 966 0 33 5
a 473 159 0 29 4
a 473 105 0 2 9
a 473 990 0 47 2
a 476 655 0 25 2
a 476 380 0 46 1
a 476 46 0 20 4
a 476 638 0 47 9
a 477 638 0 25 5
a 477 624 0 15 2
a 477 285 0 29 8
a 480 606 0 25 4
a 480 144 0 19 10
a 482 935 0 25 9
a 482 608 0 18 3
a 482 820 0 20 6
a 482 151 0 18 5
a 482 800 0 42 9
a 485 119 0 25 5
a 485 583 0 31 9
a 485 23 0 44 9
a 485 425 0 30 1
a 489 578 0 25 5
a 489 39 0 44 3
a 490 127 0 25 7
a 490 689 0 8 5
a 490 651 0 38 9
a 490 597 0 21 10
a 492 5 0 25 8
a 492 403 0 31 2
a 492 166 0 8 5
a 494 617 0 25 5
a 494 938 0 7 6
a 494 532 0 28 4
a 494 658 0 33 2
a 494 323 0 24 3
a 494 752 0 10 4
a 495 514 0 25 1
a 495 561 0 30 6
a 495 646 0 20 6
a 495 376 0 25 1
a 495 515 0 42 9
a 495 418 0 38 7
a 497 632 0 25 1
a 497 757 0 4 1
a 497 970 0 8 3
a 497 255 0 26 3
a 497 704 0 15 10
a 497 508 0 21 5
a 498 736 0 25 6
a 498 954 0 19 7
a 498 596 0 29 6
a 498 108 0 3 4
a 499 690 0 25 4
a 499 661 0 6 4
a 499 923 0 36 7
a 499 447 0 9 10
a 499 247 0 20 8
a 501 761 0 25 10
a 501 255 0 4 1
a 501 188 0 2 5
a 501 234 0 40 7
a 503 363 0 25 1
a 503 396 0 47 8
a 503 342 0 34 1
a 503 212 0 35 6
a 503 23 0 32 5
a 505 176 0 25 5
a 505 580 0 30 4
a 505 548 0 18 3
a 505 81 0 18 4
a 506 570 0 25 4
a 506 550 0 40 3
a 506 628 0 22 4
a 507 78 0 25 1
a 507 953 0 13 4
a 507 191 0 18 10
a 509 864 0 25 1
a 509 261 0 9 10
a 509 409 0 13 7
a 509 984 0 32 7
a 509 436 0 1 7
a 513 872 0 25 6
a 513 504 0 47 6
a 513 467 0 26 8
a 513 961 0 21 9
a 513 983 0 30 2
a 514 303 0 25 6
a 514 995 0 5 1
a 514 104 0 36 1
a 514 680 0 41 1
a 514 486 0 16 9
a 516 384 0 25 9
a 516 605 0 49 8
a 516 748 0 5 4
a 516 790 0 4 9
a 516 13 0 1 9
a 522 881 0 25 4
a 522 540 0 25 5
a 524 208 0 25 7
a 524 842 0 32 2
a 524 216 0 0 7
a 524 808 0 36 4
a 526 932 0 25 7
a 526 481 0 3 10
a 526 253 0 4 4
a 526 172 0 29 8
a 526 191 0 12 8
a 526 422 0 15 5
a 528 716 0 25 10
a 528 630 0 24 6
a 528 757 0 23 10
a 528 833 0 20 3
a 528 187 0 44 4
a 528 37 0 44 2
a 530 727 0 25 10
a 530 428 0 17 2
a 533 227 0 25 1
a 533 586 0 34 9
a 533 741 0 37 4
a 533 927 0 2 9
a 533 235 0 42 8
a 533 748 0 33 9
a 534 873 0 25 9
a 534 726 0 18 6
a 534 127 0 21 9
a 534 314 0 28 8
a 534 634 0 48 1
a 534 62 0 10 10
a 536 251 0 25 7
a 536 241 0 32 2
a 536 111 0 11 8
a 536 335 0 47 8
a 536 374 0 47 6
a 536 660 0 12 7
a 539 382 0 25 9
a 539 834 0 40 6
a 539 576 0 37 4
a 539 860 0 20 3
a 540 847 0 25 9
a 540 685 0 25 10
a 540 182 0 11 10
a 540 291 0 21 5
a 540 607 0 40 1
a 542 530 0 25 10
a 542 691 0 44 8
a 542 465 0 33 6
a 542 318 0 9 2
a 542 770 0 11 9
a 542 673 0 22 7
a 543 893 0 25 3
a 543 199 0 2 3
a 543 8 0 3 5
a 543 246 0 22 10
a 543 946 0 43 9
a 543 356 0 48 2
a 548 763 0 25 9
a 548 271 0 15 3
a 549 637 0 25 9
a 549 708 0 29 8
a 549 415 0 30 9
a 549 912 0 25 1
a 549 375 0 38 6
a 554 134 0 25 7
a 554 901 0 32 7
a 554 68 0 46 7
a 554 895 0 20 5
a 554 201 0 37 5
a 554 613 0 15 10
a 557 495 0 25 9
a 557 128 0 48 7
a 557 392 0 36 3
a 557 558 0 17 5
a 557 992 0 48 8
a 560 160 0 25 2
a 560 439 0 37 6
a 560 763 0 50 6
a 560 167 0 26 4
a 560 210 0 47 6
a 560 257 0 31 9
a 562 803 0 25 6
a 562 357 0 7 2
a 562 425 0 16 10
a 562 89 0 30 2
a 562 991 0 4 5
a 562 98 0 38 8
a 563 528 0 25 8
a 563 132 0 33 8
a 563 347 0 4 9
a 563 936 0 8 3
a 563 821 0 21 5
a 564 581 0 25 4
a 564 627 0 49 1
a 564 929 0 4 1
a 565 773 0 25 2
a 565 971 0 22 1
a 565 594 0 23 7
a 565 864 0 36 8
a 565 786 0 12 9
a 569 325 0 25 4
a 569 654 0 38 7
a 569 374 0 10 3
a 569 780 0 9 5
a 569 300 0 19 1
a 570 142 0 25 4
a 570 20 0 41 2
a 570 434 0 3 1
a 570 130 0 33 5
a 572 827 0 25 6
a 572 176 0 26 3
a 573 217 0 25 4
a 573 790 0 34 2
a 573 981 0 39 5
a 574 746 0 25 3
a 574 132 0 9 1
a 577 957 0 25 6
a 577 535 0 0 4
a 577 369 0 3 10
a 577 360 0 25 2
a 577 12 0 3 1
a 577 739 0 41 6
a 578 907 0 25 8
a 578 705 0 17 1
a 578 962 0 42 10
a 578 255 0 12 10
a 578 437 0 49 8
a 578 6 0 18 2
a 580 828 0 25 3
a 580 721 0 37 1
a 581 230 0 25 3
a 581 181 0 10 6
a 581 685 0 28 9
a 581 696 0 9 8
a 581 985 0 22 8
a 581 782 0 17 5
a 582 38 0 25 1
a 582 123 0 15 2
a 582 830 0 46 9
a 582 199 0 31 8
a 582 50 0 34 9
a 582 136 0 14 3
a 584 139 0 25 9
a 584 325 0 3 4
a 584 740 0 24 5
a 584 912 0 45 6
a 585 659 0 25 1
a 585 230 0 21 10
a 585 807 0 46 3
a 585 329 0 31 5
a 585 503 0 44 8
a 585 163 0 11 3
a 586 372 0 25 8
a 586 936 0 31 10
a 586 260 0 24 10
a 589 197 0 25 5
a 589 805 0 12 3
a 589 697 0 48 8
a 590 823 0 25 10
a 590 539 0 11 7
a 590 420 0 17 8
a 590 947 0 36 4
a 590 741 0 28 2
a 590 631 0 11 5
a 593 69 0 25 6
a 593 781 0 50 5
a 593 367 0 21 10
a 596 991 0 25 5
a 596 873 0 23 2
a 598 210 0 25 4
a 598 676 0 22 1
a 598 641 0 18 8
a 598 742 0 29 7
a 599 835 0 25 8
a 599 660 0 24 7
a 599 659 0 5 1
a 599 617 0 49 8
a 599 65 0 17 6
a 599 574 0 10 10
a 600 822 0 25 2
a 600 508 0 19 5
a 600 235 0 40 2
a 601 631 0 25 3
a 601 605 0 26 8
a 601 52 0 48 6
a 601 869 0 50 5
a 601 54 0 48 10
a 604 925 0 25 2
a 604 979 0 26 7
a 604 902 0 41 1
a 604 553 0 34 5
a 604 235 0 41 8
a 604 226 0 29 3
a 606 908 0 25 2
a 606 886 0 15 10
a 608 330 0 25 2
a 608 7 0 40 1
a 611 715 0 25 4
a 611 774 0 28 8
a 611 413 0 8 3
a 611 367 0 48 3
a 611 99 0 1 2
a 612 577 0 25 10
a 612 209 0 36 5
a 612 374 0 40 9
a 612 454 0 46 5
a 614 572 0 25 2
a 614 801 0 23 7
a 614 633 0 11 2
a 617 315 0 25 9
a 617 61 0 7 5
a 617 345 0 37 10
a 617 568 0 36 10
a 622 501 0 25 6
a 622 205 0 11 6
a 622 248 0 3 8
a 622 111 0 45 8
a 628 729 0 25 9
a 628 705 0 28 2
a 628 804 0 46 9
a 628 683 0 37 8
a 629 992 0 25 1
a 629 490 0 8 10
a 629 610 0 6 6
a 629 353 0 41 9
a 629 382 0 26 8
a 629 407 0 47 2
a 630 748 0 25 8
a 630 826 0 31 9
a 630 525 0 36 6
a 631 663 0 25 7
a 631 341 0 5 5
a 631 511 0 25 8
a 631 611 0 23 1
a 631 410 0 7 6
a 632 453 0 25 5
a 632 606 0 50 1
a 632 165 0 20 10
a 637 235 0 25 1
a 637 357 0 22 1
a 637 400 0 42 7
a 637 769 0 9 10
a 637 44 0 22 8
a 637 167 0 47 10
a 638 334 0 25 10
a 638 30 0 49 4
a 638 169 0 9 10
a 638 878 0 11 8
a 638 676 0 44 2
a 638 19 0 47 9
a 639 744 0 25 6
a 639 823 0 49 3
a 639 616 0 22 5
a 642 335 0 25 8
a 642 457 0 3 4
a 642 839 0 18 7
a 642 62 0 49 9
a 642 254 0 5 1
a 642 509 0 38 3
a 643 451 0 25 2
a 643 474 0 44 2
a 643 4 0 1 3
a 643 283 0 43 5
a 643 87 0 26 1
a 645 941 0 25 8
a 645 908 0 47 3
a 645 66 0 47 3
a 645 356 0 1 4
a 645 708 0 27 4
a 646 795 0 25 1
a 646 822 0 17 3
a 646 886 0 6 8
a 646 369 0 40 4
a 647 611 0 25 3
a 647 623 0 36 10
a 647 546 0 14 9
a 647 504 0 1 4
a 649 852 0 25 8
a 649 859 0 1 7
a 649 55 0 48 3
a 650 882 0 25 3
a 650 898 0 6 8
a 650 813 0 11 2
a 654 28 0 25 7
a 654 103 0 44 10
a 655 614 0 25 3
a 655 379 0 23 2
a 655 963 0 33 4
a 658 599 0 25 2
a 658 265 0 28 5
a 658 821 0 10 3
a 658 940 0 27 2
a 658 818 0 26 5
a 659 409 0 25 3
a 659 983 0 9 7
a 659 764 0 38 8
a 659 465 0 2 9
a 659 722 0 12 8
a 659 296 0 43 8
a 660 185 0 25 4
a 660 608 0 32 10
a 660 443 0 36 5
a 660 267 0 4 4
a 660 535 0 42 6
a 660 72 0 30 2
a 663 485 0 25 10
a 663 257 0 3 8
a 663 199 0 35 3
a 663 750 0 32 2
a 663 522 0 45 2
a 663 647 0 20 4
a 664 331 0 25 4
a 664 81 0 4 1
a 670 790 0 25 4
a 670 526 0 21 2
a 675 890 0 25 10
a 675 769 0 8 7
a 675 961 0 30 6
a 675 333 0 15 6
a 675 755 0 17 6
a 675 413 0 20 10
a 676 802 0 25 10
a 676 567 0 25 3
a 676 840 0 3 10
a 676 788 0 3 4
a 680 220 0 25 1
a 680 76 0 10 3
a 680 889 0 28 5
a 683 476 0 25 8
a 683 26 0 49 9
a 683 962 0 31 5
a 685 879 0 25 9
a 685 78 0 24 2
a 686 286 0 25 6
a 686 634 0 26 4
a 686 352 0 24 9
a 686 678 0 43 10
a 689 960 0 25 10
a 689 449 0 3 9
a 689 894 0 22 7
a 689 192 0 20 7
a 689 408 0 47 2
a 690 44 0 25 3
a 690 347 0 13 6
a 692 645 0 25 4
a 692 123 0 8 5
a 692 792 0 16 8
a 692 91 0 31 8
a 692 805 0 38 5
a 695 965 0 25 7
a 695 411 0 29 3
a 695 871 0 14 10
a 695 178 0 4 3
a 695 961 0 24 6
a 695 847 0 30 5
a 696 896 0 25 2
a 696 443 0 16 9
a 696 871 0 6 3
a 696 615 0 12 6
a 696 785 0 19 8
a 696 753 0 18 10
a 700 817 0 25 3
a 700 411 0 25 8
a 700 262 0 30 8
a 700 484 0 41 8
a 702 438 0 25 5
a 702 530 0 20 5
a 702 923 0 39 7
a 702 643 0 3 6
a 702 746 0 40 3
a 705 675 0 25 7
a 705 478 0 19 7
a 705 254 0 1 9
a 705 436 0 24 3
a 706 56 0 25 1
a 706 472 0 48 6
a 708 115 0 25 7
a 708 195 0 8 7
a 708 132 0 50 4
a 708 520 0 41 8
a 712 144 0 25 5
a 712 717 0 48 1
a 715 930 0 25 10
a 715 233 0 29 4
a 715 617 0 29 3
a 716 499 0 25 6
a 716 909 0 17 5
a 716 946 0 48 6
a 716 294 0 30 7
a 716 544 0 18 5
a 716 642 0 2 9
a 720 509 0 25 4
a 720 291 0 31 4
a 720 341 0 28 4
a 720 495 0 8 4
a 720 263 0 10 9
a 720 545 0 19 4
a 722 204 0 25 5
a 722 350 0 22 7
a 722 278 0 35 4
a 724 400 0 25 4
a 724 990 0 10 7
a 724 715 0 47 3
a 724 508 0 17 10
a 725 138 0 25 6
a 725 718 0 47 10
a 725 146 0 32 5
a 725 929 0 41 1
a 725 139 0 44 10
a 725 275 0 9 2
a 727 676 0 25 6
a 727 837 0 13 3
a 727 221 0 41 3
a 729 417 0 25 6
a 729 493 0 9 10
a 729 198 0 9 3
a 729 20 0 23 1
a 729 133 0 42 5
a 729 741 0 12 6
a 731 454 0 25 1
a 731 559 0 33 4
a 731 943 0 12 4
a 731 966 0 8 3
a 731 764 0 47 5
a 731 873 0 39 7
a 732 90 0 25 4
a 732 666 0 25 4
a 732 132 0 48 10
a 732 7 0 31 3
a 734 794 0 25 4
a 734 92 0 24 3
a 734 394 0 15 4
a 734 799 0 33 5
a 734 215 0 14 5
a 735 989 0 25 5
a 735 656 0 13 5
a 736 836 0 25 8
a 736 467 0 47 7
a 736 233 0 37 10
a 736 892 0 43 9
a 736 40 0 15 3
a 737 939 0 25 3
a 737 523 0 12 5
a 738 285 0 25 6
a 738 152 0 19 9
a 738 627 0 40 4
a 738 446 0 48 2
a 738 609 0 6 2
a 738 288 0 29 7
a 739 158 0 25 6
a 739 625 0 5 3
a 739 195 0 7 9
a 739 747 0 17 1
a 739 810 0 1 3
a 743 182 0 25 4
a 743 141 0 32 4
a 743 585 0 28 10
a 743 530 0 39 3
a 743 127 0 29 6
a 743 359 0 21 7
a 744 731 0 25 10
a 744 16 0 11 4
a 744 359 0 15 4
a 744 814 0 15 8
a 744 713 0 15 1
a 746 866 0 25 6
a 746 524 0 44 9
a 746 441 0 8 9
a 747 720 0 25 1
a 747 658 0 35 6
a 747 959 0 32 4
a 747 988 0 27 4
a 747 276 0 26 8
a 747 622 0 20 5
a 748 686 0 25 2
a 748 263 0 48 8
a 748 176 0 3 3
a 748 821 0 14 5
a 748 587 0 11 7
a 750 195 0 25 10
a 750 57 0 40 2
a 750 889 0 2 10
a 750 799 0 25 4
a 750 588 0 21 10
a 750 979 0 35 1
a 754 177 0 25 1
a 754 717 0 21 1
a 754 679 0 36 1
a 754 635 0 43 8
a 754 511 0 46 10
a 754 510 0 25 6
a 760 396 0 25 7
a 760 490 0 44 9
a 760 305 0 40 5
a 760 716 0 26 1
a 760 369 0 31 7
a 761 540 0 25 6
a 761 759 0 29 1
a 761 672 0 4 10
a 763 468 0 25 1
a 763 441 0 49 8
a 764 329 0 25 9
a 764 770 0 28 6
a 764 835 0 42 9
a 766 630 0 25 9
a 766 373 0 2 2
a 766 722 0 43 9
a 769 302 0 25 2
a 769 6 0 33 4
a 769 622 0 21 4
a 770 712 0 25 7
a 770 94 0 29 3
a 770 775 0 31 1
a 770 586 0 6 8
a 771 258 0 25 7
a 771 252 0 38 7
a 772 586 0 25 1
a 772 713 0 31 1
a 772 837 0 45 1
a 773 477 0 25 7
a 773 300 0 0 5
a 773 271 0 32 2
a 773 684 0 2 6
a 773 401 0 23 5
a 774 548 0 25 2
a 774 957 0 47 9
a 774 539 0 2 8
a 774 412 0 25 3
a 776 494 0 25 9
a 776 551 0 35 7
a 776 462 0 34 2
a 776 60 0 21 7
a 776 926 0 20 1
a 779 53 0 25 9
a 779 712 0 49 6
a 779 81 0 4 2
a 780 771 0 25 3
a 780 92 0 5 7
a 780 873 0 15 9
a 780 33 0 16 1
a 780 382 0 49 10
a 780 996 0 41 1
a 781 314 0 25 10
a 781 99 0 43 9
a 781 264 0 6 5
a 781 816 0 15 7
a 785 393 0 25 8
a 785 174 0 4 10
a 785 575 0 25 4
a 786 426 0 25 8
a 786 120 0 8 3
a 788 984 0 25 8
a 788 885 0 48 5
a 788 545 0 43 7
a 788 73 0 50 5
a 788 280 0 31 8
a 790 278 0 25 5
a 790 977 0 17 4
a 790 456 0 42 4
a 790 625 0 28 4
a 790 306 0 26 6
a 792 407 0 25 6
a 792 261 0 8 2
a 792 179 0 25 3
a 792 999 0 30 2
a 792 744 0 17 2
a 794 168 0 25 1
a 794 763 0 19 3
a 794 325 0 37 7
a 794 709 0 4 7
a 794 969 0 47 9
a 794 556 0 31 5
a 795 373 0 25 4
a 795 18 0 32 5
a 795 700 0 40 3
a 796 774 0 25 7
a 796 780 0 4 1
a 796 301 0 40 3
a 796 485 0 22 3
a 796 601 0 7 6
a 801 912 0 25 4
a 801 485 0 43 2
a 801 198 0 46 3
a 801 746 0 28 1
a 802 129 0 25 4
a 802 803 0 33 4
a 802 822 0 27 8
a 802 598 0 17 3
a 802 247 0 17 7
a 802 378 0 17 7
a 803 103 0 25 9
a 803 832 0 48 5
a 803 843 0 33 7
a 803 946 0 45 4
a 803 406 0 18 2
a 803 67 0 10 8
a 807 219 0 25 2
a 807 145 0 47 8
a 807 835 0 43 1
a 807 447 0 26 4
a 808 406 0 25 3
a 808 555 0 24 1
a 808 459 0 32 1
a 808 952 0 14 3
a 813 938 0 25 1
a 813 336 0 47 3
a 813 459 0 30 10
a 814 929 0 25 6
a 814 820 0 10 9
a 814 259 0 37 3
a 814 186 0 46 8
a 814 124 0 38 7
a 817 391 0 25 8
a 817 124 0 45 2
a 817 10 0 41 2
a 817 626 0 40 1
a 817 704 0 21 10
a 819 162 0 25 1
a 819 144 0 35 9
a 819 140 0 5 3
a 819 769 0 13 5
a 820 399 0 25 3
a 820 149 0 21 10
a 820 814 0 25 6
a 820 829 0 16 2
a 820 535 0 42 3
a 822 255 0 25 9
a 822 798 0 15 1
a 823 405 0 25 10
a 823 928 0 0 1
a 823 394 0 21 1
a 823 219 0 20 8
a 827 268 0 25 9
a 827 779 0 50 7
a 827 983 0 32 5
a 827 615 0 42 4
a 827 923 0 36 3
a 828 4 0 25 1
a 828 846 0 2 1
a 830 584 0 25 10
a 830 116 0 42 4
a 833 187 0 25 6
a 833 182 0 12 2
a 833 393 0 17 2
a 833 568 0 2 7
a 833 703 0 20 3
a 834 446 0 25 7
a 834 686 0 39 1
a 834 178 0 28 2
a 834 670 0 50 4
a 834 701 0 8 7
a 835 706 0 25 3
a 835 703 0 40 7
a 835 764 0 28 3
a 835 577 0 17 5
a 835 520 0 40 6
a 836 987 0 25 5
a 836 902 0 11 4
a 836 988 0 41 4
a 836 371 0 32 6
a 837 57 0 25 5
a 837 465 0 16 9
a 837 595 0 40 2
a 841 161 0 25 5
a 841 164 0 14 4
a 841 972 0 30 8
a 842 898 0 25 8
a 842 616 0 32 10
a 845 16 0 25 5
a 845 539 0 15 4
a 847 371 0 25 10
a 847 334 0 46 10
a 847 944 0 15 8
a 847 379 0 0 9
a 847 266 0 50 10
a 848 404 0 25 8
a 848 94 0 26 3
a 851 259 0 25 8
a 851 601 0 12 1
a 852 593 0 25 1
a 852 508 0 0 7
a 852 231 0 18 2
a 854 910 0 25 3
a 854 756 0 41 3
a 857 750 0 25 1
a 857 418 0 16 8
a 858 340 0 25 6
a 858 976 0 43 6
a 858 940 0 30 3
a 859 298 0 25 10
a 859 432 0 9 7
a 859 302 0 27 6
a 860 480 0 25 4
a 860 620 0 42 10
a 860 847 0 25 7
a 861 574 0 25 4
a 861 837 0 24 4
a 861 7 0 35 7
a 864 196 0 25 4
a 864 850 0 8 8
a 864 635 0 8 6
a 864 936 0 30 5
a 864 934 0 7 5
a 864 962 0 29 9
a 865 963 0 25 9
a 865 431 0 45 8
a 866 936 0 25 10
a 866 76 0 32 5
a 866 291 0 31 1
a 866 194 0 14 10
a 866 26 0 45 3
a 866 907 0 36 7
a 868 792 0 25 8
a 868 340 0 32 2
a 868 115 0 12 1
a 868 76 0 22 9
a 868 129 0 41 3
a 869 336 0 25 6
a 869 71 0 37 8
a 872 19 0 25 4
a 872 695 0 42 7
a 873 695 0 25 3
a 873 913 0 18 9
a 873 102 0 23 3
a 873 73 0 49 2
a 873 285 0 10 3
a 873 425 0 34 1
a 874 722 0 25 7
a 874 181 0 19 3
a 874 213 0 33 2
a 874 400 0 2 8
a 874 528 0 45 3
a 875 175 0 25 8
a 875 419 0 11 5
a 877 738 0 25 3
a 877 966 0 49 5
a 877 392 0 40 3
a 877 337 0 14 4
a 877 693 0 45 7
a 879 58 0 25 4
a 879 941 0 30 5
a 879 891 0 49 5
a 879 848 0 42 8
a 879 694 0 46 9
a 881 700 0 25 5
a 881 67 0 0 1
a 881 817 0 0 3
a 882 294 0 25 7
a 882 111 0 6 3
a 883 612 0 25 9
a 883 471 0 10 1
a 887 43 0 25 4
a 887 806 0 16 5
a 888 689 0 25 9
a 888 694 0 7 3
a 888 643 0 41 4
a 888 477 0 33 2
a 890 86 0 25 5
a 890 189 0 34 9
a 893 200 0 25 5
a 893 370 0 3 6
a 893 482 0 39 2
a 894 3 0 25 6
a 894 387 0 34 3
a 894 985 0 17 10
a 896 328 0 25 5
a 896 378 0 19 7
a 896 71 0 13 6
a 896 771 0 30 9
a 896 849 0 46 3
a 896 517 0 15 4
a 897 598 0 25 2
a 897 654 0 38 10
a 897 277 0 26 8
a 898 796 0 25 9
a 898 454 0 29 10
a 898 787 0 13 8
a 898 124 0 4 2
a 898 814 0 8 10
a 900 191 0 25 4
a 900 931 0 20 3
a 900 585 0 48 7
a 900 494 0 13 8
a 900 978 0 41 8
a 901 264 0 25 8
a 901 589 0 10 5
a 903 954 0 25 8
a 903 101 0 43 5
a 904 919 0 25 3
a 904 736 0 2 9
a 906 412 0 25 10
a 906 521 0 49 2
a 906 441 0 9 10
a 906 750 0 15 6
a 906 168 0 26 8
a 906 243 0 13 3
a 907 378 0 25 1
a 907 110 0 40 2
a 907 120 0 21 10
a 907 210 0 30 9
a 908 395 0 25 1
a 908 857 0 19 9
a 908 926 0 9 9
a 908 324 0 6 9
a 908 43 0 40 2
a 910 788 0 25 1
a 910 306 0 27 6
a 910 301 0 31 3
a 910 270 0 6 5
a 912 770 0 25 4
a 912 238 0 46 6
a 912 454 0 48 2
a 913 65 0 25 8
a 913 167 0 9 5
a 914 398 0 25 8
a 914 122 0 48 3
a 914 339 0 40 9
a 914 205 0 37 5
a 918 585 0 25 3
a 918 534 0 21 8
a 918 603 0 46 9
a 919 29 0 25 1
a 919 219 0 7 6
a 919 96 0 22 3
a 919 390 0 21 2
a 919 536 0 6 7
a 920 218 0 25 4
a 920 222 0 33 6
a 920 846 0 39 1
a 920 166 0 32 5
a 921 922 0 25 9
a 921 998 0 40 10
a 921 215 0 35 1
a 921 995 0 19 5
a 922 737 0 25 5
a 922 428 0 25 7
a 925 369 0 25 8
a 925 552 0 16 1
a 925 829 0 6 6
a 925 808 0 32 7
a 925 505 0 5 7
a 927 897 0 25 4
a 927 289 0 6 2
a 927 920 0 43 10
a 927 972 0 50 8
a 927 474 0 22 3
a 928 321 0 25 8
a 928 317 0 45 9
a 928 159 0 23 2
a 929 542 0 25 3
a 929 450 0 46 3
a 929 269 0 48 1
a 929 215 0 8 4
a 930 82 0 25 10
a 930 975 0 24 7
a 930 279 0 17 2
a 930 236 0 17 10
a 932 105 0 25 5
a 932 950 0 49 9
a 932 275 0 46 3
a 932 858 0 35 9
a 932 879 0 44 6
a 935 958 0 25 1
a 935 511 0 48 9
a 936 705 0 25 1
a 936 765 0 6 10
a 936 769 0 35 2
a 937 734 0 25 8
a 937 619 0 46 4
a 938 976 0 25 7
a 938 177 0 23 8
a 938 633 0 11 3
a 938 233 0 6 4
a 938 107 0 45 2
a 939 696 0 25 6
a 939 978 0 30 9
a 939 624 0 5 9
a 939 386 0 25 4
a 941 130 0 25 9
a 941 987 0 26 6
a 941 303 0 1 5
a 945 507 0 25 1
a 945 831 0 46 3
a 945 386 0 3 3
a 946 986 0 25 6
a 946 517 0 30 6
a 946 852 0 32 2
a 948 284 0 25 5
a 948 204 0 11 7
a 951 40 0 25 7
a 951 231 0 27 5
a 951 740 0 45 5
a 953 859 0 25 10
a 953 54 0 7 1
a 953 521 0 7 1
a 954 786 0 25 9
a 954 646 0 13 10
a 954 310 0 1 2
a 954 872 0 48 1
a 955 966 0 25 6
a 955 903 0 17 6
a 955 835 0 1 7
a 955 207 0 40 1
a 957 563 0 25 5
a 957 395 0 46 3
a 957 475 0 3 7
a 958 848 0 25 1
a 958 815 0 36 6
a 958 307 0 38 2
a 958 591 0 20 3
a 958 888 0 30 2
a 960 269 0 25 2
a 960 732 0 31 5
a 962 857 0 25 9
a 962 922 0 29 4
a 963 582 0 25 6
a 963 931 0 22 5
a 963 583 0 43 8
a 965 921 0 25 7
a 965 678 0 2 2
a 965 204 0 1 1
a 966 534 0 25 10
a 966 589 0 11 2
a 966 73 0 17 9
a 966 952 0 42 5
a 967 980 0 25 3
a 967 258 0 29 6
a 971 469 0 25 10
a 971 1000 0 39 5
a 971 155 0 3 4
a 971 868 0 40 9
a 971 411 0 1 2
a 971 188 0 46 7
a 974 68 0 25 4
a 974 259 0 24 6
a 974 663 0 15 10
a 974 692 0 42 6
a 974 375 0 37 6
a 976 489 0 25 7
a 976 438 0 5 3
a 976 848 0 34 1
a 976 645 0 23 6
a 978 505 0 25 10
a 978 384 0 37 5
a 978 279 0 32 4
a 978 898 0 42 4
a 980 239 0 25 4
a 980 898 0 20 10
a 983 146 0 25 1
a 983 489 0 10 1
a 983 939 0 46 2
a 983 852 0 17 5
a 983 214 0 5 2
a 984 503 0 25 1
a 984 465 0 37 9
a 984 175 0 17 10
a 984 895 0 21 6
a 984 69 0 4 1
a 985 702 0 25 1
a 985 657 0 30 6
a 985 633 0 8 1
a 985 374 0 18 7
a 986 49 0 25 9
a 986 311 0 18 10
a 986 471 0 2 6
a 986 206 0 38 3
a 987 439 0 25 2
a 987 789 0 20 9
a 989 12 0 25 10
a 989 602 0 48 7
a 989 129 0 20 9
a 991 622 0 25 6
a 991 973 0 1 4
a 992 573 0 25 5
a 992 28 0 36 8
a 992 326 0 38 3
a 995 247 0 25 2
a 995 187 0 36 3
a 995 69 0 5 10
a 998 221 0 25 3
a 998 28 0 48 6
