c PyNETGEN v1.0.0
c $ pip install pynetgen
c
c  NETGEN flow network generation algorithm
c  Problem input parameters
c  -------------------------------------
c   Random seed:          5
c   Number of nodes:      1000
c   Source nodes:         2
c   Sink nodes:           2
c   Number of arcs:       4000
c   Minimum arc cost:     1
c   Maximum arc cost:     10
c   Total supply:         50
c   Transshipment -
c     Sources:            0
c     Sinks:              0
c   Skeleton arcs -
c     With max cost:      0
c     Capacitated:        100
c   Minimum arc capacity: 0
c   Maximum arc capacity: 50
c
c  *** Minimum cost flow ***
c
p min 1000 4000
n 1 11
n 2 39
n 999 -22
n 1000 -28
a 1 276 0 11 8
a 1 744 0 36 1
a 3 320 0 11 1
a 3 18 0 16 5
a 3 209 0 10 2
a 3 841 0 44 2
a 3 802 0 0 3
a 3 941 0 4 6
a 4 289 0 11 4
a 4 156 0 30 1
a 5 94 0 11 8
a 5 962 0 35 8
a 5 326 0 33 10
a 5 876 0 35 9
a 5 882 0 48 9
a 5 748 0 49 9
a 5 975 0 5 10
a 6 342 0 11 2
a 6 298 0 28 9
a 7 879 0 11 5
a 7 918 0 25 2
a 7 300 0 34 7
a 8 246 0 11 7
a 8 176 0 34 4
a 8 476 0 24 5
a 8 842 0 14 1
a 8 669 0 48 9
a 8 836 0 18 1
a 9 528 0 11 4
a 9 336 0 26 6
a 9 596 0 12 9
a 9 926 0 35 9
a 10 918 0 11 3
a 10 364 0 32 3
a 10 912 0 49 3
a 10 800 0 27 5
a 13 132 0 11 7
a 13 658 0 32 3
a 13 501 0 41 4
a 13 514 0 30 3
a 16 592 0 11 3
a 16 980 0 3 9
a 16 166 0 6 7
a 16 900 0 31 10
a 18 890 0 11 6
a 18 189 0 41 2
a 18 960 0 49 5
a 20 860 0 11 8
a 20 946 0 19 9
a 20 189 0 29 7
a 20 250 0 23 9
a 20 981 0 33 2
a 20 892 0 8 3
a 20 618 0 30 5
a 22 688 0 11 7
a 22 550 0 49 5
a 22 877 0 17 4
a 22 235 0 34 8
a 22 901 0 47 7
a 23 127 0 11 6
a 23 919 0 10 1
a 23 50 0 12 4
a 23 614 0 44 10
a 25 325 0 11 9
a 25 913 0 33 4
a 25 860 0 30 8
a 25 111 0 36 10
a 25 536 0 21 9
a 25 545 0 31 9
a 26 260 0 11 8
a 26 671 0 22 3
a 26 77 0 14 1
a 26 499 0 34 6
a 26 936 0 6 9
a 28 923 0 11 8
a 28 748 0 11 9
a 28 898 0 26 2
a 29 272 0 11 3
a 29 949 0 30 2
a 29 447 0 34 8
a 29 107 0 23 1
a 30 668 0 11 5
a 30 228 0 40 9
a 30 141 0 43 9
a 31 947 0 11 8
a 31 766 0 18 6
a 31 472 0 10 8
a 31 304 0 11 9
a 31 258 0 20 8
a 33 65 0 11 10
a 33 406 0 32 5
a 36 158 0 11 5
a 36 202 0 41 7
a 38 803 0 11 7
a 38 525 0 13 7
a 38 874 0 22 5
a 38 726 0 16 10
a 39 68 0 11 3
a 39 822 0 20 1
a 39 20 0 23 9
a 41 397 0 11 4
a 41 765 0 15 4
a 41 920 0 42 7
a 41 541 0 11 8
a 41 313 0 9 6
a 41 752 0 40 10
a 45 781 0 11 7
a 45 32 0 21 4
a 45 309 0 22 10
a 45 44 0 20 8
a 45 182 0 45 8
a 49 431 0 11 9
a 49 302 0 27 3
a 49 606 0 43 3
a 49 71 0 12 2
a 49 427 0 5 4
a 49 620 0 17 8
a 50 502 0 11 3
a 50 608 0 10 2
a 50 637 0 46 3
a 50 607 0 37 6
a 54 466 0 11 4
a 54 815 0 39 1
a 54 63 0 28 1
a 54 812 0 47 5
a 54 68 0 3 10
a 54 770 0 48 3
a 54 221 0 11 4
a 58 448 0 11 1
a 58 589 0 18 10
a 58 485 0 19 1
a 58 175 0 16 9
a 58 629 0 35 7
a 58 88 0 49 1
a 60 170 0 11 8
a 60 993 0 36 4
a 60 937 0 5 8
a 60 776 0 28 2
a 60 527 0 21 9
a 62 82 0 11 3
a 62 884 0 9 1
a 62 454 0 21 9
a 62 47 0 14 4
a 63 301 0 11 4
a 63 92 0 11 8
a 63 452 0 25 2
a 63 642 0 20 9
a 65 783 0 11 4
a 65 37 0 21 10
a 67 706 0 11 4
a 67 730 0 41 6
a 67 49 0 3 5
a 67 437 0 48 6
a 68 362 0 11 2
a 68 6 0 20 2
a 68 46 0 19 2
a 68 164 0 47 7
a 69 387 0 11 2
a 69 464 0 17 5
a 69 391 0 3 6
a 69 115 0 42 6
a 69 700 0 29 3
a 70 380 0 11 5
a 70 491 0 26 1
a 70 473 0 12 9
a 70 759 0 22 9
a 71 204 0 11 7
a 71 769 0 30 10
a 71 534 0 22 5
a 71 775 0 15 5
a 72 231 0 11 10
a 72 844 0 9 5
a 73 773 0 11 3
a 73 614 0 3 2
a 76 249 0 11 2
a 76 509 0 11 3
a 76 301 0 33 6
a 76 596 0 26 6
a 76 407 0 7 6
a 76 105 0 18 5
a 76 283 0 24 5
a 78 419 0 11 2
a 78 198 0 2 10
a 78 805 0 17 4
a 78 905 0 5 3
a 78 200 0 48 8
a 79 491 0 11 7
a 79 273 0 17 6
a 79 598 0 36 4
a 79 672 0 50 1
a 81 205 0 11 1
a 81 243 0 40 9
a 82 934 0 11 10
a 82 329 0 34 3
a 82 623 0 29 3
a 82 232 0 48 5
a 82 547 0 12 4
a 84 757 0 11 9
a 84 773 0 5 3
a 84 914 0 6 6
a 86 339 0 11 7
a 86 214 0 33 1
a 86 545 0 19 9
a 86 819 0 21 5
a 90 687 0 11 9
a 90 644 0 18 4
a 90 943 0 10 4
a 90 449 0 14 3
a 90 551 0 39 4
a 94 673 0 11 6
a 94 920 0 6 7
a 95 922 0 11 3
a 95 494 0 2 5
a 95 483 0 33 6
a 95 410 0 8 4
a 95 991 0 45 3
a 95 223 0 0 7
a 95 770 0 49 6
a 96 495 0 11 9
a 96 29 0 37 6
a 96 416 0 41 2
a 96 12 0 7 6
a 96 90 0 45 2
a 96 513 0 18 4
a 97 959 0 11 8
a 97 804 0 3 10
a 99 853 0 11 9
a 99 178 0 16 1
a 102 373 0 11 1
a 102 827 0 38 8
a 102 922 0 4 9
a 104 332 0 11 3
a 104 75 0 1 5
a 104 377 0 14 9
a 104 118 0 20 1
a 110 485 0 11 8
a 110 904 0 31 1
a 110 192 0 48 2
a 110 509 0 0 7
a 114 543 0 11 9
a 114 804 0 48 1
a 114 139 0 6 8
a 114 988 0 36 9
a 115 630 0 11 6
a 115 886 0 12 2
a 115 601 0 28 9
a 115 816 0 31 2
a 118 18 0 11 10
a 118 925 0 20 1
a 118 205 0 12 10
a 118 835 0 39 9
a 120 627 0 11 9
a 120 1000 0 11 1
a 120 169 0 29 3
a 120 791 0 0 5
a 121 733 0 11 5
a 121 344 0 32 6
a 121 814 0 23 4
a 121 222 0 34 10
a 121 71 0 24 4
a 127 898 0 11 9
a 127 592 0 14 5
a 127 615 0 39 8
a 127 318 0 29 2
a 127 877 0 22 10
a 127 442 0 18 5
a 130 357 0 11 10
a 130 38 0 13 2
a 131 732 0 11 9
a 131 692 0 8 6
a 131 953 0 37 9
a 131 401 0 49 9
a 131 904 0 7 10
a 131 446 0 44 10
a 132 605 0 11 4
a 132 955 0 28 6
a 133 264 0 11 6
a 133 985 0 43 5
a 133 351 0 27 4
a 133 239 0 3 1
a 133 657 0 8 2
a 133 288 0 39 1
a 143 328 0 11 9
a 143 562 0 31 9
a 143 411 0 22 9
a 144 992 0 11 2
a 144 479 0 13 8
a 144 587 0 32 6
a 144 48 0 26 8
a 146 118 0 11 4
a 146 736 0 1 2
a 147 458 0 11 2
a 147 362 0 9 2
a 147 876 0 8 8
a 150 110 0 11 5
a 150 723 0 20 7
a 152 995 0 11 10
a 152 588 0 35 7
a 152 707 0 47 7
a 152 703 0 7 8
a 153 518 0 11 7
a 153 651 0 12 6
a 153 476 0 41 6
a 153 653 0 11 1
a 153 528 0 11 3
a 153 948 0 23 10
a 153 434 0 44 2
a 156 686 0 11 5
a 156 569 0 41 5
a 156 799 0 6 1
a 156 804 0 18 5
a 156 121 0 42 2
a 156 430 0 33 10
a 157 407 0 11 8
a 157 257 0 42 3
a 158 653 0 11 10
a 158 549 0 2 2
a 158 671 0 19 7
a 160 633 0 11 3
a 160 135 0 32 4
a 160 713 0 19 6
a 162 238 0 11 6
a 162 482 0 3 8
a 162 312 0 28 6
a 162 899 0 24 6
a 166 444 0 11 6
a 166 624 0 44 9
a 166 258 0 39 3
a 166 307 0 40 8
a 166 732 0 49 7
a 166 997 0 3 2
a 166 800 0 50 7
a 168 449 0 11 7
a 168 237 0 1 4
a 168 65 0 35 5
a 168 899 0 22 1
a 170 655 0 11 1
a 170 913 0 32 7
a 170 61 0 42 7
a 170 328 0 41 9
a 177 273 0 11 9
a 177 416 0 38 8
a 177 788 0 15 6
a 177 222 0 15 3
a 177 296 0 25 8
a 177 736 0 1 9
a 178 945 0 11 9
a 178 912 0 4 6
a 178 564 0 30 6
a 178 392 0 23 7
a 178 956 0 26 5
a 180 329 0 11 1
a 180 590 0 45 5
a 180 726 0 45 3
a 180 702 0 42 10
a 181 581 0 11 4
a 181 1000 0 34 6
a 181 876 0 41 7
a 181 249 0 33 7
a 184 723 0 11 9
a 184 91 0 0 9
a 184 764 0 16 9
a 184 778 0 18 1
a 185 594 0 11 9
a 185 897 0 20 2
a 185 53 0 9 8
a 186 405 0 11 8
a 186 532 0 48 5
a 186 955 0 32 9
a 186 52 0 0 7
a 186 690 0 35 10
a 187 388 0 11 1
a 187 425 0 31 2
a 187 710 0 43 1
a 187 327 0 37 8
a 189 942 0 11 2
a 189 216 0 10 5
a 190 427 0 11 5
a 190 896 0 33 10
a 190 104 0 38 2
a 190 144 0 9 3
a 190 272 0 15 2
a 192 45 0 11 2
a 192 475 0 49 9
a 192 570 0 26 6
a 192 941 0 33 9
a 195 960 0 11 5
a 195 781 0 37 1
a 195 88 0 47 2
a 198 457 0 11 1
a 198 177 0 6 3
a 198 610 0 35 6
a 198 678 0 3 3
a 198 978 0 45 4
a 198 274 0 27 3
a 199 602 0 11 2
a 199 282 0 37 3
a 200 787 0 11 10
a 200 337 0 23 1
a 200 796 0 40 9
a 202 782 0 11 9
a 202 570 0 15 7
a 202 191 0 39 2
a 203 33 0 11 1
a 203 71 0 35 4
a 203 937 0 36 1
a 203 916 0 18 1
a 203 378 0 5 7
a 203 373 0 18 3
a 204 39 0 11 3
a 204 529 0 25 7
a 204 331 0 33 9
a 204 694 0 7 3
a 205 337 0 11 10
a 205 213 0 8 3
a 205 987 0 29 9
a 205 364 0 21 9
a 206 806 0 11 2
a 206 438 0 36 4
a 206 548 0 28 8
a 207 432 0 11 6
a 207 255 0 19 8
a 207 668 0 44 4
a 208 841 0 11 8
a 208 454 0 8 7
a 208 380 0 10 2
a 208 479 0 26 6
a 210 909 0 11 9
a 210 333 0 21 6
a 210 376 0 18 3
a 210 289 0 4 6
a 210 513 0 47 6
a 210 90 0 18 10
a 211 398 0 11 7
a 211 923 0 11 1
a 211 762 0 3 7
a 211 891 0 14 10
a 211 367 0 44 7
a 211 658 0 24 4
a 218 953 0 11 9
a 218 279 0 28 1
a 218 627 0 28 6
a 218 306 0 29 2
a 220 537 0 11 9
a 220 54 0 39 7
a 223 748 0 11 9
a 223 645 0 47 8
a 223 914 0 50 2
a 223 70 0 10 3
a 223 403 0 1 7
a 223 206 0 23 6
a 224 632 0 11 8
a 224 437 0 0 6
a 224 472 0 1 1
a 226 788 0 11 5
a 226 786 0 44 7
a 226 585 0 39 5
a 226 821 0 22 8
a 226 662 0 25 1
a 226 199 0 48 8
a 227 184 0 11 7
a 227 5 0 6 7
a 227 677 0 32 10
a 227 158 0 28 5
a 228 331 0 11 8
a 228 581 0 22 7
a 229 317 0 11 9
a 229 711 0 11 10
a 229 315 0 26 2
a 229 727 0 11 10
a 229 998 0 36 1
a 229 561 0 30 3
a 230 374 0 11 7
a 230 931 0 49 7
a 230 381 0 6 4
a 230 408 0 23 8
a 230 850 0 41 10
a 230 149 0 19 5
a 231 482 0 11 5
a 231 420 0 32 1
a 234 390 0 11 10
a 234 674 0 0 7
a 234 333 0 3 9
a 234 481 0 33 10
a 234 164 0 39 1
a 235 415 0 11 6
a 235 190 0 36 1
a 235 395 0 16 6
a 235 920 0 48 1
a 238 865 0 11 5
a 238 612 0 19 6
a 238 543 0 9 6
a 238 60 0 27 5
a 240 523 0 11 7
a 240 15 0 16 5
a 240 575 0 5 3
a 242 970 0 11 10
a 242 145 0 45 1
a 244 316 0 11 3
a 244 413 0 27 10
a 244 401 0 10 9
a 244 812 0 2 10
a 244 54 0 48 5
a 244 119 0 4 10
a 246 513 0 11 8
a 246 757 0 38 2
a 246 341 0 41 7
a 246 360 0 50 2
a 249 10 0 11 7
a 249 264 0 44 3
a 249 907 0 9 7
a 249 920 0 23 9
a 249 998 0 8 2
a 250 420 0 11 1
a 250 344 0 13 10
a 252 318 0 11 2
a 252 572 0 10 2
a 252 457 0 18 2
a 252 819 0 41 5
a 252 205 0 40 7
a 252 981 0 9 1
a 254 199 0 11 9
a 254 170 0 21 4
a 254 953 0 16 7
a 254 870 0 46 1
a 254 917 0 47 8
a 259 60 0 11 8
a 259 328 0 16 5
a 259 473 0 37 6
a 259 267 0 43 10
a 259 312 0 12 2
a 260 293 0 11 10
a 260 605 0 9 5
a 260 962 0 26 9
a 261 190 0 11 2
a 261 202 0 28 5
a 261 931 0 12 4
a 261 494 0 46 6
a 261 768 0 8 1
a 261 127 0 15 3
a 263 352 0 11 3
a 263 561 0 23 1
a 263 917 0 50 8
a 263 877 0 13 6
a 263 324 0 39 5
a 264 691 0 11 7
a 264 120 0 2 2
a 264 215 0 14 5
a 264 84 0 35 9
a 264 95 0 31 5
a 265 269 0 11 3
a 265 258 0 27 8
a 265 923 0 17 7
a 265 349 0 6 8
a 265 456 0 46 5
a 265 518 0 49 8
a 267 78 0 11 5
a 267 376 0 25 7
a 267 491 0 50 4
a 267 439 0 36 8
a 267 811 0 24 2
a 267 200 0 45 9
a 268 789 0 11 6
a 268 974 0 41 3
a 269 351 0 11 5
a 269 96 0 24 6
a 272 541 0 11 6
a 272 347 0 18 1
a 272 752 0 17 10
a 272 638 0 15 5
a 273 927 0 11 6
a 273 607 0 33 8
a 273 908 0 38 1
a 276 938 0 11 1
a 276 498 0 13 6
a 276 985 0 15 9
a 280 26 0 11 2
a 280 232 0 39 8
a 282 207 0 11 4
a 282 813 0 3 9
a 285 484 0 11 10
a 285 86 0 16 4
a 285 994 0 11 6
a 285 742 0 14 7
a 286 895 0 11 7
a 286 844 0 40 9
a 286 510 0 41 8
a 286 177 0 31 7
a 289 268 0 11 6
a 289 612 0 28 5
a 289 402 0 11 9
a 289 1000 0 6 5
a 289 353 0 27 5
a 289 315 0 44 6
a 290 593 0 11 8
a 290 472 0 4 7
a 290 67 0 24 8
a 290 610 0 20 2
a 290 971 0 43 8
a 290 959 0 49 6
a 293 403 0 11 6
a 293 304 0 46 4
a 293 182 0 15 2
a 295 997 0 11 3
a 295 430 0 43 8
a 295 654 0 13 7
a 295 208 0 12 8
a 295 402 0 30 9
a 295 610 0 7 7
a 297 571 0 11 5
a 297 163 0 24 4
a 297 74 0 20 10
a 297 515 0 7 10
a 298 286 0 11 2
a 298 615 0 37 6
a 300 483 0 11 9
a 300 843 0 36 7
a 300 740 0 13 7
a 300 192 0 32 4
a 300 278 0 5 3
a 301 73 0 11 9
a 301 161 0 41 10
a 301 181 0 28 9
a 301 13 0 42 7
a 303 494 0 11 4
a 303 850 0 17 8
a 303 53 0 33 8
a 303 447 0 41 9
a 303 668 0 7 4
a 305 526 0 11 4
a 305 271 0 20 8
a 305 227 0 43 6
a 305 654 0 7 2
a 305 777 0 14 2
a 305 958 0 30 7
a 309 988 0 11 5
a 309 316 0 36 9
a 309 694 0 4 3
a 309 859 0 12 7
a 313 424 0 11 1
a 313 170 0 12 8
a 313 334 0 0 6
a 313 600 0 17 3
a 315 843 0 11 1
a 315 29 0 25 6
a 316 13 0 11 3
a 316 512 0 50 4
a 316 838 0 7 5
a 316 913 0 41 9
a 317 20 0 11 1
a 317 414 0 41 1
a 318 939 0 11 9
a 318 941 0 44 1
a 318 889 0 43 6
a 318 467 0 40 6
a 318 193 0 1 2
a 318 395 0 36 5
a 319 25 0 11 6
a 319 172 0 6 4
a 319 959 0 47 2
a 319 394 0 21 6
a 319 516 0 39 7
a 320 563 0 11 3
a 320 908 0 40 8
a 320 612 0 40 2
a 323 839 0 11 4
a 323 942 0 3 1
a 323 232 0 46 5
a 323 717 0 17 2
a 323 255 0 16 5
a 325 671 0 11 2
a 325 814 0 30 2
a 325 68 0 15 2
a 325 237 0 31 1
a 325 295 0 9 3
a 325 721 0 41 4
a 326 662 0 11 6
a 326 945 0 10 5
a 326 60 0 9 9
a 328 941 0 11 8
a 328 838 0 39 10
a 328 634 0 34 7
a 329 355 0 11 7
a 329 720 0 43 7
a 329 603 0 21 5
a 330 986 0 11 3
a 330 994 0 3 9
a 330 952 0 47 7
a 330 822 0 8 8
a 330 588 0 25 6
a 330 830 0 45 8
a 331 548 0 11 5
a 331 276 0 19 3
a 332 533 0 11 9
a 332 111 0 22 5
a 334 472 0 11 2
a 334 814 0 11 6
a 334 670 0 25 8
a 335 629 0 11 7
a 335 548 0 21 5
a 335 357 0 22 8
a 335 463 0 48 7
a 335 220 0 6 3
a 336 718 0 11 5
a 336 951 0 26 7
a 337 634 0 11 3
a 337 733 0 23 4
a 338 147 0 11 8
a 338 823 0 4 6
a 339 617 0 11 8
a 339 389 0 23 4
a 339 592 0 4 9
a 341 712 0 11 7
a 341 713 0 15 2
a 342 925 0 11 4
a 342 24 0 36 9
a 342 119 0 25 7
a 342 761 0 5 6
a 342 550 0 13 1
a 342 371 0 18 2
a 342 32 0 14 7
a 343 736 0 11 10
a 343 483 0 47 6
a 343 583 0 44 4
a 343 426 0 9 5
a 343 369 0 32 10
a 343 366 0 44 6
a 345 848 0 11 2
a 345 748 0 11 10
a 349 897 0 11 3
a 349 667 0 50 6
a 349 563 0 49 7
a 349 984 0 12 1
a 349 303 0 39 7
a 350 423 0 11 2
a 350 54 0 25 6
a 350 244 0 40 6
a 351 999 0 11 4
a 351 179 0 35 5
a 351 365 0 27 4
a 351 166 0 18 6
a 351 201 0 50 4
a 352 615 0 11 9
a 352 52 0 31 8
a 352 258 0 47 10
a 354 54 0 11 2
a 354 902 0 7 9
a 354 648 0 3 9
a 354 996 0 10 6
a 354 199 0 6 7
a 354 944 0 29 2
a 355 914 0 11 3
a 355 306 0 45 4
a 355 356 0 19 3
a 355 73 0 2 10
a 357 614 0 11 9
a 357 162 0 45 10
a 357 524 0 30 4
a 357 400 0 47 3
a 357 172 0 47 4
a 359 341 0 11 3
a 359 50 0 20 1
a 359 19 0 29 9
a 360 41 0 11 8
a 360 229 0 18 4
a 360 897 0 49 3
a 360 812 0 32 2
a 360 901 0 50 8
a 360 104 0 20 9
a 361 143 0 11 2
a 361 795 0 42 9
a 362 674 0 11 8
a 362 91 0 40 5
a 362 874 0 28 2
a 366 819 0 11 2
a 366 69 0 33 9
a 366 115 0 30 8
a 373 717 0 11 3
a 373 905 0 16 3
a 373 810 0 31 7
a 373 784 0 13 9
a 374 343 0 11 8
a 374 672 0 9 5
a 375 305 0 11 7
a 375 420 0 10 3
a 375 474 0 12 5
a 375 313 0 42 10
a 375 729 0 1 6
a 375 49 0 38 5
a 380 678 0 11 2
a 380 234 0 46 7
a 380 72 0 31 10
a 380 184 0 14 3
a 384 859 0 11 4
a 384 272 0 25 9
a 384 595 0 2 1
a 384 462 0 44 6
a 384 89 0 29 9
a 384 969 0 22 2
a 387 885 0 11 10
a 387 638 0 26 7
a 387 135 0 8 8
a 387 214 0 10 8
a 387 212 0 5 2
a 388 76 0 11 6
a 388 117 0 30 2
a 388 743 0 34 2
a 388 219 0 29 8
a 388 402 0 11 2
a 389 67 0 11 10
a 389 484 0 25 5
a 389 536 0 48 6
a 389 815 0 35 1
a 389 858 0 14 9
a 389 237 0 37 9
a 390 882 0 11 6
a 390 335 0 0 5
a 390 723 0 2 3
a 390 731 0 32 2
a 392 186 0 11 7
a 392 420 0 43 4
a 392 851 0 11 3
a 392 642 0 29 8
a 392 114 0 37 10
a 392 654 0 36 10
a 397 146 0 11 7
a 397 755 0 31 7
a 397 892 0 39 1
a 397 605 0 37 3
a 397 157 0 19 3
a 397 650 0 14 3
a 398 810 0 11 7
a 398 341 0 46 2
a 398 595 0 14 4
a 398 834 0 34 5
a 398 113 0 11 2
a 401 133 0 11 7
a 401 667 0 10 4
a 401 159 0 12 7
a 401 388 0 25 9
a 403 866 0 11 7
a 403 252 0 41 9
a 403 292 0 17 7
a 403 213 0 30 2
a 405 658 0 11 5
a 405 514 0 19 3
a 405 688 0 7 4
a 405 270 0 28 5
a 405 973 0 23 6
a 405 388 0 13 7
a 407 259 0 11 9
a 407 899 0 13 9
a 407 834 0 23 6
a 407 793 0 47 9
a 413 558 0 11 6
a 413 60 0 28 8
a 413 698 0 25 8
a 415 263 0 11 9
a 415 259 0 42 9
a 415 209 0 2 1
a 415 470 0 7 8
a 415 932 0 23 1
a 415 9 0 32 6
a 417 891 0 11 3
a 417 776 0 40 2
a 417 941 0 11 3
a 419 38 0 11 5
a 419 761 0 50 5
a 419 197 0 2 8
a 419 611 0 45 7
a 419 172 0 9 5
a 419 532 0 44 7
a 420 758 0 11 7
a 420 511 0 24 7
a 420 27 0 36 9
a 420 631 0 13 1
a 422 625 0 11 2
a 422 968 0 31 8
a 422 997 0 39 8
a 422 189 0 21 2
a 423 334 0 11 2
a 423 521 0 22 9
a 423 745 0 48 10
a 423 721 0 33 6
a 423 555 0 42 7
a 424 521 0 11 9
a 424 561 0 24 3
a 424 940 0 16 5
a 427 588 0 11 4
a 427 271 0 7 4
a 428 422 0 11 3
a 428 283 0 2 4
a 428 344 0 7 6
a 428 301 0 10 1
a 428 950 0 16 8
a 428 29 0 26 4
a 431 747 0 11 2
a 431 379 0 14 2
a 431 134 0 22 5
a 431 578 0 5 7
a 431 990 0 42 8
a 432 330 0 11 5
a 432 687 0 26 3
a 433 211 0 11 1
a 433 928 0 17 1
a 433 125 0 6 6
a 435 965 0 11 9
a 435 891 0 6 10
a 435 886 0 32 9
a 435 626 0 48 9
a 435 478 0 31 8
a 435 295 0 5 7
a 437 994 0 11 4
a 437 553 0 12 6
a 437 782 0 0 8
a 437 749 0 24 5
a 439 86 0 11 10
a 439 336 0 32 4
a 439 579 0 3 8
a 442 741 0 11 7
a 442 744 0 3 1
a 442 920 0 39 9
a 442 396 0 1 7
a 442 39 0 6 2
a 444 963 0 11 4
a 444 780 0 48 4
a 444 615 0 13 3
a 444 984 0 5 10
a 444 760 0 31 9
a 444 559 0 2 5
a 448 570 0 11 8
a 448 436 0 5 5
a 448 563 0 26 4
a 449 208 0 11 6
a 449 751 0 37 4
a 454 584 0 11 3
a 454 682 0 49 10
a 454 317 0 42 2
a 454 233 0 41 2
a 454 869 0 46 3
a 454 675 0 49 4
a 457 16 0 11 6
a 457 819 0 16 4
a 457 933 0 25 1
a 458 336 0 11 2
a 458 310 0 13 4
a 458 862 0 6 4
a 460 847 0 11 7
a 460 761 0 25 5
a 460 449 0 50 9
a 460 288 0 6 6
a 461 968 0 11 5
a 461 565 0 10 7
a 462 555 0 11 10
a 462 188 0 28 4
a 462 137 0 21 2
a 462 814 0 41 9
a 463 575 0 11 3
a 463 500 0 24 8
a 463 28 0 48 5
a 464 160 0 11 1
a 464 681 0 20 5
a 464 469 0 0 1
a 464 241 0 43 3
a 464 487 0 1 6
a 465 463 0 11 7
a 465 120 0 35 7
a 466 955 0 11 5
a 466 323 0 50 5
a 466 719 0 43 7
a 466 270 0 9 1
a 466 219 0 23 2
a 469 509 0 11 7
a 469 834 0 31 2
a 469 576 0 39 6
a 469 897 0 38 1
a 469 77 0 37 9
a 470 540 0 11 3
a 470 392 0 8 5
a 471 796 0 11 4
a 471 175 0 9 4
a 471 960 0 0 7
a 472 23 0 11 10
a 472 480 0 13 9
a 472 324 0 48 7
a 472 848 0 11 9
a 475 465 0 11 4
a 475 134 0 28 1
a 475 847 0 14 8
a 477 102 0 11 3
a 477 3 0 19 7
a 477 419 0 14 7
a 482 180 0 11 9
a 482 779 0 13 6
a 482 419 0 29 3
a 482 636 0 4 1
a 483 721 0 11 6
a 483 444 0 41 7
a 483 266 0 41 2
a 483 948 0 15 8
a 484 642 0 11 10
a 484 334 0 36 8
a 484 527 0 47 3
a 484 430 0 33 9
a 484 388 0 34 3
a 485 471 0 11 5
a 485 835 0 13 1
a 485 479 0 4 3
a 485 828 0 13 6
a 488 887 0 11 5
a 488 907 0 18 1
a 488 570 0 23 10
a 489 166 0 11 9
a 489 8 0 36 8
a 489 570 0 4 8
a 489 142 0 33 2
a 491 587 0 11 6
a 491 269 0 45 9
a 492 437 0 11 6
a 492 262 0 27 7
a 492 195 0 41 8
a 492 307 0 20 10
a 492 105 0 11 4
a 494 200 0 11 2
a 494 710 0 43 7
a 494 623 0 10 3
a 494 739 0 33 9
a 495 665 0 11 3
a 495 479 0 11 9
a 495 213 0 4 6
a 495 511 0 49 1
a 495 881 0 24 2
a 495 249 0 23 9
a 498 679 0 11 8
a 498 139 0 12 10
a 500 7 0 11 10
a 500 925 0 26 4
a 500 177 0 39 8
a 501 818 0 11 3
a 501 743 0 13 10
a 501 274 0 2 1
a 502 428 0 11 6
a 502 654 0 34 9
a 502 340 0 35 9
a 503 469 0 11 10
a 503 915 0 32 9
a 503 840 0 48 10
a 508 189 0 11 7
a 508 122 0 48 9
a 508 769 0 14 2
a 509 822 0 11 10
a 509 994 0 24 10
a 509 488 0 28 7
a 509 116 0 35 8
a 509 801 0 46 4
a 511 920 0 11 1
a 511 949 0 36 3
a 511 822 0 46 4
a 511 709 0 37 9
a 511 153 0 49 8
a 513 589 0 11 5
a 513 883 0 46 6
a 513 622 0 22 2
a 515 63 0 11 10
a 515 982 0 39 4
a 515 870 0 45 8
a 515 804 0 30 9
a 517 697 0 11 4
a 517 290 0 43 4
a 517 820 0 41 5
a 518 265 0 11 4
a 518 55 0 48 8
a 518 245 0 15 9
a 518 672 0 15 3
a 518 242 0 47 8
a 518 949 0 44 5
a 519 226 0 11 8
a 519 47 0 41 2
a 520 350 0 11 3
a 520 313 0 46 10
a 520 76 0 15 5
a 520 308 0 24 1
a 521 635 0 11 9
a 521 308 0 28 9
a 521 400 0 5 9
a 521 165 0 42 4
a 522 228 0 11 10
a 522 986 0 36 5
a 522 668 0 42 5
a 522 216 0 22 7
a 522 250 0 29 8
a 522 492 0 38 5
a 523 282 0 11 4
a 523 101 0 38 6
a 523 632 0 24 3
a 523 675 0 50 8
a 524 798 0 11 3
a 524 144 0 30 5
a 524 300 0 4 3
a 524 88 0 8 7
a 524 940 0 37 9
a 524 645 0 24 5
a 526 675 0 11 1
a 526 956 0 50 3
a 528 70 0 11 1
a 528 281 0 21 8
a 533 552 0 11 1
a 533 124 0 28 4
a 537 906 0 11 3
a 537 776 0 26 9
a 537 268 0 5 1
a 540 753 0 11 8
a 540 169 0 2 9
a 540 746 0 32 5
a 540 723 0 19 7
a 540 170 0 41 5
a 540 929 0 0 6
a 541 227 0 11 1
a 541 906 0 7 5
a 541 420 0 50 1
a 543 178 0 11 10
a 543 517 0 28 5
a 543 328 0 9 10
a 543 275 0 18 4
a 543 216 0 23 1
a 543 419 0 33 3
a 545 401 0 11 4
a 545 831 0 14 9
a 545 601 0 48 10
a 545 520 0 48 8
a 545 331 0 10 8
a 546 309 0 11 6
a 546 758 0 23 5
a 546 285 0 21 2
a 546 258 0 12 3
a 547 220 0 11 8
a 547 380 0 15 3
a 547 122 0 4 2
a 547 31 0 18 7
a 547 201 0 36 2
a 548 742 0 11 2
a 548 353 0 44 2
a 548 779 0 39 10
a 548 253 0 40 4
a 549 946 0 11 9
a 549 26 0 34 8
a 549 154 0 4 6
a 549 804 0 36 4
a 549 858 0 29 5
a 549 434 0 24 3
a 550 937 0 11 2
a 550 740 0 10 6
a 552 928 0 11 7
a 552 122 0 6 1
a 552 256 0 43 7
a 552 720 0 32 6
a 555 115 0 11 5
a 555 694 0 38 5
a 558 550 0 11 8
a 558 745 0 46 4
a 558 243 0 15 2
a 558 298 0 16 7
a 558 391 0 34 7
a 558 118 0 38 9
a 563 871 0 11 2
a 563 25 0 29 9
a 563 158 0 42 2
a 563 649 0 33 4
a 563 174 0 10 4
a 563 723 0 39 1
a 567 511 0 11 5
a 567 755 0 6 6
a 567 812 0 20 9
a 567 538 0 15 5
a 570 503 0 11 2
a 570 977 0 34 8
a 570 502 0 48 6
a 570 263 0 24 2
a 570 384 0 10 2
a 570 685 0 20 2
a 571 254 0 11 7
a 571 742 0 14 5
a 573 825 0 11 6
a 573 142 0 3 6
a 573 103 0 9 8
a 573 328 0 11 10
a 573 106 0 38 3
a 573 721 0 21 7
a 575 583 0 11 7
a 575 502 0 1 3
a 577 392 0 11 7
a 577 277 0 34 6
a 577 588 0 3 2
a 577 569 0 15 3
a 577 528 0 19 1
a 577 669 0 32 5
a 581 315 0 11 1
a 581 179 0 11 1
a 581 454 0 36 8
a 581 515 0 49 10
a 581 569 0 9 5
a 581 634 0 21 2
a 582 433 0 11 2
a 582 177 0 41 2
a 582 517 0 8 5
a 582 849 0 27 9
a 582 962 0 2 9
a 582 812 0 30 3
a 583 464 0 11 9
a 583 998 0 18 7
a 583 871 0 22 7
a 583 794 0 9 3
a 584 375 0 11 8
a 584 878 0 22 8
a 584 633 0 3 2
a 585 187 0 11 2
a 585 829 0 30 1
a 585 677 0 31 10
a 585 3 0 31 3
a 587 855 0 11 2
a 587 836 0 49 7
a 587 27 0 49 10
a 587 81 0 19 2
a 588 290 0 11 10
a 588 890 0 19 8
a 589 875 0 11 10
a 589 421 0 24 3
a 589 648 0 25 4
a 589 493 0 16 2
a 589 250 0 24 6
a 590 726 0 11 1
a 590 571 0 36 2
a 590 11 0 15 7
a 590 347 0 15 4
a 592 470 0 11 8
a 592 994 0 19 6
a 592 591 0 46 3
a 592 188 0 18 2
a 592 896 0 32 1
a 592 16 0 15 5
a 593 96 0 11 8
a 593 130 0 30 7
a 593 44 0 28 7
a 593 43 0 29 4
a 593 113 0 8 5
a 594 649 0 11 2
a 594 358 0 19 2
a 594 174 0 47 5
a 594 42 0 18 9
a 594 383 0 39 9
a 598 870 0 11 5
a 598 174 0 27 3
a 599 769 0 11 9
a 599 357 0 8 2
a 600 739 0 11 4
a 600 685 0 26 10
a 602 361 0 11 7
a 602 506 0 24 3
a 602 646 0 41 3
a 602 481 0 19 4
a 603 9 0 11 8
a 603 591 0 11 3
a 604 881 0 11 9
a 604 635 0 35 2
a 605 120 0 11 3
a 605 869 0 23 10
a 605 879 0 14 10
a 605 513 0 30 7
a 605 974 0 48 7
a 605 4 0 1 1
a 607 659 0 11 2
a 607 148 0 44 10
a 607 847 0 21 9
a 607 925 0 41 5
a 607 825 0 46 6
a 614 58 0 11 8
a 614 965 0 31 4
a 614 886 0 21 5
a 615 181 0 11 4
a 615 86 0 48 9
a 616 682 0 11 2
a 616 275 0 32 3
a 616 372 0 13 6
a 616 84 0 16 1
a 616 314 0 10 4
a 617 631 0 11 4
a 617 494 0 3 4
a 617 505 0 23 7
a 617 73 0 50 3
a 622 993 0 11 10
a 622 479 0 36 3
a 625 607 0 11 2
a 625 170 0 12 5
a 625 150 0 23 8
a 626 948 0 11 2
a 626 39 0 45 1
a 627 229 0 11 9
a 627 997 0 4 8
a 627 465 0 40 10
a 628 250 0 11 3
a 628 307 0 41 10
a 628 355 0 43 3
a 628 971 0 35 9
a 628 170 0 3 5
a 628 626 0 23 10
a 629 693 0 11 1
a 629 897 0 29 5
a 629 737 0 42 6
a 630 599 0 11 7
a 630 121 0 4 6
a 630 304 0 20 9
a 631 234 0 11 8
a 631 266 0 43 9
a 632 585 0 11 10
a 632 256 0 29 1
a 632 728 0 13 3
a 632 706 0 7 8
a 632 197 0 37 4
a 632 232 0 7 1
a 633 224 0 11 8
a 633 465 0 3 9
a 633 179 0 0 5
a 633 902 0 21 5
a 633 884 0 34 1
a 634 150 0 11 10
a 634 833 0 11 6
a 634 907 0 22 7
a 634 142 0 13 9
a 634 378 0 12 8
a 635 807 0 11 2
a 635 660 0 9 4
a 635 559 0 24 5
a 635 107 0 17 6
a 635 119 0 37 3
a 642 771 0 11 3
a 642 307 0 19 6
a 649 156 0 11 6
a 649 738 0 18 4
a 649 456 0 25 5
a 649 857 0 3 4
a 649 277 0 32 2
a 649 21 0 5 3
a 650 297 0 11 4
a 650 66 0 45 5
a 650 685 0 49 5
a 650 682 0 47 10
a 650 462 0 32 3
a 650 481 0 0 7
a 653 153 0 11 6
a 653 496 0 37 1
a 653 697 0 20 8
a 655 954 0 11 5
a 655 718 0 23 9
a 656 69 0 11 3
a 656 785 0 15 7
a 656 184 0 27 6
a 656 849 0 26 5
a 656 438 0 19 2
a 656 26 0 2 7
a 658 130 0 11 3
a 658 362 0 33 8
a 659 710 0 11 5
a 659 906 0 28 2
a 659 613 0 27 7
a 659 341 0 14 9
a 660 97 0 11 8
a 660 260 0 33 4
a 662 598 0 11 6
a 662 898 0 34 1
a 662 137 0 13 5
a 662 602 0 19 1
a 662 14 0 28 6
a 663 861 0 11 1
a 663 335 0 30 7
a 663 64 0 27 1
a 665 852 0 11 10
a 665 951 0 19 3
a 665 104 0 3 4
a 665 266 0 15 6
a 665 847 0 41 8
a 665 794 0 11 3
a 667 71 0 11 6
a 667 555 0 30 1
a 667 917 0 35 9
a 667 139 0 29 4
a 667 79 0 43 6
a 668 821 0 11 7
a 668 748 0 26 3
a 668 450 0 18 6
a 668 189 0 26 3
a 668 824 0 50 5
a 671 477 0 11 9
a 671 865 0 36 6
a 671 551 0 50 2
a 671 621 0 20 4
a 671 912 0 21 3
a 671 18 0 2 8
a 672 763 0 11 6
a 672 954 0 10 4
a 672 255 0 26 2
a 673 303 0 11 6
a 673 28 0 20 6
a 673 547 0 45 1
a 673 996 0 38 4
a 674 114 0 11 8
a 674 672 0 45 3
a 674 232 0 44 2
a 675 50 0 11 4
a 675 273 0 9 8
a 675 169 0 47 9
a 675 244 0 36 6
a 675 589 0 18 4
a 677 261 0 11 5
a 677 335 0 13 9
a 677 968 0 32 8
a 677 640 0 1 5
a 677 174 0 21 1
a 678 439 0 11 1
a 678 117 0 7 9
a 678 469 0 34 3
a 678 680 0 38 9
a 678 141 0 44 9
a 678 924 0 20 6
a 679 756 0 11 7
a 679 128 0 35 9
a 679 239 0 43 10
a 679 137 0 12 8
a 681 489 0 11 7
a 681 864 0 22 3
a 681 198 0 31 4
a 681 438 0 25 1
a 682 389 0 11 6
a 682 755 0 20 6
a 682 918 0 50 10
a 686 280 0 11 6
a 686 515 0 2 3
a 686 397 0 25 2
a 687 696 0 11 9
a 687 680 0 18 6
a 687 565 0 32 3
a 687 963 0 4 5
a 687 88 0 31 4
a 687 421 0 17 4
a 688 354 0 11 8
a 688 489 0 43 5
a 688 771 0 28 8
a 688 304 0 0 10
a 691 501 0 11 2
a 691 103 0 22 8
a 691 307 0 50 10
a 693 524 0 11 2
a 693 525 0 39 7
a 693 981 0 37 5
a 693 769 0 24 5
a 696 492 0 11 2
a 696 715 0 38 10
a 696 655 0 5 5
a 696 909 0 46 6
a 696 322 0 20 6
a 696 286 0 1 5
a 697 622 0 11 8
a 697 619 0 4 6
a 697 901 0 35 4
a 697 243 0 41 9
a 697 86 0 10 3
a 698 931 0 11 4
a 698 668 0 37 9
a 698 978 0 21 9
a 699 785 0 11 5
a 699 750 0 15 3
a 699 248 0 27 4
a 699 303 0 24 6
a 699 73 0 45 10
a 706 295 0 11 6
a 706 409 0 1 8
a 706 916 0 47 6
a 706 840 0 14 5
a 710 22 0 11 6
a 710 621 0 47 5
a 712 699 0 11 10
a 712 659 0 11 7
a 712 781 0 28 1
a 712 517 0 42 1
a 713 681 0 11 10
a 713 101 0 24 10
a 714 49 0 11 1
a 714 240 0 12 3
a 714 932 0 22 5
a 714 229 0 30 7
a 714 921 0 24 9
a 717 84 0 11 9
a 717 941 0 17 2
a 717 379 0 50 4
a 718 762 0 11 4
a 718 111 0 49 3
a 718 645 0 7 4
a 720 667 0 11 1
a 720 760 0 25 8
a 721 252 0 11 5
a 721 732 0 40 9
a 721 106 0 40 3
a 721 562 0 22 8
a 723 724 0 11 8
a 723 991 0 14 7
a 723 451 0 35 4
a 723 646 0 34 1
a 723 311 0 13 3
a 724 720 0 11 1
a 724 48 0 8 10
a 724 896 0 47 3
a 726 812 0 11 8
a 726 971 0 28 5
a 726 517 0 12 3
a 726 68 0 1 7
a 726 445 0 15 10
a 726 408 0 50 8
a 727 677 0 11 1
a 727 449 0 18 10
a 727 896 0 25 6
a 727 960 0 6 4
a 727 547 0 22 9
a 727 490 0 0 2
a 729 335 0 11 6
a 729 493 0 39 4
a 729 726 0 26 7
a 729 798 0 46 9
a 732 79 0 11 8
a 732 955 0 19 3
a 732 416 0 17 1
a 732 961 0 30 7
a 732 120 0 43 1
a 733 727 0 11 10
a 733 978 0 49 4
a 733 143 0 30 8
a 733 754 0 5 5
a 733 480 0 33 4
a 733 744 0 10 7
a 736 831 0 11 5
a 736 19 0 2 4
a 736 433 0 50 7
a 738 152 0 11 3
a 738 456 0 41 4
a 738 990 0 14 10
a 738 589 0 40 5
a 738 541 0 35 8
a 738 676 0 21 4
a 739 162 0 11 7
a 739 594 0 36 6
a 740 360 0 11 3
a 740 199 0 40 8
a 740 988 0 38 6
a 740 496 0 28 2
a 740 129 0 43 6
a 740 440 0 40 4
a 741 192 0 11 6
a 741 758 0 19 2
a 741 807 0 7 7
a 741 577 0 1 9
a 741 112 0 15 8
a 741 503 0 12 8
a 742 549 0 11 8
a 742 803 0 32 4
a 742 323 0 24 2
a 742 746 0 46 4
a 742 603 0 37 5
a 742 605 0 2 6
a 745 522 0 11 4
a 745 811 0 3 3
a 745 496 0 34 1
a 747 223 0 11 3
a 747 663 0 22 7
a 747 943 0 31 6
a 747 234 0 49 6
a 747 349 0 12 2
a 748 345 0 11 4
a 748 881 0 50 10
a 752 177 0 11 4
a 752 48 0 11 3
a 752 60 0 45 2
a 752 837 0 44 1
a 752 997 0 0 2
a 752 970 0 25 6
a 753 285 0 11 8
a 753 216 0 5 6
a 756 488 0 11 4
a 756 633 0 0 4
a 757 462 0 11 9
a 757 93 0 35 7
a 758 604 0 11 3
a 758 54 0 8 3
a 758 785 0 30 10
a 758 997 0 26 1
a 758 873 0 7 10
a 760 62 0 11 1
a 760 723 0 15 5
a 760 755 0 12 4
a 760 913 0 31 7
a 760 132 0 11 9
a 760 147 0 44 8
a 762 740 0 11 1
a 762 510 0 5 3
a 762 129 0 1 7
a 762 330 0 35 3
a 763 752 0 11 6
a 763 38 0 38 6
a 763 695 0 48 1
a 763 81 0 43 8
a 765 185 0 11 4
a 765 916 0 27 3
a 765 274 0 15 3
a 765 828 0 30 10
a 765 553 0 14 10
a 765 848 0 10 2
a 769 616 0 11 10
a 769 583 0 21 9
a 769 723 0 19 8
a 769 983 0 35 7
a 771 461 0 11 10
a 771 930 0 16 1
a 771 158 0 41 4
a 771 988 0 13 5
a 771 287 0 24 2
a 771 793 0 25 2
a 773 435 0 11 5
a 773 906 0 13 2
a 773 255 0 41 8
a 773 401 0 47 2
a 773 925 0 39 10
a 773 340 0 48 6
a 781 951 0 11 10
a 781 341 0 20 8
a 782 520 0 11 4
a 782 243 0 4 6
a 782 76 0 31 5
a 782 686 0 4 9
a 782 48 0 41 6
a 782 144 0 1 3
a 783 104 0 11 6
a 783 279 0 39 1
a 783 845 0 19 8
a 783 406 0 36 6
a 783 857 0 10 7
a 783 599 0 48 9
a 785 883 0 11 7
a 785 645 0 45 1
a 785 704 0 10 6
a 785 732 0 1 9
a 785 356 0 27 5
a 785 270 0 28 10
a 787 168 0 11 7
a 787 322 0 44 1
a 787 296 0 23 7
a 787 412 0 32 5
a 787 317 0 28 3
a 787 109 0 23 4
a 788 517 0 11 7
a 788 799 0 29 6
a 789 242 0 11 1
a 789 623 0 0 9
a 789 551 0 26 3
a 789 79 0 17 9
a 789 604 0 50 1
a 796 4 0 11 1
a 796 572 0 1 4
a 796 182 0 37 3
a 796 21 0 5 4
a 796 283 0 50 10
a 796 828 0 9 6
a 798 230 0 11 3
a 798 914 0 29 9
a 798 281 0 2 5
a 798 770 0 32 8
a 798 382 0 30 1
a 798 767 0 30 6
a 801 978 0 11 9
a 801 376 0 36 4
a 801 526 0 29 5
a 801 864 0 22 8
a 801 555 0 49 8
a 801 375 0 47 5
a 802 582 0 11 5
a 802 807 0 13 2
a 802 230 0 15 6
a 802 916 0 0 2
a 803 500 0 11 3
a 803 541 0 25 2
a 803 172 0 1 7
a 803 624 0 33 5
a 805 131 0 11 3
a 805 806 0 27 5
a 805 102 0 35 1
a 806 900 0 11 7
a 806 378 0 38 3
a 806 619 0 43 6
a 806 395 0 41 9
a 807 981 0 11 6
a 807 626 0 39 6
a 807 288 0 25 9
a 807 585 0 21 7
a 807 285 0 14 4
a 807 858 0 43 1
a 810 877 0 11 9
a 810 414 0 11 10
a 812 972 0 11 1
a 812 156 0 23 4
a 812 154 0 28 6
a 818 267 0 11 4
a 818 960 0 27 2
a 818 142 0 27 10
a 818 474 0 0 10
a 819 300 0 11 2
a 819 487 0 42 9
a 819 137 0 35 10
a 819 88 0 45 1
a 819 104 0 25 4
a 821 313 0 11 5
a 821 828 0 40 3
a 821 241 0 35 6
a 821 542 0 35 9
a 821 665 0 37 2
a 822 3 0 11 1
a 822 764 0 38 8
a 822 974 0 17 7
a 823 765 0 11 4
a 823 506 0 4 4
a 823 491 0 44 4
a 823 454 0 38 9
a 825 886 0 11 8
a 825 632 0 28 1
a 825 157 0 10 10
a 826 738 0 11 2
a 826 450 0 15 1
a 831 698 0 11 6
a 831 361 0 24 6
a 831 943 0 7 6
a 831 61 0 28 4
a 839 729 0 11 5
a 839 55 0 27 5
a 841 36 0 11 9
a 841 975 0 7 8
a 841 737 0 31 4
a 841 170 0 10 10
a 841 274 0 26 8
a 841 145 0 47 6
a 843 202 0 11 3
a 843 450 0 19 5
a 843 591 0 20 3
a 847 600 0 11 7
a 847 886 0 30 2
a 847 61 0 36 3
a 847 920 0 11 8
a 848 908 0 11 4
a 848 662 0 9 4
a 848 687 0 2 5
a 848 600 0 7 9
a 848 654 0 34 8
a 849 384 0 11 10
a 849 731 0 45 7
a 849 995 0 4 7
a 849 311 0 40 9
a 849 392 0 23 1
a 849 404 0 40 7
a 852 760 0 11 6
a 852 151 0 50 6
a 853 81 0 11 10
a 853 709 0 17 8
a 853 227 0 4 6
a 853 952 0 7 1
a 855 6 0 11 7
a 855 704 0 24 6
a 855 538 0 16 2
a 855 978 0 13 5
a 858 30 0 11 7
a 858 53 0 42 10
a 858 731 0 46 6
a 858 116 0 49 7
a 858 119 0 14 5
a 858 941 0 17 4
a 859 519 0 11 6
a 859 136 0 38 9
a 859 286 0 20 9
a 859 335 0 12 2
a 859 845 0 18 6
a 859 425 0 18 8
a 860 359 0 11 7
a 860 592 0 48 10
a 860 347 0 8 3
a 860 489 0 40 5
a 861 628 0 11 3
a 861 439 0 13 10
a 861 132 0 4 6
a 861 572 0 8 9
a 865 5 0 11 3
a 865 716 0 47 7
a 866 28 0 11 6
a 866 438 0 17 2
a 866 710 0 5 6
a 866 993 0 22 8
a 866 652 0 25 8
a 866 118 0 15 3
a 868 121 0 11 5
a 868 475 0 35 10
a 868 24 0 0 5
a 868 370 0 1 10
a 870 933 0 11 5
a 870 80 0 6 7
a 870 642 0 35 1
a 870 423 0 43 10
a 870 671 0 30 1
a 870 502 0 25 2
a 871 626 0 11 3
a 871 809 0 2 1
a 871 177 0 32 4
a 871 401 0 28 5
a 871 482 0 34 10
a 871 89 0 45 4
a 875 590 0 11 8
a 875 84 0 27 10
a 875 447 0 47 1
a 875 860 0 33 8
a 877 326 0 11 2
a 877 740 0 36 9
a 877 730 0 0 9
a 877 889 0 13 3
a 879 338 0 11 7
a 879 157 0 8 2
a 879 857 0 41 2
a 881 210 0 11 10
a 881 208 0 47 7
a 881 570 0 29 2
a 881 124 0 3 8
a 882 672 0 11 10
a 882 189 0 35 5
a 882 169 0 15 8
a 882 494 0 29 2
a 883 823 0 11 5
a 883 577 0 25 4
a 883 647 0 41 3
a 883 426 0 25 5
a 883 70 0 45 7
a 885 417 0 11 3
a 885 129 0 27 8
a 885 446 0 48 1
a 886 31 0 11 1
a 886 193 0 36 10
a 887 442 0 11 1
a 887 893 0 23 2
a 887 169 0 26 1
a 887 805 0 13 2
a 887 995 0 21 5
a 889 244 0 11 2
a 889 509 0 32 3
a 890 975 0 11 7
a 890 489 0 41 10
a 890 134 0 20 6
a 890 459 0 32 6
a 890 721 0 14 5
a 890 23 0 2 8
a 891 984 0 11 6
a 891 616 0 5 7
a 893 801 0 11 4
a 893 880 0 20 5
a 893 841 0 2 8
a 893 160 0 22 2
a 895 90 0 11 4
a 895 519 0 47 3
a 895 79 0 29 8
a 895 740 0 31 6
a 895 919 0 14 5
a 896 72 0 11 7
a 896 604 0 36 8
a 896 269 0 5 2
a 897 366 0 11 8
a 897 201 0 28 6
a 897 629 0 2 3
a 897 681 0 16 9
a 897 330 0 17 3
a 898 413 0 11 1
a 898 286 0 1 6
a 900 983 0 11 10
a 900 34 0 10 7
a 906 910 0 11 6
a 906 650 0 6 5
a 906 319 0 10 1
a 906 515 0 0 10
a 906 865 0 12 8
a 908 460 0 11 10
a 908 944 0 34 4
a 908 883 0 14 5
a 908 108 0 31 10
a 908 281 0 9 3
a 909 515 0 11 1
a 909 593 0 37 3
a 909 28 0 15 3
a 910 660 0 11 5
a 910 805 0 3 9
a 910 822 0 40 3
a 913 240 0 11 5
a 913 291 0 45 8
a 913 262 0 1 2
a 913 617 0 33 8
a 913 212 0 9 5
a 914 913 0 11 9
a 914 236 0 19 2
a 914 230 0 1 5
a 914 4 0 5 3
a 918 577 0 11 10
a 918 125 0 1 8
a 920 95 0 11 3
a 920 110 0 12 2
a 920 301 0 48 2
a 922 8 0 11 10
a 922 952 0 10 6
a 922 22 0 4 9
a 923 546 0 11 7
a 923 315 0 32 9
a 925 603 0 11 6
a 925 860 0 23 3
a 925 420 0 41 4
a 925 105 0 34 4
a 925 467 0 7 6
a 925 202 0 42 10
a 927 889 0 11 10
a 927 686 0 13 3
a 927 756 0 38 5
a 927 921 0 20 6
a 928 714 0 11 5
a 928 599 0 7 3
a 928 968 0 23 1
a 928 262 0 32 3
a 928 58 0 18 7
a 930 454 0 11 3
a 930 758 0 43 3
a 930 279 0 31 2
a 930 906 0 5 3
a 930 495 0 36 4
a 930 519 0 3 1
a 931 987 0 11 10
a 931 806 0 40 7
a 931 874 0 38 8
a 933 319 0 11 8
a 933 528 0 30 6
a 933 468 0 44 4
a 933 754 0 0 6
a 933 567 0 47 2
a 933 220 0 15 3
a 934 195 0 11 1
a 934 232 0 47 8
a 934 995 0 13 7
a 934 383 0 21 5
a 934 964 0 25 4
a 934 670 0 47 9
a 937 930 0 11 9
a 937 878 0 42 2
a 937 968 0 34 5
a 937 369 0 43 9
a 937 435 0 22 8
a 937 839 0 12 7
a 938 298 0 11 1
a 938 306 0 1 8
a 939 235 0 11 3
a 939 583 0 26 3
a 939 246 0 14 1
a 939 10 0 44 8
a 939 183 0 45 8
a 939 881 0 1 8
a 941 713 0 11 1
a 941 438 0 3 7
a 941 488 0 6 1
a 941 166 0 15 5
a 941 900 0 32 2
a 941 42 0 28 1
a 942 893 0 11 5
a 942 201 0 20 4
a 942 657 0 16 10
a 942 202 0 46 9
a 942 932 0 13 4
a 942 128 0 5 9
a 945 802 0 11 7
a 945 248 0 13 2
a 945 400 0 24 3
a 945 888 0 21 9
a 945 160 0 10 6
a 945 909 0 50 4
a 946 323 0 11 4
a 946 267 0 25 2
a 946 84 0 1 2
a 947 218 0 11 5
a 947 272 0 50 7
a 947 241 0 47 4
a 947 870 0 45 2
a 948 567 0 11 10
a 948 161 0 0 2
a 948 302 0 5 10
a 948 897 0 3 9
a 948 420 0 18 3
a 949 547 0 11 7
a 949 768 0 24 8
a 949 99 0 25 1
a 949 444 0 0 9
a 951 29 0 11 6
a 951 719 0 39 2
a 951 699 0 18 3
a 953 868 0 11 4
a 953 96 0 17 7
a 953 956 0 44 9
a 953 245 0 32 10
a 954 99 0 11 6
a 954 7 0 0 4
a 954 813 0 4 7
a 954 216 0 7 5
a 954 229 0 12 1
a 954 204 0 39 10
a 955 849 0 11 1
a 955 751 0 35 10
a 959 858 0 11 7
a 959 991 0 4 7
a 959 665 0 31 9
a 959 58 0 8 1
a 960 198 0 11 8
a 960 491 0 41 8
a 960 913 0 30 1
a 963 573 0 11 8
a 963 206 0 14 8
a 963 628 0 5 10
a 963 986 0 49 7
a 965 745 0 11 2
a 965 149 0 15 3
a 965 809 0 40 9
a 968 206 0 11 9
a 968 710 0 9 9
a 970 349 0 11 4
a 970 987 0 9 2
a 970 949 0 40 8
a 970 967 0 10 5
a 972 663 0 11 5
a 972 73 0 40 6
a 975 144 0 11 10
a 975 858 0 39 8
a 975 297 0 47 1
a 975 733 0 44 1
a 975 176 0 42 6
a 977 826 0 11 10
a 977 994 0 5 7
a 977 54 0 22 2
a 977 63 0 15 2
a 977 181 0 19 9
a 978 498 0 11 9
a 978 916 0 46 6
a 978 327 0 26 2
a 978 328 0 9 9
a 978 267 0 47 1
a 978 425 0 23 3
a 981 203 0 11 1
a 981 723 0 45 2
a 981 248 0 38 4
a 981 64 0 22 5
a 981 974 0 0 6
a 981 226 0 7 7
a 983 996 0 11 1
a 983 168 0 25 7
a 983 820 0 21 3
a 984 805 0 11 7
a 984 331 0 49 4
a 986 650 0 11 8
a 986 108 0 2 5
a 986 995 0 7 8
a 987 949 0 11 5
a 987 909 0 10 2
a 987 242 0 21 6
a 987 182 0 33 4
a 987 682 0 44 8
a 987 545 0 32 3
a 988 545 0 11 5
a 988 273 0 7 9
a 988 254 0 31 4
a 992 157 0 11 3
a 992 28 0 31 10
a 992 256 0 30 9
a 992 466 0 16 2
a 993 896 0 11 6
a 993 499 0 41 4
a 994 977 0 11 3
a 994 787 0 48 7
a 994 717 0 30 2
a 994 11 0 48 9
a 994 685 0 16 7
a 995 656 0 11 8
a 995 693 0 48 2
a 995 207 0 45 1
a 995 136 0 18 2
a 995 317 0 20 7
a 996 508 0 11 3
a 996 329 0 47 2
a 997 475 0 11 10
a 997 208 0 5 8
a 2 103 0 39 7
a 2 670 0 3 1
a 11 215 0 39 7
a 11 461 0 25 10
a 11 226 0 0 3
a 12 884 0 39 1
a 12 637 0 25 6
a 14 306 0 39 7
a 14 626 0 46 9
a 14 769 0 40 10
a 14 655 0 40 1
a 15 253 0 39 9
a 15 147 0 16 2
a 15 271 0 1 5
a 15 619 0 42 9
a 15 924 0 39 5
a 17 532 0 39 10
a 17 91 0 33 3
a 17 971 0 29 10
a 17 166 0 15 1
a 19 124 0 39 1
a 19 382 0 45 8
a 19 268 0 12 2
a 19 643 0 38 6
a 19 934 0 7 1
a 21 512 0 39 5
a 21 249 0 26 5
a 21 388 0 10 1
a 21 562 0 27 1
a 24 126 0 39 5
a 24 976 0 25 4
a 27 140 0 39 8
a 27 311 0 6 8
a 32 151 0 39 9
a 32 389 0 20 4
a 34 43 0 39 5
a 34 180 0 1 5
a 34 326 0 9 4
a 34 278 0 28 4
a 34 948 0 28 5
a 35 751 0 39 6
a 35 981 0 28 3
a 37 281 0 39 5
a 37 574 0 17 3
a 37 13 0 29 5
a 37 703 0 26 2
a 37 568 0 50 9
a 37 641 0 2 3
a 40 637 0 39 2
a 40 339 0 19 5
a 42 779 0 39 3
a 42 381 0 23 9
a 42 738 0 19 1
a 42 723 0 28 6
a 42 368 0 40 2
a 43 255 0 39 1
a 43 949 0 0 4
a 43 610 0 49 10
a 43 882 0 21 1
a 43 953 0 8 5
a 44 312 0 39 7
a 44 245 0 9 4
a 46 450 0 39 5
a 46 81 0 15 7
a 46 694 0 16 5
a 46 421 0 37 6
a 47 611 0 39 6
a 47 629 0 29 9
a 47 547 0 45 3
a 47 814 0 24 5
a 47 864 0 32 10
a 47 746 0 46 1
a 48 676 0 39 4
a 48 923 0 11 6
a 48 638 0 30 7
a 48 446 0 44 4
a 48 556 0 37 6
a 48 521 0 17 10
a 51 705 0 39 5
a 51 722 0 32 2
a 51 68 0 24 5
a 51 697 0 36 5
a 51 265 0 15 7
a 52 307 0 39 9
a 52 684 0 7 7
a 52 566 0 26 6
a 53 369 0 39 8
a 53 720 0 33 7
a 53 139 0 10 3
a 55 980 0 39 2
a 55 532 0 14 2
a 55 925 0 19 3
a 55 287 0 15 9
a 55 98 0 41 4
a 56 851 0 39 7
a 56 341 0 32 10
a 56 652 0 39 5
a 57 154 0 39 4
a 57 422 0 46 2
a 57 372 0 14 1
a 59 311 0 39 3
a 59 358 0 43 9
a 59 271 0 13 10
a 59 557 0 8 1
a 59 483 0 38 3
a 61 844 0 39 1
a 61 577 0 43 1
a 61 751 0 20 2
a 61 668 0 7 6
a 61 465 0 17 7
a 64 175 0 39 8
a 64 179 0 24 9
a 66 321 0 39 3
a 66 812 0 21 8
a 74 314 0 39 5
a 74 713 0 43 1
a 75 967 0 39 7
a 75 240 0 33 2
a 75 277 0 16 3
a 75 595 0 50 2
a 75 127 0 7 1
a 75 363 0 45 7
a 77 824 0 39 3
a 77 791 0 37 3
a 80 610 0 39 1
a 80 651 0 47 3
a 80 530 0 38 9
a 83 999 0 39 6
a 83 778 0 39 8
a 83 988 0 10 6
a 83 68 0 33 3
a 83 702 0 1 10
a 85 613 0 39 5
a 85 718 0 10 4
a 87 386 0 39 10
a 87 163 0 25 9
a 88 279 0 39 10
a 88 996 0 35 5
a 89 899 0 39 1
a 89 433 0 48 4
a 89 780 0 42 5
a 89 491 0 22 2
a 91 750 0 39 3
a 91 7 0 37 2
a 91 274 0 16 5
a 91 971 0 48 5
a 91 297 0 5 4
a 92 966 0 39 5
a 92 614 0 42 7
a 92 861 0 33 5
a 92 509 0 42 7
a 92 109 0 45 10
a 93 48 0 39 1
a 93 9 0 23 9
a 93 808 0 45 10
a 93 322 0 19 6
a 93 595 0 23 5
a 98 969 0 39 3
a 98 723 0 21 6
a 98 203 0 48 1
a 98 984 0 2 4
a 100 141 0 39 10
a 100 691 0 26 5
a 100 15 0 8 2
a 100 518 0 42 1
a 101 452 0 39 7
a 101 203 0 25 6
a 101 908 0 47 9
a 101 6 0 7 3
a 103 759 0 39 7
a 103 12 0 48 6
a 103 590 0 37 5
a 105 248 0 39 7
a 105 619 0 40 10
a 105 25 0 42 5
a 105 479 0 11 2
a 106 504 0 39 4
a 106 982 0 25 9
a 106 123 0 44 4
a 107 536 0 39 3
a 107 752 0 20 4
a 107 652 0 10 8
a 107 340 0 2 7
a 107 371 0 6 3
a 107 946 0 35 2
a 108 383 0 39 4
a 108 778 0 44 10
a 108 563 0 13 5
a 108 720 0 7 3
a 108 633 0 9 6
a 109 445 0 39 6
a 109 470 0 21 3
a 109 381 0 5 5
a 111 800 0 39 6
a 111 268 0 34 7
a 111 301 0 46 1
a 112 924 0 39 4
a 112 608 0 36 9
a 112 786 0 11 5
a 112 451 0 17 2
a 112 763 0 14 9
a 112 742 0 2 9
a 113 164 0 39 2
a 113 986 0 2 10
a 116 426 0 39 5
a 116 311 0 38 4
a 116 939 0 26 10
a 117 395 0 39 5
a 117 626 0 7 3
a 119 155 0 39 10
a 119 961 0 27 1
a 119 656 0 16 7
a 122 799 0 39 1
a 122 928 0 0 1
a 122 402 0 25 6
a 123 730 0 39 2
a 123 880 0 50 6
a 123 160 0 38 3
a 123 119 0 50 2
a 124 15 0 39 7
a 124 241 0 2 9
a 124 419 0 13 6
a 124 962 0 22 5
a 124 686 0 48 2
a 125 586 0 39 7
a 125 568 0 49 7
a 125 421 0 39 4
a 125 618 0 34 9
a 125 391 0 34 4
a 126 873 0 39 2
a 126 469 0 7 4
a 128 92 0 39 9
a 128 60 0 43 4
a 128 792 0 6 7
a 128 660 0 20 3
a 129 476 0 39 9
a 129 105 0 20 10
a 134 702 0 39 3
a 134 578 0 14 10
a 134 825 0 29 3
a 134 902 0 34 1
a 135 64 0 39 2
a 135 101 0 48 4
a 135 826 0 6 1
a 136 793 0 39 10
a 136 912 0 21 2
a 137 912 0 39 10
a 137 444 0 12 4
a 137 338 0 10 9
a 137 902 0 26 10
a 138 456 0 39 10
a 138 575 0 49 6
a 138 921 0 33 3
a 139 296 0 39 1
a 139 877 0 41 6
a 139 773 0 30 2
a 140 964 0 39 1
a 140 409 0 44 8
a 141 620 0 39 6
a 141 682 0 33 2
a 142 974 0 39 9
a 142 519 0 35 1
a 142 199 0 42 1
a 145 434 0 39 10
a 145 446 0 30 2
a 145 698 0 25 9
a 145 718 0 34 8
a 145 978 0 5 5
a 148 91 0 39 4
a 148 596 0 27 6
a 148 624 0 15 2
a 149 496 0 39 3
a 149 12 0 12 1
a 149 642 0 37 1
a 149 26 0 9 2
a 151 214 0 39 6
a 151 928 0 16 2
a 154 618 0 39 7
a 154 211 0 38 5
a 154 909 0 41 1
a 154 886 0 42 6
a 154 268 0 29 10
a 154 483 0 6 6
a 154 883 0 2 9
a 155 809 0 39 10
a 155 421 0 17 2
a 159 142 0 39 4
a 159 484 0 23 8
a 161 404 0 39 6
a 161 48 0 0 5
a 161 104 0 20 5
a 163 409 0 39 1
a 163 815 0 27 3
a 163 853 0 49 6
a 163 504 0 37 2
a 163 878 0 20 5
a 163 554 0 12 9
a 164 57 0 39 10
a 164 228 0 8 4
a 164 264 0 4 10
a 164 313 0 46 9
a 165 538 0 39 8
a 165 281 0 30 3
a 165 178 0 5 10
a 165 436 0 29 6
a 165 433 0 12 6
a 167 833 0 39 10
a 167 360 0 23 6
a 167 514 0 13 1
a 167 691 0 50 5
a 167 478 0 34 2
a 167 548 0 4 5
a 167 521 0 28 3
a 169 556 0 39 8
a 169 71 0 34 7
a 169 372 0 41 4
a 169 97 0 44 2
a 171 553 0 39 1
a 171 610 0 41 9
a 171 657 0 44 3
a 171 54 0 15 7
a 171 588 0 22 3
a 171 20 0 17 4
a 171 448 0 8 3
a 172 728 0 39 6
a 172 613 0 1 8
a 173 572 0 39 8
a 173 686 0 32 6
a 173 10 0 7 1
a 173 488 0 29 4
a 173 959 0 1 3
a 174 638 0 39 6
a 174 223 0 16 8
a 174 45 0 33 3
a 174 29 0 35 6
a 174 556 0 18 5
a 174 284 0 35 1
a 174 11 0 28 3
a 175 716 0 39 8
a 175 550 0 24 4
a 175 774 0 47 4
a 175 506 0 48 4
a 176 399 0 39 4
a 176 923 0 17 9
a 179 193 0 39 2
a 179 251 0 37 8
a 179 897 0 45 6
a 179 587 0 27 3
a 179 661 0 34 8
a 182 322 0 39 5
a 182 556 0 4 5
a 182 274 0 35 1
a 182 457 0 46 1
a 182 418 0 1 2
a 182 882 0 15 5
a 183 161 0 39 8
a 183 619 0 25 3
a 183 329 0 31 10
a 183 156 0 5 10
a 188 239 0 39 7
a 188 168 0 43 7
a 188 428 0 15 1
a 188 238 0 47 2
a 188 322 0 0 4
a 188 42 0 3 8
a 191 985 0 39 8
a 191 252 0 11 9
a 193 393 0 39 6
a 193 551 0 3 7
a 193 216 0 23 9
a 193 713 0 17 8
a 193 259 0 41 1
a 193 286 0 48 7
a 194 737 0 39 10
a 194 420 0 43 8
a 194 545 0 37 3
a 196 811 0 39 2
a 196 253 0 31 5
a 196 644 0 14 10
a 196 205 0 17 4
a 196 513 0 31 1
a 196 617 0 40 7
a 197 768 0 39 6
a 197 663 0 18 2
a 197 928 0 34 7
a 197 54 0 4 9
a 197 130 0 44 2
a 201 451 0 39 2
a 201 569 0 8 9
a 201 350 0 44 1
a 209 421 0 39 5
a 209 522 0 32 3
a 209 164 0 3 7
a 209 851 0 47 5
a 209 886 0 17 8
a 212 566 0 39 7
a 212 318 0 36 4
a 212 531 0 48 7
a 212 824 0 7 3
a 213 982 0 39 10
a 213 711 0 44 9
a 213 118 0 32 2
a 213 193 0 7 7
a 213 471 0 45 2
a 213 685 0 4 9
a 214 551 0 39 8
a 214 834 0 46 2
a 214 350 0 23 8
a 214 642 0 32 2
a 214 644 0 4 4
a 215 371 0 39 4
a 215 741 0 33 2
a 215 62 0 44 2
a 215 233 0 2 7
a 215 836 0 6 9
a 215 692 0 21 2
a 216 258 0 39 9
a 216 356 0 30 2
a 217 903 0 39 3
a 217 674 0 19 4
a 217 653 0 17 4
a 217 697 0 8 1
a 217 246 0 34 6
a 219 842 0 39 8
a 219 722 0 20 5
a 221 56 0 39 10
a 221 674 0 10 6
a 221 190 0 27 2
a 221 626 0 41 4
a 221 388 0 41 4
a 221 185 0 4 10
a 222 201 0 39 6
a 222 484 0 25 3
a 222 416 0 0 5
a 222 345 0 47 4
a 225 98 0 39 8
a 225 832 0 10 8
a 225 560 0 36 1
a 225 495 0 37 3
a 225 53 0 18 10
a 225 575 0 28 4
a 232 275 0 39 4
a 232 543 0 3 5
a 232 447 0 10 3
a 232 525 0 46 7
a 232 700 0 46 7
a 232 78 0 45 1
a 233 241 0 39 3
a 233 974 0 21 10
a 233 462 0 27 2
a 233 125 0 26 7
a 233 302 0 38 7
a 233 20 0 49 2
a 236 744 0 39 6
a 236 469 0 21 6
a 237 643 0 39 5
a 237 861 0 46 2
a 237 846 0 27 4
a 237 597 0 25 4
a 239 636 0 39 8
a 239 991 0 15 9
a 241 958 0 39 9
a 241 238 0 20 5
a 241 510 0 49 10
a 241 19 0 16 2
a 243 608 0 39 7
a 243 313 0 25 1
a 243 59 0 22 6
a 243 371 0 43 6
a 243 491 0 3 4
a 243 927 0 22 6
a 245 505 0 39 8
a 245 299 0 36 8
a 245 579 0 29 8
a 245 801 0 7 6
a 247 400 0 39 8
a 247 773 0 34 7
a 247 135 0 44 9
a 247 111 0 46 9
a 247 438 0 21 2
a 248 364 0 39 7
a 248 72 0 37 6
a 248 58 0 24 3
a 251 874 0 39 7
a 251 785 0 22 4
a 251 995 0 15 1
a 251 823 0 26 2
a 251 985 0 50 10
a 253 559 0 39 10
a 253 967 0 1 4
a 253 902 0 46 4
a 253 427 0 42 10
a 253 976 0 45 3
a 253 691 0 6 5
a 255 302 0 39 8
a 255 690 0 12 5
a 255 451 0 1 2
a 255 897 0 2 10
a 255 600 0 18 1
a 255 253 0 40 2
a 256 429 0 39 3
a 256 625 0 46 10
a 256 976 0 13 7
a 256 382 0 29 3
a 256 139 0 33 3
a 257 956 0 39 6
a 257 392 0 45 1
a 257 129 0 15 7
a 258 35 0 39 3
a 258 714 0 2 6
a 262 530 0 39 5
a 262 744 0 38 10
a 266 113 0 39 9
a 266 883 0 1 6
a 270 145 0 39 5
a 270 277 0 38 1
a 270 616 0 25 6
a 271 308 0 39 6
a 271 359 0 50 3
a 271 708 0 20 1
a 271 850 0 49 7
a 271 550 0 38 9
a 271 561 0 31 1
a 274 212 0 39 6
a 274 710 0 4 10
a 274 741 0 4 8
a 274 97 0 14 1
a 275 367 0 39 2
a 275 50 0 12 10
a 275 583 0 34 2
a 275 748 0 46 5
a 277 606 0 39 9
a 277 495 0 49 9
a 277 504 0 17 2
a 277 536 0 27 6
a 277 751 0 41 2
a 278 775 0 39 4
a 278 102 0 41 6
a 278 312 0 49 5
a 278 755 0 13 4
a 278 970 0 34 1
a 279 183 0 39 6
a 279 883 0 7 10
a 279 32 0 18 6
a 279 366 0 38 2
a 279 859 0 13 2
a 281 188 0 39 6
a 281 675 0 44 7
a 283 447 0 39 5
a 283 4 0 35 2
a 284 474 0 39 5
a 284 986 0 6 4
a 284 549 0 11 3
a 284 33 0 25 4
a 287 443 0 39 6
a 287 711 0 12 2
a 287 208 0 13 10
a 287 318 0 19 8
a 287 787 0 20 5
a 287 734 0 12 4
a 288 715 0 39 4
a 288 871 0 16 5
a 291 194 0 39 2
a 291 191 0 9 10
a 291 69 0 23 1
a 291 720 0 25 6
a 292 402 0 39 4
a 292 407 0 13 6
a 292 704 0 47 6
a 292 873 0 14 10
a 294 468 0 39 8
a 294 162 0 38 3
a 294 799 0 18 4
a 294 704 0 39 6
a 296 595 0 39 10
a 296 235 0 40 1
a 296 806 0 1 7
a 299 568 0 39 6
a 299 139 0 8 7
a 302 894 0 39 7
a 302 953 0 49 7
a 302 802 0 20 4
a 302 517 0 32 5
a 304 719 0 39 10
a 304 918 0 10 8
a 304 555 0 35 3
a 304 207 0 6 1
a 304 486 0 14 2
a 306 621 0 39 6
a 306 171 0 3 8
a 307 746 0 39 8
a 307 627 0 3 4
a 307 744 0 3 4
a 307 125 0 5 8
a 307 45 0 49 3
a 307 256 0 6 8
a 308 950 0 39 3
a 308 880 0 11 1
a 308 823 0 18 10
a 308 548 0 40 7
a 308 337 0 2 2
a 308 506 0 36 6
a 310 172 0 39 4
a 310 860 0 45 8
a 310 615 0 48 5
a 310 991 0 26 1
a 310 510 0 37 5
a 311 324 0 39 9
a 311 848 0 44 2
a 312 453 0 39 9
a 312 736 0 10 6
a 314 700 0 39 4
a 314 504 0 9 2
a 314 547 0 20 9
a 321 225 0 39 2
a 321 109 0 27 4
a 322 490 0 39 4
a 322 426 0 26 7
a 324 213 0 39 2
a 324 15 0 7 1
a 327 774 0 39 9
a 327 184 0 35 3
a 327 51 0 43 6
a 327 635 0 39 3
a 327 388 0 33 6
a 327 866 0 37 6
a 333 414 0 39 10
a 333 126 0 39 10
a 333 314 0 46 4
a 333 234 0 44 1
a 340 74 0 39 7
a 340 607 0 16 6
a 344 579 0 39 9
a 344 689 0 29 9
a 344 440 0 43 7
a 344 749 0 5 5
a 344 678 0 0 8
a 346 119 0 39 6
a 346 416 0 37 8
a 347 348 0 39 3
a 347 427 0 9 2
a 347 342 0 16 10
a 347 933 0 34 9
a 347 338 0 40 8
a 348 480 0 39 3
a 348 360 0 26 4
a 348 746 0 4 6
a 348 625 0 14 10
a 348 363 0 9 4
a 348 64 0 43 1
a 353 406 0 39 9
a 353 516 0 45 3
a 353 496 0 5 1
a 356 411 0 39 9
a 356 558 0 3 10
a 358 44 0 39 6
a 358 515 0 21 7
a 358 34 0 28 2
a 358 459 0 9 1
a 363 685 0 39 3
a 363 665 0 49 4
a 363 369 0 41 2
a 363 697 0 38 1
a 364 358 0 39 3
a 364 211 0 36 10
a 364 142 0 25 9
a 364 330 0 44 4
a 364 775 0 46 2
a 365 888 0 39 2
a 365 991 0 48 1
a 365 115 0 10 6
a 365 101 0 38 2
a 365 904 0 21 10
a 365 391 0 34 10
a 367 915 0 39 8
a 367 131 0 1 6
a 367 778 0 0 10
a 367 4 0 46 2
a 368 664 0 39 8
a 368 670 0 7 7
a 368 107 0 31 9
a 368 915 0 50 5
a 368 704 0 17 6
a 368 786 0 3 3
a 369 609 0 39 3
a 369 140 0 27 1
a 369 789 0 28 4
a 369 891 0 0 5
a 370 101 0 39 9
a 370 759 0 31 7
a 370 823 0 46 1
a 370 709 0 3 10
a 370 474 0 40 8
a 371 283 0 39 6
a 371 516 0 26 1
a 371 417 0 10 5
a 371 770 0 21 8
a 372 780 0 39 1
a 372 814 0 41 2
a 376 356 0 39 2
a 376 607 0 5 7
a 376 954 0 18 3
a 376 913 0 31 9
a 377 266 0 39 10
a 377 866 0 6 5
a 377 586 0 14 9
a 377 320 0 33 8
a 377 39 0 17 2
a 377 950 0 11 7
a 378 794 0 39 6
a 378 656 0 34 4
a 378 696 0 8 4
a 379 66 0 39 5
a 379 201 0 37 3
a 379 994 0 48 6
a 379 668 0 44 5
a 381 182 0 39 5
a 381 185 0 48 6
a 381 905 0 1 2
a 382 904 0 39 1
a 382 282 0 0 2
a 382 275 0 32 3
a 382 298 0 3 9
a 383 197 0 39 8
a 383 162 0 14 2
a 383 405 0 23 1
a 383 21 0 18 5
a 385 363 0 39 7
a 385 113 0 25 1
a 386 17 0 39 4
a 386 989 0 23 9
a 386 13 0 30 7
a 391 791 0 39 10
a 391 872 0 10 9
a 393 919 0 39 5
a 393 751 0 8 7
a 393 274 0 14 2
a 393 349 0 18 6
a 393 411 0 42 8
a 394 669 0 39 1
a 394 426 0 28 2
a 394 999 0 15 6
a 394 637 0 2 8
a 394 474 0 15 1
a 394 457 0 28 1
a 395 163 0 39 10
a 395 502 0 4 8
a 395 74 0 22 9
a 396 527 0 39 5
a 396 830 0 37 4
a 396 919 0 26 4
a 399 270 0 39 8
a 399 859 0 43 5
a 399 877 0 22 8
a 399 9 0 20 9
a 399 373 0 33 6
a 399 721 0 17 7
a 400 646 0 39 1
a 400 629 0 29 8
a 400 211 0 22 7
a 402 507 0 39 9
a 402 862 0 49 1
a 402 85 0 40 2
a 404 776 0 39 8
a 404 98 0 21 1
a 404 639 0 46 1
a 404 34 0 39 8
a 406 382 0 39 2
a 406 983 0 12 8
a 406 860 0 2 1
a 406 747 0 43 3
a 408 907 0 39 4
a 408 22 0 18 6
a 408 979 0 50 4
a 408 230 0 26 6
a 408 492 0 44 6
a 408 58 0 5 10
a 409 112 0 39 8
a 409 839 0 10 2
a 409 8 0 18 10
a 409 924 0 25 2
a 410 169 0 39 4
a 410 516 0 30 2
a 411 943 0 39 5
a 411 145 0 21 9
a 411 576 0 38 3
a 411 593 0 13 4
a 411 632 0 10 2
a 411 905 0 17 7
a 412 478 0 39 1
a 412 703 0 22 9
a 412 5 0 36 7
a 412 195 0 26 8
a 412 185 0 39 1
a 414 795 0 39 6
a 414 455 0 22 5
a 414 528 0 27 7
a 414 165 0 20 9
a 414 66 0 46 6
a 414 655 0 33 7
a 416 446 0 39 6
a 416 717 0 2 3
a 416 115 0 24 1
a 416 788 0 1 2
a 418 136 0 39 6
a 418 315 0 29 3
a 418 730 0 11 5
a 418 742 0 43 9
a 418 901 0 37 2
a 421 790 0 39 2
a 421 188 0 20 1
a 425 694 0 39 1
a 425 392 0 22 1
a 425 178 0 40 10
a 426 808 0 39 10
a 426 983 0 38 4
a 426 929 0 45 10
a 429 708 0 39 1
a 429 770 0 28 3
a 429 886 0 13 8
a 429 455 0 32 3
a 429 4 0 10 10
a 429 271 0 25 5
a 430 441 0 39 4
a 430 463 0 38 3
a 430 971 0 5 10
a 430 713 0 18 4
a 434 217 0 39 10
a 434 547 0 44 3
a 434 982 0 47 4
a 436 652 0 39 4
a 436 936 0 30 4
a 436 737 0 0 10
a 438 221 0 39 1
a 438 300 0 27 8
a 438 159 0 29 5
a 438 199 0 7 2
a 440 222 0 39 10
a 440 804 0 36 1
a 440 246 0 29 9
a 441 125 0 39 7
a 441 207 0 8 2
a 441 600 0 45 5
a 443 292 0 39 8
a 443 999 0 1 1
a 445 51 0 39 2
a 445 252 0 2 8
a 445 363 0 13 6
a 445 378 0 39 4
a 445 395 0 11 1
a 446 666 0 39 10
a 446 868 0 45 1
a 447 61 0 39 2
a 447 65 0 8 10
a 447 451 0 11 3
a 447 75 0 31 10
a 447 748 0 30 8
a 447 139 0 32 10
a 450 869 0 39 3
a 450 258 0 7 9
a 450 957 0 43 8
a 450 147 0 37 4
a 450 477 0 15 3
a 451 935 0 39 6
a 451 316 0 31 8
a 452 55 0 39 3
a 452 384 0 30 5
a 452 249 0 16 10
a 452 420 0 17 2
a 452 741 0 36 3
a 453 304 0 39 1
a 453 449 0 45 7
a 453 796 0 16 1
a 453 32 0 23 3
a 453 930 0 13 9
a 455 21 0 39 7
a 455 147 0 3 10
a 455 389 0 16 7
a 455 684 0 10 8
a 455 792 0 43 6
a 456 722 0 39 2
a 456 678 0 43 9
a 456 11 0 24 4
a 456 577 0 25 9
a 456 575 0 42 8
a 459 601 0 39 7
a 459 111 0 40 10
a 459 65 0 12 9
a 459 921 0 17 1
a 459 66 0 35 1
a 467 209 0 39 7
a 467 877 0 20 7
a 468 961 0 39 1
a 468 693 0 40 6
a 468 358 0 38 10
a 473 108 0 39 3
a 473 321 0 25 10
a 474 565 0 39 4
a 474 315 0 4 3
a 474 344 0 42 9
a 474 621 0 5 8
a 474 3 0 7 6
a 476 998 0 39 9
a 476 282 0 44 1
a 476 813 0 28 2
a 478 764 0 39 8
a 478 949 0 44 9
a 479 707 0 39 7
a 479 986 0 45 1
a 479 316 0 4 5
a 479 842 0 37 4
a 479 753 0 19 8
a 479 771 0 33 8
a 479 248 0 39 8
a 480 85 0 39 3
a 480 977 0 18 3
a 480 530 0 20 3
a 480 40 0 44 8
a 480 61 0 39 4
a 480 518 0 23 2
a 481 299 0 39 8
a 481 516 0 11 4
a 486 990 0 39 5
a 486 126 0 29 8
a 486 334 0 30 3
a 486 180 0 41 3
a 486 775 0 41 8
a 486 500 0 14 10
a 487 243 0 39 8
a 487 886 0 13 3
a 487 883 0 13 4
a 487 615 0 38 7
a 487 36 0 45 5
a 487 770 0 27 2
a 490 288 0 39 1
a 490 385 0 34 10
a 493 53 0 39 2
a 493 233 0 13 8
a 493 496 0 48 6
a 493 699 0 17 1
a 493 435 0 26 6
a 493 928 0 10 5
a 496 372 0 39 3
a 496 232 0 6 1
a 497 385 0 39 5
a 497 494 0 2 7
a 497 94 0 42 1
a 497 420 0 22 5
a 499 692 0 39 4
a 499 631 0 12 2
a 499 464 0 42 10
a 499 305 0 38 3
a 499 312 0 45 7
a 499 559 0 7 9
a 504 711 0 39 6
a 504 249 0 22 1
a 504 634 0 20 7
a 504 83 0 22 3
a 505 917 0 39 10
a 505 178 0 49 10
a 506 139 0 39 10
a 506 897 0 10 6
a 506 864 0 31 2
a 507 640 0 39 7
a 507 136 0 23 10
a 507 995 0 14 6
a 507 447 0 6 2
a 510 867 0 39 9
a 510 253 0 15 4
a 510 531 0 50 5
a 510 870 0 46 9
a 510 898 0 33 2
a 512 425 0 39 5
a 512 270 0 16 3
a 512 467 0 41 8
a 512 461 0 32 1
a 514 820 0 39 2
a 514 365 0 18 5
a 516 734 0 39 6
a 516 218 0 30 7
a 516 951 0 32 1
a 516 437 0 33 7
a 516 163 0 35 5
a 516 278 0 19 4
a 525 876 0 39 3
a 525 359 0 41 1
a 525 185 0 44 2
a 527 42 0 39 2
a 527 514 0 12 3
a 527 963 0 41 6
a 529 137 0 39 2
a 529 824 0 22 4
a 529 810 0 27 5
a 529 543 0 11 7
a 530 683 0 39 3
a 530 270 0 0 2
a 531 271 0 39 8
a 531 57 0 50 10
a 531 229 0 15 6
a 531 413 0 26 7
a 532 47 0 39 6
a 532 793 0 43 7
a 532 56 0 16 9
a 534 641 0 39 9
a 534 898 0 3 4
a 534 339 0 20 2
a 535 412 0 39 10
a 535 513 0 33 3
a 535 578 0 23 3
a 535 936 0 38 7
a 535 401 0 45 9
a 535 878 0 44 5
a 536 754 0 39 6
a 536 17 0 50 5
a 538 828 0 39 4
a 538 741 0 43 7
a 538 123 0 3 10
a 538 899 0 21 2
a 538 420 0 49 10
a 538 141 0 20 10
a 539 514 0 39 9
a 539 520 0 0 2
a 539 859 0 30 4
a 539 568 0 30 10
a 539 708 0 42 5
a 542 973 0 39 1
a 542 468 0 15 3
a 542 71 0 23 2
a 542 809 0 29 6
a 542 767 0 49 2
a 544 554 0 39 9
a 544 792 0 46 8
a 551 116 0 39 9
a 551 484 0 12 4
a 551 217 0 48 8
a 553 596 0 39 4
a 553 463 0 7 8
a 553 574 0 13 6
a 553 777 0 9 4
a 554 944 0 39 4
a 554 886 0 0 7
a 554 987 0 1 6
a 554 190 0 21 7
a 556 786 0 39 3
a 556 445 0 6 5
a 556 198 0 42 7
a 556 219 0 30 8
a 556 314 0 8 2
a 557 564 0 39 5
a 557 732 0 15 4
a 559 735 0 39 7
a 559 783 0 6 6
a 559 678 0 30 1
a 559 704 0 6 3
a 559 410 0 31 3
a 559 413 0 50 2
a 560 497 0 39 8
a 560 467 0 36 8
a 561 333 0 39 3
a 561 282 0 47 4
a 561 429 0 49 10
a 562 430 0 39 1
a 562 773 0 39 6
a 564 216 0 39 5
a 564 522 0 15 6
a 564 410 0 12 9
a 564 736 0 13 7
a 564 673 0 3 4
a 564 428 0 35 6
a 565 835 0 39 7
a 565 929 0 10 9
a 566 59 0 39 9
a 566 217 0 47 9
a 568 817 0 39 7
a 568 211 0 6 3
a 568 173 0 28 1
a 568 776 0 2 8
a 568 829 0 1 9
a 568 469 0 33 7
a 569 864 0 39 5
a 569 562 0 38 9
a 569 546 0 24 10
a 569 298 0 24 8
a 572 107 0 39 7
a 572 552 0 37 7
a 572 716 0 44 9
a 572 851 0 6 6
a 572 282 0 3 7
a 572 664 0 25 9
a 574 171 0 39 10
a 574 175 0 26 5
a 574 979 0 38 5
a 576 262 0 39 5
a 576 498 0 16 2
a 576 103 0 40 4
a 576 953 0 11 10
a 576 501 0 48 5
a 576 353 0 13 8
a 576 739 0 39 2
a 578 251 0 39 2
a 578 521 0 34 3
a 579 837 0 39 6
a 579 806 0 39 4
a 579 331 0 23 4
a 579 527 0 25 1
a 580 499 0 39 4
a 580 59 0 47 6
a 580 32 0 28 8
a 580 847 0 17 2
a 580 560 0 38 2
a 580 658 0 6 1
a 580 760 0 12 4
a 586 37 0 39 9
a 586 700 0 19 8
a 586 346 0 10 5
a 586 831 0 17 2
a 586 198 0 8 2
a 591 529 0 39 8
a 591 925 0 23 4
a 591 217 0 39 3
a 591 328 0 41 3
a 591 17 0 36 8
a 595 701 0 39 2
a 595 172 0 24 5
a 595 184 0 10 6
a 595 11 0 24 3
a 595 956 0 49 1
a 595 369 0 33 2
a 596 840 0 39 1
a 596 766 0 48 5
a 596 672 0 44 9
a 596 397 0 2 10
a 596 612 0 25 4
a 596 592 0 16 2
a 597 574 0 39 7
a 597 937 0 2 1
a 601 93 0 39 8
a 601 348 0 2 5
a 601 872 0 44 5
a 601 143 0 21 8
a 601 878 0 14 9
a 606 109 0 39 1
a 606 254 0 35 5
a 606 108 0 28 8
a 606 892 0 27 10
a 606 603 0 48 6
a 608 481 0 39 2
a 608 542 0 0 10
a 608 824 0 10 8
a 608 145 0 26 2
a 608 650 0 50 5
a 608 645 0 8 4
a 609 856 0 39 4
a 609 544 0 10 1
a 609 968 0 41 3
a 609 386 0 33 9
a 609 866 0 28 3
a 610 962 0 39 4
a 610 164 0 38 7
a 610 411 0 31 7
a 611 929 0 39 9
a 611 874 0 37 8
a 611 666 0 30 9
a 612 534 0 39 2
a 612 815 0 9 4
a 612 680 0 18 4
a 613 619 0 39 7
a 613 961 0 38 7
a 613 324 0 5 8
a 613 510 0 13 1
a 613 687 0 22 6
a 613 792 0 50 10
a 618 689 0 39 5
a 618 230 0 48 2
a 618 190 0 50 8
a 618 268 0 16 4
a 618 203 0 11 2
a 619 77 0 39 3
a 619 368 0 38 10
a 619 751 0 46 7
a 619 320 0 35 3
a 620 232 0 39 7
a 620 668 0 50 6
a 620 826 0 50 6
a 620 246 0 18 10
a 621 654 0 39 2
a 621 1000 0 43 5
a 621 641 0 48 6
a 621 786 0 20 1
a 621 77 0 24 9
a 623 80 0 39 3
a 623 374 0 36 9
a 623 785 0 46 9
a 624 535 0 39 3
a 624 623 0 4 5
a 624 358 0 31 8
a 624 249 0 8 2
a 636 396 0 39 9
a 636 678 0 23 7
a 636 188 0 18 5
a 636 182 0 50 8
a 636 877 0 10 1
a 636 793 0 26 10
a 637 391 0 39 1
a 637 661 0 8 1
a 637 93 0 45 6
a 637 238 0 1 9
a 638 525 0 39 1
a 638 940 0 39 4
a 639 827 0 39 5
a 639 957 0 32 8
a 639 963 0 32 9
a 639 31 0 42 3
a 640 539 0 39 8
a 640 592 0 36 1
a 640 687 0 8 1
a 640 465 0 14 9
a 640 704 0 33 7
a 640 356 0 44 5
a 641 834 0 39 1
a 641 961 0 20 6
a 641 429 0 42 9
a 641 122 0 1 10
a 643 561 0 39 1
a 643 629 0 4 10
a 643 667 0 19 8
a 643 891 0 16 3
a 643 275 0 33 10
a 643 823 0 41 1
a 644 880 0 39 4
a 644 549 0 19 5
a 644 620 0 16 7
a 644 920 0 39 1
a 644 212 0 49 4
a 645 921 0 39 2
a 645 624 0 9 3
a 645 792 0 15 3
a 645 754 0 8 3
a 645 59 0 30 9
a 646 804 0 39 3
a 646 74 0 17 8
a 647 916 0 39 10
a 647 235 0 12 6
a 647 929 0 21 9
a 647 63 0 34 1
a 647 370 0 23 9
a 647 231 0 5 3
a 648 591 0 39 4
a 648 498 0 32 3
a 648 664 0 29 7
a 648 346 0 1 2
a 648 837 0 33 7
a 648 659 0 7 3
a 651 257 0 39 7
a 651 677 0 26 5
a 652 863 0 39 1
a 652 285 0 28 3
a 652 284 0 2 8
a 652 174 0 1 7
a 652 111 0 36 8
a 654 493 0 39 2
a 654 346 0 42 9
a 657 287 0 39 5
a 657 323 0 43 1
a 657 883 0 16 10
a 657 20 0 36 3
a 661 122 0 39 1
a 661 613 0 18 6
a 664 353 0 39 10
a 664 646 0 43 6
a 664 410 0 0 6
a 664 950 0 26 10
a 664 872 0 13 2
a 664 473 0 5 5
a 666 709 0 39 7
a 666 124 0 13 1
a 666 425 0 21 10
a 666 262 0 41 7
a 666 672 0 50 8
a 669 123 0 39 3
a 669 78 0 4 3
a 669 266 0 32 4
a 669 566 0 19 3
a 669 226 0 44 5
a 670 34 0 39 10
a 670 759 0 19 5
a 670 573 0 43 7
a 676 245 0 39 10
a 676 878 0 29 9
a 676 242 0 45 4
a 680 829 0 39 6
a 680 116 0 17 9
a 680 833 0 35 4
a 680 827 0 35 2
a 680 40 0 23 9
a 683 854 0 39 5
a 683 141 0 13 7
a 683 671 0 33 3
a 683 387 0 40 7
a 683 922 0 31 2
a 684 111 0 39 8
a 684 614 0 25 4
a 684 535 0 2 6
a 684 167 0 13 1
a 685 932 0 39 1
a 685 904 0 31 5
a 685 760 0 1 7
a 685 107 0 11 7
a 689 1000 0 39 7
a 689 240 0 36 3
a 689 522 0 26 1
a 689 395 0 21 8
a 689 826 0 40 5
a 690 32 0 39 8
a 690 902 0 29 7
a 690 228 0 39 4
a 690 921 0 1 2
a 690 287 0 44 3
a 690 117 0 35 4
a 692 772 0 39 9
a 692 934 0 34 8
a 692 439 0 12 5
a 692 545 0 19 5
a 692 672 0 1 5
a 692 554 0 33 10
a 694 75 0 39 4
a 694 739 0 14 9
a 694 36 0 7 3
a 695 486 0 39 5
a 695 676 0 14 1
a 695 489 0 49 2
a 695 285 0 11 9
a 695 991 0 19 9
a 695 92 0 39 2
a 700 455 0 39 2
a 700 923 0 37 2
a 700 251 0 30 3
a 700 256 0 19 10
a 700 12 0 9 2
a 701 12 0 39 9
a 701 838 0 26 5
a 701 590 0 20 10
a 702 957 0 39 9
a 702 45 0 38 3
a 702 594 0 20 7
a 702 218 0 46 5
a 702 450 0 8 4
a 702 828 0 19 6
a 703 174 0 39 1
a 703 153 0 25 9
a 703 59 0 26 7
a 703 214 0 14 1
a 703 372 0 10 6
a 703 701 0 13 4
a 704 936 0 39 1
a 704 472 0 44 3
a 704 952 0 15 7
a 704 1000 0 30 9
a 705 792 0 39 8
a 705 643 0 0 6
a 705 794 0 12 1
a 707 291 0 39 7
a 707 316 0 42 6
a 708 531 0 39 9
a 708 108 0 49 1
a 708 322 0 36 4
a 708 766 0 42 10
a 708 58 0 15 9
a 709 278 0 39 6
a 709 280 0 36 5
a 709 34 0 14 9
a 709 47 0 23 8
a 711 340 0 39 4
a 711 362 0 31 1
a 711 388 0 22 1
a 711 671 0 30 7
a 711 698 0 4 3
a 715 578 0 39 7
a 715 642 0 30 2
a 715 689 0 32 5
a 716 544 0 39 5
a 716 8 0 3 6
a 716 500 0 10 9
a 716 90 0 47 6
a 719 418 0 39 2
a 719 369 0 41 4
a 719 166 0 23 9
a 719 352 0 23 1
a 719 848 0 42 8
a 722 148 0 39 6
a 722 741 0 1 2
a 722 819 0 20 7
a 722 622 0 39 1
a 722 173 0 4 9
a 722 317 0 22 6
a 725 901 0 39 10
a 725 51 0 23 5
a 725 547 0 43 2
a 728 117 0 39 3
a 728 372 0 3 3
a 728 233 0 25 8
a 730 878 0 39 8
a 730 868 0 4 6
a 731 905 0 39 7
a 731 461 0 34 9
a 731 354 0 29 5
a 731 690 0 49 4
a 731 823 0 39 4
a 731 414 0 40 4
a 734 770 0 39 8
a 734 355 0 49 3
a 734 642 0 40 5
a 735 872 0 39 7
a 735 200 0 31 7
a 735 632 0 34 7
a 737 816 0 39 7
a 737 830 0 15 8
a 737 910 0 39 3
a 737 709 0 10 5
a 737 24 0 20 10
a 743 612 0 39 3
a 743 977 0 7 1
a 743 979 0 14 10
a 744 576 0 39 8
a 744 920 0 43 10
a 744 926 0 34 9
a 746 661 0 39 5
a 746 300 0 42 6
a 746 507 0 40 1
a 749 645 0 39 10
a 749 145 0 0 9
a 749 686 0 30 1
a 750 176 0 39 9
a 750 559 0 42 1
a 750 978 0 21 2
a 750 506 0 49 9
a 750 319 0 18 10
a 750 667 0 1 9
a 751 377 0 39 6
a 751 738 0 37 6
a 754 766 0 39 9
a 754 721 0 35 7
a 754 948 0 16 3
a 754 263 0 47 2
a 754 241 0 12 8
a 755 487 0 39 2
a 755 435 0 3 1
a 755 95 0 42 4
a 755 989 0 4 1
a 755 703 0 38 1
a 759 647 0 39 2
a 759 485 0 31 6
a 759 886 0 35 10
a 759 246 0 5 5
a 761 459 0 39 10
a 761 499 0 33 1
a 761 373 0 28 7
a 761 551 0 46 7
a 761 302 0 13 7
a 764 644 0 39 1
a 764 610 0 41 6
a 766 159 0 39 2
a 766 885 0 18 8
a 766 391 0 13 10
a 766 878 0 37 1
a 767 381 0 39 2
a 767 18 0 32 2
a 767 805 0 4 4
a 767 340 0 29 6
a 767 649 0 45 3
a 767 84 0 9 2
a 768 237 0 39 4
a 768 145 0 32 10
a 768 941 0 7 2
a 768 843 0 27 1
a 770 467 0 39 10
a 770 490 0 34 3
a 772 670 0 39 7
a 772 78 0 47 4
a 772 847 0 45 5
a 772 366 0 16 3
a 774 100 0 39 5
a 774 879 0 50 10
a 774 365 0 8 10
a 774 86 0 6 9
a 774 911 0 36 3
a 774 124 0 41 4
a 775 87 0 39 4
a 775 535 0 12 7
a 775 439 0 13 2
a 775 319 0 15 4
a 775 573 0 24 10
a 776 247 0 39 5
a 776 534 0 24 1
a 776 519 0 45 6
a 776 292 0 44 5
a 776 100 0 6 7
a 777 979 0 39 8
a 777 157 0 29 7
a 777 739 0 29 1
a 777 498 0 19 10
a 777 693 0 28 2
a 778 624 0 39 6
a 778 469 0 25 4
a 778 687 0 30 9
a 778 193 0 10 1
a 779 14 0 39 2
a 779 745 0 33 10
a 779 222 0 36 6
a 779 141 0 22 7
a 779 508 0 32 7
a 779 346 0 26 3
a 780 814 0 39 7
a 780 111 0 9 2
a 780 479 0 32 6
a 780 709 0 5 10
a 784 623 0 39 7
a 784 596 0 11 4
a 784 434 0 39 5
a 786 173 0 39 7
a 786 979 0 12 7
a 790 219 0 39 10
a 790 768 0 47 2
a 791 167 0 39 10
a 791 194 0 11 2
a 791 265 0 28 2
a 792 365 0 39 8
a 792 952 0 11 5
a 792 401 0 20 6
a 793 749 0 39 4
a 793 548 0 15 5
a 793 72 0 41 8
a 793 707 0 6 3
a 794 310 0 39 2
a 794 332 0 38 8
a 794 613 0 32 10
a 794 664 0 13 9
a 794 709 0 2 9
a 795 648 0 39 3
a 795 615 0 4 8
a 797 149 0 39 2
a 797 389 0 21 10
a 799 557 0 39 6
a 799 561 0 5 1
a 799 63 0 32 6
a 799 167 0 8 10
a 800 767 0 39 1
a 800 305 0 8 8
a 800 824 0 10 5
a 800 331 0 33 7
a 800 26 0 33 10
a 800 978 0 30 2
a 804 911 0 39 1
a 804 733 0 12 2
a 804 263 0 41 7
a 808 731 0 39 3
a 808 509 0 23 9
a 809 368 0 39 4
a 809 423 0 8 8
a 809 59 0 41 8
a 811 989 0 39 8
a 811 262 0 44 4
a 811 524 0 27 9
a 811 221 0 2 9
a 813 862 0 39 9
a 813 354 0 16 1
a 813 74 0 36 6
a 813 115 0 32 2
a 814 542 0 39 5
a 814 914 0 5 5
a 814 83 0 42 8
a 814 739 0 34 8
a 814 428 0 37 4
a 814 470 0 46 3
a 815 11 0 39 2
a 815 982 0 37 9
a 815 301 0 36 4
a 815 782 0 16 9
a 815 203 0 21 5
a 816 379 0 39 2
a 816 803 0 10 3
a 817 128 0 39 1
a 817 407 0 24 6
a 817 118 0 18 8
a 817 701 0 10 8
a 817 965 0 31 4
a 820 684 0 39 8
a 820 964 0 19 4
a 820 383 0 21 9
a 824 725 0 39 6
a 824 985 0 18 3
a 824 610 0 15 2
a 827 346 0 39 6
a 827 971 0 4 7
a 828 438 0 39 7
a 828 66 0 43 7
a 829 703 0 39 8
a 829 488 0 9 7
a 830 52 0 39 5
a 830 281 0 39 5
a 830 938 0 43 10
a 832 690 0 39 3
a 832 458 0 3 6
a 832 36 0 39 5
a 832 930 0 46 8
a 832 113 0 13 1
a 832 625 0 4 7
a 833 976 0 39 6
a 833 570 0 16 1
a 834 24 0 39 9
a 834 420 0 34 9
a 834 282 0 21 3
a 835 560 0 39 10
a 835 226 0 23 4
a 835 270 0 28 1
a 835 427 0 33 3
a 836 991 0 39 3
a 836 586 0 35 4
a 836 379 0 44 1
a 837 755 0 39 5
a 837 507 0 13 4
a 837 8 0 6 1
a 837 33 0 50 1
a 838 327 0 39 10
a 838 180 0 29 7
a 838 673 0 38 2
a 838 632 0 3 6
a 840 971 0 39 8
a 840 817 0 39 7
a 840 704 0 2 3
a 840 10 0 14 3
a 840 379 0 45 2
a 842 695 0 39 10
a 842 123 0 19 10
a 844 294 0 39 9
a 844 830 0 21 6
a 844 770 0 16 7
a 844 600 0 34 5
a 845 838 0 39 2
a 845 708 0 45 9
a 845 386 0 15 10
a 845 945 0 16 5
a 846 940 0 39 7
a 846 771 0 26 4
a 846 375 0 39 7
a 846 196 0 38 5
a 846 842 0 7 10
a 850 832 0 39 6
a 850 4 0 27 5
a 850 876 0 48 4
a 850 812 0 38 4
a 850 24 0 15 9
a 851 813 0 39 9
a 851 493 0 36 9
a 851 291 0 27 3
a 851 799 0 0 7
a 854 277 0 39 2
a 854 816 0 0 9
a 854 23 0 7 2
a 854 908 0 19 6
a 856 106 0 39 5
a 856 443 0 23 8
a 856 635 0 37 9
a 856 218 0 41 3
a 857 134 0 39 5
a 857 326 0 12 9
a 862 562 0 39 2
a 862 929 0 39 5
a 862 155 0 49 2
a 862 288 0 43 3
a 862 409 0 44 1
a 862 10 0 18 8
a 863 347 0 39 4
a 863 183 0 0 9
a 863 500 0 32 2
a 863 552 0 14 8
a 863 381 0 33 3
a 863 211 0 22 1
a 864 506 0 39 8
a 864 303 0 44 4
a 864 499 0 31 7
a 864 870 0 13 2
a 864 672 0 46 2
a 867 830 0 39 8
a 867 212 0 17 6
a 869 88 0 39 7
a 869 476 0 25 4
a 869 241 0 28 3
a 869 157 0 8 5
a 869 862 0 11 7
a 872 892 0 39 7
a 872 671 0 41 2
a 872 483 0 33 1
a 873 135 0 39 7
a 873 991 0 2 4
a 873 197 0 38 4
a 873 294 0 47 10
a 874 274 0 39 4
a 874 867 0 46 4
a 876 651 0 39 3
a 876 715 0 13 7
a 876 816 0 7 8
a 876 921 0 1 7
a 876 824 0 39 9
a 878 639 0 39 10
a 878 378 0 11 10
a 878 610 0 43 2
a 878 769 0 46 6
a 878 689 0 47 1
a 878 774 0 1 4
a 880 179 0 39 2
a 880 349 0 21 10
a 880 840 0 40 5
a 880 92 0 22 6
a 880 517 0 42 1
a 884 845 0 39 6
a 884 886 0 35 5
a 884 242 0 0 6
a 884 8 0 11 1
a 884 657 0 35 10
a 884 438 0 23 8
a 888 516 0 39 6
a 888 949 0 41 8
a 892 761 0 39 3
a 892 782 0 11 8
a 892 134 0 13 1
a 894 784 0 39 7
a 894 134 0 21 6
a 894 180 0 44 5
a 899 473 0 39 4
a 899 288 0 2 7
a 899 133 0 0 5
a 899 295 0 25 10
a 899 265 0 0 7
a 901 902 0 39 7
a 901 344 0 29 10
a 901 722 0 19 2
a 901 362 0 6 10
a 901 930 0 28 6
a 901 53 0 33 7
a 902 236 0 39 9
a 902 273 0 45 9
a 902 448 0 8 3
a 902 320 0 4 4
a 903 105 0 39 1
a 903 865 0 32 5
a 903 35 0 22 1
a 903 969 0 49 5
a 903 514 0 18 1
a 903 777 0 38 3
a 904 191 0 39 1
a 904 127 0 46 4
a 904 993 0 16 7
a 904 421 0 15 10
a 905 926 0 39 7
a 905 65 0 31 1
a 907 657 0 39 4
a 907 277 0 14 1
a 907 787 0 29 6
a 907 747 0 32 10
a 907 574 0 12 10
a 911 797 0 39 5
a 911 97 0 30 5
a 911 369 0 33 10
a 911 149 0 4 10
a 911 157 0 20 2
a 912 394 0 39 9
a 912 572 0 21 7
a 915 19 0 39 5
a 915 160 0 0 6
a 915 916 0 35 2
a 915 326 0 46 2
a 915 537 0 37 2
a 916 743 0 39 7
a 916 872 0 32 6
a 916 969 0 15 5
a 916 98 0 3 9
a 916 151 0 1 3
a 916 288 0 26 1
a 917 378 0 39 9
a 917 820 0 31 8
a 917 826 0 5 2
a 917 456 0 37 3
a 919 815 0 39 8
a 919 871 0 1 10
a 919 903 0 37 5
a 919 967 0 44 7
a 921 27 0 39 2
a 921 214 0 8 10
a 921 75 0 43 4
a 921 395 0 0 1
a 921 467 0 4 4
a 921 528 0 24 10
a 924 436 0 39 7
a 924 955 0 2 6
a 924 606 0 2 9
a 926 46 0 39 6
a 926 652 0 1 8
a 929 40 0 39 2
a 929 241 0 27 2
a 929 790 0 31 9
a 929 665 0 6 9
a 932 344 0 39 9
a 932 790 0 8 3
a 932 664 0 32 2
a 932 764 0 49 1
a 935 777 0 39 8
a 935 632 0 32 5
a 935 93 0 27 3
a 936 138 0 39 7
a 936 937 0 24 9
a 936 187 0 0 9
a 936 273 0 47 7
a 936 339 0 28 5
a 940 376 0 39 4
a 940 821 0 12 8
a 940 625 0 36 6
a 943 569 0 39 9
a 943 281 0 30 3
a 943 183 0 11 1
a 943 721 0 6 6
a 944 850 0 39 9
a 944 66 0 24 4
a 950 836 0 39 3
a 950 710 0 8 10
a 950 803 0 15 2
a 952 83 0 39 10
a 952 145 0 6 5
a 952 112 0 40 9
a 952 652 0 19 6
a 956 256 0 39 8
a 956 728 0 28 9
a 957 704 0 39 1
a 957 570 0 29 9
a 957 671 0 43 2
a 957 935 0 43 10
a 958 129 0 39 9
a 958 108 0 19 8
a 958 929 0 0 10
a 958 77 0 40 8
a 958 38 0 50 7
a 961 580 0 39 10
a 961 51 0 18 7
a 961 316 0 24 9
a 962 370 0 39 4
a 962 471 0 22 7
a 962 947 0 22 2
a 962 61 0 8 10
a 964 416 0 39 10
a 964 957 0 11 6
a 964 262 0 38 10
a 964 596 0 5 10
a 964 489 0 13 10
a 966 479 0 39 2
a 966 376 0 4 8
a 966 779 0 37 8
a 966 416 0 35 9
a 967 233 0 39 9
a 967 602 0 41 10
a 967 61 0 22 8
a 967 903 0 10 5
a 967 370 0 27 5
a 969 440 0 39 3
a 969 661 0 1 1
a 969 439 0 46 6
a 969 577 0 42 5
a 969 85 0 8 4
a 971 846 0 39 3
a 971 987 0 16 9
a 971 773 0 33 10
a 971 930 0 27 4
a 971 232 0 5 8
a 973 597 0 39 10
a 973 475 0 33 10
a 974 857 0 39 2
a 974 676 0 45 6
a 976 89 0 39 4
a 976 448 0 32 2
a 979 165 0 39 2
a 979 783 0 49 6
a 979 561 0 35 9
a 980 410 0 39 7
a 980 49 0 33 10
a 980 778 0 50 3
a 980 833 0 46 7
a 982 510 0 39 4
a 982 870 0 3 5
a 985 196 0 39 2
a 985 887 0 36 2
a 985 730 0 22 10
a 989 680 0 39 4
a 989 767 0 46 8
a 989 674 0 22 3
a 989 146 0 33 6
a 989 414 0 14 4
a 990 284 0 39 9
a 990 120 0 37 2
a 990 96 0 8 4
a 991 408 0 39 3
a 991 301 0 37 5
a 998 952 0 39 10
a 998 802 0 35 5
a 998 770 0 7 9
a 998 78 0 34 9
