c PyNETGEN v1.0.0
c $ pip install pynetgen
c
c  NETGEN flow network generation algorithm
c  Problem input parameters
c  -------------------------------------
c   Random seed:          15
c   Number of nodes:      1000
c   Source nodes:         2
c   Sink nodes:           2
c   Number of arcs:       4000
c   Minimum arc cost:     1
c   Maximum arc cost:     10
c   Total supply:         50
c   Transshipment -
c     Sources:            0
c     Sinks:              0
c   Skeleton arcs -
c     With max cost:      0
c     Capacitated:        100
c   Minimum arc capacity: 0
c   Maximum arc capacity: 50
c
c  *** Minimum cost flow ***
c
p min 1000 4000
n 1 46
n 2 4
n 999 -47
n 1000 -3
a 1 822 0 46 2
a 1 152 0 32 7
a 1 875 0 10 1
a 1 288 0 49 6
a 1 246 0 5 7
a 1 639 0 5 4
a 1 856 0 1 10
a 3 755 0 46 7
a 3 47 0 34 5
a 3 868 0 39 1
a 3 946 0 50 10
a 3 96 0 3 8
a 4 783 0 46 2
a 4 501 0 29 1
a 4 165 0 42 8
a 5 19 0 46 7
a 5 636 0 15 1
a 7 376 0 46 7
a 7 887 0 33 8
a 7 115 0 27 8
a 7 173 0 25 4
a 7 876 0 26 9
a 7 484 0 7 3
a 7 475 0 26 6
a 9 544 0 46 6
a 9 151 0 43 4
a 11 362 0 46 8
a 11 737 0 29 1
a 12 490 0 46 3
a 12 843 0 28 9
a 12 780 0 37 5
a 12 450 0 3 5
a 12 333 0 50 7
a 12 752 0 46 10
a 14 919 0 46 5
a 14 523 0 5 9
a 14 562 0 3 3
a 14 731 0 46 7
a 14 894 0 47 3
a 14 502 0 40 7
a 15 776 0 46 3
a 15 859 0 35 1
a 15 446 0 18 5
a 15 375 0 17 4
a 15 595 0 21 5
a 15 594 0 47 7
a 16 638 0 46 8
a 16 597 0 12 3
a 16 165 0 32 1
a 16 791 0 36 5
a 16 342 0 18 5
a 16 423 0 23 4
a 16 794 0 24 7
a 19 321 0 46 3
a 19 164 0 9 4
a 19 169 0 45 3
a 19 221 0 1 3
a 19 676 0 1 5
a 22 957 0 46 6
a 22 518 0 15 3
a 22 939 0 31 4
a 22 183 0 11 6
a 22 864 0 31 1
a 23 711 0 46 8
a 23 578 0 49 3
a 26 129 0 46 1
a 26 770 0 6 8
a 26 842 0 38 1
a 28 228 0 46 9
a 28 878 0 34 5
a 28 630 0 15 3
a 28 532 0 43 7
a 28 596 0 26 9
a 28 772 0 19 1
a 29 7 0 46 2
a 29 166 0 34 5
a 29 673 0 2 7
a 29 741 0 36 9
a 29 414 0 40 10
a 29 954 0 1 2
a 30 668 0 46 10
a 30 741 0 17 10
a 30 830 0 44 8
a 30 636 0 28 8
a 30 288 0 18 1
a 32 716 0 46 5
a 32 402 0 31 5
a 32 693 0 34 5
a 33 133 0 46 1
a 33 640 0 22 3
a 33 302 0 46 6
a 33 393 0 10 1
a 33 870 0 21 2
a 33 783 0 13 8
a 36 734 0 46 5
a 36 992 0 15 3
a 36 953 0 23 1
a 36 281 0 13 3
a 36 642 0 35 1
a 37 801 0 46 9
a 37 450 0 41 2
a 37 860 0 20 10
a 37 894 0 50 2
a 37 265 0 8 2
a 37 645 0 2 2
a 38 203 0 46 9
a 38 813 0 42 8
a 38 903 0 12 3
a 38 995 0 41 4
a 38 279 0 9 2
a 39 367 0 46 4
a 39 236 0 3 7
a 39 184 0 5 7
a 39 298 0 27 10
a 40 922 0 46 8
a 40 604 0 41 6
a 40 72 0 1 2
a 40 677 0 21 9
a 40 923 0 30 4
a 42 657 0 46 1
a 42 104 0 9 9
a 42 214 0 5 10
a 42 107 0 15 7
a 46 158 0 46 6
a 46 526 0 39 6
a 46 689 0 35 4
a 46 157 0 42 7
a 46 653 0 33 3
a 48 159 0 46 1
a 48 761 0 29 1
a 48 450 0 7 4
a 48 519 0 48 5
a 49 760 0 46 1
a 49 278 0 46 1
a 49 270 0 18 1
a 49 466 0 7 3
a 49 275 0 41 5
a 49 613 0 34 7
a 50 425 0 46 8
a 50 915 0 3 2
a 50 658 0 27 1
a 50 254 0 13 1
a 50 925 0 17 3
a 50 420 0 5 5
a 51 436 0 46 3
a 51 942 0 24 10
a 51 507 0 35 8
a 52 774 0 46 10
a 52 945 0 38 4
a 53 98 0 46 6
a 53 188 0 22 2
a 53 121 0 35 6
a 53 309 0 43 2
a 55 421 0 46 4
a 55 931 0 10 10
a 55 86 0 32 7
a 56 81 0 46 10
a 56 456 0 26 6
a 56 384 0 26 9
a 56 293 0 9 2
a 56 694 0 50 2
a 56 871 0 37 7
a 57 726 0 46 3
a 57 466 0 27 1
a 57 369 0 11 5
a 58 270 0 46 2
a 58 469 0 21 7
a 60 78 0 46 4
a 60 449 0 41 6
a 61 803 0 46 3
a 61 308 0 21 2
a 63 440 0 46 1
a 63 734 0 36 7
a 66 200 0 46 6
a 66 271 0 6 1
a 66 422 0 34 7
a 68 848 0 46 2
a 68 834 0 27 6
a 68 361 0 22 9
a 72 161 0 46 1
a 72 818 0 22 3
a 72 555 0 37 8
a 72 833 0 7 4
a 72 976 0 1 3
a 75 833 0 46 10
a 75 247 0 42 5
a 75 818 0 28 2
a 75 358 0 1 6
a 75 661 0 7 3
a 75 978 0 23 7
a 76 5 0 46 1
a 76 561 0 18 5
a 76 656 0 24 6
a 76 163 0 0 3
a 76 580 0 36 10
a 77 593 0 46 8
a 77 215 0 37 10
a 77 143 0 29 7
a 77 635 0 16 10
a 78 653 0 46 6
a 78 297 0 44 7
a 78 263 0 49 7
a 80 426 0 46 7
a 80 489 0 13 6
a 80 599 0 40 10
a 80 718 0 4 6
a 81 504 0 46 5
a 81 257 0 43 3
a 81 522 0 15 3
a 81 697 0 8 1
a 82 242 0 46 4
a 82 811 0 10 8
a 82 715 0 32 3
a 83 266 0 46 3
a 83 557 0 25 6
a 83 148 0 34 7
a 84 782 0 46 8
a 84 863 0 45 9
a 84 667 0 47 3
a 84 946 0 35 2
a 84 792 0 21 4
a 84 297 0 47 2
a 86 260 0 46 5
a 86 653 0 4 6
a 86 159 0 0 9
a 86 523 0 10 4
a 86 406 0 40 2
a 86 671 0 48 4
a 92 282 0 46 4
a 92 400 0 13 8
a 92 720 0 38 1
a 92 398 0 48 3
a 92 714 0 3 3
a 92 145 0 43 1
a 94 616 0 46 9
a 94 962 0 28 4
a 94 919 0 42 4
a 96 83 0 46 3
a 96 775 0 26 5
a 96 638 0 45 7
a 96 538 0 17 4
a 96 21 0 19 5
a 97 691 0 46 10
a 97 136 0 16 5
a 97 679 0 11 7
a 97 617 0 34 1
a 97 948 0 17 10
a 97 361 0 9 5
a 98 558 0 46 6
a 98 195 0 37 4
a 99 330 0 46 7
a 99 670 0 30 8
a 99 863 0 32 7
a 99 411 0 5 1
a 99 943 0 30 7
a 99 564 0 47 4
a 101 33 0 46 2
a 101 590 0 50 1
a 101 872 0 9 1
a 101 132 0 48 6
a 101 515 0 14 7
a 101 973 0 6 6
a 103 758 0 46 5
a 103 599 0 31 7
a 103 131 0 20 8
a 103 550 0 45 8
a 103 205 0 10 4
a 103 931 0 50 1
a 105 681 0 46 3
a 105 461 0 12 7
a 106 994 0 46 1
a 106 464 0 43 2
a 106 642 0 34 10
a 106 335 0 39 5
a 108 625 0 46 1
a 108 141 0 42 9
a 108 247 0 21 6
a 112 548 0 46 9
a 112 603 0 35 4
a 112 25 0 25 5
a 112 91 0 22 7
a 112 517 0 45 2
a 112 965 0 0 3
a 119 909 0 46 8
a 119 514 0 39 8
a 119 517 0 47 7
a 121 438 0 46 8
a 121 581 0 42 5
a 121 922 0 1 3
a 121 245 0 32 8
a 121 365 0 12 5
a 121 70 0 2 1
a 127 186 0 46 4
a 127 548 0 46 10
a 128 564 0 46 4
a 128 581 0 2 7
a 128 509 0 33 6
a 129 48 0 46 5
a 129 488 0 1 1
a 129 873 0 3 5
a 129 410 0 30 2
a 129 19 0 32 2
a 129 417 0 28 4
a 130 399 0 46 4
a 130 740 0 50 3
a 130 149 0 18 5
a 130 873 0 17 5
a 132 661 0 46 3
a 132 148 0 29 5
a 132 873 0 36 6
a 132 481 0 38 5
a 132 382 0 43 1
a 132 963 0 16 10
a 133 802 0 46 7
a 133 513 0 27 1
a 133 50 0 4 6
a 134 561 0 46 7
a 134 65 0 4 7
a 134 733 0 45 7
a 138 515 0 46 10
a 138 81 0 50 6
a 138 135 0 42 3
a 138 53 0 15 5
a 140 743 0 46 9
a 140 366 0 16 2
a 140 311 0 32 8
a 140 321 0 24 8
a 140 145 0 40 1
a 140 57 0 25 3
a 143 938 0 46 9
a 143 149 0 19 10
a 143 951 0 20 9
a 147 386 0 46 2
a 147 293 0 46 7
a 147 871 0 42 8
a 147 271 0 4 7
a 147 599 0 38 7
a 148 233 0 46 2
a 148 402 0 50 8
a 148 707 0 49 6
a 148 875 0 21 4
a 148 221 0 20 5
a 148 444 0 42 8
a 149 572 0 46 3
a 149 836 0 3 10
a 149 171 0 34 2
a 151 61 0 46 3
a 151 392 0 49 1
a 151 188 0 1 7
a 151 81 0 46 6
a 151 792 0 2 6
a 151 18 0 20 9
a 152 165 0 46 3
a 152 167 0 29 10
a 152 656 0 41 6
a 152 542 0 3 2
a 152 224 0 43 7
a 153 650 0 46 2
a 153 86 0 39 10
a 153 49 0 42 5
a 154 696 0 46 5
a 154 573 0 7 6
a 154 845 0 19 6
a 154 906 0 8 3
a 154 806 0 43 7
a 154 481 0 6 3
a 156 479 0 46 10
a 156 202 0 15 3
a 158 910 0 46 5
a 158 703 0 48 7
a 158 749 0 28 1
a 158 849 0 8 5
a 158 562 0 11 6
a 159 775 0 46 1
a 159 930 0 4 10
a 159 791 0 25 4
a 159 493 0 50 9
a 161 106 0 46 6
a 161 787 0 36 10
a 161 703 0 36 3
a 161 16 0 4 10
a 161 562 0 24 8
a 165 496 0 46 7
a 165 61 0 26 4
a 166 574 0 46 6
a 166 700 0 20 7
a 166 406 0 6 6
a 167 14 0 46 7
a 167 701 0 20 4
a 167 331 0 12 5
a 167 437 0 38 3
a 167 621 0 45 7
a 168 195 0 46 7
a 168 863 0 12 2
a 168 793 0 9 5
a 168 122 0 39 2
a 168 508 0 35 2
a 170 732 0 46 2
a 170 187 0 5 6
a 170 718 0 7 5
a 170 683 0 42 7
a 170 825 0 49 1
a 171 86 0 46 7
a 171 296 0 23 6
a 172 663 0 46 10
a 172 191 0 34 3
a 172 523 0 3 10
a 172 924 0 18 8
a 172 824 0 38 1
a 172 406 0 7 5
a 174 888 0 46 2
a 174 662 0 40 7
a 174 467 0 5 6
a 174 824 0 28 4
a 174 101 0 32 9
a 174 403 0 49 6
a 175 701 0 46 8
a 175 653 0 28 8
a 175 403 0 16 6
a 175 550 0 25 4
a 175 751 0 4 5
a 177 941 0 46 2
a 177 494 0 6 2
a 177 992 0 24 1
a 177 28 0 49 10
a 177 984 0 40 2
a 177 756 0 50 2
a 184 978 0 46 5
a 184 323 0 35 9
a 184 52 0 41 1
a 184 312 0 12 9
a 184 989 0 35 4
a 186 75 0 46 4
a 186 263 0 48 1
a 186 748 0 25 3
a 190 335 0 46 9
a 190 403 0 9 3
a 190 931 0 24 2
a 191 762 0 46 3
a 191 427 0 20 2
a 193 15 0 46 4
a 193 407 0 22 8
a 193 598 0 43 4
a 193 696 0 45 4
a 194 550 0 46 9
a 194 636 0 42 2
a 195 672 0 46 2
a 195 358 0 33 10
a 195 661 0 17 1
a 195 737 0 41 3
a 195 669 0 18 6
a 195 775 0 3 8
a 196 974 0 46 6
a 196 556 0 50 1
a 196 580 0 9 9
a 196 673 0 19 7
a 196 162 0 22 2
a 196 138 0 17 8
a 197 138 0 46 7
a 197 794 0 23 6
a 198 214 0 46 7
a 198 695 0 42 5
a 198 573 0 28 8
a 200 637 0 46 6
a 200 592 0 42 4
a 200 533 0 12 8
a 200 880 0 47 3
a 200 712 0 6 7
a 201 510 0 46 7
a 201 355 0 43 1
a 201 290 0 6 4
a 201 993 0 48 4
a 201 40 0 25 4
a 203 84 0 46 2
a 203 94 0 5 1
a 203 715 0 31 7
a 203 749 0 24 5
a 203 242 0 4 2
a 203 231 0 17 7
a 214 702 0 46 4
a 214 485 0 12 8
a 214 202 0 25 9
a 214 180 0 24 4
a 217 459 0 46 4
a 217 838 0 2 4
a 217 164 0 10 2
a 217 393 0 5 9
a 217 424 0 34 10
a 218 472 0 46 4
a 218 753 0 23 2
a 218 307 0 13 4
a 218 599 0 25 10
a 218 27 0 34 9
a 218 435 0 27 9
a 219 917 0 46 3
a 219 1000 0 7 1
a 219 443 0 39 5
a 219 417 0 34 10
a 223 444 0 46 8
a 223 679 0 31 4
a 223 136 0 48 2
a 223 441 0 7 10
a 228 240 0 46 9
a 228 450 0 16 10
a 228 753 0 20 7
a 228 570 0 45 10
a 228 443 0 20 2
a 228 695 0 8 9
a 230 692 0 46 8
a 230 84 0 21 9
a 230 700 0 8 6
a 230 31 0 2 3
a 231 818 0 46 7
a 231 940 0 2 6
a 231 771 0 22 4
a 231 860 0 38 10
a 231 73 0 10 2
a 233 583 0 46 10
a 233 191 0 39 6
a 233 578 0 39 7
a 233 355 0 12 3
a 236 856 0 46 3
a 236 755 0 42 7
a 236 637 0 21 1
a 238 898 0 46 7
a 238 208 0 14 10
a 238 633 0 41 5
a 238 380 0 46 2
a 238 96 0 26 9
a 240 314 0 46 4
a 240 269 0 19 5
a 240 467 0 40 9
a 240 169 0 35 10
a 240 746 0 11 4
a 240 512 0 13 1
a 242 854 0 46 3
a 242 235 0 35 3
a 242 920 0 43 5
a 246 289 0 46 7
a 246 735 0 40 2
a 246 139 0 49 5
a 246 950 0 11 5
a 246 345 0 14 4
a 246 582 0 15 5
a 247 551 0 46 9
a 247 662 0 40 10
a 248 575 0 46 7
a 248 117 0 33 4
a 248 544 0 33 8
a 248 788 0 46 5
a 248 894 0 28 10
a 248 275 0 44 5
a 252 68 0 46 9
a 252 78 0 17 7
a 252 970 0 16 9
a 252 435 0 22 6
a 255 306 0 46 4
a 255 482 0 49 2
a 255 692 0 49 10
a 255 742 0 37 7
a 256 532 0 46 10
a 256 190 0 29 8
a 256 432 0 38 2
a 257 546 0 46 7
a 257 236 0 24 8
a 259 999 0 46 9
a 259 121 0 46 9
a 259 19 0 4 4
a 259 971 0 26 1
a 259 951 0 46 3
a 259 587 0 37 7
a 259 417 0 49 8
a 260 269 0 46 6
a 260 556 0 18 7
a 260 246 0 40 9
a 260 360 0 20 1
a 260 853 0 46 1
a 262 639 0 46 10
a 262 149 0 34 4
a 262 725 0 10 8
a 262 345 0 49 3
a 262 548 0 48 10
a 262 485 0 34 9
a 263 611 0 46 2
a 263 310 0 12 7
a 263 365 0 44 5
a 263 770 0 21 8
a 263 873 0 43 2
a 265 693 0 46 9
a 265 751 0 34 6
a 265 199 0 34 8
a 265 673 0 19 3
a 266 37 0 46 2
a 266 328 0 31 2
a 266 400 0 39 8
a 266 172 0 12 9
a 268 366 0 46 9
a 268 95 0 9 10
a 268 601 0 27 8
a 269 424 0 46 5
a 269 626 0 31 4
a 269 598 0 37 3
a 269 526 0 20 10
a 269 689 0 41 4
a 270 772 0 46 9
a 270 184 0 40 2
a 270 911 0 36 5
a 272 456 0 46 1
a 272 602 0 47 2
a 272 387 0 37 2
a 272 778 0 21 10
a 273 555 0 46 6
a 273 746 0 47 1
a 273 280 0 26 9
a 273 40 0 9 2
a 273 564 0 24 1
a 279 654 0 46 6
a 279 560 0 40 5
a 279 369 0 46 3
a 282 46 0 46 7
a 282 91 0 26 7
a 282 238 0 22 1
a 284 148 0 46 1
a 284 327 0 24 2
a 284 720 0 27 3
a 284 760 0 26 8
a 285 632 0 46 7
a 285 50 0 22 8
a 285 336 0 22 10
a 285 335 0 17 3
a 285 194 0 10 2
a 285 803 0 28 2
a 288 920 0 46 9
a 288 463 0 43 10
a 288 229 0 14 2
a 289 631 0 46 3
a 289 941 0 6 5
a 289 58 0 38 3
a 289 925 0 11 9
a 289 980 0 31 7
a 289 162 0 37 5
a 292 950 0 46 8
a 292 858 0 0 10
a 292 919 0 26 2
a 305 900 0 46 7
a 305 257 0 7 5
a 306 580 0 46 8
a 306 437 0 47 9
a 306 784 0 22 1
a 306 648 0 38 1
a 306 515 0 22 4
a 306 351 0 32 6
a 307 319 0 46 2
a 307 520 0 28 2
a 307 566 0 44 9
a 309 944 0 46 4
a 309 860 0 7 3
a 309 981 0 20 3
a 309 577 0 19 6
a 309 547 0 14 4
a 314 194 0 46 7
a 314 898 0 16 9
a 315 676 0 46 10
a 315 722 0 44 2
a 315 832 0 18 4
a 315 376 0 45 3
a 315 930 0 9 7
a 317 841 0 46 6
a 317 771 0 26 10
a 319 727 0 46 6
a 319 526 0 41 8
a 319 913 0 40 7
a 319 748 0 20 4
a 319 399 0 17 1
a 321 417 0 46 5
a 321 292 0 22 3
a 321 304 0 7 2
a 321 315 0 5 3
a 321 528 0 28 8
a 321 632 0 24 10
a 322 108 0 46 6
a 322 181 0 0 9
a 326 265 0 46 5
a 326 77 0 28 5
a 326 783 0 12 9
a 328 223 0 46 7
a 328 980 0 10 5
a 328 815 0 40 5
a 328 471 0 25 2
a 330 947 0 46 5
a 330 681 0 34 2
a 330 563 0 46 4
a 330 321 0 6 10
a 330 69 0 25 2
a 331 457 0 46 5
a 331 398 0 8 7
a 333 191 0 46 8
a 333 336 0 50 2
a 333 653 0 23 1
a 333 69 0 38 9
a 333 863 0 15 8
a 335 432 0 46 3
a 335 933 0 44 7
a 335 545 0 32 7
a 335 485 0 2 2
a 335 338 0 33 4
a 335 77 0 19 3
a 336 279 0 46 8
a 336 308 0 12 2
a 338 843 0 46 8
a 338 162 0 18 3
a 338 749 0 12 5
a 338 732 0 47 9
a 338 687 0 45 4
a 341 168 0 46 6
a 341 985 0 7 8
a 341 305 0 24 2
a 341 631 0 16 9
a 341 644 0 40 7
a 344 53 0 46 8
a 344 823 0 17 5
a 344 723 0 30 6
a 344 280 0 40 2
a 344 98 0 30 10
a 347 82 0 46 9
a 347 1000 0 46 4
a 347 27 0 30 2
a 347 782 0 11 4
a 348 256 0 46 4
a 348 110 0 44 8
a 348 297 0 23 9
a 348 847 0 45 5
a 348 916 0 37 7
a 349 859 0 46 1
a 349 233 0 26 7
a 349 196 0 50 9
a 349 469 0 18 2
a 349 123 0 3 8
a 349 986 0 4 9
a 351 556 0 46 9
a 351 534 0 4 2
a 351 86 0 23 3
a 351 805 0 35 7
a 353 149 0 46 8
a 353 104 0 14 4
a 353 289 0 36 9
a 353 121 0 21 5
a 353 178 0 10 5
a 353 98 0 5 6
a 354 349 0 46 4
a 354 279 0 11 7
a 354 556 0 41 2
a 355 140 0 46 10
a 355 269 0 7 3
a 355 113 0 7 8
a 355 835 0 38 6
a 360 908 0 46 5
a 360 846 0 39 6
a 360 895 0 14 3
a 360 20 0 39 6
a 362 951 0 46 3
a 362 984 0 9 1
a 362 51 0 37 8
a 362 564 0 24 8
a 362 281 0 4 6
a 366 935 0 46 1
a 366 452 0 20 4
a 366 948 0 48 2
a 366 444 0 10 5
a 367 915 0 46 4
a 367 223 0 50 8
a 367 140 0 6 10
a 367 291 0 44 6
a 367 741 0 34 7
a 372 674 0 46 10
a 372 201 0 48 8
a 372 293 0 14 2
a 372 583 0 36 7
a 372 612 0 23 3
a 374 322 0 46 5
a 374 943 0 39 1
a 374 458 0 6 6
a 376 886 0 46 9
a 376 463 0 34 6
a 378 645 0 46 5
a 378 87 0 37 6
a 378 107 0 25 8
a 378 777 0 4 2
a 379 678 0 46 1
a 379 589 0 48 5
a 379 397 0 36 2
a 379 783 0 43 8
a 380 80 0 46 9
a 380 456 0 0 8
a 380 512 0 25 5
a 383 873 0 46 10
a 383 450 0 30 6
a 385 288 0 46 3
a 385 304 0 16 10
a 385 123 0 48 3
a 385 624 0 2 2
a 386 846 0 46 3
a 386 344 0 30 5
a 386 936 0 16 7
a 386 582 0 11 1
a 387 584 0 46 1
a 387 256 0 0 4
a 387 471 0 36 8
a 387 223 0 34 4
a 387 616 0 32 9
a 388 353 0 46 8
a 388 647 0 17 6
a 388 695 0 3 4
a 388 342 0 42 1
a 391 895 0 46 5
a 391 673 0 48 7
a 391 485 0 1 9
a 391 730 0 7 10
a 391 166 0 45 10
a 391 568 0 17 6
a 393 315 0 46 4
a 393 822 0 33 10
a 393 821 0 11 8
a 393 142 0 35 8
a 393 826 0 7 1
a 393 818 0 14 9
a 394 961 0 46 1
a 394 879 0 16 1
a 394 927 0 9 7
a 397 154 0 46 5
a 397 174 0 43 7
a 397 164 0 23 5
a 397 627 0 37 7
a 398 535 0 46 4
a 398 487 0 26 3
a 399 589 0 46 10
a 399 481 0 25 3
a 399 306 0 30 10
a 403 981 0 46 2
a 403 16 0 50 8
a 403 913 0 28 5
a 403 534 0 21 5
a 403 709 0 26 5
a 405 246 0 46 8
a 405 700 0 31 4
a 405 971 0 7 7
a 406 891 0 46 5
a 406 352 0 33 3
a 414 105 0 46 10
a 414 874 0 40 2
a 414 950 0 8 10
a 414 81 0 14 1
a 414 985 0 44 2
a 417 398 0 46 3
a 417 361 0 23 7
a 417 821 0 33 2
a 417 354 0 50 5
a 421 972 0 46 5
a 421 693 0 24 8
a 421 622 0 32 4
a 421 749 0 22 8
a 422 50 0 46 6
a 422 7 0 46 9
a 423 831 0 46 10
a 423 248 0 18 7
a 423 820 0 34 3
a 423 920 0 36 9
a 423 319 0 49 3
a 424 942 0 46 2
a 424 625 0 34 5
a 424 76 0 27 3
a 424 998 0 30 2
a 424 964 0 6 8
a 424 302 0 47 5
a 425 571 0 46 7
a 425 232 0 40 4
a 425 888 0 44 5
a 425 381 0 43 8
a 425 563 0 41 8
a 425 351 0 38 7
a 426 42 0 46 10
a 426 478 0 41 5
a 426 231 0 42 8
a 426 161 0 48 9
a 426 661 0 25 5
a 426 473 0 21 9
a 427 956 0 46 6
a 427 149 0 48 9
a 427 356 0 37 7
a 430 447 0 46 6
a 430 527 0 3 3
a 430 763 0 32 3
a 430 13 0 22 6
a 432 423 0 46 10
a 432 300 0 49 2
a 434 263 0 46 8
a 434 66 0 15 1
a 434 249 0 17 4
a 434 236 0 41 6
a 435 372 0 46 1
a 435 723 0 24 5
a 435 465 0 43 1
a 435 812 0 2 10
a 435 205 0 34 2
a 436 101 0 46 8
a 436 289 0 19 6
a 436 321 0 12 9
a 436 525 0 19 8
a 436 978 0 20 5
a 438 397 0 46 7
a 438 604 0 42 2
a 439 987 0 46 4
a 439 954 0 47 5
a 439 9 0 36 2
a 440 997 0 46 1
a 440 669 0 21 9
a 440 237 0 4 5
a 442 933 0 46 8
a 442 260 0 35 8
a 442 974 0 1 1
a 442 753 0 10 7
a 444 536 0 46 8
a 444 42 0 3 2
a 445 394 0 46 10
a 445 673 0 5 4
a 445 500 0 42 6
a 446 32 0 46 7
a 446 245 0 41 4
a 446 930 0 43 1
a 446 881 0 6 6
a 446 923 0 45 7
a 446 522 0 41 6
a 447 197 0 46 10
a 447 320 0 32 1
a 447 236 0 9 6
a 447 993 0 50 6
a 451 689 0 46 6
a 451 644 0 50 10
a 452 26 0 46 9
a 452 345 0 36 10
a 452 441 0 46 10
a 452 105 0 41 4
a 452 295 0 48 3
a 454 97 0 46 1
a 454 390 0 3 2
a 456 607 0 46 8
a 456 749 0 18 3
a 457 722 0 46 9
a 457 124 0 50 3
a 457 347 0 49 5
a 457 213 0 19 2
a 459 754 0 46 3
a 459 691 0 30 5
a 459 939 0 9 5
a 459 672 0 34 10
a 459 299 0 38 4
a 460 795 0 46 3
a 460 915 0 3 7
a 460 123 0 47 8
a 460 835 0 42 6
a 465 236 0 46 4
a 465 39 0 35 3
a 468 907 0 46 9
a 468 227 0 2 7
a 469 273 0 46 9
a 469 401 0 21 9
a 469 39 0 29 5
a 472 518 0 46 6
a 472 886 0 48 9
a 472 133 0 28 5
a 472 483 0 27 7
a 472 654 0 18 4
a 472 841 0 19 5
a 473 525 0 46 9
a 473 925 0 41 6
a 473 509 0 38 1
a 476 99 0 46 2
a 476 279 0 39 7
a 479 587 0 46 5
a 479 485 0 10 9
a 479 905 0 2 6
a 479 445 0 0 5
a 485 684 0 46 4
a 485 432 0 40 1
a 485 944 0 42 9
a 485 889 0 8 5
a 485 821 0 43 7
a 485 836 0 8 4
a 486 798 0 46 1
a 486 897 0 36 10
a 486 67 0 7 5
a 488 493 0 46 3
a 488 301 0 6 7
a 488 185 0 14 2
a 490 952 0 46 8
a 490 145 0 12 1
a 490 869 0 35 8
a 492 759 0 46 4
a 492 485 0 22 7
a 492 24 0 20 5
a 493 705 0 46 1
a 493 919 0 6 2
a 493 531 0 39 7
a 493 962 0 48 5
a 496 341 0 46 10
a 496 160 0 39 3
a 496 776 0 39 4
a 496 857 0 12 10
a 499 747 0 46 7
a 499 338 0 17 10
a 500 501 0 46 2
a 500 751 0 19 4
a 501 724 0 46 8
a 501 937 0 32 2
a 501 657 0 13 5
a 503 151 0 46 10
a 503 139 0 9 7
a 503 154 0 34 1
a 504 143 0 46 2
a 504 703 0 31 5
a 506 3 0 46 3
a 506 298 0 10 4
a 506 155 0 8 6
a 506 675 0 11 5
a 506 294 0 28 2
a 506 35 0 5 3
a 508 196 0 46 2
a 508 448 0 0 9
a 508 407 0 8 1
a 508 752 0 13 6
a 508 148 0 46 7
a 508 168 0 22 7
a 510 781 0 46 6
a 510 194 0 18 4
a 513 351 0 46 4
a 513 140 0 10 10
a 515 715 0 46 6
a 515 68 0 16 2
a 518 96 0 46 3
a 518 150 0 14 1
a 518 819 0 7 4
a 519 305 0 46 6
a 519 877 0 0 1
a 519 973 0 4 5
a 521 331 0 46 8
a 521 664 0 20 1
a 521 519 0 42 1
a 521 431 0 13 2
a 521 822 0 42 1
a 522 247 0 46 7
a 522 926 0 42 8
a 522 982 0 22 8
a 525 388 0 46 6
a 525 245 0 29 2
a 525 687 0 11 3
a 525 140 0 17 8
a 525 5 0 32 7
a 525 160 0 37 10
a 527 486 0 46 3
a 527 449 0 45 8
a 527 698 0 39 4
a 527 706 0 36 9
a 528 414 0 46 7
a 528 66 0 29 2
a 528 728 0 16 3
a 532 640 0 46 5
a 532 943 0 40 5
a 532 553 0 14 9
a 532 235 0 2 3
a 532 481 0 47 9
a 532 311 0 11 6
a 535 380 0 46 2
a 535 100 0 45 1
a 535 960 0 20 7
a 536 766 0 46 8
a 536 674 0 31 3
a 536 659 0 40 4
a 536 77 0 21 10
a 536 839 0 10 3
a 536 399 0 36 8
a 544 636 0 46 6
a 544 283 0 22 4
a 544 313 0 42 10
a 544 106 0 34 5
a 544 76 0 16 5
a 545 175 0 46 7
a 545 273 0 22 9
a 545 851 0 32 3
a 545 222 0 24 6
a 546 55 0 46 9
a 546 578 0 11 5
a 546 585 0 13 3
a 546 693 0 15 3
a 546 985 0 12 6
a 547 430 0 46 7
a 547 705 0 49 5
a 547 648 0 25 8
a 547 527 0 40 3
a 547 724 0 12 7
a 547 344 0 24 9
a 548 547 0 46 8
a 548 105 0 22 3
a 549 452 0 46 7
a 549 787 0 49 10
a 549 121 0 3 7
a 550 812 0 46 5
a 550 396 0 35 9
a 550 354 0 34 10
a 550 847 0 11 9
a 550 362 0 2 1
a 550 531 0 15 1
a 551 881 0 46 5
a 551 422 0 6 5
a 551 192 0 46 3
a 551 169 0 6 2
a 551 502 0 22 6
a 551 721 0 26 2
a 554 610 0 46 1
a 554 716 0 22 9
a 554 256 0 49 7
a 554 658 0 11 8
a 554 96 0 8 3
a 554 683 0 27 4
a 555 171 0 46 2
a 555 177 0 19 1
a 555 842 0 49 10
a 555 298 0 21 3
a 556 679 0 46 4
a 556 191 0 42 8
a 556 693 0 17 2
a 556 743 0 31 2
a 557 728 0 46 2
a 557 191 0 18 6
a 557 852 0 38 10
a 557 122 0 36 7
a 558 72 0 46 2
a 558 56 0 46 10
a 561 468 0 46 9
a 561 464 0 4 2
a 561 146 0 32 4
a 561 978 0 50 2
a 561 757 0 30 7
a 561 841 0 15 8
a 564 969 0 46 7
a 564 311 0 48 6
a 564 279 0 0 5
a 564 345 0 13 9
a 566 660 0 46 4
a 566 820 0 37 9
a 566 859 0 22 3
a 566 216 0 29 9
a 566 722 0 5 6
a 566 561 0 44 10
a 571 252 0 46 9
a 571 463 0 28 5
a 572 982 0 46 3
a 572 964 0 33 9
a 574 934 0 46 5
a 574 514 0 0 9
a 574 610 0 37 10
a 574 851 0 45 10
a 574 988 0 23 9
a 575 134 0 46 7
a 575 414 0 38 5
a 575 504 0 43 6
a 575 539 0 11 1
a 575 514 0 50 7
a 576 665 0 46 5
a 576 842 0 5 6
a 580 170 0 46 1
a 580 947 0 26 8
a 580 633 0 44 9
a 583 347 0 46 9
a 583 476 0 46 3
a 583 185 0 14 1
a 583 730 0 1 2
a 584 153 0 46 1
a 584 172 0 47 4
a 587 476 0 46 3
a 587 347 0 10 7
a 587 815 0 14 4
a 588 374 0 46 3
a 588 46 0 5 1
a 589 248 0 46 3
a 589 311 0 27 2
a 589 250 0 34 4
a 589 548 0 13 3
a 589 303 0 12 2
a 592 56 0 46 5
a 592 347 0 4 3
a 592 224 0 36 4
a 592 458 0 0 6
a 592 279 0 10 10
a 593 809 0 46 7
a 593 74 0 7 7
a 593 595 0 46 3
a 593 523 0 37 4
a 593 604 0 8 7
a 593 943 0 32 5
a 594 184 0 46 5
a 594 703 0 28 3
a 594 920 0 13 7
a 594 84 0 13 3
a 594 589 0 22 7
a 595 549 0 46 2
a 595 249 0 5 5
a 595 717 0 7 8
a 595 935 0 39 3
a 597 172 0 46 1
a 597 913 0 4 2
a 597 590 0 15 2
a 597 383 0 2 7
a 600 656 0 46 2
a 600 551 0 16 8
a 600 851 0 35 7
a 600 834 0 39 7
a 600 373 0 14 7
a 600 840 0 43 4
a 602 16 0 46 3
a 602 468 0 25 10
a 602 56 0 45 2
a 606 595 0 46 8
a 606 418 0 32 7
a 606 100 0 0 2
a 606 650 0 32 2
a 607 958 0 46 4
a 607 261 0 21 10
a 607 917 0 25 10
a 607 826 0 23 10
a 607 745 0 21 2
a 607 352 0 36 2
a 608 808 0 46 3
a 608 748 0 46 2
a 608 40 0 45 6
a 609 943 0 46 8
a 609 900 0 32 2
a 609 748 0 37 3
a 609 558 0 3 10
a 610 615 0 46 10
a 610 750 0 46 9
a 611 198 0 46 8
a 611 224 0 39 2
a 611 126 0 33 9
a 611 798 0 36 10
a 612 940 0 46 1
a 612 100 0 34 3
a 612 308 0 7 7
a 612 750 0 40 6
a 612 46 0 3 1
a 613 840 0 46 10
a 613 169 0 45 2
a 613 284 0 5 3
a 613 717 0 24 9
a 613 854 0 50 7
a 613 444 0 47 2
a 615 609 0 46 5
a 615 534 0 7 10
a 615 622 0 21 7
a 615 918 0 22 3
a 616 28 0 46 3
a 616 419 0 36 9
a 616 850 0 33 7
a 616 606 0 33 2
a 616 457 0 4 4
a 616 87 0 49 3
a 620 953 0 46 3
a 620 261 0 42 4
a 620 421 0 40 2
a 620 710 0 42 5
a 621 797 0 46 6
a 621 263 0 32 5
a 621 189 0 30 8
a 624 445 0 46 9
a 624 759 0 22 6
a 624 262 0 36 9
a 624 974 0 25 4
a 625 882 0 46 2
a 625 50 0 38 9
a 625 191 0 33 6
a 625 506 0 17 5
a 625 944 0 16 6
a 625 921 0 20 10
a 629 360 0 46 2
a 629 667 0 49 7
a 629 534 0 30 6
a 631 307 0 46 10
a 631 481 0 35 10
a 631 491 0 44 5
a 631 564 0 49 7
a 632 912 0 46 1
a 632 277 0 32 3
a 634 317 0 46 4
a 634 505 0 37 6
a 634 445 0 18 5
a 636 52 0 46 4
a 636 112 0 33 4
a 636 507 0 36 4
a 636 425 0 38 5
a 636 281 0 18 4
a 637 268 0 46 3
a 637 835 0 21 4
a 638 255 0 46 10
a 638 609 0 4 8
a 638 330 0 10 6
a 638 986 0 19 1
a 638 197 0 43 10
a 638 335 0 37 9
a 639 177 0 46 1
a 639 232 0 8 4
a 639 455 0 38 2
a 639 181 0 9 1
a 639 825 0 13 3
a 640 588 0 46 6
a 640 218 0 1 1
a 640 497 0 37 7
a 640 7 0 14 10
a 645 719 0 46 5
a 645 851 0 10 3
a 645 902 0 21 7
a 645 341 0 11 8
a 646 913 0 46 1
a 646 553 0 0 9
a 646 830 0 38 6
a 646 585 0 0 7
a 649 850 0 46 8
a 649 495 0 33 6
a 650 393 0 46 5
a 650 758 0 39 5
a 650 210 0 36 5
a 650 148 0 16 5
a 650 144 0 28 10
a 650 647 0 21 3
a 652 739 0 46 7
a 652 150 0 35 7
a 653 147 0 46 3
a 653 838 0 6 2
a 654 488 0 46 2
a 654 210 0 29 10
a 656 959 0 46 1
a 656 235 0 9 3
a 656 224 0 46 10
a 656 856 0 15 3
a 656 163 0 9 8
a 657 930 0 46 7
a 657 308 0 45 3
a 660 167 0 46 1
a 660 176 0 20 3
a 661 127 0 46 7
a 661 436 0 13 7
a 661 542 0 9 1
a 661 686 0 10 5
a 661 905 0 25 9
a 662 839 0 46 7
a 662 78 0 18 3
a 662 508 0 20 5
a 662 15 0 30 6
a 662 626 0 2 3
a 662 46 0 32 10
a 663 39 0 46 9
a 663 832 0 1 1
a 663 688 0 48 5
a 665 285 0 46 9
a 665 716 0 8 4
a 665 797 0 5 5
a 665 23 0 17 8
a 665 33 0 27 1
a 665 143 0 48 10
a 666 794 0 46 9
a 666 532 0 0 7
a 666 383 0 14 6
a 668 513 0 46 8
a 668 893 0 33 6
a 669 503 0 46 4
a 669 843 0 40 9
a 669 142 0 5 7
a 669 720 0 27 1
a 669 91 0 7 7
a 669 692 0 10 3
a 672 634 0 46 10
a 672 910 0 22 2
a 672 222 0 33 3
a 672 391 0 43 6
a 672 339 0 39 1
a 674 780 0 46 5
a 674 580 0 36 6
a 674 981 0 27 6
a 674 715 0 32 5
a 676 1000 0 46 6
a 676 5 0 29 6
a 676 708 0 2 7
a 676 775 0 49 3
a 676 837 0 36 3
a 676 457 0 6 9
a 678 201 0 46 8
a 678 791 0 9 6
a 678 233 0 38 10
a 678 712 0 7 8
a 678 188 0 31 4
a 678 853 0 31 10
a 679 344 0 46 10
a 679 909 0 46 8
a 679 780 0 35 9
a 679 788 0 33 1
a 679 278 0 12 3
a 680 193 0 46 8
a 680 15 0 34 7
a 680 690 0 5 4
a 681 103 0 46 10
a 681 812 0 27 2
a 681 477 0 39 5
a 681 398 0 32 9
a 684 40 0 46 2
a 684 715 0 23 1
a 685 996 0 46 10
a 685 673 0 46 5
a 685 300 0 4 3
a 685 850 0 13 7
a 688 767 0 46 4
a 688 187 0 47 1
a 688 401 0 26 3
a 688 708 0 13 8
a 688 415 0 5 1
a 689 963 0 46 2
a 689 761 0 21 10
a 689 893 0 29 1
a 689 112 0 27 8
a 689 863 0 11 2
a 691 63 0 46 9
a 691 589 0 15 10
a 691 567 0 42 10
a 691 986 0 50 1
a 692 566 0 46 6
a 692 261 0 35 9
a 692 752 0 49 4
a 693 218 0 46 2
a 693 541 0 6 7
a 693 165 0 24 7
a 693 380 0 6 4
a 693 495 0 4 2
a 696 166 0 46 4
a 696 117 0 13 6
a 696 837 0 42 10
a 696 715 0 26 3
a 696 598 0 6 10
a 696 386 0 28 9
a 698 991 0 46 6
a 698 414 0 1 1
a 698 736 0 46 5
a 698 690 0 41 5
a 698 63 0 23 8
a 698 122 0 24 3
a 700 152 0 46 10
a 700 849 0 9 3
a 700 346 0 47 9
a 701 708 0 46 10
a 701 981 0 38 8
a 701 919 0 16 6
a 701 723 0 11 6
a 702 522 0 46 3
a 702 695 0 29 6
a 705 383 0 46 5
a 705 857 0 38 2
a 706 328 0 46 9
a 706 814 0 22 8
a 707 354 0 46 2
a 707 609 0 19 2
a 707 3 0 9 1
a 707 949 0 12 5
a 708 29 0 46 6
a 708 250 0 46 7
a 708 696 0 31 3
a 708 256 0 22 2
a 711 130 0 46 4
a 711 131 0 41 5
a 711 870 0 4 5
a 711 136 0 39 9
a 715 871 0 46 7
a 715 454 0 15 4
a 716 238 0 46 4
a 716 857 0 41 8
a 716 567 0 33 9
a 716 132 0 34 7
a 716 88 0 24 7
a 717 527 0 46 1
a 717 297 0 22 1
a 719 506 0 46 1
a 719 554 0 37 10
a 721 465 0 46 5
a 721 835 0 39 2
a 721 853 0 22 8
a 721 592 0 11 7
a 721 270 0 26 10
a 722 326 0 46 9
a 722 622 0 38 2
a 722 75 0 45 10
a 722 232 0 22 3
a 722 598 0 16 1
a 722 142 0 24 2
a 724 925 0 46 6
a 724 192 0 44 8
a 724 291 0 18 10
a 725 405 0 46 4
a 725 161 0 13 10
a 725 790 0 17 9
a 725 565 0 29 6
a 725 481 0 0 7
a 725 314 0 39 7
a 726 469 0 46 4
a 726 138 0 50 4
a 726 685 0 40 7
a 726 636 0 39 8
a 726 405 0 34 3
a 726 255 0 11 7
a 727 22 0 46 5
a 727 961 0 20 8
a 727 698 0 49 8
a 728 926 0 46 4
a 728 345 0 4 1
a 728 640 0 24 9
a 728 228 0 44 3
a 729 217 0 46 8
a 729 885 0 1 4
a 731 292 0 46 6
a 731 475 0 15 6
a 731 154 0 2 5
a 732 378 0 46 6
a 732 134 0 15 6
a 732 425 0 7 3
a 732 737 0 26 1
a 734 348 0 46 8
a 734 304 0 28 4
a 734 852 0 15 8
a 734 224 0 46 6
a 734 569 0 39 2
a 734 505 0 41 6
a 737 685 0 46 1
a 737 30 0 31 2
a 737 755 0 39 9
a 737 256 0 32 3
a 737 13 0 48 2
a 737 140 0 20 1
a 738 764 0 46 8
a 738 440 0 43 4
a 739 594 0 46 7
a 739 69 0 4 2
a 739 469 0 38 3
a 739 835 0 24 1
a 743 911 0 46 9
a 743 339 0 36 4
a 743 918 0 44 2
a 743 422 0 38 9
a 743 117 0 33 10
a 744 621 0 46 3
a 744 189 0 44 6
a 744 151 0 46 9
a 747 338 0 46 9
a 747 125 0 47 5
a 747 551 0 4 1
a 747 722 0 20 8
a 747 282 0 11 2
a 747 353 0 42 1
a 752 545 0 46 3
a 752 283 0 21 10
a 753 602 0 46 3
a 753 5 0 10 3
a 753 909 0 6 9
a 753 483 0 41 4
a 753 674 0 35 10
a 753 187 0 26 4
a 754 508 0 46 3
a 754 828 0 16 9
a 754 782 0 43 6
a 754 694 0 20 2
a 755 825 0 46 1
a 755 342 0 4 7
a 755 740 0 48 4
a 755 474 0 44 4
a 755 637 0 33 10
a 755 463 0 34 10
a 758 700 0 46 7
a 758 381 0 0 10
a 758 298 0 25 6
a 759 451 0 46 8
a 759 643 0 16 9
a 760 707 0 46 3
a 760 896 0 1 3
a 760 555 0 47 1
a 762 721 0 46 6
a 762 581 0 1 1
a 762 603 0 24 7
a 762 945 0 14 4
a 762 543 0 28 1
a 764 737 0 46 8
a 764 982 0 42 1
a 766 94 0 46 3
a 766 515 0 37 10
a 767 355 0 46 8
a 767 637 0 34 1
a 767 819 0 30 8
a 768 646 0 46 1
a 768 370 0 15 3
a 768 359 0 4 2
a 770 597 0 46 3
a 770 532 0 16 7
a 770 695 0 38 6
a 772 649 0 46 10
a 772 342 0 28 8
a 774 576 0 46 10
a 774 745 0 5 3
a 774 771 0 45 3
a 774 481 0 39 1
a 774 654 0 17 4
a 775 379 0 46 8
a 775 45 0 34 10
a 775 464 0 13 8
a 776 51 0 46 1
a 776 368 0 29 9
a 776 215 0 7 6
a 780 784 0 46 1
a 780 232 0 21 10
a 781 688 0 46 1
a 781 729 0 22 10
a 781 518 0 24 4
a 781 828 0 18 4
a 781 991 0 39 4
a 782 717 0 46 7
a 782 478 0 39 7
a 782 80 0 15 4
a 782 23 0 17 6
a 782 924 0 31 4
a 782 121 0 9 2
a 783 434 0 46 6
a 783 566 0 12 2
a 783 178 0 42 3
a 783 55 0 12 8
a 784 58 0 46 6
a 784 900 0 3 10
a 784 497 0 44 3
a 784 71 0 15 1
a 784 456 0 6 5
a 794 613 0 46 3
a 794 920 0 5 5
a 795 262 0 46 5
a 795 819 0 5 1
a 795 433 0 8 7
a 795 333 0 5 6
a 797 880 0 46 6
a 797 763 0 30 6
a 797 69 0 34 4
a 797 91 0 1 1
a 798 230 0 46 9
a 798 984 0 44 9
a 798 90 0 45 6
a 798 896 0 34 10
a 798 748 0 44 6
a 801 36 0 46 5
a 801 394 0 11 2
a 802 439 0 46 4
a 802 707 0 1 8
a 802 606 0 28 3
a 802 906 0 0 1
a 802 806 0 23 1
a 802 160 0 27 3
a 803 662 0 46 7
a 803 915 0 9 10
a 806 838 0 46 10
a 806 884 0 49 1
a 806 318 0 27 6
a 806 849 0 22 1
a 806 118 0 37 5
a 806 687 0 7 9
a 808 612 0 46 3
a 808 265 0 14 1
a 808 873 0 40 9
a 808 367 0 50 8
a 808 850 0 32 6
a 808 666 0 36 6
a 809 824 0 46 9
a 809 801 0 46 5
a 809 50 0 14 9
a 809 207 0 3 3
a 811 738 0 46 6
a 811 676 0 46 6
a 811 174 0 1 4
a 811 85 0 44 3
a 811 823 0 25 4
a 811 715 0 3 9
a 812 554 0 46 6
a 812 322 0 33 2
a 812 409 0 30 3
a 812 578 0 4 1
a 818 903 0 46 2
a 818 53 0 38 7
a 818 810 0 27 6
a 822 492 0 46 4
a 822 628 0 31 4
a 824 23 0 46 2
a 824 944 0 25 8
a 824 100 0 13 5
a 825 406 0 46 8
a 825 536 0 27 4
a 831 427 0 46 1
a 831 161 0 34 4
a 833 983 0 46 4
a 833 462 0 18 3
a 833 456 0 34 6
a 833 84 0 21 7
a 833 97 0 5 7
a 833 88 0 5 8
a 837 698 0 46 10
a 837 408 0 37 1
a 837 393 0 50 1
a 837 190 0 4 8
a 838 77 0 46 3
a 838 228 0 24 10
a 838 403 0 17 3
a 839 11 0 46 4
a 839 207 0 4 2
a 839 55 0 29 1
a 839 237 0 10 4
a 840 904 0 46 7
a 840 133 0 38 5
a 840 875 0 26 9
a 841 385 0 46 3
a 841 517 0 13 6
a 841 473 0 30 3
a 843 706 0 46 8
a 843 906 0 42 9
a 843 729 0 33 1
a 843 711 0 30 4
a 846 768 0 46 7
a 846 348 0 45 7
a 846 306 0 15 2
a 846 753 0 21 2
a 846 299 0 47 6
a 848 519 0 46 2
a 848 677 0 16 4
a 848 688 0 5 9
a 848 965 0 24 8
a 848 266 0 22 8
a 848 531 0 42 10
a 850 557 0 46 6
a 850 962 0 2 2
a 850 860 0 40 6
a 850 153 0 45 10
a 853 669 0 46 9
a 853 649 0 35 3
a 853 657 0 20 3
a 853 182 0 39 4
a 853 151 0 7 7
a 854 190 0 46 8
a 854 652 0 21 10
a 854 973 0 2 6
a 856 284 0 46 6
a 856 974 0 22 1
a 856 518 0 0 5
a 856 437 0 8 6
a 856 135 0 8 2
a 859 57 0 46 1
a 859 123 0 44 8
a 859 685 0 19 4
a 862 811 0 46 2
a 862 141 0 47 6
a 862 639 0 49 9
a 864 435 0 46 4
a 864 126 0 1 8
a 864 674 0 13 6
a 864 205 0 21 1
a 864 514 0 28 10
a 864 251 0 47 2
a 871 986 0 46 1
a 871 346 0 14 6
a 871 642 0 41 3
a 873 4 0 46 10
a 873 883 0 37 6
a 873 920 0 46 5
a 873 915 0 17 6
a 880 652 0 46 2
a 880 133 0 36 1
a 880 69 0 12 5
a 880 365 0 10 5
a 880 870 0 11 7
a 880 746 0 3 9
a 881 770 0 46 9
a 881 43 0 36 10
a 881 627 0 17 8
a 881 386 0 24 3
a 882 309 0 46 1
a 882 599 0 35 5
a 882 389 0 14 4
a 882 982 0 12 9
a 883 680 0 46 8
a 883 474 0 16 7
a 886 862 0 46 7
a 886 110 0 31 6
a 886 963 0 0 7
a 888 446 0 46 3
a 888 759 0 16 5
a 888 679 0 50 8
a 891 629 0 46 3
a 891 192 0 14 7
a 891 159 0 4 1
a 891 786 0 0 9
a 891 343 0 3 1
a 891 33 0 11 9
a 894 12 0 46 3
a 894 178 0 3 4
a 894 824 0 27 4
a 894 947 0 40 7
a 894 688 0 24 4
a 895 257 0 46 3
a 895 427 0 6 4
a 895 527 0 46 3
a 895 551 0 34 9
a 898 272 0 46 6
a 898 86 0 33 3
a 900 753 0 46 8
a 900 246 0 5 1
a 900 338 0 14 7
a 900 255 0 48 8
a 903 731 0 46 10
a 903 140 0 32 5
a 903 192 0 0 8
a 903 15 0 14 7
a 903 554 0 50 7
a 903 477 0 24 4
a 904 973 0 46 1
a 904 460 0 0 3
a 904 721 0 39 9
a 904 972 0 37 4
a 904 96 0 10 8
a 907 528 0 46 8
a 907 562 0 4 3
a 907 457 0 45 8
a 907 477 0 11 10
a 908 624 0 46 9
a 908 730 0 25 3
a 908 940 0 21 7
a 908 627 0 50 6
a 908 203 0 33 5
a 908 164 0 11 2
a 909 752 0 46 1
a 909 848 0 42 7
a 909 581 0 7 1
a 909 209 0 32 4
a 909 15 0 36 10
a 909 751 0 19 4
a 910 521 0 46 9
a 910 735 0 40 10
a 911 592 0 46 10
a 911 147 0 22 7
a 912 923 0 46 6
a 912 421 0 1 1
a 912 676 0 47 1
a 913 391 0 46 4
a 913 256 0 46 6
a 913 154 0 42 9
a 913 561 0 7 5
a 913 199 0 12 6
a 915 231 0 46 4
a 915 19 0 0 10
a 915 764 0 9 3
a 916 485 0 46 1
a 916 23 0 41 4
a 916 455 0 17 10
a 916 141 0 14 3
a 916 49 0 37 8
a 916 3 0 17 2
a 917 500 0 46 4
a 917 484 0 48 5
a 917 148 0 32 2
a 917 943 0 41 10
a 919 954 0 46 2
a 919 597 0 33 2
a 920 744 0 46 6
a 920 394 0 23 8
a 920 847 0 26 10
a 920 845 0 41 2
a 920 314 0 29 2
a 920 718 0 10 2
a 922 864 0 46 9
a 922 125 0 25 1
a 922 396 0 44 9
a 923 128 0 46 2
a 923 234 0 26 4
a 923 179 0 11 8
a 923 393 0 32 8
a 923 26 0 1 3
a 924 76 0 46 6
a 924 239 0 17 1
a 925 967 0 46 4
a 925 718 0 6 9
a 925 37 0 10 10
a 926 606 0 46 5
a 926 420 0 11 2
a 926 347 0 9 5
a 930 403 0 46 8
a 930 290 0 48 3
a 930 481 0 34 8
a 930 452 0 3 7
a 930 722 0 48 5
a 930 319 0 28 9
a 933 9 0 46 1
a 933 545 0 32 4
a 933 642 0 3 6
a 933 6 0 15 7
a 934 729 0 46 4
a 934 290 0 4 2
a 934 980 0 13 5
a 935 174 0 46 3
a 935 508 0 17 4
a 935 351 0 11 4
a 935 416 0 31 2
a 935 170 0 12 5
a 938 608 0 46 2
a 938 941 0 46 8
a 938 293 0 37 4
a 938 468 0 19 3
a 938 652 0 22 10
a 940 60 0 46 6
a 940 683 0 47 9
a 941 725 0 46 6
a 941 12 0 18 7
a 941 119 0 40 10
a 941 809 0 38 3
a 942 883 0 46 6
a 942 851 0 28 6
a 942 181 0 22 3
a 943 92 0 46 2
a 943 175 0 46 7
a 943 119 0 3 9
a 944 806 0 46 3
a 944 115 0 2 3
a 944 788 0 42 7
a 944 69 0 15 7
a 944 481 0 7 6
a 947 499 0 46 7
a 947 192 0 46 2
a 948 853 0 46 4
a 948 248 0 13 8
a 948 522 0 46 6
a 948 365 0 39 6
a 948 889 0 31 10
a 948 752 0 0 6
a 950 30 0 46 7
a 950 973 0 20 3
a 950 304 0 32 6
a 950 649 0 40 8
a 950 964 0 39 5
a 951 422 0 46 8
a 951 917 0 50 10
a 952 259 0 46 4
a 952 117 0 25 6
a 952 438 0 24 7
a 952 162 0 1 6
a 953 387 0 46 5
a 953 48 0 41 2
a 953 127 0 37 9
a 953 295 0 37 1
a 954 924 0 46 5
a 954 701 0 35 4
a 954 151 0 28 7
a 954 724 0 42 1
a 954 882 0 31 2
a 954 202 0 8 5
a 956 988 0 46 7
a 956 132 0 7 8
a 956 139 0 10 2
a 956 661 0 19 1
a 956 421 0 20 6
a 956 173 0 46 4
a 957 112 0 46 7
a 957 397 0 4 8
a 957 922 0 35 6
a 958 336 0 46 1
a 958 836 0 11 5
a 958 862 0 14 10
a 958 731 0 15 1
a 958 716 0 20 3
a 959 119 0 46 8
a 959 711 0 22 10
a 959 101 0 13 5
a 959 161 0 5 2
a 959 21 0 48 10
a 959 937 0 7 9
a 961 156 0 46 5
a 961 26 0 29 10
a 961 694 0 11 8
a 963 66 0 46 4
a 963 47 0 39 10
a 963 656 0 8 7
a 967 38 0 46 1
a 967 478 0 0 4
a 969 132 0 46 9
a 969 155 0 10 8
a 969 296 0 3 3
a 969 396 0 33 5
a 969 959 0 21 5
a 972 49 0 46 10
a 972 572 0 26 5
a 972 109 0 2 5
a 973 454 0 46 10
a 973 273 0 29 3
a 973 182 0 48 3
a 973 124 0 26 5
a 973 574 0 31 5
a 973 32 0 45 8
a 974 473 0 46 6
a 974 854 0 26 6
a 974 437 0 12 5
a 974 638 0 22 9
a 974 675 0 36 7
a 978 894 0 46 8
a 978 303 0 10 9
a 978 839 0 29 1
a 978 604 0 32 3
a 981 333 0 46 7
a 981 217 0 42 1
a 981 999 0 24 4
a 981 352 0 12 4
a 981 547 0 22 8
a 982 837 0 46 1
a 982 293 0 7 8
a 982 599 0 43 5
a 982 799 0 15 4
a 982 681 0 46 5
a 983 620 0 46 10
a 983 362 0 20 7
a 983 382 0 44 5
a 983 57 0 14 4
a 983 319 0 28 5
a 986 442 0 46 3
a 986 800 0 2 7
a 986 828 0 44 2
a 987 948 0 46 3
a 987 33 0 15 2
a 987 999 0 19 6
a 987 767 0 40 3
a 987 591 0 41 2
a 988 916 0 46 7
a 988 123 0 31 1
a 991 600 0 46 1
a 991 86 0 4 8
a 991 676 0 41 2
a 991 395 0 15 10
a 991 811 0 20 4
a 994 666 0 46 7
a 994 527 0 43 4
a 994 462 0 11 9
a 994 733 0 28 7
a 994 377 0 27 8
a 994 237 0 14 1
a 996 460 0 46 3
a 996 442 0 14 3
a 996 676 0 8 10
a 996 303 0 12 6
a 997 219 0 46 3
a 997 35 0 0 6
a 2 303 0 4 4
a 2 653 0 38 10
a 2 750 0 12 7
a 2 289 0 45 6
a 2 950 0 24 10
a 6 310 0 4 1
a 6 951 0 22 5
a 6 1000 0 36 3
a 6 401 0 5 4
a 8 874 0 4 2
a 8 594 0 48 10
a 8 59 0 31 8
a 10 363 0 4 3
a 10 137 0 31 9
a 10 669 0 22 1
a 13 402 0 4 1
a 13 643 0 3 2
a 13 772 0 17 1
a 13 579 0 14 5
a 17 176 0 4 9
a 17 227 0 18 6
a 17 744 0 21 6
a 17 850 0 15 3
a 17 772 0 17 5
a 17 35 0 39 7
a 18 918 0 4 8
a 18 590 0 23 2
a 20 849 0 4 8
a 20 918 0 43 10
a 20 594 0 33 1
a 20 80 0 3 7
a 21 70 0 4 8
a 21 44 0 28 4
a 21 586 0 14 7
a 21 629 0 27 2
a 21 307 0 41 2
a 21 863 0 17 7
a 24 370 0 4 9
a 24 191 0 12 7
a 24 111 0 10 7
a 24 638 0 8 9
a 24 130 0 25 8
a 25 173 0 4 5
a 25 999 0 4 3
a 25 456 0 3 2
a 25 821 0 28 2
a 27 64 0 4 6
a 27 899 0 10 4
a 27 843 0 8 4
a 27 263 0 23 5
a 27 659 0 11 4
a 31 495 0 4 9
a 31 248 0 26 9
a 31 450 0 11 9
a 34 777 0 4 2
a 34 176 0 45 1
a 34 25 0 27 7
a 34 445 0 48 10
a 34 619 0 23 4
a 35 404 0 4 10
a 35 860 0 35 3
a 35 929 0 22 2
a 35 531 0 21 2
a 35 772 0 32 6
a 41 627 0 4 3
a 41 478 0 23 9
a 43 249 0 4 1
a 43 315 0 23 3
a 43 484 0 48 2
a 43 462 0 5 2
a 43 402 0 18 1
a 43 819 0 42 5
a 44 796 0 4 9
a 44 636 0 34 6
a 44 339 0 20 6
a 44 104 0 4 1
a 44 983 0 28 3
a 44 196 0 30 6
a 45 489 0 4 8
a 45 590 0 0 7
a 45 645 0 18 3
a 47 192 0 4 6
a 47 724 0 0 5
a 47 806 0 29 4
a 47 36 0 43 4
a 47 333 0 4 9
a 47 127 0 40 10
a 54 356 0 4 9
a 54 892 0 46 3
a 54 679 0 36 6
a 54 100 0 42 9
a 54 353 0 1 9
a 59 878 0 4 5
a 59 11 0 15 7
a 59 270 0 40 10
a 62 187 0 4 2
a 62 266 0 3 3
a 64 792 0 4 6
a 64 292 0 46 9
a 65 965 0 4 8
a 65 882 0 6 6
a 65 488 0 34 1
a 67 41 0 4 2
a 67 622 0 29 2
a 67 684 0 31 2
a 69 316 0 4 8
a 69 639 0 21 10
a 69 637 0 42 7
a 70 993 0 4 1
a 70 222 0 37 8
a 71 480 0 4 1
a 71 31 0 43 8
a 71 216 0 40 10
a 71 301 0 29 6
a 71 783 0 15 7
a 71 182 0 12 8
a 73 420 0 4 10
a 73 61 0 19 5
a 74 27 0 4 9
a 74 729 0 39 1
a 74 548 0 44 1
a 74 900 0 19 5
a 74 685 0 44 4
a 79 562 0 4 9
a 79 626 0 29 2
a 79 302 0 11 1
a 79 473 0 13 10
a 79 985 0 0 10
a 85 145 0 4 5
a 85 511 0 17 3
a 85 17 0 3 10
a 85 80 0 32 3
a 85 150 0 41 2
a 87 182 0 4 5
a 87 722 0 38 2
a 87 151 0 44 10
a 87 960 0 29 2
a 87 674 0 23 1
a 88 962 0 4 1
a 88 611 0 8 9
a 88 619 0 15 4
a 88 152 0 37 4
a 89 118 0 4 10
a 89 304 0 8 7
a 89 73 0 42 7
a 90 742 0 4 3
a 90 906 0 34 7
a 91 467 0 4 9
a 91 915 0 42 2
a 91 284 0 44 6
a 93 675 0 4 9
a 93 336 0 33 5
a 93 439 0 20 3
a 93 24 0 24 3
a 95 400 0 4 2
a 95 3 0 42 7
a 95 525 0 46 4
a 95 577 0 30 8
a 95 250 0 29 1
a 95 133 0 45 8
a 100 847 0 4 3
a 100 280 0 32 1
a 100 696 0 21 7
a 100 843 0 31 7
a 102 368 0 4 9
a 102 178 0 47 9
a 102 945 0 17 8
a 104 723 0 4 8
a 104 824 0 49 7
a 107 462 0 4 6
a 107 657 0 15 2
a 107 31 0 5 10
a 107 392 0 9 1
a 109 563 0 4 9
a 109 308 0 10 9
a 109 873 0 3 6
a 109 212 0 20 2
a 110 339 0 4 9
a 110 239 0 25 6
a 111 643 0 4 4
a 111 298 0 45 3
a 111 907 0 9 4
a 113 10 0 4 9
a 113 148 0 17 6
a 113 680 0 41 6
a 113 926 0 27 8
a 113 634 0 24 9
a 114 667 0 4 9
a 114 997 0 24 9
a 115 207 0 4 9
a 115 225 0 6 3
a 116 842 0 4 7
a 116 453 0 33 8
a 117 937 0 4 3
a 117 601 0 18 6
a 117 692 0 10 5
a 118 59 0 4 3
a 118 594 0 42 4
a 118 343 0 6 10
a 120 204 0 4 8
a 120 988 0 2 3
a 120 17 0 25 7
a 120 548 0 50 1
a 120 416 0 1 2
a 120 959 0 50 2
a 122 448 0 4 3
a 122 306 0 47 3
a 122 237 0 9 4
a 122 484 0 17 6
a 122 793 0 35 6
a 122 593 0 36 5
a 123 687 0 4 1
a 123 635 0 24 9
a 123 989 0 8 10
a 123 769 0 32 4
a 124 407 0 4 10
a 124 114 0 31 10
a 125 477 0 4 3
a 125 253 0 10 3
a 126 543 0 4 2
a 126 897 0 32 9
a 126 561 0 44 10
a 126 385 0 4 4
a 126 834 0 28 1
a 126 936 0 31 8
a 131 470 0 4 7
a 131 121 0 47 7
a 131 773 0 28 2
a 131 344 0 27 10
a 135 899 0 4 5
a 135 849 0 16 9
a 135 529 0 16 2
a 135 696 0 26 2
a 135 167 0 37 7
a 135 846 0 13 4
a 136 419 0 4 9
a 136 97 0 8 3
a 136 180 0 0 10
a 136 496 0 17 5
a 137 980 0 4 3
a 137 229 0 20 1
a 139 361 0 4 9
a 139 374 0 21 10
a 139 63 0 12 10
a 139 203 0 2 1
a 141 834 0 4 9
a 141 713 0 22 7
a 141 306 0 24 4
a 142 622 0 4 9
a 142 297 0 49 2
a 142 488 0 25 10
a 142 549 0 26 4
a 142 1000 0 50 6
a 144 71 0 4 10
a 144 559 0 49 2
a 144 473 0 13 7
a 145 17 0 4 10
a 145 956 0 1 6
a 145 764 0 32 5
a 146 412 0 4 8
a 146 240 0 41 3
a 146 696 0 42 10
a 150 449 0 4 5
a 150 622 0 45 9
a 150 260 0 16 10
a 150 846 0 26 8
a 150 170 0 26 6
a 150 168 0 18 9
a 155 483 0 4 1
a 155 305 0 43 10
a 157 929 0 4 9
a 157 873 0 18 9
a 160 836 0 4 3
a 160 908 0 45 1
a 160 889 0 10 1
a 162 713 0 4 10
a 162 731 0 42 8
a 162 449 0 36 10
a 162 54 0 0 4
a 163 852 0 4 10
a 163 216 0 42 3
a 163 431 0 44 1
a 163 572 0 37 7
a 163 935 0 13 10
a 163 19 0 4 3
a 164 740 0 4 7
a 164 818 0 31 1
a 164 560 0 27 4
a 164 412 0 46 7
a 169 901 0 4 5
a 169 937 0 23 10
a 169 497 0 30 7
a 173 202 0 4 5
a 173 903 0 40 7
a 173 609 0 24 9
a 176 647 0 4 10
a 176 897 0 47 7
a 176 961 0 48 4
a 176 433 0 17 6
a 176 631 0 3 1
a 176 738 0 25 1
a 178 375 0 4 8
a 178 331 0 40 10
a 178 45 0 25 5
a 178 823 0 1 2
a 179 835 0 4 4
a 179 938 0 45 9
a 179 162 0 5 6
a 179 502 0 45 4
a 179 872 0 11 1
a 180 703 0 4 3
a 180 343 0 10 4
a 181 827 0 4 6
a 181 223 0 32 4
a 181 837 0 48 4
a 181 871 0 29 8
a 181 304 0 13 6
a 181 586 0 22 4
a 182 718 0 4 4
a 182 472 0 36 1
a 183 329 0 4 7
a 183 143 0 32 1
a 183 369 0 15 4
a 185 301 0 4 5
a 185 55 0 45 1
a 185 145 0 19 5
a 185 681 0 32 10
a 185 356 0 1 6
a 185 676 0 10 3
a 187 751 0 4 7
a 187 284 0 30 7
a 188 67 0 4 2
a 188 632 0 9 10
a 188 764 0 35 9
a 188 49 0 36 8
a 188 934 0 25 9
a 189 466 0 4 10
a 189 982 0 13 1
a 192 567 0 4 2
a 192 608 0 44 6
a 199 975 0 4 8
a 199 430 0 16 4
a 199 344 0 37 6
a 199 490 0 36 9
a 199 959 0 30 4
a 199 621 0 18 9
a 199 884 0 14 1
a 202 243 0 4 10
a 202 307 0 26 7
a 204 264 0 4 8
a 204 191 0 33 10
a 205 213 0 4 5
a 205 208 0 0 9
a 205 65 0 22 10
a 205 957 0 30 4
a 205 563 0 35 7
a 205 899 0 22 1
a 206 437 0 4 10
a 206 944 0 20 9
a 207 116 0 4 8
a 207 565 0 26 10
a 207 114 0 25 7
a 207 190 0 41 7
a 207 929 0 4 5
a 207 981 0 37 2
a 207 593 0 46 2
a 208 928 0 4 3
a 208 12 0 36 3
a 208 222 0 29 3
a 209 244 0 4 6
a 209 504 0 23 5
a 209 129 0 49 10
a 209 756 0 3 2
a 210 43 0 4 8
a 210 841 0 29 4
a 210 890 0 33 7
a 210 677 0 6 5
a 210 431 0 22 3
a 210 401 0 14 10
a 211 308 0 4 7
a 211 687 0 45 1
a 211 64 0 0 8
a 211 683 0 16 3
a 211 514 0 35 2
a 211 759 0 34 6
a 212 897 0 4 3
a 212 555 0 26 8
a 212 382 0 8 9
a 212 285 0 12 3
a 213 13 0 4 2
a 213 402 0 11 7
a 213 715 0 29 7
a 215 250 0 4 6
a 215 970 0 50 10
a 215 441 0 50 10
a 215 599 0 43 8
a 215 728 0 41 4
a 216 553 0 4 5
a 216 420 0 27 5
a 216 253 0 20 1
a 216 381 0 39 7
a 216 952 0 26 3
a 220 618 0 4 7
a 220 166 0 36 1
a 220 257 0 8 5
a 221 409 0 4 9
a 221 568 0 35 9
a 222 126 0 4 5
a 222 969 0 0 5
a 224 227 0 4 4
a 224 188 0 42 5
a 225 69 0 4 4
a 225 257 0 27 5
a 225 609 0 10 10
a 225 85 0 7 8
a 225 158 0 42 9
a 226 389 0 4 1
a 226 534 0 0 3
a 226 211 0 42 4
a 226 817 0 19 9
a 226 785 0 35 6
a 227 62 0 4 9
a 227 771 0 1 2
a 227 297 0 12 5
a 229 428 0 4 10
a 229 170 0 15 2
a 229 40 0 25 8
a 232 411 0 4 7
a 232 621 0 5 8
a 232 859 0 45 3
a 232 132 0 35 2
a 232 80 0 14 6
a 232 486 0 26 8
a 234 396 0 4 9
a 234 947 0 32 10
a 234 544 0 17 2
a 234 817 0 21 10
a 235 431 0 4 4
a 235 53 0 31 1
a 235 306 0 20 7
a 235 574 0 21 9
a 235 407 0 34 10
a 237 746 0 4 7
a 237 826 0 35 6
a 239 875 0 4 8
a 239 526 0 18 5
a 239 983 0 45 10
a 241 382 0 4 8
a 241 792 0 8 9
a 241 805 0 49 4
a 243 817 0 4 5
a 243 935 0 7 2
a 243 946 0 19 8
a 244 337 0 4 6
a 244 494 0 31 6
a 244 42 0 40 4
a 244 500 0 4 1
a 245 93 0 4 5
a 245 219 0 26 10
a 245 252 0 50 7
a 245 975 0 26 2
a 249 851 0 4 5
a 249 7 0 9 6
a 249 930 0 28 1
a 249 942 0 31 9
a 249 361 0 31 4
a 249 208 0 21 10
a 249 596 0 22 3
a 250 475 0 4 5
a 250 726 0 26 2
a 250 361 0 24 3
a 250 378 0 26 9
a 250 407 0 39 3
a 251 709 0 4 5
a 251 335 0 30 8
a 251 675 0 7 4
a 251 481 0 35 3
a 251 152 0 29 4
a 251 653 0 34 10
a 253 146 0 4 3
a 253 465 0 10 3
a 254 498 0 4 8
a 254 265 0 11 2
a 254 664 0 11 5
a 254 929 0 33 4
a 254 616 0 21 4
a 254 10 0 12 8
a 254 994 0 30 10
a 258 604 0 4 4
a 258 745 0 12 2
a 258 930 0 20 4
a 258 533 0 35 9
a 258 562 0 38 6
a 261 860 0 4 3
a 261 501 0 36 10
a 261 538 0 30 6
a 261 466 0 24 3
a 261 267 0 41 4
a 261 234 0 46 8
a 264 429 0 4 5
a 264 631 0 9 3
a 264 503 0 20 4
a 264 400 0 49 7
a 264 419 0 14 1
a 264 152 0 50 4
a 267 416 0 4 5
a 267 924 0 28 2
a 267 793 0 10 3
a 271 281 0 4 1
a 271 1000 0 47 8
a 271 830 0 6 5
a 271 924 0 37 5
a 271 417 0 22 2
a 274 579 0 4 5
a 274 157 0 26 2
a 274 401 0 30 5
a 274 679 0 36 8
a 275 671 0 4 5
a 275 836 0 37 9
a 275 737 0 10 2
a 275 843 0 47 10
a 275 798 0 44 6
a 275 635 0 15 3
a 276 280 0 4 4
a 276 891 0 2 4
a 276 930 0 48 8
a 277 979 0 4 8
a 277 740 0 29 3
a 278 889 0 4 3
a 278 815 0 50 1
a 278 446 0 33 3
a 278 588 0 18 3
a 280 241 0 4 2
a 280 985 0 37 6
a 280 304 0 29 10
a 280 365 0 7 8
a 281 516 0 4 5
a 281 993 0 44 7
a 281 487 0 30 6
a 281 101 0 37 8
a 281 691 0 40 9
a 283 141 0 4 7
a 283 871 0 48 7
a 283 113 0 45 10
a 283 799 0 33 7
a 283 87 0 20 2
a 283 11 0 33 9
a 286 879 0 4 10
a 286 547 0 3 1
a 286 650 0 13 4
a 286 459 0 7 2
a 286 807 0 29 9
a 287 271 0 4 9
a 287 821 0 38 4
a 287 818 0 24 9
a 287 311 0 48 6
a 287 37 0 49 10
a 287 424 0 9 4
a 290 179 0 4 2
a 290 731 0 13 5
a 290 653 0 17 4
a 291 226 0 4 2
a 291 966 0 13 8
a 291 174 0 38 8
a 291 636 0 17 1
a 293 807 0 4 7
a 293 65 0 11 1
a 293 741 0 0 10
a 293 913 0 11 3
a 294 577 0 4 1
a 294 402 0 46 5
a 294 485 0 0 10
a 294 951 0 5 2
a 295 144 0 4 8
a 295 919 0 15 3
a 295 38 0 22 6
a 296 251 0 4 3
a 296 456 0 39 10
a 296 972 0 1 1
a 296 702 0 13 8
a 297 769 0 4 4
a 297 612 0 3 9
a 297 760 0 12 4
a 297 478 0 40 4
a 297 93 0 40 9
a 298 183 0 4 4
a 298 756 0 30 9
a 298 105 0 29 10
a 299 20 0 4 6
a 299 956 0 19 6
a 299 620 0 8 3
a 300 617 0 4 5
a 300 575 0 47 6
a 300 343 0 36 4
a 300 773 0 39 8
a 300 40 0 7 5
a 300 548 0 9 9
a 301 813 0 4 2
a 301 169 0 32 9
a 302 857 0 4 8
a 302 944 0 3 5
a 302 186 0 2 1
a 302 833 0 18 7
a 302 282 0 50 2
a 303 278 0 4 10
a 303 213 0 40 9
a 303 107 0 39 9
a 303 965 0 43 4
a 303 453 0 50 8
a 303 714 0 38 10
a 304 205 0 4 4
a 304 831 0 15 9
a 308 765 0 4 4
a 308 542 0 44 4
a 308 392 0 3 5
a 308 522 0 1 9
a 308 833 0 24 2
a 310 591 0 4 5
a 310 699 0 46 9
a 310 386 0 10 3
a 310 225 0 45 6
a 311 619 0 4 4
a 311 593 0 31 5
a 311 642 0 3 10
a 311 967 0 19 7
a 312 748 0 4 4
a 312 374 0 11 7
a 312 678 0 35 2
a 312 549 0 39 8
a 312 914 0 9 3
a 313 345 0 4 7
a 313 971 0 15 5
a 313 900 0 20 3
a 313 891 0 18 5
a 313 430 0 38 9
a 313 358 0 34 7
a 316 804 0 4 3
a 316 447 0 19 9
a 316 41 0 6 7
a 316 640 0 6 2
a 318 699 0 4 6
a 318 577 0 33 8
a 320 377 0 4 4
a 320 964 0 27 7
a 323 960 0 4 3
a 323 513 0 34 6
a 323 344 0 30 4
a 323 520 0 45 9
a 324 866 0 4 4
a 324 579 0 45 5
a 325 870 0 4 4
a 325 301 0 35 1
a 325 294 0 48 9
a 325 71 0 5 6
a 325 488 0 21 6
a 325 218 0 28 5
a 327 88 0 4 10
a 327 958 0 22 7
a 327 267 0 43 4
a 327 834 0 4 10
a 327 186 0 27 6
a 329 936 0 4 7
a 329 754 0 23 6
a 329 271 0 10 2
a 329 353 0 45 3
a 332 87 0 4 10
a 332 29 0 11 6
a 334 484 0 4 10
a 334 903 0 44 2
a 337 905 0 4 9
a 337 868 0 38 5
a 339 312 0 4 2
a 339 856 0 2 2
a 340 507 0 4 8
a 340 327 0 1 8
a 340 288 0 12 4
a 340 455 0 35 8
a 342 714 0 4 7
a 342 273 0 27 7
a 342 979 0 48 1
a 342 147 0 26 5
a 343 599 0 4 7
a 343 608 0 25 6
a 343 606 0 28 6
a 343 367 0 38 6
a 343 810 0 17 4
a 343 427 0 27 3
a 345 757 0 4 5
a 345 253 0 33 5
a 345 948 0 8 10
a 346 790 0 4 4
a 346 521 0 8 4
a 346 396 0 35 1
a 350 805 0 4 9
a 350 380 0 12 9
a 350 74 0 34 7
a 352 861 0 4 3
a 352 304 0 32 2
a 352 408 0 20 6
a 356 868 0 4 8
a 356 808 0 38 7
a 356 997 0 41 5
a 356 414 0 32 8
a 356 421 0 24 5
a 356 401 0 30 3
a 357 623 0 4 8
a 357 729 0 17 9
a 357 500 0 43 1
a 357 284 0 31 2
a 357 789 0 38 10
a 358 296 0 4 4
a 358 331 0 26 4
a 358 559 0 48 2
a 358 835 0 3 9
a 359 185 0 4 6
a 359 931 0 11 4
a 359 501 0 35 1
a 359 698 0 22 9
a 361 927 0 4 1
a 361 591 0 48 6
a 361 682 0 26 9
a 361 792 0 9 7
a 361 204 0 30 3
a 361 662 0 31 1
a 363 418 0 4 2
a 363 665 0 0 6
a 364 31 0 4 8
a 364 274 0 17 2
a 364 423 0 11 4
a 364 802 0 9 4
a 364 418 0 19 8
a 364 606 0 14 7
a 365 552 0 4 8
a 365 288 0 5 9
a 365 453 0 38 5
a 365 445 0 49 9
a 365 39 0 47 10
a 368 771 0 4 4
a 368 656 0 15 9
a 368 860 0 29 7
a 369 823 0 4 10
a 369 365 0 22 8
a 369 132 0 44 6
a 369 45 0 43 5
a 369 424 0 49 5
a 369 888 0 26 7
a 370 113 0 4 1
a 370 133 0 6 10
a 370 463 0 1 3
a 370 824 0 24 6
a 370 713 0 0 10
a 371 365 0 4 5
a 371 375 0 17 6
a 371 128 0 5 9
a 371 410 0 10 5
a 371 312 0 17 6
a 371 641 0 29 4
a 373 18 0 4 4
a 373 842 0 1 10
a 373 821 0 20 3
a 375 855 0 4 2
a 375 578 0 38 5
a 375 105 0 43 7
a 375 423 0 18 4
a 375 649 0 29 3
a 375 286 0 42 4
a 377 505 0 4 9
a 377 838 0 3 2
a 377 102 0 18 1
a 381 778 0 4 10
a 381 984 0 18 2
a 381 330 0 30 1
a 382 785 0 4 6
a 382 252 0 50 5
a 382 797 0 43 7
a 382 717 0 4 2
a 382 223 0 50 8
a 382 245 0 26 1
a 384 401 0 4 2
a 384 493 0 45 6
a 384 943 0 7 5
a 384 422 0 45 1
a 384 201 0 8 7
a 389 530 0 4 4
a 389 420 0 38 8
a 389 216 0 15 5
a 390 539 0 4 3
a 390 487 0 9 10
a 390 711 0 27 3
a 392 773 0 4 8
a 392 574 0 28 9
a 395 633 0 4 2
a 395 743 0 9 5
a 395 961 0 23 2
a 396 157 0 4 8
a 396 620 0 4 10
a 396 559 0 36 5
a 400 763 0 4 2
a 400 211 0 6 2
a 400 320 0 45 1
a 400 453 0 44 10
a 400 601 0 2 10
a 401 410 0 4 10
a 401 308 0 37 1
a 402 104 0 4 1
a 402 86 0 11 5
a 402 425 0 36 8
a 402 976 0 6 4
a 402 320 0 27 3
a 402 93 0 32 6
a 404 324 0 4 3
a 404 778 0 49 10
a 407 384 0 4 9
a 407 31 0 31 9
a 407 284 0 41 1
a 408 976 0 4 2
a 408 514 0 5 7
a 408 971 0 29 4
a 408 768 0 50 10
a 408 513 0 24 7
a 408 431 0 14 7
a 409 820 0 4 3
a 409 430 0 12 8
a 409 701 0 38 10
a 409 773 0 39 6
a 410 225 0 4 9
a 410 546 0 1 2
a 410 967 0 32 5
a 410 855 0 16 8
a 410 982 0 6 5
a 410 302 0 27 5
a 411 458 0 4 6
a 411 682 0 38 4
a 411 835 0 15 3
a 411 238 0 30 9
a 411 828 0 10 1
a 412 829 0 4 9
a 412 876 0 49 5
a 412 619 0 39 8
a 413 107 0 4 7
a 413 874 0 21 1
a 413 754 0 29 7
a 413 121 0 13 6
a 415 695 0 4 8
a 415 269 0 8 3
a 415 100 0 28 5
a 416 786 0 4 9
a 416 726 0 39 2
a 416 406 0 35 4
a 418 955 0 4 7
a 418 95 0 16 7
a 418 530 0 44 1
a 418 346 0 39 10
a 418 715 0 38 3
a 418 213 0 33 8
a 419 275 0 4 1
a 419 307 0 8 3
a 419 634 0 39 8
a 419 364 0 20 3
a 419 5 0 30 8
a 420 261 0 4 2
a 420 547 0 30 7
a 420 646 0 38 7
a 420 293 0 16 1
a 420 736 0 4 6
a 428 114 0 4 1
a 428 477 0 31 10
a 428 922 0 14 3
a 429 970 0 4 6
a 429 647 0 39 6
a 429 165 0 26 4
a 429 761 0 25 10
a 429 797 0 30 8
a 429 191 0 37 9
a 431 641 0 4 8
a 431 864 0 4 5
a 431 346 0 7 1
a 433 800 0 4 6
a 433 988 0 15 2
a 437 90 0 4 3
a 437 65 0 33 6
a 437 566 0 28 2
a 437 605 0 4 7
a 437 970 0 13 8
a 437 250 0 6 5
a 441 779 0 4 6
a 441 820 0 41 3
a 441 165 0 33 1
a 443 304 0 4 1
a 443 444 0 34 7
a 448 115 0 4 7
a 448 28 0 24 1
a 448 345 0 33 3
a 448 215 0 43 4
a 448 238 0 14 2
a 449 524 0 4 10
a 449 568 0 24 10
a 450 8 0 4 1
a 450 95 0 27 8
a 450 25 0 35 6
a 450 640 0 46 7
a 450 121 0 19 2
a 450 547 0 17 5
a 453 533 0 4 3
a 453 147 0 40 6
a 453 741 0 48 8
a 453 252 0 26 4
a 455 142 0 4 9
a 455 598 0 26 5
a 455 480 0 33 5
a 455 575 0 48 7
a 458 25 0 4 4
a 458 266 0 14 5
a 458 684 0 12 5
a 458 694 0 35 4
a 461 793 0 4 9
a 461 406 0 5 8
a 461 614 0 2 9
a 461 850 0 32 3
a 461 900 0 27 8
a 461 628 0 21 3
a 462 788 0 4 3
a 462 966 0 24 5
a 462 903 0 5 3
a 462 946 0 44 1
a 463 373 0 4 4
a 463 646 0 0 4
a 464 358 0 4 3
a 464 248 0 31 1
a 464 379 0 10 9
a 464 887 0 15 9
a 464 723 0 19 2
a 466 160 0 4 8
a 466 730 0 44 2
a 466 227 0 50 8
a 466 108 0 29 1
a 467 902 0 4 4
a 467 355 0 50 8
a 467 595 0 15 2
a 470 517 0 4 6
a 470 704 0 18 5
a 471 538 0 4 4
a 471 833 0 33 10
a 474 65 0 4 8
a 474 687 0 31 5
a 474 772 0 17 9
a 475 810 0 4 8
a 475 787 0 12 9
a 475 34 0 35 3
a 477 733 0 4 5
a 477 717 0 49 2
a 477 339 0 16 5
a 477 39 0 16 1
a 478 710 0 4 2
a 478 230 0 10 7
a 478 483 0 31 2
a 480 478 0 4 4
a 480 36 0 44 4
a 480 918 0 21 9
a 480 914 0 33 10
a 480 761 0 15 9
a 480 349 0 11 2
a 481 658 0 4 9
a 481 416 0 47 7
a 481 144 0 47 2
a 481 366 0 17 4
a 481 426 0 39 3
a 481 917 0 40 10
a 482 884 0 4 2
a 482 688 0 12 9
a 482 922 0 33 6
a 482 69 0 30 7
a 483 596 0 4 1
a 483 150 0 1 1
a 483 551 0 29 4
a 484 253 0 4 9
a 484 420 0 43 6
a 484 315 0 1 4
a 487 24 0 4 2
a 487 337 0 5 6
a 489 605 0 4 10
a 489 533 0 19 7
a 489 896 0 8 3
a 489 295 0 7 9
a 489 837 0 50 1
a 491 124 0 4 8
a 491 562 0 19 9
a 491 375 0 11 4
a 491 464 0 50 1
a 491 40 0 12 7
a 494 311 0 4 8
a 494 352 0 47 1
a 494 947 0 25 10
a 494 997 0 15 4
a 494 596 0 35 9
a 494 140 0 41 10
a 495 697 0 4 8
a 495 529 0 46 1
a 497 91 0 4 1
a 497 531 0 31 2
a 497 593 0 43 4
a 497 238 0 50 8
a 497 204 0 19 1
a 498 582 0 4 6
a 498 746 0 44 4
a 502 569 0 4 5
a 502 597 0 46 10
a 502 543 0 49 3
a 502 281 0 11 1
a 505 135 0 4 5
a 505 824 0 13 5
a 505 949 0 49 3
a 507 89 0 4 3
a 507 218 0 20 7
a 507 682 0 33 9
a 507 457 0 4 9
a 509 21 0 4 6
a 509 650 0 14 5
a 509 807 0 45 4
a 509 309 0 49 2
a 509 483 0 3 9
a 511 534 0 4 9
a 511 355 0 23 2
a 512 211 0 4 6
a 512 102 0 5 7
a 512 193 0 13 4
a 514 964 0 4 3
a 514 187 0 47 9
a 514 356 0 25 3
a 514 751 0 41 3
a 516 102 0 4 10
a 516 350 0 33 9
a 516 431 0 28 7
a 516 533 0 26 4
a 516 360 0 12 2
a 517 120 0 4 8
a 517 43 0 45 6
a 520 863 0 4 6
a 520 971 0 34 9
a 523 730 0 4 10
a 523 894 0 23 1
a 523 667 0 42 8
a 523 912 0 35 10
a 523 509 0 10 7
a 523 395 0 15 1
a 524 1000 0 4 10
a 524 111 0 44 3
a 524 693 0 38 9
a 524 287 0 34 1
a 524 575 0 30 9
a 524 447 0 32 9
a 524 176 0 23 3
a 526 222 0 4 10
a 526 223 0 2 2
a 526 343 0 35 8
a 526 45 0 38 10
a 526 260 0 20 8
a 526 292 0 10 8
a 529 350 0 4 8
a 529 398 0 26 4
a 530 858 0 4 10
a 530 903 0 39 4
a 530 975 0 24 9
a 530 164 0 31 8
a 530 172 0 46 3
a 530 720 0 18 4
a 531 463 0 4 8
a 531 837 0 20 7
a 531 882 0 45 7
a 533 224 0 4 3
a 533 860 0 3 9
a 533 312 0 36 6
a 534 998 0 4 2
a 534 94 0 10 9
a 534 219 0 47 5
a 534 187 0 39 6
a 537 872 0 4 5
a 537 646 0 39 3
a 537 731 0 0 5
a 537 211 0 29 2
a 538 931 0 4 7
a 538 448 0 31 6
a 538 258 0 18 3
a 538 695 0 24 2
a 538 451 0 14 5
a 538 994 0 50 7
a 539 343 0 4 3
a 539 113 0 45 10
a 540 464 0 4 5
a 540 345 0 44 6
a 540 989 0 39 1
a 541 791 0 4 8
a 541 285 0 43 7
a 541 186 0 48 10
a 541 368 0 34 6
a 541 830 0 6 8
a 541 47 0 4 8
a 542 369 0 4 7
a 542 387 0 45 4
a 542 717 0 49 2
a 542 616 0 16 6
a 542 209 0 45 1
a 542 610 0 20 2
a 543 512 0 4 3
a 543 722 0 39 5
a 543 624 0 10 3
a 543 818 0 3 2
a 543 861 0 26 9
a 543 585 0 5 1
a 552 299 0 4 8
a 552 565 0 14 8
a 552 979 0 37 7
a 553 581 0 4 9
a 553 672 0 34 7
a 553 77 0 32 8
a 559 885 0 4 7
a 559 188 0 49 2
a 559 206 0 0 5
a 559 364 0 38 8
a 559 220 0 21 1
a 559 241 0 21 2
a 560 540 0 4 5
a 560 493 0 10 5
a 560 121 0 30 8
a 560 225 0 44 9
a 560 841 0 10 2
a 560 862 0 50 5
a 562 290 0 4 8
a 562 438 0 27 6
a 562 891 0 13 6
a 562 40 0 18 8
a 563 514 0 4 8
a 563 23 0 19 6
a 563 367 0 8 4
a 563 636 0 42 3
a 563 810 0 14 2
a 565 209 0 4 9
a 565 840 0 39 5
a 565 153 0 26 10
a 565 89 0 39 9
a 565 345 0 41 6
a 565 527 0 18 3
a 567 542 0 4 2
a 567 597 0 49 6
a 567 362 0 40 6
a 567 230 0 34 5
a 567 238 0 1 10
a 568 208 0 4 3
a 568 808 0 18 7
a 568 401 0 36 6
a 569 761 0 4 5
a 569 17 0 6 5
a 569 988 0 30 3
a 569 165 0 0 4
a 569 588 0 24 10
a 569 333 0 15 3
a 570 890 0 4 2
a 570 957 0 15 7
a 570 572 0 22 3
a 570 512 0 7 8
a 570 389 0 19 4
a 570 562 0 22 9
a 573 635 0 4 9
a 573 260 0 22 3
a 577 293 0 4 7
a 577 149 0 48 10
a 578 990 0 4 1
a 578 218 0 17 6
a 578 17 0 5 5
a 578 541 0 7 4
a 579 906 0 4 8
a 579 183 0 49 4
a 579 546 0 29 4
a 579 859 0 6 4
a 579 201 0 6 3
a 579 971 0 32 3
a 581 164 0 4 5
a 581 539 0 38 8
a 581 298 0 43 5
a 581 10 0 19 10
a 582 644 0 4 10
a 582 204 0 33 8
a 585 150 0 4 10
a 585 843 0 17 6
a 586 352 0 4 7
a 586 623 0 26 8
a 586 424 0 30 8
a 586 781 0 27 7
a 586 943 0 23 3
a 590 286 0 4 6
a 590 267 0 6 3
a 591 45 0 4 4
a 591 986 0 47 7
a 596 683 0 4 7
a 596 304 0 34 3
a 596 425 0 22 7
a 596 172 0 13 2
a 598 887 0 4 1
a 598 670 0 11 9
a 598 7 0 35 2
a 599 914 0 4 3
a 599 671 0 19 10
a 599 773 0 28 3
a 599 285 0 29 3
a 599 306 0 13 3
a 599 857 0 13 2
a 601 232 0 4 5
a 601 193 0 40 4
a 601 935 0 15 2
a 601 756 0 49 1
a 603 300 0 4 3
a 603 607 0 17 4
a 603 543 0 23 5
a 603 796 0 49 10
a 604 939 0 4 10
a 604 229 0 31 2
a 604 44 0 13 8
a 604 95 0 37 2
a 604 984 0 29 7
a 605 977 0 4 9
a 605 998 0 23 9
a 605 473 0 49 2
a 605 83 0 29 8
a 605 698 0 32 6
a 605 70 0 28 6
a 614 664 0 4 5
a 614 151 0 35 1
a 614 691 0 21 5
a 617 117 0 4 10
a 617 957 0 6 1
a 617 307 0 37 1
a 617 447 0 8 7
a 617 532 0 13 9
a 617 270 0 17 2
a 618 318 0 4 2
a 618 593 0 32 9
a 618 321 0 18 9
a 618 607 0 29 3
a 618 982 0 48 5
a 619 295 0 4 4
a 619 666 0 2 8
a 622 787 0 4 1
a 622 977 0 25 7
a 622 229 0 34 6
a 622 383 0 4 1
a 623 867 0 4 1
a 623 659 0 16 6
a 623 628 0 40 7
a 623 761 0 46 2
a 623 591 0 20 8
a 626 291 0 4 2
a 626 872 0 0 3
a 626 25 0 6 4
a 626 406 0 24 7
a 627 749 0 4 9
a 627 934 0 48 2
a 628 821 0 4 6
a 628 159 0 18 5
a 628 893 0 10 2
a 628 198 0 50 8
a 630 276 0 4 6
a 630 465 0 25 1
a 633 968 0 4 3
a 633 171 0 7 2
a 633 511 0 23 7
a 633 67 0 23 1
a 633 453 0 21 7
a 635 235 0 4 10
a 635 488 0 7 6
a 641 44 0 4 6
a 641 739 0 15 4
a 641 356 0 45 10
a 641 619 0 26 1
a 641 948 0 28 7
a 641 449 0 45 10
a 642 541 0 4 8
a 642 445 0 39 5
a 642 780 0 25 1
a 642 607 0 1 8
a 642 503 0 23 3
a 642 874 0 37 6
a 643 79 0 4 4
a 643 188 0 26 4
a 643 928 0 19 1
a 643 521 0 15 10
a 643 738 0 45 9
a 643 470 0 45 3
a 644 585 0 4 5
a 644 395 0 3 4
a 644 793 0 23 9
a 647 220 0 4 10
a 647 963 0 26 1
a 647 611 0 28 9
a 647 586 0 34 10
a 648 245 0 4 3
a 648 495 0 32 8
a 648 860 0 4 2
a 648 420 0 32 5
a 651 332 0 4 7
a 651 955 0 25 1
a 655 814 0 4 3
a 655 803 0 27 1
a 655 600 0 23 4
a 655 54 0 6 3
a 655 693 0 15 2
a 655 259 0 29 9
a 658 520 0 4 1
a 658 777 0 28 6
a 658 182 0 26 9
a 658 199 0 28 8
a 659 509 0 4 2
a 659 628 0 16 6
a 659 607 0 26 5
a 659 920 0 14 7
a 659 570 0 38 8
a 659 220 0 21 2
a 664 178 0 4 7
a 664 429 0 20 5
a 664 779 0 13 3
a 664 993 0 20 10
a 664 445 0 32 10
a 664 379 0 5 3
a 667 415 0 4 1
a 667 115 0 7 6
a 667 674 0 27 5
a 670 109 0 4 1
a 670 631 0 11 8
a 670 679 0 33 10
a 671 568 0 4 2
a 671 263 0 0 8
a 671 451 0 29 6
a 671 833 0 29 10
a 673 946 0 4 1
a 673 698 0 29 6
a 673 450 0 14 9
a 673 665 0 23 7
a 673 660 0 18 5
a 673 610 0 42 7
a 675 598 0 4 8
a 675 760 0 50 10
a 675 602 0 6 2
a 675 492 0 39 7
a 675 222 0 46 5
a 675 591 0 43 9
a 677 682 0 4 10
a 677 267 0 8 2
a 677 454 0 0 10
a 677 287 0 6 7
a 677 335 0 28 4
a 682 614 0 4 5
a 682 289 0 19 6
a 682 887 0 26 9
a 683 110 0 4 9
a 683 661 0 16 3
a 683 84 0 3 7
a 683 471 0 31 10
a 683 153 0 29 3
a 686 73 0 4 5
a 686 800 0 0 8
a 687 100 0 4 7
a 687 540 0 7 3
a 687 990 0 3 9
a 687 160 0 23 8
a 687 680 0 46 4
a 690 302 0 4 7
a 690 261 0 21 10
a 690 988 0 35 1
a 690 439 0 17 1
a 694 95 0 4 5
a 694 783 0 8 5
a 694 512 0 32 5
a 694 14 0 16 4
a 694 931 0 13 5
a 695 471 0 4 10
a 695 809 0 14 10
a 695 579 0 32 4
a 695 611 0 28 4
a 695 262 0 21 4
a 697 921 0 4 9
a 697 934 0 10 1
a 697 263 0 42 4
a 697 272 0 38 10
a 697 819 0 35 9
a 699 642 0 4 1
a 699 975 0 25 3
a 699 218 0 6 2
a 699 120 0 5 4
a 703 123 0 4 8
a 703 506 0 28 9
a 703 261 0 42 7
a 703 257 0 31 9
a 703 290 0 14 10
a 703 881 0 33 2
a 704 523 0 4 10
a 704 435 0 20 2
a 704 497 0 40 5
a 709 971 0 4 8
a 709 770 0 0 2
a 709 377 0 11 1
a 710 992 0 4 5
a 710 940 0 50 9
a 712 603 0 4 5
a 712 318 0 45 4
a 712 916 0 6 6
a 712 967 0 25 1
a 712 168 0 20 5
a 712 324 0 3 2
a 713 573 0 4 10
a 713 24 0 17 8
a 713 714 0 18 2
a 713 748 0 5 1
a 713 576 0 43 7
a 714 865 0 4 8
a 714 47 0 14 2
a 714 601 0 13 3
a 718 565 0 4 5
a 718 765 0 39 7
a 718 65 0 46 9
a 718 151 0 31 7
a 718 992 0 10 2
a 718 792 0 5 5
a 720 601 0 4 5
a 720 610 0 50 1
a 720 246 0 47 6
a 720 549 0 19 8
a 720 824 0 19 1
a 723 47 0 4 9
a 723 323 0 35 6
a 723 422 0 29 10
a 723 189 0 10 2
a 730 313 0 4 4
a 730 387 0 13 1
a 730 81 0 41 2
a 730 674 0 20 5
a 730 782 0 19 3
a 733 237 0 4 9
a 733 61 0 28 7
a 733 293 0 9 7
a 733 236 0 24 2
a 733 833 0 30 2
a 735 832 0 4 9
a 735 283 0 9 3
a 736 741 0 4 7
a 736 427 0 11 3
a 736 620 0 46 10
a 736 335 0 15 10
a 736 212 0 19 6
a 736 702 0 18 4
a 740 320 0 4 7
a 740 819 0 44 9
a 740 144 0 4 7
a 740 332 0 17 9
a 741 945 0 4 6
a 741 447 0 37 5
a 741 811 0 46 5
a 742 694 0 4 9
a 742 603 0 30 6
a 742 274 0 10 4
a 742 968 0 10 4
a 745 529 0 4 4
a 745 805 0 42 4
a 745 479 0 37 7
a 745 142 0 27 8
a 745 824 0 1 8
a 746 267 0 4 3
a 746 817 0 24 6
a 746 474 0 18 4
a 746 386 0 24 10
a 746 612 0 1 8
a 746 251 0 40 7
a 748 876 0 4 8
a 748 514 0 24 4
a 748 910 0 12 10
a 748 192 0 46 8
a 748 953 0 29 8
a 749 189 0 4 8
a 749 509 0 7 1
a 749 1000 0 9 2
a 749 98 0 42 5
a 749 578 0 3 2
a 749 918 0 23 3
a 750 234 0 4 10
a 750 915 0 11 2
a 750 273 0 16 3
a 750 462 0 9 7
a 750 766 0 50 10
a 751 511 0 4 5
a 751 299 0 38 4
a 751 431 0 19 2
a 756 162 0 4 7
a 756 787 0 29 8
a 756 304 0 16 3
a 756 194 0 1 1
a 756 607 0 23 1
a 757 323 0 4 9
a 757 371 0 37 9
a 757 102 0 40 9
a 757 943 0 45 9
a 757 236 0 47 9
a 761 892 0 4 4
a 761 651 0 3 5
a 761 147 0 39 4
a 763 357 0 4 5
a 763 130 0 11 9
a 763 604 0 46 10
a 765 294 0 4 6
a 765 729 0 37 9
a 769 169 0 4 7
a 769 633 0 28 7
a 769 575 0 31 2
a 769 601 0 46 1
a 771 799 0 4 1
a 771 29 0 31 4
a 771 919 0 10 1
a 771 54 0 26 3
a 771 464 0 40 5
a 771 895 0 40 3
a 773 677 0 4 9
a 773 814 0 49 10
a 773 980 0 37 9
a 773 793 0 48 1
a 773 275 0 24 4
a 777 346 0 4 4
a 777 867 0 7 10
a 777 372 0 21 3
a 777 536 0 33 1
a 777 399 0 37 9
a 777 182 0 40 4
a 778 995 0 4 5
a 778 89 0 21 4
a 778 979 0 30 10
a 778 472 0 21 7
a 778 640 0 34 9
a 778 222 0 30 9
a 779 6 0 4 4
a 779 520 0 7 5
a 779 431 0 36 9
a 785 392 0 4 1
a 785 163 0 7 8
a 785 1000 0 33 10
a 786 526 0 4 6
a 786 247 0 24 10
a 786 37 0 40 8
a 786 576 0 30 7
a 787 578 0 4 7
a 787 155 0 49 1
a 787 637 0 32 6
a 787 415 0 41 9
a 788 364 0 4 6
a 788 910 0 27 3
a 788 970 0 2 5
a 789 659 0 4 4
a 789 292 0 46 9
a 789 668 0 15 8
a 790 441 0 4 5
a 790 629 0 33 3
a 790 257 0 41 9
a 790 580 0 21 9
a 790 268 0 11 5
a 791 54 0 4 1
a 791 225 0 40 7
a 791 593 0 5 2
a 791 413 0 8 4
a 791 258 0 33 10
a 792 736 0 4 5
a 792 854 0 34 3
a 792 177 0 9 2
a 793 756 0 4 10
a 793 642 0 46 9
a 793 166 0 47 5
a 793 470 0 19 7
a 796 229 0 4 7
a 796 910 0 38 5
a 799 35 0 4 7
a 799 579 0 40 5
a 800 570 0 4 3
a 800 958 0 11 1
a 800 594 0 38 8
a 800 244 0 9 7
a 804 735 0 4 8
a 804 646 0 20 7
a 804 751 0 15 1
a 804 629 0 46 6
a 804 227 0 50 4
a 805 327 0 4 7
a 805 752 0 24 8
a 805 468 0 31 9
a 805 663 0 49 9
a 805 72 0 23 4
a 807 210 0 4 6
a 807 664 0 47 10
a 807 234 0 11 10
a 807 714 0 21 5
a 807 805 0 1 2
a 810 390 0 4 2
a 810 977 0 21 4
a 810 218 0 25 8
a 810 398 0 22 5
a 813 537 0 4 5
a 813 781 0 30 6
a 813 569 0 30 5
a 813 659 0 7 8
a 814 433 0 4 5
a 814 60 0 49 7
a 814 217 0 6 6
a 815 869 0 4 2
a 815 430 0 17 6
a 815 682 0 15 9
a 815 401 0 25 5
a 815 834 0 1 2
a 816 497 0 4 5
a 816 371 0 11 3
a 816 388 0 40 5
a 816 981 0 9 1
a 817 932 0 4 1
a 817 478 0 49 8
a 817 317 0 13 6
a 817 214 0 16 2
a 817 747 0 5 10
a 817 574 0 38 8
a 819 586 0 4 3
a 819 341 0 3 2
a 820 487 0 4 3
a 820 441 0 42 10
a 820 42 0 11 9
a 820 563 0 32 3
a 820 838 0 13 1
a 820 103 0 39 4
a 821 359 0 4 4
a 821 956 0 20 10
a 821 3 0 4 4
a 821 312 0 38 5
a 821 187 0 8 2
a 821 227 0 2 5
a 823 531 0 4 8
a 823 383 0 28 5
a 823 787 0 25 2
a 826 985 0 4 9
a 826 786 0 28 1
a 826 626 0 10 9
a 826 60 0 10 6
a 827 893 0 4 9
a 827 328 0 11 2
a 827 678 0 14 7
a 827 780 0 12 2
a 828 395 0 4 2
a 828 630 0 48 7
a 828 953 0 5 4
a 829 745 0 4 9
a 829 591 0 13 7
a 829 287 0 23 8
a 829 646 0 18 6
a 830 216 0 4 1
a 830 79 0 23 7
a 830 761 0 3 7
a 830 153 0 29 10
a 830 677 0 5 7
a 832 239 0 4 3
a 832 441 0 40 10
a 832 994 0 18 1
a 834 340 0 4 9
a 834 509 0 45 2
a 834 506 0 11 2
a 834 387 0 12 10
a 834 895 0 10 9
a 835 844 0 4 5
a 835 374 0 15 9
a 835 116 0 32 7
a 835 24 0 43 3
a 836 670 0 4 6
a 836 617 0 18 4
a 836 910 0 32 4
a 836 354 0 32 2
a 836 286 0 13 9
a 836 666 0 23 5
a 842 287 0 4 8
a 842 907 0 21 2
a 844 482 0 4 4
a 844 785 0 45 1
a 844 153 0 23 9
a 844 870 0 0 3
a 845 443 0 4 4
a 845 675 0 15 5
a 845 763 0 13 9
a 845 351 0 21 8
a 847 896 0 4 2
a 847 844 0 31 6
a 847 623 0 43 6
a 847 439 0 38 3
a 847 63 0 20 1
a 847 568 0 5 10
a 849 819 0 4 8
a 849 171 0 5 3
a 849 864 0 1 2
a 849 86 0 24 7
a 851 122 0 4 5
a 851 884 0 47 4
a 851 208 0 32 2
a 851 442 0 44 10
a 852 630 0 4 2
a 852 66 0 10 8
a 855 131 0 4 9
a 855 761 0 23 9
a 855 258 0 11 5
a 855 365 0 4 9
a 857 371 0 4 7
a 857 602 0 45 4
a 858 125 0 4 2
a 858 622 0 31 1
a 858 758 0 3 5
a 858 991 0 12 9
a 860 139 0 4 7
a 860 463 0 45 10
a 860 400 0 17 5
a 860 998 0 49 3
a 861 481 0 4 8
a 861 730 0 16 8
a 861 992 0 30 3
a 861 576 0 43 2
a 861 749 0 14 4
a 863 673 0 4 4
a 863 508 0 31 2
a 863 956 0 0 2
a 863 430 0 19 10
a 865 381 0 4 8
a 865 46 0 33 10
a 865 613 0 50 6
a 866 136 0 4 4
a 866 209 0 13 5
a 866 883 0 21 10
a 866 835 0 49 4
a 866 863 0 35 10
a 867 628 0 4 7
a 867 647 0 38 3
a 867 161 0 14 4
a 868 111 0 4 6
a 868 601 0 37 10
a 868 137 0 23 6
a 869 215 0 4 5
a 869 257 0 21 8
a 870 989 0 4 8
a 870 146 0 41 5
a 872 297 0 4 4
a 872 53 0 33 1
a 872 784 0 2 7
a 874 984 0 4 9
a 874 329 0 39 7
a 874 200 0 29 3
a 875 816 0 4 10
a 875 42 0 12 8
a 875 497 0 44 9
a 875 620 0 16 2
a 875 544 0 25 7
a 875 241 0 30 4
a 876 830 0 4 7
a 876 518 0 26 6
a 876 298 0 33 1
a 876 342 0 3 1
a 877 712 0 4 1
a 877 536 0 36 9
a 877 795 0 21 5
a 878 221 0 4 3
a 878 187 0 8 2
a 879 491 0 4 1
a 879 571 0 9 4
a 884 283 0 4 6
a 884 270 0 31 3
a 884 856 0 2 10
a 884 888 0 32 2
a 884 715 0 1 9
a 885 163 0 4 3
a 885 990 0 26 9
a 885 445 0 22 4
a 885 893 0 37 1
a 885 738 0 32 4
a 887 274 0 4 8
a 887 601 0 34 2
a 887 930 0 48 2
a 887 646 0 15 7
a 887 66 0 34 5
a 889 750 0 4 3
a 889 329 0 12 6
a 889 17 0 39 9
a 889 844 0 20 3
a 889 771 0 41 7
a 890 137 0 4 3
a 890 547 0 3 4
a 890 650 0 12 7
a 890 397 0 34 8
a 892 74 0 4 7
a 892 77 0 49 2
a 892 465 0 20 8
a 892 83 0 9 6
a 893 966 0 4 7
a 893 605 0 2 3
a 893 924 0 17 1
a 893 627 0 37 9
a 896 826 0 4 3
a 896 341 0 36 4
a 897 560 0 4 9
a 897 285 0 39 6
a 899 949 0 4 8
a 899 582 0 38 8
a 899 778 0 9 7
a 901 180 0 4 1
a 901 633 0 13 9
a 902 450 0 4 9
a 902 392 0 0 6
a 902 745 0 3 10
a 905 342 0 4 10
a 905 54 0 10 4
a 906 199 0 4 2
a 906 537 0 20 9
a 906 904 0 45 6
a 906 289 0 35 8
a 906 445 0 4 3
a 914 277 0 4 7
a 914 880 0 10 8
a 918 206 0 4 8
a 918 794 0 15 10
a 918 81 0 10 7
a 918 735 0 38 3
a 921 626 0 4 4
a 921 339 0 35 3
a 921 994 0 30 2
a 921 115 0 39 3
a 921 741 0 50 4
a 927 502 0 4 5
a 927 853 0 26 4
a 927 386 0 12 10
a 927 456 0 47 4
a 927 455 0 9 9
a 928 720 0 4 1
a 928 536 0 32 1
a 928 794 0 48 5
a 929 188 0 4 8
a 929 75 0 13 7
a 929 29 0 31 4
a 931 181 0 4 9
a 931 867 0 18 5
a 931 669 0 40 5
a 931 17 0 25 3
a 931 502 0 45 10
a 932 590 0 4 5
a 932 605 0 9 4
a 936 461 0 4 4
a 936 213 0 31 10
a 936 827 0 39 6
a 937 648 0 4 3
a 937 269 0 1 1
a 937 54 0 14 5
a 937 373 0 8 6
a 939 655 0 4 10
a 939 304 0 11 8
a 945 828 0 4 3
a 945 15 0 30 6
a 945 256 0 39 3
a 945 191 0 33 7
a 946 155 0 4 1
a 946 780 0 8 10
a 946 292 0 22 6
a 949 455 0 4 7
a 949 132 0 50 1
a 949 367 0 46 4
a 949 228 0 41 10
a 949 158 0 18 9
a 955 258 0 4 7
a 955 592 0 32 6
a 960 334 0 4 8
a 960 104 0 34 1
a 960 77 0 49 10
a 960 743 0 11 5
a 962 325 0 4 3
a 962 439 0 28 4
a 962 947 0 33 5
a 962 196 0 6 8
a 962 724 0 1 4
a 964 845 0 4 3
a 964 806 0 48 9
a 965 651 0 4 1
a 965 68 0 4 9
a 966 877 0 4 7
a 966 334 0 22 1
a 966 441 0 15 9
a 966 892 0 41 10
a 968 298 0 4 3
a 968 179 0 39 8
a 968 947 0 8 2
a 968 23 0 38 1
a 968 436 0 41 8
a 970 34 0 4 2
a 970 367 0 5 1
a 970 118 0 13 8
a 971 413 0 4 8
a 971 764 0 3 8
a 971 989 0 22 10
a 971 472 0 47 8
a 975 559 0 4 6
a 975 430 0 31 6
a 975 576 0 5 9
a 976 690 0 4 3
a 976 980 0 4 7
a 976 294 0 11 6
a 976 727 0 24 6
a 977 815 0 4 5
a 977 516 0 45 8
a 977 625 0 23 8
a 979 254 0 4 6
a 979 238 0 31 10
a 979 586 0 41 2
a 980 494 0 4 4
a 980 344 0 49 1
a 980 103 0 2 3
a 980 109 0 8 6
a 984 408 0 4 6
a 984 181 0 45 4
a 985 212 0 4 4
a 985 270 0 46 6
a 985 637 0 3 8
a 989 686 0 4 2
a 989 62 0 23 8
a 990 474 0 4 2
a 990 815 0 11 2
a 990 802 0 26 6
a 990 447 0 9 3
a 990 32 0 20 6
a 990 63 0 32 10
a 990 74 0 41 4
a 992 453 0 4 6
a 992 300 0 37 2
a 992 4 0 16 3
a 992 110 0 23 2
a 993 704 0 4 3
a 993 496 0 19 8
a 993 792 0 10 7
a 995 85 0 4 4
a 995 636 0 44 10
a 995 657 0 10 9
a 995 71 0 34 2
a 998 789 0 4 3
a 998 786 0 22 8
a 998 757 0 26 5
