c PyNETGEN v1.0.0
c $ pip install pynetgen
c
c  NETGEN flow network generation algorithm
c  Problem input parameters
c  -------------------------------------
c   Random seed:          1
c   Number of nodes:      1000
c   Source nodes:         2
c   Sink nodes:           2
c   Number of arcs:       4000
c   Minimum arc cost:     1
c   Maximum arc cost:     10
c   Total supply:         50
c   Transshipment -
c     Sources:            0
c     Sinks:              0
c   Skeleton arcs -
c     With max cost:      0
c     Capacitated:        100
c   Minimum arc capacity: 0
c   Maximum arc capacity: 50
c
c  *** Minimum cost flow ***
c
p min 1000 4000
n 1 9
n 2 41
n 999 -4
n 1000 -46
a 1 671 0 9 10
a 1 797 0 2 5
a 1 740 0 4 1
a 1 65 0 44 6
a 1 87 0 7 2
a 4 105 0 9 1
a 4 569 0 20 9
a 4 729 0 11 2
a 4 554 0 14 5
a 4 869 0 6 7
a 4 147 0 8 4
a 4 157 0 27 10
a 5 299 0 9 9
a 5 191 0 17 6
a 5 565 0 30 2
a 5 408 0 40 6
a 6 443 0 9 9
a 6 468 0 4 5
a 6 462 0 31 10
a 6 367 0 44 1
a 6 894 0 5 8
a 6 960 0 37 1
a 9 599 0 9 3
a 9 637 0 22 1
a 9 896 0 20 6
a 9 166 0 18 7
a 9 535 0 35 2
a 9 794 0 29 1
a 12 161 0 9 3
a 12 884 0 15 4
a 12 322 0 48 2
a 12 986 0 17 10
a 12 956 0 8 3
a 12 759 0 1 5
a 13 549 0 9 2
a 13 320 0 41 2
a 14 653 0 9 3
a 14 964 0 37 5
a 14 112 0 18 3
a 14 699 0 16 3
a 14 52 0 21 8
a 15 540 0 9 1
a 15 839 0 47 9
a 15 61 0 47 3
a 15 401 0 15 10
a 15 674 0 3 6
a 15 758 0 40 10
a 16 913 0 9 10
a 16 423 0 29 8
a 16 41 0 21 5
a 16 716 0 45 10
a 17 60 0 9 3
a 17 699 0 22 9
a 17 645 0 26 4
a 17 940 0 31 8
a 17 994 0 25 2
a 17 14 0 39 3
a 19 216 0 9 2
a 19 915 0 40 1
a 19 320 0 18 8
a 21 650 0 9 9
a 21 81 0 43 7
a 21 703 0 39 7
a 22 917 0 9 6
a 22 233 0 37 5
a 22 375 0 11 2
a 24 38 0 9 8
a 24 118 0 4 4
a 24 68 0 47 8
a 24 706 0 12 6
a 24 633 0 4 5
a 24 89 0 23 1
a 25 564 0 9 3
a 25 660 0 47 10
a 25 85 0 5 7
a 25 853 0 12 2
a 25 880 0 10 2
a 26 205 0 9 9
a 26 393 0 26 4
a 31 413 0 9 6
a 31 970 0 35 9
a 31 899 0 28 1
a 31 849 0 13 8
a 31 723 0 39 10
a 33 90 0 9 4
a 33 189 0 29 8
a 33 900 0 17 8
a 34 310 0 9 5
a 34 296 0 9 6
a 36 829 0 9 7
a 36 745 0 1 4
a 36 363 0 19 4
a 36 65 0 18 5
a 36 836 0 4 10
a 37 482 0 9 4
a 37 152 0 35 2
a 38 676 0 9 7
a 38 787 0 14 1
a 38 629 0 4 7
a 38 720 0 40 8
a 38 418 0 40 9
a 41 644 0 9 1
a 41 180 0 49 3
a 41 710 0 12 8
a 41 32 0 32 10
a 41 250 0 23 5
a 41 44 0 40 9
a 42 384 0 9 8
a 42 582 0 35 1
a 42 58 0 14 4
a 42 57 0 19 2
a 45 727 0 9 8
a 45 462 0 36 5
a 46 799 0 9 1
a 46 675 0 2 10
a 46 455 0 1 1
a 47 120 0 9 5
a 47 683 0 18 5
a 47 734 0 12 8
a 47 680 0 14 3
a 47 553 0 2 8
a 49 889 0 9 7
a 49 596 0 23 7
a 49 826 0 41 9
a 50 568 0 9 8
a 50 133 0 36 1
a 52 840 0 9 10
a 52 147 0 2 9
a 52 748 0 24 7
a 52 79 0 24 3
a 54 318 0 9 8
a 54 218 0 44 6
a 56 316 0 9 2
a 56 878 0 35 7
a 58 995 0 9 10
a 58 815 0 12 7
a 58 8 0 21 10
a 59 911 0 9 6
a 59 726 0 14 10
a 59 417 0 10 2
a 59 514 0 27 3
a 59 45 0 14 8
a 60 532 0 9 8
a 60 836 0 41 2
a 60 458 0 12 6
a 60 437 0 5 6
a 60 141 0 4 8
a 60 803 0 9 9
a 62 790 0 9 4
a 62 485 0 7 3
a 62 246 0 3 6
a 62 33 0 36 10
a 62 372 0 45 6
a 62 431 0 4 1
a 64 496 0 9 2
a 64 552 0 14 8
a 64 850 0 50 9
a 64 643 0 44 7
a 64 562 0 3 10
a 65 473 0 9 7
a 65 581 0 3 2
a 65 43 0 31 5
a 66 922 0 9 6
a 66 332 0 5 1
a 66 501 0 43 8
a 66 549 0 45 6
a 66 866 0 25 3
a 66 587 0 6 7
a 68 729 0 9 4
a 68 508 0 23 4
a 68 384 0 47 6
a 68 91 0 27 6
a 68 482 0 2 1
a 70 186 0 9 4
a 70 556 0 24 3
a 70 899 0 48 1
a 70 151 0 47 8
a 70 929 0 15 10
a 73 928 0 9 7
a 73 557 0 24 2
a 73 915 0 25 6
a 73 789 0 9 4
a 73 503 0 46 7
a 73 425 0 49 1
a 74 782 0 9 10
a 74 35 0 35 2
a 76 996 0 9 9
a 76 472 0 49 4
a 76 738 0 17 7
a 76 795 0 20 7
a 78 926 0 9 5
a 78 99 0 8 10
a 78 859 0 3 7
a 78 433 0 17 5
a 83 388 0 9 8
a 83 773 0 35 6
a 84 701 0 9 7
a 84 496 0 12 8
a 84 180 0 11 7
a 85 515 0 9 2
a 85 111 0 1 5
a 85 890 0 27 9
a 86 139 0 9 8
a 86 247 0 45 2
a 86 245 0 45 1
a 87 295 0 9 9
a 87 563 0 22 1
a 87 886 0 28 9
a 87 85 0 38 9
a 89 640 0 9 6
a 89 833 0 1 1
a 89 464 0 7 3
a 89 296 0 41 6
a 89 72 0 32 8
a 89 650 0 22 7
a 90 252 0 9 4
a 90 215 0 5 1
a 90 159 0 40 6
a 90 237 0 3 6
a 90 8 0 7 8
a 90 116 0 8 2
a 101 692 0 9 1
a 101 504 0 29 6
a 103 104 0 9 1
a 103 366 0 20 4
a 104 498 0 9 4
a 104 627 0 11 2
a 104 793 0 44 7
a 104 816 0 29 1
a 105 570 0 9 7
a 105 104 0 16 4
a 105 407 0 30 9
a 105 356 0 41 6
a 105 257 0 23 8
a 105 864 0 4 1
a 105 201 0 49 9
a 106 199 0 9 5
a 106 773 0 45 10
a 106 101 0 10 3
a 106 410 0 25 3
a 112 219 0 9 6
a 112 213 0 6 8
a 112 641 0 2 6
a 112 326 0 35 9
a 112 718 0 48 4
a 114 919 0 9 8
a 114 839 0 47 8
a 114 945 0 2 6
a 114 727 0 9 1
a 115 888 0 9 4
a 115 136 0 38 2
a 115 565 0 24 2
a 115 668 0 7 9
a 115 745 0 39 9
a 116 251 0 9 2
a 116 677 0 15 7
a 116 935 0 39 6
a 116 923 0 27 4
a 117 85 0 9 7
a 117 262 0 15 4
a 117 662 0 4 9
a 117 255 0 29 4
a 118 681 0 9 4
a 118 69 0 29 1
a 118 831 0 1 10
a 120 126 0 9 8
a 120 77 0 21 8
a 121 419 0 9 10
a 121 277 0 20 6
a 121 189 0 11 5
a 124 73 0 9 2
a 124 609 0 1 3
a 126 780 0 9 5
a 126 119 0 21 9
a 129 449 0 9 7
a 129 382 0 30 8
a 129 566 0 30 10
a 129 43 0 1 2
a 129 600 0 43 10
a 129 505 0 39 2
a 132 884 0 9 4
a 132 569 0 3 9
a 132 890 0 27 3
a 132 184 0 44 4
a 133 861 0 9 10
a 133 328 0 18 10
a 133 603 0 15 8
a 133 730 0 30 4
a 133 577 0 20 1
a 133 36 0 14 2
a 133 880 0 21 9
a 134 391 0 9 2
a 134 301 0 41 3
a 134 445 0 6 6
a 135 863 0 9 7
a 135 973 0 22 3
a 135 244 0 7 8
a 135 117 0 49 7
a 135 835 0 27 6
a 135 180 0 27 2
a 137 240 0 9 8
a 137 18 0 31 8
a 137 595 0 12 7
a 137 584 0 31 2
a 139 872 0 9 5
a 139 565 0 6 6
a 143 338 0 9 6
a 143 106 0 13 4
a 143 853 0 5 8
a 143 946 0 33 9
a 143 707 0 9 6
a 143 978 0 23 7
a 143 401 0 33 9
a 144 74 0 9 5
a 144 509 0 32 5
a 145 739 0 9 2
a 145 337 0 18 2
a 146 231 0 9 3
a 146 971 0 20 1
a 146 58 0 40 7
a 146 990 0 39 5
a 147 330 0 9 5
a 147 485 0 4 6
a 147 418 0 0 3
a 147 14 0 1 4
a 149 452 0 9 1
a 149 798 0 10 1
a 149 624 0 43 2
a 149 618 0 25 1
a 150 315 0 9 7
a 150 822 0 18 6
a 150 7 0 13 6
a 150 789 0 9 1
a 153 893 0 9 3
a 153 468 0 45 2
a 156 542 0 9 9
a 156 680 0 31 7
a 158 680 0 9 3
a 158 40 0 15 2
a 158 61 0 15 1
a 158 149 0 30 6
a 158 552 0 6 6
a 158 816 0 30 10
a 158 530 0 20 7
a 159 749 0 9 2
a 159 61 0 14 8
a 159 847 0 30 5
a 159 21 0 44 9
a 159 671 0 17 1
a 159 41 0 30 9
a 160 587 0 9 4
a 160 193 0 23 4
a 160 716 0 25 9
a 161 486 0 9 5
a 161 307 0 33 10
a 164 808 0 9 8
a 164 67 0 30 8
a 164 405 0 11 4
a 165 684 0 9 7
a 165 943 0 16 2
a 168 502 0 9 2
a 168 62 0 36 4
a 169 742 0 9 3
a 169 620 0 36 9
a 169 302 0 40 1
a 169 805 0 34 6
a 169 19 0 37 4
a 169 90 0 33 8
a 169 396 0 24 4
a 170 929 0 9 5
a 170 881 0 44 7
a 170 307 0 46 3
a 170 66 0 26 6
a 170 540 0 40 9
a 170 990 0 10 7
a 170 696 0 39 5
a 173 217 0 9 8
a 173 284 0 23 3
a 174 690 0 9 3
a 174 88 0 9 2
a 174 222 0 44 9
a 178 400 0 9 2
a 178 864 0 40 2
a 178 914 0 22 9
a 178 325 0 43 9
a 178 44 0 25 10
a 178 849 0 7 4
a 178 330 0 17 10
a 180 279 0 9 8
a 180 668 0 26 5
a 180 547 0 31 8
a 182 856 0 9 10
a 182 939 0 32 9
a 182 215 0 16 6
a 184 158 0 9 9
a 184 348 0 40 7
a 184 688 0 7 2
a 184 728 0 16 6
a 184 523 0 2 2
a 184 906 0 19 8
a 185 45 0 9 3
a 185 840 0 37 2
a 186 164 0 9 8
a 186 505 0 13 8
a 186 433 0 12 8
a 186 888 0 26 8
a 186 260 0 7 9
a 186 898 0 1 5
a 188 504 0 9 5
a 188 700 0 17 7
a 188 218 0 8 1
a 188 203 0 45 8
a 188 208 0 5 4
a 188 672 0 32 8
a 188 707 0 0 5
a 190 351 0 9 4
a 190 445 0 33 10
a 190 540 0 39 8
a 190 220 0 6 3
a 190 601 0 25 3
a 191 595 0 9 9
a 191 517 0 29 4
a 191 516 0 2 6
a 191 15 0 37 6
a 195 137 0 9 9
a 195 629 0 16 8
a 195 199 0 22 3
a 195 918 0 42 1
a 195 511 0 4 1
a 199 705 0 9 7
a 199 753 0 28 2
a 199 741 0 21 9
a 199 80 0 10 8
a 202 159 0 9 7
a 202 356 0 5 5
a 202 529 0 31 10
a 202 88 0 19 9
a 202 738 0 15 5
a 202 288 0 13 6
a 204 428 0 9 10
a 204 176 0 30 1
a 204 494 0 32 9
a 205 507 0 9 10
a 205 802 0 37 5
a 205 213 0 23 2
a 205 478 0 45 8
a 205 427 0 5 2
a 205 359 0 2 9
a 207 558 0 9 1
a 207 397 0 28 10
a 207 337 0 25 9
a 207 899 0 17 2
a 207 450 0 46 9
a 208 331 0 9 3
a 208 360 0 19 6
a 208 476 0 1 6
a 212 592 0 9 6
a 212 302 0 33 6
a 214 603 0 9 1
a 214 553 0 47 4
a 214 717 0 19 3
a 214 336 0 23 5
a 214 997 0 44 10
a 215 68 0 9 6
a 215 939 0 47 5
a 216 697 0 9 1
a 216 126 0 47 2
a 217 169 0 9 7
a 217 604 0 18 1
a 217 514 0 28 2
a 217 977 0 31 10
a 217 976 0 47 8
a 218 920 0 9 10
a 218 379 0 46 2
a 218 641 0 24 2
a 218 998 0 39 5
a 218 957 0 37 7
a 219 779 0 9 10
a 219 431 0 13 1
a 219 54 0 4 9
a 219 624 0 16 2
a 219 274 0 49 8
a 219 682 0 10 10
a 221 593 0 9 9
a 221 460 0 46 1
a 223 513 0 9 2
a 223 541 0 19 10
a 223 988 0 26 6
a 223 895 0 35 1
a 223 595 0 47 7
a 227 485 0 9 4
a 227 155 0 39 10
a 227 677 0 41 9
a 231 214 0 9 2
a 231 88 0 42 1
a 231 162 0 34 1
a 231 179 0 6 3
a 231 372 0 43 1
a 231 632 0 44 6
a 232 537 0 9 5
a 232 800 0 15 6
a 232 569 0 46 5
a 232 947 0 8 7
a 232 368 0 16 5
a 232 640 0 40 3
a 234 165 0 9 8
a 234 989 0 47 4
a 234 846 0 36 8
a 236 268 0 9 2
a 236 138 0 18 3
a 236 262 0 36 3
a 236 973 0 34 6
a 236 400 0 28 4
a 237 1000 0 9 9
a 237 215 0 9 6
a 237 74 0 7 9
a 237 126 0 12 8
a 240 659 0 9 8
a 240 931 0 3 2
a 240 612 0 13 3
a 240 195 0 22 5
a 241 364 0 9 4
a 241 68 0 50 7
a 241 611 0 3 3
a 241 642 0 50 5
a 241 186 0 45 8
a 241 602 0 41 6
a 242 447 0 9 2
a 242 476 0 7 2
a 242 519 0 44 7
a 242 230 0 43 4
a 242 366 0 22 2
a 242 41 0 12 4
a 243 503 0 9 8
a 243 26 0 21 7
a 243 334 0 46 6
a 243 929 0 33 5
a 243 453 0 4 6
a 247 578 0 9 10
a 247 771 0 23 3
a 250 433 0 9 3
a 250 130 0 45 9
a 251 190 0 9 10
a 251 863 0 28 10
a 251 888 0 38 10
a 251 473 0 5 2
a 251 844 0 41 10
a 252 150 0 9 4
a 252 532 0 17 6
a 253 720 0 9 3
a 253 115 0 0 1
a 253 809 0 41 4
a 253 932 0 3 7
a 255 914 0 9 7
a 255 777 0 4 4
a 255 891 0 20 10
a 255 237 0 22 7
a 258 439 0 9 8
a 258 554 0 15 1
a 258 799 0 17 8
a 258 438 0 35 6
a 258 633 0 29 6
a 259 630 0 9 6
a 259 397 0 49 7
a 263 488 0 9 4
a 263 285 0 20 10
a 263 325 0 11 8
a 266 114 0 9 1
a 266 939 0 49 7
a 266 543 0 23 8
a 266 226 0 33 4
a 266 402 0 37 6
a 266 567 0 28 3
a 267 52 0 9 7
a 267 733 0 23 4
a 267 13 0 13 8
a 267 873 0 30 3
a 267 65 0 38 4
a 268 552 0 9 5
a 268 428 0 31 10
a 268 610 0 25 9
a 269 13 0 9 5
a 269 268 0 12 2
a 269 755 0 13 5
a 269 183 0 4 7
a 272 841 0 9 3
a 272 83 0 18 6
a 272 951 0 6 7
a 272 933 0 30 7
a 272 442 0 41 2
a 274 812 0 9 6
a 274 646 0 47 8
a 276 134 0 9 3
a 276 446 0 24 4
a 276 641 0 26 3
a 277 42 0 9 3
a 277 776 0 15 6
a 277 844 0 24 4
a 277 239 0 39 8
a 277 267 0 40 4
a 277 570 0 36 8
a 278 361 0 9 6
a 278 647 0 3 8
a 278 732 0 38 5
a 278 216 0 29 4
a 278 522 0 43 1
a 278 827 0 43 2
a 279 743 0 9 3
a 279 673 0 32 1
a 279 111 0 31 8
a 279 671 0 30 5
a 279 224 0 4 3
a 279 885 0 1 1
a 283 480 0 9 10
a 283 772 0 38 4
a 284 760 0 9 6
a 284 570 0 48 3
a 284 949 0 28 9
a 284 504 0 37 9
a 285 935 0 9 8
a 285 756 0 39 1
a 285 899 0 13 7
a 287 135 0 9 6
a 287 897 0 44 9
a 290 188 0 9 3
a 290 819 0 44 8
a 290 13 0 47 2
a 290 487 0 8 2
a 290 735 0 37 1
a 290 164 0 18 4
a 295 347 0 9 3
a 295 282 0 44 6
a 295 882 0 47 10
a 295 356 0 33 10
a 299 940 0 9 6
a 299 575 0 41 6
a 299 874 0 17 4
a 300 101 0 9 4
a 300 825 0 38 3
a 300 296 0 2 5
a 303 494 0 9 5
a 303 369 0 20 2
a 303 809 0 39 3
a 303 317 0 17 10
a 303 884 0 25 4
a 303 897 0 17 8
a 304 272 0 9 9
a 304 172 0 37 2
a 305 47 0 9 7
a 305 132 0 11 1
a 305 868 0 49 7
a 305 71 0 19 8
a 307 352 0 9 7
a 307 775 0 29 6
a 307 573 0 23 8
a 307 593 0 5 6
a 307 163 0 2 6
a 307 691 0 3 1
a 310 763 0 9 4
a 310 693 0 45 4
a 310 63 0 4 8
a 310 673 0 28 7
a 310 21 0 46 8
a 311 903 0 9 5
a 311 639 0 23 6
a 311 45 0 8 7
a 311 208 0 41 3
a 312 620 0 9 4
a 312 326 0 3 2
a 312 134 0 44 4
a 313 979 0 9 2
a 313 228 0 21 2
a 314 180 0 9 10
a 314 52 0 11 9
a 314 664 0 22 5
a 314 676 0 13 1
a 314 333 0 31 7
a 314 882 0 7 8
a 315 218 0 9 10
a 315 845 0 8 4
a 315 864 0 23 5
a 316 335 0 9 3
a 316 31 0 8 2
a 316 220 0 34 1
a 316 55 0 4 8
a 316 817 0 21 2
a 316 151 0 31 10
a 318 160 0 9 2
a 318 503 0 37 2
a 318 188 0 10 10
a 319 277 0 9 7
a 319 859 0 1 3
a 319 548 0 19 9
a 319 425 0 10 8
a 319 134 0 4 4
a 319 297 0 36 4
a 325 962 0 9 1
a 325 767 0 25 2
a 325 133 0 3 2
a 325 179 0 45 4
a 325 328 0 40 8
a 325 399 0 50 7
a 327 153 0 9 5
a 327 469 0 29 1
a 329 397 0 9 2
a 329 444 0 12 5
a 330 805 0 9 4
a 330 816 0 25 5
a 331 574 0 9 8
a 331 161 0 28 5
a 331 40 0 30 1
a 332 423 0 9 5
a 332 520 0 8 2
a 332 887 0 13 6
a 332 14 0 29 1
a 332 414 0 7 8
a 332 27 0 25 3
a 333 560 0 9 7
a 333 636 0 23 9
a 333 810 0 39 8
a 333 717 0 13 9
a 333 446 0 17 8
a 333 504 0 50 4
a 334 62 0 9 6
a 334 886 0 27 8
a 334 16 0 1 7
a 334 57 0 19 4
a 334 837 0 43 5
a 335 133 0 9 2
a 335 479 0 11 8
a 336 899 0 9 3
a 336 910 0 20 1
a 336 678 0 48 1
a 336 338 0 33 7
a 337 89 0 9 2
a 337 245 0 10 2
a 338 956 0 9 9
a 338 373 0 12 8
a 338 711 0 12 6
a 338 50 0 36 5
a 338 341 0 29 10
a 340 752 0 9 8
a 340 36 0 26 8
a 340 710 0 16 4
a 340 550 0 4 3
a 340 20 0 9 4
a 342 14 0 9 7
a 342 595 0 26 10
a 342 101 0 17 6
a 346 329 0 9 3
a 346 719 0 36 4
a 346 705 0 4 8
a 346 877 0 19 1
a 346 199 0 24 7
a 346 683 0 41 5
a 347 208 0 9 2
a 347 881 0 14 5
a 347 919 0 26 7
a 351 284 0 9 4
a 351 152 0 4 7
a 351 133 0 20 2
a 351 718 0 14 1
a 351 6 0 21 10
a 352 283 0 9 6
a 352 480 0 29 3
a 352 591 0 20 7
a 352 30 0 6 2
a 353 547 0 9 4
a 353 295 0 9 8
a 353 795 0 25 10
a 357 613 0 9 6
a 357 765 0 17 10
a 357 520 0 8 2
a 357 197 0 46 6
a 361 915 0 9 8
a 361 678 0 47 10
a 361 832 0 21 2
a 361 721 0 36 5
a 364 927 0 9 9
a 364 136 0 16 9
a 364 98 0 43 10
a 370 422 0 9 10
a 370 736 0 27 10
a 370 866 0 2 10
a 374 533 0 9 7
a 374 624 0 48 2
a 374 544 0 8 1
a 376 450 0 9 7
a 376 390 0 43 4
a 376 176 0 37 10
a 376 184 0 4 1
a 378 600 0 9 1
a 378 31 0 28 5
a 380 374 0 9 7
a 380 688 0 15 4
a 380 920 0 0 1
a 380 159 0 24 10
a 380 421 0 21 8
a 384 765 0 9 8
a 384 471 0 8 9
a 385 821 0 9 8
a 385 848 0 42 4
a 385 899 0 2 10
a 387 399 0 9 9
a 387 176 0 33 8
a 387 24 0 11 2
a 387 586 0 17 10
a 387 558 0 16 2
a 387 743 0 43 6
a 387 731 0 46 2
a 388 978 0 9 8
a 388 578 0 45 8
a 388 526 0 12 1
a 388 62 0 33 8
a 388 231 0 7 10
a 388 165 0 10 7
a 391 312 0 9 7
a 391 716 0 31 5
a 391 505 0 42 2
a 391 567 0 6 2
a 391 90 0 44 9
a 391 265 0 7 9
a 392 460 0 9 9
a 392 998 0 2 1
a 392 163 0 17 9
a 396 156 0 9 9
a 396 17 0 11 3
a 397 285 0 9 7
a 397 681 0 7 3
a 397 461 0 24 1
a 397 300 0 23 1
a 397 573 0 37 6
a 397 221 0 50 4
a 399 173 0 9 2
a 399 717 0 27 2
a 399 663 0 2 6
a 400 882 0 9 3
a 400 734 0 7 5
a 405 305 0 9 8
a 405 810 0 15 2
a 405 546 0 39 10
a 405 965 0 3 2
a 406 901 0 9 8
a 406 962 0 21 6
a 406 119 0 0 5
a 406 442 0 24 3
a 406 397 0 42 3
a 407 78 0 9 5
a 407 221 0 30 4
a 407 778 0 38 9
a 407 600 0 14 7
a 407 272 0 23 6
a 407 460 0 40 6
a 408 204 0 9 7
a 408 167 0 10 2
a 408 790 0 36 8
a 408 862 0 10 10
a 408 547 0 6 7
a 413 314 0 9 9
a 413 734 0 31 5
a 417 509 0 9 10
a 417 608 0 30 5
a 417 378 0 6 10
a 417 660 0 44 7
a 418 614 0 9 3
a 418 96 0 48 5
a 418 595 0 48 10
a 419 689 0 9 10
a 419 697 0 31 4
a 419 17 0 9 9
a 419 137 0 17 4
a 419 862 0 34 1
a 419 23 0 41 6
a 420 987 0 9 5
a 420 932 0 17 4
a 420 273 0 28 5
a 420 603 0 18 6
a 420 147 0 16 8
a 420 272 0 18 8
a 422 145 0 9 7
a 422 60 0 47 9
a 422 871 0 40 4
a 422 927 0 45 5
a 422 227 0 32 10
a 423 462 0 9 5
a 423 632 0 37 1
a 423 178 0 30 5
a 423 51 0 8 4
a 423 319 0 38 7
a 423 58 0 37 7
a 426 191 0 9 5
a 426 921 0 0 7
a 426 71 0 47 8
a 426 128 0 22 1
a 426 593 0 13 2
a 428 19 0 9 4
a 428 4 0 28 2
a 428 95 0 23 8
a 428 371 0 4 2
a 428 48 0 6 3
a 428 291 0 44 10
a 431 487 0 9 10
a 431 171 0 0 5
a 431 584 0 9 5
a 431 61 0 49 5
a 431 544 0 6 2
a 431 141 0 16 8
a 433 967 0 9 5
a 433 915 0 47 6
a 433 136 0 30 8
a 433 200 0 16 4
a 433 582 0 1 7
a 435 116 0 9 1
a 435 313 0 38 10
a 435 377 0 0 8
a 435 618 0 35 4
a 435 446 0 39 9
a 435 103 0 1 9
a 436 418 0 9 2
a 436 419 0 44 8
a 439 745 0 9 7
a 439 958 0 33 10
a 440 327 0 9 7
a 440 324 0 47 6
a 443 544 0 9 1
a 443 957 0 40 5
a 443 333 0 43 5
a 443 927 0 6 9
a 443 753 0 16 6
a 443 114 0 0 4
a 447 6 0 9 8
a 447 920 0 21 6
a 447 120 0 5 9
a 447 145 0 48 5
a 447 901 0 43 1
a 448 65 0 9 1
a 448 738 0 25 3
a 448 678 0 44 2
a 449 202 0 9 5
a 449 364 0 50 9
a 449 635 0 40 5
a 450 431 0 9 6
a 450 365 0 44 9
a 450 406 0 20 3
a 452 184 0 9 8
a 452 528 0 43 5
a 452 183 0 42 5
a 454 717 0 9 5
a 454 617 0 5 10
a 454 101 0 10 8
a 454 55 0 11 4
a 454 47 0 34 5
a 457 573 0 9 8
a 457 970 0 36 8
a 457 717 0 46 3
a 457 14 0 45 8
a 459 117 0 9 7
a 459 541 0 27 8
a 459 152 0 35 10
a 460 621 0 9 2
a 460 53 0 35 4
a 460 123 0 19 6
a 460 423 0 10 5
a 462 508 0 9 4
a 462 297 0 0 2
a 462 330 0 8 10
a 462 62 0 27 9
a 462 491 0 26 10
a 463 774 0 9 2
a 463 822 0 29 7
a 463 611 0 12 3
a 466 12 0 9 1
a 466 610 0 35 2
a 466 788 0 6 2
a 466 315 0 18 10
a 466 237 0 48 9
a 466 655 0 7 10
a 467 788 0 9 5
a 467 280 0 27 8
a 467 250 0 26 9
a 467 403 0 12 5
a 467 601 0 10 5
a 467 31 0 22 6
a 471 787 0 9 7
a 471 187 0 40 3
a 471 212 0 43 10
a 471 217 0 1 2
a 471 500 0 31 7
a 473 392 0 9 3
a 473 622 0 19 2
a 474 121 0 9 6
a 474 214 0 18 3
a 474 677 0 19 7
a 476 673 0 9 1
a 476 874 0 31 3
a 476 227 0 21 9
a 476 163 0 21 2
a 476 495 0 13 1
a 476 870 0 13 10
a 480 981 0 9 8
a 480 865 0 22 1
a 480 68 0 2 10
a 480 403 0 45 9
a 480 976 0 27 4
a 481 859 0 9 7
a 481 220 0 4 1
a 481 587 0 28 1
a 481 169 0 11 3
a 482 796 0 9 4
a 482 959 0 28 6
a 485 848 0 9 1
a 485 156 0 40 1
a 485 107 0 28 2
a 486 481 0 9 2
a 486 180 0 31 2
a 486 649 0 47 2
a 486 430 0 38 5
a 486 713 0 14 8
a 487 353 0 9 2
a 487 254 0 36 3
a 487 259 0 18 6
a 487 459 0 4 5
a 488 492 0 9 1
a 488 43 0 26 6
a 488 710 0 39 9
a 492 933 0 9 1
a 492 291 0 47 4
a 492 839 0 20 2
a 492 16 0 12 2
a 494 737 0 9 3
a 494 912 0 40 3
a 494 42 0 30 10
a 496 645 0 9 6
a 496 334 0 45 7
a 496 677 0 48 7
a 496 488 0 19 4
a 496 82 0 10 9
a 496 518 0 38 8
a 498 747 0 9 3
a 498 566 0 33 1
a 498 265 0 46 5
a 500 517 0 9 10
a 500 979 0 27 8
a 500 486 0 17 10
a 500 320 0 39 7
a 500 161 0 1 10
a 502 713 0 9 2
a 502 64 0 4 3
a 502 826 0 40 10
a 503 168 0 9 7
a 503 860 0 11 4
a 503 411 0 15 7
a 504 267 0 9 4
a 504 605 0 12 2
a 504 184 0 9 1
a 504 367 0 30 2
a 504 70 0 12 1
a 505 207 0 9 10
a 505 407 0 2 2
a 505 880 0 20 2
a 507 735 0 9 10
a 507 226 0 19 8
a 508 178 0 9 7
a 508 572 0 39 4
a 508 856 0 23 3
a 508 184 0 29 8
a 508 244 0 26 4
a 508 616 0 28 3
a 509 263 0 9 3
a 509 917 0 13 2
a 509 389 0 21 4
a 510 236 0 9 6
a 510 784 0 13 2
a 510 211 0 3 7
a 510 296 0 9 10
a 510 63 0 19 4
a 510 763 0 43 9
a 513 300 0 9 6
a 513 353 0 7 9
a 515 955 0 9 7
a 515 356 0 8 6
a 515 635 0 20 9
a 517 59 0 9 4
a 517 280 0 46 2
a 517 691 0 1 4
a 517 765 0 8 7
a 517 30 0 30 10
a 518 311 0 9 2
a 518 296 0 3 6
a 518 539 0 45 1
a 518 376 0 26 8
a 518 942 0 38 4
a 518 447 0 6 9
a 519 463 0 9 5
a 519 134 0 35 7
a 519 115 0 15 2
a 519 310 0 25 1
a 519 355 0 16 10
a 521 662 0 9 5
a 521 202 0 42 3
a 521 893 0 7 4
a 521 19 0 15 2
a 523 259 0 9 3
a 523 641 0 15 7
a 523 27 0 24 3
a 523 595 0 4 8
a 524 426 0 9 7
a 524 826 0 41 1
a 524 518 0 2 3
a 524 774 0 10 10
a 528 946 0 9 7
a 528 109 0 1 1
a 528 216 0 31 6
a 528 255 0 42 2
a 528 579 0 24 3
a 532 174 0 9 1
a 532 821 0 10 2
a 533 247 0 9 5
a 533 415 0 37 4
a 533 695 0 20 1
a 533 179 0 31 1
a 533 142 0 46 8
a 537 505 0 9 3
a 537 226 0 34 3
a 537 455 0 45 7
a 537 274 0 37 9
a 537 543 0 3 7
a 537 169 0 28 2
a 538 738 0 9 7
a 538 709 0 35 8
a 538 161 0 7 6
a 539 615 0 9 6
a 539 201 0 30 2
a 539 277 0 45 4
a 539 384 0 43 7
a 539 272 0 40 10
a 540 195 0 9 4
a 540 517 0 21 6
a 541 457 0 9 6
a 541 985 0 12 8
a 542 115 0 9 6
a 542 289 0 34 10
a 544 406 0 9 2
a 544 77 0 28 3
a 544 836 0 49 6
a 547 961 0 9 4
a 547 137 0 16 6
a 549 756 0 9 9
a 549 658 0 36 8
a 549 194 0 35 7
a 549 652 0 34 10
a 549 583 0 22 8
a 549 972 0 35 9
a 552 948 0 9 10
a 552 962 0 49 5
a 552 579 0 6 10
a 552 255 0 7 8
a 554 325 0 9 4
a 554 95 0 3 6
a 554 118 0 19 1
a 558 594 0 9 9
a 558 80 0 49 3
a 558 530 0 37 3
a 560 803 0 9 1
a 560 63 0 40 4
a 564 590 0 9 6
a 564 842 0 49 10
a 567 541 0 9 4
a 567 454 0 2 5
a 567 774 0 18 3
a 568 766 0 9 2
a 568 584 0 11 2
a 568 173 0 4 10
a 568 569 0 23 2
a 568 278 0 33 1
a 568 588 0 17 10
a 570 64 0 9 7
a 570 677 0 25 8
a 570 23 0 22 8
a 570 908 0 24 6
a 570 781 0 50 5
a 570 619 0 28 4
a 573 611 0 9 4
a 573 445 0 26 6
a 573 623 0 22 8
a 573 996 0 43 7
a 573 421 0 48 3
a 574 855 0 9 4
a 574 110 0 6 4
a 578 700 0 9 9
a 578 40 0 26 5
a 578 781 0 22 4
a 578 3 0 31 4
a 578 948 0 13 9
a 580 276 0 9 1
a 580 700 0 1 10
a 580 564 0 16 9
a 584 86 0 9 8
a 584 443 0 17 10
a 584 617 0 30 1
a 584 139 0 32 8
a 584 314 0 14 6
a 584 315 0 38 4
a 585 234 0 9 2
a 585 795 0 32 4
a 585 323 0 41 4
a 585 947 0 46 6
a 587 842 0 9 10
a 587 996 0 40 10
a 587 270 0 39 5
a 587 4 0 45 3
a 588 554 0 9 4
a 588 614 0 49 6
a 588 550 0 35 8
a 588 429 0 21 8
a 588 684 0 50 3
a 589 332 0 9 4
a 589 825 0 16 3
a 589 507 0 16 9
a 589 156 0 49 1
a 589 580 0 25 5
a 590 337 0 9 5
a 590 174 0 24 6
a 590 289 0 49 8
a 590 21 0 34 10
a 591 149 0 9 3
a 591 702 0 35 9
a 591 935 0 25 9
a 591 564 0 13 4
a 591 451 0 25 8
a 591 43 0 50 8
a 592 898 0 9 10
a 592 334 0 3 5
a 593 844 0 9 6
a 593 15 0 14 1
a 593 688 0 34 10
a 593 831 0 14 3
a 593 167 0 44 8
a 593 516 0 42 7
a 594 908 0 9 1
a 594 784 0 4 1
a 594 510 0 26 1
a 594 736 0 46 5
a 595 588 0 9 3
a 595 977 0 27 2
a 595 171 0 19 3
a 599 795 0 9 3
a 599 529 0 40 2
a 599 243 0 24 8
a 599 5 0 23 10
a 599 533 0 35 10
a 600 807 0 9 6
a 600 741 0 10 10
a 600 467 0 27 10
a 600 559 0 37 6
a 602 934 0 9 10
a 602 187 0 24 5
a 602 387 0 35 1
a 602 130 0 13 5
a 602 367 0 34 9
a 602 594 0 19 6
a 603 250 0 9 6
a 603 835 0 14 8
a 603 139 0 22 4
a 607 910 0 9 9
a 607 375 0 40 7
a 607 182 0 33 1
a 609 707 0 9 2
a 609 353 0 45 3
a 609 294 0 46 9
a 610 858 0 9 8
a 610 894 0 19 1
a 610 578 0 45 2
a 611 580 0 9 1
a 611 286 0 19 4
a 611 379 0 42 2
a 611 780 0 16 9
a 611 537 0 4 4
a 612 36 0 9 5
a 612 419 0 45 2
a 613 712 0 9 2
a 613 519 0 47 3
a 613 280 0 43 6
a 613 548 0 3 3
a 613 65 0 7 9
a 613 859 0 26 8
a 614 809 0 9 10
a 614 78 0 45 1
a 614 667 0 30 9
a 614 662 0 49 4
a 614 202 0 2 7
a 614 466 0 18 9
a 615 22 0 9 5
a 615 189 0 25 4
a 615 876 0 29 2
a 615 100 0 9 5
a 616 769 0 9 4
a 616 18 0 21 6
a 620 103 0 9 6
a 620 14 0 19 7
a 620 812 0 8 9
a 620 699 0 49 7
a 620 866 0 22 2
a 620 942 0 26 6
a 621 9 0 9 8
a 621 835 0 13 10
a 621 988 0 31 2
a 621 313 0 39 10
a 621 868 0 36 8
a 621 510 0 31 8
a 626 610 0 9 5
a 626 662 0 48 2
a 627 370 0 9 10
a 627 970 0 49 10
a 627 310 0 16 1
a 627 373 0 38 5
a 627 609 0 37 4
a 630 334 0 9 10
a 630 187 0 42 9
a 633 274 0 9 8
a 633 758 0 36 6
a 633 446 0 15 6
a 633 847 0 9 8
a 633 179 0 32 5
a 637 5 0 9 5
a 637 784 0 2 10
a 637 591 0 45 3
a 637 161 0 38 4
a 637 279 0 38 4
a 637 335 0 28 10
a 640 607 0 9 1
a 640 70 0 35 2
a 640 746 0 44 8
a 640 889 0 7 5
a 640 318 0 39 8
a 643 992 0 9 2
a 643 794 0 21 1
a 643 171 0 44 1
a 643 647 0 5 8
a 643 858 0 26 3
a 644 825 0 9 6
a 644 586 0 21 5
a 644 138 0 43 9
a 644 831 0 9 4
a 644 972 0 20 4
a 645 58 0 9 1
a 645 691 0 47 5
a 645 358 0 20 9
a 645 983 0 11 4
a 645 394 0 7 7
a 648 258 0 9 7
a 648 71 0 20 10
a 648 6 0 45 6
a 648 74 0 28 8
a 648 35 0 23 7
a 650 435 0 9 5
a 650 816 0 5 2
a 650 860 0 14 4
a 650 244 0 41 9
a 650 371 0 37 5
a 650 721 0 47 2
a 651 333 0 9 8
a 651 630 0 26 2
a 651 924 0 36 3
a 651 665 0 33 10
a 651 404 0 15 7
a 651 432 0 47 5
a 653 70 0 9 2
a 653 230 0 22 1
a 653 842 0 28 6
a 653 522 0 19 7
a 653 205 0 26 4
a 653 950 0 23 6
a 654 626 0 9 1
a 654 224 0 5 1
a 654 678 0 10 6
a 654 881 0 19 9
a 654 500 0 21 7
a 656 170 0 9 8
a 656 684 0 18 10
a 656 620 0 7 7
a 656 712 0 47 5
a 657 223 0 9 7
a 657 861 0 17 10
a 657 593 0 26 5
a 657 903 0 29 6
a 657 203 0 7 4
a 659 602 0 9 10
a 659 804 0 24 6
a 659 265 0 10 7
a 659 205 0 30 10
a 660 519 0 9 8
a 660 822 0 12 6
a 660 529 0 15 4
a 660 990 0 9 1
a 660 184 0 14 1
a 660 855 0 46 10
a 661 459 0 9 2
a 661 41 0 12 9
a 661 671 0 5 10
a 661 483 0 20 6
a 662 672 0 9 2
a 662 555 0 19 3
a 662 171 0 33 3
a 662 527 0 12 6
a 664 916 0 9 4
a 664 545 0 29 6
a 664 385 0 33 10
a 664 405 0 22 8
a 664 426 0 45 10
a 664 493 0 12 6
a 665 66 0 9 4
a 665 104 0 8 8
a 665 672 0 28 2
a 665 499 0 1 6
a 668 466 0 9 1
a 668 836 0 50 1
a 668 333 0 39 7
a 671 783 0 9 3
a 671 427 0 17 1
a 671 960 0 48 2
a 671 924 0 39 4
a 671 604 0 4 2
a 672 954 0 9 3
a 672 28 0 7 8
a 672 51 0 44 7
a 672 623 0 33 4
a 672 772 0 24 2
a 672 794 0 50 1
a 673 716 0 9 7
a 673 908 0 10 5
a 673 711 0 6 10
a 673 392 0 14 6
a 673 449 0 30 5
a 673 982 0 5 6
a 676 591 0 9 10
a 676 917 0 25 2
a 676 216 0 36 1
a 680 759 0 9 2
a 680 410 0 37 7
a 680 483 0 21 2
a 681 616 0 9 2
a 681 148 0 44 9
a 681 758 0 0 7
a 681 185 0 39 4
a 684 654 0 9 9
a 684 728 0 10 5
a 684 720 0 47 5
a 684 775 0 50 4
a 684 272 0 20 3
a 687 420 0 9 8
a 687 338 0 28 5
a 687 398 0 7 10
a 689 945 0 9 6
a 689 975 0 9 1
a 689 901 0 38 9
a 690 746 0 9 9
a 690 909 0 19 6
a 691 518 0 9 3
a 691 988 0 10 10
a 691 584 0 45 6
a 691 813 0 26 6
a 691 435 0 7 9
a 692 21 0 9 7
a 692 614 0 12 5
a 692 306 0 30 5
a 694 885 0 9 3
a 694 673 0 45 6
a 694 210 0 15 9
a 694 687 0 3 9
a 694 963 0 46 7
a 697 660 0 9 7
a 697 46 0 19 5
a 697 858 0 1 8
a 697 425 0 5 2
a 697 286 0 4 10
a 697 766 0 33 8
a 700 266 0 9 6
a 700 589 0 4 2
a 700 235 0 33 2
a 700 744 0 7 3
a 700 361 0 46 1
a 701 521 0 9 5
a 701 879 0 37 7
a 701 545 0 15 7
a 701 727 0 25 8
a 701 605 0 48 7
a 701 138 0 45 4
a 705 797 0 9 6
a 705 645 0 35 4
a 705 192 0 38 2
a 705 742 0 44 6
a 705 832 0 20 5
a 707 781 0 9 9
a 707 72 0 20 5
a 707 739 0 37 9
a 707 143 0 35 3
a 712 319 0 9 8
a 712 130 0 6 2
a 712 748 0 28 10
a 713 668 0 9 5
a 713 642 0 35 4
a 713 356 0 31 3
a 713 183 0 18 1
a 713 785 0 17 9
a 715 906 0 9 2
a 715 346 0 38 5
a 715 29 0 32 1
a 716 232 0 9 8
a 716 35 0 4 7
a 716 674 0 9 7
a 717 567 0 9 5
a 717 876 0 48 7
a 717 731 0 10 1
a 717 769 0 8 3
a 720 637 0 9 3
a 720 620 0 6 7
a 720 273 0 29 7
a 720 13 0 20 4
a 726 836 0 9 7
a 726 59 0 4 8
a 727 500 0 9 6
a 727 358 0 28 8
a 727 784 0 38 3
a 727 594 0 15 7
a 727 89 0 4 10
a 727 535 0 38 9
a 729 87 0 9 4
a 729 293 0 39 5
a 729 940 0 11 3
a 735 340 0 9 10
a 735 813 0 33 7
a 737 26 0 9 7
a 737 145 0 16 10
a 737 837 0 11 10
a 737 795 0 42 7
a 737 680 0 22 3
a 738 806 0 9 2
a 738 667 0 31 9
a 738 901 0 20 7
a 738 878 0 40 3
a 738 141 0 3 9
a 738 449 0 23 5
a 739 106 0 9 9
a 739 803 0 22 4
a 739 34 0 14 5
a 740 523 0 9 5
a 740 768 0 48 4
a 742 687 0 9 9
a 742 488 0 28 2
a 743 830 0 9 10
a 743 227 0 36 4
a 745 589 0 9 5
a 745 928 0 23 3
a 745 746 0 37 6
a 745 170 0 29 2
a 746 307 0 9 9
a 746 790 0 5 2
a 746 713 0 13 8
a 746 563 0 2 6
a 747 850 0 9 10
a 747 425 0 1 3
a 747 866 0 15 2
a 747 151 0 19 5
a 747 922 0 2 4
a 748 974 0 9 10
a 748 202 0 40 10
a 749 832 0 9 5
a 749 217 0 22 7
a 749 307 0 4 6
a 749 834 0 50 5
a 749 123 0 16 4
a 752 528 0 9 1
a 752 854 0 38 10
a 752 330 0 29 3
a 752 637 0 25 5
a 752 349 0 47 7
a 752 306 0 43 5
a 756 405 0 9 9
a 756 530 0 29 1
a 759 748 0 9 1
a 759 60 0 15 4
a 759 300 0 12 10
a 759 565 0 21 8
a 759 702 0 45 3
a 760 37 0 9 1
a 760 371 0 20 9
a 760 310 0 7 5
a 760 95 0 37 6
a 763 303 0 9 8
a 763 313 0 16 9
a 763 258 0 0 5
a 763 646 0 37 3
a 765 633 0 9 7
a 765 778 0 18 4
a 765 352 0 2 7
a 765 50 0 11 1
a 766 41 0 9 7
a 766 280 0 19 4
a 766 198 0 45 5
a 766 731 0 6 7
a 766 946 0 10 1
a 769 378 0 9 1
a 769 581 0 18 9
a 773 56 0 9 3
a 773 692 0 40 3
a 773 481 0 44 10
a 773 700 0 14 2
a 774 290 0 9 5
a 774 705 0 23 3
a 774 536 0 16 9
a 774 582 0 33 5
a 776 909 0 9 5
a 776 851 0 24 7
a 778 287 0 9 9
a 778 451 0 19 2
a 778 349 0 17 5
a 778 273 0 29 8
a 778 549 0 8 1
a 779 938 0 9 10
a 779 328 0 38 10
a 779 816 0 25 2
a 780 773 0 9 8
a 780 416 0 6 1
a 780 756 0 33 10
a 780 707 0 18 6
a 781 694 0 9 7
a 781 848 0 38 1
a 781 603 0 45 6
a 782 336 0 9 9
a 782 333 0 19 2
a 782 625 0 18 3
a 782 748 0 26 4
a 782 93 0 1 6
a 783 112 0 9 9
a 783 583 0 49 8
a 783 891 0 41 9
a 783 625 0 25 4
a 783 878 0 28 3
a 783 407 0 24 8
a 784 33 0 9 1
a 784 261 0 7 7
a 784 137 0 50 4
a 784 498 0 29 7
a 787 539 0 9 4
a 787 809 0 17 10
a 787 274 0 5 10
a 787 299 0 36 10
a 787 367 0 46 1
a 788 454 0 9 7
a 788 114 0 34 3
a 788 878 0 45 3
a 788 943 0 1 8
a 788 265 0 31 5
a 790 648 0 9 2
a 790 263 0 13 9
a 790 919 0 36 8
a 790 46 0 14 3
a 790 317 0 0 4
a 792 146 0 9 9
a 792 670 0 49 10
a 795 627 0 9 5
a 795 585 0 46 2
a 795 306 0 41 1
a 795 769 0 48 1
a 796 656 0 9 8
a 796 774 0 30 9
a 796 503 0 12 6
a 797 918 0 9 3
a 797 815 0 21 2
a 797 474 0 46 8
a 799 778 0 9 4
a 799 676 0 6 9
a 799 531 0 6 4
a 803 612 0 9 4
a 803 908 0 7 3
a 805 16 0 9 5
a 805 492 0 35 4
a 805 530 0 25 10
a 805 376 0 4 10
a 805 126 0 22 7
a 805 602 0 23 2
a 806 129 0 9 8
a 806 331 0 5 4
a 806 13 0 45 3
a 806 93 0 5 2
a 807 380 0 9 5
a 807 509 0 27 8
a 807 732 0 46 3
a 807 954 0 36 10
a 807 707 0 7 7
a 807 499 0 5 9
a 808 833 0 9 10
a 808 744 0 29 10
a 808 258 0 8 6
a 808 29 0 2 3
a 809 892 0 9 4
a 809 796 0 20 4
a 809 484 0 9 9
a 812 467 0 9 10
a 812 362 0 34 5
a 812 674 0 46 3
a 812 548 0 12 7
a 812 496 0 39 5
a 821 476 0 9 5
a 821 30 0 36 10
a 822 396 0 9 7
a 822 194 0 36 4
a 825 661 0 9 9
a 825 294 0 5 5
a 825 426 0 26 4
a 825 410 0 8 10
a 829 584 0 9 9
a 829 894 0 24 5
a 829 912 0 20 1
a 830 221 0 9 10
a 830 782 0 18 5
a 830 854 0 12 2
a 830 839 0 22 6
a 832 990 0 9 4
a 832 804 0 20 9
a 832 345 0 38 4
a 832 695 0 44 3
a 832 869 0 7 10
a 832 784 0 21 3
a 833 17 0 9 9
a 833 120 0 48 10
a 833 516 0 50 5
a 833 548 0 41 9
a 833 452 0 12 3
a 836 776 0 9 6
a 836 124 0 3 9
a 836 571 0 1 6
a 836 251 0 20 2
a 836 157 0 32 6
a 836 499 0 36 7
a 837 132 0 9 2
a 837 612 0 5 8
a 837 430 0 27 1
a 837 58 0 37 4
a 840 657 0 9 6
a 840 651 0 7 7
a 840 854 0 15 6
a 841 84 0 9 4
a 841 87 0 6 8
a 841 300 0 14 10
a 841 227 0 9 7
a 842 376 0 9 5
a 842 978 0 21 10
a 842 418 0 2 1
a 842 779 0 12 8
a 842 884 0 37 9
a 842 695 0 17 5
a 844 385 0 9 4
a 844 330 0 42 8
a 844 390 0 27 10
a 846 182 0 9 5
a 846 180 0 9 1
a 846 813 0 26 5
a 846 330 0 28 8
a 846 281 0 25 3
a 848 83 0 9 8
a 848 28 0 49 6
a 848 261 0 25 4
a 848 421 0 10 1
a 848 844 0 49 2
a 848 266 0 16 6
a 850 448 0 9 2
a 850 553 0 39 7
a 850 722 0 15 4
a 850 793 0 44 10
a 855 951 0 9 4
a 855 969 0 45 4
a 855 473 0 49 3
a 855 30 0 9 10
a 856 118 0 9 3
a 856 505 0 28 8
a 856 592 0 3 1
a 856 364 0 33 3
a 856 886 0 48 4
a 856 857 0 24 10
a 858 304 0 9 2
a 858 781 0 29 8
a 859 524 0 9 5
a 859 697 0 43 5
a 859 585 0 45 3
a 861 147 0 9 9
a 861 615 0 8 4
a 862 726 0 9 3
a 862 536 0 28 7
a 862 440 0 31 8
a 862 845 0 37 10
a 862 993 0 38 5
a 862 51 0 50 1
a 863 31 0 9 4
a 863 154 0 34 8
a 863 544 0 16 6
a 872 982 0 9 9
a 872 961 0 15 2
a 872 941 0 23 3
a 872 685 0 21 3
a 872 547 0 27 5
a 872 31 0 15 6
a 881 124 0 9 1
a 881 866 0 31 8
a 881 26 0 47 1
a 881 194 0 17 9
a 882 822 0 9 3
a 882 418 0 11 9
a 882 474 0 10 6
a 882 961 0 38 10
a 882 117 0 41 5
a 884 953 0 9 8
a 884 293 0 26 2
a 884 927 0 32 5
a 884 31 0 24 7
a 885 242 0 9 6
a 885 817 0 36 3
a 885 694 0 40 9
a 885 968 0 47 8
a 885 870 0 29 6
a 888 665 0 9 9
a 888 8 0 5 2
a 888 435 0 43 9
a 889 15 0 9 3
a 889 664 0 22 4
a 889 192 0 49 4
a 889 810 0 32 3
a 889 618 0 4 5
a 889 42 0 36 6
a 892 346 0 9 1
a 892 875 0 31 8
a 893 651 0 9 7
a 893 828 0 13 6
a 893 28 0 36 4
a 897 984 0 9 10
a 897 963 0 25 5
a 897 534 0 49 7
a 897 680 0 10 8
a 897 215 0 24 3
a 898 510 0 9 5
a 898 826 0 0 6
a 898 100 0 50 1
a 898 295 0 48 1
a 899 862 0 9 1
a 899 115 0 16 5
a 899 780 0 30 4
a 899 405 0 10 9
a 901 342 0 9 7
a 901 922 0 14 6
a 901 669 0 25 3
a 901 983 0 1 7
a 901 486 0 44 7
a 903 49 0 9 3
a 903 88 0 19 8
a 906 792 0 9 3
a 906 600 0 18 2
a 906 99 0 36 6
a 906 117 0 11 4
a 906 742 0 11 9
a 906 161 0 5 5
a 908 943 0 9 3
a 908 236 0 31 2
a 908 570 0 40 8
a 908 621 0 35 3
a 908 771 0 50 7
a 908 979 0 26 8
a 909 846 0 9 4
a 909 304 0 13 4
a 909 252 0 37 1
a 909 630 0 2 10
a 910 881 0 9 10
a 910 437 0 18 10
a 911 784 0 9 4
a 911 97 0 46 5
a 911 767 0 8 8
a 911 57 0 39 5
a 911 54 0 35 8
a 911 664 0 10 8
a 913 76 0 9 3
a 913 807 0 2 3
a 914 4 0 9 4
a 914 595 0 6 6
a 914 76 0 12 5
a 914 635 0 0 9
a 915 474 0 9 5
a 915 321 0 12 2
a 915 984 0 37 3
a 915 8 0 13 10
a 916 185 0 9 7
a 916 635 0 22 3
a 916 935 0 14 3
a 917 243 0 9 3
a 917 496 0 8 9
a 917 907 0 14 3
a 918 999 0 9 9
a 918 21 0 23 3
a 918 973 0 42 5
a 918 887 0 19 4
a 918 427 0 10 4
a 919 715 0 9 6
a 919 570 0 22 6
a 919 390 0 16 2
a 919 736 0 14 6
a 919 431 0 41 6
a 919 427 0 21 3
a 920 144 0 9 1
a 920 490 0 10 6
a 920 546 0 31 1
a 920 802 0 48 10
a 920 717 0 30 4
a 922 255 0 9 3
a 922 655 0 17 10
a 922 210 0 26 4
a 922 92 0 16 5
a 922 326 0 47 4
a 924 313 0 9 2
a 924 836 0 30 9
a 924 702 0 8 5
a 924 751 0 17 5
a 926 269 0 9 3
a 926 668 0 3 5
a 926 332 0 23 1
a 926 467 0 23 9
a 926 87 0 48 8
a 926 895 0 9 2
a 927 970 0 9 8
a 927 568 0 42 5
a 927 412 0 25 3
a 927 852 0 47 7
a 927 14 0 44 9
a 927 209 0 8 4
a 928 241 0 9 3
a 928 966 0 47 10
a 928 740 0 1 3
a 928 421 0 12 7
a 929 212 0 9 9
a 929 415 0 18 7
a 929 303 0 23 5
a 933 471 0 9 9
a 933 773 0 23 8
a 933 289 0 21 8
a 933 239 0 39 7
a 933 506 0 15 2
a 933 306 0 40 6
a 934 278 0 9 6
a 934 146 0 31 2
a 934 426 0 45 6
a 934 391 0 38 9
a 934 506 0 14 4
a 934 136 0 15 7
a 935 897 0 9 5
a 935 958 0 44 10
a 935 306 0 49 2
a 938 538 0 9 9
a 938 852 0 39 8
a 940 408 0 9 7
a 940 967 0 38 5
a 940 381 0 16 9
a 940 331 0 46 8
a 940 606 0 7 5
a 943 387 0 9 8
a 943 297 0 18 7
a 943 775 0 39 4
a 943 176 0 9 8
a 943 721 0 10 8
a 945 143 0 9 3
a 945 90 0 26 3
a 945 911 0 11 7
a 946 740 0 9 10
a 946 866 0 42 4
a 946 256 0 26 3
a 946 843 0 22 7
a 946 860 0 24 3
a 946 162 0 49 9
a 948 46 0 9 7
a 948 924 0 33 9
a 951 691 0 9 8
a 951 386 0 13 2
a 953 643 0 9 10
a 953 419 0 30 1
a 953 550 0 4 2
a 953 189 0 12 10
a 954 237 0 9 8
a 954 111 0 19 9
a 954 967 0 25 10
a 954 811 0 41 4
a 954 214 0 48 6
a 954 682 0 25 1
a 955 837 0 9 3
a 955 759 0 14 6
a 956 34 0 9 1
a 956 434 0 20 8
a 961 924 0 9 3
a 961 520 0 41 2
a 961 357 0 24 5
a 961 464 0 2 8
a 962 227 0 9 1
a 962 909 0 15 7
a 962 901 0 20 2
a 962 664 0 12 1
a 967 253 0 9 1
a 967 354 0 34 9
a 967 891 0 32 7
a 967 737 0 3 9
a 967 772 0 24 6
a 967 748 0 47 5
a 970 54 0 9 4
a 970 204 0 15 1
a 970 370 0 26 3
a 970 575 0 37 8
a 974 436 0 9 1
a 974 206 0 33 3
a 974 912 0 21 10
a 974 457 0 7 9
a 978 50 0 9 3
a 978 647 0 11 5
a 978 353 0 47 6
a 978 9 0 37 1
a 978 198 0 48 8
a 979 357 0 9 1
a 979 747 0 11 5
a 979 554 0 0 4
a 979 892 0 23 6
a 981 440 0 9 4
a 981 552 0 40 7
a 982 407 0 9 8
a 982 263 0 8 3
a 984 25 0 9 10
a 984 368 0 11 5
a 984 516 0 12 6
a 984 763 0 50 4
a 987 585 0 9 9
a 987 488 0 18 10
a 987 766 0 7 4
a 987 312 0 33 4
a 987 463 0 18 6
a 987 581 0 38 5
a 990 609 0 9 7
a 990 910 0 50 1
a 990 344 0 19 3
a 990 787 0 3 6
a 992 664 0 9 9
a 992 831 0 6 7
a 995 24 0 9 8
a 995 598 0 8 8
a 995 842 0 14 6
a 995 438 0 18 1
a 995 953 0 50 8
a 996 417 0 9 2
a 996 825 0 17 10
a 996 669 0 50 1
a 2 222 0 41 10
a 2 747 0 28 9
a 2 493 0 4 8
a 2 255 0 0 8
a 2 330 0 37 1
a 2 492 0 40 5
a 3 109 0 41 7
a 3 688 0 9 7
a 3 918 0 21 9
a 7 734 0 41 8
a 7 494 0 42 6
a 7 608 0 46 6
a 8 367 0 41 9
a 8 475 0 48 4
a 10 598 0 41 10
a 10 57 0 4 10
a 10 600 0 47 3
a 11 238 0 41 6
a 11 821 0 1 1
a 11 998 0 34 5
a 18 177 0 41 2
a 18 166 0 11 1
a 20 522 0 41 5
a 20 870 0 1 7
a 20 461 0 6 10
a 20 759 0 8 8
a 23 709 0 41 2
a 23 901 0 49 9
a 23 152 0 38 7
a 23 822 0 50 1
a 23 15 0 16 8
a 27 641 0 41 4
a 27 218 0 3 3
a 28 296 0 41 10
a 28 557 0 35 8
a 28 457 0 29 5
a 29 381 0 41 3
a 29 712 0 24 3
a 29 101 0 49 1
a 30 393 0 41 3
a 30 639 0 10 4
a 32 921 0 41 7
a 32 571 0 45 3
a 32 883 0 46 2
a 35 360 0 41 9
a 35 153 0 21 3
a 35 425 0 19 1
a 35 370 0 25 9
a 35 647 0 20 9
a 39 350 0 41 5
a 39 178 0 15 10
a 40 455 0 41 1
a 40 144 0 9 6
a 40 760 0 8 1
a 40 598 0 23 3
a 40 612 0 30 2
a 43 794 0 41 5
a 43 626 0 41 10
a 44 514 0 41 4
a 44 446 0 18 2
a 48 245 0 41 9
a 48 53 0 27 3
a 48 796 0 26 7
a 48 894 0 13 7
a 48 959 0 13 9
a 51 398 0 41 2
a 51 584 0 38 6
a 51 893 0 38 10
a 51 556 0 42 7
a 53 200 0 41 8
a 53 699 0 0 8
a 53 85 0 2 9
a 53 774 0 41 3
a 53 253 0 10 4
a 55 678 0 41 2
a 55 871 0 31 9
a 57 853 0 41 1
a 57 747 0 16 3
a 57 3 0 9 7
a 57 430 0 4 2
a 57 95 0 5 4
a 61 571 0 41 2
a 61 345 0 46 5
a 61 746 0 31 6
a 61 606 0 23 2
a 63 233 0 41 1
a 63 699 0 14 7
a 63 226 0 44 1
a 63 565 0 21 8
a 63 714 0 10 2
a 63 547 0 10 2
a 67 562 0 41 4
a 67 121 0 39 10
a 67 456 0 24 6
a 67 574 0 44 8
a 69 339 0 41 7
a 69 505 0 24 9
a 69 828 0 26 10
a 69 850 0 8 8
a 69 210 0 26 8
a 71 230 0 41 9
a 71 961 0 25 5
a 71 970 0 14 7
a 71 102 0 37 10
a 71 50 0 22 3
a 72 53 0 41 6
a 72 201 0 11 4
a 72 646 0 18 7
a 75 99 0 41 9
a 75 650 0 38 6
a 75 295 0 48 1
a 75 955 0 16 8
a 77 123 0 41 6
a 77 280 0 15 6
a 77 635 0 1 3
a 77 917 0 14 5
a 79 512 0 41 3
a 79 235 0 12 10
a 79 344 0 11 1
a 80 725 0 41 10
a 80 60 0 48 2
a 80 215 0 39 7
a 80 717 0 12 10
a 81 167 0 41 8
a 81 295 0 25 2
a 81 204 0 48 8
a 81 562 0 18 5
a 81 73 0 22 8
a 81 290 0 42 7
a 82 80 0 41 6
a 82 656 0 7 6
a 82 810 0 42 7
a 88 597 0 41 9
a 88 41 0 30 3
a 88 353 0 23 6
a 88 188 0 19 3
a 88 513 0 8 4
a 91 155 0 41 5
a 91 981 0 48 8
a 92 768 0 41 7
a 92 157 0 18 4
a 92 442 0 30 8
a 92 800 0 19 8
a 93 706 0 41 7
a 93 463 0 39 9
a 93 549 0 29 2
a 93 325 0 33 5
a 94 125 0 41 7
a 94 300 0 38 3
a 95 865 0 41 1
a 95 948 0 49 3
a 96 699 0 41 2
a 96 965 0 42 6
a 97 685 0 41 1
a 97 432 0 12 5
a 97 470 0 15 8
a 97 18 0 50 2
a 98 551 0 41 8
a 98 337 0 18 4
a 98 964 0 34 3
a 98 546 0 4 6
a 98 902 0 27 6
a 99 559 0 41 5
a 99 921 0 30 2
a 100 141 0 41 5
a 100 386 0 24 5
a 100 965 0 17 7
a 102 548 0 41 1
a 102 122 0 41 4
a 102 788 0 9 9
a 107 294 0 41 5
a 107 752 0 31 9
a 107 480 0 27 5
a 107 519 0 16 1
a 108 415 0 41 9
a 108 658 0 5 5
a 108 706 0 33 7
a 108 220 0 35 9
a 108 240 0 39 10
a 109 802 0 41 2
a 109 220 0 43 3
a 109 147 0 41 1
a 110 976 0 41 6
a 110 337 0 17 10
a 110 437 0 29 6
a 110 729 0 2 10
a 110 972 0 29 1
a 110 830 0 46 2
a 111 652 0 41 10
a 111 296 0 29 8
a 111 911 0 28 4
a 111 797 0 43 8
a 111 331 0 6 9
a 111 73 0 6 4
a 113 601 0 41 1
a 113 172 0 37 7
a 113 401 0 9 7
a 113 432 0 45 9
a 113 204 0 37 3
a 119 442 0 41 2
a 119 336 0 41 8
a 119 714 0 36 9
a 119 942 0 8 5
a 119 998 0 1 7
a 119 247 0 9 3
a 122 220 0 41 9
a 122 718 0 48 10
a 122 87 0 13 8
a 122 276 0 16 8
a 122 798 0 8 5
a 123 724 0 41 4
a 123 175 0 15 2
a 123 680 0 50 2
a 125 470 0 41 10
a 125 210 0 36 4
a 127 695 0 41 10
a 127 184 0 19 6
a 127 453 0 5 2
a 127 64 0 48 1
a 128 623 0 41 10
a 128 468 0 18 8
a 128 384 0 33 5
a 128 216 0 24 7
a 128 279 0 9 7
a 128 26 0 15 4
a 130 128 0 41 4
a 130 883 0 24 3
a 130 69 0 46 8
a 130 239 0 35 10
a 131 793 0 41 2
a 131 51 0 40 3
a 131 761 0 19 2
a 136 273 0 41 1
a 136 235 0 49 10
a 136 578 0 28 4
a 138 63 0 41 3
a 138 694 0 3 10
a 140 750 0 41 9
a 140 31 0 47 8
a 140 865 0 27 5
a 140 920 0 23 9
a 140 846 0 48 5
a 140 767 0 34 7
a 141 867 0 41 8
a 141 135 0 11 3
a 141 504 0 32 1
a 141 33 0 23 9
a 141 620 0 27 10
a 141 685 0 16 5
a 142 755 0 41 3
a 142 16 0 3 8
a 148 152 0 41 5
a 148 154 0 46 3
a 148 486 0 38 5
a 148 728 0 28 3
a 148 569 0 19 1
a 151 322 0 41 6
a 151 4 0 26 10
a 151 669 0 22 10
a 151 234 0 6 2
a 151 848 0 34 7
a 152 789 0 41 5
a 152 940 0 37 2
a 152 1000 0 8 5
a 154 176 0 41 10
a 154 733 0 0 9
a 154 174 0 19 3
a 154 311 0 39 4
a 155 179 0 41 1
a 155 173 0 8 5
a 155 666 0 30 10
a 155 266 0 2 2
a 155 723 0 30 9
a 157 677 0 41 10
a 157 503 0 8 3
a 157 485 0 15 6
a 162 196 0 41 3
a 162 784 0 33 10
a 162 934 0 25 1
a 163 465 0 41 7
a 163 444 0 2 6
a 163 67 0 42 4
a 163 829 0 16 9
a 166 416 0 41 9
a 166 236 0 32 7
a 166 215 0 34 4
a 167 877 0 41 1
a 167 867 0 11 8
a 167 457 0 23 4
a 167 362 0 21 1
a 167 319 0 16 9
a 171 813 0 41 3
a 171 432 0 13 1
a 171 570 0 23 2
a 171 584 0 0 9
a 172 414 0 41 4
a 172 384 0 47 3
a 172 187 0 25 1
a 172 540 0 36 2
a 172 422 0 1 4
a 175 96 0 41 4
a 175 118 0 39 5
a 176 997 0 41 5
a 176 518 0 7 8
a 176 575 0 10 10
a 176 456 0 41 4
a 177 389 0 41 7
a 177 97 0 17 6
a 177 979 0 42 4
a 177 338 0 19 4
a 177 694 0 30 7
a 177 697 0 7 10
a 179 136 0 41 8
a 179 704 0 22 8
a 179 235 0 46 7
a 179 594 0 0 2
a 179 97 0 21 2
a 179 167 0 41 9
a 181 754 0 41 8
a 181 217 0 36 10
a 181 428 0 18 4
a 181 207 0 49 10
a 183 758 0 41 6
a 183 151 0 43 8
a 183 446 0 1 9
a 183 917 0 31 2
a 183 380 0 9 7
a 187 798 0 41 6
a 187 789 0 45 6
a 187 479 0 21 9
a 187 946 0 21 2
a 189 816 0 41 10
a 189 820 0 22 9
a 189 652 0 35 7
a 189 164 0 33 6
a 189 127 0 14 1
a 189 986 0 2 4
a 192 166 0 41 6
a 192 484 0 49 1
a 192 979 0 45 1
a 192 515 0 27 10
a 192 572 0 25 10
a 192 95 0 47 6
a 193 349 0 41 1
a 193 445 0 50 2
a 194 281 0 41 2
a 194 355 0 29 10
a 194 626 0 22 1
a 196 456 0 41 8
a 196 110 0 22 10
a 196 975 0 47 1
a 197 111 0 41 10
a 197 984 0 12 8
a 197 756 0 48 3
a 198 93 0 41 10
a 198 340 0 9 4
a 198 683 0 50 8
a 198 269 0 34 3
a 198 448 0 48 10
a 198 723 0 2 7
a 200 458 0 41 4
a 200 68 0 50 6
a 200 697 0 28 10
a 200 975 0 34 8
a 200 251 0 22 1
a 200 779 0 43 8
a 201 372 0 41 7
a 201 245 0 6 2
a 203 198 0 41 5
a 203 777 0 36 9
a 203 820 0 0 4
a 203 428 0 6 1
a 206 497 0 41 3
a 206 451 0 45 10
a 206 114 0 36 10
a 206 77 0 44 8
a 206 204 0 35 6
a 206 95 0 39 5
a 209 703 0 41 6
a 209 230 0 50 7
a 209 73 0 45 10
a 210 606 0 41 1
a 210 426 0 23 6
a 210 911 0 45 1
a 211 767 0 41 3
a 211 250 0 22 4
a 213 39 0 41 1
a 213 818 0 31 9
a 220 98 0 41 7
a 220 645 0 40 9
a 220 590 0 25 7
a 222 354 0 41 7
a 222 416 0 21 1
a 224 203 0 41 8
a 224 128 0 35 9
a 224 221 0 2 6
a 224 170 0 1 1
a 224 117 0 29 8
a 224 636 0 49 3
a 225 61 0 41 7
a 225 721 0 2 2
a 225 669 0 14 2
a 226 631 0 41 3
a 226 426 0 41 10
a 226 89 0 16 3
a 226 474 0 42 9
a 228 801 0 41 6
a 228 296 0 30 2
a 228 553 0 21 4
a 229 639 0 41 7
a 229 443 0 19 8
a 229 913 0 36 4
a 229 901 0 34 3
a 229 932 0 50 5
a 229 281 0 6 2
a 230 484 0 41 9
a 230 911 0 47 9
a 230 197 0 7 9
a 230 920 0 46 2
a 233 679 0 41 1
a 233 714 0 24 8
a 233 31 0 26 10
a 233 573 0 27 8
a 233 440 0 19 10
a 235 879 0 41 1
a 235 851 0 33 2
a 235 667 0 48 9
a 235 746 0 35 5
a 235 911 0 35 9
a 235 971 0 3 3
a 238 818 0 41 8
a 238 756 0 13 7
a 238 832 0 49 10
a 238 583 0 50 7
a 238 418 0 14 5
a 238 948 0 45 7
a 239 638 0 41 7
a 239 488 0 47 6
a 239 305 0 0 1
a 239 793 0 48 9
a 239 259 0 24 9
a 244 209 0 41 1
a 244 293 0 5 3
a 244 161 0 31 2
a 244 483 0 12 1
a 244 112 0 14 1
a 245 764 0 41 5
a 245 665 0 15 6
a 245 914 0 43 5
a 245 771 0 41 6
a 246 244 0 41 4
a 246 355 0 42 2
a 246 517 0 27 1
a 246 54 0 31 9
a 246 328 0 42 7
a 248 857 0 41 10
a 248 506 0 46 8
a 248 318 0 26 7
a 248 377 0 13 3
a 249 363 0 41 8
a 249 456 0 32 8
a 249 810 0 5 7
a 249 90 0 13 10
a 254 44 0 41 5
a 254 438 0 11 6
a 254 137 0 41 7
a 254 433 0 5 2
a 254 339 0 29 6
a 256 369 0 41 8
a 256 901 0 40 2
a 257 451 0 41 4
a 257 413 0 28 3
a 257 364 0 9 1
a 257 421 0 36 4
a 257 712 0 25 4
a 257 966 0 9 5
a 260 883 0 41 5
a 260 648 0 13 7
a 261 224 0 41 9
a 261 325 0 17 1
a 261 270 0 6 4
a 261 336 0 5 3
a 261 460 0 2 5
a 262 344 0 41 7
a 262 236 0 37 3
a 262 992 0 19 6
a 262 150 0 47 4
a 262 11 0 35 6
a 262 558 0 24 2
a 264 7 0 41 1
a 264 307 0 49 6
a 264 521 0 30 2
a 264 21 0 16 8
a 264 210 0 0 5
a 264 367 0 20 8
a 265 608 0 41 7
a 265 263 0 3 3
a 265 599 0 5 2
a 265 358 0 26 3
a 265 837 0 19 2
a 265 353 0 30 4
a 270 82 0 41 5
a 270 670 0 10 6
a 270 39 0 23 5
a 270 700 0 32 8
a 270 403 0 39 1
a 271 421 0 41 2
a 271 484 0 21 5
a 271 676 0 29 5
a 271 513 0 11 9
a 271 424 0 3 10
a 271 419 0 3 7
a 273 43 0 41 6
a 273 974 0 25 3
a 275 343 0 41 2
a 275 782 0 25 4
a 275 454 0 50 2
a 275 561 0 18 1
a 280 32 0 41 8
a 280 102 0 17 10
a 281 986 0 41 3
a 281 473 0 14 9
a 281 404 0 35 10
a 282 194 0 41 10
a 282 978 0 1 3
a 282 614 0 23 4
a 282 124 0 38 9
a 286 77 0 41 1
a 286 905 0 13 8
a 286 513 0 21 8
a 286 747 0 4 8
a 286 38 0 4 8
a 288 958 0 41 4
a 288 831 0 17 2
a 288 501 0 46 9
a 288 876 0 44 1
a 288 992 0 0 5
a 288 55 0 38 10
a 289 175 0 41 7
a 289 731 0 38 5
a 289 352 0 43 1
a 289 328 0 48 2
a 289 69 0 46 1
a 291 81 0 41 6
a 291 340 0 22 7
a 291 864 0 46 4
a 291 611 0 15 3
a 292 88 0 41 3
a 292 707 0 18 1
a 292 92 0 41 9
a 293 437 0 41 3
a 293 907 0 22 4
a 293 619 0 16 2
a 293 64 0 9 9
a 293 300 0 32 1
a 294 718 0 41 7
a 294 267 0 24 7
a 294 4 0 44 5
a 294 806 0 5 9
a 296 163 0 41 7
a 296 751 0 12 5
a 296 472 0 24 8
a 296 861 0 44 2
a 296 150 0 47 5
a 297 635 0 41 7
a 297 991 0 40 10
a 297 951 0 1 2
a 297 791 0 2 8
a 297 233 0 8 3
a 297 663 0 0 1
a 298 359 0 41 9
a 298 392 0 18 6
a 298 847 0 5 8
a 298 593 0 29 3
a 301 286 0 41 10
a 301 989 0 38 10
a 301 657 0 44 5
a 302 575 0 41 6
a 302 264 0 48 3
a 302 105 0 49 9
a 302 117 0 21 9
a 302 477 0 4 3
a 306 632 0 41 2
a 306 923 0 43 2
a 306 308 0 40 1
a 308 947 0 41 2
a 308 819 0 4 1
a 308 500 0 50 3
a 308 535 0 21 6
a 308 110 0 22 1
a 309 744 0 41 8
a 309 83 0 5 5
a 317 172 0 41 6
a 317 392 0 12 6
a 320 543 0 41 1
a 320 68 0 16 6
a 321 810 0 41 5
a 321 537 0 37 7
a 321 73 0 11 9
a 322 403 0 41 8
a 322 501 0 34 6
a 323 228 0 41 8
a 323 578 0 44 1
a 323 94 0 7 10
a 323 579 0 8 10
a 323 570 0 37 4
a 323 602 0 39 8
a 324 686 0 41 1
a 324 72 0 9 4
a 324 353 0 11 1
a 324 629 0 2 5
a 324 950 0 28 2
a 326 617 0 41 2
a 326 136 0 2 2
a 326 994 0 29 8
a 326 760 0 26 2
a 326 114 0 14 7
a 328 306 0 41 2
a 328 692 0 38 10
a 328 484 0 30 9
a 328 123 0 36 1
a 328 856 0 32 6
a 339 483 0 41 7
a 339 623 0 49 7
a 339 352 0 49 1
a 339 166 0 19 7
a 341 297 0 41 6
a 341 613 0 8 10
a 341 154 0 31 5
a 341 865 0 16 8
a 341 39 0 22 6
a 341 43 0 15 4
a 343 937 0 41 3
a 343 918 0 0 5
a 343 532 0 47 6
a 343 253 0 30 2
a 343 816 0 2 5
a 344 546 0 41 2
a 344 176 0 32 2
a 344 117 0 45 6
a 344 836 0 32 7
a 345 493 0 41 7
a 345 93 0 38 2
a 345 384 0 50 9
a 345 949 0 44 2
a 345 964 0 49 3
a 345 582 0 30 10
a 348 605 0 41 8
a 348 292 0 31 7
a 348 477 0 47 6
a 348 765 0 16 1
a 349 501 0 41 10
a 349 165 0 6 1
a 349 846 0 47 8
a 349 760 0 0 4
a 349 955 0 21 10
a 350 949 0 41 2
a 350 423 0 23 2
a 350 638 0 35 6
a 354 835 0 41 5
a 354 729 0 6 8
a 354 365 0 27 4
a 355 566 0 41 2
a 355 174 0 14 1
a 355 273 0 14 4
a 355 257 0 23 8
a 355 319 0 11 10
a 356 762 0 41 7
a 356 470 0 20 8
a 358 288 0 41 2
a 358 31 0 18 1
a 358 68 0 7 4
a 358 238 0 30 3
a 359 655 0 41 9
a 359 699 0 37 8
a 359 500 0 1 1
a 359 330 0 36 1
a 359 235 0 6 1
a 360 751 0 41 5
a 360 94 0 40 7
a 360 20 0 48 2
a 360 415 0 43 5
a 360 406 0 8 6
a 362 845 0 41 4
a 362 62 0 14 3
a 362 132 0 47 1
a 363 989 0 41 8
a 363 856 0 14 2
a 365 819 0 41 2
a 365 97 0 3 9
a 365 194 0 46 8
a 365 836 0 17 5
a 365 533 0 26 3
a 366 11 0 41 3
a 366 549 0 9 5
a 366 493 0 44 6
a 366 929 0 33 9
a 366 817 0 22 5
a 367 127 0 41 9
a 367 352 0 1 3
a 367 485 0 35 10
a 368 925 0 41 10
a 368 374 0 6 4
a 368 563 0 38 1
a 368 110 0 31 7
a 368 596 0 13 7
a 368 528 0 0 3
a 369 619 0 41 6
a 369 876 0 14 3
a 369 425 0 36 2
a 369 1000 0 34 9
a 369 961 0 44 5
a 371 582 0 41 4
a 371 728 0 9 9
a 371 620 0 42 10
a 372 229 0 41 10
a 372 920 0 29 3
a 373 1000 0 41 3
a 373 616 0 41 6
a 373 246 0 11 8
a 373 774 0 26 6
a 375 864 0 41 4
a 375 676 0 41 9
a 375 782 0 24 1
a 375 442 0 34 5
a 375 112 0 7 10
a 375 822 0 15 5
a 377 280 0 41 9
a 377 861 0 37 7
a 377 977 0 44 1
a 377 439 0 44 6
a 379 298 0 41 2
a 379 199 0 37 9
a 379 789 0 25 3
a 379 536 0 44 6
a 381 427 0 41 5
a 381 102 0 39 10
a 381 818 0 26 4
a 381 295 0 34 2
a 381 688 0 18 3
a 381 91 0 26 10
a 382 20 0 41 8
a 382 978 0 9 7
a 382 509 0 4 4
a 382 435 0 24 4
a 382 241 0 12 7
a 382 513 0 22 10
a 383 723 0 41 3
a 383 563 0 9 3
a 383 606 0 5 3
a 383 531 0 20 2
a 383 979 0 36 4
a 383 106 0 19 8
a 386 69 0 41 6
a 386 761 0 30 8
a 386 33 0 45 6
a 386 857 0 49 6
a 386 479 0 20 8
a 389 791 0 41 8
a 389 951 0 34 8
a 389 366 0 34 6
a 389 32 0 13 3
a 389 935 0 23 8
a 389 842 0 28 6
a 390 424 0 41 6
a 390 389 0 27 5
a 390 808 0 24 3
a 390 468 0 3 6
a 393 971 0 41 6
a 393 838 0 38 5
a 393 769 0 7 10
a 394 309 0 41 5
a 394 326 0 33 6
a 394 258 0 24 7
a 394 851 0 28 7
a 394 209 0 17 3
a 395 394 0 41 2
a 395 28 0 11 9
a 395 698 0 14 6
a 395 871 0 42 10
a 395 343 0 16 4
a 395 83 0 5 6
a 398 642 0 41 6
a 398 438 0 4 3
a 398 497 0 28 7
a 398 112 0 38 5
a 401 382 0 41 10
a 401 949 0 11 10
a 402 572 0 41 5
a 402 611 0 19 6
a 402 503 0 35 10
a 402 384 0 29 10
a 402 185 0 16 5
a 402 662 0 47 10
a 403 142 0 41 3
a 403 897 0 4 3
a 404 604 0 41 10
a 404 223 0 25 7
a 404 690 0 46 5
a 409 988 0 41 8
a 409 894 0 39 8
a 409 654 0 15 3
a 410 157 0 41 4
a 410 603 0 42 10
a 410 15 0 29 2
a 410 175 0 6 2
a 411 499 0 41 6
a 411 558 0 34 10
a 412 48 0 41 5
a 412 509 0 48 8
a 412 741 0 39 1
a 414 969 0 41 4
a 414 643 0 39 7
a 414 187 0 39 8
a 414 8 0 44 3
a 414 480 0 22 2
a 414 373 0 37 8
a 415 438 0 41 7
a 415 650 0 9 5
a 415 632 0 36 6
a 415 343 0 13 9
a 415 305 0 28 8
a 415 251 0 44 4
a 416 843 0 41 3
a 416 437 0 4 2
a 421 270 0 41 1
a 421 375 0 27 5
a 424 110 0 41 6
a 424 30 0 44 7
a 424 519 0 40 10
a 424 745 0 40 7
a 424 719 0 27 2
a 424 238 0 43 6
a 425 826 0 41 8
a 425 193 0 30 5
a 425 525 0 4 4
a 425 626 0 14 7
a 425 132 0 23 2
a 427 622 0 41 1
a 427 562 0 1 5
a 429 489 0 41 1
a 429 988 0 45 1
a 429 123 0 28 2
a 430 495 0 41 5
a 430 69 0 23 6
a 430 468 0 7 7
a 430 469 0 27 2
a 430 315 0 30 5
a 432 27 0 41 5
a 432 412 0 25 5
a 432 268 0 24 2
a 434 282 0 41 8
a 434 470 0 30 8
a 434 351 0 44 10
a 437 181 0 41 7
a 437 23 0 37 9
a 437 830 0 13 5
a 437 372 0 11 2
a 437 713 0 31 8
a 437 218 0 38 1
a 438 757 0 41 3
a 438 312 0 42 2
a 441 731 0 41 3
a 441 605 0 23 3
a 441 925 0 16 6
a 441 915 0 49 4
a 441 278 0 43 10
a 442 636 0 41 7
a 442 80 0 5 6
a 442 951 0 37 5
a 444 140 0 41 3
a 444 97 0 48 3
a 444 125 0 45 10
a 444 347 0 30 8
a 444 838 0 26 5
a 445 866 0 41 3
a 445 280 0 8 3
a 445 198 0 50 10
a 446 211 0 41 8
a 446 330 0 13 8
a 446 688 0 11 4
a 446 960 0 43 10
a 446 594 0 42 10
a 451 952 0 41 2
a 451 556 0 42 3
a 451 755 0 34 3
a 453 401 0 41 2
a 453 523 0 2 1
a 453 597 0 7 5
a 453 534 0 0 8
a 453 858 0 49 1
a 453 683 0 13 1
a 455 249 0 41 7
a 455 205 0 8 2
a 456 838 0 41 7
a 456 84 0 49 7
a 456 32 0 25 4
a 456 113 0 16 10
a 456 49 0 43 4
a 456 689 0 12 4
a 458 577 0 41 6
a 458 645 0 42 6
a 458 585 0 18 1
a 458 578 0 30 6
a 461 94 0 41 10
a 461 989 0 4 5
a 461 318 0 5 9
a 461 780 0 30 8
a 464 785 0 41 10
a 464 265 0 21 3
a 464 334 0 25 2
a 464 792 0 10 9
a 464 837 0 14 1
a 465 876 0 41 3
a 465 477 0 27 4
a 465 67 0 2 9
a 465 414 0 11 6
a 465 107 0 36 1
a 468 907 0 41 10
a 468 328 0 0 5
a 468 538 0 39 2
a 468 352 0 14 3
a 468 102 0 29 2
a 468 29 0 27 6
a 469 628 0 41 1
a 469 45 0 39 7
a 469 742 0 31 7
a 469 839 0 18 7
a 469 446 0 11 2
a 470 820 0 41 9
a 470 381 0 8 4
a 470 150 0 25 3
a 470 493 0 37 2
a 470 602 0 41 6
a 472 900 0 41 9
a 472 63 0 23 8
a 472 710 0 11 6
a 472 639 0 21 9
a 472 609 0 27 4
a 475 646 0 41 2
a 475 201 0 1 8
a 475 359 0 14 10
a 475 39 0 0 7
a 475 986 0 19 6
a 475 431 0 20 1
a 477 966 0 41 2
a 477 135 0 5 3
a 478 902 0 41 3
a 478 965 0 47 9
a 478 123 0 3 10
a 478 202 0 28 3
a 479 983 0 41 6
a 479 425 0 1 9
a 479 824 0 15 5
a 479 511 0 34 5
a 479 911 0 21 8
a 483 965 0 41 10
a 483 850 0 26 5
a 483 34 0 1 3
a 483 567 0 47 5
a 484 823 0 41 7
a 484 857 0 16 5
a 484 872 0 44 9
a 484 649 0 45 10
a 489 963 0 41 6
a 489 435 0 30 2
a 489 331 0 26 10
a 489 436 0 42 2
a 489 781 0 30 9
a 489 465 0 25 1
a 490 108 0 41 2
a 490 740 0 1 1
a 490 158 0 6 10
a 491 534 0 41 1
a 491 515 0 36 3
a 493 852 0 41 5
a 493 125 0 50 6
a 493 998 0 18 5
a 495 817 0 41 4
a 495 869 0 15 5
a 495 215 0 14 2
a 495 766 0 22 2
a 497 834 0 41 8
a 497 458 0 36 5
a 497 24 0 17 3
a 497 682 0 34 9
a 497 112 0 37 4
a 499 183 0 41 1
a 499 71 0 1 6
a 501 670 0 41 5
a 501 55 0 44 10
a 501 970 0 10 2
a 501 29 0 50 8
a 506 975 0 41 2
a 506 162 0 12 5
a 506 139 0 1 3
a 506 287 0 2 9
a 506 382 0 10 10
a 506 289 0 46 4
a 511 526 0 41 9
a 511 607 0 28 7
a 511 12 0 36 2
a 511 824 0 42 4
a 511 316 0 12 1
a 512 445 0 41 10
a 512 812 0 18 8
a 512 737 0 29 1
a 512 553 0 47 8
a 514 23 0 41 5
a 514 1000 0 22 8
a 516 860 0 41 4
a 516 963 0 45 6
a 516 191 0 33 8
a 516 676 0 49 4
a 516 125 0 26 4
a 520 371 0 41 2
a 520 461 0 23 7
a 520 951 0 47 7
a 522 753 0 41 2
a 522 514 0 45 10
a 522 736 0 26 4
a 522 339 0 24 7
a 522 689 0 46 6
a 525 248 0 41 1
a 525 252 0 45 10
a 525 587 0 1 10
a 525 717 0 45 3
a 525 986 0 9 3
a 526 213 0 41 1
a 526 193 0 24 6
a 526 630 0 45 3
a 526 780 0 46 8
a 527 708 0 41 1
a 527 658 0 36 2
a 527 995 0 18 4
a 527 338 0 50 9
a 527 592 0 33 9
a 529 154 0 41 7
a 529 404 0 23 3
a 530 569 0 41 10
a 530 167 0 47 4
a 530 17 0 28 3
a 530 843 0 28 4
a 531 341 0 41 1
a 531 851 0 6 8
a 531 639 0 31 6
a 531 837 0 23 2
a 531 738 0 35 5
a 531 799 0 30 5
a 534 410 0 41 2
a 534 842 0 34 2
a 534 309 0 31 7
a 535 688 0 41 7
a 535 548 0 13 10
a 535 171 0 6 3
a 535 154 0 25 6
a 536 932 0 41 6
a 536 323 0 34 8
a 536 851 0 31 4
a 543 980 0 41 7
a 543 690 0 23 1
a 543 378 0 33 9
a 543 55 0 32 8
a 545 973 0 41 3
a 545 787 0 42 1
a 545 645 0 9 1
a 546 550 0 41 5
a 546 28 0 32 2
a 546 409 0 7 4
a 548 761 0 41 2
a 548 325 0 39 6
a 548 175 0 33 4
a 548 964 0 10 2
a 548 496 0 34 8
a 550 579 0 41 9
a 550 97 0 30 7
a 550 270 0 45 3
a 550 637 0 7 2
a 550 128 0 23 5
a 550 548 0 47 2
a 551 786 0 41 8
a 551 785 0 20 3
a 551 197 0 40 10
a 553 358 0 41 7
a 553 905 0 39 3
a 553 575 0 38 5
a 553 448 0 31 5
a 555 674 0 41 7
a 555 926 0 37 10
a 555 202 0 32 6
a 556 873 0 41 10
a 556 770 0 19 9
a 556 227 0 45 1
a 556 267 0 29 1
a 557 8 0 41 7
a 557 981 0 0 4
a 557 518 0 43 8
a 557 694 0 17 3
a 559 92 0 41 5
a 559 604 0 34 4
a 559 103 0 25 10
a 559 352 0 43 5
a 559 455 0 29 4
a 561 874 0 41 7
a 561 632 0 13 4
a 561 644 0 31 3
a 562 373 0 41 10
a 562 139 0 2 5
a 562 580 0 32 6
a 563 265 0 41 2
a 563 297 0 18 7
a 563 366 0 18 5
a 563 755 0 3 7
a 565 377 0 41 9
a 565 370 0 1 2
a 565 726 0 4 9
a 565 945 0 44 6
a 566 629 0 41 9
a 566 105 0 6 6
a 566 197 0 25 1
a 569 292 0 41 2
a 569 400 0 37 6
a 569 796 0 49 4
a 569 75 0 6 10
a 569 506 0 40 6
a 569 860 0 20 4
a 571 576 0 41 2
a 571 414 0 40 3
a 571 139 0 40 6
a 571 737 0 50 2
a 571 854 0 50 4
a 571 135 0 41 5
a 572 871 0 41 6
a 572 967 0 31 2
a 572 188 0 0 4
a 572 900 0 30 5
a 572 530 0 15 10
a 572 477 0 24 2
a 575 991 0 41 5
a 575 102 0 30 6
a 576 75 0 41 2
a 576 356 0 32 9
a 577 411 0 41 4
a 577 406 0 25 1
a 577 80 0 43 4
a 577 334 0 38 9
a 577 141 0 40 2
a 579 28 0 41 5
a 579 927 0 14 9
a 579 734 0 43 1
a 579 761 0 16 10
a 581 923 0 41 4
a 581 931 0 36 1
a 582 777 0 41 8
a 582 333 0 16 4
a 582 584 0 3 8
a 583 289 0 41 9
a 583 215 0 6 4
a 583 869 0 8 2
a 583 873 0 6 5
a 583 970 0 23 6
a 586 624 0 41 1
a 586 999 0 24 6
a 586 56 0 36 7
a 586 234 0 49 9
a 586 96 0 11 7
a 586 672 0 7 9
a 596 171 0 41 6
a 596 72 0 2 9
a 596 903 0 44 8
a 596 40 0 6 10
a 597 890 0 41 10
a 597 975 0 41 3
a 597 649 0 43 2
a 598 875 0 41 10
a 598 171 0 4 5
a 598 882 0 35 4
a 598 641 0 33 9
a 601 891 0 41 3
a 601 111 0 41 6
a 604 561 0 41 1
a 604 423 0 47 8
a 604 200 0 19 7
a 604 792 0 2 5
a 604 168 0 22 4
a 605 383 0 41 5
a 605 290 0 38 6
a 605 553 0 4 8
a 605 945 0 29 8
a 605 576 0 45 8
a 606 896 0 41 7
a 606 605 0 25 8
a 606 147 0 4 8
a 606 865 0 10 7
a 606 41 0 19 5
a 606 211 0 35 2
a 608 404 0 41 3
a 608 263 0 31 8
a 617 254 0 41 9
a 617 757 0 16 3
a 617 398 0 22 10
a 617 272 0 39 10
a 618 210 0 41 7
a 618 682 0 48 8
a 618 95 0 33 5
a 619 130 0 41 4
a 619 845 0 9 4
a 619 370 0 50 4
a 622 107 0 41 1
a 622 429 0 48 8
a 622 378 0 31 9
a 623 828 0 41 3
a 623 798 0 32 9
a 623 343 0 28 10
a 623 50 0 44 5
a 623 800 0 36 6
a 624 102 0 41 3
a 624 367 0 16 10
a 624 224 0 7 5
a 624 755 0 49 8
a 624 556 0 1 7
a 625 444 0 41 2
a 625 381 0 3 4
a 628 30 0 41 1
a 628 483 0 23 8
a 628 133 0 33 8
a 628 661 0 5 7
a 628 229 0 19 1
a 628 228 0 37 1
a 629 432 0 41 5
a 629 375 0 29 10
a 631 711 0 41 10
a 631 114 0 50 2
a 632 557 0 41 2
a 632 345 0 23 5
a 632 678 0 38 8
a 634 972 0 41 6
a 634 996 0 11 1
a 634 661 0 39 7
a 635 324 0 41 2
a 635 288 0 37 5
a 635 449 0 35 10
a 635 57 0 12 8
a 635 141 0 35 7
a 636 649 0 41 2
a 636 532 0 39 1
a 636 421 0 12 5
a 638 72 0 41 6
a 638 40 0 11 3
a 638 482 0 33 5
a 639 930 0 41 2
a 639 16 0 38 3
a 639 356 0 26 10
a 639 38 0 46 9
a 639 239 0 34 3
a 639 885 0 50 1
a 641 345 0 41 7
a 641 994 0 42 8
a 641 261 0 40 2
a 641 163 0 41 2
a 642 531 0 41 10
a 642 545 0 47 2
a 642 807 0 5 9
a 646 472 0 41 6
a 646 695 0 26 7
a 646 643 0 27 1
a 646 903 0 47 3
a 646 630 0 24 8
a 646 190 0 26 5
a 647 733 0 41 2
a 647 320 0 1 1
a 647 600 0 21 10
a 649 301 0 41 7
a 649 688 0 8 7
a 649 248 0 45 4
a 649 710 0 40 6
a 652 365 0 41 7
a 652 963 0 18 9
a 652 218 0 44 6
a 652 715 0 48 10
a 652 176 0 12 9
a 652 69 0 6 10
a 655 964 0 41 2
a 655 901 0 22 10
a 655 17 0 8 3
a 655 775 0 17 10
a 655 105 0 24 10
a 655 568 0 31 5
a 658 960 0 41 9
a 658 884 0 21 8
a 658 89 0 9 3
a 658 243 0 17 1
a 663 941 0 41 1
a 663 140 0 16 9
a 663 681 0 31 6
a 666 464 0 41 3
a 666 246 0 18 1
a 666 128 0 21 4
a 666 659 0 50 3
a 666 758 0 42 7
a 666 274 0 21 9
a 667 100 0 41 10
a 667 341 0 25 1
a 669 596 0 41 2
a 669 871 0 45 8
a 670 535 0 41 2
a 670 226 0 20 5
a 670 946 0 34 7
a 670 645 0 20 6
a 674 18 0 41 9
a 674 340 0 27 4
a 674 186 0 0 6
a 675 226 0 41 1
a 675 628 0 29 10
a 675 268 0 11 4
a 675 311 0 15 10
a 675 844 0 0 7
a 677 131 0 41 6
a 677 904 0 30 4
a 677 205 0 17 10
a 677 43 0 46 5
a 677 805 0 21 3
a 678 944 0 41 8
a 678 530 0 12 2
a 678 739 0 34 8
a 679 57 0 41 3
a 679 323 0 48 4
a 679 634 0 39 10
a 679 446 0 46 9
a 679 638 0 46 10
a 679 343 0 2 1
a 682 775 0 41 4
a 682 766 0 43 2
a 683 293 0 41 7
a 683 982 0 2 10
a 683 914 0 2 10
a 683 568 0 31 10
a 683 604 0 45 9
a 683 21 0 34 1
a 685 390 0 41 3
a 685 538 0 37 4
a 686 704 0 41 1
a 686 712 0 33 8
a 686 863 0 28 7
a 688 894 0 41 2
a 688 992 0 23 6
a 693 814 0 41 8
a 693 621 0 31 6
a 693 659 0 8 8
a 693 808 0 32 8
a 693 24 0 23 4
a 695 698 0 41 9
a 695 676 0 22 5
a 695 56 0 27 8
a 695 688 0 47 7
a 695 150 0 14 5
a 695 734 0 34 1
a 696 895 0 41 8
a 696 409 0 29 7
a 696 843 0 44 9
a 696 483 0 6 4
a 698 693 0 41 1
a 698 366 0 47 1
a 698 23 0 47 3
a 698 640 0 37 10
a 699 714 0 41 4
a 699 991 0 43 10
a 699 635 0 47 10
a 699 959 0 1 1
a 702 412 0 41 10
a 702 193 0 22 10
a 702 68 0 33 3
a 702 434 0 44 3
a 702 201 0 34 1
a 703 10 0 41 6
a 703 556 0 13 9
a 703 597 0 9 8
a 703 756 0 2 10
a 704 666 0 41 2
a 704 489 0 5 8
a 704 478 0 29 6
a 706 905 0 41 5
a 706 147 0 6 3
a 706 743 0 48 4
a 708 189 0 41 10
a 708 421 0 38 1
a 708 353 0 9 10
a 708 794 0 0 5
a 708 549 0 42 5
a 709 317 0 41 8
a 709 106 0 3 2
a 709 987 0 44 4
a 709 13 0 21 7
a 709 798 0 48 1
a 710 555 0 41 9
a 710 473 0 3 3
a 711 441 0 41 6
a 711 316 0 19 10
a 711 448 0 5 3
a 714 328 0 41 9
a 714 746 0 44 9
a 714 564 0 11 10
a 718 878 0 41 3
a 718 690 0 47 10
a 718 789 0 45 3
a 718 396 0 43 2
a 719 545 0 41 6
a 719 521 0 44 6
a 719 698 0 3 4
a 719 694 0 6 3
a 719 177 0 25 6
a 719 798 0 40 5
a 721 683 0 41 2
a 721 162 0 22 10
a 721 32 0 33 4
a 722 302 0 41 2
a 722 789 0 41 8
a 722 681 0 28 5
a 722 549 0 5 4
a 723 904 0 41 5
a 723 733 0 49 5
a 723 371 0 36 1
a 723 704 0 4 8
a 724 386 0 41 4
a 724 162 0 12 10
a 724 13 0 27 10
a 724 668 0 15 1
a 724 126 0 16 3
a 725 618 0 41 8
a 725 795 0 17 7
a 725 616 0 25 10
a 728 375 0 41 1
a 728 96 0 32 4
a 730 409 0 41 8
a 730 807 0 47 9
a 730 251 0 39 5
a 730 642 0 15 4
a 730 255 0 38 10
a 731 225 0 41 10
a 731 408 0 47 2
a 731 125 0 17 3
a 731 259 0 20 5
a 731 990 0 37 2
a 731 637 0 44 7
a 732 721 0 41 8
a 732 630 0 3 2
a 732 884 0 18 7
a 733 95 0 41 10
a 733 951 0 14 9
a 734 366 0 41 4
a 734 720 0 30 9
a 734 387 0 37 4
a 734 668 0 15 6
a 734 974 0 32 5
a 734 981 0 21 4
a 736 565 0 41 10
a 736 935 0 15 10
a 741 469 0 41 1
a 741 674 0 36 8
a 741 611 0 23 4
a 741 757 0 31 2
a 744 71 0 41 9
a 744 890 0 31 1
a 744 489 0 6 3
a 750 854 0 41 6
a 750 930 0 25 1
a 751 772 0 41 1
a 751 754 0 49 7
a 751 83 0 24 6
a 751 275 0 5 3
a 751 499 0 16 8
a 753 206 0 41 8
a 753 820 0 42 9
a 753 366 0 36 8
a 753 657 0 13 3
a 753 894 0 0 5
a 753 55 0 19 2
a 754 710 0 41 9
a 754 50 0 33 3
a 754 464 0 41 9
a 754 580 0 32 8
a 754 486 0 7 8
a 755 647 0 41 3
a 755 551 0 7 7
a 757 886 0 41 8
a 757 740 0 42 2
a 757 728 0 22 5
a 758 246 0 41 4
a 758 778 0 19 8
a 758 532 0 1 7
a 758 56 0 2 1
a 761 475 0 41 3
a 761 5 0 1 8
a 761 447 0 13 4
a 761 332 0 38 5
a 761 444 0 8 8
a 762 35 0 41 5
a 762 951 0 45 7
a 762 863 0 47 10
a 762 194 0 19 1
a 762 954 0 5 6
a 764 931 0 41 1
a 764 541 0 9 5
a 764 713 0 10 5
a 767 356 0 41 2
a 767 343 0 47 9
a 767 747 0 29 1
a 767 186 0 19 2
a 767 672 0 44 6
a 767 553 0 2 6
a 768 994 0 41 10
a 768 469 0 35 2
a 768 75 0 25 6
a 770 479 0 41 1
a 770 377 0 14 6
a 770 287 0 2 1
a 770 37 0 10 10
a 771 138 0 41 8
a 771 841 0 31 7
a 771 397 0 50 5
a 771 584 0 24 2
a 771 288 0 29 1
a 772 29 0 41 7
a 772 976 0 16 9
a 775 468 0 41 1
a 775 50 0 43 2
a 775 527 0 20 6
a 775 900 0 30 6
a 775 683 0 9 2
a 777 880 0 41 7
a 777 367 0 8 9
a 777 455 0 45 1
a 777 867 0 32 4
a 785 55 0 41 4
a 785 260 0 38 2
a 786 192 0 41 3
a 786 719 0 34 2
a 789 355 0 41 5
a 789 730 0 1 1
a 789 924 0 19 4
a 791 271 0 41 3
a 791 123 0 37 6
a 793 113 0 41 7
a 793 137 0 2 5
a 793 211 0 4 2
a 793 447 0 35 7
a 793 518 0 11 9
a 794 257 0 41 7
a 794 595 0 15 1
a 794 371 0 20 5
a 794 141 0 18 5
a 794 648 0 30 6
a 794 109 0 3 5
a 798 51 0 41 5
a 798 491 0 4 9
a 798 986 0 18 3
a 800 453 0 41 2
a 800 814 0 10 2
a 800 640 0 4 9
a 801 239 0 41 5
a 801 51 0 10 7
a 801 622 0 47 4
a 801 799 0 15 6
a 801 604 0 22 7
a 802 430 0 41 3
a 802 850 0 5 8
a 802 335 0 31 2
a 802 90 0 18 9
a 802 274 0 37 5
a 802 619 0 7 1
a 804 516 0 41 9
a 804 523 0 6 5
a 810 583 0 41 4
a 810 258 0 6 8
a 811 977 0 41 4
a 811 406 0 20 1
a 813 581 0 41 5
a 813 256 0 5 5
a 813 724 0 11 5
a 813 364 0 40 5
a 813 931 0 25 8
a 813 261 0 33 6
a 814 667 0 41 1
a 814 766 0 21 5
a 814 382 0 19 2
a 815 326 0 41 7
a 815 927 0 40 2
a 815 113 0 44 5
a 815 51 0 42 10
a 816 771 0 41 5
a 816 135 0 2 8
a 816 479 0 24 4
a 816 178 0 4 9
a 816 611 0 6 9
a 817 530 0 41 1
a 817 27 0 2 9
a 817 177 0 24 4
a 817 449 0 20 5
a 817 864 0 27 9
a 817 210 0 16 5
a 818 870 0 41 10
a 818 664 0 44 6
a 818 746 0 20 6
a 819 520 0 41 4
a 819 445 0 20 1
a 819 298 0 19 8
a 819 754 0 23 3
a 820 985 0 41 8
a 820 299 0 25 5
a 823 511 0 41 7
a 823 809 0 36 10
a 823 246 0 4 4
a 824 702 0 41 6
a 824 992 0 40 8
a 824 886 0 49 5
a 824 826 0 15 2
a 826 942 0 41 9
a 826 305 0 17 4
a 827 91 0 41 4
a 827 228 0 11 3
a 827 961 0 43 9
a 827 876 0 2 5
a 827 857 0 7 4
a 828 800 0 41 8
a 828 438 0 10 4
a 831 586 0 41 8
a 831 354 0 26 2
a 831 789 0 6 6
a 831 336 0 32 1
a 831 700 0 46 3
a 831 624 0 8 2
a 834 193 0 41 9
a 834 106 0 15 5
a 834 702 0 39 7
a 835 148 0 41 3
a 835 970 0 39 8
a 835 830 0 21 5
a 835 3 0 26 10
a 838 320 0 41 2
a 838 872 0 3 5
a 839 308 0 41 5
a 839 26 0 1 3
a 843 187 0 41 5
a 843 690 0 25 6
a 843 568 0 4 9
a 843 525 0 13 5
a 843 35 0 12 9
a 843 849 0 12 7
a 845 162 0 41 8
a 845 420 0 47 10
a 845 212 0 13 3
a 845 626 0 5 2
a 847 912 0 41 9
a 847 176 0 35 10
a 847 101 0 4 4
a 847 675 0 26 7
a 849 122 0 41 6
a 849 65 0 38 2
a 849 890 0 6 6
a 849 980 0 22 7
a 851 728 0 41 8
a 851 11 0 11 9
a 851 44 0 26 1
a 851 769 0 11 3
a 852 936 0 41 1
a 852 641 0 6 5
a 852 269 0 2 6
a 852 636 0 10 3
a 853 260 0 41 3
a 853 552 0 45 4
a 853 672 0 48 8
a 853 519 0 41 2
a 853 313 0 47 7
a 854 811 0 41 9
a 854 43 0 36 9
a 854 317 0 12 10
a 857 968 0 41 3
a 857 948 0 49 10
a 857 301 0 18 6
a 857 295 0 3 10
a 857 325 0 11 10
a 860 79 0 41 2
a 860 942 0 24 8
a 860 271 0 42 9
a 864 839 0 41 1
a 864 51 0 5 5
a 864 579 0 5 8
a 864 112 0 11 9
a 864 436 0 50 9
a 864 212 0 15 7
a 865 201 0 41 7
a 865 190 0 12 8
a 866 461 0 41 6
a 866 999 0 41 9
a 866 464 0 48 3
a 866 385 0 13 10
a 867 477 0 41 6
a 867 101 0 2 6
a 867 664 0 5 3
a 868 491 0 41 8
a 868 418 0 32 9
a 868 936 0 5 4
a 868 70 0 37 4
a 868 676 0 34 4
a 869 719 0 41 6
a 869 290 0 25 2
a 870 849 0 41 8
a 870 317 0 8 9
a 870 168 0 25 8
a 870 66 0 48 8
a 871 97 0 41 8
a 871 603 0 18 8
a 871 650 0 35 6
a 871 190 0 39 5
a 873 939 0 41 3
a 873 94 0 24 4
a 873 193 0 50 4
a 873 223 0 20 6
a 873 945 0 42 6
a 873 100 0 13 8
a 874 804 0 41 8
a 874 506 0 4 5
a 874 589 0 38 8
a 874 135 0 24 5
a 875 563 0 41 9
a 875 861 0 28 2
a 875 521 0 9 2
a 875 922 0 39 4
a 875 375 0 44 6
a 876 663 0 41 9
a 876 559 0 20 3
a 877 827 0 41 7
a 877 376 0 32 10
a 877 386 0 7 7
a 877 500 0 38 9
a 878 815 0 41 8
a 878 687 0 27 5
a 878 812 0 48 1
a 878 520 0 41 3
a 878 538 0 38 1
a 878 978 0 45 1
a 879 490 0 41 3
a 879 575 0 4 1
a 879 686 0 30 5
a 879 62 0 43 3
a 879 143 0 32 2
a 880 362 0 41 8
a 880 648 0 23 2
a 880 68 0 21 5
a 880 315 0 48 1
a 883 151 0 41 6
a 883 972 0 50 8
a 883 818 0 40 7
a 886 425 0 41 6
a 886 154 0 5 7
a 887 824 0 41 2
a 887 755 0 8 8
a 890 478 0 41 7
a 890 61 0 39 7
a 890 211 0 36 5
a 891 67 0 41 1
a 891 91 0 0 10
a 894 887 0 41 6
a 894 241 0 12 7
a 894 8 0 40 6
a 894 508 0 33 4
a 894 103 0 8 6
a 894 575 0 21 5
a 895 525 0 41 2
a 895 228 0 28 5
a 896 527 0 41 9
a 896 45 0 50 8
a 896 48 0 19 2
a 900 722 0 41 1
a 900 275 0 0 9
a 900 428 0 10 10
a 900 390 0 20 9
a 902 950 0 41 2
a 902 859 0 25 9
a 904 625 0 41 1
a 904 807 0 24 4
a 904 983 0 11 1
a 905 119 0 41 8
a 905 472 0 42 1
a 905 332 0 40 9
a 905 191 0 14 8
a 905 204 0 27 9
a 907 868 0 41 9
a 907 991 0 23 2
a 907 531 0 6 8
a 907 954 0 35 3
a 912 429 0 41 9
a 912 172 0 24 3
a 912 527 0 28 5
a 912 670 0 26 4
a 912 344 0 50 7
a 912 942 0 8 3
a 921 957 0 41 1
a 921 370 0 48 4
a 921 106 0 16 1
a 921 536 0 17 5
a 923 536 0 41 3
a 923 409 0 31 2
a 925 395 0 41 7
a 925 895 0 48 1
a 925 148 0 6 2
a 925 190 0 16 4
a 925 118 0 47 5
a 925 627 0 26 7
a 930 959 0 41 6
a 930 592 0 9 3
a 930 993 0 45 5
a 930 917 0 17 3
a 930 75 0 20 6
a 931 675 0 41 2
a 931 46 0 19 2
a 931 394 0 43 8
a 931 346 0 19 6
a 931 494 0 37 10
a 932 553 0 41 1
a 932 383 0 26 2
a 932 328 0 41 1
a 932 269 0 5 7
a 932 835 0 9 2
a 936 831 0 41 6
a 936 963 0 21 10
a 936 415 0 7 5
a 936 601 0 14 5
a 936 530 0 5 7
a 937 682 0 41 5
a 937 385 0 29 1
a 937 830 0 33 6
a 939 434 0 41 10
a 939 431 0 34 5
a 939 403 0 0 7
a 939 291 0 21 9
a 941 732 0 41 1
a 941 549 0 31 10
a 941 451 0 36 4
a 941 141 0 0 8
a 942 736 0 41 2
a 942 395 0 5 8
a 942 36 0 4 7
a 942 450 0 0 2
a 942 128 0 47 8
a 944 379 0 41 2
a 944 870 0 45 4
a 944 26 0 37 7
a 944 4 0 42 8
a 944 927 0 25 3
a 947 256 0 41 6
a 947 975 0 37 6
a 947 220 0 0 5
a 947 334 0 16 8
a 949 658 0 41 7
a 949 573 0 20 8
a 949 422 0 40 7
a 950 998 0 41 7
a 950 147 0 23 5
a 950 743 0 38 10
a 950 320 0 12 10
a 950 269 0 24 2
a 952 634 0 41 1
a 952 743 0 48 3
a 952 263 0 47 8
a 952 169 0 31 9
a 957 696 0 41 7
a 957 645 0 48 3
a 957 916 0 37 5
a 957 573 0 3 6
a 958 506 0 41 1
a 958 477 0 11 6
a 958 427 0 8 10
a 959 993 0 41 10
a 959 862 0 18 5
a 959 956 0 36 4
a 960 529 0 41 5
a 960 363 0 16 6
a 963 262 0 41 10
a 963 893 0 49 9
a 963 677 0 31 4
a 963 213 0 14 10
a 963 184 0 15 7
a 964 275 0 41 2
a 964 926 0 15 5
a 964 789 0 35 8
a 964 638 0 39 3
a 965 264 0 41 9
a 965 299 0 37 5
a 965 237 0 40 3
a 966 3 0 41 1
a 966 852 0 42 9
a 966 775 0 4 7
a 968 869 0 41 4
a 968 689 0 48 5
a 968 608 0 1 1
a 968 447 0 43 3
a 969 235 0 41 6
a 969 907 0 31 6
a 971 348 0 41 10
a 971 862 0 27 4
a 971 949 0 37 3
a 971 11 0 3 7
a 972 730 0 41 6
a 972 140 0 22 8
a 973 402 0 41 2
a 973 186 0 47 1
a 973 375 0 10 9
a 975 261 0 41 10
a 975 592 0 3 6
a 975 398 0 32 5
a 975 607 0 6 10
a 976 40 0 41 10
a 976 857 0 27 5
a 976 38 0 5 1
a 976 558 0 21 8
a 977 556 0 41 1
a 977 696 0 27 9
a 980 669 0 41 4
a 980 536 0 14 8
a 980 191 0 2 9
a 980 681 0 42 2
a 983 446 0 41 8
a 983 789 0 25 6
a 983 331 0 12 8
a 985 847 0 41 5
a 985 243 0 47 9
a 985 362 0 20 9
a 986 321 0 41 2
a 986 381 0 22 10
a 988 741 0 41 1
a 988 747 0 47 6
a 988 372 0 48 8
a 989 368 0 41 2
a 989 383 0 21 9
a 991 770 0 41 2
a 991 776 0 35 1
a 991 334 0 27 6
a 993 291 0 41 8
a 993 841 0 47 5
a 994 323 0 41 5
a 994 873 0 32 7
a 994 425 0 28 8
a 997 851 0 41 1
a 997 247 0 24 4
a 997 25 0 12 4
a 998 197 0 41 5
a 998 118 0 27 4
