c PyNETGEN v1.0.0
c $ pip install pynetgen
c
c  NETGEN flow network generation algorithm
c  Problem input parameters
c  -------------------------------------
c   Random seed:          19
c   Number of nodes:      1000
c   Source nodes:         2
c   Sink nodes:           2
c   Number of arcs:       4000
c   Minimum arc cost:     1
c   Maximum arc cost:     10
c   Total supply:         50
c   Transshipment -
c     Sources:            0
c     Sinks:              0
c   Skeleton arcs -
c     With max cost:      0
c     Capacitated:        100
c   Minimum arc capacity: 0
c   Maximum arc capacity: 50
c
c  *** Minimum cost flow ***
c
p min 1000 4000
n 1 29
n 2 21
n 999 -25
n 1000 -25
a 1 427 0 29 7
a 1 99 0 15 6
a 1 768 0 1 1
a 1 213 0 47 2
a 1 578 0 34 4
a 3 308 0 29 9
a 3 603 0 6 1
a 3 543 0 32 10
a 3 521 0 14 7
a 3 458 0 12 5
a 4 769 0 29 5
a 4 815 0 36 3
a 4 751 0 44 3
a 5 56 0 29 2
a 5 356 0 9 5
a 5 503 0 3 8
a 5 512 0 9 10
a 8 260 0 29 3
a 8 572 0 5 7
a 8 68 0 0 7
a 8 581 0 20 8
a 8 244 0 23 2
a 8 13 0 19 3
a 8 216 0 38 9
a 10 245 0 29 8
a 10 754 0 39 8
a 10 175 0 30 2
a 11 519 0 29 7
a 11 1000 0 4 1
a 11 713 0 39 4
a 11 12 0 1 2
a 14 762 0 29 5
a 14 714 0 7 7
a 14 869 0 26 8
a 15 647 0 29 2
a 15 713 0 42 2
a 21 905 0 29 3
a 21 661 0 16 5
a 21 864 0 19 4
a 22 207 0 29 2
a 22 325 0 0 6
a 22 299 0 7 3
a 22 483 0 28 6
a 22 703 0 1 1
a 22 341 0 30 10
a 22 766 0 34 3
a 24 578 0 29 9
a 24 49 0 44 4
a 25 57 0 29 1
a 25 642 0 18 7
a 26 866 0 29 1
a 26 252 0 19 6
a 26 5 0 10 8
a 27 737 0 29 9
a 27 720 0 32 5
a 27 539 0 18 6
a 27 937 0 30 4
a 27 586 0 3 1
a 27 640 0 21 2
a 27 113 0 36 7
a 29 209 0 29 3
a 29 678 0 31 6
a 29 158 0 10 4
a 30 730 0 29 1
a 30 261 0 45 2
a 31 448 0 29 2
a 31 680 0 9 3
a 34 226 0 29 8
a 34 984 0 27 6
a 34 608 0 33 4
a 34 272 0 7 1
a 34 765 0 34 7
a 34 150 0 28 1
a 37 71 0 29 1
a 37 783 0 1 7
a 37 254 0 33 2
a 37 764 0 18 7
a 37 382 0 29 2
a 37 711 0 44 8
a 41 153 0 29 9
a 41 855 0 7 9
a 42 871 0 29 6
a 42 68 0 20 9
a 42 65 0 7 10
a 43 887 0 29 3
a 43 639 0 17 3
a 44 522 0 29 7
a 44 786 0 28 8
a 44 193 0 47 4
a 44 230 0 50 7
a 44 243 0 26 7
a 44 124 0 11 9
a 44 695 0 18 4
a 48 537 0 29 5
a 48 520 0 35 5
a 48 114 0 2 6
a 48 235 0 5 9
a 48 146 0 20 6
a 48 247 0 0 8
a 49 37 0 29 10
a 49 708 0 23 7
a 49 279 0 37 9
a 49 113 0 17 6
a 49 869 0 7 9
a 49 1000 0 30 8
a 49 995 0 36 9
a 50 795 0 29 2
a 50 266 0 44 4
a 51 498 0 29 1
a 51 112 0 15 3
a 52 214 0 29 10
a 52 945 0 43 6
a 55 630 0 29 3
a 55 84 0 46 3
a 55 560 0 47 3
a 55 924 0 20 9
a 55 202 0 5 3
a 55 932 0 18 8
a 56 906 0 29 8
a 56 284 0 17 3
a 57 347 0 29 1
a 57 716 0 34 7
a 57 572 0 31 1
a 57 594 0 46 6
a 57 60 0 41 5
a 58 171 0 29 6
a 58 433 0 9 4
a 58 123 0 16 8
a 58 616 0 48 8
a 58 876 0 49 8
a 58 221 0 2 10
a 59 210 0 29 9
a 59 775 0 2 9
a 59 414 0 9 5
a 59 666 0 38 10
a 59 92 0 31 10
a 59 264 0 25 10
a 59 310 0 26 2
a 61 51 0 29 2
a 61 735 0 19 5
a 61 780 0 34 9
a 61 765 0 20 2
a 61 107 0 23 4
a 65 916 0 29 6
a 65 937 0 7 1
a 65 850 0 44 9
a 65 434 0 0 9
a 66 324 0 29 6
a 66 127 0 9 1
a 66 855 0 34 3
a 66 152 0 9 2
a 66 274 0 2 1
a 66 579 0 20 5
a 67 29 0 29 10
a 67 671 0 16 4
a 67 103 0 12 1
a 67 677 0 37 6
a 67 566 0 50 3
a 69 157 0 29 9
a 69 539 0 32 3
a 69 558 0 38 9
a 71 669 0 29 7
a 71 108 0 26 10
a 71 891 0 48 4
a 71 62 0 31 3
a 71 620 0 18 4
a 71 649 0 45 4
a 71 29 0 13 4
a 72 77 0 29 5
a 72 902 0 38 7
a 72 881 0 6 5
a 73 115 0 29 2
a 73 666 0 20 10
a 74 583 0 29 8
a 74 245 0 1 5
a 74 987 0 48 6
a 77 627 0 29 6
a 77 482 0 12 2
a 77 983 0 7 5
a 77 206 0 48 5
a 77 306 0 21 9
a 78 10 0 29 4
a 78 894 0 39 7
a 78 20 0 20 9
a 79 765 0 29 2
a 79 296 0 4 8
a 79 311 0 24 9
a 79 36 0 46 1
a 84 571 0 29 6
a 84 778 0 27 4
a 84 795 0 49 2
a 84 33 0 50 4
a 87 917 0 29 1
a 87 946 0 17 1
a 87 159 0 44 2
a 87 948 0 30 2
a 88 948 0 29 7
a 88 594 0 1 1
a 88 986 0 36 3
a 88 11 0 33 3
a 88 455 0 49 2
a 88 340 0 30 2
a 89 8 0 29 1
a 89 461 0 15 9
a 89 564 0 42 3
a 89 397 0 19 5
a 90 662 0 29 1
a 90 785 0 4 4
a 90 522 0 41 8
a 90 657 0 27 10
a 90 805 0 23 8
a 90 853 0 40 2
a 91 130 0 29 9
a 91 429 0 24 3
a 91 451 0 11 6
a 93 109 0 29 10
a 93 758 0 47 1
a 93 718 0 28 2
a 95 963 0 29 6
a 95 789 0 14 3
a 95 562 0 28 4
a 96 104 0 29 8
a 96 510 0 24 9
a 96 516 0 29 5
a 96 755 0 5 1
a 96 609 0 28 2
a 96 696 0 8 6
a 101 888 0 29 4
a 101 903 0 16 4
a 101 730 0 39 6
a 101 910 0 26 9
a 104 548 0 29 2
a 104 382 0 14 2
a 108 128 0 29 4
a 108 667 0 0 10
a 108 229 0 22 6
a 108 217 0 16 5
a 108 172 0 45 6
a 109 941 0 29 3
a 109 916 0 18 5
a 113 295 0 29 3
a 113 988 0 19 5
a 113 971 0 15 8
a 113 842 0 3 6
a 113 575 0 0 5
a 113 400 0 26 5
a 113 579 0 27 4
a 114 5 0 29 8
a 114 706 0 47 1
a 114 722 0 42 8
a 114 58 0 41 2
a 114 670 0 50 5
a 114 838 0 10 9
a 115 491 0 29 4
a 115 22 0 6 8
a 115 976 0 31 8
a 117 26 0 29 3
a 117 550 0 31 9
a 117 702 0 27 8
a 117 697 0 32 8
a 119 891 0 29 6
a 119 741 0 47 1
a 119 447 0 7 3
a 120 419 0 29 4
a 120 186 0 0 6
a 120 733 0 25 7
a 120 157 0 18 8
a 120 721 0 9 8
a 122 536 0 29 3
a 122 841 0 5 5
a 122 143 0 25 5
a 122 165 0 48 3
a 122 851 0 38 6
a 122 380 0 48 3
a 123 696 0 29 8
a 123 578 0 9 6
a 123 452 0 40 1
a 123 842 0 26 3
a 123 315 0 29 6
a 123 397 0 28 2
a 128 921 0 29 1
a 128 906 0 32 7
a 129 120 0 29 3
a 129 806 0 48 5
a 129 210 0 24 7
a 130 175 0 29 1
a 130 210 0 39 5
a 130 786 0 35 9
a 130 421 0 6 6
a 130 43 0 37 4
a 131 534 0 29 2
a 131 684 0 6 5
a 133 404 0 29 3
a 133 109 0 21 9
a 133 101 0 43 6
a 133 126 0 40 8
a 133 248 0 37 10
a 142 954 0 29 4
a 142 268 0 34 4
a 143 715 0 29 3
a 143 607 0 4 6
a 143 11 0 29 9
a 143 829 0 0 8
a 143 486 0 29 4
a 143 146 0 16 6
a 144 671 0 29 6
a 144 447 0 16 3
a 144 306 0 1 1
a 144 130 0 25 6
a 149 878 0 29 3
a 149 949 0 50 8
a 151 451 0 29 6
a 151 60 0 22 5
a 151 813 0 32 5
a 151 397 0 29 10
a 152 633 0 29 3
a 152 926 0 15 6
a 153 166 0 29 9
a 153 34 0 23 9
a 153 963 0 48 9
a 153 493 0 28 5
a 153 84 0 7 3
a 153 388 0 7 7
a 154 434 0 29 10
a 154 785 0 20 4
a 154 247 0 39 8
a 154 557 0 39 4
a 154 316 0 10 8
a 154 638 0 25 6
a 154 311 0 35 6
a 155 101 0 29 4
a 155 292 0 22 8
a 157 778 0 29 7
a 157 545 0 36 5
a 157 910 0 45 8
a 157 983 0 49 8
a 158 332 0 29 4
a 158 767 0 44 3
a 158 395 0 9 4
a 158 250 0 33 9
a 158 799 0 40 10
a 160 237 0 29 4
a 160 357 0 9 7
a 160 257 0 32 3
a 162 108 0 29 5
a 162 681 0 40 3
a 162 950 0 37 7
a 163 760 0 29 2
a 163 436 0 44 7
a 164 995 0 29 5
a 164 795 0 1 1
a 164 692 0 12 4
a 165 964 0 29 9
a 165 772 0 37 5
a 166 191 0 29 6
a 166 67 0 36 5
a 166 863 0 36 1
a 169 713 0 29 8
a 169 85 0 2 3
a 169 813 0 31 2
a 169 998 0 9 5
a 169 568 0 24 8
a 169 695 0 26 7
a 169 48 0 0 4
a 171 89 0 29 4
a 171 451 0 42 9
a 171 111 0 42 8
a 171 200 0 21 10
a 171 413 0 50 1
a 171 965 0 27 7
a 171 136 0 27 5
a 172 499 0 29 4
a 172 278 0 14 5
a 174 412 0 29 5
a 174 9 0 46 7
a 174 149 0 3 10
a 175 48 0 29 10
a 175 927 0 7 1
a 175 337 0 0 4
a 175 269 0 22 3
a 175 133 0 29 5
a 175 521 0 17 6
a 177 481 0 29 2
a 177 420 0 38 5
a 177 515 0 1 9
a 181 692 0 29 10
a 181 163 0 35 8
a 181 269 0 44 8
a 181 716 0 31 8
a 181 638 0 41 10
a 181 670 0 11 7
a 183 88 0 29 5
a 183 266 0 4 4
a 183 942 0 0 5
a 183 751 0 30 9
a 183 426 0 46 5
a 183 402 0 14 9
a 185 882 0 29 10
a 185 688 0 13 3
a 185 94 0 33 6
a 188 299 0 29 10
a 188 583 0 45 8
a 188 266 0 5 8
a 188 737 0 26 4
a 188 559 0 26 4
a 190 95 0 29 4
a 190 258 0 31 5
a 190 151 0 23 3
a 190 893 0 11 4
a 190 749 0 26 8
a 190 728 0 29 1
a 191 122 0 29 3
a 191 767 0 27 8
a 192 904 0 29 7
a 192 268 0 8 1
a 192 107 0 50 2
a 192 142 0 43 3
a 195 812 0 29 4
a 195 218 0 41 7
a 195 493 0 25 5
a 195 489 0 31 2
a 195 867 0 23 9
a 196 919 0 29 10
a 196 954 0 46 4
a 196 852 0 28 8
a 196 643 0 3 3
a 196 920 0 11 6
a 197 675 0 29 3
a 197 289 0 26 5
a 197 186 0 42 8
a 197 931 0 22 2
a 198 59 0 29 10
a 198 356 0 44 1
a 198 878 0 13 7
a 198 100 0 20 8
a 199 992 0 29 3
a 199 995 0 35 4
a 199 844 0 34 4
a 199 645 0 20 4
a 199 776 0 37 9
a 200 52 0 29 8
a 200 764 0 23 6
a 200 749 0 0 6
a 200 727 0 40 9
a 200 474 0 33 9
a 200 316 0 45 3
a 203 899 0 29 8
a 203 718 0 42 8
a 203 633 0 49 6
a 205 883 0 29 1
a 205 447 0 42 1
a 205 278 0 21 4
a 205 790 0 7 1
a 205 317 0 19 8
a 205 596 0 10 8
a 207 449 0 29 8
a 207 494 0 33 8
a 207 955 0 23 10
a 207 790 0 46 7
a 209 895 0 29 6
a 209 739 0 37 4
a 209 53 0 7 10
a 210 41 0 29 7
a 210 555 0 31 10
a 210 619 0 26 3
a 211 366 0 29 2
a 211 80 0 7 6
a 212 725 0 29 8
a 212 952 0 15 2
a 214 177 0 29 4
a 214 155 0 28 3
a 214 617 0 8 8
a 214 912 0 5 6
a 215 188 0 29 2
a 215 117 0 0 1
a 215 369 0 10 6
a 215 152 0 20 8
a 215 172 0 26 7
a 215 293 0 18 7
a 216 378 0 29 8
a 216 276 0 0 4
a 216 259 0 18 6
a 216 435 0 39 3
a 218 158 0 29 5
a 218 354 0 8 3
a 218 145 0 23 3
a 218 414 0 5 5
a 218 3 0 36 9
a 218 748 0 28 2
a 219 807 0 29 1
a 219 426 0 6 7
a 219 973 0 28 2
a 222 469 0 29 10
a 222 570 0 48 1
a 222 304 0 39 4
a 222 829 0 43 10
a 222 220 0 12 2
a 226 278 0 29 4
a 226 562 0 0 1
a 226 75 0 24 6
a 226 405 0 6 1
a 226 294 0 14 5
a 226 785 0 6 7
a 227 721 0 29 1
a 227 100 0 29 4
a 227 17 0 21 6
a 227 995 0 5 3
a 230 972 0 29 3
a 230 362 0 38 6
a 232 996 0 29 8
a 232 773 0 0 7
a 232 399 0 37 9
a 232 81 0 1 2
a 232 732 0 25 5
a 232 225 0 50 7
a 233 3 0 29 9
a 233 972 0 16 7
a 233 838 0 49 5
a 233 247 0 14 1
a 235 197 0 29 10
a 235 696 0 39 8
a 235 901 0 3 1
a 235 772 0 38 6
a 235 458 0 37 7
a 235 317 0 32 1
a 236 289 0 29 2
a 236 26 0 23 3
a 236 204 0 43 3
a 236 365 0 18 7
a 236 973 0 35 2
a 237 752 0 29 1
a 237 572 0 12 5
a 237 493 0 2 4
a 238 962 0 29 3
a 238 85 0 0 10
a 242 865 0 29 2
a 242 26 0 21 9
a 245 446 0 29 2
a 245 887 0 20 5
a 245 681 0 10 3
a 245 6 0 42 2
a 245 178 0 7 1
a 245 278 0 18 8
a 251 533 0 29 2
a 251 704 0 36 1
a 260 540 0 29 8
a 260 170 0 9 4
a 260 775 0 45 10
a 260 22 0 13 1
a 263 525 0 29 9
a 263 499 0 19 8
a 263 941 0 13 6
a 264 622 0 29 9
a 264 200 0 40 3
a 264 151 0 39 2
a 267 349 0 29 6
a 267 90 0 22 2
a 269 236 0 29 3
a 269 842 0 42 5
a 269 451 0 13 1
a 269 135 0 7 5
a 269 813 0 18 4
a 269 80 0 31 1
a 270 577 0 29 3
a 270 472 0 10 2
a 270 763 0 39 4
a 271 30 0 29 2
a 271 55 0 24 6
a 273 774 0 29 4
a 273 539 0 14 8
a 273 168 0 34 7
a 273 971 0 12 4
a 273 292 0 8 4
a 275 792 0 29 5
a 275 980 0 1 9
a 275 520 0 27 5
a 275 206 0 16 5
a 275 53 0 22 3
a 275 126 0 16 10
a 276 613 0 29 7
a 276 861 0 22 6
a 278 523 0 29 1
a 278 818 0 46 1
a 278 311 0 22 6
a 278 299 0 37 9
a 278 530 0 48 9
a 278 107 0 25 5
a 281 172 0 29 2
a 281 19 0 8 8
a 281 487 0 26 2
a 281 862 0 19 10
a 281 299 0 9 7
a 282 644 0 29 6
a 282 524 0 46 6
a 282 315 0 0 6
a 282 167 0 42 8
a 284 524 0 29 4
a 284 976 0 30 4
a 284 818 0 14 3
a 284 944 0 15 1
a 284 937 0 33 5
a 284 85 0 33 10
a 285 270 0 29 4
a 285 586 0 16 9
a 285 313 0 46 5
a 285 73 0 25 8
a 289 697 0 29 1
a 289 471 0 44 10
a 289 531 0 15 5
a 289 552 0 37 2
a 289 901 0 29 8
a 289 7 0 24 8
a 294 718 0 29 10
a 294 498 0 1 1
a 294 408 0 35 3
a 294 79 0 7 6
a 295 829 0 29 6
a 295 752 0 26 3
a 295 259 0 39 6
a 296 352 0 29 3
a 296 48 0 16 9
a 296 37 0 37 7
a 298 965 0 29 4
a 298 398 0 39 3
a 298 611 0 14 1
a 298 470 0 38 5
a 299 875 0 29 1
a 299 123 0 47 10
a 299 43 0 46 9
a 299 602 0 38 4
a 302 21 0 29 9
a 302 952 0 25 1
a 304 991 0 29 9
a 304 444 0 16 8
a 304 938 0 4 4
a 304 253 0 1 7
a 307 219 0 29 10
a 307 603 0 41 10
a 307 395 0 29 2
a 307 755 0 43 4
a 307 9 0 4 5
a 307 477 0 31 8
a 308 702 0 29 10
a 308 106 0 2 2
a 310 416 0 29 8
a 310 752 0 24 10
a 312 235 0 29 3
a 312 481 0 1 8
a 312 384 0 39 10
a 312 984 0 1 5
a 313 251 0 29 1
a 313 594 0 8 8
a 313 468 0 37 4
a 313 37 0 24 8
a 313 144 0 4 3
a 313 245 0 50 2
a 318 312 0 29 2
a 318 972 0 34 5
a 318 454 0 16 4
a 321 931 0 29 2
a 321 10 0 8 6
a 321 817 0 29 5
a 321 84 0 11 10
a 322 977 0 29 9
a 322 819 0 41 5
a 323 355 0 29 3
a 323 209 0 21 9
a 323 843 0 28 2
a 323 688 0 34 8
a 324 563 0 29 10
a 324 818 0 34 3
a 324 693 0 47 9
a 325 835 0 29 6
a 325 221 0 8 1
a 328 263 0 29 8
a 328 960 0 28 10
a 328 832 0 11 3
a 328 336 0 23 3
a 331 893 0 29 8
a 331 778 0 45 1
a 331 570 0 47 5
a 331 246 0 12 5
a 331 307 0 21 10
a 332 580 0 29 4
a 332 108 0 27 5
a 332 741 0 49 6
a 332 773 0 50 9
a 332 550 0 8 10
a 332 813 0 39 1
a 337 868 0 29 5
a 337 159 0 41 7
a 339 493 0 29 5
a 339 360 0 36 6
a 339 140 0 31 1
a 339 828 0 15 3
a 339 905 0 28 6
a 339 70 0 38 4
a 343 504 0 29 5
a 343 766 0 43 4
a 343 443 0 34 6
a 343 259 0 5 8
a 343 686 0 46 10
a 343 769 0 1 5
a 346 460 0 29 7
a 346 65 0 48 2
a 346 664 0 3 3
a 347 67 0 29 9
a 347 703 0 43 9
a 349 736 0 29 6
a 349 369 0 36 7
a 349 122 0 8 6
a 349 884 0 17 6
a 349 617 0 14 6
a 352 233 0 29 7
a 352 895 0 14 1
a 352 475 0 16 7
a 354 78 0 29 6
a 354 212 0 42 2
a 354 924 0 14 3
a 354 997 0 42 3
a 354 162 0 2 9
a 355 908 0 29 3
a 355 122 0 24 9
a 355 777 0 15 8
a 355 568 0 47 4
a 361 806 0 29 10
a 361 134 0 1 2
a 364 418 0 29 10
a 364 206 0 21 10
a 364 868 0 2 4
a 366 521 0 29 10
a 366 755 0 39 2
a 366 969 0 32 9
a 366 441 0 5 1
a 367 802 0 29 3
a 367 90 0 10 10
a 367 608 0 45 1
a 367 112 0 41 6
a 367 765 0 37 4
a 367 325 0 7 8
a 367 118 0 42 5
a 368 165 0 29 8
a 368 436 0 40 9
a 368 410 0 47 7
a 368 158 0 33 10
a 369 776 0 29 10
a 369 319 0 7 1
a 371 55 0 29 4
a 371 11 0 2 8
a 371 670 0 27 9
a 371 577 0 8 1
a 371 855 0 34 6
a 377 656 0 29 6
a 377 984 0 16 5
a 377 624 0 10 5
a 378 978 0 29 6
a 378 279 0 4 2
a 378 14 0 32 6
a 378 222 0 33 4
a 378 442 0 44 4
a 378 786 0 35 8
a 378 443 0 20 2
a 382 726 0 29 10
a 382 395 0 6 10
a 382 36 0 42 6
a 382 115 0 28 9
a 382 363 0 40 4
a 383 638 0 29 5
a 383 235 0 16 4
a 384 666 0 29 8
a 384 196 0 7 10
a 384 389 0 10 5
a 388 844 0 29 9
a 388 426 0 19 2
a 388 697 0 18 10
a 388 398 0 21 9
a 388 46 0 46 2
a 390 757 0 29 2
a 390 348 0 22 5
a 390 81 0 32 9
a 390 925 0 46 8
a 390 961 0 24 9
a 391 1000 0 29 1
a 391 601 0 49 10
a 393 750 0 29 9
a 393 648 0 48 8
a 393 661 0 14 4
a 393 212 0 22 6
a 393 787 0 44 5
a 393 881 0 6 3
a 394 733 0 29 8
a 394 710 0 50 3
a 394 727 0 41 8
a 396 556 0 29 6
a 396 787 0 21 8
a 396 485 0 40 6
a 396 47 0 15 1
a 403 587 0 29 2
a 403 565 0 29 1
a 403 102 0 2 7
a 404 676 0 29 2
a 404 105 0 3 7
a 404 508 0 1 9
a 404 388 0 47 9
a 404 554 0 36 4
a 404 219 0 11 7
a 405 113 0 29 3
a 405 481 0 11 6
a 406 232 0 29 7
a 406 916 0 39 2
a 406 943 0 27 8
a 411 368 0 29 4
a 411 918 0 50 4
a 411 526 0 39 4
a 411 509 0 29 6
a 412 264 0 29 10
a 412 906 0 24 10
a 412 964 0 28 10
a 412 392 0 15 6
a 412 279 0 22 7
a 412 394 0 35 5
a 412 245 0 48 10
a 413 390 0 29 1
a 413 18 0 47 8
a 413 942 0 9 7
a 413 857 0 13 7
a 416 203 0 29 6
a 416 42 0 11 8
a 416 980 0 1 3
a 418 196 0 29 2
a 418 622 0 5 3
a 418 271 0 13 7
a 418 263 0 50 3
a 418 162 0 10 5
a 419 654 0 29 6
a 419 805 0 48 1
a 419 415 0 16 9
a 419 287 0 34 5
a 419 33 0 37 2
a 420 516 0 29 8
a 420 671 0 19 8
a 420 653 0 0 2
a 423 775 0 29 3
a 423 531 0 39 2
a 423 205 0 40 1
a 423 409 0 7 8
a 423 268 0 11 5
a 423 600 0 37 9
a 427 971 0 29 1
a 427 285 0 38 6
a 427 229 0 0 9
a 427 989 0 10 4
a 428 643 0 29 5
a 428 120 0 30 2
a 428 40 0 39 2
a 428 335 0 20 8
a 428 424 0 11 2
a 429 609 0 29 8
a 429 495 0 48 3
a 429 987 0 4 1
a 433 490 0 29 5
a 433 43 0 11 1
a 433 195 0 19 5
a 433 975 0 31 7
a 433 794 0 43 4
a 434 411 0 29 8
a 434 423 0 39 10
a 434 584 0 38 3
a 434 55 0 30 9
a 434 700 0 11 2
a 434 404 0 16 9
a 435 934 0 29 8
a 435 873 0 7 3
a 435 819 0 7 10
a 436 639 0 29 10
a 436 591 0 25 4
a 436 339 0 47 5
a 436 268 0 41 2
a 436 888 0 9 9
a 437 777 0 29 5
a 437 570 0 31 2
a 441 123 0 29 10
a 441 135 0 11 2
a 441 342 0 16 4
a 441 895 0 31 7
a 446 169 0 29 5
a 446 130 0 10 2
a 446 203 0 19 8
a 446 559 0 31 9
a 446 938 0 21 8
a 446 807 0 42 1
a 447 65 0 29 10
a 447 97 0 18 7
a 447 82 0 24 4
a 447 844 0 18 6
a 448 768 0 29 2
a 448 664 0 22 7
a 448 462 0 38 1
a 448 860 0 16 10
a 448 904 0 11 4
a 449 728 0 29 10
a 449 942 0 0 8
a 451 947 0 29 8
a 451 927 0 1 10
a 451 724 0 2 3
a 452 780 0 29 10
a 452 93 0 46 7
a 452 128 0 3 2
a 452 9 0 10 6
a 452 442 0 0 5
a 452 489 0 42 8
a 455 313 0 29 2
a 455 667 0 32 6
a 455 594 0 7 9
a 455 890 0 10 2
a 457 987 0 29 10
a 457 35 0 39 8
a 457 582 0 29 5
a 460 968 0 29 10
a 460 803 0 2 6
a 460 689 0 5 5
a 460 809 0 8 10
a 460 820 0 23 4
a 466 799 0 29 10
a 466 939 0 20 5
a 468 600 0 29 8
a 468 178 0 22 1
a 468 907 0 9 5
a 468 392 0 33 8
a 469 119 0 29 7
a 469 297 0 47 1
a 469 97 0 4 3
a 469 310 0 40 9
a 469 878 0 50 5
a 471 584 0 29 9
a 471 798 0 2 5
a 472 648 0 29 5
a 472 340 0 30 6
a 472 38 0 22 9
a 472 908 0 17 6
a 472 110 0 13 9
a 472 734 0 1 6
a 474 222 0 29 8
a 474 534 0 48 4
a 474 79 0 35 4
a 474 252 0 36 2
a 474 439 0 29 6
a 474 802 0 47 5
a 475 269 0 29 8
a 475 766 0 14 3
a 475 957 0 27 3
a 475 23 0 3 1
a 475 173 0 16 2
a 481 43 0 29 2
a 481 137 0 30 4
a 481 477 0 35 8
a 481 835 0 15 8
a 485 709 0 29 1
a 485 705 0 39 8
a 485 786 0 10 5
a 485 267 0 47 8
a 485 882 0 14 7
a 488 889 0 29 10
a 488 380 0 2 8
a 489 784 0 29 9
a 489 449 0 1 6
a 490 58 0 29 6
a 490 825 0 40 4
a 490 6 0 50 3
a 491 531 0 29 5
a 491 259 0 13 4
a 491 824 0 18 3
a 491 848 0 50 7
a 493 142 0 29 10
a 493 61 0 49 7
a 493 615 0 41 1
a 493 943 0 1 3
a 496 447 0 29 6
a 496 131 0 48 1
a 498 894 0 29 7
a 498 895 0 29 10
a 498 876 0 47 9
a 498 362 0 40 5
a 498 430 0 43 8
a 498 897 0 34 2
a 499 589 0 29 1
a 499 661 0 9 5
a 500 457 0 29 8
a 500 846 0 9 1
a 500 688 0 36 10
a 502 267 0 29 8
a 502 315 0 5 4
a 502 896 0 21 3
a 503 44 0 29 1
a 503 537 0 47 1
a 503 204 0 11 3
a 504 433 0 29 1
a 504 763 0 46 8
a 504 350 0 22 4
a 504 208 0 38 9
a 504 562 0 31 9
a 507 890 0 29 10
a 507 909 0 19 5
a 507 628 0 40 9
a 507 771 0 26 2
a 507 769 0 28 2
a 508 828 0 29 4
a 508 506 0 25 10
a 509 307 0 29 6
a 509 74 0 44 9
a 509 15 0 16 2
a 509 145 0 37 4
a 509 167 0 49 5
a 509 281 0 17 8
a 513 836 0 29 8
a 513 233 0 9 7
a 513 772 0 30 8
a 513 616 0 47 1
a 513 265 0 20 9
a 513 628 0 0 5
a 516 717 0 29 7
a 516 959 0 37 7
a 519 808 0 29 6
a 519 234 0 44 5
a 521 25 0 29 10
a 521 840 0 43 2
a 521 742 0 44 1
a 521 27 0 12 8
a 521 163 0 42 5
a 521 526 0 50 10
a 522 322 0 29 8
a 522 626 0 6 5
a 522 180 0 25 9
a 522 915 0 38 2
a 522 486 0 38 2
a 523 678 0 29 1
a 523 346 0 4 5
a 523 31 0 17 6
a 523 805 0 23 2
a 523 424 0 43 3
a 524 468 0 29 3
a 524 852 0 28 4
a 524 894 0 0 7
a 524 521 0 41 7
a 525 423 0 29 6
a 525 679 0 47 10
a 525 33 0 1 8
a 527 867 0 29 6
a 527 752 0 12 3
a 530 961 0 29 7
a 530 458 0 3 1
a 530 415 0 16 2
a 530 364 0 9 3
a 530 448 0 45 4
a 530 589 0 6 6
a 531 755 0 29 5
a 531 425 0 43 3
a 531 947 0 42 9
a 532 915 0 29 5
a 532 606 0 27 1
a 532 423 0 37 4
a 532 108 0 30 1
a 532 52 0 46 3
a 533 489 0 29 3
a 533 986 0 31 9
a 534 880 0 29 2
a 534 389 0 45 6
a 534 621 0 8 8
a 535 507 0 29 10
a 535 692 0 33 10
a 535 847 0 29 1
a 536 617 0 29 10
a 536 757 0 35 1
a 537 84 0 29 3
a 537 955 0 15 5
a 537 394 0 31 4
a 537 774 0 31 6
a 537 694 0 45 4
a 537 898 0 10 3
a 537 316 0 43 4
a 538 49 0 29 8
a 538 344 0 3 1
a 538 254 0 10 9
a 538 536 0 46 6
a 538 896 0 12 6
a 538 318 0 7 9
a 540 538 0 29 4
a 540 960 0 3 9
a 541 743 0 29 5
a 541 28 0 31 9
a 541 584 0 3 8
a 541 791 0 21 4
a 548 428 0 29 7
a 548 637 0 45 6
a 549 976 0 29 3
a 549 933 0 31 6
a 549 762 0 20 5
a 549 365 0 9 4
a 549 642 0 1 8
a 549 672 0 4 2
a 549 968 0 21 7
a 555 985 0 29 6
a 555 271 0 6 5
a 555 77 0 1 4
a 556 199 0 29 8
a 556 483 0 45 6
a 561 298 0 29 10
a 561 325 0 35 8
a 561 638 0 11 9
a 561 765 0 17 4
a 563 549 0 29 6
a 563 629 0 17 7
a 563 561 0 8 3
a 563 626 0 1 10
a 563 599 0 45 3
a 563 701 0 38 1
a 564 151 0 29 9
a 564 874 0 12 2
a 567 190 0 29 10
a 567 779 0 20 1
a 567 956 0 37 2
a 567 966 0 34 9
a 567 851 0 40 2
a 569 984 0 29 4
a 569 609 0 11 5
a 569 905 0 20 3
a 569 553 0 28 3
a 569 551 0 31 9
a 569 542 0 25 6
a 569 375 0 9 5
a 570 928 0 29 1
a 570 613 0 36 8
a 570 977 0 28 6
a 570 371 0 37 10
a 570 982 0 46 4
a 571 541 0 29 10
a 571 423 0 50 10
a 574 437 0 29 9
a 574 349 0 33 4
a 574 593 0 29 10
a 574 741 0 17 6
a 574 691 0 0 7
a 574 522 0 1 6
a 576 680 0 29 4
a 576 33 0 10 3
a 576 274 0 31 2
a 577 827 0 29 9
a 577 756 0 32 7
a 578 155 0 29 3
a 578 845 0 2 4
a 578 85 0 48 5
a 578 108 0 45 10
a 580 294 0 29 4
a 580 166 0 38 4
a 580 740 0 34 1
a 580 115 0 25 1
a 583 902 0 29 10
a 583 76 0 24 2
a 583 153 0 6 10
a 583 911 0 48 9
a 583 730 0 48 6
a 584 42 0 29 3
a 584 730 0 18 5
a 584 697 0 18 2
a 587 436 0 29 4
a 587 259 0 26 8
a 587 97 0 22 10
a 587 448 0 40 2
a 587 729 0 34 6
a 587 36 0 37 3
a 589 574 0 29 6
a 589 378 0 32 2
a 589 86 0 6 9
a 589 246 0 33 7
a 589 334 0 47 3
a 589 496 0 14 8
a 590 500 0 29 2
a 590 276 0 26 4
a 590 505 0 47 4
a 594 751 0 29 3
a 594 132 0 38 1
a 594 284 0 29 5
a 596 830 0 29 2
a 596 534 0 46 10
a 596 851 0 28 9
a 596 65 0 10 8
a 596 54 0 18 6
a 600 665 0 29 8
a 600 949 0 22 7
a 604 826 0 29 7
a 604 321 0 44 9
a 604 427 0 16 7
a 604 599 0 1 3
a 604 64 0 44 2
a 606 735 0 29 1
a 606 833 0 29 2
a 606 297 0 46 1
a 606 107 0 43 6
a 606 846 0 45 8
a 607 285 0 29 3
a 607 910 0 18 5
a 607 92 0 41 10
a 607 806 0 41 6
a 607 58 0 42 6
a 607 414 0 8 7
a 609 839 0 29 10
a 609 351 0 41 2
a 609 349 0 19 5
a 609 67 0 4 2
a 613 535 0 29 1
a 613 686 0 41 10
a 613 694 0 15 7
a 616 74 0 29 6
a 616 688 0 27 7
a 616 860 0 20 3
a 617 488 0 29 7
a 617 683 0 50 5
a 617 230 0 18 9
a 617 106 0 24 1
a 622 786 0 29 9
a 622 569 0 16 1
a 622 360 0 17 5
a 622 11 0 28 7
a 623 391 0 29 3
a 623 837 0 12 7
a 623 932 0 28 8
a 623 4 0 4 2
a 623 156 0 14 9
a 623 222 0 34 8
a 627 364 0 29 10
a 627 708 0 39 6
a 629 773 0 29 3
a 629 348 0 15 2
a 629 668 0 23 9
a 629 780 0 31 9
a 629 824 0 35 10
a 629 244 0 2 2
a 630 672 0 29 4
a 630 331 0 40 8
a 630 170 0 40 7
a 630 217 0 37 5
a 631 361 0 29 8
a 631 765 0 9 10
a 631 616 0 23 4
a 631 395 0 20 1
a 631 886 0 36 1
a 633 698 0 29 5
a 633 894 0 36 3
a 633 423 0 41 1
a 633 204 0 7 1
a 633 362 0 18 6
a 633 420 0 50 1
a 635 668 0 29 5
a 635 645 0 37 4
a 635 387 0 37 9
a 635 782 0 17 5
a 635 223 0 38 10
a 638 979 0 29 9
a 638 613 0 44 3
a 638 87 0 32 10
a 638 948 0 36 4
a 638 316 0 8 3
a 638 976 0 50 4
a 639 154 0 29 9
a 639 698 0 16 9
a 639 888 0 6 4
a 643 898 0 29 3
a 643 621 0 28 10
a 643 325 0 45 7
a 643 955 0 13 6
a 643 525 0 36 10
a 643 672 0 39 1
a 644 788 0 29 8
a 644 128 0 32 9
a 645 989 0 29 4
a 645 666 0 46 4
a 645 865 0 44 2
a 645 631 0 18 5
a 647 382 0 29 9
a 647 339 0 15 3
a 647 792 0 46 8
a 647 124 0 39 9
a 648 831 0 29 5
a 648 560 0 39 3
a 648 169 0 33 1
a 648 518 0 47 9
a 648 803 0 19 3
a 654 923 0 29 1
a 654 94 0 2 8
a 654 951 0 14 9
a 656 273 0 29 9
a 656 278 0 15 5
a 656 479 0 40 1
a 662 133 0 29 6
a 662 344 0 30 1
a 662 364 0 45 10
a 662 976 0 20 3
a 662 918 0 20 4
a 662 259 0 16 9
a 665 701 0 29 5
a 665 721 0 16 2
a 665 365 0 25 2
a 665 533 0 47 8
a 666 403 0 29 5
a 666 280 0 3 6
a 666 641 0 39 2
a 666 914 0 29 3
a 666 1000 0 4 8
a 666 724 0 10 7
a 668 594 0 29 10
a 668 940 0 29 7
a 668 316 0 30 7
a 668 396 0 11 3
a 669 394 0 29 3
a 669 805 0 5 1
a 669 36 0 16 9
a 669 710 0 40 7
a 671 720 0 29 6
a 671 138 0 31 6
a 672 861 0 29 6
a 672 68 0 7 9
a 672 202 0 26 8
a 672 96 0 32 1
a 672 927 0 30 7
a 672 916 0 39 6
a 675 951 0 29 2
a 675 497 0 40 8
a 676 986 0 29 10
a 676 223 0 48 10
a 677 304 0 29 4
a 677 611 0 34 3
a 678 455 0 29 3
a 678 396 0 23 3
a 678 579 0 30 6
a 678 834 0 15 2
a 680 129 0 29 4
a 680 981 0 23 8
a 680 792 0 48 10
a 680 848 0 35 3
a 680 567 0 29 3
a 680 75 0 4 2
a 682 933 0 29 1
a 682 938 0 40 3
a 682 54 0 49 5
a 690 371 0 29 1
a 690 958 0 47 10
a 690 606 0 47 2
a 690 490 0 15 10
a 690 170 0 40 1
a 690 298 0 12 8
a 692 955 0 29 9
a 692 32 0 27 10
a 694 927 0 29 8
a 694 683 0 14 7
a 694 269 0 48 3
a 694 275 0 49 5
a 694 676 0 29 9
a 696 682 0 29 1
a 696 499 0 17 1
a 696 659 0 41 4
a 696 850 0 44 9
a 697 90 0 29 5
a 697 151 0 20 7
a 698 975 0 29 9
a 698 466 0 48 3
a 698 772 0 26 1
a 698 680 0 22 3
a 698 212 0 31 9
a 701 957 0 29 7
a 701 20 0 33 5
a 701 455 0 24 10
a 701 131 0 11 2
a 701 875 0 4 4
a 702 872 0 29 7
a 702 833 0 49 7
a 702 45 0 30 6
a 702 960 0 1 1
a 702 445 0 23 2
a 702 71 0 36 7
a 709 284 0 29 10
a 709 398 0 35 9
a 709 309 0 26 4
a 713 635 0 29 3
a 713 183 0 23 3
a 714 50 0 29 8
a 714 355 0 16 6
a 714 632 0 20 2
a 714 920 0 44 8
a 714 72 0 35 6
a 715 766 0 29 10
a 715 99 0 40 10
a 715 923 0 47 7
a 717 275 0 29 9
a 717 279 0 35 3
a 718 848 0 29 9
a 718 725 0 35 7
a 718 417 0 11 10
a 718 690 0 14 8
a 718 674 0 26 2
a 718 896 0 9 8
a 719 331 0 29 10
a 719 978 0 31 9
a 719 919 0 38 6
a 720 734 0 29 4
a 720 923 0 5 1
a 720 131 0 50 1
a 720 205 0 4 6
a 720 277 0 23 6
a 721 4 0 29 2
a 721 829 0 16 10
a 725 953 0 29 9
a 725 330 0 40 7
a 726 938 0 29 2
a 726 655 0 10 3
a 726 449 0 18 3
a 726 809 0 22 8
a 726 948 0 39 4
a 726 899 0 46 6
a 728 185 0 29 9
a 728 896 0 4 8
a 730 323 0 29 8
a 730 654 0 41 4
a 730 981 0 20 1
a 730 61 0 38 1
a 730 288 0 38 10
a 730 199 0 17 4
a 731 96 0 29 6
a 731 83 0 20 5
a 731 23 0 7 9
a 732 205 0 29 9
a 732 405 0 29 7
a 732 691 0 46 1
a 732 766 0 24 5
a 732 563 0 43 7
a 733 149 0 29 7
a 733 122 0 41 8
a 733 421 0 34 7
a 733 426 0 29 8
a 733 947 0 45 8
a 733 276 0 29 4
a 734 413 0 29 9
a 734 928 0 10 5
a 735 302 0 29 8
a 735 758 0 35 1
a 735 242 0 26 2
a 735 842 0 6 8
a 735 806 0 4 7
a 736 420 0 29 10
a 736 923 0 37 2
a 736 143 0 28 5
a 737 396 0 29 9
a 737 930 0 20 6
a 737 898 0 48 2
a 737 508 0 50 10
a 737 895 0 33 9
a 743 343 0 29 9
a 743 496 0 20 1
a 743 627 0 20 4
a 743 884 0 25 7
a 745 181 0 29 1
a 745 116 0 32 10
a 745 521 0 36 1
a 745 923 0 26 4
a 745 148 0 29 1
a 749 216 0 29 8
a 749 534 0 15 10
a 749 312 0 22 9
a 749 276 0 12 1
a 749 113 0 34 6
a 749 912 0 47 2
a 750 555 0 29 10
a 750 948 0 45 10
a 750 944 0 45 8
a 750 522 0 26 7
a 750 76 0 30 3
a 751 238 0 29 5
a 751 700 0 1 5
a 751 148 0 16 5
a 751 743 0 26 6
a 751 427 0 40 10
a 751 959 0 28 7
a 752 325 0 29 10
a 752 869 0 42 9
a 752 175 0 45 3
a 752 559 0 32 4
a 752 140 0 23 9
a 752 992 0 24 2
a 755 282 0 29 7
a 755 494 0 37 7
a 755 412 0 41 10
a 755 423 0 49 6
a 755 428 0 41 1
a 755 292 0 14 10
a 757 815 0 29 6
a 757 254 0 22 7
a 757 452 0 39 10
a 757 293 0 22 9
a 757 507 0 12 1
a 760 212 0 29 5
a 760 889 0 43 10
a 760 894 0 34 9
a 760 984 0 43 1
a 760 16 0 36 7
a 760 460 0 25 10
a 762 532 0 29 1
a 762 396 0 21 2
a 762 109 0 14 10
a 762 643 0 35 7
a 762 13 0 14 1
a 762 219 0 0 8
a 763 79 0 29 1
a 763 464 0 30 7
a 765 590 0 29 3
a 765 864 0 33 7
a 765 524 0 20 8
a 765 231 0 50 10
a 765 935 0 6 6
a 766 93 0 29 4
a 766 639 0 27 5
a 766 123 0 23 10
a 766 190 0 8 5
a 766 296 0 13 3
a 766 486 0 2 5
a 768 561 0 29 7
a 768 996 0 33 10
a 768 320 0 22 9
a 768 608 0 23 8
a 769 936 0 29 9
a 769 232 0 2 1
a 769 422 0 50 2
a 772 215 0 29 4
a 772 90 0 44 8
a 772 324 0 47 4
a 772 403 0 25 9
a 772 643 0 24 10
a 772 934 0 20 9
a 773 513 0 29 6
a 773 470 0 4 6
a 773 222 0 40 3
a 773 578 0 11 8
a 774 969 0 29 8
a 774 601 0 40 7
a 774 559 0 9 8
a 775 227 0 29 6
a 775 692 0 2 10
a 776 276 0 29 2
a 776 823 0 48 2
a 776 201 0 12 4
a 776 443 0 39 9
a 776 787 0 26 7
a 776 644 0 13 6
a 777 367 0 29 1
a 777 507 0 25 7
a 777 341 0 2 8
a 778 503 0 29 5
a 778 212 0 0 1
a 780 974 0 29 9
a 780 176 0 20 5
a 780 124 0 26 1
a 780 340 0 39 5
a 784 91 0 29 2
a 784 994 0 17 7
a 784 862 0 13 7
a 784 141 0 20 7
a 784 818 0 49 9
a 784 974 0 35 4
a 785 369 0 29 6
a 785 246 0 16 4
a 785 553 0 50 7
a 785 834 0 11 8
a 786 858 0 29 1
a 786 843 0 14 4
a 786 215 0 29 2
a 786 838 0 29 2
a 787 502 0 29 8
a 787 403 0 18 1
a 787 82 0 6 1
a 788 980 0 29 8
a 788 817 0 6 6
a 788 467 0 47 1
a 788 715 0 7 5
a 789 623 0 29 8
a 789 364 0 37 1
a 792 69 0 29 7
a 792 851 0 12 4
a 792 483 0 40 6
a 792 698 0 12 4
a 792 604 0 3 1
a 795 346 0 29 7
a 795 41 0 23 10
a 796 629 0 29 5
a 796 676 0 40 4
a 796 309 0 25 7
a 796 210 0 34 8
a 796 306 0 48 1
a 799 801 0 29 7
a 799 307 0 25 6
a 799 822 0 6 10
a 799 274 0 3 1
a 799 824 0 30 10
a 799 761 0 30 10
a 801 604 0 29 8
a 801 916 0 37 8
a 801 944 0 13 6
a 802 337 0 29 4
a 802 436 0 15 8
a 802 916 0 20 2
a 802 39 0 28 7
a 802 365 0 13 2
a 806 785 0 29 3
a 806 954 0 18 2
a 806 321 0 35 7
a 806 574 0 48 5
a 806 240 0 0 9
a 807 811 0 29 3
a 807 820 0 17 1
a 808 813 0 29 1
a 808 542 0 20 9
a 808 346 0 44 5
a 808 734 0 8 9
a 808 702 0 35 3
a 808 82 0 2 7
a 811 117 0 29 8
a 811 854 0 11 1
a 811 896 0 18 1
a 811 246 0 18 5
a 811 704 0 20 5
a 812 310 0 29 3
a 812 372 0 37 1
a 812 228 0 43 6
a 812 158 0 40 2
a 812 280 0 22 9
a 812 524 0 23 4
a 813 218 0 29 9
a 813 860 0 11 6
a 813 377 0 28 9
a 813 370 0 14 1
a 813 867 0 0 1
a 813 194 0 44 8
a 814 475 0 29 2
a 814 452 0 37 5
a 814 139 0 8 6
a 814 457 0 44 4
a 814 672 0 3 8
a 815 174 0 29 2
a 815 499 0 16 10
a 815 286 0 43 1
a 815 669 0 42 3
a 815 841 0 25 6
a 815 713 0 46 6
a 824 72 0 29 2
a 824 621 0 39 6
a 824 171 0 1 10
a 824 668 0 4 3
a 824 51 0 47 9
a 824 412 0 15 4
a 826 485 0 29 3
a 826 914 0 39 4
a 826 243 0 9 6
a 826 897 0 27 2
a 826 580 0 28 10
a 827 616 0 29 9
a 827 984 0 1 2
a 827 433 0 19 9
a 828 966 0 29 2
a 828 709 0 14 3
a 828 464 0 20 10
a 828 219 0 23 8
a 828 583 0 21 8
a 828 574 0 37 3
a 829 732 0 29 6
a 829 891 0 5 10
a 829 194 0 25 8
a 829 499 0 31 7
a 830 471 0 29 7
a 830 239 0 14 7
a 830 460 0 11 2
a 830 16 0 12 6
a 830 24 0 39 6
a 830 280 0 16 10
a 831 567 0 29 9
a 831 784 0 37 10
a 831 529 0 37 3
a 835 472 0 29 2
a 835 438 0 13 7
a 835 815 0 8 5
a 836 441 0 29 1
a 836 708 0 20 3
a 836 290 0 34 6
a 836 823 0 29 9
a 839 384 0 29 8
a 839 265 0 0 2
a 839 516 0 7 1
a 839 774 0 30 10
a 839 896 0 39 1
a 839 977 0 24 6
a 844 73 0 29 6
a 844 731 0 37 7
a 844 397 0 33 6
a 844 478 0 4 6
a 845 143 0 29 10
a 845 678 0 30 7
a 845 673 0 33 6
a 845 974 0 19 7
a 845 268 0 11 8
a 845 709 0 18 3
a 848 884 0 29 9
a 848 217 0 44 7
a 848 333 0 44 6
a 852 281 0 29 10
a 852 644 0 39 1
a 852 252 0 49 10
a 852 844 0 32 10
a 852 831 0 43 4
a 853 926 0 29 10
a 853 714 0 43 9
a 853 810 0 36 3
a 853 182 0 11 3
a 855 607 0 29 4
a 855 150 0 0 9
a 858 131 0 29 10
a 858 551 0 23 8
a 859 192 0 29 3
a 859 289 0 7 4
a 861 377 0 29 7
a 861 476 0 32 5
a 861 821 0 41 10
a 861 419 0 24 8
a 865 886 0 29 3
a 865 794 0 19 7
a 865 620 0 13 6
a 865 318 0 32 1
a 865 141 0 44 8
a 865 613 0 41 7
a 866 14 0 29 6
a 866 418 0 9 9
a 866 175 0 23 2
a 866 662 0 46 10
a 867 496 0 29 4
a 867 83 0 6 10
a 867 179 0 7 2
a 868 877 0 29 1
a 868 896 0 33 10
a 868 624 0 31 4
a 868 316 0 21 2
a 869 66 0 29 4
a 869 190 0 7 2
a 869 700 0 26 3
a 871 195 0 29 6
a 871 57 0 48 5
a 871 326 0 23 7
a 871 913 0 17 2
a 871 82 0 38 9
a 871 502 0 24 2
a 872 211 0 29 5
a 872 98 0 24 4
a 872 991 0 2 1
a 875 163 0 29 8
a 875 261 0 41 5
a 875 849 0 37 10
a 875 62 0 46 4
a 875 943 0 13 10
a 877 745 0 29 6
a 877 608 0 11 9
a 877 159 0 13 4
a 877 492 0 9 5
a 877 475 0 47 7
a 878 271 0 29 9
a 878 63 0 31 9
a 878 502 0 20 10
a 878 153 0 23 7
a 878 482 0 12 6
a 880 87 0 29 1
a 880 49 0 25 9
a 880 973 0 10 9
a 880 129 0 49 5
a 880 388 0 42 7
a 881 508 0 29 3
a 881 31 0 9 7
a 881 706 0 45 6
a 881 407 0 26 8
a 882 152 0 29 10
a 882 242 0 41 1
a 882 866 0 1 6
a 883 388 0 29 5
a 883 952 0 4 4
a 883 338 0 10 6
a 883 801 0 22 2
a 883 640 0 24 3
a 884 763 0 29 7
a 884 429 0 38 1
a 884 720 0 0 4
a 884 132 0 42 2
a 886 198 0 29 8
a 886 170 0 30 3
a 887 796 0 29 1
a 887 631 0 5 7
a 887 784 0 21 2
a 887 845 0 1 9
a 887 874 0 32 2
a 887 909 0 16 3
a 888 164 0 29 3
a 888 133 0 7 9
a 888 91 0 9 5
a 888 195 0 15 6
a 888 490 0 35 5
a 888 895 0 50 6
a 889 393 0 29 5
a 889 391 0 43 6
a 889 372 0 20 2
a 890 596 0 29 8
a 890 468 0 21 10
a 890 866 0 14 3
a 890 858 0 16 8
a 890 144 0 5 8
a 890 432 0 0 1
a 891 24 0 29 2
a 891 475 0 47 8
a 891 348 0 9 7
a 893 435 0 29 8
a 893 520 0 38 6
a 893 558 0 42 7
a 893 915 0 32 9
a 894 530 0 29 8
a 894 480 0 16 8
a 894 191 0 4 7
a 894 519 0 37 7
a 894 50 0 42 2
a 894 475 0 3 5
a 895 162 0 29 7
a 895 539 0 27 8
a 895 714 0 4 9
a 895 724 0 39 5
a 895 623 0 37 1
a 897 852 0 29 1
a 897 675 0 25 2
a 897 199 0 32 2
a 897 344 0 19 2
a 898 845 0 29 3
a 898 289 0 20 10
a 899 690 0 29 6
a 899 988 0 40 2
a 899 762 0 49 10
a 900 509 0 29 1
a 900 973 0 43 2
a 902 144 0 29 9
a 902 574 0 3 1
a 902 7 0 43 6
a 902 459 0 17 8
a 902 469 0 2 8
a 902 458 0 5 4
a 904 474 0 29 3
a 904 139 0 43 1
a 905 321 0 29 10
a 905 297 0 23 5
a 905 955 0 35 7
a 906 855 0 29 5
a 906 679 0 2 4
a 907 405 0 29 1
a 907 984 0 48 10
a 907 688 0 11 3
a 908 429 0 29 5
a 908 401 0 19 7
a 908 212 0 23 5
a 908 580 0 33 3
a 910 160 0 29 9
a 910 953 0 3 10
a 910 544 0 31 7
a 910 862 0 50 1
a 915 576 0 29 4
a 915 984 0 11 9
a 915 12 0 45 2
a 915 533 0 11 10
a 916 787 0 29 1
a 916 727 0 45 5
a 917 990 0 29 9
a 917 366 0 13 5
a 917 145 0 11 2
a 917 779 0 45 4
a 919 694 0 29 5
a 919 820 0 47 3
a 919 653 0 4 2
a 919 508 0 42 1
a 919 419 0 0 7
a 921 749 0 29 5
a 921 930 0 18 9
a 921 653 0 30 1
a 921 316 0 7 3
a 923 999 0 29 1
a 923 242 0 29 4
a 923 796 0 14 4
a 923 113 0 11 3
a 923 163 0 4 6
a 923 898 0 1 8
a 924 731 0 29 10
a 924 394 0 42 10
a 926 924 0 29 8
a 926 903 0 39 2
a 926 65 0 9 2
a 926 431 0 19 5
a 926 645 0 39 3
a 926 785 0 15 8
a 927 970 0 29 3
a 927 683 0 37 10
a 928 897 0 29 3
a 928 384 0 24 7
a 928 490 0 49 7
a 928 311 0 46 1
a 928 611 0 37 1
a 928 619 0 0 6
a 931 527 0 29 9
a 931 296 0 17 9
a 931 533 0 24 8
a 933 869 0 29 1
a 933 672 0 28 10
a 933 984 0 31 6
a 933 848 0 33 1
a 934 328 0 29 2
a 934 427 0 4 9
a 934 203 0 17 8
a 936 631 0 29 9
a 936 874 0 38 3
a 936 265 0 35 9
a 936 607 0 5 4
a 936 589 0 28 10
a 936 481 0 47 9
a 938 645 0 29 6
a 938 669 0 38 1
a 938 479 0 17 8
a 938 192 0 31 10
a 938 213 0 2 7
a 938 294 0 8 10
a 941 22 0 29 8
a 941 541 0 1 6
a 941 746 0 19 4
a 941 348 0 5 6
a 947 34 0 29 8
a 947 841 0 43 9
a 947 710 0 36 7
a 947 1000 0 13 3
a 948 570 0 29 2
a 948 290 0 22 4
a 948 982 0 36 4
a 948 944 0 36 10
a 951 569 0 29 7
a 951 210 0 17 8
a 951 103 0 3 6
a 953 859 0 29 8
a 953 343 0 39 6
a 953 791 0 20 4
a 953 507 0 35 7
a 953 662 0 21 5
a 953 935 0 23 1
a 954 564 0 29 1
a 954 445 0 44 5
a 954 892 0 32 2
a 954 800 0 8 6
a 954 157 0 11 1
a 954 306 0 25 3
a 955 714 0 29 7
a 955 827 0 39 9
a 955 189 0 39 1
a 955 877 0 12 5
a 955 851 0 36 3
a 955 47 0 44 5
a 957 789 0 29 9
a 957 568 0 29 8
a 957 373 0 13 3
a 957 216 0 14 5
a 957 66 0 12 1
a 957 51 0 36 2
a 961 15 0 29 9
a 961 486 0 17 8
a 961 770 0 5 7
a 961 192 0 42 5
a 962 114 0 29 4
a 962 600 0 19 5
a 962 137 0 24 4
a 962 486 0 48 6
a 963 853 0 29 6
a 963 224 0 16 2
a 963 252 0 30 2
a 963 582 0 29 8
a 963 957 0 27 9
a 964 183 0 29 1
a 964 593 0 50 9
a 964 680 0 15 8
a 965 719 0 29 10
a 965 601 0 23 5
a 965 90 0 5 10
a 965 849 0 39 3
a 965 615 0 40 9
a 965 987 0 5 8
a 966 824 0 29 3
a 966 72 0 23 8
a 968 354 0 29 3
a 968 684 0 42 2
a 969 910 0 29 7
a 969 551 0 35 1
a 969 997 0 31 2
a 969 392 0 50 1
a 969 586 0 42 2
a 969 13 0 13 4
a 970 452 0 29 7
a 970 309 0 14 6
a 970 230 0 26 8
a 970 733 0 30 10
a 970 79 0 4 6
a 971 11 0 29 5
a 971 614 0 41 2
a 971 74 0 43 6
a 972 200 0 29 3
a 972 684 0 21 5
a 972 145 0 18 5
a 972 641 0 32 9
a 974 677 0 29 6
a 974 316 0 32 1
a 974 268 0 26 7
a 975 27 0 29 4
a 975 358 0 27 5
a 975 402 0 40 5
a 976 772 0 29 4
a 976 559 0 34 9
a 976 484 0 34 7
a 976 414 0 4 3
a 976 462 0 4 8
a 976 439 0 41 10
a 977 31 0 29 9
a 977 489 0 15 6
a 977 886 0 33 3
a 977 617 0 0 8
a 977 46 0 9 3
a 978 606 0 29 1
a 978 96 0 41 7
a 978 313 0 34 3
a 978 10 0 21 4
a 978 776 0 41 9
a 979 900 0 29 3
a 979 333 0 47 9
a 979 316 0 11 1
a 979 180 0 31 9
a 979 658 0 38 9
a 979 459 0 34 1
a 980 230 0 29 7
a 980 775 0 2 8
a 980 341 0 2 8
a 984 466 0 29 10
a 984 575 0 39 3
a 985 814 0 29 9
a 985 846 0 39 7
a 985 997 0 19 7
a 986 881 0 29 4
a 986 838 0 48 5
a 987 339 0 29 4
a 987 307 0 24 2
a 987 875 0 22 4
a 987 396 0 8 3
a 989 907 0 29 4
a 989 135 0 43 4
a 989 577 0 21 1
a 989 151 0 45 6
a 989 453 0 24 3
a 990 61 0 29 1
a 990 479 0 38 6
a 990 40 0 15 6
a 991 318 0 29 10
a 991 533 0 33 4
a 991 389 0 0 4
a 992 406 0 29 1
a 992 901 0 4 1
a 992 322 0 8 1
a 992 939 0 46 4
a 992 204 0 50 6
a 995 296 0 29 8
a 995 226 0 28 4
a 996 383 0 29 6
a 996 86 0 36 9
a 996 648 0 47 4
a 996 138 0 38 4
a 996 524 0 32 7
a 2 184 0 21 3
a 2 792 0 15 1
a 2 714 0 27 4
a 2 786 0 41 7
a 2 805 0 11 3
a 2 41 0 28 10
a 6 912 0 21 6
a 6 528 0 49 7
a 6 966 0 48 7
a 7 243 0 21 10
a 7 980 0 22 4
a 7 68 0 16 3
a 7 325 0 43 4
a 7 719 0 30 5
a 9 935 0 21 8
a 9 182 0 14 4
a 9 570 0 3 2
a 9 610 0 18 5
a 12 445 0 21 2
a 12 862 0 25 9
a 12 593 0 6 1
a 12 900 0 1 5
a 12 463 0 9 5
a 12 763 0 47 2
a 13 614 0 21 6
a 13 272 0 25 3
a 13 747 0 36 9
a 13 104 0 11 5
a 16 640 0 21 3
a 16 867 0 15 4
a 17 754 0 21 4
a 17 118 0 11 3
a 17 693 0 32 7
a 17 731 0 3 3
a 17 888 0 14 7
a 18 68 0 21 8
a 18 307 0 18 8
a 18 304 0 33 9
a 18 793 0 36 10
a 18 152 0 12 5
a 18 330 0 12 4
a 19 744 0 21 3
a 19 369 0 29 10
a 19 439 0 13 2
a 19 140 0 16 5
a 19 727 0 43 4
a 20 161 0 21 9
a 20 729 0 10 6
a 23 53 0 21 10
a 23 384 0 0 5
a 28 939 0 21 8
a 28 296 0 6 8
a 28 200 0 25 4
a 28 537 0 46 8
a 28 621 0 16 8
a 28 384 0 31 8
a 32 973 0 21 6
a 32 415 0 15 8
a 32 305 0 42 1
a 32 704 0 0 2
a 33 816 0 21 10
a 33 967 0 44 1
a 33 892 0 12 2
a 33 111 0 29 4
a 35 252 0 21 2
a 35 905 0 1 5
a 35 963 0 3 6
a 35 389 0 12 6
a 35 31 0 1 3
a 35 567 0 10 8
a 36 860 0 21 7
a 36 998 0 11 2
a 36 49 0 46 1
a 36 440 0 45 3
a 36 23 0 20 8
a 38 301 0 21 4
a 38 803 0 14 5
a 38 698 0 40 10
a 38 235 0 37 9
a 39 380 0 21 8
a 39 394 0 25 3
a 39 646 0 35 9
a 40 28 0 21 6
a 40 944 0 25 5
a 40 494 0 9 10
a 45 345 0 21 10
a 45 259 0 0 8
a 45 889 0 42 7
a 45 999 0 45 5
a 46 602 0 21 4
a 46 546 0 7 1
a 47 167 0 21 1
a 47 693 0 50 9
a 47 945 0 4 4
a 47 319 0 5 10
a 47 979 0 35 2
a 47 664 0 20 2
a 53 254 0 21 1
a 53 334 0 17 4
a 54 526 0 21 9
a 54 314 0 37 9
a 54 692 0 44 10
a 54 783 0 13 10
a 54 981 0 14 6
a 60 305 0 21 1
a 60 173 0 14 1
a 60 648 0 33 10
a 60 501 0 32 10
a 60 672 0 26 6
a 62 463 0 21 1
a 62 146 0 24 4
a 62 873 0 30 2
a 62 103 0 12 4
a 62 36 0 36 8
a 63 422 0 21 5
a 63 39 0 3 9
a 63 691 0 36 1
a 63 294 0 16 2
a 64 611 0 21 8
a 64 691 0 11 4
a 68 997 0 21 1
a 68 784 0 50 9
a 68 808 0 21 2
a 68 719 0 47 9
a 68 924 0 37 9
a 68 455 0 50 9
a 70 459 0 21 4
a 70 739 0 30 3
a 70 766 0 15 3
a 75 92 0 21 5
a 75 119 0 42 7
a 75 76 0 11 8
a 75 496 0 30 2
a 75 116 0 30 9
a 76 615 0 21 3
a 76 524 0 43 7
a 80 438 0 21 6
a 80 161 0 28 8
a 80 272 0 26 5
a 80 8 0 8 10
a 80 816 0 15 8
a 80 370 0 0 1
a 81 834 0 21 4
a 81 380 0 29 5
a 82 286 0 21 2
a 82 855 0 49 4
a 82 458 0 13 9
a 82 308 0 24 8
a 82 194 0 42 7
a 82 820 0 30 6
a 83 85 0 21 7
a 83 294 0 21 8
a 83 914 0 2 5
a 85 727 0 21 2
a 85 448 0 24 9
a 86 379 0 21 2
a 86 41 0 47 5
a 92 64 0 21 10
a 92 454 0 18 10
a 94 225 0 21 6
a 94 260 0 47 8
a 94 46 0 22 6
a 94 336 0 25 7
a 97 213 0 21 7
a 97 450 0 16 6
a 97 189 0 44 1
a 98 17 0 21 5
a 98 99 0 46 9
a 98 411 0 46 2
a 98 173 0 42 4
a 98 800 0 46 8
a 99 914 0 21 6
a 99 986 0 20 7
a 100 981 0 21 9
a 100 227 0 26 9
a 100 794 0 20 7
a 100 885 0 20 10
a 100 175 0 43 7
a 102 240 0 21 4
a 102 524 0 22 10
a 102 478 0 49 2
a 102 147 0 7 9
a 102 995 0 24 5
a 102 967 0 6 3
a 103 854 0 21 10
a 103 151 0 48 9
a 105 797 0 21 8
a 105 929 0 15 2
a 105 618 0 12 4
a 105 214 0 50 1
a 105 430 0 1 3
a 106 945 0 21 2
a 106 536 0 40 8
a 106 193 0 18 10
a 107 553 0 21 2
a 107 955 0 24 7
a 107 966 0 7 3
a 107 806 0 43 8
a 107 912 0 26 6
a 107 71 0 41 8
a 110 293 0 21 4
a 110 651 0 32 10
a 110 532 0 26 1
a 110 83 0 10 1
a 110 369 0 18 9
a 111 624 0 21 3
a 111 702 0 27 1
a 111 965 0 38 2
a 112 621 0 21 4
a 112 615 0 29 7
a 112 83 0 5 4
a 112 502 0 30 4
a 112 401 0 36 1
a 112 613 0 22 7
a 116 102 0 21 5
a 116 45 0 46 10
a 116 298 0 32 5
a 116 296 0 50 4
a 116 243 0 29 6
a 118 674 0 21 6
a 118 266 0 3 6
a 118 560 0 24 7
a 118 786 0 12 10
a 118 974 0 31 8
a 118 905 0 40 3
a 121 110 0 21 6
a 121 241 0 23 6
a 121 178 0 8 4
a 121 707 0 37 6
a 121 954 0 36 7
a 121 392 0 10 2
a 124 408 0 21 4
a 124 245 0 10 6
a 124 712 0 6 6
a 125 443 0 21 3
a 125 146 0 28 5
a 125 685 0 23 7
a 125 662 0 1 8
a 125 831 0 10 9
a 126 359 0 21 9
a 126 599 0 45 9
a 126 7 0 3 5
a 126 318 0 37 3
a 127 593 0 21 3
a 127 904 0 12 6
a 127 391 0 21 3
a 127 972 0 28 4
a 127 42 0 13 7
a 132 724 0 21 10
a 132 703 0 44 7
a 132 435 0 24 3
a 134 632 0 21 5
a 134 127 0 44 4
a 135 389 0 21 10
a 135 399 0 29 2
a 135 799 0 47 6
a 135 119 0 48 3
a 136 767 0 21 9
a 136 627 0 23 9
a 136 54 0 5 6
a 136 343 0 5 6
a 136 72 0 22 5
a 136 333 0 7 1
a 137 863 0 21 4
a 137 611 0 21 1
a 137 503 0 36 2
a 138 409 0 21 7
a 138 473 0 48 1
a 138 445 0 34 2
a 139 255 0 21 3
a 139 561 0 48 8
a 139 270 0 49 10
a 140 529 0 21 1
a 140 859 0 10 6
a 141 930 0 21 5
a 141 934 0 35 10
a 141 510 0 15 9
a 141 716 0 14 4
a 141 559 0 2 1
a 141 257 0 26 4
a 145 476 0 21 1
a 145 370 0 6 5
a 145 779 0 17 5
a 146 385 0 21 4
a 146 284 0 27 3
a 146 190 0 10 9
a 147 97 0 21 2
a 147 587 0 29 7
a 147 268 0 42 1
a 147 642 0 40 7
a 148 821 0 21 7
a 148 589 0 22 1
a 148 858 0 14 10
a 148 932 0 19 9
a 148 926 0 4 10
a 150 1000 0 21 4
a 150 480 0 21 9
a 150 461 0 3 8
a 150 460 0 49 9
a 150 177 0 29 4
a 150 94 0 38 10
a 150 639 0 29 4
a 156 208 0 21 9
a 156 119 0 43 10
a 156 481 0 20 4
a 156 689 0 32 9
a 156 714 0 6 7
a 159 628 0 21 2
a 159 71 0 21 10
a 159 420 0 28 2
a 159 775 0 18 3
a 161 170 0 21 7
a 161 120 0 10 5
a 161 517 0 39 6
a 161 66 0 5 5
a 167 35 0 21 8
a 167 936 0 48 8
a 167 184 0 22 10
a 167 417 0 18 7
a 167 704 0 5 6
a 167 228 0 35 4
a 168 952 0 21 10
a 168 886 0 40 8
a 168 828 0 21 5
a 168 658 0 40 9
a 170 18 0 21 10
a 170 924 0 13 9
a 173 544 0 21 1
a 173 650 0 30 4
a 173 927 0 23 1
a 173 472 0 2 3
a 173 696 0 4 1
a 173 976 0 45 2
a 176 262 0 21 1
a 176 312 0 14 8
a 176 481 0 46 2
a 176 991 0 17 9
a 176 227 0 23 2
a 178 229 0 21 1
a 178 84 0 42 7
a 178 875 0 45 6
a 179 842 0 21 2
a 179 176 0 13 1
a 179 302 0 1 6
a 179 32 0 32 5
a 179 765 0 39 6
a 179 457 0 45 7
a 180 258 0 21 8
a 180 48 0 41 10
a 180 966 0 40 4
a 182 344 0 21 7
a 182 608 0 33 6
a 182 578 0 37 4
a 182 292 0 50 6
a 182 28 0 25 6
a 182 93 0 47 3
a 184 685 0 21 3
a 184 20 0 36 5
a 186 892 0 21 10
a 186 865 0 19 5
a 187 204 0 21 10
a 187 415 0 19 4
a 187 597 0 14 4
a 187 34 0 17 9
a 187 704 0 43 8
a 187 842 0 20 6
a 189 700 0 21 5
a 189 918 0 11 10
a 189 549 0 38 2
a 189 954 0 15 3
a 189 382 0 6 10
a 189 822 0 16 6
a 193 501 0 21 4
a 193 35 0 48 7
a 193 385 0 50 1
a 193 139 0 34 2
a 193 835 0 16 4
a 193 683 0 17 1
a 194 664 0 21 6
a 194 422 0 47 2
a 194 572 0 47 2
a 194 8 0 12 5
a 194 312 0 32 6
a 194 183 0 29 1
a 201 125 0 21 6
a 201 323 0 22 8
a 201 256 0 19 10
a 201 968 0 50 3
a 201 409 0 40 6
a 201 459 0 37 8
a 202 410 0 21 4
a 202 576 0 30 2
a 202 667 0 11 8
a 202 668 0 26 9
a 202 231 0 14 9
a 202 858 0 24 4
a 204 12 0 21 9
a 204 485 0 21 1
a 204 222 0 0 7
a 206 107 0 21 7
a 206 502 0 18 6
a 206 908 0 5 9
a 206 781 0 21 7
a 206 224 0 26 4
a 208 401 0 21 6
a 208 186 0 31 8
a 208 5 0 15 5
a 213 462 0 21 8
a 213 233 0 12 2
a 213 765 0 42 4
a 217 723 0 21 1
a 217 716 0 46 5
a 217 227 0 10 5
a 217 740 0 30 8
a 217 724 0 32 10
a 217 90 0 36 10
a 220 825 0 21 6
a 220 195 0 20 1
a 220 498 0 42 8
a 220 540 0 9 1
a 220 860 0 32 2
a 221 505 0 21 4
a 221 942 0 13 8
a 221 315 0 6 5
a 221 244 0 20 8
a 221 38 0 26 5
a 221 822 0 39 7
a 223 179 0 21 2
a 223 736 0 50 5
a 223 733 0 14 9
a 223 339 0 19 5
a 224 710 0 21 7
a 224 9 0 0 10
a 225 186 0 21 7
a 225 265 0 46 4
a 225 761 0 28 2
a 225 758 0 40 7
a 228 103 0 21 6
a 228 131 0 23 3
a 228 914 0 1 2
a 228 696 0 35 3
a 228 211 0 10 2
a 229 194 0 21 10
a 229 600 0 33 6
a 231 545 0 21 7
a 231 355 0 40 2
a 231 500 0 47 3
a 234 338 0 21 2
a 234 335 0 49 1
a 234 297 0 36 6
a 234 653 0 31 8
a 234 577 0 24 10
a 239 45 0 21 1
a 239 32 0 26 1
a 239 703 0 9 1
a 239 798 0 28 7
a 239 999 0 1 9
a 239 718 0 40 6
a 240 657 0 21 6
a 240 52 0 48 7
a 240 183 0 43 6
a 240 389 0 38 1
a 240 293 0 39 5
a 241 136 0 21 9
a 241 68 0 19 8
a 241 354 0 21 6
a 243 374 0 21 7
a 243 368 0 22 2
a 244 326 0 21 4
a 244 35 0 26 5
a 244 214 0 9 8
a 244 344 0 7 1
a 244 245 0 32 5
a 246 575 0 21 1
a 246 637 0 49 6
a 246 777 0 50 1
a 246 103 0 48 5
a 247 832 0 21 6
a 247 172 0 15 6
a 247 487 0 29 9
a 247 554 0 37 2
a 248 649 0 21 2
a 248 175 0 9 1
a 248 962 0 44 3
a 248 752 0 32 5
a 248 453 0 43 2
a 249 610 0 21 10
a 249 340 0 19 10
a 250 566 0 21 9
a 250 681 0 30 7
a 250 746 0 8 3
a 250 327 0 19 8
a 250 976 0 18 6
a 250 627 0 45 4
a 252 608 0 21 5
a 252 86 0 5 2
a 252 264 0 23 1
a 252 289 0 9 3
a 252 558 0 41 1
a 252 613 0 32 9
a 253 159 0 21 6
a 253 403 0 7 7
a 253 931 0 23 6
a 253 544 0 17 9
a 253 951 0 30 4
a 254 520 0 21 7
a 254 22 0 2 5
a 254 726 0 48 3
a 254 143 0 23 6
a 254 865 0 33 2
a 254 733 0 3 1
a 255 708 0 21 3
a 255 736 0 45 4
a 256 234 0 21 10
a 256 704 0 17 4
a 256 311 0 15 3
a 256 812 0 35 9
a 256 876 0 13 10
a 257 141 0 21 2
a 257 505 0 3 7
a 257 713 0 3 4
a 258 876 0 21 4
a 258 492 0 18 8
a 258 275 0 22 2
a 258 499 0 23 1
a 259 770 0 21 5
a 259 911 0 16 10
a 259 283 0 34 7
a 259 21 0 33 1
a 259 156 0 40 3
a 259 919 0 40 8
a 261 201 0 21 1
a 261 912 0 49 5
a 261 770 0 20 5
a 261 582 0 38 1
a 262 395 0 21 5
a 262 24 0 3 2
a 262 749 0 13 2
a 262 733 0 47 4
a 262 702 0 34 4
a 265 705 0 21 1
a 265 619 0 16 7
a 265 513 0 8 6
a 265 435 0 37 9
a 265 757 0 36 10
a 265 992 0 43 10
a 266 453 0 21 9
a 266 273 0 1 7
a 266 390 0 19 10
a 266 159 0 39 6
a 268 661 0 21 7
a 268 486 0 9 5
a 272 118 0 21 4
a 272 805 0 35 5
a 272 778 0 8 3
a 272 86 0 14 10
a 272 482 0 3 5
a 274 335 0 21 1
a 274 872 0 33 2
a 274 278 0 2 1
a 274 380 0 27 5
a 274 661 0 15 5
a 274 313 0 22 7
a 277 946 0 21 7
a 277 286 0 48 9
a 277 119 0 47 10
a 277 944 0 3 9
a 277 552 0 19 6
a 279 949 0 21 10
a 279 609 0 35 1
a 280 362 0 21 2
a 280 306 0 15 5
a 283 202 0 21 8
a 283 222 0 38 2
a 286 342 0 21 7
a 286 193 0 5 2
a 286 116 0 49 4
a 286 203 0 16 5
a 286 898 0 38 5
a 287 340 0 21 2
a 287 510 0 6 7
a 287 638 0 4 1
a 288 333 0 21 1
a 288 152 0 20 9
a 288 42 0 31 6
a 288 798 0 4 9
a 290 820 0 21 3
a 290 330 0 28 5
a 290 582 0 49 10
a 290 91 0 26 3
a 290 271 0 23 2
a 290 458 0 25 2
a 291 246 0 21 4
a 291 262 0 44 7
a 291 384 0 10 2
a 292 47 0 21 9
a 292 198 0 14 4
a 292 225 0 1 3
a 292 371 0 30 5
a 293 241 0 21 8
a 293 926 0 24 3
a 297 716 0 21 5
a 297 300 0 4 10
a 297 203 0 29 8
a 297 563 0 50 8
a 300 54 0 21 6
a 300 255 0 9 9
a 300 636 0 27 9
a 300 380 0 47 7
a 300 202 0 45 8
a 300 857 0 3 2
a 301 598 0 21 4
a 301 261 0 2 2
a 301 595 0 23 4
a 301 233 0 29 10
a 301 132 0 31 5
a 303 771 0 21 4
a 303 541 0 9 3
a 303 790 0 33 5
a 303 696 0 3 5
a 303 761 0 10 9
a 303 142 0 12 8
a 305 756 0 21 10
a 305 870 0 6 2
a 306 660 0 21 1
a 306 299 0 1 4
a 306 469 0 50 2
a 306 53 0 18 2
a 309 407 0 21 3
a 309 706 0 0 9
a 309 658 0 44 4
a 309 672 0 42 5
a 309 17 0 42 10
a 309 105 0 49 6
a 311 464 0 21 9
a 311 585 0 23 9
a 314 554 0 21 3
a 314 382 0 7 4
a 314 737 0 0 4
a 314 607 0 16 9
a 314 664 0 45 4
a 314 60 0 35 9
a 315 794 0 21 7
a 315 696 0 2 8
a 315 364 0 38 7
a 315 896 0 21 3
a 315 576 0 49 6
a 316 317 0 21 8
a 316 837 0 9 4
a 316 460 0 50 2
a 316 551 0 42 4
a 316 985 0 0 4
a 317 228 0 21 6
a 317 588 0 22 1
a 317 393 0 29 10
a 317 615 0 47 6
a 319 993 0 21 7
a 319 798 0 0 4
a 319 448 0 18 3
a 320 365 0 21 9
a 320 302 0 25 9
a 320 779 0 44 5
a 320 494 0 21 4
a 320 691 0 18 2
a 326 782 0 21 3
a 326 772 0 36 8
a 326 481 0 47 1
a 326 904 0 34 3
a 326 958 0 34 2
a 327 642 0 21 2
a 327 417 0 22 9
a 327 706 0 28 7
a 327 542 0 49 4
a 327 760 0 21 9
a 327 572 0 34 6
a 329 850 0 21 8
a 329 917 0 49 10
a 329 951 0 49 3
a 330 793 0 21 8
a 330 284 0 25 8
a 330 573 0 15 1
a 330 783 0 29 8
a 333 956 0 21 4
a 333 519 0 42 2
a 333 416 0 8 10
a 334 146 0 21 4
a 334 176 0 19 3
a 334 589 0 43 5
a 335 303 0 21 7
a 335 571 0 33 1
a 335 505 0 17 4
a 335 187 0 24 2
a 336 932 0 21 9
a 336 866 0 7 2
a 336 304 0 14 1
a 338 147 0 21 1
a 338 951 0 48 8
a 338 970 0 47 7
a 338 967 0 9 7
a 340 856 0 21 8
a 340 374 0 43 4
a 341 268 0 21 2
a 341 529 0 11 5
a 341 326 0 5 6
a 341 525 0 38 6
a 341 762 0 27 6
a 341 43 0 43 5
a 342 363 0 21 3
a 342 177 0 46 8
a 342 50 0 21 3
a 342 796 0 28 3
a 342 774 0 49 4
a 344 316 0 21 10
a 344 867 0 47 7
a 344 240 0 19 7
a 344 268 0 44 4
a 344 179 0 24 5
a 344 888 0 18 10
a 345 253 0 21 8
a 345 355 0 7 5
a 348 256 0 21 1
a 348 324 0 9 6
a 350 467 0 21 5
a 350 171 0 45 2
a 350 289 0 27 2
a 350 414 0 20 6
a 351 387 0 21 4
a 351 706 0 20 6
a 351 415 0 10 6
a 351 268 0 50 5
a 351 167 0 15 4
a 351 911 0 30 8
a 353 805 0 21 2
a 353 813 0 10 7
a 353 200 0 15 7
a 353 225 0 36 6
a 356 741 0 21 7
a 356 172 0 36 5
a 357 454 0 21 3
a 357 711 0 19 7
a 358 840 0 21 4
a 358 148 0 16 3
a 358 541 0 18 4
a 358 407 0 24 10
a 359 693 0 21 8
a 359 920 0 43 4
a 359 641 0 6 5
a 359 26 0 7 4
a 360 849 0 21 2
a 360 687 0 23 7
a 360 451 0 20 7
a 360 848 0 36 3
a 360 457 0 9 9
a 362 652 0 21 2
a 362 423 0 38 10
a 363 398 0 21 2
a 363 70 0 0 7
a 363 346 0 21 2
a 363 709 0 4 3
a 365 619 0 21 7
a 365 617 0 0 6
a 365 426 0 45 10
a 370 415 0 21 9
a 370 238 0 2 7
a 370 567 0 36 8
a 370 771 0 44 5
a 370 150 0 33 4
a 372 39 0 21 1
a 372 198 0 12 7
a 372 919 0 3 5
a 372 501 0 20 8
a 372 611 0 14 10
a 372 373 0 4 10
a 373 497 0 21 7
a 373 171 0 44 6
a 373 947 0 7 4
a 373 733 0 40 8
a 373 10 0 13 9
a 373 984 0 15 6
a 374 688 0 21 7
a 374 501 0 19 7
a 374 610 0 33 5
a 374 260 0 36 5
a 374 402 0 48 9
a 375 206 0 21 6
a 375 357 0 8 9
a 376 683 0 21 10
a 376 707 0 32 9
a 379 126 0 21 5
a 379 844 0 33 7
a 380 689 0 21 4
a 380 949 0 5 2
a 380 166 0 25 10
a 381 909 0 21 10
a 381 767 0 39 8
a 385 679 0 21 2
a 385 498 0 14 4
a 386 582 0 21 7
a 386 130 0 3 9
a 386 719 0 42 9
a 387 370 0 21 9
a 387 275 0 23 10
a 387 512 0 29 3
a 387 96 0 39 10
a 389 937 0 21 8
a 389 966 0 12 6
a 389 536 0 34 8
a 389 924 0 50 1
a 389 200 0 2 4
a 392 903 0 21 1
a 392 988 0 48 3
a 392 201 0 12 10
a 392 750 0 16 5
a 395 105 0 21 6
a 395 78 0 47 7
a 395 223 0 30 7
a 395 196 0 46 6
a 395 549 0 8 7
a 397 942 0 21 6
a 397 489 0 30 1
a 397 466 0 32 8
a 397 157 0 45 3
a 397 672 0 17 8
a 397 235 0 22 3
a 398 626 0 21 5
a 398 576 0 36 1
a 399 80 0 21 5
a 399 177 0 32 10
a 399 542 0 34 5
a 399 617 0 5 8
a 400 748 0 21 1
a 400 118 0 43 6
a 400 873 0 13 5
a 400 111 0 19 8
a 400 179 0 10 3
a 401 988 0 21 6
a 401 586 0 5 10
a 401 45 0 48 3
a 401 746 0 24 3
a 401 298 0 16 10
a 401 182 0 48 8
a 402 747 0 21 8
a 402 238 0 34 7
a 402 680 0 49 7
a 402 522 0 46 4
a 407 925 0 21 9
a 407 753 0 45 6
a 407 608 0 22 10
a 407 851 0 47 1
a 408 913 0 21 6
a 408 525 0 31 8
a 409 510 0 21 6
a 409 203 0 28 1
a 410 833 0 21 7
a 410 770 0 11 7
a 410 486 0 20 8
a 414 461 0 21 9
a 414 808 0 42 2
a 415 998 0 21 3
a 415 5 0 22 2
a 415 570 0 25 6
a 415 333 0 30 9
a 415 611 0 13 9
a 417 372 0 21 4
a 417 796 0 16 10
a 417 854 0 6 3
a 417 798 0 28 8
a 417 70 0 9 5
a 421 32 0 21 5
a 421 198 0 10 2
a 421 680 0 6 9
a 421 605 0 2 8
a 421 433 0 28 1
a 422 311 0 21 6
a 422 989 0 7 9
a 422 148 0 43 2
a 422 350 0 36 6
a 424 315 0 21 9
a 424 255 0 28 5
a 424 472 0 43 7
a 424 272 0 27 10
a 424 212 0 16 3
a 424 126 0 44 7
a 425 681 0 21 2
a 425 641 0 45 10
a 425 104 0 31 10
a 426 357 0 21 4
a 426 700 0 18 8
a 426 974 0 25 4
a 430 712 0 21 3
a 430 45 0 4 4
a 430 856 0 3 10
a 430 190 0 48 1
a 430 278 0 10 10
a 430 328 0 28 6
a 431 722 0 21 10
a 431 810 0 27 6
a 432 817 0 21 7
a 432 206 0 35 9
a 432 189 0 14 9
a 432 690 0 42 2
a 432 212 0 11 8
a 438 353 0 21 10
a 438 584 0 41 4
a 438 172 0 34 4
a 438 233 0 16 10
a 438 417 0 29 3
a 439 100 0 21 4
a 439 894 0 36 9
a 439 187 0 46 4
a 440 6 0 21 10
a 440 330 0 13 6
a 440 803 0 45 8
a 440 588 0 44 2
a 440 678 0 20 4
a 440 689 0 23 9
a 442 851 0 21 2
a 442 841 0 7 10
a 442 264 0 11 5
a 442 36 0 41 9
a 443 249 0 21 4
a 443 668 0 37 10
a 444 482 0 21 7
a 444 205 0 8 9
a 444 291 0 50 9
a 444 977 0 46 6
a 444 821 0 44 2
a 444 417 0 2 3
a 445 13 0 21 3
a 445 6 0 2 3
a 445 556 0 17 5
a 445 948 0 2 10
a 445 193 0 42 3
a 445 734 0 21 7
a 450 558 0 21 3
a 450 29 0 22 4
a 450 691 0 35 2
a 450 844 0 27 5
a 453 857 0 21 4
a 453 72 0 9 7
a 453 263 0 2 6
a 453 491 0 14 4
a 453 741 0 19 5
a 454 259 0 21 3
a 454 220 0 34 2
a 454 195 0 10 9
a 454 141 0 9 10
a 454 816 0 12 8
a 454 159 0 18 1
a 456 127 0 21 4
a 456 577 0 39 7
a 458 804 0 21 3
a 458 813 0 47 9
a 459 309 0 21 7
a 459 553 0 41 4
a 459 254 0 15 3
a 459 82 0 23 4
a 459 968 0 3 1
a 459 957 0 7 2
a 461 843 0 21 7
a 461 337 0 46 8
a 461 382 0 14 1
a 462 557 0 21 10
a 462 660 0 12 3
a 462 171 0 46 8
a 462 634 0 41 4
a 462 826 0 43 10
a 462 857 0 17 6
a 463 138 0 21 1
a 463 781 0 27 3
a 463 878 0 37 3
a 463 269 0 48 6
a 463 89 0 10 1
a 463 103 0 28 8
a 464 279 0 21 4
a 464 806 0 9 10
a 464 702 0 39 6
a 464 525 0 19 1
a 464 252 0 12 6
a 465 959 0 21 1
a 465 598 0 7 6
a 467 336 0 21 8
a 467 227 0 39 2
a 467 395 0 21 3
a 467 319 0 7 3
a 470 659 0 21 4
a 470 569 0 43 8
a 473 967 0 21 6
a 473 329 0 42 7
a 473 601 0 1 5
a 473 5 0 45 1
a 473 8 0 5 8
a 476 76 0 21 6
a 476 976 0 44 10
a 476 195 0 30 6
a 476 948 0 23 1
a 476 819 0 40 10
a 476 414 0 40 10
a 477 511 0 21 6
a 477 889 0 37 8
a 478 943 0 21 4
a 478 129 0 13 9
a 478 878 0 40 6
a 478 453 0 5 2
a 479 20 0 21 5
a 479 295 0 24 6
a 479 763 0 10 9
a 479 68 0 23 5
a 479 74 0 38 3
a 479 155 0 1 9
a 480 479 0 21 1
a 480 694 0 6 6
a 480 190 0 27 2
a 480 830 0 47 10
a 480 891 0 47 8
a 480 495 0 33 5
a 482 392 0 21 9
a 482 234 0 32 7
a 482 540 0 26 8
a 483 94 0 21 9
a 483 362 0 7 3
a 483 854 0 16 7
a 483 889 0 12 10
a 483 980 0 9 6
a 484 612 0 21 6
a 484 651 0 12 8
a 486 121 0 21 4
a 486 122 0 50 7
a 486 572 0 37 2
a 487 250 0 21 10
a 487 895 0 5 1
a 487 722 0 42 2
a 492 641 0 21 7
a 492 542 0 4 1
a 492 399 0 29 10
a 494 673 0 21 7
a 494 193 0 30 4
a 494 87 0 31 2
a 495 800 0 21 1
a 495 703 0 7 1
a 495 652 0 22 7
a 495 255 0 48 5
a 495 482 0 43 9
a 497 819 0 21 2
a 497 710 0 45 3
a 497 664 0 29 7
a 501 356 0 21 6
a 501 31 0 42 2
a 501 150 0 26 5
a 505 823 0 21 1
a 505 866 0 14 10
a 505 486 0 38 3
a 505 449 0 12 5
a 505 690 0 29 9
a 506 512 0 21 9
a 506 970 0 7 9
a 506 131 0 0 7
a 506 395 0 30 9
a 506 264 0 15 1
a 506 190 0 36 3
a 510 450 0 21 8
a 510 731 0 22 6
a 510 5 0 33 3
a 511 456 0 21 3
a 511 233 0 14 8
a 512 75 0 21 4
a 512 148 0 11 3
a 512 597 0 18 9
a 514 23 0 21 4
a 514 745 0 3 10
a 515 417 0 21 7
a 515 713 0 12 5
a 515 86 0 7 2
a 515 425 0 50 8
a 515 750 0 3 7
a 515 194 0 22 4
a 517 874 0 21 5
a 517 593 0 30 8
a 517 86 0 12 2
a 517 617 0 42 8
a 517 183 0 32 4
a 517 719 0 25 2
a 518 944 0 21 1
a 518 267 0 33 5
a 518 61 0 21 7
a 518 776 0 33 7
a 518 226 0 23 3
a 518 275 0 32 10
a 520 40 0 21 10
a 520 160 0 49 9
a 526 560 0 21 2
a 526 479 0 21 10
a 526 284 0 34 4
a 528 658 0 21 8
a 528 956 0 30 2
a 528 993 0 27 5
a 528 191 0 43 4
a 528 143 0 35 10
a 529 542 0 21 1
a 529 866 0 11 6
a 529 390 0 35 10
a 529 852 0 35 3
a 539 687 0 21 5
a 539 80 0 38 2
a 539 258 0 24 8
a 539 215 0 48 6
a 539 521 0 17 10
a 539 242 0 44 1
a 542 758 0 21 4
a 542 40 0 1 10
a 542 539 0 46 8
a 542 90 0 17 1
a 542 893 0 4 3
a 542 159 0 45 8
a 543 636 0 21 7
a 543 560 0 19 2
a 544 818 0 21 7
a 544 83 0 46 7
a 544 966 0 11 1
a 544 457 0 16 5
a 545 546 0 21 2
a 545 718 0 33 10
a 546 193 0 21 6
a 546 641 0 31 9
a 546 23 0 30 10
a 547 148 0 21 4
a 547 80 0 23 5
a 550 515 0 21 1
a 550 440 0 46 5
a 550 86 0 26 2
a 550 527 0 33 6
a 550 77 0 19 3
a 551 7 0 21 3
a 551 21 0 16 6
a 551 84 0 21 4
a 551 846 0 41 6
a 552 637 0 21 7
a 552 1000 0 41 8
a 553 350 0 21 4
a 553 562 0 21 8
a 553 823 0 13 4
a 553 782 0 36 3
a 553 629 0 39 3
a 554 791 0 21 2
a 554 873 0 28 7
a 554 279 0 40 7
a 554 182 0 20 4
a 554 347 0 50 5
a 554 525 0 29 8
a 557 539 0 21 9
a 557 741 0 13 5
a 557 40 0 23 2
a 557 404 0 16 9
a 557 493 0 49 10
a 558 573 0 21 7
a 558 962 0 50 8
a 559 430 0 21 6
a 559 231 0 0 9
a 560 98 0 21 4
a 560 990 0 50 8
a 560 924 0 12 6
a 560 126 0 10 8
a 562 373 0 21 9
a 562 655 0 21 9
a 562 877 0 38 5
a 565 568 0 21 1
a 565 82 0 7 9
a 565 820 0 10 7
a 565 107 0 23 4
a 565 577 0 13 5
a 565 210 0 29 8
a 566 112 0 21 7
a 566 66 0 6 7
a 566 669 0 26 9
a 566 292 0 39 2
a 566 109 0 26 4
a 568 239 0 21 4
a 568 379 0 34 3
a 568 735 0 48 6
a 572 217 0 21 10
a 572 287 0 41 6
a 572 758 0 18 10
a 572 490 0 47 9
a 572 125 0 8 6
a 573 572 0 21 5
a 573 740 0 0 5
a 575 543 0 21 9
a 575 594 0 33 2
a 575 333 0 35 7
a 575 499 0 30 8
a 579 495 0 21 2
a 579 76 0 1 7
a 579 111 0 7 2
a 579 625 0 36 5
a 579 884 0 3 10
a 581 265 0 21 1
a 581 25 0 27 6
a 581 652 0 24 10
a 581 184 0 43 9
a 582 704 0 21 9
a 582 1000 0 8 1
a 582 548 0 35 8
a 582 804 0 32 9
a 582 989 0 15 1
a 582 164 0 36 7
a 585 327 0 21 5
a 585 337 0 23 7
a 585 763 0 14 2
a 586 358 0 21 7
a 586 681 0 15 2
a 586 923 0 1 7
a 586 386 0 47 5
a 586 327 0 0 6
a 588 440 0 21 5
a 588 148 0 26 5
a 588 643 0 8 4
a 588 571 0 32 1
a 588 527 0 39 9
a 588 671 0 13 1
a 591 597 0 21 7
a 591 137 0 11 9
a 591 102 0 4 7
a 591 113 0 10 1
a 591 289 0 29 5
a 591 722 0 48 1
a 592 803 0 21 10
a 592 875 0 21 5
a 592 261 0 41 9
a 592 199 0 43 9
a 593 187 0 21 5
a 593 278 0 40 1
a 593 728 0 46 4
a 595 221 0 21 4
a 595 757 0 23 2
a 595 884 0 15 6
a 595 762 0 50 7
a 595 824 0 6 3
a 595 236 0 12 1
a 597 300 0 21 6
a 597 178 0 37 6
a 597 565 0 15 8
a 598 402 0 21 6
a 598 547 0 36 5
a 598 676 0 34 2
a 598 649 0 8 4
a 599 134 0 21 8
a 599 127 0 28 5
a 599 524 0 31 1
a 599 239 0 31 1
a 599 998 0 43 5
a 601 994 0 21 3
a 601 979 0 25 6
a 601 788 0 32 5
a 601 419 0 31 3
a 602 550 0 21 7
a 602 361 0 8 9
a 602 483 0 46 2
a 603 822 0 21 2
a 603 912 0 27 6
a 603 477 0 0 2
a 605 585 0 21 6
a 605 642 0 7 3
a 608 667 0 21 4
a 608 820 0 26 2
a 608 793 0 9 5
a 608 303 0 40 10
a 608 590 0 29 2
a 608 917 0 29 10
a 610 247 0 21 7
a 610 878 0 42 3
a 611 707 0 21 2
a 611 441 0 2 2
a 611 313 0 5 3
a 611 310 0 44 6
a 612 421 0 21 2
a 612 198 0 35 1
a 612 626 0 43 8
a 612 156 0 18 1
a 614 870 0 21 9
a 614 213 0 41 9
a 615 465 0 21 9
a 615 467 0 40 7
a 615 277 0 19 7
a 615 641 0 23 2
a 615 483 0 4 7
a 615 708 0 2 2
a 618 663 0 21 6
a 618 470 0 34 7
a 618 188 0 19 10
a 618 565 0 15 5
a 618 490 0 50 2
a 618 540 0 35 5
a 619 189 0 21 7
a 619 622 0 28 6
a 620 231 0 21 10
a 620 320 0 29 3
a 620 570 0 27 3
a 621 740 0 21 2
a 621 339 0 32 1
a 624 439 0 21 5
a 624 861 0 39 5
a 624 748 0 48 9
a 624 102 0 46 9
a 624 990 0 39 5
a 625 60 0 21 2
a 625 93 0 8 4
a 625 802 0 20 1
a 625 169 0 44 8
a 626 19 0 21 3
a 626 499 0 42 4
a 626 538 0 16 4
a 628 958 0 21 10
a 628 832 0 20 7
a 628 908 0 39 6
a 628 539 0 35 3
a 628 896 0 21 5
a 628 858 0 33 8
a 632 847 0 21 8
a 632 382 0 38 3
a 632 646 0 29 2
a 632 142 0 41 10
a 632 884 0 22 10
a 632 290 0 5 6
a 634 686 0 21 3
a 634 278 0 7 3
a 634 715 0 35 8
a 634 248 0 39 10
a 634 471 0 5 8
a 634 93 0 46 1
a 636 699 0 21 4
a 636 528 0 10 7
a 637 424 0 21 7
a 637 40 0 4 6
a 637 696 0 26 2
a 637 550 0 42 7
a 640 360 0 21 8
a 640 778 0 7 10
a 640 214 0 42 10
a 640 210 0 2 4
a 641 960 0 21 9
a 641 505 0 24 3
a 641 59 0 45 6
a 641 994 0 19 7
a 642 280 0 21 7
a 642 708 0 36 6
a 642 962 0 39 6
a 642 110 0 29 10
a 642 431 0 12 2
a 642 57 0 1 5
a 646 292 0 21 7
a 646 251 0 13 2
a 646 560 0 25 3
a 646 414 0 43 10
a 646 951 0 27 9
a 646 551 0 15 6
a 649 477 0 21 3
a 649 621 0 48 4
a 649 608 0 6 4
a 650 528 0 21 6
a 650 425 0 23 2
a 650 455 0 31 9
a 650 359 0 43 7
a 650 502 0 6 2
a 651 320 0 21 7
a 651 52 0 39 2
a 652 173 0 21 5
a 652 917 0 13 7
a 653 261 0 21 9
a 653 811 0 4 2
a 653 613 0 45 8
a 653 946 0 18 5
a 655 81 0 21 10
a 655 333 0 32 6
a 655 429 0 39 6
a 655 708 0 5 6
a 657 140 0 21 6
a 657 22 0 41 9
a 658 168 0 21 7
a 658 944 0 12 9
a 658 391 0 20 1
a 658 376 0 3 3
a 659 514 0 21 2
a 659 609 0 8 6
a 659 871 0 48 10
a 659 166 0 6 5
a 659 653 0 25 9
a 659 455 0 13 3
a 660 929 0 21 2
a 660 381 0 8 2
a 660 134 0 17 8
a 660 221 0 34 6
a 661 911 0 21 2
a 661 647 0 11 3
a 661 93 0 13 8
a 661 881 0 27 10
a 661 681 0 31 10
a 663 684 0 21 5
a 663 158 0 48 7
a 663 66 0 23 4
a 664 116 0 21 5
a 664 642 0 26 2
a 664 44 0 34 6
a 667 603 0 21 7
a 667 913 0 2 1
a 667 550 0 39 7
a 667 480 0 17 3
a 667 702 0 45 2
a 670 711 0 21 6
a 670 831 0 26 10
a 673 458 0 21 8
a 673 440 0 18 1
a 673 918 0 34 2
a 673 560 0 43 3
a 673 755 0 31 1
a 673 253 0 39 5
a 674 291 0 21 10
a 674 857 0 44 2
a 674 235 0 18 6
a 679 783 0 21 4
a 679 736 0 49 8
a 679 902 0 48 2
a 679 994 0 9 4
a 681 63 0 21 6
a 681 11 0 26 2
a 681 132 0 0 5
a 681 181 0 13 10
a 683 139 0 21 1
a 683 584 0 20 4
a 683 764 0 22 1
a 684 879 0 21 3
a 684 807 0 28 8
a 684 28 0 23 10
a 684 346 0 33 5
a 684 849 0 22 7
a 684 301 0 28 7
a 685 178 0 21 2
a 685 452 0 48 10
a 685 517 0 33 2
a 685 166 0 12 6
a 685 292 0 13 5
a 685 423 0 0 3
a 686 9 0 21 1
a 686 48 0 38 5
a 686 604 0 17 4
a 687 691 0 21 3
a 687 131 0 37 5
a 687 870 0 22 7
a 687 550 0 3 7
a 688 695 0 21 1
a 688 449 0 32 9
a 688 874 0 29 4
a 689 473 0 21 9
a 689 357 0 23 2
a 691 494 0 21 3
a 691 103 0 46 9
a 691 131 0 34 5
a 691 126 0 38 6
a 691 465 0 46 4
a 693 918 0 21 2
a 693 837 0 41 2
a 693 223 0 21 9
a 693 238 0 44 4
a 695 137 0 21 10
a 695 551 0 7 1
a 695 29 0 22 6
a 695 797 0 7 9
a 695 603 0 33 6
a 699 224 0 21 10
a 699 418 0 16 3
a 699 983 0 5 8
a 699 136 0 37 5
a 699 967 0 4 1
a 700 492 0 21 9
a 700 844 0 13 5
a 700 124 0 10 10
a 700 242 0 6 7
a 703 809 0 21 2
a 703 465 0 10 10
a 703 375 0 2 3
a 704 798 0 21 7
a 704 683 0 25 2
a 704 980 0 31 8
a 704 594 0 26 2
a 705 386 0 21 9
a 705 976 0 30 3
a 705 332 0 34 5
a 705 693 0 0 1
a 706 399 0 21 7
a 706 705 0 41 4
a 707 106 0 21 8
a 707 409 0 2 4
a 707 445 0 11 3
a 707 402 0 18 5
a 708 248 0 21 3
a 708 482 0 32 10
a 708 761 0 4 2
a 708 331 0 11 2
a 710 287 0 21 4
a 710 920 0 37 8
a 710 172 0 20 7
a 711 592 0 21 3
a 711 239 0 6 6
a 711 714 0 39 6
a 711 284 0 13 6
a 711 703 0 1 10
a 712 400 0 21 7
a 712 848 0 48 1
a 716 982 0 21 7
a 716 59 0 6 3
a 722 862 0 21 10
a 722 178 0 40 10
a 722 245 0 35 7
a 723 837 0 21 3
a 723 724 0 43 2
a 723 678 0 3 6
a 724 739 0 21 5
a 724 17 0 17 1
a 724 330 0 5 4
a 724 988 0 22 2
a 724 158 0 34 7
a 727 82 0 21 3
a 727 505 0 48 8
a 727 136 0 43 1
a 727 214 0 35 6
a 729 70 0 21 1
a 729 97 0 18 1
a 729 906 0 25 3
a 729 322 0 48 5
a 738 562 0 21 2
a 738 287 0 39 1
a 738 949 0 41 10
a 739 376 0 21 4
a 739 561 0 48 10
a 739 611 0 11 2
a 739 151 0 1 4
a 740 846 0 21 10
a 740 517 0 41 9
a 740 754 0 0 4
a 741 442 0 21 5
a 741 259 0 6 5
a 742 703 0 21 1
a 742 109 0 35 1
a 742 66 0 17 10
a 742 27 0 38 7
a 742 192 0 35 4
a 744 517 0 21 3
a 744 82 0 38 3
a 744 808 0 19 7
a 746 470 0 21 6
a 746 155 0 8 7
a 746 448 0 38 1
a 747 588 0 21 8
a 747 490 0 5 8
a 747 379 0 13 6
a 747 482 0 4 4
a 747 949 0 21 4
a 748 220 0 21 10
a 748 959 0 20 7
a 748 570 0 49 2
a 748 280 0 45 3
a 748 902 0 36 3
a 753 591 0 21 6
a 753 875 0 15 7
a 753 634 0 41 10
a 753 611 0 34 8
a 754 306 0 21 5
a 754 751 0 14 3
a 754 340 0 12 1
a 754 103 0 39 1
a 756 111 0 21 4
a 756 977 0 23 9
a 756 726 0 32 5
a 756 972 0 7 7
a 756 316 0 0 2
a 758 810 0 21 7
a 758 592 0 19 9
a 758 962 0 3 4
a 758 898 0 35 3
a 758 719 0 6 4
a 759 650 0 21 8
a 759 799 0 7 5
a 759 122 0 47 1
a 761 655 0 21 6
a 761 844 0 5 5
a 764 86 0 21 1
a 764 464 0 14 4
a 764 463 0 49 10
a 764 358 0 49 9
a 767 864 0 21 4
a 767 329 0 43 5
a 767 626 0 12 10
a 767 527 0 49 5
a 767 153 0 16 1
a 770 706 0 21 7
a 770 219 0 10 3
a 771 478 0 21 3
a 771 418 0 18 2
a 771 663 0 31 2
a 779 33 0 21 6
a 779 175 0 38 9
a 781 790 0 21 4
a 781 308 0 21 9
a 782 38 0 21 2
a 782 870 0 42 8
a 783 653 0 21 8
a 783 965 0 12 8
a 783 995 0 49 7
a 783 51 0 27 2
a 783 251 0 32 7
a 790 873 0 21 2
a 790 940 0 34 9
a 790 680 0 26 9
a 790 802 0 12 6
a 791 518 0 21 10
a 791 856 0 30 4
a 791 922 0 22 7
a 793 999 0 21 7
a 793 591 0 6 2
a 794 896 0 21 6
a 794 386 0 22 9
a 797 348 0 21 9
a 797 552 0 20 2
a 798 135 0 21 6
a 798 808 0 8 8
a 798 22 0 35 9
a 798 626 0 34 5
a 798 467 0 43 8
a 800 150 0 21 10
a 800 51 0 14 10
a 800 155 0 11 1
a 800 99 0 46 10
a 800 29 0 29 3
a 803 414 0 21 9
a 803 804 0 11 3
a 803 207 0 20 1
a 803 8 0 47 9
a 803 74 0 0 3
a 804 738 0 21 6
a 804 235 0 27 9
a 805 601 0 21 8
a 805 508 0 24 6
a 805 481 0 22 10
a 805 669 0 23 9
a 809 646 0 21 7
a 809 181 0 31 1
a 809 71 0 13 8
a 809 963 0 39 9
a 810 940 0 21 6
a 810 590 0 26 2
a 810 873 0 7 9
a 816 330 0 21 9
a 816 547 0 25 3
a 816 296 0 31 1
a 817 595 0 21 9
a 817 588 0 20 4
a 817 165 0 19 5
a 817 304 0 42 10
a 818 634 0 21 3
a 818 572 0 7 8
a 819 838 0 21 2
a 819 93 0 41 5
a 820 444 0 21 3
a 820 169 0 42 1
a 821 283 0 21 7
a 821 184 0 48 5
a 821 125 0 36 3
a 821 152 0 28 4
a 821 480 0 22 3
a 821 59 0 25 3
a 822 983 0 21 9
a 822 200 0 1 3
a 822 544 0 6 10
a 822 574 0 0 8
a 822 707 0 46 9
a 823 759 0 21 6
a 823 639 0 17 4
a 823 849 0 1 9
a 823 258 0 17 1
a 823 403 0 4 9
a 825 381 0 21 3
a 825 144 0 48 7
a 825 55 0 26 6
a 832 483 0 21 7
a 832 33 0 12 7
a 833 244 0 21 5
a 833 623 0 6 2
a 833 488 0 41 7
a 833 40 0 48 9
a 833 781 0 8 10
a 834 586 0 21 4
a 834 772 0 35 6
a 837 764 0 21 1
a 837 29 0 40 10
a 838 651 0 21 4
a 838 325 0 42 2
a 838 794 0 50 2
a 838 596 0 38 10
a 838 482 0 50 4
a 840 885 0 21 9
a 840 707 0 36 7
a 841 506 0 21 5
a 841 531 0 33 3
a 842 781 0 21 4
a 842 302 0 15 10
a 843 266 0 21 6
a 843 880 0 38 2
a 846 581 0 21 7
a 846 855 0 3 2
a 847 901 0 21 9
a 847 10 0 50 2
a 847 577 0 19 1
a 847 660 0 38 6
a 847 687 0 42 10
a 847 459 0 9 4
a 849 431 0 21 1
a 849 380 0 17 8
a 849 62 0 35 10
a 849 639 0 47 4
a 850 746 0 21 2
a 850 572 0 6 5
a 850 867 0 49 3
a 850 421 0 21 10
a 850 46 0 1 5
a 851 156 0 21 5
a 851 888 0 46 4
a 851 594 0 10 1
a 851 122 0 49 7
a 851 408 0 34 9
a 851 576 0 25 6
a 854 922 0 21 8
a 854 710 0 3 1
a 854 555 0 47 9
a 854 995 0 32 8
a 856 62 0 21 8
a 856 783 0 47 7
a 856 753 0 1 1
a 856 44 0 27 10
a 856 291 0 41 1
a 857 272 0 21 6
a 857 153 0 0 1
a 857 933 0 12 4
a 857 329 0 25 6
a 860 599 0 21 7
a 860 485 0 35 7
a 860 665 0 31 3
a 860 233 0 28 1
a 860 713 0 34 10
a 862 761 0 21 7
a 862 418 0 29 5
a 862 135 0 11 2
a 862 728 0 21 5
a 862 263 0 35 1
a 863 334 0 21 8
a 863 938 0 39 7
a 863 228 0 31 4
a 863 685 0 39 5
a 864 579 0 21 8
a 864 964 0 40 6
a 864 866 0 31 4
a 870 277 0 21 7
a 870 542 0 29 2
a 870 973 0 46 10
a 870 248 0 3 8
a 870 990 0 19 8
a 873 551 0 21 4
a 873 359 0 22 2
a 873 772 0 11 2
a 874 46 0 21 2
a 874 88 0 6 6
a 876 274 0 21 8
a 876 892 0 49 1
a 876 790 0 6 1
a 876 227 0 20 5
a 879 670 0 21 6
a 879 398 0 35 3
a 879 522 0 10 6
a 885 182 0 21 4
a 885 901 0 19 8
a 885 488 0 2 7
a 885 37 0 35 3
a 892 432 0 21 8
a 892 720 0 15 7
a 892 262 0 47 5
a 892 907 0 40 1
a 892 3 0 24 1
a 896 397 0 21 7
a 896 846 0 46 2
a 896 209 0 38 7
a 896 220 0 4 5
a 896 176 0 34 8
a 901 487 0 21 2
a 901 852 0 16 4
a 901 632 0 12 5
a 901 35 0 41 2
a 901 454 0 23 1
a 903 223 0 21 8
a 903 531 0 47 6
a 903 684 0 50 2
a 903 999 0 40 2
a 903 544 0 45 1
a 909 729 0 21 7
a 909 280 0 50 3
a 909 716 0 19 8
a 909 343 0 44 2
a 909 406 0 36 9
a 911 950 0 21 4
a 911 348 0 1 8
a 912 426 0 21 6
a 912 762 0 36 9
a 912 328 0 6 5
a 913 99 0 21 8
a 913 51 0 34 5
a 913 521 0 3 5
a 914 620 0 21 6
a 914 344 0 5 10
a 914 831 0 7 4
a 918 753 0 21 8
a 918 254 0 23 6
a 918 301 0 42 10
a 920 290 0 21 6
a 920 950 0 35 4
a 920 921 0 18 8
a 920 850 0 22 9
a 920 333 0 15 5
a 922 145 0 21 5
a 922 807 0 2 4
a 922 610 0 11 8
a 922 811 0 32 5
a 922 813 0 47 5
a 925 486 0 21 1
a 925 479 0 5 2
a 925 869 0 11 6
a 925 466 0 30 8
a 929 565 0 21 2
a 929 288 0 2 5
a 929 888 0 47 5
a 930 314 0 21 7
a 930 793 0 31 4
a 930 899 0 16 9
a 930 593 0 27 1
a 932 83 0 21 10
a 932 747 0 33 7
a 932 372 0 38 10
a 932 226 0 38 8
a 935 124 0 21 4
a 935 284 0 12 10
a 935 913 0 45 3
a 937 176 0 21 4
a 937 640 0 4 10
a 937 629 0 50 8
a 937 60 0 26 2
a 939 341 0 21 5
a 939 938 0 30 10
a 939 311 0 37 6
a 939 876 0 37 7
a 940 552 0 21 3
a 940 510 0 6 8
a 942 36 0 21 6
a 942 920 0 9 3
a 942 376 0 35 9
a 943 351 0 21 4
a 943 887 0 48 3
a 943 404 0 13 2
a 944 779 0 21 7
a 944 579 0 31 1
a 944 468 0 17 7
a 945 484 0 21 10
a 945 686 0 45 7
a 945 894 0 34 1
a 945 560 0 37 1
a 946 605 0 21 9
a 946 738 0 40 8
a 946 130 0 36 6
a 946 838 0 43 1
a 949 180 0 21 10
a 949 338 0 38 1
a 949 147 0 44 10
a 949 22 0 22 7
a 950 618 0 21 5
a 950 907 0 46 2
a 952 425 0 21 10
a 952 30 0 12 5
a 952 393 0 1 8
a 952 889 0 45 6
a 956 257 0 21 9
a 956 37 0 29 3
a 956 538 0 2 3
a 956 698 0 50 9
a 958 288 0 21 6
a 958 124 0 30 2
a 958 278 0 23 5
a 959 375 0 21 4
a 959 403 0 41 7
a 960 841 0 21 10
a 960 262 0 35 1
a 960 930 0 19 9
a 967 742 0 21 8
a 967 356 0 50 2
a 973 132 0 21 8
a 973 923 0 2 4
a 973 904 0 48 5
a 981 329 0 21 7
a 981 370 0 42 2
a 982 920 0 21 1
a 982 380 0 20 4
a 982 543 0 18 3
a 983 297 0 21 7
a 983 513 0 13 7
a 988 319 0 21 7
a 988 671 0 29 2
a 993 559 0 21 10
a 993 540 0 29 10
a 994 16 0 21 5
a 994 105 0 0 10
a 997 547 0 21 2
a 997 92 0 25 6
a 997 454 0 4 6
a 997 748 0 27 10
a 998 625 0 21 9
a 998 402 0 33 10
