c PyNETGEN v1.0.0
c $ pip install pynetgen
c
c  NETGEN flow network generation algorithm
c  Problem input parameters
c  -------------------------------------
c   Random seed:          9
c   Number of nodes:      1000
c   Source nodes:         2
c   Sink nodes:           2
c   Number of arcs:       4000
c   Minimum arc cost:     1
c   Maximum arc cost:     10
c   Total supply:         50
c   Transshipment -
c     Sources:            0
c     Sinks:              0
c   Skeleton arcs -
c     With max cost:      0
c     Capacitated:        100
c   Minimum arc capacity: 0
c   Maximum arc capacity: 50
c
c  *** Minimum cost flow ***
c
p min 1000 4000
n 1 49
n 2 1
n 999 -39
n 1000 -11
a 1 956 0 49 3
a 1 690 0 19 10
a 1 525 0 11 1
a 1 238 0 14 4
a 1 747 0 13 2
a 4 1000 0 49 2
a 4 708 0 49 3
a 4 713 0 17 8
a 4 347 0 15 8
a 5 617 0 49 4
a 5 875 0 20 8
a 5 649 0 44 8
a 5 559 0 44 5
a 5 463 0 32 7
a 9 639 0 49 3
a 9 299 0 37 10
a 9 586 0 38 2
a 9 933 0 38 8
a 9 428 0 11 10
a 10 785 0 49 10
a 10 767 0 50 5
a 10 744 0 41 6
a 10 47 0 20 4
a 10 513 0 42 2
a 10 422 0 28 6
a 11 305 0 49 8
a 11 76 0 20 6
a 11 606 0 37 5
a 11 613 0 21 5
a 11 879 0 35 3
a 14 601 0 49 2
a 14 631 0 22 10
a 14 306 0 2 8
a 14 920 0 4 1
a 15 410 0 49 8
a 15 26 0 39 1
a 15 608 0 36 8
a 16 240 0 49 5
a 16 358 0 7 6
a 16 223 0 22 4
a 16 894 0 38 3
a 16 929 0 42 3
a 16 951 0 44 2
a 16 924 0 11 1
a 17 241 0 49 6
a 17 24 0 4 6
a 17 57 0 18 2
a 18 716 0 49 10
a 18 861 0 43 10
a 18 983 0 1 2
a 18 612 0 37 7
a 19 219 0 49 4
a 19 586 0 15 2
a 19 759 0 47 9
a 19 578 0 21 5
a 22 378 0 49 8
a 22 266 0 22 7
a 22 248 0 25 1
a 22 716 0 10 8
a 22 70 0 2 6
a 22 845 0 3 5
a 22 210 0 39 4
a 23 439 0 49 8
a 23 857 0 18 2
a 24 623 0 49 5
a 24 909 0 32 3
a 24 890 0 47 3
a 24 954 0 45 6
a 24 298 0 29 1
a 24 479 0 48 8
a 25 946 0 49 8
a 25 812 0 7 7
a 25 863 0 32 7
a 25 209 0 44 9
a 28 801 0 49 8
a 28 134 0 38 7
a 28 861 0 32 4
a 28 807 0 9 4
a 28 761 0 19 10
a 33 328 0 49 4
a 33 919 0 48 2
a 34 728 0 49 3
a 34 453 0 38 4
a 34 694 0 31 9
a 34 902 0 27 9
a 36 435 0 49 6
a 36 270 0 41 3
a 36 480 0 21 10
a 36 822 0 29 1
a 36 111 0 7 6
a 36 332 0 20 1
a 37 380 0 49 3
a 37 611 0 3 8
a 39 957 0 49 10
a 39 161 0 38 2
a 39 529 0 23 8
a 42 535 0 49 8
a 42 977 0 7 1
a 42 495 0 21 4
a 42 700 0 32 9
a 43 719 0 49 5
a 43 240 0 40 5
a 46 865 0 49 6
a 46 126 0 17 6
a 46 789 0 7 2
a 46 709 0 30 2
a 46 796 0 35 10
a 46 866 0 27 5
a 46 298 0 29 8
a 52 301 0 49 3
a 52 931 0 40 5
a 52 828 0 33 10
a 52 917 0 49 10
a 52 47 0 4 2
a 52 929 0 45 10
a 58 472 0 49 5
a 58 602 0 26 6
a 61 596 0 49 1
a 61 229 0 45 6
a 61 688 0 13 5
a 61 606 0 24 3
a 63 485 0 49 9
a 63 855 0 45 9
a 66 357 0 49 2
a 66 731 0 5 7
a 66 307 0 43 5
a 66 396 0 32 2
a 66 405 0 50 4
a 67 423 0 49 6
a 67 888 0 11 5
a 67 902 0 18 6
a 67 885 0 48 9
a 67 810 0 31 9
a 67 977 0 24 2
a 68 407 0 49 2
a 68 39 0 50 2
a 68 85 0 39 8
a 68 318 0 47 8
a 69 762 0 49 1
a 69 810 0 37 8
a 69 484 0 14 6
a 72 281 0 49 3
a 72 124 0 29 5
a 72 590 0 11 7
a 75 839 0 49 2
a 75 174 0 5 6
a 75 540 0 11 3
a 75 545 0 6 10
a 75 739 0 33 4
a 75 937 0 34 8
a 77 530 0 49 1
a 77 559 0 25 8
a 77 413 0 44 2
a 77 833 0 36 5
a 77 129 0 46 5
a 77 780 0 48 5
a 81 953 0 49 5
a 81 137 0 18 4
a 81 793 0 15 2
a 81 478 0 12 7
a 81 313 0 24 3
a 81 231 0 37 3
a 83 491 0 49 2
a 83 526 0 24 9
a 87 509 0 49 7
a 87 462 0 12 1
a 92 271 0 49 5
a 92 135 0 11 8
a 92 483 0 29 10
a 92 620 0 3 9
a 92 206 0 18 10
a 92 413 0 7 1
a 93 836 0 49 2
a 93 681 0 25 8
a 93 17 0 30 8
a 93 401 0 19 8
a 94 788 0 49 1
a 94 768 0 23 1
a 94 715 0 25 3
a 94 389 0 35 1
a 94 731 0 39 2
a 97 482 0 49 3
a 97 131 0 11 8
a 97 116 0 32 3
a 97 244 0 33 7
a 97 384 0 28 5
a 100 477 0 49 1
a 100 793 0 37 4
a 100 406 0 4 6
a 100 484 0 7 10
a 102 958 0 49 4
a 102 682 0 11 10
a 102 521 0 41 10
a 103 168 0 49 10
a 103 55 0 43 7
a 103 430 0 44 4
a 103 939 0 44 3
a 108 933 0 49 4
a 108 56 0 34 2
a 108 445 0 35 10
a 108 926 0 40 9
a 108 442 0 32 5
a 112 569 0 49 5
a 112 762 0 33 3
a 116 294 0 49 9
a 116 103 0 25 2
a 118 790 0 49 3
a 118 530 0 10 7
a 118 445 0 35 10
a 118 809 0 16 6
a 118 21 0 47 7
a 119 450 0 49 8
a 119 335 0 46 1
a 119 149 0 5 3
a 119 97 0 25 4
a 120 710 0 49 3
a 120 651 0 20 2
a 121 880 0 49 5
a 121 649 0 45 4
a 121 549 0 17 3
a 121 160 0 1 5
a 121 608 0 43 3
a 121 233 0 8 4
a 123 567 0 49 10
a 123 956 0 37 9
a 123 767 0 12 9
a 123 349 0 33 7
a 123 511 0 33 4
a 123 295 0 0 9
a 124 745 0 49 2
a 124 46 0 0 8
a 124 596 0 16 8
a 124 899 0 23 6
a 124 942 0 34 6
a 124 879 0 2 8
a 125 190 0 49 6
a 125 485 0 38 6
a 125 481 0 29 7
a 125 241 0 10 1
a 125 137 0 26 6
a 126 400 0 49 7
a 126 773 0 48 9
a 126 125 0 10 3
a 126 467 0 14 5
a 128 585 0 49 3
a 128 483 0 4 6
a 128 783 0 35 6
a 128 206 0 48 10
a 128 52 0 14 8
a 129 480 0 49 8
a 129 688 0 19 10
a 130 718 0 49 8
a 130 215 0 15 6
a 130 280 0 47 7
a 131 283 0 49 4
a 131 850 0 45 2
a 131 624 0 2 7
a 131 753 0 26 1
a 131 854 0 20 10
a 131 581 0 18 1
a 133 849 0 49 6
a 133 585 0 20 9
a 133 306 0 40 2
a 133 436 0 37 6
a 133 578 0 35 3
a 133 145 0 22 9
a 134 947 0 49 3
a 134 712 0 29 4
a 134 417 0 24 5
a 134 391 0 30 8
a 134 119 0 0 9
a 136 918 0 49 3
a 136 888 0 18 5
a 142 828 0 49 2
a 142 539 0 10 5
a 142 947 0 15 10
a 145 298 0 49 4
a 145 126 0 37 4
a 145 199 0 18 5
a 145 98 0 0 10
a 145 583 0 50 3
a 145 652 0 14 7
a 148 465 0 49 5
a 148 194 0 46 8
a 148 329 0 35 8
a 148 157 0 44 4
a 149 245 0 49 9
a 149 480 0 27 2
a 149 281 0 47 10
a 149 677 0 36 7
a 149 518 0 22 10
a 149 547 0 8 2
a 152 267 0 49 6
a 152 761 0 45 4
a 153 311 0 49 3
a 153 116 0 46 5
a 153 94 0 48 1
a 153 348 0 48 6
a 153 70 0 3 8
a 153 57 0 8 9
a 154 126 0 49 4
a 154 937 0 27 9
a 154 859 0 33 3
a 154 971 0 30 9
a 154 348 0 46 1
a 155 782 0 49 2
a 155 599 0 13 8
a 155 380 0 1 3
a 155 180 0 48 10
a 156 451 0 49 6
a 156 542 0 38 2
a 156 784 0 20 1
a 156 582 0 24 2
a 162 621 0 49 4
a 162 979 0 20 4
a 162 455 0 16 5
a 162 614 0 45 8
a 162 71 0 14 4
a 162 620 0 22 10
a 167 600 0 49 5
a 167 518 0 4 7
a 167 469 0 36 6
a 167 509 0 1 1
a 168 626 0 49 9
a 168 735 0 38 3
a 168 720 0 23 9
a 168 445 0 23 8
a 168 362 0 50 7
a 170 279 0 49 2
a 170 591 0 43 7
a 170 655 0 21 9
a 171 557 0 49 8
a 171 680 0 20 3
a 171 129 0 12 8
a 172 969 0 49 9
a 172 124 0 4 6
a 172 768 0 36 7
a 172 965 0 22 1
a 175 304 0 49 1
a 175 336 0 23 1
a 175 273 0 13 10
a 175 758 0 38 7
a 177 36 0 49 4
a 177 173 0 2 5
a 177 246 0 25 1
a 178 667 0 49 4
a 178 318 0 10 9
a 178 849 0 48 9
a 180 303 0 49 6
a 180 328 0 31 7
a 180 285 0 47 6
a 180 136 0 50 1
a 180 392 0 10 1
a 180 38 0 5 1
a 183 207 0 49 4
a 183 734 0 1 5
a 183 949 0 0 1
a 183 728 0 18 3
a 183 68 0 19 4
a 183 770 0 1 3
a 184 310 0 49 9
a 184 969 0 39 9
a 184 702 0 17 2
a 184 466 0 7 10
a 185 748 0 49 9
a 185 255 0 37 9
a 185 315 0 17 1
a 185 635 0 46 9
a 185 595 0 32 6
a 186 555 0 49 5
a 186 158 0 2 7
a 186 890 0 26 7
a 186 991 0 46 6
a 186 819 0 42 5
a 190 760 0 49 8
a 190 308 0 3 5
a 190 711 0 33 2
a 200 791 0 49 3
a 200 165 0 3 4
a 202 437 0 49 5
a 202 843 0 47 1
a 203 976 0 49 8
a 203 251 0 39 8
a 203 552 0 2 4
a 203 553 0 32 8
a 203 804 0 24 8
a 205 811 0 49 8
a 205 805 0 46 6
a 205 555 0 14 6
a 206 243 0 49 6
a 206 606 0 26 7
a 206 704 0 38 2
a 206 687 0 21 2
a 206 560 0 10 5
a 206 827 0 49 4
a 207 184 0 49 10
a 207 673 0 1 5
a 208 272 0 49 9
a 208 851 0 21 7
a 208 32 0 1 1
a 208 443 0 24 8
a 208 290 0 22 9
a 208 552 0 19 6
a 210 926 0 49 8
a 210 523 0 22 3
a 211 783 0 49 8
a 211 49 0 48 7
a 211 223 0 14 3
a 211 222 0 48 1
a 217 686 0 49 1
a 217 239 0 45 3
a 217 783 0 34 1
a 217 516 0 28 1
a 217 543 0 15 7
a 217 907 0 45 10
a 219 43 0 49 1
a 219 986 0 38 10
a 219 940 0 20 6
a 221 553 0 49 3
a 221 204 0 35 4
a 221 303 0 42 8
a 221 785 0 24 1
a 222 683 0 49 2
a 222 444 0 1 3
a 222 474 0 40 8
a 222 960 0 18 5
a 222 8 0 37 1
a 223 982 0 49 1
a 223 748 0 33 4
a 223 87 0 2 9
a 223 523 0 33 8
a 229 578 0 49 1
a 229 916 0 2 7
a 229 183 0 14 10
a 230 14 0 49 7
a 230 657 0 47 8
a 230 578 0 15 2
a 230 251 0 3 2
a 230 431 0 33 3
a 232 549 0 49 9
a 232 420 0 30 5
a 232 710 0 0 3
a 232 677 0 17 7
a 237 775 0 49 9
a 237 646 0 9 9
a 237 471 0 8 7
a 239 258 0 49 6
a 239 28 0 4 10
a 240 208 0 49 10
a 240 665 0 43 3
a 240 251 0 1 8
a 240 62 0 32 8
a 240 786 0 5 6
a 240 526 0 12 9
a 241 837 0 49 9
a 241 168 0 13 10
a 241 45 0 35 4
a 242 682 0 49 2
a 242 906 0 10 4
a 242 314 0 0 9
a 242 638 0 0 6
a 242 110 0 11 4
a 243 120 0 49 7
a 243 456 0 15 4
a 243 595 0 47 8
a 243 800 0 45 10
a 244 131 0 49 4
a 244 909 0 30 10
a 244 755 0 32 10
a 245 42 0 49 3
a 245 887 0 24 1
a 245 795 0 13 6
a 245 224 0 9 3
a 245 285 0 17 7
a 245 231 0 21 7
a 246 356 0 49 5
a 246 730 0 33 8
a 246 574 0 29 3
a 246 897 0 2 5
a 247 66 0 49 3
a 247 68 0 40 4
a 247 188 0 5 8
a 247 400 0 5 10
a 247 461 0 39 1
a 247 172 0 20 6
a 248 202 0 49 8
a 248 955 0 40 2
a 248 906 0 34 3
a 248 401 0 25 7
a 248 348 0 15 4
a 256 891 0 49 6
a 256 333 0 37 5
a 258 483 0 49 10
a 258 301 0 29 9
a 261 901 0 49 9
a 261 497 0 50 9
a 261 934 0 30 5
a 261 624 0 35 8
a 264 28 0 49 3
a 264 125 0 13 5
a 264 909 0 44 7
a 267 15 0 49 4
a 267 706 0 26 8
a 268 210 0 49 4
a 268 651 0 37 8
a 268 92 0 2 3
a 269 371 0 49 10
a 269 41 0 4 8
a 269 163 0 32 6
a 269 640 0 18 4
a 270 362 0 49 3
a 270 584 0 11 8
a 270 334 0 25 2
a 271 429 0 49 7
a 271 968 0 29 3
a 272 177 0 49 10
a 272 292 0 8 9
a 273 223 0 49 7
a 273 735 0 3 5
a 273 436 0 41 8
a 273 467 0 21 7
a 273 139 0 39 3
a 275 572 0 49 10
a 275 146 0 29 1
a 279 455 0 49 5
a 279 551 0 49 5
a 279 914 0 16 2
a 279 998 0 34 10
a 279 363 0 41 3
a 279 684 0 42 3
a 281 793 0 49 2
a 281 919 0 48 5
a 281 85 0 32 6
a 281 685 0 21 4
a 283 426 0 49 7
a 283 665 0 10 1
a 285 268 0 49 8
a 285 333 0 12 9
a 285 978 0 30 4
a 285 319 0 32 3
a 286 620 0 49 10
a 286 990 0 1 3
a 286 441 0 34 2
a 286 60 0 49 2
a 286 981 0 40 10
a 286 258 0 47 9
a 287 823 0 49 5
a 287 350 0 0 1
a 287 978 0 28 2
a 287 887 0 15 5
a 287 20 0 29 2
a 291 768 0 49 9
a 291 173 0 5 7
a 291 939 0 26 5
a 291 251 0 37 9
a 291 720 0 2 6
a 292 740 0 49 4
a 292 10 0 4 5
a 292 857 0 9 10
a 292 845 0 4 8
a 293 900 0 49 10
a 293 795 0 10 2
a 294 416 0 49 6
a 294 475 0 33 6
a 296 128 0 49 6
a 296 906 0 28 2
a 296 741 0 48 5
a 296 514 0 43 7
a 296 451 0 36 3
a 296 706 0 7 9
a 297 230 0 49 1
a 297 964 0 29 10
a 297 432 0 48 9
a 297 409 0 21 10
a 297 340 0 29 8
a 297 642 0 17 3
a 298 586 0 49 10
a 298 367 0 14 2
a 298 681 0 0 5
a 298 723 0 26 8
a 298 939 0 24 7
a 299 816 0 49 8
a 299 309 0 10 10
a 299 600 0 41 9
a 299 997 0 38 6
a 299 189 0 16 4
a 299 932 0 38 10
a 301 69 0 49 3
a 301 675 0 15 10
a 301 506 0 15 8
a 303 19 0 49 4
a 303 645 0 42 9
a 303 662 0 8 5
a 304 797 0 49 3
a 304 464 0 8 4
a 305 985 0 49 5
a 305 572 0 33 7
a 305 493 0 41 10
a 305 155 0 21 8
a 305 372 0 32 8
a 307 172 0 49 5
a 307 817 0 17 3
a 307 336 0 27 9
a 307 289 0 40 5
a 310 888 0 49 10
a 310 159 0 34 3
a 310 148 0 6 4
a 310 665 0 3 8
a 310 647 0 33 3
a 311 821 0 49 7
a 311 859 0 43 10
a 311 100 0 36 7
a 311 454 0 13 9
a 311 361 0 41 9
a 311 792 0 36 1
a 312 907 0 49 2
a 312 117 0 24 1
a 312 510 0 24 8
a 312 555 0 2 9
a 313 537 0 49 6
a 313 639 0 46 2
a 316 382 0 49 1
a 316 107 0 0 2
a 316 408 0 40 5
a 316 896 0 1 3
a 319 948 0 49 3
a 319 456 0 44 4
a 319 365 0 49 6
a 319 981 0 3 7
a 327 903 0 49 9
a 327 790 0 16 5
a 327 416 0 17 9
a 327 777 0 18 4
a 328 348 0 49 9
a 328 475 0 44 7
a 328 599 0 40 10
a 329 804 0 49 9
a 329 526 0 38 9
a 332 142 0 49 9
a 332 5 0 44 8
a 332 443 0 22 6
a 332 409 0 31 3
a 336 285 0 49 6
a 336 504 0 0 5
a 336 286 0 50 8
a 336 163 0 4 8
a 337 171 0 49 8
a 337 894 0 28 8
a 337 684 0 49 3
a 344 678 0 49 2
a 344 189 0 8 5
a 348 684 0 49 8
a 348 814 0 8 10
a 348 203 0 32 9
a 349 831 0 49 6
a 349 642 0 48 5
a 349 702 0 45 1
a 350 614 0 49 6
a 350 905 0 42 2
a 350 543 0 49 7
a 352 17 0 49 8
a 352 389 0 50 7
a 352 382 0 10 3
a 352 657 0 16 5
a 352 922 0 31 5
a 353 459 0 49 6
a 353 448 0 41 2
a 356 389 0 49 8
a 356 911 0 31 5
a 356 77 0 39 9
a 356 696 0 50 6
a 356 170 0 14 2
a 357 571 0 49 8
a 357 810 0 0 3
a 361 876 0 49 3
a 361 991 0 18 7
a 361 183 0 50 7
a 361 519 0 13 9
a 361 516 0 37 6
a 361 192 0 50 10
a 362 915 0 49 10
a 362 907 0 41 9
a 362 840 0 49 2
a 362 191 0 27 6
a 362 157 0 12 2
a 362 437 0 14 5
a 366 908 0 49 5
a 366 820 0 34 10
a 366 913 0 5 1
a 366 496 0 40 2
a 369 61 0 49 9
a 369 403 0 12 2
a 369 825 0 19 7
a 369 531 0 15 7
a 370 261 0 49 2
a 370 272 0 20 10
a 371 398 0 49 6
a 371 817 0 50 1
a 371 1000 0 29 9
a 372 709 0 49 4
a 372 489 0 4 8
a 372 526 0 46 7
a 372 939 0 6 2
a 376 46 0 49 2
a 376 560 0 6 3
a 376 867 0 35 7
a 376 322 0 42 7
a 376 218 0 25 7
a 376 427 0 17 3
a 376 498 0 1 9
a 378 961 0 49 6
a 378 203 0 2 8
a 378 697 0 23 3
a 380 237 0 49 1
a 380 425 0 33 9
a 380 395 0 40 10
a 380 823 0 50 1
a 380 875 0 30 2
a 380 193 0 29 6
a 382 129 0 49 4
a 382 480 0 15 5
a 382 449 0 28 2
a 382 439 0 19 1
a 383 704 0 49 9
a 383 804 0 17 9
a 383 986 0 12 6
a 383 157 0 18 1
a 383 522 0 32 7
a 385 370 0 49 9
a 385 651 0 1 10
a 385 388 0 29 7
a 386 680 0 49 3
a 386 187 0 27 4
a 388 16 0 49 1
a 388 357 0 41 8
a 388 732 0 40 10
a 389 287 0 49 8
a 389 781 0 32 10
a 398 344 0 49 4
a 398 602 0 18 3
a 398 797 0 33 5
a 398 468 0 19 9
a 398 962 0 31 6
a 400 603 0 49 6
a 400 463 0 39 7
a 400 769 0 6 9
a 402 869 0 49 10
a 402 96 0 6 8
a 402 856 0 3 6
a 405 543 0 49 7
a 405 137 0 47 10
a 405 334 0 40 5
a 405 904 0 20 7
a 406 462 0 49 4
a 406 427 0 40 2
a 406 998 0 43 4
a 406 940 0 25 2
a 406 255 0 8 4
a 406 511 0 3 7
a 407 329 0 49 6
a 407 443 0 31 2
a 407 182 0 0 1
a 407 788 0 12 8
a 407 661 0 50 4
a 409 877 0 49 3
a 409 362 0 27 9
a 409 646 0 32 9
a 409 773 0 39 1
a 410 372 0 49 3
a 410 323 0 23 5
a 410 865 0 40 10
a 411 156 0 49 9
a 411 761 0 21 8
a 411 368 0 10 8
a 411 112 0 49 6
a 411 401 0 44 8
a 411 821 0 39 1
a 412 638 0 49 8
a 412 628 0 29 9
a 412 236 0 20 5
a 412 612 0 8 1
a 414 406 0 49 3
a 414 608 0 42 10
a 414 627 0 46 10
a 414 491 0 34 9
a 414 702 0 27 8
a 414 127 0 25 6
a 415 753 0 49 6
a 415 490 0 33 3
a 415 523 0 29 6
a 416 910 0 49 8
a 416 213 0 36 6
a 416 145 0 26 8
a 416 518 0 20 8
a 417 116 0 49 4
a 417 625 0 29 1
a 417 752 0 38 2
a 417 808 0 37 10
a 417 348 0 45 1
a 420 221 0 49 10
a 420 947 0 47 7
a 420 645 0 25 2
a 420 53 0 18 3
a 420 579 0 25 6
a 421 806 0 49 5
a 421 454 0 24 9
a 421 317 0 0 1
a 421 254 0 42 4
a 423 203 0 49 3
a 423 385 0 9 8
a 423 140 0 25 7
a 423 279 0 0 4
a 423 522 0 32 4
a 423 427 0 20 3
a 426 984 0 49 9
a 426 652 0 39 6
a 426 97 0 11 10
a 426 175 0 50 8
a 426 701 0 22 5
a 426 742 0 5 8
a 428 764 0 49 7
a 428 510 0 40 7
a 428 298 0 47 4
a 428 486 0 21 6
a 428 497 0 4 1
a 429 658 0 49 5
a 429 573 0 0 1
a 429 596 0 30 7
a 429 427 0 41 10
a 429 80 0 40 5
a 430 826 0 49 3
a 430 66 0 29 2
a 430 491 0 17 10
a 431 943 0 49 9
a 431 277 0 41 5
a 431 776 0 46 8
a 431 623 0 35 5
a 431 723 0 13 3
a 432 506 0 49 5
a 432 642 0 35 6
a 432 763 0 22 6
a 432 52 0 2 6
a 433 759 0 49 5
a 433 174 0 13 8
a 433 962 0 3 8
a 433 983 0 14 10
a 434 988 0 49 10
a 434 29 0 40 7
a 434 652 0 41 8
a 434 480 0 39 5
a 435 200 0 49 10
a 435 849 0 3 5
a 437 388 0 49 3
a 437 586 0 34 4
a 437 880 0 39 2
a 437 478 0 20 5
a 437 496 0 40 6
a 438 307 0 49 7
a 438 801 0 4 2
a 438 188 0 24 7
a 438 246 0 49 8
a 438 278 0 42 7
a 438 187 0 7 2
a 439 576 0 49 9
a 439 150 0 21 2
a 439 694 0 0 1
a 439 683 0 1 3
a 439 392 0 19 7
a 442 834 0 49 9
a 442 639 0 5 8
a 442 60 0 1 3
a 442 535 0 28 3
a 442 580 0 39 10
a 450 514 0 49 5
a 450 832 0 29 4
a 450 333 0 24 10
a 450 766 0 11 10
a 450 305 0 46 8
a 451 701 0 49 10
a 451 974 0 43 10
a 451 696 0 17 9
a 451 23 0 4 1
a 452 130 0 49 7
a 452 887 0 8 2
a 452 879 0 30 9
a 455 922 0 49 1
a 455 559 0 18 8
a 455 278 0 49 6
a 455 158 0 12 8
a 457 950 0 49 6
a 457 763 0 17 3
a 459 935 0 49 1
a 459 279 0 18 4
a 461 496 0 49 5
a 461 550 0 19 1
a 462 792 0 49 4
a 462 455 0 24 9
a 462 749 0 5 3
a 462 8 0 14 8
a 463 641 0 49 7
a 463 850 0 40 6
a 463 679 0 26 7
a 463 153 0 1 1
a 465 644 0 49 8
a 465 622 0 10 10
a 465 426 0 6 10
a 465 683 0 43 2
a 465 844 0 11 8
a 466 4 0 49 6
a 466 743 0 41 3
a 466 96 0 20 9
a 467 430 0 49 1
a 467 222 0 28 6
a 467 210 0 11 5
a 472 524 0 49 9
a 472 834 0 38 6
a 472 360 0 48 8
a 472 252 0 37 9
a 472 593 0 36 10
a 472 254 0 16 3
a 475 714 0 49 6
a 475 217 0 19 1
a 475 559 0 22 3
a 475 345 0 16 8
a 475 32 0 13 5
a 476 247 0 49 7
a 476 261 0 8 1
a 477 937 0 49 4
a 477 410 0 46 5
a 477 400 0 29 6
a 477 922 0 32 10
a 477 227 0 40 4
a 480 510 0 49 5
a 480 25 0 24 7
a 480 751 0 5 10
a 480 533 0 25 8
a 480 153 0 48 7
a 482 352 0 49 1
a 482 765 0 48 9
a 482 991 0 42 7
a 483 894 0 49 7
a 483 315 0 9 2
a 483 195 0 39 9
a 483 971 0 30 9
a 485 121 0 49 3
a 485 174 0 34 6
a 485 565 0 21 3
a 486 461 0 49 6
a 486 906 0 45 7
a 486 821 0 14 10
a 489 618 0 49 9
a 489 14 0 28 7
a 491 94 0 49 5
a 491 247 0 46 5
a 491 311 0 10 2
a 491 153 0 48 6
a 491 545 0 13 6
a 496 688 0 49 8
a 496 803 0 38 6
a 501 508 0 49 5
a 501 374 0 9 7
a 501 967 0 21 1
a 504 734 0 49 2
a 504 521 0 37 4
a 504 152 0 27 3
a 506 732 0 49 1
a 506 534 0 43 8
a 506 471 0 33 8
a 508 244 0 49 1
a 508 908 0 32 10
a 508 360 0 6 2
a 508 405 0 26 1
a 509 742 0 49 7
a 509 300 0 30 2
a 509 27 0 35 2
a 509 614 0 2 3
a 510 853 0 49 3
a 510 599 0 8 10
a 514 264 0 49 9
a 514 340 0 6 5
a 514 341 0 32 6
a 514 799 0 15 9
a 514 893 0 48 7
a 514 461 0 19 7
a 515 656 0 49 1
a 515 996 0 30 5
a 516 222 0 49 10
a 516 870 0 25 5
a 516 315 0 0 7
a 516 449 0 47 2
a 516 692 0 45 10
a 516 307 0 10 1
a 516 665 0 19 6
a 519 417 0 49 7
a 519 854 0 1 10
a 519 850 0 38 3
a 519 824 0 36 4
a 519 433 0 18 3
a 519 694 0 18 4
a 520 706 0 49 6
a 520 385 0 48 7
a 520 590 0 44 3
a 521 723 0 49 5
a 521 546 0 39 4
a 521 864 0 31 3
a 521 224 0 13 5
a 521 105 0 49 1
a 523 269 0 49 1
a 523 430 0 44 6
a 523 457 0 0 1
a 523 956 0 2 5
a 524 936 0 49 2
a 524 905 0 49 1
a 524 696 0 4 9
a 524 793 0 28 4
a 524 726 0 19 2
a 525 239 0 49 2
a 525 467 0 0 3
a 525 904 0 38 3
a 525 54 0 44 1
a 525 948 0 13 10
a 525 136 0 11 5
a 526 369 0 49 1
a 526 284 0 32 10
a 526 259 0 22 5
a 526 704 0 3 3
a 526 329 0 44 4
a 529 643 0 49 6
a 529 414 0 35 9
a 529 959 0 13 10
a 529 261 0 7 2
a 530 316 0 49 10
a 530 121 0 21 1
a 530 643 0 26 5
a 530 509 0 27 3
a 530 665 0 21 3
a 533 938 0 49 2
a 533 472 0 40 5
a 533 883 0 31 7
a 535 313 0 49 7
a 535 661 0 9 10
a 535 574 0 12 5
a 535 983 0 15 3
a 535 543 0 2 5
a 537 645 0 49 2
a 537 567 0 12 1
a 537 312 0 25 3
a 537 790 0 13 1
a 537 94 0 5 1
a 543 229 0 49 6
a 543 173 0 25 4
a 543 596 0 8 10
a 544 432 0 49 6
a 544 947 0 7 1
a 544 617 0 32 7
a 544 279 0 41 6
a 545 67 0 49 8
a 545 131 0 12 1
a 545 827 0 46 6
a 547 529 0 49 8
a 547 666 0 13 5
a 547 901 0 47 4
a 547 827 0 35 4
a 547 629 0 48 9
a 548 981 0 49 2
a 548 405 0 35 5
a 548 522 0 34 4
a 548 620 0 49 8
a 548 863 0 42 1
a 548 676 0 18 1
a 549 674 0 49 7
a 549 712 0 20 3
a 550 34 0 49 3
a 550 206 0 2 6
a 550 66 0 34 3
a 550 605 0 44 3
a 550 122 0 34 6
a 553 9 0 49 7
a 553 759 0 16 7
a 555 970 0 49 10
a 555 34 0 48 4
a 555 678 0 3 3
a 555 889 0 10 7
a 555 712 0 10 6
a 555 326 0 35 4
a 557 248 0 49 10
a 557 764 0 18 3
a 558 25 0 49 2
a 558 412 0 4 4
a 558 669 0 24 3
a 561 898 0 49 1
a 561 827 0 13 3
a 561 307 0 4 7
a 561 563 0 12 8
a 561 711 0 38 6
a 561 902 0 9 4
a 562 954 0 49 5
a 562 105 0 44 7
a 567 145 0 49 9
a 567 800 0 50 1
a 567 914 0 16 7
a 567 148 0 8 5
a 567 665 0 32 2
a 567 677 0 9 6
a 568 68 0 49 7
a 568 471 0 13 8
a 568 735 0 36 4
a 569 843 0 49 7
a 569 151 0 22 8
a 569 397 0 42 1
a 571 925 0 49 1
a 571 721 0 38 3
a 571 742 0 24 2
a 571 639 0 48 5
a 572 758 0 49 3
a 572 480 0 8 4
a 573 433 0 49 2
a 573 404 0 21 3
a 573 970 0 3 6
a 573 316 0 4 4
a 576 752 0 49 7
a 576 98 0 35 9
a 577 297 0 49 8
a 577 462 0 2 5
a 577 992 0 1 5
a 577 172 0 29 7
a 578 421 0 49 2
a 578 831 0 0 6
a 583 489 0 49 10
a 583 214 0 10 5
a 583 343 0 39 7
a 583 125 0 32 7
a 583 396 0 16 8
a 583 516 0 23 3
a 584 999 0 49 1
a 584 886 0 32 1
a 585 649 0 49 7
a 585 241 0 12 1
a 585 343 0 43 3
a 586 525 0 49 4
a 586 324 0 35 7
a 586 574 0 28 4
a 586 517 0 19 10
a 586 300 0 26 5
a 586 426 0 34 4
a 586 858 0 46 7
a 589 118 0 49 4
a 589 624 0 9 3
a 593 519 0 49 4
a 593 866 0 13 9
a 593 828 0 2 5
a 595 77 0 49 1
a 595 115 0 11 7
a 595 155 0 21 9
a 595 877 0 37 9
a 595 411 0 7 2
a 596 136 0 49 1
a 596 616 0 17 8
a 596 673 0 5 4
a 596 43 0 22 4
a 596 740 0 37 2
a 597 735 0 49 9
a 597 48 0 5 8
a 597 268 0 28 2
a 597 539 0 31 6
a 599 893 0 49 8
a 599 90 0 35 4
a 599 543 0 34 4
a 599 290 0 44 6
a 599 212 0 9 2
a 599 901 0 36 6
a 600 332 0 49 10
a 600 860 0 36 8
a 600 161 0 7 5
a 600 977 0 44 9
a 600 52 0 26 3
a 600 523 0 0 2
a 601 103 0 49 8
a 601 299 0 49 6
a 601 224 0 16 8
a 601 774 0 44 7
a 603 914 0 49 9
a 603 795 0 18 1
a 609 100 0 49 7
a 609 204 0 21 5
a 612 808 0 49 6
a 612 118 0 28 3
a 612 640 0 38 3
a 612 641 0 31 8
a 614 673 0 49 4
a 614 336 0 6 5
a 614 857 0 20 8
a 615 123 0 49 4
a 615 630 0 17 7
a 615 895 0 50 8
a 615 738 0 12 7
a 615 73 0 17 1
a 615 661 0 20 10
a 617 813 0 49 5
a 617 810 0 43 9
a 617 24 0 37 9
a 617 741 0 28 8
a 618 312 0 49 1
a 618 253 0 3 6
a 618 111 0 35 3
a 618 128 0 13 1
a 619 807 0 49 10
a 619 893 0 3 3
a 619 545 0 30 6
a 620 994 0 49 8
a 620 711 0 24 1
a 620 481 0 47 4
a 620 755 0 11 8
a 620 961 0 35 8
a 621 561 0 49 8
a 621 42 0 18 10
a 623 974 0 49 4
a 623 855 0 46 7
a 625 657 0 49 1
a 625 98 0 35 2
a 625 442 0 22 9
a 625 144 0 37 4
a 625 611 0 14 8
a 625 48 0 10 7
a 625 131 0 4 3
a 626 583 0 49 7
a 626 221 0 38 4
a 626 361 0 25 9
a 626 98 0 44 3
a 626 50 0 48 7
a 626 240 0 42 5
a 631 661 0 49 7
a 631 834 0 2 9
a 631 832 0 32 6
a 631 953 0 28 6
a 633 504 0 49 1
a 633 46 0 2 3
a 633 825 0 17 6
a 633 746 0 47 5
a 633 643 0 7 2
a 633 57 0 40 7
a 635 296 0 49 7
a 635 802 0 35 6
a 635 187 0 1 1
a 635 201 0 15 8
a 638 835 0 49 3
a 638 779 0 50 10
a 638 902 0 29 8
a 638 952 0 12 3
a 638 882 0 29 5
a 638 809 0 37 5
a 639 205 0 49 4
a 639 424 0 14 2
a 639 155 0 40 4
a 639 28 0 28 9
a 641 830 0 49 5
a 641 584 0 14 8
a 641 377 0 38 2
a 643 411 0 49 7
a 643 551 0 4 6
a 644 319 0 49 7
a 644 247 0 40 6
a 644 49 0 50 7
a 644 825 0 23 7
a 644 72 0 19 5
a 645 108 0 49 1
a 645 143 0 20 2
a 645 463 0 29 7
a 645 493 0 25 1
a 645 207 0 33 6
a 645 544 0 14 6
a 647 741 0 49 5
a 647 690 0 23 6
a 649 631 0 49 10
a 649 163 0 47 1
a 654 148 0 49 8
a 654 600 0 20 9
a 654 787 0 38 6
a 654 97 0 25 6
a 654 980 0 0 6
a 655 185 0 49 2
a 655 31 0 17 3
a 656 664 0 49 9
a 656 416 0 29 2
a 656 321 0 38 2
a 656 936 0 31 8
a 656 89 0 36 10
a 657 619 0 49 3
a 657 538 0 19 4
a 658 170 0 49 5
a 658 767 0 19 9
a 658 701 0 36 5
a 658 746 0 32 2
a 661 533 0 49 8
a 661 851 0 33 10
a 661 531 0 30 7
a 664 33 0 49 4
a 664 978 0 38 7
a 664 826 0 26 5
a 664 997 0 22 5
a 664 491 0 23 1
a 664 716 0 37 6
a 667 928 0 49 7
a 667 997 0 6 4
a 673 859 0 49 6
a 673 867 0 41 7
a 673 884 0 27 1
a 673 200 0 45 5
a 673 796 0 20 3
a 673 392 0 2 7
a 674 293 0 49 6
a 674 859 0 28 5
a 674 619 0 42 4
a 674 944 0 36 1
a 674 737 0 17 4
a 674 580 0 39 8
a 677 167 0 49 1
a 677 128 0 1 7
a 677 148 0 23 6
a 678 186 0 49 8
a 678 252 0 21 2
a 678 889 0 10 4
a 678 632 0 33 2
a 680 844 0 49 3
a 680 623 0 22 1
a 680 267 0 45 2
a 680 748 0 25 4
a 680 111 0 13 4
a 680 901 0 37 2
a 682 486 0 49 3
a 682 603 0 27 9
a 682 998 0 38 5
a 682 725 0 41 4
a 683 452 0 49 5
a 683 535 0 49 4
a 683 59 0 29 1
a 683 874 0 11 9
a 684 562 0 49 2
a 684 194 0 45 5
a 684 630 0 5 5
a 686 149 0 49 9
a 686 873 0 14 1
a 686 158 0 31 8
a 686 190 0 5 6
a 688 18 0 49 5
a 688 931 0 39 1
a 688 592 0 17 1
a 688 764 0 5 5
a 692 286 0 49 9
a 692 76 0 41 5
a 692 244 0 21 2
a 692 40 0 5 2
a 692 711 0 26 2
a 692 324 0 26 9
a 696 434 0 49 10
a 696 929 0 23 2
a 696 996 0 47 5
a 696 786 0 24 3
a 696 848 0 39 5
a 696 114 0 31 7
a 698 882 0 49 6
a 698 365 0 23 8
a 698 25 0 30 9
a 698 449 0 18 1
a 698 550 0 46 8
a 701 523 0 49 1
a 701 369 0 44 3
a 701 232 0 30 3
a 701 344 0 46 4
a 701 553 0 49 4
a 701 279 0 19 5
a 703 736 0 49 7
a 703 927 0 29 1
a 703 839 0 24 2
a 703 943 0 23 4
a 704 573 0 49 8
a 704 49 0 45 4
a 704 598 0 11 1
a 704 73 0 17 7
a 704 327 0 13 3
a 704 20 0 40 9
a 705 350 0 49 5
a 705 119 0 23 3
a 706 965 0 49 4
a 706 580 0 6 6
a 706 589 0 6 6
a 706 424 0 14 1
a 708 939 0 49 2
a 708 586 0 12 6
a 708 239 0 42 6
a 708 530 0 19 7
a 708 703 0 11 7
a 708 875 0 34 6
a 709 87 0 49 8
a 709 739 0 5 10
a 709 137 0 2 5
a 709 364 0 9 6
a 710 475 0 49 3
a 710 869 0 34 9
a 710 839 0 22 1
a 710 703 0 2 10
a 714 929 0 49 2
a 714 355 0 45 9
a 714 367 0 43 5
a 716 58 0 49 8
a 716 809 0 10 8
a 716 810 0 8 5
a 716 102 0 43 8
a 718 635 0 49 1
a 718 937 0 49 5
a 718 595 0 9 6
a 718 20 0 17 8
a 718 754 0 24 3
a 718 536 0 49 6
a 719 777 0 49 6
a 719 256 0 38 5
a 719 488 0 18 4
a 719 410 0 20 3
a 719 153 0 38 7
a 719 128 0 0 5
a 720 766 0 49 2
a 720 479 0 49 7
a 723 37 0 49 3
a 723 474 0 48 1
a 723 351 0 12 3
a 723 134 0 16 10
a 723 121 0 42 9
a 723 437 0 14 4
a 728 155 0 49 2
a 728 673 0 10 3
a 728 518 0 40 7
a 729 152 0 49 6
a 729 142 0 26 6
a 729 457 0 19 8
a 729 943 0 20 5
a 729 916 0 19 6
a 732 466 0 49 1
a 732 318 0 44 9
a 732 383 0 33 3
a 734 842 0 49 6
a 734 454 0 38 8
a 735 442 0 49 10
a 735 757 0 41 9
a 735 760 0 29 9
a 735 315 0 47 6
a 735 637 0 0 2
a 735 615 0 16 5
a 736 548 0 49 9
a 736 398 0 45 2
a 736 168 0 29 4
a 738 964 0 49 3
a 738 710 0 25 9
a 738 542 0 41 7
a 738 124 0 38 8
a 738 904 0 32 6
a 740 526 0 49 4
a 740 774 0 30 4
a 740 612 0 22 6
a 740 75 0 16 8
a 741 93 0 49 9
a 741 630 0 1 5
a 741 648 0 33 9
a 741 555 0 12 2
a 741 836 0 3 6
a 741 940 0 8 1
a 742 361 0 49 4
a 742 556 0 46 7
a 742 542 0 48 2
a 742 987 0 36 9
a 742 317 0 2 4
a 745 677 0 49 1
a 745 726 0 18 5
a 748 544 0 49 9
a 748 310 0 9 5
a 748 718 0 48 4
a 752 609 0 49 3
a 752 678 0 20 2
a 752 989 0 9 3
a 753 353 0 49 8
a 753 100 0 45 4
a 756 972 0 49 2
a 756 921 0 10 4
a 756 567 0 4 10
a 756 742 0 30 5
a 758 756 0 49 5
a 758 310 0 21 3
a 758 582 0 27 6
a 758 780 0 25 6
a 759 270 0 49 8
a 759 169 0 13 4
a 759 711 0 37 2
a 759 392 0 41 8
a 759 471 0 3 3
a 759 546 0 43 1
a 760 415 0 49 10
a 760 882 0 3 9
a 761 337 0 49 8
a 761 934 0 4 1
a 761 111 0 6 1
a 761 490 0 1 8
a 761 712 0 36 7
a 762 39 0 49 3
a 762 728 0 28 5
a 762 470 0 10 10
a 763 402 0 49 5
a 763 156 0 46 8
a 763 889 0 13 8
a 764 292 0 49 1
a 764 867 0 35 3
a 766 125 0 49 5
a 766 481 0 8 10
a 767 864 0 49 8
a 767 396 0 27 6
a 767 391 0 17 3
a 767 910 0 22 4
a 767 762 0 4 8
a 768 11 0 49 9
a 768 225 0 33 3
a 768 989 0 4 8
a 768 139 0 6 7
a 768 587 0 40 3
a 768 994 0 31 1
a 775 698 0 49 8
a 775 469 0 14 8
a 775 696 0 11 7
a 775 568 0 12 8
a 775 388 0 14 2
a 775 477 0 4 9
a 776 870 0 49 9
a 776 31 0 49 1
a 776 543 0 22 1
a 777 761 0 49 4
a 777 9 0 7 2
a 777 234 0 44 3
a 777 427 0 50 10
a 777 265 0 24 8
a 777 964 0 49 1
a 781 547 0 49 5
a 781 446 0 24 9
a 781 964 0 3 7
a 781 896 0 32 7
a 781 244 0 28 2
a 782 654 0 49 5
a 782 257 0 47 5
a 782 14 0 48 9
a 782 820 0 28 3
a 782 271 0 9 1
a 782 487 0 24 8
a 783 63 0 49 4
a 783 987 0 1 1
a 783 560 0 48 9
a 784 5 0 49 9
a 784 74 0 37 7
a 784 37 0 6 8
a 784 346 0 2 4
a 785 24 0 49 7
a 785 93 0 18 4
a 785 138 0 48 9
a 785 366 0 17 8
a 785 770 0 47 7
a 785 401 0 20 1
a 787 763 0 49 3
a 787 386 0 33 5
a 787 191 0 22 3
a 787 424 0 21 3
a 788 414 0 49 5
a 788 720 0 4 4
a 790 242 0 49 9
a 790 697 0 46 8
a 790 720 0 40 2
a 791 820 0 49 6
a 791 625 0 46 8
a 791 77 0 12 5
a 791 899 0 12 7
a 791 948 0 33 2
a 792 979 0 49 5
a 792 300 0 16 6
a 792 669 0 30 1
a 792 344 0 5 1
a 792 963 0 8 4
a 792 559 0 0 3
a 793 153 0 49 4
a 793 731 0 10 2
a 793 383 0 40 4
a 793 676 0 49 2
a 795 366 0 49 10
a 795 921 0 28 3
a 795 746 0 12 6
a 795 226 0 31 5
a 795 305 0 14 10
a 795 589 0 44 1
a 797 183 0 49 5
a 797 449 0 28 7
a 797 128 0 15 7
a 798 521 0 49 9
a 798 925 0 22 1
a 799 112 0 49 10
a 799 583 0 46 7
a 799 306 0 18 2
a 799 383 0 48 8
a 801 692 0 49 4
a 801 479 0 43 3
a 801 483 0 7 2
a 801 149 0 35 4
a 801 18 0 2 4
a 802 633 0 49 1
a 802 374 0 17 6
a 802 292 0 25 8
a 802 683 0 8 3
a 802 622 0 32 3
a 804 921 0 49 10
a 804 855 0 20 5
a 806 595 0 49 2
a 806 259 0 15 9
a 806 874 0 38 4
a 806 801 0 45 1
a 807 647 0 49 4
a 807 744 0 35 2
a 807 8 0 24 1
a 807 356 0 33 1
a 807 336 0 39 10
a 808 810 0 49 6
a 808 753 0 40 3
a 808 821 0 31 2
a 810 593 0 49 10
a 810 713 0 38 7
a 811 412 0 49 8
a 811 461 0 14 2
a 811 406 0 0 6
a 813 92 0 49 1
a 813 350 0 46 1
a 813 588 0 36 4
a 813 97 0 7 1
a 815 405 0 49 6
a 815 658 0 38 8
a 816 273 0 49 4
a 816 326 0 12 4
a 816 91 0 21 3
a 816 238 0 24 9
a 816 875 0 39 5
a 817 784 0 49 5
a 817 767 0 13 7
a 817 51 0 46 4
a 817 832 0 8 3
a 817 338 0 15 6
a 820 862 0 49 5
a 820 236 0 48 8
a 820 82 0 18 10
a 821 597 0 49 2
a 821 815 0 16 1
a 821 623 0 29 9
a 821 572 0 1 1
a 821 906 0 37 2
a 823 102 0 49 3
a 823 501 0 16 2
a 824 162 0 49 8
a 824 668 0 22 7
a 824 158 0 24 5
a 824 664 0 26 4
a 826 336 0 49 8
a 826 21 0 10 1
a 826 501 0 24 9
a 826 877 0 6 5
a 826 773 0 38 10
a 826 106 0 26 5
a 828 75 0 49 6
a 828 563 0 19 1
a 828 392 0 6 6
a 828 306 0 13 3
a 830 178 0 49 9
a 830 140 0 9 2
a 831 83 0 49 3
a 831 607 0 3 3
a 831 733 0 29 1
a 831 680 0 40 6
a 831 710 0 14 8
a 834 795 0 49 3
a 834 16 0 35 2
a 834 595 0 48 6
a 834 769 0 39 3
a 834 106 0 22 9
a 834 883 0 3 5
a 835 729 0 49 3
a 835 638 0 21 10
a 835 27 0 26 3
a 835 807 0 20 9
a 835 791 0 32 9
a 836 705 0 49 8
a 836 11 0 35 1
a 836 846 0 18 7
a 836 546 0 38 5
a 836 530 0 47 4
a 837 655 0 49 3
a 837 617 0 6 2
a 837 132 0 48 5
a 837 263 0 44 7
a 837 660 0 14 3
a 837 514 0 5 4
a 839 154 0 49 4
a 839 492 0 46 2
a 839 238 0 1 7
a 839 55 0 33 9
a 842 550 0 49 9
a 842 819 0 20 2
a 842 718 0 31 7
a 842 118 0 20 2
a 843 52 0 49 1
a 843 727 0 18 10
a 843 41 0 3 4
a 844 856 0 49 4
a 844 461 0 7 7
a 844 636 0 50 1
a 848 299 0 49 7
a 848 36 0 40 10
a 848 66 0 4 4
a 848 720 0 0 5
a 848 285 0 36 1
a 848 803 0 33 3
a 849 545 0 49 8
a 849 17 0 1 1
a 849 280 0 2 5
a 849 438 0 38 2
a 849 863 0 41 1
a 849 497 0 13 3
a 853 848 0 49 10
a 853 157 0 13 9
a 853 796 0 28 8
a 853 300 0 20 6
a 854 431 0 49 8
a 854 827 0 33 7
a 854 941 0 26 2
a 854 981 0 27 6
a 856 615 0 49 8
a 856 34 0 2 3
a 856 81 0 33 6
a 859 206 0 49 3
a 859 392 0 45 9
a 862 515 0 49 4
a 862 139 0 14 6
a 862 446 0 3 2
a 864 134 0 49 1
a 864 856 0 39 10
a 864 671 0 37 7
a 864 555 0 24 4
a 865 463 0 49 4
a 865 145 0 50 10
a 869 409 0 49 10
a 869 871 0 17 1
a 869 352 0 13 4
a 869 492 0 45 2
a 869 287 0 10 5
a 870 211 0 49 5
a 870 776 0 1 6
a 870 610 0 9 8
a 870 348 0 49 3
a 870 779 0 41 6
a 871 558 0 49 5
a 871 363 0 30 3
a 873 180 0 49 7
a 873 106 0 1 10
a 873 214 0 47 2
a 873 752 0 26 9
a 873 442 0 33 6
a 876 584 0 49 5
a 876 775 0 42 2
a 876 473 0 36 4
a 876 945 0 18 6
a 877 438 0 49 10
a 877 724 0 47 9
a 877 332 0 8 1
a 877 178 0 39 4
a 877 742 0 44 2
a 880 376 0 49 9
a 880 890 0 10 4
a 880 306 0 7 2
a 880 343 0 48 9
a 882 119 0 49 5
a 882 795 0 5 7
a 882 741 0 42 7
a 888 516 0 49 9
a 888 76 0 16 5
a 888 511 0 47 8
a 888 448 0 7 4
a 888 783 0 2 4
a 891 22 0 49 9
a 891 234 0 0 4
a 891 412 0 4 5
a 891 415 0 21 3
a 893 23 0 49 10
a 893 343 0 49 3
a 894 895 0 49 3
a 894 662 0 4 1
a 894 779 0 40 10
a 894 144 0 44 3
a 894 376 0 44 8
a 895 72 0 49 1
a 895 790 0 19 9
a 898 776 0 49 6
a 898 411 0 35 4
a 898 322 0 7 10
a 898 527 0 39 10
a 900 420 0 49 3
a 900 528 0 10 4
a 900 670 0 17 7
a 900 820 0 27 5
a 900 742 0 16 10
a 900 258 0 2 3
a 901 738 0 49 10
a 901 355 0 24 6
a 902 824 0 49 7
a 902 300 0 40 7
a 902 892 0 39 7
a 902 770 0 48 5
a 903 873 0 49 2
a 903 825 0 36 5
a 907 232 0 49 2
a 907 626 0 37 2
a 908 971 0 49 4
a 908 713 0 29 6
a 908 698 0 44 8
a 910 871 0 49 7
a 910 883 0 29 3
a 910 527 0 20 6
a 911 913 0 49 6
a 911 102 0 35 4
a 911 131 0 45 7
a 911 665 0 33 7
a 911 926 0 10 3
a 913 175 0 49 6
a 913 69 0 22 5
a 913 388 0 11 10
a 913 647 0 1 8
a 913 147 0 43 5
a 914 917 0 49 7
a 914 845 0 47 3
a 914 838 0 5 4
a 914 997 0 25 3
a 914 956 0 33 6
a 914 322 0 40 2
a 915 124 0 49 3
a 915 761 0 22 1
a 915 903 0 3 7
a 915 834 0 20 4
a 915 351 0 50 1
a 917 476 0 49 9
a 917 934 0 42 3
a 917 976 0 42 7
a 918 256 0 49 8
a 918 490 0 29 10
a 918 602 0 28 4
a 918 705 0 49 2
a 921 854 0 49 4
a 921 668 0 16 3
a 922 966 0 49 10
a 922 443 0 21 4
a 922 294 0 2 2
a 922 898 0 10 1
a 922 51 0 45 7
a 924 911 0 49 8
a 924 414 0 24 5
a 924 480 0 46 1
a 924 316 0 41 7
a 925 386 0 49 7
a 925 230 0 4 3
a 926 428 0 49 9
a 926 716 0 44 9
a 926 153 0 7 8
a 928 612 0 49 6
a 928 246 0 15 3
a 928 232 0 29 6
a 929 924 0 49 2
a 929 692 0 40 1
a 929 369 0 38 1
a 929 204 0 30 5
a 933 291 0 49 2
a 933 285 0 24 10
a 933 320 0 46 1
a 933 174 0 9 7
a 935 568 0 49 3
a 935 569 0 47 9
a 935 933 0 44 1
a 936 599 0 49 1
a 936 707 0 6 4
a 936 563 0 8 7
a 936 396 0 0 1
a 937 798 0 49 5
a 937 399 0 9 6
a 937 803 0 31 5
a 937 422 0 15 10
a 938 767 0 49 3
a 938 465 0 47 10
a 938 382 0 24 8
a 938 79 0 6 9
a 939 991 0 49 10
a 939 54 0 27 1
a 939 427 0 36 4
a 939 50 0 31 3
a 939 478 0 49 3
a 943 959 0 49 6
a 943 686 0 17 10
a 943 348 0 49 6
a 946 589 0 49 7
a 946 952 0 18 4
a 946 507 0 24 5
a 946 495 0 12 4
a 946 532 0 14 10
a 947 501 0 49 9
a 947 758 0 43 7
a 948 781 0 49 3
a 948 961 0 1 4
a 948 748 0 15 7
a 948 553 0 27 7
a 950 383 0 49 10
a 950 386 0 7 4
a 950 848 0 44 7
a 950 336 0 17 4
a 950 240 0 17 7
a 950 852 0 42 7
a 952 10 0 49 1
a 952 966 0 0 6
a 952 915 0 23 2
a 952 718 0 30 2
a 953 625 0 49 4
a 953 189 0 29 7
a 953 544 0 28 9
a 954 817 0 49 4
a 954 145 0 42 6
a 954 921 0 49 1
a 954 646 0 47 2
a 956 97 0 49 4
a 956 703 0 17 5
a 957 275 0 49 5
a 957 86 0 42 3
a 958 703 0 49 9
a 958 138 0 9 10
a 958 115 0 9 4
a 958 761 0 41 5
a 958 275 0 12 7
a 959 799 0 49 3
a 959 795 0 38 6
a 959 725 0 7 2
a 961 902 0 49 4
a 961 935 0 49 8
a 961 356 0 10 10
a 961 925 0 29 5
a 961 200 0 12 1
a 964 787 0 49 7
a 964 366 0 24 10
a 964 400 0 13 8
a 964 755 0 28 6
a 965 133 0 49 8
a 965 849 0 3 6
a 965 595 0 15 10
a 965 785 0 35 2
a 966 952 0 49 6
a 966 31 0 47 10
a 966 69 0 40 9
a 966 519 0 12 9
a 966 66 0 17 3
a 969 577 0 49 1
a 969 55 0 41 5
a 969 106 0 37 4
a 969 173 0 35 5
a 970 467 0 49 6
a 970 585 0 30 8
a 970 704 0 17 8
a 970 225 0 50 10
a 970 466 0 6 1
a 971 217 0 49 9
a 971 425 0 7 10
a 971 720 0 48 7
a 971 189 0 5 2
a 971 610 0 48 10
a 971 911 0 41 8
a 972 349 0 49 1
a 972 167 0 27 2
a 972 128 0 44 9
a 972 969 0 14 5
a 972 234 0 17 5
a 974 457 0 49 6
a 974 443 0 18 5
a 976 720 0 49 8
a 976 92 0 8 5
a 976 588 0 29 3
a 976 870 0 45 2
a 979 385 0 49 8
a 979 432 0 38 10
a 979 235 0 27 10
a 979 674 0 24 3
a 979 443 0 13 4
a 981 696 0 49 1
a 981 819 0 39 10
a 981 578 0 5 6
a 981 883 0 24 10
a 982 802 0 49 1
a 982 909 0 12 1
a 984 246 0 49 2
a 984 320 0 43 8
a 984 766 0 10 8
a 984 808 0 5 3
a 984 835 0 6 3
a 984 28 0 40 4
a 985 815 0 49 1
a 985 814 0 34 9
a 985 528 0 5 8
a 988 327 0 49 10
a 988 332 0 17 2
a 988 602 0 18 5
a 991 81 0 49 4
a 991 798 0 7 4
a 991 264 0 3 2
a 991 870 0 37 2
a 991 93 0 19 4
a 991 800 0 11 2
a 994 520 0 49 4
a 994 617 0 14 7
a 2 980 0 1 6
a 2 164 0 2 3
a 2 725 0 8 8
a 2 376 0 24 7
a 2 363 0 4 2
a 3 89 0 1 8
a 3 534 0 19 9
a 3 121 0 7 10
a 3 886 0 11 5
a 3 386 0 22 10
a 3 619 0 11 10
a 6 191 0 1 10
a 6 694 0 32 2
a 6 665 0 43 9
a 6 882 0 1 4
a 6 623 0 11 3
a 6 235 0 13 9
a 7 884 0 1 7
a 7 696 0 11 6
a 8 331 0 1 9
a 8 698 0 45 5
a 8 728 0 44 1
a 8 715 0 44 9
a 12 750 0 1 7
a 12 468 0 48 2
a 13 110 0 1 8
a 13 391 0 9 10
a 13 687 0 22 3
a 20 146 0 1 4
a 20 917 0 36 2
a 20 895 0 42 4
a 21 343 0 1 4
a 21 944 0 1 8
a 21 950 0 44 1
a 26 912 0 1 3
a 26 865 0 3 7
a 26 212 0 10 4
a 26 851 0 48 2
a 26 907 0 40 2
a 26 707 0 0 4
a 27 652 0 1 3
a 27 893 0 3 9
a 29 889 0 1 8
a 29 855 0 33 6
a 29 252 0 38 6
a 29 773 0 42 4
a 29 571 0 50 8
a 30 338 0 1 9
a 30 620 0 18 7
a 31 646 0 1 1
a 31 760 0 3 9
a 31 821 0 38 5
a 31 525 0 44 5
a 32 111 0 1 1
a 32 377 0 37 2
a 32 798 0 3 6
a 32 471 0 13 5
a 32 657 0 0 7
a 35 675 0 1 8
a 35 264 0 10 3
a 35 49 0 3 8
a 35 172 0 50 9
a 35 500 0 21 8
a 35 435 0 33 2
a 38 448 0 1 6
a 38 220 0 46 3
a 40 651 0 1 4
a 40 836 0 46 5
a 41 228 0 1 10
a 41 788 0 28 1
a 44 373 0 1 4
a 44 55 0 35 7
a 44 676 0 12 2
a 44 195 0 16 4
a 44 610 0 37 1
a 44 359 0 49 8
a 45 284 0 1 2
a 45 510 0 45 1
a 47 443 0 1 10
a 47 829 0 9 9
a 47 61 0 12 6
a 47 725 0 11 2
a 47 419 0 20 3
a 47 105 0 25 8
a 47 112 0 31 4
a 48 511 0 1 10
a 48 100 0 35 2
a 48 436 0 2 2
a 48 821 0 6 2
a 48 915 0 21 9
a 49 479 0 1 1
a 49 606 0 16 6
a 49 893 0 14 1
a 49 298 0 38 10
a 49 192 0 20 5
a 50 665 0 1 4
a 50 779 0 39 7
a 50 216 0 39 3
a 50 494 0 32 3
a 50 506 0 17 5
a 50 328 0 15 9
a 51 591 0 1 9
a 51 77 0 37 5
a 51 980 0 38 2
a 51 17 0 23 8
a 51 408 0 21 2
a 51 337 0 27 9
a 53 458 0 1 4
a 53 323 0 38 2
a 54 490 0 1 7
a 54 95 0 20 7
a 55 769 0 1 3
a 55 245 0 6 2
a 55 134 0 17 2
a 55 687 0 5 1
a 56 85 0 1 2
a 56 807 0 48 3
a 56 161 0 27 2
a 56 426 0 10 6
a 56 107 0 0 4
a 57 174 0 1 3
a 57 535 0 35 1
a 57 421 0 1 10
a 57 504 0 16 5
a 57 640 0 11 2
a 57 843 0 42 9
a 59 13 0 1 7
a 59 470 0 50 10
a 60 236 0 1 7
a 60 314 0 39 4
a 60 307 0 43 10
a 62 774 0 1 4
a 62 441 0 39 3
a 62 415 0 30 5
a 64 57 0 1 1
a 64 492 0 5 3
a 65 427 0 1 9
a 65 641 0 48 2
a 65 678 0 28 5
a 70 32 0 1 3
a 70 819 0 47 9
a 70 609 0 47 1
a 70 444 0 0 2
a 70 880 0 12 7
a 70 588 0 44 2
a 71 940 0 1 3
a 71 45 0 50 6
a 73 12 0 1 8
a 73 27 0 46 3
a 74 320 0 1 4
a 74 962 0 12 7
a 74 379 0 1 7
a 74 143 0 16 1
a 74 25 0 10 5
a 76 26 0 1 4
a 76 56 0 3 8
a 76 943 0 26 3
a 76 147 0 46 3
a 78 858 0 1 6
a 78 697 0 22 4
a 79 182 0 1 5
a 79 168 0 24 2
a 79 485 0 12 9
a 79 324 0 20 6
a 79 698 0 48 7
a 80 998 0 1 4
a 80 488 0 41 8
a 80 275 0 24 4
a 80 448 0 23 7
a 80 232 0 43 5
a 82 45 0 1 2
a 82 380 0 19 3
a 82 617 0 47 7
a 82 183 0 13 7
a 82 361 0 26 9
a 82 306 0 42 4
a 82 643 0 35 3
a 84 150 0 1 6
a 84 803 0 47 6
a 84 471 0 0 9
a 84 91 0 49 2
a 85 76 0 1 8
a 85 895 0 44 5
a 86 453 0 1 5
a 86 272 0 38 3
a 88 754 0 1 4
a 88 207 0 11 9
a 88 942 0 6 1
a 88 936 0 23 6
a 88 38 0 41 1
a 89 559 0 1 7
a 89 469 0 33 7
a 90 973 0 1 5
a 90 723 0 28 2
a 90 770 0 37 1
a 90 256 0 1 2
a 90 85 0 38 1
a 91 78 0 1 4
a 91 19 0 14 2
a 91 551 0 19 2
a 91 868 0 18 5
a 91 905 0 40 6
a 91 821 0 4 5
a 95 829 0 1 1
a 95 592 0 38 10
a 95 76 0 8 4
a 95 558 0 38 7
a 95 249 0 50 9
a 95 567 0 43 3
a 95 382 0 42 6
a 96 351 0 1 4
a 96 428 0 22 1
a 98 30 0 1 7
a 98 936 0 10 3
a 99 628 0 1 7
a 99 403 0 46 9
a 99 334 0 5 4
a 99 459 0 15 2
a 99 668 0 14 5
a 99 168 0 27 5
a 99 970 0 9 4
a 101 707 0 1 8
a 101 225 0 7 4
a 101 524 0 8 5
a 101 787 0 41 1
a 101 473 0 9 10
a 101 263 0 24 6
a 104 249 0 1 8
a 104 69 0 5 8
a 104 260 0 6 8
a 104 42 0 44 6
a 105 454 0 1 5
a 105 51 0 31 7
a 105 556 0 24 7
a 105 757 0 4 2
a 105 640 0 2 4
a 106 866 0 1 6
a 106 828 0 22 8
a 106 58 0 47 5
a 106 159 0 35 6
a 106 840 0 31 3
a 107 606 0 1 7
a 107 889 0 1 6
a 109 722 0 1 2
a 109 922 0 42 5
a 109 667 0 50 5
a 109 234 0 38 1
a 109 463 0 8 10
a 110 588 0 1 3
a 110 369 0 47 10
a 110 963 0 18 1
a 110 604 0 3 4
a 110 704 0 22 5
a 111 82 0 1 10
a 111 517 0 27 9
a 111 204 0 31 7
a 111 929 0 11 3
a 111 579 0 18 2
a 113 503 0 1 6
a 113 345 0 33 8
a 113 412 0 34 9
a 114 199 0 1 2
a 114 303 0 39 1
a 114 556 0 10 6
a 115 300 0 1 2
a 115 405 0 30 10
a 115 364 0 31 2
a 115 844 0 46 9
a 115 19 0 23 9
a 117 141 0 1 7
a 117 861 0 50 8
a 117 564 0 11 5
a 117 554 0 30 1
a 122 855 0 1 5
a 122 699 0 17 9
a 122 594 0 14 9
a 122 269 0 6 4
a 127 40 0 1 4
a 127 785 0 28 3
a 127 55 0 34 7
a 132 189 0 1 5
a 132 733 0 9 6
a 132 758 0 3 8
a 135 978 0 1 8
a 135 302 0 44 5
a 135 596 0 23 5
a 135 357 0 30 2
a 137 727 0 1 10
a 137 713 0 35 3
a 137 234 0 38 7
a 137 206 0 48 1
a 137 93 0 20 1
a 137 867 0 19 8
a 138 323 0 1 8
a 138 343 0 45 2
a 138 419 0 32 2
a 138 404 0 26 4
a 139 944 0 1 8
a 139 214 0 29 9
a 139 881 0 48 1
a 139 409 0 19 8
a 140 642 0 1 1
a 140 73 0 46 9
a 140 216 0 22 8
a 140 132 0 16 6
a 140 983 0 48 8
a 141 794 0 1 5
a 141 24 0 19 3
a 143 622 0 1 10
a 143 182 0 14 5
a 143 861 0 48 10
a 143 81 0 37 10
a 144 875 0 1 8
a 144 961 0 18 8
a 144 264 0 50 7
a 146 62 0 1 5
a 146 424 0 21 5
a 146 582 0 25 4
a 147 224 0 1 4
a 147 593 0 26 4
a 150 334 0 1 10
a 150 6 0 2 10
a 150 309 0 4 6
a 150 404 0 48 2
a 150 129 0 29 9
a 151 318 0 1 7
a 151 910 0 46 7
a 151 775 0 49 4
a 151 934 0 42 3
a 157 65 0 1 5
a 157 843 0 2 6
a 158 265 0 1 1
a 158 40 0 44 9
a 158 482 0 23 4
a 158 828 0 44 9
a 158 760 0 11 4
a 159 468 0 1 8
a 159 873 0 49 10
a 160 99 0 1 8
a 160 252 0 14 7
a 160 980 0 15 4
a 160 794 0 12 1
a 160 897 0 9 10
a 161 681 0 1 4
a 161 49 0 49 2
a 161 751 0 19 10
a 161 67 0 44 10
a 163 582 0 1 10
a 163 229 0 41 6
a 163 840 0 45 10
a 163 201 0 33 10
a 163 263 0 27 2
a 164 538 0 1 9
a 164 539 0 12 7
a 164 689 0 34 5
a 164 951 0 44 5
a 164 993 0 36 4
a 165 897 0 1 2
a 165 153 0 45 4
a 165 429 0 30 3
a 165 355 0 9 3
a 165 952 0 27 1
a 166 218 0 1 3
a 166 577 0 12 5
a 169 931 0 1 7
a 169 374 0 13 6
a 169 368 0 36 2
a 169 644 0 26 5
a 169 160 0 20 1
a 173 613 0 1 8
a 173 702 0 19 4
a 173 858 0 24 5
a 173 759 0 47 9
a 173 853 0 15 3
a 173 648 0 10 1
a 174 746 0 1 7
a 174 517 0 40 8
a 176 575 0 1 5
a 176 482 0 42 2
a 176 841 0 36 2
a 179 659 0 1 9
a 179 953 0 18 4
a 181 408 0 1 3
a 181 781 0 23 1
a 181 446 0 24 6
a 181 299 0 20 3
a 181 694 0 17 4
a 181 771 0 6 3
a 182 263 0 1 9
a 182 188 0 27 5
a 182 454 0 44 3
a 182 386 0 7 8
a 182 621 0 46 4
a 182 727 0 29 1
a 187 84 0 1 8
a 187 110 0 19 1
a 188 56 0 1 7
a 188 274 0 44 6
a 188 210 0 24 4
a 188 494 0 29 3
a 188 234 0 47 9
a 189 637 0 1 5
a 189 210 0 7 3
a 189 64 0 32 1
a 189 847 0 11 5
a 189 615 0 47 6
a 191 662 0 1 5
a 191 749 0 29 2
a 191 245 0 2 3
a 191 547 0 49 6
a 191 453 0 22 8
a 192 857 0 1 2
a 192 673 0 38 7
a 192 547 0 49 10
a 192 462 0 17 1
a 192 808 0 45 3
a 193 636 0 1 1
a 193 938 0 32 9
a 193 358 0 7 1
a 194 780 0 1 1
a 194 722 0 37 4
a 194 597 0 46 6
a 195 377 0 1 1
a 195 872 0 25 3
a 195 408 0 31 8
a 195 202 0 32 2
a 195 533 0 21 1
a 196 80 0 1 9
a 196 558 0 40 1
a 196 668 0 30 1
a 196 830 0 37 6
a 196 599 0 44 1
a 196 949 0 35 5
a 197 231 0 1 8
a 197 352 0 36 1
a 197 342 0 16 8
a 197 171 0 22 8
a 198 498 0 1 6
a 198 749 0 14 4
a 198 447 0 15 4
a 198 358 0 19 3
a 199 832 0 1 1
a 199 474 0 50 8
a 201 276 0 1 3
a 201 945 0 14 10
a 204 990 0 1 5
a 204 888 0 19 2
a 209 107 0 1 3
a 209 853 0 27 3
a 209 472 0 18 9
a 209 883 0 32 1
a 209 363 0 39 10
a 212 883 0 1 8
a 212 822 0 14 2
a 212 246 0 10 10
a 213 64 0 1 5
a 213 172 0 40 4
a 213 124 0 8 7
a 213 820 0 16 8
a 214 699 0 1 5
a 214 352 0 23 1
a 214 424 0 18 9
a 214 597 0 0 4
a 214 885 0 37 1
a 215 995 0 1 1
a 215 921 0 2 1
a 215 677 0 1 8
a 215 528 0 17 9
a 215 979 0 34 7
a 216 499 0 1 2
a 216 483 0 25 5
a 216 588 0 1 7
a 216 753 0 38 5
a 216 675 0 18 4
a 216 313 0 4 10
a 218 611 0 1 8
a 218 56 0 13 8
a 218 549 0 35 2
a 220 227 0 1 3
a 220 262 0 1 10
a 220 477 0 33 4
a 220 859 0 26 6
a 220 716 0 24 6
a 220 413 0 10 4
a 224 773 0 1 3
a 224 987 0 39 10
a 224 278 0 44 2
a 224 122 0 25 6
a 224 616 0 41 6
a 225 197 0 1 6
a 225 697 0 50 7
a 225 890 0 48 7
a 225 790 0 34 10
a 225 292 0 32 5
a 226 518 0 1 6
a 226 234 0 47 5
a 226 675 0 33 9
a 226 271 0 21 4
a 227 363 0 1 5
a 227 465 0 28 6
a 227 32 0 49 9
a 227 621 0 38 1
a 227 922 0 20 8
a 227 623 0 6 4
a 228 955 0 1 2
a 228 464 0 6 10
a 231 115 0 1 8
a 231 619 0 24 8
a 231 82 0 31 10
a 231 785 0 19 8
a 231 379 0 49 1
a 233 679 0 1 5
a 233 120 0 4 1
a 233 186 0 18 8
a 233 891 0 1 6
a 234 874 0 1 6
a 234 450 0 7 8
a 234 486 0 20 1
a 234 765 0 22 5
a 234 295 0 36 5
a 235 694 0 1 3
a 235 429 0 21 5
a 235 757 0 43 2
a 236 968 0 1 3
a 236 566 0 14 2
a 236 691 0 14 5
a 236 241 0 8 1
a 238 505 0 1 6
a 238 294 0 19 5
a 238 949 0 28 1
a 249 445 0 1 4
a 249 824 0 26 6
a 249 393 0 3 4
a 249 678 0 45 4
a 250 885 0 1 8
a 250 520 0 47 6
a 250 137 0 43 10
a 250 850 0 0 1
a 250 44 0 40 4
a 250 318 0 29 9
a 251 335 0 1 6
a 251 640 0 49 9
a 251 105 0 1 10
a 251 785 0 14 1
a 251 426 0 8 2
a 252 923 0 1 3
a 252 868 0 2 4
a 253 796 0 1 7
a 253 586 0 26 6
a 253 484 0 22 3
a 253 411 0 23 10
a 254 640 0 1 10
a 254 33 0 20 3
a 254 101 0 13 3
a 254 891 0 17 10
a 255 825 0 1 9
a 255 708 0 50 1
a 257 387 0 1 5
a 257 49 0 10 3
a 259 413 0 1 4
a 259 794 0 36 5
a 259 378 0 29 8
a 259 148 0 14 3
a 260 590 0 1 10
a 260 56 0 16 2
a 260 487 0 11 5
a 260 113 0 12 8
a 260 321 0 13 9
a 262 916 0 1 6
a 262 237 0 1 4
a 262 498 0 7 2
a 263 74 0 1 5
a 263 466 0 4 3
a 263 199 0 13 4
a 265 527 0 1 10
a 265 87 0 39 2
a 265 53 0 7 5
a 265 279 0 1 10
a 265 601 0 6 4
a 266 160 0 1 8
a 266 396 0 21 5
a 266 609 0 34 8
a 266 531 0 9 3
a 274 534 0 1 3
a 274 108 0 38 1
a 274 798 0 40 5
a 274 754 0 8 5
a 274 26 0 47 4
a 276 340 0 1 8
a 276 385 0 30 8
a 276 781 0 33 9
a 276 308 0 48 8
a 276 292 0 38 8
a 276 287 0 39 8
a 277 88 0 1 3
a 277 696 0 36 3
a 277 624 0 6 9
a 277 421 0 15 2
a 278 302 0 1 7
a 278 979 0 41 2
a 280 691 0 1 7
a 280 357 0 4 10
a 280 449 0 9 5
a 280 844 0 22 7
a 282 1000 0 1 4
a 282 96 0 4 5
a 282 254 0 48 10
a 284 192 0 1 9
a 284 18 0 48 5
a 284 839 0 8 7
a 284 21 0 16 9
a 284 123 0 37 4
a 288 986 0 1 1
a 288 367 0 26 7
a 288 311 0 50 7
a 288 819 0 35 1
a 288 58 0 37 2
a 288 681 0 36 10
a 289 749 0 1 5
a 289 298 0 5 3
a 289 641 0 3 6
a 289 42 0 10 3
a 289 486 0 14 9
a 289 211 0 42 9
a 290 384 0 1 3
a 290 304 0 21 1
a 290 595 0 36 10
a 290 980 0 47 8
a 290 733 0 39 6
a 290 330 0 34 6
a 295 850 0 1 2
a 295 954 0 18 4
a 300 744 0 1 1
a 300 343 0 28 6
a 302 809 0 1 10
a 302 395 0 27 6
a 302 820 0 28 9
a 302 842 0 14 6
a 302 383 0 42 1
a 302 26 0 39 10
a 306 471 0 1 1
a 306 901 0 5 8
a 306 812 0 49 2
a 308 502 0 1 9
a 308 467 0 5 10
a 308 106 0 23 10
a 309 419 0 1 6
a 309 595 0 48 6
a 309 291 0 11 7
a 309 533 0 21 8
a 314 109 0 1 10
a 314 115 0 8 9
a 314 516 0 0 10
a 314 990 0 30 2
a 314 277 0 12 1
a 315 404 0 1 9
a 315 667 0 20 4
a 315 570 0 33 1
a 315 645 0 17 9
a 317 161 0 1 3
a 317 41 0 9 7
a 317 124 0 19 3
a 317 321 0 6 2
a 317 904 0 22 5
a 318 225 0 1 6
a 318 421 0 46 5
a 318 783 0 20 7
a 318 741 0 35 7
a 318 554 0 26 2
a 320 867 0 1 1
a 320 605 0 43 6
a 320 143 0 16 8
a 321 35 0 1 1
a 321 567 0 29 8
a 321 611 0 37 2
a 321 946 0 1 8
a 322 927 0 1 1
a 322 562 0 29 5
a 322 410 0 13 8
a 322 362 0 44 2
a 322 51 0 41 10
a 323 355 0 1 7
a 323 719 0 42 1
a 323 981 0 28 4
a 323 252 0 27 9
a 324 341 0 1 2
a 324 598 0 19 1
a 324 205 0 12 8
a 324 218 0 5 10
a 324 611 0 41 8
a 324 204 0 0 4
a 325 295 0 1 4
a 325 296 0 40 9
a 325 564 0 30 2
a 325 355 0 35 5
a 325 465 0 36 8
a 325 559 0 3 9
a 326 983 0 1 8
a 326 976 0 20 4
a 326 353 0 50 1
a 330 987 0 1 6
a 330 209 0 7 10
a 330 410 0 48 2
a 330 235 0 19 2
a 330 510 0 27 6
a 330 918 0 35 1
a 331 771 0 1 9
a 331 779 0 15 8
a 331 631 0 42 3
a 333 314 0 1 3
a 333 115 0 2 5
a 333 402 0 9 2
a 334 114 0 1 8
a 334 404 0 30 3
a 334 32 0 44 4
a 335 41 0 1 3
a 335 411 0 28 8
a 335 279 0 5 8
a 335 916 0 25 8
a 335 288 0 34 6
a 335 434 0 26 7
a 338 333 0 1 3
a 338 105 0 29 6
a 338 614 0 28 10
a 338 177 0 30 6
a 338 843 0 3 6
a 338 908 0 6 9
a 339 487 0 1 8
a 339 941 0 31 7
a 339 448 0 17 9
a 339 214 0 7 3
a 340 390 0 1 6
a 340 68 0 17 2
a 340 754 0 20 3
a 340 71 0 33 4
a 340 48 0 38 4
a 340 621 0 36 4
a 341 6 0 1 4
a 341 30 0 29 2
a 341 894 0 14 9
a 341 970 0 0 8
a 342 441 0 1 5
a 342 118 0 26 10
a 342 482 0 10 7
a 342 518 0 1 7
a 342 183 0 19 5
a 342 410 0 1 2
a 343 693 0 1 10
a 343 620 0 48 8
a 345 512 0 1 7
a 345 371 0 47 3
a 345 473 0 40 7
a 346 173 0 1 10
a 346 330 0 24 2
a 346 694 0 41 1
a 346 106 0 48 10
a 346 635 0 7 6
a 347 713 0 1 7
a 347 836 0 15 1
a 347 853 0 39 6
a 347 992 0 1 7
a 351 235 0 1 6
a 351 74 0 33 7
a 354 906 0 1 4
a 354 261 0 31 3
a 354 630 0 39 10
a 354 332 0 15 9
a 354 262 0 3 10
a 355 546 0 1 10
a 355 818 0 23 3
a 355 647 0 14 4
a 358 418 0 1 5
a 358 262 0 49 6
a 358 303 0 8 8
a 358 638 0 26 1
a 358 170 0 12 10
a 358 801 0 8 2
a 359 881 0 1 4
a 359 714 0 7 10
a 359 538 0 14 6
a 360 165 0 1 10
a 360 338 0 35 1
a 363 847 0 1 2
a 363 608 0 7 3
a 364 53 0 1 10
a 364 313 0 46 9
a 364 176 0 31 6
a 364 814 0 20 3
a 364 230 0 45 5
a 365 803 0 1 8
a 365 833 0 16 6
a 365 119 0 24 1
a 367 166 0 1 9
a 367 366 0 5 3
a 368 436 0 1 4
a 368 915 0 29 8
a 368 241 0 28 6
a 373 105 0 1 4
a 373 76 0 30 3
a 373 172 0 26 7
a 374 464 0 1 8
a 374 173 0 43 6
a 374 124 0 13 3
a 374 187 0 31 10
a 374 679 0 11 8
a 374 938 0 11 8
a 375 422 0 1 3
a 375 388 0 21 6
a 377 556 0 1 2
a 377 58 0 14 10
a 377 861 0 24 5
a 379 899 0 1 9
a 379 412 0 50 6
a 379 73 0 24 9
a 379 165 0 25 7
a 381 689 0 1 5
a 381 984 0 44 8
a 381 633 0 20 10
a 381 427 0 25 4
a 381 671 0 39 3
a 384 531 0 1 5
a 384 375 0 36 1
a 387 540 0 1 6
a 387 294 0 48 5
a 387 709 0 20 5
a 387 349 0 20 10
a 387 364 0 13 4
a 390 992 0 1 1
a 390 999 0 44 2
a 390 187 0 16 1
a 390 451 0 31 7
a 390 856 0 39 10
a 391 345 0 1 3
a 391 989 0 50 5
a 391 189 0 7 7
a 392 257 0 1 7
a 392 648 0 47 3
a 392 705 0 35 2
a 392 795 0 26 10
a 393 342 0 1 2
a 393 725 0 8 3
a 394 892 0 1 9
a 394 352 0 50 5
a 395 198 0 1 5
a 395 79 0 45 8
a 395 28 0 24 5
a 395 759 0 49 1
a 396 375 0 1 2
a 396 539 0 49 5
a 396 557 0 20 10
a 396 98 0 43 2
a 397 137 0 1 8
a 397 570 0 27 10
a 397 536 0 37 10
a 397 67 0 5 1
a 397 429 0 44 5
a 399 627 0 1 9
a 399 51 0 1 10
a 399 227 0 41 1
a 399 982 0 0 7
a 401 424 0 1 9
a 401 870 0 47 10
a 401 534 0 41 5
a 401 382 0 10 5
a 403 975 0 1 4
a 403 381 0 7 2
a 403 91 0 30 3
a 404 887 0 1 2
a 404 236 0 32 7
a 404 47 0 28 4
a 404 908 0 16 1
a 404 992 0 13 1
a 408 942 0 1 7
a 408 259 0 29 6
a 408 435 0 41 7
a 408 547 0 37 6
a 413 360 0 1 3
a 413 568 0 24 7
a 413 932 0 23 3
a 413 589 0 25 7
a 418 757 0 1 6
a 418 987 0 16 9
a 418 957 0 39 5
a 418 196 0 17 10
a 418 411 0 3 4
a 418 964 0 50 5
a 419 193 0 1 7
a 419 240 0 17 7
a 419 102 0 17 6
a 419 295 0 14 2
a 419 116 0 9 2
a 422 700 0 1 2
a 422 252 0 41 7
a 424 394 0 1 7
a 424 62 0 1 10
a 424 694 0 37 9
a 424 548 0 49 1
a 425 135 0 1 4
a 425 121 0 31 8
a 425 774 0 7 5
a 425 605 0 46 8
a 425 928 0 10 8
a 427 592 0 1 9
a 427 487 0 8 9
a 436 565 0 1 4
a 436 8 0 30 5
a 436 289 0 39 8
a 436 847 0 26 2
a 436 679 0 1 4
a 440 47 0 1 1
a 440 711 0 32 6
a 440 849 0 30 9
a 440 6 0 50 7
a 441 497 0 1 9
a 441 106 0 7 3
a 441 890 0 44 7
a 441 906 0 50 10
a 441 615 0 32 2
a 441 912 0 21 6
a 443 253 0 1 9
a 443 831 0 23 4
a 444 630 0 1 4
a 444 220 0 39 7
a 444 298 0 44 1
a 445 317 0 1 10
a 445 264 0 1 10
a 446 290 0 1 2
a 446 26 0 41 5
a 446 700 0 34 7
a 447 868 0 1 3
a 447 669 0 3 4
a 447 105 0 8 6
a 447 187 0 50 1
a 447 585 0 45 2
a 447 106 0 34 4
a 448 315 0 1 4
a 448 618 0 38 8
a 448 562 0 24 2
a 449 580 0 1 3
a 449 293 0 16 1
a 449 599 0 49 2
a 453 106 0 1 6
a 453 524 0 23 7
a 453 362 0 41 5
a 454 539 0 1 6
a 454 211 0 37 10
a 454 898 0 24 10
a 454 160 0 16 3
a 454 515 0 26 6
a 454 387 0 46 4
a 456 250 0 1 6
a 456 61 0 46 3
a 456 807 0 23 8
a 456 468 0 22 4
a 458 949 0 1 8
a 458 621 0 1 5
a 460 951 0 1 7
a 460 812 0 1 7
a 464 138 0 1 6
a 464 170 0 14 1
a 464 641 0 46 6
a 468 730 0 1 2
a 468 523 0 25 7
a 468 589 0 10 4
a 468 210 0 1 3
a 468 888 0 40 3
a 468 606 0 24 9
a 469 70 0 1 5
a 469 253 0 27 10
a 469 170 0 12 2
a 469 24 0 30 7
a 469 516 0 5 2
a 469 485 0 24 7
a 470 610 0 1 1
a 470 387 0 16 4
a 471 695 0 1 3
a 471 632 0 37 9
a 471 147 0 0 10
a 471 4 0 29 8
a 473 96 0 1 10
a 473 35 0 5 10
a 474 724 0 1 10
a 474 877 0 22 7
a 474 434 0 0 7
a 478 999 0 1 1
a 478 786 0 1 10
a 478 683 0 44 4
a 478 690 0 5 6
a 478 377 0 10 6
a 478 429 0 38 2
a 478 419 0 21 3
a 478 668 0 14 6
a 479 44 0 1 6
a 479 171 0 25 6
a 479 590 0 40 7
a 479 798 0 17 6
a 481 653 0 1 7
a 481 90 0 34 3
a 484 289 0 1 10
a 484 7 0 1 9
a 484 761 0 38 9
a 484 12 0 30 6
a 484 659 0 19 10
a 484 212 0 27 3
a 487 932 0 1 5
a 487 235 0 8 10
a 487 691 0 13 1
a 487 420 0 15 1
a 487 456 0 8 1
a 488 50 0 1 10
a 488 353 0 8 1
a 488 634 0 12 6
a 490 863 0 1 6
a 490 178 0 33 6
a 490 645 0 48 1
a 490 410 0 16 5
a 490 405 0 2 8
a 490 524 0 3 1
a 492 8 0 1 5
a 492 616 0 31 10
a 492 540 0 47 4
a 492 768 0 8 10
a 492 235 0 10 9
a 493 158 0 1 1
a 493 977 0 15 1
a 493 660 0 35 9
a 493 649 0 25 5
a 493 481 0 19 9
a 494 500 0 1 2
a 494 104 0 42 9
a 494 405 0 35 9
a 495 60 0 1 5
a 495 152 0 40 10
a 495 348 0 38 1
a 497 812 0 1 5
a 497 79 0 4 3
a 498 278 0 1 1
a 498 679 0 9 1
a 499 551 0 1 6
a 499 534 0 12 9
a 500 449 0 1 3
a 500 719 0 49 5
a 500 964 0 0 4
a 500 543 0 35 6
a 500 723 0 37 5
a 500 253 0 0 8
a 500 944 0 1 7
a 502 989 0 1 6
a 502 805 0 2 7
a 502 522 0 9 5
a 502 304 0 27 9
a 502 615 0 34 2
a 502 903 0 33 10
a 503 528 0 1 8
a 503 952 0 13 4
a 503 586 0 17 2
a 503 309 0 20 7
a 503 995 0 33 9
a 503 320 0 18 2
a 505 861 0 1 4
a 505 476 0 27 7
a 507 188 0 1 3
a 507 178 0 22 2
a 507 957 0 24 6
a 507 372 0 19 3
a 507 699 0 33 6
a 507 888 0 3 4
a 511 598 0 1 1
a 511 708 0 22 5
a 511 515 0 18 3
a 511 718 0 10 9
a 511 523 0 4 3
a 511 758 0 34 9
a 512 98 0 1 5
a 512 504 0 37 4
a 512 892 0 31 1
a 512 179 0 2 5
a 512 765 0 49 9
a 513 321 0 1 1
a 513 536 0 6 10
a 513 78 0 5 10
a 513 980 0 22 2
a 517 308 0 1 8
a 517 203 0 35 8
a 517 516 0 26 7
a 517 67 0 1 2
a 517 491 0 19 1
a 518 963 0 1 7
a 518 482 0 26 9
a 518 407 0 38 6
a 518 633 0 0 3
a 518 945 0 13 3
a 522 536 0 1 6
a 522 532 0 29 9
a 522 497 0 40 2
a 522 601 0 6 7
a 522 889 0 26 4
a 527 266 0 1 6
a 527 827 0 7 2
a 527 528 0 21 4
a 527 451 0 10 2
a 528 663 0 1 5
a 528 861 0 8 10
a 528 698 0 49 7
a 528 683 0 40 6
a 528 726 0 44 6
a 528 815 0 12 9
a 531 51 0 1 2
a 531 941 0 37 7
a 531 954 0 7 2
a 531 24 0 22 6
a 531 255 0 1 5
a 531 467 0 7 10
a 532 494 0 1 9
a 532 58 0 20 10
a 532 720 0 6 8
a 532 56 0 23 8
a 532 486 0 3 6
a 532 514 0 22 1
a 534 444 0 1 5
a 534 212 0 0 2
a 534 190 0 2 3
a 534 277 0 23 6
a 534 9 0 49 4
a 536 101 0 1 6
a 536 486 0 40 1
a 536 903 0 49 6
a 536 744 0 25 6
a 536 323 0 28 8
a 538 668 0 1 10
a 538 857 0 40 6
a 539 395 0 1 3
a 539 955 0 8 1
a 540 425 0 1 6
a 540 971 0 46 8
a 540 703 0 39 7
a 540 350 0 10 2
a 541 396 0 1 3
a 541 482 0 43 6
a 541 893 0 29 8
a 541 490 0 32 1
a 542 587 0 1 2
a 542 206 0 35 2
a 542 873 0 37 5
a 542 602 0 27 1
a 546 945 0 1 7
a 546 449 0 8 2
a 551 49 0 1 8
a 551 705 0 27 1
a 551 854 0 41 2
a 551 815 0 3 1
a 552 460 0 1 10
a 552 771 0 39 2
a 552 3 0 7 6
a 552 126 0 47 8
a 552 787 0 15 4
a 552 44 0 4 4
a 554 255 0 1 2
a 554 114 0 14 7
a 554 533 0 10 6
a 554 285 0 43 2
a 556 214 0 1 9
a 556 719 0 43 1
a 556 907 0 4 10
a 556 65 0 11 2
a 556 208 0 23 4
a 559 608 0 1 2
a 559 245 0 6 7
a 559 856 0 50 2
a 560 878 0 1 4
a 560 510 0 16 2
a 560 535 0 18 10
a 563 59 0 1 3
a 563 128 0 19 5
a 563 362 0 42 6
a 563 511 0 20 7
a 564 469 0 1 7
a 564 175 0 44 1
a 564 301 0 9 3
a 564 785 0 44 4
a 564 815 0 0 1
a 564 136 0 3 2
a 565 634 0 1 5
a 565 383 0 21 3
a 565 995 0 20 5
a 566 113 0 1 10
a 566 871 0 24 2
a 566 42 0 0 2
a 566 857 0 21 5
a 566 805 0 43 6
a 566 754 0 11 2
a 570 325 0 1 6
a 570 881 0 46 6
a 570 303 0 39 8
a 574 579 0 1 7
a 574 626 0 10 1
a 574 742 0 9 3
a 574 388 0 14 7
a 574 389 0 26 5
a 574 926 0 14 2
a 575 456 0 1 2
a 575 342 0 45 8
a 579 481 0 1 6
a 579 380 0 49 4
a 579 506 0 18 4
a 579 92 0 13 3
a 580 447 0 1 10
a 580 353 0 49 7
a 580 403 0 24 6
a 580 706 0 20 6
a 581 648 0 1 5
a 581 165 0 45 1
a 581 471 0 4 2
a 581 34 0 50 7
a 582 226 0 1 5
a 582 655 0 19 9
a 582 826 0 29 7
a 587 339 0 1 7
a 587 760 0 49 5
a 587 417 0 33 8
a 587 260 0 41 7
a 587 41 0 47 3
a 588 712 0 1 9
a 588 522 0 45 8
a 588 551 0 8 5
a 590 542 0 1 4
a 590 842 0 8 3
a 590 394 0 46 8
a 590 694 0 18 8
a 591 181 0 1 7
a 591 971 0 34 1
a 591 927 0 45 8
a 592 122 0 1 7
a 592 748 0 18 5
a 592 148 0 23 4
a 592 771 0 29 2
a 592 557 0 0 7
a 592 316 0 3 4
a 594 201 0 1 5
a 594 61 0 15 9
a 594 892 0 37 2
a 598 54 0 1 2
a 598 703 0 13 10
a 598 822 0 11 1
a 598 761 0 22 7
a 598 953 0 7 1
a 602 354 0 1 8
a 602 850 0 33 1
a 604 346 0 1 8
a 604 332 0 24 2
a 605 737 0 1 10
a 605 391 0 9 1
a 605 385 0 46 5
a 606 697 0 1 5
a 606 5 0 24 2
a 606 425 0 19 8
a 606 160 0 10 10
a 607 670 0 1 5
a 607 29 0 28 2
a 608 187 0 1 1
a 608 492 0 7 2
a 608 689 0 30 3
a 608 911 0 19 6
a 610 195 0 1 7
a 610 795 0 48 10
a 610 375 0 14 6
a 610 519 0 22 8
a 610 418 0 46 5
a 611 997 0 1 6
a 611 144 0 48 6
a 611 339 0 20 2
a 613 513 0 1 1
a 613 89 0 32 5
a 613 717 0 35 8
a 613 104 0 18 3
a 616 721 0 1 2
a 616 383 0 35 1
a 622 139 0 1 6
a 622 954 0 31 3
a 624 220 0 1 5
a 624 416 0 8 4
a 624 891 0 18 9
a 624 705 0 37 10
a 627 282 0 1 7
a 627 819 0 20 6
a 627 942 0 41 4
a 627 965 0 33 9
a 627 452 0 3 2
a 627 204 0 20 2
a 628 581 0 1 9
a 628 123 0 7 1
a 629 890 0 1 8
a 629 746 0 35 9
a 629 426 0 5 9
a 629 518 0 44 8
a 629 567 0 4 8
a 629 584 0 41 1
a 630 607 0 1 4
a 630 437 0 3 5
a 630 409 0 21 10
a 632 493 0 1 7
a 632 371 0 30 2
a 632 742 0 33 9
a 634 252 0 1 8
a 634 700 0 7 4
a 634 811 0 50 1
a 634 133 0 29 8
a 634 694 0 44 1
a 634 991 0 2 8
a 636 364 0 1 9
a 636 110 0 40 4
a 636 308 0 24 6
a 636 726 0 29 8
a 636 580 0 47 9
a 636 710 0 41 9
a 637 117 0 1 8
a 637 107 0 27 8
a 637 711 0 40 6
a 640 212 0 1 2
a 640 429 0 25 9
a 640 296 0 11 2
a 640 742 0 24 9
a 642 977 0 1 4
a 642 202 0 8 6
a 646 800 0 1 7
a 646 571 0 37 1
a 646 48 0 4 3
a 646 418 0 47 1
a 648 779 0 1 6
a 648 495 0 7 5
a 648 298 0 27 10
a 648 999 0 39 8
a 648 328 0 28 1
a 648 300 0 41 3
a 650 86 0 1 9
a 650 169 0 5 3
a 650 152 0 25 3
a 650 498 0 14 6
a 650 132 0 38 3
a 651 492 0 1 8
a 651 618 0 35 5
a 651 297 0 10 9
a 651 526 0 13 4
a 651 84 0 6 9
a 652 495 0 1 2
a 652 636 0 44 7
a 653 309 0 1 9
a 653 902 0 12 9
a 659 144 0 1 7
a 659 914 0 17 2
a 660 517 0 1 8
a 660 151 0 32 6
a 660 935 0 44 2
a 662 616 0 1 3
a 662 710 0 41 3
a 662 654 0 34 2
a 662 526 0 48 8
a 662 944 0 48 1
a 663 934 0 1 2
a 663 473 0 7 4
a 663 60 0 18 3
a 663 861 0 22 5
a 663 467 0 19 4
a 663 440 0 44 1
a 665 860 0 1 3
a 665 86 0 9 8
a 665 418 0 11 4
a 665 718 0 9 10
a 665 348 0 37 4
a 665 952 0 45 8
a 666 541 0 1 7
a 666 806 0 10 6
a 666 680 0 12 10
a 666 101 0 48 6
a 666 669 0 21 8
a 668 392 0 1 2
a 668 635 0 44 5
a 668 590 0 24 2
a 668 96 0 31 5
a 669 564 0 1 8
a 669 952 0 25 1
a 669 413 0 25 9
a 669 32 0 34 7
a 669 250 0 3 6
a 669 888 0 2 6
a 670 470 0 1 1
a 670 737 0 28 4
a 671 401 0 1 8
a 671 631 0 15 7
a 671 283 0 39 4
a 671 242 0 37 7
a 671 804 0 13 1
a 671 131 0 42 10
a 672 157 0 1 10
a 672 807 0 2 5
a 672 17 0 35 9
a 675 841 0 1 8
a 675 197 0 39 5
a 675 762 0 48 5
a 675 71 0 11 7
a 676 851 0 1 10
a 676 307 0 17 6
a 676 722 0 40 3
a 676 143 0 2 4
a 676 967 0 34 2
a 676 807 0 48 4
a 679 570 0 1 10
a 679 142 0 43 3
a 679 803 0 21 5
a 679 998 0 10 3
a 681 846 0 1 4
a 681 103 0 15 6
a 681 521 0 14 9
a 681 608 0 35 3
a 681 161 0 13 6
a 681 699 0 1 1
a 685 473 0 1 8
a 685 785 0 14 5
a 685 988 0 47 4
a 685 703 0 2 5
a 687 747 0 1 5
a 687 377 0 16 3
a 687 759 0 10 5
a 687 622 0 23 5
a 687 893 0 16 4
a 687 587 0 27 9
a 689 403 0 1 4
a 689 547 0 29 3
a 689 239 0 44 8
a 689 819 0 25 5
a 690 204 0 1 7
a 690 530 0 35 2
a 690 167 0 34 9
a 690 694 0 44 2
a 690 367 0 30 1
a 690 309 0 13 4
a 691 827 0 1 3
a 691 905 0 29 10
a 693 840 0 1 2
a 693 80 0 10 5
a 694 772 0 1 4
a 694 942 0 2 8
a 694 844 0 30 6
a 694 609 0 20 5
a 694 910 0 32 10
a 695 38 0 1 2
a 695 110 0 25 5
a 697 702 0 1 5
a 697 928 0 12 1
a 697 362 0 29 5
a 697 200 0 10 4
a 697 228 0 26 1
a 699 770 0 1 5
a 699 953 0 31 2
a 699 290 0 40 10
a 699 870 0 49 9
a 700 163 0 1 5
a 700 273 0 38 10
a 700 830 0 18 8
a 700 435 0 43 9
a 702 91 0 1 1
a 702 228 0 16 1
a 702 92 0 3 8
a 702 623 0 19 6
a 707 397 0 1 10
a 707 216 0 28 4
a 707 93 0 32 2
a 707 363 0 32 1
a 711 213 0 1 7
a 711 11 0 36 2
a 711 463 0 17 7
a 711 449 0 47 1
a 711 257 0 50 7
a 711 802 0 18 3
a 712 127 0 1 4
a 712 555 0 12 4
a 712 53 0 47 5
a 712 409 0 21 9
a 712 153 0 37 10
a 712 905 0 41 8
a 713 941 0 1 10
a 713 882 0 23 3
a 713 127 0 12 8
a 713 556 0 26 7
a 713 300 0 5 6
a 713 406 0 27 3
a 715 778 0 1 7
a 715 283 0 50 6
a 715 176 0 47 6
a 717 330 0 1 5
a 717 606 0 17 7
a 717 329 0 16 3
a 717 982 0 28 6
a 717 342 0 15 10
a 717 383 0 36 3
a 721 743 0 1 3
a 721 62 0 2 8
a 721 47 0 20 7
a 721 78 0 33 6
a 721 440 0 16 1
a 722 90 0 1 7
a 722 727 0 18 9
a 722 957 0 35 2
a 722 425 0 22 10
a 722 608 0 16 2
a 722 325 0 31 6
a 724 838 0 1 1
a 724 76 0 35 4
a 724 684 0 21 8
a 725 440 0 1 10
a 725 91 0 21 8
a 725 647 0 19 4
a 726 904 0 1 2
a 726 493 0 50 6
a 726 942 0 12 6
a 727 905 0 1 6
a 727 382 0 12 4
a 727 354 0 22 10
a 727 630 0 50 9
a 727 643 0 36 9
a 727 23 0 10 10
a 730 95 0 1 4
a 730 799 0 29 1
a 730 180 0 49 7
a 730 504 0 22 5
a 730 336 0 25 5
a 731 379 0 1 5
a 731 218 0 50 2
a 731 184 0 13 10
a 731 164 0 33 3
a 733 566 0 1 3
a 733 920 0 20 6
a 733 793 0 48 2
a 733 841 0 45 7
a 733 213 0 36 3
a 737 368 0 1 2
a 737 682 0 30 1
a 739 872 0 1 5
a 739 658 0 34 8
a 739 745 0 27 4
a 739 581 0 23 3
a 739 831 0 18 6
a 739 374 0 17 6
a 743 814 0 1 2
a 743 499 0 1 6
a 743 527 0 32 4
a 743 41 0 12 7
a 743 558 0 18 6
a 743 135 0 22 10
a 744 358 0 1 10
a 744 413 0 32 6
a 744 551 0 39 1
a 744 627 0 2 3
a 744 772 0 33 9
a 744 943 0 49 1
a 746 488 0 1 4
a 746 727 0 26 5
a 746 413 0 44 8
a 746 777 0 39 1
a 747 215 0 1 10
a 747 306 0 4 5
a 747 386 0 27 8
a 747 613 0 39 7
a 749 532 0 1 3
a 749 627 0 21 5
a 749 576 0 35 9
a 749 812 0 33 7
a 750 819 0 1 6
a 750 866 0 27 8
a 750 966 0 34 7
a 751 446 0 1 9
a 751 669 0 43 7
a 751 785 0 28 4
a 754 478 0 1 8
a 754 333 0 0 7
a 754 644 0 23 6
a 754 720 0 6 1
a 754 457 0 4 6
a 754 597 0 47 4
a 755 143 0 1 5
a 755 882 0 4 10
a 757 179 0 1 2
a 757 345 0 48 2
a 765 602 0 1 4
a 765 847 0 24 4
a 769 726 0 1 4
a 769 391 0 35 3
a 769 478 0 19 5
a 770 822 0 1 10
a 770 181 0 50 6
a 770 691 0 12 5
a 770 780 0 47 5
a 770 473 0 47 1
a 770 600 0 21 6
a 771 605 0 1 9
a 771 189 0 19 2
a 771 475 0 17 8
a 772 852 0 1 6
a 772 975 0 50 3
a 772 850 0 48 9
a 772 681 0 42 1
a 773 919 0 1 7
a 773 966 0 24 8
a 774 274 0 1 3
a 774 913 0 30 5
a 774 849 0 30 3
a 774 859 0 4 5
a 778 660 0 1 8
a 778 433 0 46 1
a 778 22 0 7 4
a 778 209 0 7 9
a 778 727 0 13 10
a 779 216 0 1 10
a 779 636 0 20 5
a 779 119 0 38 4
a 779 822 0 17 9
a 780 845 0 1 8
a 780 788 0 34 4
a 780 469 0 22 1
a 786 725 0 1 6
a 786 655 0 0 2
a 786 982 0 28 6
a 786 944 0 27 8
a 786 302 0 9 3
a 789 896 0 1 10
a 789 233 0 40 5
a 789 793 0 23 3
a 789 879 0 50 10
a 789 910 0 39 4
a 789 352 0 4 5
a 794 365 0 1 6
a 794 332 0 3 9
a 794 6 0 33 3
a 796 751 0 1 1
a 796 411 0 43 4
a 796 874 0 31 9
a 796 114 0 11 8
a 800 7 0 1 3
a 800 559 0 25 6
a 800 96 0 13 2
a 803 399 0 1 3
a 803 55 0 23 4
a 803 543 0 28 8
a 805 755 0 1 4
a 805 102 0 49 1
a 805 64 0 14 8
a 805 88 0 39 4
a 805 883 0 17 3
a 805 521 0 0 4
a 809 715 0 1 8
a 809 221 0 15 3
a 809 370 0 31 5
a 809 668 0 5 9
a 812 879 0 1 4
a 812 825 0 19 1
a 812 904 0 0 3
a 812 799 0 45 5
a 812 774 0 29 2
a 812 649 0 18 2
a 814 151 0 1 5
a 814 813 0 23 5
a 814 524 0 48 10
a 818 259 0 1 7
a 818 973 0 2 5
a 819 251 0 1 5
a 819 681 0 10 3
a 819 22 0 47 10
a 819 199 0 29 9
a 819 306 0 38 5
a 819 862 0 3 6
a 822 676 0 1 8
a 822 191 0 22 7
a 822 601 0 38 4
a 822 323 0 48 7
a 822 912 0 20 3
a 822 748 0 42 1
a 825 717 0 1 6
a 825 446 0 42 10
a 825 482 0 5 9
a 825 829 0 20 9
a 825 29 0 17 7
a 825 690 0 16 8
a 827 306 0 1 4
a 827 897 0 45 1
a 829 391 0 1 4
a 829 425 0 44 6
a 829 332 0 48 5
a 829 637 0 32 2
a 829 955 0 3 6
a 829 704 0 13 3
a 832 920 0 1 2
a 832 340 0 38 8
a 833 21 0 1 5
a 833 788 0 16 2
a 833 275 0 15 7
a 833 377 0 39 6
a 833 632 0 17 6
a 833 666 0 17 4
a 838 739 0 1 8
a 838 983 0 34 2
a 838 380 0 24 7
a 838 40 0 36 3
a 840 962 0 1 1
a 840 521 0 37 7
a 841 554 0 1 1
a 841 787 0 48 2
a 845 55 0 1 8
a 845 617 0 10 3
a 846 833 0 1 2
a 846 582 0 9 4
a 846 764 0 36 9
a 846 815 0 0 10
a 846 308 0 31 9
a 847 347 0 1 3
a 847 817 0 19 1
a 847 818 0 33 10
a 847 998 0 24 3
a 850 993 0 1 8
a 850 345 0 23 7
a 850 915 0 5 6
a 850 409 0 37 9
a 851 3 0 1 10
a 851 68 0 15 9
a 851 664 0 47 9
a 851 141 0 14 10
a 852 731 0 1 3
a 852 35 0 28 10
a 852 880 0 20 9
a 855 563 0 1 2
a 855 426 0 41 4
a 855 141 0 28 5
a 855 136 0 17 1
a 855 605 0 13 6
a 857 132 0 1 10
a 857 88 0 23 3
a 857 312 0 31 5
a 857 851 0 35 4
a 857 285 0 46 7
a 857 356 0 28 10
a 858 324 0 1 2
a 858 360 0 6 2
a 860 262 0 1 7
a 860 240 0 6 10
a 860 473 0 23 4
a 860 857 0 24 4
a 860 885 0 27 10
a 861 254 0 1 9
a 861 257 0 35 9
a 861 659 0 37 8
a 863 484 0 1 5
a 863 7 0 29 7
a 863 447 0 12 2
a 863 990 0 17 6
a 866 277 0 1 10
a 866 878 0 22 1
a 866 445 0 15 8
a 866 530 0 24 3
a 866 886 0 40 7
a 866 556 0 40 10
a 867 474 0 1 2
a 867 544 0 26 5
a 867 998 0 49 9
a 867 425 0 6 2
a 868 560 0 1 4
a 868 884 0 15 9
a 872 326 0 1 8
a 872 392 0 4 2
a 872 613 0 35 3
a 872 679 0 35 10
a 872 352 0 15 7
a 874 685 0 1 9
a 874 592 0 23 4
a 874 647 0 14 7
a 874 713 0 26 5
a 875 687 0 1 2
a 875 588 0 38 7
a 875 509 0 49 9
a 875 630 0 3 4
a 875 796 0 12 7
a 875 932 0 44 6
a 878 381 0 1 10
a 878 218 0 33 4
a 878 526 0 7 4
a 878 953 0 4 6
a 879 147 0 1 9
a 879 815 0 50 9
a 879 666 0 42 10
a 881 805 0 1 2
a 881 31 0 3 8
a 881 131 0 7 9
a 883 159 0 1 7
a 883 840 0 43 8
a 883 890 0 21 2
a 883 701 0 25 3
a 884 196 0 1 8
a 884 64 0 18 5
a 884 541 0 38 7
a 884 524 0 0 2
a 885 765 0 1 2
a 885 517 0 7 3
a 885 4 0 6 10
a 886 789 0 1 2
a 886 213 0 48 10
a 886 702 0 40 6
a 886 975 0 15 7
a 887 522 0 1 7
a 887 575 0 0 2
a 887 51 0 18 4
a 887 987 0 44 5
a 887 773 0 1 5
a 887 33 0 4 5
a 889 650 0 1 2
a 889 689 0 4 1
a 889 389 0 36 10
a 889 852 0 49 1
a 889 387 0 27 3
a 889 365 0 14 7
a 890 818 0 1 8
a 890 162 0 0 1
a 890 155 0 49 3
a 890 320 0 4 4
a 890 41 0 0 7
a 892 234 0 1 7
a 892 31 0 12 8
a 892 429 0 3 8
a 892 638 0 7 9
a 896 690 0 1 8
a 896 214 0 22 7
a 896 836 0 12 9
a 897 552 0 1 10
a 897 673 0 5 2
a 897 274 0 17 1
a 897 677 0 24 1
a 897 739 0 17 4
a 899 733 0 1 8
a 899 83 0 20 1
a 899 561 0 1 3
a 899 260 0 5 1
a 899 779 0 27 10
a 904 71 0 1 1
a 904 54 0 1 9
a 905 909 0 1 2
a 905 539 0 18 6
a 906 140 0 1 6
a 906 734 0 33 10
a 906 65 0 26 2
a 909 20 0 1 7
a 909 843 0 23 9
a 909 492 0 3 5
a 909 307 0 5 6
a 909 690 0 27 7
a 912 73 0 1 9
a 912 82 0 6 3
a 912 553 0 20 4
a 912 144 0 27 2
a 912 7 0 37 6
a 916 604 0 1 7
a 916 227 0 38 5
a 916 42 0 47 8
a 919 632 0 1 9
a 919 891 0 10 6
a 919 57 0 14 7
a 919 415 0 16 8
a 919 943 0 28 1
a 920 238 0 1 3
a 920 389 0 26 5
a 923 29 0 1 3
a 923 801 0 18 1
a 927 594 0 1 2
a 927 551 0 26 3
a 930 209 0 1 6
a 930 501 0 12 9
a 931 393 0 1 5
a 931 301 0 0 2
a 932 666 0 1 9
a 932 307 0 4 3
a 934 104 0 1 10
a 934 908 0 22 5
a 934 279 0 13 6
a 934 730 0 29 9
a 934 127 0 41 10
a 940 31 0 1 9
a 940 589 0 24 4
a 940 211 0 30 9
a 941 629 0 1 10
a 941 748 0 22 2
a 942 624 0 1 7
a 942 291 0 27 4
a 942 964 0 3 1
a 942 381 0 18 4
a 942 194 0 13 2
a 942 707 0 31 3
a 944 886 0 1 10
a 944 120 0 15 10
a 944 756 0 29 3
a 945 967 0 1 8
a 945 256 0 34 5
a 949 507 0 1 3
a 949 887 0 44 5
a 949 527 0 50 2
a 949 306 0 42 4
a 951 930 0 1 4
a 951 69 0 18 10
a 951 288 0 2 5
a 955 233 0 1 9
a 955 206 0 2 5
a 955 611 0 45 3
a 955 462 0 26 4
a 955 103 0 47 8
a 955 820 0 50 10
a 960 194 0 1 8
a 960 678 0 46 7
a 960 841 0 14 3
a 962 27 0 1 6
a 962 56 0 16 10
a 962 878 0 37 1
a 962 908 0 25 4
a 962 403 0 24 6
a 963 996 0 1 3
a 963 449 0 31 8
a 963 711 0 8 6
a 963 468 0 12 4
a 967 176 0 1 6
a 967 252 0 38 10
a 967 528 0 3 7
a 968 164 0 1 4
a 968 795 0 45 4
a 968 873 0 25 4
a 973 672 0 1 10
a 973 109 0 20 1
a 973 856 0 28 5
a 975 574 0 1 6
a 975 345 0 8 7
a 975 867 0 8 9
a 977 711 0 1 9
a 977 468 0 16 1
a 977 439 0 17 4
a 977 918 0 3 5
a 977 113 0 28 10
a 977 730 0 45 7
a 978 260 0 1 3
a 978 861 0 44 6
a 978 372 0 19 7
a 980 169 0 1 7
a 980 240 0 47 6
a 980 841 0 4 4
a 980 97 0 10 6
a 980 689 0 32 6
a 983 288 0 1 4
a 983 630 0 39 2
a 983 252 0 49 7
a 983 734 0 14 5
a 983 519 0 5 8
a 986 960 0 1 2
a 986 300 0 47 3
a 987 671 0 1 5
a 987 286 0 45 2
a 987 533 0 47 9
a 987 261 0 14 6
a 987 638 0 48 6
a 989 280 0 1 2
a 989 191 0 41 3
a 989 326 0 19 8
a 990 367 0 1 9
a 990 538 0 32 7
a 990 296 0 46 10
a 992 359 0 1 1
a 992 82 0 17 6
a 992 252 0 24 9
a 993 669 0 1 2
a 993 347 0 12 1
a 995 374 0 1 4
a 995 660 0 35 5
a 996 79 0 1 8
a 996 430 0 25 5
a 997 48 0 1 9
a 997 46 0 6 2
a 997 942 0 35 1
a 998 322 0 1 5
a 998 572 0 1 2
a 998 479 0 15 9
a 998 810 0 7 9
a 998 728 0 18 4
a 998 266 0 41 1
