c PyNETGEN v1.0.0
c $ pip install pynetgen
c
c  NETGEN flow network generation algorithm
c  Problem input parameters
c  -------------------------------------
c   Random seed:          22
c   Number of nodes:      1000
c   Source nodes:         2
c   Sink nodes:           2
c   Number of arcs:       4000
c   Minimum arc cost:     1
c   Maximum arc cost:     10
c   Total supply:         50
c   Transshipment -
c     Sources:            0
c     Sinks:              0
c   Skeleton arcs -
c     With max cost:      0
c     Capacitated:        100
c   Minimum arc capacity: 0
c   Maximum arc capacity: 50
c
c  *** Minimum cost flow ***
c
p min 1000 4000
n 1 45
n 2 5
n 999 -26
n 1000 -24
a 1 439 0 45 10
a 1 328 0 47 8
a 1 942 0 13 1
a 1 399 0 1 3
a 1 825 0 30 3
a 1 864 0 26 2
a 4 516 0 45 1
a 4 665 0 14 3
a 4 492 0 31 5
a 7 900 0 45 9
a 7 679 0 33 3
a 7 540 0 16 9
a 7 682 0 3 9
a 7 560 0 48 5
a 7 478 0 48 1
a 8 574 0 45 9
a 8 941 0 17 6
a 8 185 0 17 5
a 8 138 0 47 7
a 8 501 0 31 3
a 10 381 0 45 1
a 10 65 0 8 5
a 10 551 0 41 8
a 10 507 0 28 2
a 12 967 0 45 3
a 12 169 0 17 6
a 12 110 0 8 8
a 12 81 0 4 1
a 14 786 0 45 6
a 14 862 0 9 3
a 14 12 0 19 5
a 14 23 0 47 4
a 14 25 0 7 9
a 16 793 0 45 5
a 16 604 0 17 4
a 16 924 0 38 1
a 16 537 0 13 9
a 16 760 0 0 3
a 16 279 0 23 3
a 16 115 0 26 9
a 17 467 0 45 8
a 17 798 0 50 3
a 17 643 0 42 6
a 17 904 0 40 6
a 21 75 0 45 2
a 21 740 0 43 1
a 22 353 0 45 7
a 22 136 0 36 3
a 22 447 0 8 9
a 23 865 0 45 7
a 23 720 0 4 4
a 23 125 0 29 6
a 23 648 0 25 1
a 23 163 0 47 5
a 23 201 0 49 9
a 24 871 0 45 5
a 24 262 0 20 3
a 25 686 0 45 4
a 25 104 0 39 8
a 25 900 0 39 4
a 25 123 0 40 6
a 25 90 0 33 7
a 26 466 0 45 9
a 26 677 0 28 7
a 26 768 0 4 4
a 26 262 0 16 4
a 26 226 0 31 1
a 27 482 0 45 5
a 27 442 0 15 7
a 30 911 0 45 8
a 30 737 0 20 2
a 30 290 0 2 10
a 32 947 0 45 3
a 32 154 0 18 3
a 32 682 0 17 8
a 32 552 0 45 8
a 32 316 0 49 6
a 32 144 0 36 8
a 32 573 0 47 3
a 36 682 0 45 7
a 36 683 0 36 3
a 36 503 0 11 3
a 39 933 0 45 5
a 39 929 0 48 10
a 39 357 0 4 5
a 39 984 0 28 4
a 40 689 0 45 10
a 40 479 0 4 6
a 40 17 0 49 8
a 40 826 0 14 10
a 40 228 0 5 2
a 40 314 0 18 1
a 40 455 0 22 9
a 42 869 0 45 9
a 42 450 0 12 8
a 42 228 0 5 5
a 43 331 0 45 5
a 43 7 0 38 9
a 43 447 0 12 6
a 43 307 0 47 10
a 43 170 0 16 7
a 45 675 0 45 8
a 45 620 0 12 5
a 45 479 0 44 9
a 45 820 0 0 8
a 45 402 0 4 7
a 46 214 0 45 8
a 46 667 0 11 10
a 47 481 0 45 9
a 47 169 0 32 1
a 47 422 0 40 3
a 51 194 0 45 10
a 51 120 0 28 3
a 51 855 0 16 10
a 51 783 0 29 6
a 51 270 0 23 2
a 51 387 0 46 1
a 54 484 0 45 10
a 54 115 0 14 2
a 55 845 0 45 1
a 55 626 0 25 1
a 55 511 0 30 8
a 56 809 0 45 2
a 56 529 0 17 10
a 56 577 0 23 9
a 56 247 0 9 9
a 56 327 0 48 9
a 56 730 0 23 2
a 56 661 0 44 2
a 58 316 0 45 9
a 58 29 0 49 5
a 58 867 0 50 6
a 58 256 0 13 8
a 58 447 0 13 6
a 58 223 0 47 10
a 62 849 0 45 2
a 62 303 0 38 6
a 66 860 0 45 7
a 66 395 0 38 4
a 66 69 0 50 7
a 67 599 0 45 10
a 67 643 0 38 6
a 67 737 0 47 3
a 67 354 0 38 10
a 67 126 0 19 5
a 67 596 0 8 7
a 73 841 0 45 10
a 73 434 0 47 7
a 73 346 0 32 3
a 73 901 0 30 8
a 74 775 0 45 2
a 74 159 0 9 4
a 74 686 0 29 10
a 74 422 0 16 2
a 74 468 0 8 1
a 74 364 0 3 8
a 75 983 0 45 10
a 75 461 0 30 4
a 75 355 0 50 7
a 75 56 0 24 4
a 78 953 0 45 8
a 78 707 0 27 3
a 78 526 0 6 7
a 79 441 0 45 10
a 79 404 0 8 7
a 79 572 0 1 5
a 79 26 0 19 6
a 79 885 0 31 1
a 80 882 0 45 10
a 80 263 0 32 2
a 80 961 0 46 3
a 83 963 0 45 2
a 83 444 0 27 10
a 86 361 0 45 7
a 86 666 0 23 7
a 86 658 0 14 5
a 86 331 0 23 4
a 86 388 0 33 9
a 86 383 0 22 5
a 87 563 0 45 1
a 87 682 0 46 10
a 87 479 0 0 8
a 87 695 0 0 1
a 87 631 0 15 9
a 93 216 0 45 5
a 93 393 0 33 10
a 93 678 0 40 6
a 93 707 0 41 10
a 94 336 0 45 2
a 94 285 0 37 2
a 94 174 0 46 8
a 94 370 0 23 4
a 94 503 0 22 4
a 95 615 0 45 7
a 95 379 0 5 1
a 95 605 0 8 3
a 96 110 0 45 1
a 96 996 0 12 5
a 96 452 0 44 10
a 96 783 0 6 7
a 97 721 0 45 2
a 97 362 0 35 9
a 97 169 0 23 5
a 97 423 0 23 8
a 97 654 0 50 6
a 97 317 0 30 10
a 99 274 0 45 3
a 99 453 0 38 7
a 99 14 0 3 5
a 100 852 0 45 7
a 100 103 0 1 4
a 100 19 0 37 4
a 101 982 0 45 8
a 101 579 0 44 4
a 101 945 0 1 7
a 101 96 0 26 6
a 103 922 0 45 2
a 103 747 0 47 7
a 103 375 0 44 3
a 105 538 0 45 2
a 105 572 0 27 3
a 105 133 0 11 10
a 105 628 0 10 10
a 105 425 0 35 10
a 106 688 0 45 1
a 106 378 0 10 10
a 106 550 0 16 2
a 106 605 0 50 9
a 110 317 0 45 8
a 110 244 0 26 2
a 110 981 0 23 1
a 111 339 0 45 10
a 111 793 0 35 3
a 111 971 0 27 6
a 111 721 0 12 10
a 111 856 0 43 3
a 111 931 0 9 1
a 112 168 0 45 1
a 112 523 0 21 1
a 115 505 0 45 8
a 115 149 0 18 3
a 115 400 0 13 5
a 115 80 0 21 6
a 115 927 0 32 3
a 116 236 0 45 3
a 116 779 0 33 9
a 116 410 0 15 1
a 116 29 0 25 6
a 116 860 0 49 4
a 116 284 0 39 8
a 117 42 0 45 9
a 117 74 0 46 1
a 117 862 0 32 6
a 117 517 0 26 2
a 117 318 0 7 4
a 117 162 0 25 6
a 119 451 0 45 7
a 119 99 0 36 1
a 124 719 0 45 5
a 124 678 0 1 7
a 124 87 0 19 9
a 124 212 0 33 10
a 124 120 0 19 10
a 124 218 0 6 10
a 125 418 0 45 8
a 125 862 0 29 1
a 125 328 0 5 2
a 127 419 0 45 9
a 127 398 0 13 6
a 127 651 0 38 6
a 127 932 0 45 7
a 127 488 0 26 5
a 129 170 0 45 7
a 129 218 0 10 3
a 130 328 0 45 6
a 130 559 0 48 3
a 130 97 0 29 4
a 130 639 0 30 9
a 130 103 0 31 9
a 134 472 0 45 8
a 134 749 0 4 1
a 134 863 0 41 7
a 134 601 0 12 6
a 134 116 0 2 10
a 134 686 0 32 1
a 135 420 0 45 10
a 135 819 0 9 2
a 135 174 0 23 4
a 135 842 0 42 9
a 135 627 0 3 6
a 136 523 0 45 4
a 136 17 0 22 9
a 136 809 0 14 5
a 136 595 0 15 7
a 138 4 0 45 9
a 138 306 0 5 4
a 138 133 0 8 7
a 141 840 0 45 10
a 141 412 0 39 2
a 141 4 0 16 8
a 141 489 0 36 5
a 142 552 0 45 7
a 142 388 0 11 6
a 145 433 0 45 1
a 145 868 0 16 9
a 147 327 0 45 6
a 147 369 0 35 7
a 149 368 0 45 8
a 149 367 0 41 7
a 149 167 0 12 8
a 149 725 0 27 3
a 150 300 0 45 7
a 150 179 0 46 2
a 150 838 0 28 3
a 150 247 0 50 2
a 152 201 0 45 9
a 152 771 0 44 2
a 152 786 0 6 5
a 152 166 0 32 5
a 154 73 0 45 4
a 154 736 0 43 3
a 154 181 0 26 4
a 154 965 0 46 1
a 155 848 0 45 1
a 155 809 0 23 3
a 155 702 0 25 2
a 155 489 0 44 10
a 155 943 0 13 7
a 155 821 0 25 9
a 157 637 0 45 3
a 157 810 0 45 7
a 163 562 0 45 3
a 163 483 0 3 2
a 163 10 0 10 3
a 163 936 0 28 4
a 163 849 0 19 8
a 166 971 0 45 4
a 166 893 0 15 7
a 166 444 0 4 6
a 166 626 0 2 5
a 166 555 0 29 8
a 166 411 0 14 1
a 167 265 0 45 9
a 167 828 0 17 10
a 167 723 0 16 1
a 167 802 0 6 4
a 167 16 0 0 2
a 168 826 0 45 10
a 168 634 0 19 10
a 168 602 0 3 1
a 169 961 0 45 2
a 169 700 0 31 3
a 169 413 0 21 3
a 170 375 0 45 9
a 170 695 0 45 9
a 180 779 0 45 6
a 180 939 0 24 5
a 180 470 0 43 6
a 180 116 0 25 6
a 180 628 0 29 5
a 180 926 0 8 9
a 182 111 0 45 7
a 182 778 0 25 2
a 182 825 0 7 7
a 184 517 0 45 1
a 184 125 0 43 10
a 184 286 0 0 7
a 184 296 0 19 7
a 187 125 0 45 8
a 187 518 0 11 6
a 187 605 0 7 3
a 187 652 0 27 1
a 190 805 0 45 8
a 190 249 0 13 2
a 191 782 0 45 10
a 191 743 0 44 5
a 191 836 0 22 7
a 191 820 0 0 3
a 193 969 0 45 7
a 193 799 0 50 2
a 194 212 0 45 2
a 194 334 0 37 2
a 194 480 0 47 5
a 196 322 0 45 5
a 196 113 0 28 6
a 196 285 0 18 9
a 196 558 0 31 7
a 196 63 0 44 5
a 197 739 0 45 8
a 197 774 0 18 8
a 197 919 0 29 4
a 201 683 0 45 2
a 201 997 0 50 1
a 203 332 0 45 10
a 203 963 0 1 1
a 203 397 0 13 6
a 203 24 0 11 2
a 203 648 0 26 5
a 206 929 0 45 2
a 206 937 0 14 10
a 206 33 0 43 9
a 206 787 0 29 4
a 206 216 0 31 3
a 206 915 0 41 8
a 206 697 0 11 1
a 207 520 0 45 5
a 207 287 0 1 2
a 207 765 0 27 1
a 207 667 0 3 2
a 207 919 0 2 2
a 208 828 0 45 1
a 208 714 0 25 5
a 208 746 0 18 7
a 210 291 0 45 10
a 210 349 0 35 6
a 210 791 0 19 3
a 211 644 0 45 3
a 211 489 0 22 3
a 211 917 0 34 6
a 211 584 0 25 1
a 212 895 0 45 3
a 212 303 0 9 7
a 212 857 0 46 5
a 214 521 0 45 9
a 214 597 0 38 3
a 214 854 0 1 7
a 216 678 0 45 3
a 216 211 0 12 9
a 216 515 0 38 8
a 216 281 0 30 10
a 216 730 0 4 4
a 216 546 0 4 8
a 217 293 0 45 3
a 217 317 0 38 9
a 217 27 0 10 9
a 217 685 0 49 9
a 219 673 0 45 8
a 219 494 0 3 2
a 219 787 0 8 5
a 220 266 0 45 6
a 220 31 0 23 4
a 220 682 0 43 6
a 221 624 0 45 5
a 221 369 0 49 7
a 221 469 0 1 8
a 221 648 0 28 4
a 221 332 0 17 8
a 221 853 0 49 2
a 221 811 0 47 10
a 222 406 0 45 4
a 222 149 0 15 8
a 222 335 0 47 6
a 222 45 0 43 4
a 227 720 0 45 1
a 227 843 0 17 9
a 227 85 0 3 1
a 227 319 0 22 1
a 227 33 0 47 4
a 228 512 0 45 10
a 228 415 0 49 5
a 228 391 0 19 6
a 234 55 0 45 7
a 234 99 0 7 4
a 234 936 0 5 8
a 234 581 0 14 5
a 234 22 0 50 9
a 234 845 0 47 5
a 236 130 0 45 2
a 236 678 0 19 5
a 236 58 0 38 4
a 236 622 0 19 3
a 236 459 0 23 2
a 236 802 0 15 3
a 241 462 0 45 3
a 241 135 0 47 7
a 241 101 0 1 1
a 241 367 0 30 2
a 241 619 0 42 10
a 242 269 0 45 6
a 242 207 0 12 5
a 242 649 0 23 6
a 242 687 0 13 3
a 242 689 0 18 6
a 242 111 0 11 8
a 244 878 0 45 3
a 244 400 0 20 8
a 244 64 0 11 2
a 247 834 0 45 2
a 247 687 0 31 1
a 247 771 0 49 6
a 249 105 0 45 3
a 249 12 0 18 5
a 249 728 0 43 4
a 249 628 0 38 7
a 249 157 0 13 10
a 251 998 0 45 6
a 251 96 0 30 4
a 255 605 0 45 5
a 255 63 0 31 9
a 255 299 0 0 9
a 255 570 0 26 5
a 256 443 0 45 4
a 256 222 0 31 8
a 259 999 0 45 3
a 259 995 0 23 6
a 259 964 0 10 3
a 259 153 0 19 1
a 259 577 0 7 6
a 260 242 0 45 1
a 260 636 0 22 2
a 261 363 0 45 6
a 261 191 0 12 10
a 263 697 0 45 3
a 263 254 0 10 6
a 263 353 0 39 4
a 263 799 0 10 3
a 263 772 0 8 10
a 264 453 0 45 1
a 264 716 0 27 8
a 264 842 0 33 4
a 264 525 0 47 5
a 264 801 0 17 8
a 265 730 0 45 8
a 265 220 0 11 5
a 265 155 0 14 9
a 265 755 0 12 1
a 265 129 0 16 6
a 265 324 0 47 8
a 266 495 0 45 9
a 266 396 0 27 5
a 266 658 0 28 2
a 266 536 0 35 8
a 266 624 0 9 1
a 267 286 0 45 5
a 267 277 0 28 10
a 267 772 0 15 9
a 267 142 0 23 3
a 267 356 0 15 5
a 269 283 0 45 10
a 269 574 0 13 7
a 269 1000 0 11 5
a 269 122 0 4 7
a 269 967 0 46 8
a 271 918 0 45 2
a 271 612 0 4 1
a 271 597 0 16 2
a 273 167 0 45 9
a 273 403 0 16 8
a 274 627 0 45 6
a 274 821 0 5 2
a 274 115 0 50 3
a 274 510 0 22 4
a 274 300 0 42 4
a 275 373 0 45 2
a 275 958 0 12 1
a 275 151 0 7 8
a 275 591 0 20 10
a 275 325 0 29 1
a 276 561 0 45 5
a 276 676 0 46 2
a 276 598 0 11 3
a 276 13 0 3 2
a 276 317 0 39 8
a 278 814 0 45 7
a 278 918 0 25 10
a 278 415 0 8 5
a 278 855 0 13 9
a 279 939 0 45 5
a 279 619 0 32 1
a 279 833 0 15 6
a 279 571 0 27 4
a 279 820 0 6 4
a 279 99 0 7 2
a 280 951 0 45 10
a 280 315 0 40 10
a 280 71 0 50 7
a 280 432 0 1 6
a 283 86 0 45 4
a 283 72 0 13 5
a 284 436 0 45 7
a 284 9 0 43 9
a 284 999 0 39 9
a 285 66 0 45 6
a 285 23 0 24 5
a 285 585 0 5 8
a 285 978 0 41 3
a 285 178 0 25 1
a 286 80 0 45 3
a 286 487 0 0 10
a 286 85 0 18 9
a 287 284 0 45 9
a 287 575 0 14 9
a 290 970 0 45 5
a 290 904 0 12 7
a 290 241 0 17 10
a 290 944 0 49 1
a 290 287 0 36 7
a 291 142 0 45 10
a 291 676 0 23 2
a 291 224 0 36 10
a 293 728 0 45 9
a 293 996 0 2 8
a 293 774 0 18 6
a 293 206 0 5 8
a 293 390 0 16 5
a 294 333 0 45 4
a 294 693 0 27 8
a 294 398 0 17 8
a 294 37 0 44 5
a 300 279 0 45 6
a 300 978 0 7 3
a 301 515 0 45 3
a 301 391 0 28 7
a 301 858 0 1 7
a 302 30 0 45 6
a 302 484 0 39 10
a 302 279 0 44 9
a 302 645 0 19 4
a 302 477 0 5 2
a 307 362 0 45 7
a 307 994 0 29 7
a 307 724 0 20 2
a 307 385 0 11 8
a 307 546 0 28 3
a 307 313 0 19 2
a 309 893 0 45 5
a 309 976 0 47 10
a 309 686 0 25 4
a 309 65 0 36 3
a 309 86 0 36 2
a 309 536 0 10 6
a 311 853 0 45 3
a 311 57 0 8 6
a 311 417 0 20 8
a 311 866 0 3 3
a 311 479 0 4 9
a 311 84 0 18 6
a 312 150 0 45 6
a 312 279 0 4 9
a 312 598 0 34 1
a 312 18 0 11 6
a 312 752 0 12 2
a 316 842 0 45 2
a 316 869 0 16 9
a 316 717 0 9 7
a 316 850 0 24 6
a 316 332 0 4 9
a 316 215 0 44 9
a 317 944 0 45 6
a 317 200 0 28 2
a 318 507 0 45 9
a 318 453 0 24 4
a 318 5 0 27 7
a 318 80 0 20 10
a 320 987 0 45 1
a 320 708 0 31 1
a 320 801 0 1 6
a 320 213 0 18 1
a 320 218 0 48 1
a 321 914 0 45 4
a 321 185 0 20 10
a 322 737 0 45 3
a 322 576 0 22 3
a 322 767 0 12 5
a 322 518 0 9 9
a 322 940 0 28 9
a 322 783 0 38 8
a 326 867 0 45 8
a 326 942 0 14 2
a 326 695 0 36 7
a 326 103 0 26 9
a 327 829 0 45 6
a 327 454 0 42 4
a 327 952 0 20 8
a 327 539 0 22 4
a 327 490 0 15 10
a 328 623 0 45 3
a 328 457 0 24 8
a 328 793 0 28 4
a 331 903 0 45 3
a 331 155 0 45 2
a 332 997 0 45 6
a 332 298 0 8 1
a 333 1000 0 45 10
a 333 129 0 45 8
a 333 950 0 12 2
a 333 187 0 25 4
a 333 385 0 4 9
a 335 259 0 45 10
a 335 77 0 44 2
a 335 835 0 11 10
a 336 750 0 45 7
a 336 633 0 38 4
a 337 851 0 45 5
a 337 710 0 47 2
a 337 611 0 32 10
a 337 141 0 8 2
a 337 631 0 24 7
a 339 454 0 45 2
a 339 704 0 22 8
a 339 971 0 41 5
a 339 254 0 39 9
a 339 161 0 12 5
a 340 402 0 45 10
a 340 566 0 18 1
a 340 329 0 43 2
a 340 870 0 1 2
a 340 306 0 25 9
a 340 563 0 48 2
a 342 264 0 45 6
a 342 624 0 50 9
a 342 368 0 2 4
a 342 120 0 28 9
a 342 412 0 35 5
a 344 648 0 45 1
a 344 400 0 33 10
a 344 445 0 23 5
a 344 35 0 34 5
a 344 410 0 23 6
a 347 380 0 45 4
a 347 799 0 6 3
a 347 64 0 49 10
a 347 104 0 35 6
a 347 410 0 20 9
a 349 39 0 45 10
a 349 853 0 30 4
a 349 845 0 36 9
a 353 219 0 45 3
a 353 588 0 23 2
a 353 952 0 22 3
a 354 858 0 45 5
a 354 643 0 32 10
a 355 985 0 45 9
a 355 191 0 45 6
a 355 162 0 13 1
a 355 427 0 19 6
a 355 705 0 28 6
a 355 591 0 11 6
a 358 950 0 45 7
a 358 752 0 2 7
a 358 493 0 30 8
a 358 371 0 7 5
a 358 17 0 14 5
a 361 529 0 45 2
a 361 658 0 19 3
a 361 541 0 24 8
a 362 575 0 45 2
a 362 479 0 15 1
a 362 59 0 50 1
a 362 488 0 38 9
a 363 470 0 45 8
a 363 279 0 47 6
a 363 134 0 41 6
a 365 190 0 45 2
a 365 570 0 41 8
a 365 435 0 23 7
a 365 80 0 30 8
a 366 409 0 45 2
a 366 358 0 14 10
a 366 906 0 44 4
a 367 534 0 45 2
a 367 172 0 32 1
a 367 647 0 32 10
a 367 477 0 49 7
a 367 411 0 30 9
a 367 443 0 7 3
a 368 147 0 45 8
a 368 646 0 42 4
a 368 338 0 49 7
a 369 527 0 45 8
a 369 607 0 2 6
a 369 801 0 26 5
a 369 557 0 49 8
a 369 952 0 28 1
a 369 570 0 4 2
a 371 493 0 45 5
a 371 38 0 10 7
a 371 646 0 36 3
a 373 548 0 45 7
a 373 702 0 30 10
a 375 196 0 45 7
a 375 262 0 9 3
a 375 283 0 41 4
a 375 52 0 50 4
a 375 935 0 15 6
a 375 374 0 44 8
a 376 56 0 45 2
a 376 543 0 42 4
a 376 278 0 35 9
a 376 592 0 28 6
a 376 419 0 39 4
a 376 600 0 0 3
a 379 757 0 45 6
a 379 676 0 10 6
a 379 331 0 30 2
a 379 83 0 35 4
a 380 799 0 45 7
a 380 883 0 6 6
a 380 270 0 37 7
a 380 39 0 30 5
a 380 268 0 13 3
a 381 311 0 45 6
a 381 326 0 19 6
a 381 374 0 44 8
a 381 346 0 13 6
a 381 637 0 16 10
a 381 923 0 17 6
a 382 227 0 45 5
a 382 876 0 4 8
a 383 25 0 45 4
a 383 791 0 25 1
a 384 500 0 45 5
a 384 123 0 11 7
a 384 586 0 21 6
a 384 366 0 36 1
a 384 669 0 16 7
a 384 347 0 7 7
a 388 571 0 45 8
a 388 94 0 8 9
a 389 797 0 45 8
a 389 461 0 7 9
a 389 272 0 33 7
a 389 887 0 11 3
a 391 389 0 45 7
a 391 154 0 2 2
a 391 823 0 34 9
a 391 972 0 20 8
a 391 226 0 25 9
a 391 563 0 10 2
a 394 607 0 45 3
a 394 892 0 2 5
a 398 616 0 45 7
a 398 295 0 5 7
a 401 508 0 45 10
a 401 332 0 38 5
a 401 109 0 50 4
a 401 670 0 21 1
a 401 210 0 29 4
a 402 831 0 45 6
a 402 197 0 29 1
a 402 610 0 48 6
a 406 542 0 45 7
a 406 773 0 50 3
a 406 380 0 10 1
a 406 808 0 8 10
a 406 570 0 24 9
a 406 688 0 12 9
a 408 94 0 45 8
a 408 606 0 50 3
a 409 896 0 45 8
a 409 589 0 5 10
a 409 72 0 22 2
a 409 214 0 46 10
a 409 706 0 30 5
a 409 128 0 42 3
a 412 367 0 45 8
a 412 218 0 19 9
a 412 116 0 32 2
a 412 442 0 47 2
a 412 88 0 45 5
a 414 448 0 45 5
a 414 321 0 26 9
a 414 51 0 40 5
a 414 955 0 9 7
a 414 991 0 49 3
a 414 493 0 40 9
a 418 47 0 45 6
a 418 80 0 33 1
a 418 66 0 21 4
a 418 11 0 21 3
a 418 942 0 45 6
a 418 693 0 15 1
a 419 294 0 45 10
a 419 68 0 4 2
a 420 79 0 45 4
a 420 519 0 8 5
a 420 366 0 44 8
a 421 197 0 45 2
a 421 290 0 40 8
a 421 357 0 32 10
a 421 44 0 45 2
a 421 956 0 16 9
a 421 689 0 28 8
a 423 58 0 45 3
a 423 401 0 23 5
a 423 815 0 0 8
a 428 210 0 45 4
a 428 977 0 30 5
a 428 791 0 49 2
a 428 405 0 2 8
a 429 379 0 45 6
a 429 570 0 35 1
a 429 506 0 22 5
a 429 472 0 35 1
a 429 974 0 41 10
a 433 639 0 45 5
a 433 596 0 34 7
a 433 815 0 1 2
a 433 831 0 21 5
a 433 949 0 34 2
a 436 632 0 45 6
a 436 120 0 21 9
a 437 342 0 45 3
a 437 598 0 21 2
a 437 919 0 39 5
a 437 762 0 38 3
a 437 738 0 48 3
a 439 670 0 45 2
a 439 459 0 45 6
a 439 920 0 50 9
a 439 166 0 4 1
a 439 747 0 48 3
a 440 67 0 45 9
a 440 590 0 22 8
a 441 440 0 45 5
a 441 92 0 14 5
a 441 955 0 50 3
a 443 166 0 45 6
a 443 969 0 4 4
a 443 77 0 31 9
a 443 393 0 10 3
a 443 629 0 44 3
a 443 926 0 40 1
a 444 949 0 45 4
a 444 676 0 4 7
a 448 492 0 45 4
a 448 171 0 37 6
a 448 234 0 7 8
a 448 793 0 31 2
a 451 755 0 45 10
a 451 579 0 22 10
a 451 172 0 13 9
a 453 742 0 45 9
a 453 830 0 11 2
a 453 474 0 30 2
a 453 928 0 16 8
a 454 530 0 45 7
a 454 755 0 2 6
a 454 634 0 2 10
a 457 157 0 45 5
a 457 183 0 49 4
a 457 972 0 40 10
a 458 926 0 45 9
a 458 608 0 14 5
a 458 622 0 30 6
a 458 917 0 38 10
a 458 89 0 6 7
a 458 850 0 13 10
a 460 767 0 45 3
a 460 6 0 18 10
a 461 532 0 45 3
a 461 573 0 41 2
a 461 468 0 34 1
a 461 929 0 34 2
a 462 244 0 45 3
a 462 203 0 47 2
a 462 835 0 24 1
a 465 511 0 45 3
a 465 907 0 40 9
a 465 690 0 28 10
a 465 157 0 6 1
a 465 787 0 43 10
a 465 590 0 20 2
a 466 461 0 45 4
a 466 465 0 30 2
a 467 8 0 45 5
a 467 482 0 43 6
a 467 131 0 18 4
a 467 52 0 31 1
a 467 123 0 2 9
a 467 398 0 35 4
a 469 499 0 45 5
a 469 176 0 36 5
a 469 271 0 9 6
a 469 312 0 40 2
a 470 154 0 45 6
a 470 800 0 10 3
a 470 709 0 3 1
a 472 905 0 45 3
a 472 55 0 40 4
a 472 366 0 10 10
a 472 927 0 46 2
a 472 290 0 8 8
a 473 340 0 45 9
a 473 986 0 18 2
a 473 137 0 3 1
a 473 521 0 26 3
a 475 597 0 45 6
a 475 788 0 11 5
a 475 344 0 44 9
a 475 35 0 39 9
a 475 312 0 17 5
a 478 748 0 45 2
a 478 38 0 32 8
a 478 216 0 0 9
a 479 824 0 45 4
a 479 75 0 4 3
a 479 147 0 39 4
a 481 290 0 45 2
a 481 333 0 36 4
a 481 670 0 7 9
a 481 182 0 46 6
a 481 728 0 49 8
a 482 663 0 45 3
a 482 953 0 33 5
a 482 518 0 44 1
a 482 697 0 32 7
a 482 892 0 38 5
a 483 112 0 45 7
a 483 568 0 37 10
a 484 83 0 45 1
a 484 589 0 47 9
a 484 192 0 7 4
a 484 298 0 1 1
a 486 180 0 45 10
a 486 203 0 24 6
a 486 705 0 20 8
a 486 436 0 6 9
a 486 305 0 3 6
a 486 893 0 3 8
a 489 743 0 45 2
a 489 39 0 13 7
a 489 202 0 3 7
a 489 167 0 16 1
a 491 577 0 45 5
a 491 685 0 24 8
a 491 546 0 49 2
a 492 261 0 45 4
a 492 683 0 44 7
a 493 309 0 45 1
a 493 85 0 23 4
a 493 512 0 5 9
a 493 254 0 15 10
a 495 885 0 45 1
a 495 827 0 44 5
a 496 337 0 45 5
a 496 124 0 24 1
a 496 931 0 5 9
a 496 889 0 34 6
a 497 940 0 45 3
a 497 673 0 0 5
a 499 483 0 45 2
a 499 326 0 12 9
a 499 217 0 48 1
a 500 928 0 45 1
a 500 862 0 4 10
a 500 95 0 2 8
a 500 463 0 43 8
a 500 5 0 18 10
a 500 144 0 21 6
a 505 100 0 45 7
a 505 476 0 0 2
a 505 104 0 42 3
a 505 43 0 12 4
a 505 524 0 50 2
a 505 690 0 49 1
a 507 267 0 45 8
a 507 781 0 41 8
a 507 787 0 25 8
a 507 413 0 7 6
a 507 364 0 10 8
a 507 591 0 44 8
a 508 135 0 45 5
a 508 812 0 24 8
a 508 663 0 25 3
a 508 985 0 10 2
a 508 283 0 47 9
a 509 220 0 45 10
a 509 743 0 7 1
a 509 206 0 39 4
a 511 429 0 45 9
a 511 999 0 12 3
a 511 175 0 36 4
a 511 306 0 16 10
a 511 256 0 30 6
a 512 917 0 45 6
a 512 93 0 38 3
a 512 601 0 48 7
a 512 340 0 37 10
a 512 962 0 34 2
a 515 955 0 45 3
a 515 342 0 36 3
a 515 385 0 7 7
a 515 891 0 28 5
a 515 176 0 49 2
a 516 371 0 45 9
a 516 505 0 5 10
a 517 22 0 45 6
a 517 839 0 22 6
a 517 411 0 25 1
a 517 888 0 16 2
a 518 948 0 45 4
a 518 573 0 7 10
a 519 23 0 45 6
a 519 183 0 39 10
a 519 126 0 28 10
a 520 496 0 45 1
a 520 89 0 26 8
a 520 862 0 8 9
a 520 378 0 40 5
a 520 928 0 37 1
a 520 232 0 0 5
a 521 590 0 45 4
a 521 939 0 2 10
a 521 179 0 44 7
a 521 463 0 43 5
a 521 301 0 4 1
a 523 287 0 45 3
a 523 553 0 28 2
a 524 684 0 45 8
a 524 217 0 7 10
a 524 477 0 6 7
a 524 152 0 19 6
a 525 909 0 45 2
a 525 258 0 48 8
a 525 502 0 34 3
a 527 746 0 45 6
a 527 719 0 15 3
a 527 276 0 2 5
a 527 366 0 38 10
a 527 485 0 1 10
a 527 513 0 27 4
a 528 366 0 45 2
a 528 421 0 39 3
a 528 731 0 31 3
a 528 129 0 4 7
a 528 853 0 17 1
a 528 349 0 12 1
a 529 633 0 45 2
a 529 20 0 34 6
a 529 253 0 30 5
a 530 614 0 45 10
a 530 186 0 25 8
a 530 641 0 22 3
a 530 816 0 7 4
a 530 924 0 22 10
a 530 308 0 1 8
a 532 551 0 45 8
a 532 501 0 9 1
a 532 624 0 42 5
a 533 318 0 45 4
a 533 900 0 15 9
a 533 163 0 44 2
a 533 459 0 38 3
a 533 112 0 35 6
a 533 225 0 2 8
a 534 652 0 45 4
a 534 956 0 43 4
a 534 630 0 12 3
a 534 976 0 15 6
a 534 974 0 39 5
a 536 518 0 45 6
a 536 719 0 36 4
a 536 583 0 7 5
a 536 963 0 43 5
a 538 460 0 45 9
a 538 533 0 33 1
a 538 520 0 14 1
a 542 766 0 45 3
a 542 464 0 46 3
a 542 20 0 20 6
a 542 259 0 10 2
a 542 510 0 7 2
a 548 26 0 45 1
a 548 820 0 45 9
a 550 666 0 45 4
a 550 221 0 12 9
a 550 739 0 18 7
a 550 416 0 45 10
a 550 291 0 39 4
a 550 928 0 14 2
a 551 234 0 45 2
a 551 492 0 38 7
a 551 469 0 32 2
a 551 30 0 43 6
a 551 13 0 44 10
a 552 489 0 45 1
a 552 417 0 45 2
a 552 289 0 35 8
a 553 964 0 45 8
a 553 335 0 34 5
a 553 737 0 36 2
a 553 142 0 28 2
a 553 646 0 14 7
a 557 984 0 45 2
a 557 460 0 4 4
a 557 276 0 21 8
a 557 572 0 16 1
a 557 899 0 36 10
a 561 738 0 45 8
a 561 740 0 41 7
a 561 739 0 27 7
a 562 695 0 45 2
a 562 115 0 11 7
a 562 509 0 29 2
a 562 586 0 30 1
a 563 249 0 45 5
a 563 596 0 49 5
a 563 770 0 1 6
a 563 200 0 29 9
a 563 890 0 0 4
a 563 199 0 38 1
a 570 756 0 45 7
a 570 580 0 19 8
a 571 163 0 45 7
a 571 152 0 38 9
a 574 771 0 45 6
a 574 599 0 30 8
a 574 874 0 42 9
a 574 370 0 25 9
a 574 999 0 0 5
a 575 222 0 45 7
a 575 661 0 41 4
a 577 221 0 45 1
a 577 932 0 4 8
a 577 8 0 8 9
a 577 912 0 41 6
a 577 146 0 31 3
a 577 817 0 31 1
a 584 662 0 45 10
a 584 151 0 17 9
a 584 113 0 12 4
a 584 843 0 23 1
a 587 509 0 45 3
a 587 27 0 44 10
a 587 266 0 31 1
a 587 226 0 14 4
a 587 202 0 50 2
a 590 596 0 45 6
a 590 317 0 19 4
a 590 358 0 4 6
a 590 161 0 16 4
a 591 203 0 45 8
a 591 206 0 30 10
a 591 160 0 38 10
a 592 986 0 45 6
a 592 817 0 36 5
a 592 807 0 8 8
a 592 390 0 8 6
a 594 241 0 45 4
a 594 280 0 47 9
a 594 36 0 20 1
a 594 258 0 26 6
a 596 591 0 45 7
a 596 45 0 37 1
a 596 561 0 42 3
a 596 8 0 4 10
a 597 458 0 45 5
a 597 40 0 18 9
a 597 838 0 49 1
a 597 36 0 12 8
a 598 412 0 45 3
a 598 567 0 18 5
a 598 151 0 36 2
a 598 286 0 1 3
a 598 721 0 2 1
a 598 345 0 24 6
a 599 774 0 45 10
a 599 342 0 14 9
a 599 283 0 19 9
a 599 592 0 19 7
a 599 399 0 8 7
a 599 610 0 4 4
a 600 369 0 45 10
a 600 659 0 24 5
a 600 533 0 45 5
a 600 449 0 21 2
a 600 605 0 32 3
a 602 16 0 45 7
a 602 593 0 47 9
a 605 97 0 45 5
a 605 212 0 10 10
a 605 473 0 22 1
a 605 297 0 44 2
a 606 191 0 45 9
a 606 737 0 42 10
a 606 544 0 29 2
a 606 703 0 42 5
a 607 524 0 45 4
a 607 169 0 28 8
a 607 127 0 1 3
a 607 825 0 45 2
a 607 29 0 11 10
a 611 321 0 45 2
a 611 924 0 3 1
a 611 946 0 39 5
a 611 331 0 29 1
a 611 510 0 5 7
a 614 145 0 45 8
a 614 343 0 40 10
a 614 580 0 22 6
a 614 379 0 18 10
a 614 917 0 8 10
a 615 388 0 45 10
a 615 274 0 5 6
a 615 761 0 45 2
a 615 42 0 14 8
a 615 713 0 34 8
a 616 794 0 45 5
a 616 214 0 20 3
a 616 668 0 28 5
a 616 690 0 42 10
a 616 991 0 8 1
a 616 548 0 15 6
a 619 813 0 45 1
a 619 748 0 33 5
a 619 691 0 27 4
a 619 341 0 17 5
a 619 61 0 32 2
a 623 486 0 45 6
a 623 353 0 32 5
a 623 338 0 46 5
a 623 229 0 32 5
a 623 312 0 15 3
a 624 847 0 45 3
a 624 316 0 2 6
a 624 589 0 0 10
a 624 794 0 42 6
a 624 476 0 11 6
a 624 250 0 3 6
a 626 735 0 45 1
a 626 857 0 31 9
a 626 535 0 27 10
a 627 550 0 45 6
a 627 231 0 40 3
a 627 892 0 23 9
a 627 754 0 27 4
a 632 307 0 45 8
a 632 617 0 48 4
a 632 668 0 36 4
a 633 43 0 45 2
a 633 609 0 39 2
a 633 254 0 4 5
a 636 285 0 45 2
a 636 226 0 27 5
a 636 113 0 17 6
a 636 104 0 30 6
a 636 730 0 34 6
a 636 714 0 8 6
a 637 825 0 45 9
a 637 210 0 25 6
a 639 124 0 45 10
a 639 486 0 5 9
a 639 99 0 21 2
a 644 659 0 45 6
a 644 373 0 19 2
a 648 401 0 45 8
a 648 730 0 41 4
a 648 480 0 14 7
a 648 109 0 36 6
a 648 137 0 18 4
a 649 134 0 45 8
a 649 908 0 30 6
a 649 899 0 13 4
a 649 498 0 31 2
a 649 369 0 17 9
a 649 236 0 13 2
a 652 956 0 45 7
a 652 596 0 14 7
a 653 384 0 45 5
a 653 304 0 23 3
a 653 484 0 25 6
a 653 144 0 37 10
a 653 223 0 2 1
a 654 136 0 45 6
a 654 823 0 33 3
a 654 445 0 23 4
a 654 602 0 3 3
a 654 639 0 27 10
a 654 978 0 33 6
a 655 798 0 45 5
a 655 262 0 37 7
a 655 162 0 48 7
a 655 404 0 16 4
a 659 301 0 45 2
a 659 110 0 23 5
a 659 382 0 14 1
a 659 708 0 30 8
a 659 166 0 11 1
a 659 236 0 24 3
a 661 892 0 45 1
a 661 376 0 41 10
a 662 187 0 45 5
a 662 276 0 23 7
a 662 583 0 41 3
a 663 655 0 45 4
a 663 313 0 6 9
a 663 150 0 43 2
a 663 476 0 44 1
a 663 598 0 49 7
a 666 45 0 45 10
a 666 448 0 39 8
a 667 347 0 45 10
a 667 4 0 27 3
a 667 55 0 47 5
a 668 27 0 45 2
a 668 418 0 0 9
a 669 271 0 45 5
a 669 651 0 41 9
a 669 263 0 14 6
a 670 149 0 45 7
a 670 34 0 7 1
a 670 325 0 14 5
a 670 327 0 40 3
a 670 631 0 45 4
a 673 423 0 45 10
a 673 577 0 31 8
a 673 73 0 14 4
a 673 952 0 4 9
a 675 217 0 45 4
a 675 325 0 42 4
a 678 479 0 45 4
a 678 101 0 5 6
a 678 595 0 6 1
a 678 113 0 30 1
a 678 215 0 11 5
a 679 791 0 45 5
a 679 894 0 43 1
a 679 751 0 6 1
a 679 252 0 18 4
a 681 727 0 45 10
a 681 740 0 1 8
a 681 708 0 39 6
a 681 11 0 19 9
a 681 382 0 27 9
a 682 117 0 45 1
a 682 123 0 13 4
a 682 393 0 23 6
a 682 673 0 36 8
a 682 485 0 50 4
a 682 753 0 45 2
a 683 78 0 45 1
a 683 667 0 7 7
a 683 426 0 7 10
a 684 714 0 45 1
a 684 780 0 4 7
a 684 703 0 49 6
a 684 114 0 29 9
a 684 589 0 30 5
a 684 767 0 50 10
a 685 115 0 45 5
a 685 759 0 14 10
a 685 230 0 30 5
a 685 720 0 9 3
a 686 724 0 45 10
a 686 993 0 23 7
a 686 49 0 22 7
a 686 831 0 20 5
a 686 906 0 37 4
a 686 899 0 37 7
a 688 256 0 45 2
a 688 529 0 36 2
a 689 36 0 45 1
a 689 30 0 40 4
a 691 611 0 45 7
a 691 684 0 0 9
a 691 210 0 34 6
a 691 805 0 45 1
a 691 613 0 3 10
a 691 105 0 26 4
a 695 326 0 45 9
a 695 675 0 44 3
a 695 116 0 2 8
a 695 415 0 19 4
a 695 569 0 14 9
a 695 103 0 26 2
a 697 890 0 45 7
a 697 215 0 21 6
a 699 74 0 45 2
a 699 545 0 42 1
a 699 419 0 49 1
a 699 950 0 5 8
a 699 110 0 14 1
a 699 340 0 23 2
a 704 32 0 45 5
a 704 794 0 44 5
a 704 58 0 46 10
a 704 652 0 48 3
a 704 540 0 20 4
a 704 694 0 45 6
a 711 51 0 45 1
a 711 178 0 2 10
a 711 578 0 47 8
a 714 10 0 45 10
a 714 803 0 0 5
a 714 778 0 40 6
a 714 260 0 44 10
a 719 87 0 45 3
a 719 728 0 25 10
a 719 840 0 41 5
a 719 944 0 23 3
a 719 661 0 4 7
a 719 612 0 11 4
a 720 592 0 45 5
a 720 494 0 32 9
a 720 965 0 27 2
a 720 878 0 32 5
a 721 966 0 45 7
a 721 221 0 12 4
a 721 99 0 14 4
a 723 908 0 45 6
a 723 877 0 6 7
a 723 650 0 4 7
a 723 87 0 42 8
a 723 210 0 22 8
a 724 354 0 45 8
a 724 420 0 27 3
a 724 445 0 16 7
a 727 704 0 45 5
a 727 708 0 20 7
a 728 932 0 45 3
a 728 573 0 18 7
a 728 434 0 43 7
a 728 984 0 0 4
a 728 155 0 26 7
a 728 355 0 38 8
a 730 40 0 45 1
a 730 142 0 4 8
a 730 51 0 39 3
a 730 776 0 12 9
a 730 211 0 22 9
a 730 555 0 17 6
a 731 152 0 45 7
a 731 914 0 29 6
a 735 602 0 45 10
a 735 53 0 41 10
a 735 241 0 3 1
a 735 998 0 44 6
a 735 418 0 19 9
a 737 681 0 45 2
a 737 259 0 48 4
a 737 980 0 19 5
a 737 130 0 49 1
a 738 62 0 45 9
a 738 170 0 18 4
a 738 583 0 14 5
a 738 511 0 10 8
a 739 856 0 45 2
a 739 241 0 45 5
a 742 276 0 45 2
a 742 721 0 48 10
a 742 693 0 18 1
a 742 788 0 2 7
a 743 667 0 45 6
a 743 280 0 33 1
a 743 687 0 12 4
a 743 852 0 3 1
a 743 138 0 11 10
a 743 778 0 10 2
a 746 208 0 45 5
a 746 605 0 30 7
a 746 224 0 6 6
a 748 519 0 45 9
a 748 358 0 29 9
a 748 364 0 0 9
a 748 849 0 9 2
a 748 382 0 47 1
a 750 457 0 45 1
a 750 479 0 11 8
a 750 543 0 28 5
a 750 530 0 12 2
a 750 555 0 29 9
a 754 952 0 45 9
a 754 802 0 46 1
a 754 243 0 1 6
a 754 544 0 29 7
a 754 654 0 16 6
a 755 619 0 45 2
a 755 95 0 3 9
a 755 635 0 47 9
a 756 584 0 45 5
a 756 192 0 31 7
a 757 685 0 45 6
a 757 248 0 49 5
a 757 944 0 30 7
a 757 415 0 47 10
a 758 889 0 45 1
a 758 825 0 3 9
a 758 444 0 21 10
a 758 699 0 6 3
a 758 184 0 0 6
a 765 106 0 45 5
a 765 830 0 45 2
a 765 228 0 39 1
a 766 691 0 45 2
a 766 181 0 12 3
a 766 398 0 35 7
a 767 654 0 45 5
a 767 445 0 34 5
a 769 228 0 45 7
a 769 558 0 0 5
a 769 353 0 4 9
a 769 942 0 1 10
a 769 770 0 31 10
a 771 473 0 45 4
a 771 137 0 29 8
a 771 165 0 19 4
a 773 344 0 45 9
a 773 385 0 10 10
a 773 827 0 21 6
a 773 224 0 32 6
a 774 358 0 45 6
a 774 464 0 12 2
a 775 843 0 45 4
a 775 271 0 20 5
a 775 231 0 19 5
a 775 478 0 33 2
a 776 278 0 45 6
a 776 59 0 48 5
a 777 668 0 45 1
a 777 7 0 25 2
a 777 443 0 47 7
a 777 134 0 49 4
a 779 103 0 45 5
a 779 112 0 17 5
a 779 122 0 14 7
a 779 409 0 22 6
a 779 944 0 9 10
a 779 896 0 5 1
a 782 765 0 45 9
a 782 387 0 27 7
a 782 513 0 46 9
a 782 97 0 44 2
a 786 810 0 45 6
a 786 208 0 16 6
a 786 885 0 22 8
a 788 894 0 45 5
a 788 147 0 3 2
a 791 408 0 45 7
a 791 493 0 25 10
a 791 275 0 42 7
a 791 49 0 17 7
a 791 472 0 18 6
a 793 777 0 45 9
a 793 495 0 33 7
a 793 314 0 33 1
a 793 617 0 35 4
a 793 639 0 41 6
a 793 203 0 8 5
a 794 255 0 45 6
a 794 363 0 2 5
a 794 84 0 4 9
a 797 553 0 45 5
a 797 966 0 31 8
a 797 842 0 0 6
a 798 528 0 45 1
a 798 397 0 15 10
a 798 611 0 27 4
a 799 17 0 45 10
a 799 49 0 31 2
a 799 415 0 17 1
a 799 923 0 31 2
a 799 656 0 3 10
a 801 598 0 45 6
a 801 627 0 0 8
a 805 669 0 45 3
a 805 47 0 11 4
a 805 287 0 28 7
a 809 12 0 45 6
a 809 66 0 40 1
a 809 552 0 39 10
a 809 451 0 22 5
a 810 536 0 45 3
a 810 74 0 37 2
a 810 509 0 15 1
a 810 213 0 18 5
a 810 230 0 33 5
a 810 920 0 9 1
a 813 475 0 45 8
a 813 963 0 7 8
a 813 19 0 26 3
a 813 398 0 3 10
a 814 14 0 45 1
a 814 574 0 6 3
a 814 478 0 2 3
a 814 899 0 32 9
a 814 582 0 31 4
a 814 169 0 6 10
a 815 533 0 45 9
a 815 812 0 44 10
a 815 617 0 6 6
a 815 139 0 47 9
a 815 827 0 27 5
a 819 383 0 45 8
a 819 923 0 5 8
a 819 38 0 35 10
a 824 497 0 45 1
a 824 47 0 33 4
a 825 711 0 45 5
a 825 141 0 2 8
a 825 422 0 3 6
a 825 540 0 39 4
a 825 339 0 20 9
a 825 617 0 26 2
a 826 815 0 45 8
a 826 504 0 20 3
a 826 695 0 4 2
a 826 476 0 15 8
a 826 775 0 2 3
a 826 749 0 48 1
a 828 437 0 45 6
a 828 368 0 47 8
a 828 470 0 45 1
a 829 376 0 45 3
a 829 262 0 20 9
a 829 466 0 33 2
a 829 256 0 26 5
a 829 340 0 2 10
a 829 570 0 33 4
a 831 653 0 45 3
a 831 167 0 17 8
a 831 458 0 7 3
a 831 876 0 18 2
a 834 280 0 45 8
a 834 771 0 13 3
a 834 917 0 37 3
a 834 645 0 18 2
a 840 758 0 45 2
a 840 316 0 7 2
a 840 982 0 17 3
a 841 954 0 45 8
a 841 337 0 0 7
a 841 26 0 30 2
a 842 428 0 45 1
a 842 944 0 35 6
a 842 946 0 20 5
a 842 751 0 21 10
a 842 876 0 12 6
a 842 752 0 16 7
a 843 649 0 45 4
a 843 96 0 41 5
a 843 825 0 15 6
a 843 847 0 22 5
a 845 465 0 45 9
a 845 434 0 16 1
a 845 588 0 7 8
a 847 801 0 45 1
a 847 352 0 43 3
a 847 288 0 35 10
a 847 269 0 27 7
a 848 870 0 45 10
a 848 236 0 30 5
a 848 750 0 8 5
a 848 135 0 50 5
a 848 240 0 39 8
a 848 905 0 3 7
a 849 182 0 45 3
a 849 496 0 45 2
a 849 615 0 35 9
a 849 530 0 48 2
a 851 788 0 45 8
a 851 438 0 0 2
a 852 861 0 45 8
a 852 581 0 50 1
a 852 994 0 12 9
a 852 930 0 12 9
a 853 312 0 45 4
a 853 198 0 46 4
a 853 558 0 19 2
a 856 626 0 45 10
a 856 50 0 16 1
a 856 964 0 38 2
a 856 602 0 33 4
a 858 260 0 45 7
a 858 978 0 24 8
a 858 583 0 41 6
a 858 273 0 50 1
a 858 287 0 41 5
a 858 781 0 48 10
a 860 525 0 45 5
a 860 798 0 50 9
a 860 719 0 43 7
a 860 286 0 26 6
a 860 639 0 13 7
a 861 211 0 45 9
a 861 734 0 18 5
a 861 198 0 37 7
a 865 594 0 45 9
a 865 24 0 38 10
a 867 275 0 45 8
a 867 337 0 3 1
a 867 355 0 28 1
a 869 946 0 45 2
a 869 228 0 39 6
a 869 160 0 33 6
a 869 416 0 29 7
a 870 54 0 45 6
a 870 103 0 23 6
a 870 844 0 36 6
a 870 630 0 7 1
a 870 700 0 28 8
a 871 819 0 45 10
a 871 444 0 5 8
a 871 857 0 9 1
a 871 905 0 3 8
a 875 7 0 45 4
a 875 629 0 27 10
a 875 922 0 32 6
a 875 97 0 29 6
a 875 384 0 32 2
a 875 511 0 36 9
a 878 600 0 45 8
a 878 381 0 5 9
a 882 119 0 45 5
a 882 91 0 1 6
a 882 225 0 17 8
a 885 444 0 45 10
a 885 954 0 16 5
a 885 918 0 16 9
a 885 573 0 18 1
a 885 779 0 5 1
a 885 279 0 14 5
a 887 273 0 45 9
a 887 139 0 38 4
a 889 421 0 45 6
a 889 932 0 25 8
a 889 475 0 9 10
a 889 667 0 2 3
a 889 643 0 14 6
a 890 95 0 45 5
a 890 289 0 7 8
a 890 644 0 1 5
a 890 213 0 10 8
a 890 763 0 12 8
a 890 489 0 4 2
a 892 587 0 45 7
a 892 922 0 7 4
a 892 839 0 48 5
a 892 952 0 44 9
a 892 70 0 12 5
a 893 206 0 45 3
a 893 923 0 0 5
a 893 388 0 43 5
a 893 201 0 10 4
a 893 842 0 11 3
a 894 398 0 45 10
a 894 75 0 25 7
a 894 632 0 7 7
a 895 155 0 45 5
a 895 63 0 50 1
a 895 378 0 20 5
a 895 812 0 33 8
a 895 131 0 38 7
a 895 810 0 12 1
a 896 320 0 45 6
a 896 159 0 46 4
a 896 28 0 26 1
a 896 304 0 24 10
a 900 414 0 45 2
a 900 591 0 37 6
a 900 595 0 46 4
a 900 378 0 4 7
a 900 678 0 5 8
a 900 334 0 23 6
a 903 723 0 45 7
a 903 274 0 25 2
a 903 941 0 16 4
a 903 712 0 31 8
a 905 46 0 45 7
a 905 624 0 17 7
a 905 288 0 36 9
a 905 159 0 1 8
a 905 42 0 19 10
a 905 676 0 16 9
a 908 247 0 45 8
a 908 629 0 9 6
a 908 356 0 17 5
a 909 116 0 45 2
a 909 382 0 6 9
a 909 420 0 28 7
a 909 960 0 47 10
a 909 992 0 13 10
a 911 773 0 45 5
a 911 539 0 11 8
a 911 543 0 50 6
a 911 679 0 5 3
a 912 557 0 45 8
a 912 930 0 31 4
a 914 382 0 45 5
a 914 940 0 10 10
a 914 393 0 45 8
a 914 616 0 18 6
a 914 440 0 12 9
a 917 335 0 45 9
a 917 295 0 1 5
a 917 505 0 18 8
a 917 949 0 42 8
a 917 501 0 34 3
a 917 82 0 6 4
a 918 93 0 45 8
a 918 306 0 30 9
a 918 477 0 2 2
a 918 930 0 6 10
a 922 193 0 45 10
a 922 350 0 9 8
a 922 111 0 3 2
a 922 60 0 28 5
a 926 169 0 45 3
a 926 233 0 16 10
a 926 951 0 50 7
a 928 699 0 45 3
a 928 859 0 31 9
a 929 469 0 45 3
a 929 808 0 3 8
a 929 131 0 35 6
a 929 77 0 12 9
a 932 731 0 45 9
a 932 230 0 1 2
a 933 365 0 45 8
a 933 774 0 43 6
a 933 905 0 23 4
a 939 96 0 45 7
a 939 715 0 25 5
a 939 446 0 43 2
a 939 722 0 0 2
a 939 74 0 45 8
a 940 887 0 45 9
a 940 791 0 26 7
a 944 251 0 45 7
a 944 932 0 17 3
a 944 779 0 37 5
a 944 471 0 48 8
a 944 647 0 3 5
a 946 491 0 45 6
a 946 282 0 46 4
a 946 485 0 49 2
a 947 979 0 45 3
a 947 213 0 12 9
a 947 646 0 41 4
a 947 747 0 45 4
a 947 246 0 33 4
a 947 848 0 8 5
a 948 21 0 45 10
a 948 278 0 40 9
a 948 920 0 48 9
a 948 283 0 17 7
a 949 636 0 45 1
a 949 81 0 47 3
a 950 776 0 45 1
a 950 786 0 26 9
a 950 633 0 32 3
a 950 221 0 35 5
a 950 703 0 27 5
a 950 995 0 31 6
a 951 875 0 45 7
a 951 236 0 21 9
a 951 962 0 20 5
a 951 594 0 25 4
a 952 302 0 45 6
a 952 358 0 38 2
a 952 692 0 4 5
a 952 474 0 39 1
a 953 661 0 45 10
a 953 650 0 12 6
a 953 26 0 44 6
a 953 717 0 48 6
a 953 113 0 21 1
a 954 138 0 45 5
a 954 832 0 22 7
a 955 912 0 45 9
a 955 153 0 36 7
a 955 224 0 9 1
a 955 493 0 41 3
a 955 827 0 27 1
a 955 710 0 20 5
a 956 184 0 45 5
a 956 228 0 46 2
a 956 800 0 15 5
a 961 263 0 45 6
a 961 413 0 31 4
a 961 635 0 10 4
a 961 351 0 12 4
a 963 606 0 45 7
a 963 948 0 2 6
a 963 852 0 11 8
a 964 24 0 45 8
a 964 214 0 17 2
a 964 834 0 37 2
a 964 354 0 11 5
a 966 478 0 45 2
a 966 397 0 5 1
a 966 852 0 43 5
a 966 817 0 40 8
a 967 679 0 45 2
a 967 229 0 39 4
a 967 162 0 24 9
a 967 268 0 36 10
a 967 650 0 43 4
a 969 349 0 45 9
a 969 605 0 18 3
a 970 101 0 45 1
a 970 403 0 2 2
a 971 207 0 45 10
a 971 856 0 17 6
a 971 552 0 20 4
a 979 391 0 45 7
a 979 44 0 23 2
a 979 925 0 4 2
a 982 355 0 45 9
a 982 132 0 16 5
a 982 417 0 35 7
a 983 769 0 45 1
a 983 731 0 14 7
a 983 326 0 18 6
a 984 570 0 45 6
a 984 662 0 22 6
a 985 394 0 45 5
a 985 142 0 10 6
a 985 548 0 32 5
a 985 966 0 18 4
a 986 99 0 45 10
a 986 913 0 48 7
a 986 700 0 19 7
a 986 131 0 5 2
a 987 991 0 45 7
a 987 913 0 32 7
a 987 247 0 40 6
a 987 847 0 14 5
a 987 569 0 30 7
a 991 127 0 45 10
a 991 116 0 34 5
a 991 737 0 16 5
a 991 630 0 10 7
a 991 755 0 2 8
a 997 141 0 45 9
a 997 757 0 49 9
a 997 544 0 45 8
a 997 842 0 26 6
a 997 474 0 19 10
a 998 754 0 45 3
a 998 289 0 36 6
a 998 184 0 32 1
a 998 861 0 46 2
a 998 964 0 19 10
a 998 380 0 4 8
a 2 820 0 5 9
a 2 153 0 45 9
a 2 883 0 34 1
a 2 757 0 12 5
a 2 760 0 48 7
a 2 231 0 50 9
a 3 785 0 5 4
a 3 852 0 31 3
a 3 229 0 1 2
a 3 301 0 29 6
a 5 218 0 5 2
a 5 856 0 30 8
a 5 772 0 9 3
a 6 924 0 5 10
a 6 418 0 34 1
a 6 162 0 6 4
a 9 936 0 5 4
a 9 341 0 36 5
a 11 839 0 5 5
a 11 568 0 47 10
a 13 159 0 5 5
a 13 271 0 27 7
a 13 723 0 14 9
a 13 839 0 9 10
a 13 262 0 1 10
a 13 545 0 8 9
a 15 651 0 5 2
a 15 587 0 40 4
a 15 203 0 25 3
a 18 225 0 5 5
a 18 876 0 43 9
a 18 960 0 50 10
a 18 62 0 17 1
a 19 962 0 5 2
a 19 876 0 32 6
a 19 98 0 3 5
a 19 660 0 42 6
a 19 975 0 7 2
a 19 100 0 46 9
a 20 846 0 5 10
a 20 680 0 25 1
a 20 885 0 5 4
a 20 393 0 6 1
a 20 769 0 6 7
a 28 237 0 5 5
a 28 295 0 29 8
a 28 754 0 39 7
a 28 139 0 25 8
a 29 700 0 5 10
a 29 777 0 46 5
a 29 270 0 46 1
a 29 122 0 9 4
a 29 809 0 35 9
a 29 302 0 44 3
a 31 830 0 5 4
a 31 206 0 17 4
a 33 459 0 5 3
a 33 293 0 23 6
a 34 959 0 5 8
a 34 368 0 28 7
a 34 173 0 0 10
a 34 994 0 16 6
a 34 377 0 5 1
a 35 698 0 5 6
a 35 458 0 25 9
a 37 504 0 5 1
a 37 977 0 27 3
a 38 9 0 5 9
a 38 599 0 22 10
a 38 662 0 24 6
a 41 456 0 5 10
a 41 935 0 4 5
a 41 345 0 25 1
a 41 522 0 0 7
a 41 999 0 11 7
a 44 915 0 5 3
a 44 448 0 14 2
a 44 121 0 45 10
a 48 480 0 5 3
a 48 25 0 42 1
a 48 442 0 37 3
a 48 547 0 6 5
a 48 350 0 40 9
a 48 729 0 23 8
a 49 862 0 5 5
a 49 843 0 37 5
a 49 302 0 9 7
a 49 320 0 4 7
a 49 852 0 45 9
a 49 524 0 37 4
a 50 18 0 5 1
a 50 303 0 10 9
a 50 369 0 28 10
a 50 391 0 12 4
a 52 657 0 5 5
a 52 939 0 47 1
a 52 752 0 19 4
a 52 725 0 41 9
a 52 561 0 21 7
a 53 246 0 5 4
a 53 272 0 48 9
a 53 778 0 23 6
a 53 810 0 1 6
a 57 89 0 5 2
a 57 112 0 5 8
a 57 802 0 5 10
a 57 151 0 24 10
a 57 690 0 42 8
a 57 213 0 20 9
a 59 705 0 5 5
a 59 675 0 48 6
a 59 74 0 9 10
a 60 736 0 5 4
a 60 728 0 48 7
a 60 112 0 12 5
a 60 138 0 25 8
a 61 817 0 5 4
a 61 924 0 36 8
a 63 898 0 5 1
a 63 185 0 12 6
a 64 873 0 5 8
a 64 383 0 30 1
a 64 235 0 5 1
a 64 607 0 20 7
a 65 578 0 5 3
a 65 963 0 14 10
a 68 807 0 5 2
a 68 523 0 12 3
a 68 33 0 22 9
a 68 907 0 16 5
a 68 672 0 0 9
a 69 488 0 5 6
a 69 197 0 34 9
a 69 325 0 33 4
a 69 332 0 19 1
a 69 619 0 40 4
a 69 305 0 16 9
a 70 254 0 5 6
a 70 188 0 45 8
a 70 863 0 42 10
a 71 581 0 5 10
a 71 298 0 19 1
a 71 27 0 36 3
a 72 546 0 5 2
a 72 276 0 27 8
a 72 42 0 36 3
a 76 772 0 5 9
a 76 351 0 10 8
a 76 756 0 39 10
a 76 544 0 9 7
a 77 579 0 5 1
a 77 136 0 26 1
a 77 471 0 38 5
a 77 470 0 25 8
a 77 416 0 24 2
a 77 559 0 16 1
a 81 49 0 5 10
a 81 874 0 15 9
a 81 620 0 50 2
a 81 953 0 19 5
a 81 584 0 37 5
a 82 303 0 5 2
a 82 692 0 1 8
a 82 574 0 17 4
a 82 447 0 26 4
a 84 859 0 5 8
a 84 219 0 34 2
a 84 346 0 16 8
a 84 707 0 49 7
a 84 388 0 11 4
a 84 871 0 30 1
a 85 823 0 5 5
a 85 229 0 24 7
a 85 943 0 39 6
a 85 445 0 12 7
a 85 663 0 46 9
a 88 582 0 5 3
a 88 551 0 43 3
a 88 217 0 9 10
a 89 5 0 5 5
a 89 127 0 7 3
a 89 740 0 47 6
a 89 307 0 50 3
a 89 108 0 2 6
a 89 369 0 20 7
a 90 392 0 5 3
a 90 298 0 3 4
a 90 303 0 0 7
a 90 225 0 20 2
a 90 589 0 18 10
a 90 426 0 46 10
a 91 413 0 5 1
a 91 158 0 40 9
a 91 437 0 39 4
a 91 883 0 33 10
a 92 288 0 5 9
a 92 759 0 11 4
a 92 684 0 29 7
a 92 389 0 42 5
a 92 293 0 12 10
a 92 968 0 21 1
a 98 838 0 5 1
a 98 51 0 49 1
a 98 293 0 29 3
a 98 693 0 22 2
a 98 135 0 18 9
a 102 120 0 5 6
a 102 420 0 33 5
a 102 876 0 31 6
a 102 685 0 35 6
a 102 85 0 12 3
a 102 874 0 0 6
a 104 57 0 5 1
a 104 1000 0 5 4
a 104 870 0 42 4
a 107 176 0 5 5
a 107 54 0 33 9
a 107 561 0 30 9
a 107 134 0 20 7
a 107 766 0 32 10
a 107 179 0 12 1
a 108 803 0 5 5
a 108 78 0 34 7
a 108 932 0 39 9
a 108 654 0 11 3
a 109 424 0 5 10
a 109 265 0 5 3
a 113 76 0 5 6
a 113 217 0 30 1
a 114 449 0 5 4
a 114 6 0 15 9
a 114 171 0 49 7
a 114 459 0 1 4
a 114 529 0 24 6
a 114 403 0 49 5
a 118 107 0 5 7
a 118 577 0 44 5
a 118 655 0 39 5
a 118 370 0 44 4
a 118 389 0 37 9
a 118 237 0 25 7
a 120 610 0 5 8
a 120 483 0 34 7
a 120 155 0 35 8
a 120 931 0 27 4
a 121 656 0 5 4
a 121 525 0 12 4
a 121 161 0 37 4
a 121 156 0 43 7
a 121 633 0 21 5
a 121 986 0 26 4
a 122 628 0 5 10
a 122 976 0 37 2
a 122 837 0 3 10
a 122 557 0 32 7
a 122 26 0 28 2
a 123 510 0 5 9
a 123 5 0 50 3
a 123 866 0 37 2
a 126 827 0 5 9
a 126 331 0 34 1
a 126 621 0 37 1
a 126 357 0 30 4
a 128 764 0 5 2
a 128 153 0 26 6
a 128 352 0 4 2
a 131 395 0 5 3
a 131 971 0 18 7
a 131 240 0 18 1
a 132 85 0 5 1
a 132 778 0 47 6
a 132 516 0 48 9
a 132 669 0 41 3
a 132 391 0 10 7
a 133 567 0 5 1
a 133 488 0 14 9
a 133 367 0 25 5
a 133 210 0 33 9
a 133 871 0 31 3
a 137 545 0 5 7
a 137 720 0 22 1
a 139 822 0 5 6
a 139 783 0 1 6
a 139 840 0 21 1
a 139 83 0 38 7
a 139 328 0 22 6
a 140 753 0 5 3
a 140 510 0 25 10
a 143 531 0 5 4
a 143 373 0 8 2
a 143 548 0 1 5
a 144 945 0 5 4
a 144 709 0 0 9
a 146 188 0 5 7
a 146 37 0 42 4
a 146 917 0 23 9
a 146 559 0 17 3
a 146 896 0 39 3
a 148 693 0 5 10
a 148 291 0 36 4
a 148 185 0 0 4
a 148 993 0 2 5
a 148 498 0 44 8
a 148 47 0 7 9
a 151 223 0 5 2
a 151 347 0 44 9
a 151 169 0 7 8
a 151 99 0 25 6
a 153 696 0 5 4
a 153 681 0 30 5
a 153 739 0 43 7
a 153 10 0 47 3
a 156 555 0 5 7
a 156 279 0 49 2
a 158 324 0 5 2
a 158 816 0 49 8
a 159 586 0 5 4
a 159 624 0 25 3
a 159 709 0 46 7
a 159 835 0 33 3
a 160 357 0 5 3
a 160 594 0 0 5
a 160 493 0 6 9
a 160 698 0 13 3
a 161 104 0 5 4
a 161 120 0 16 3
a 162 973 0 5 8
a 162 55 0 29 3
a 162 408 0 43 7
a 162 450 0 0 1
a 164 239 0 5 4
a 164 765 0 15 4
a 165 226 0 5 5
a 165 147 0 17 5
a 165 832 0 27 9
a 165 595 0 46 1
a 165 274 0 11 3
a 171 474 0 5 3
a 171 599 0 39 1
a 171 382 0 16 3
a 172 650 0 5 10
a 172 85 0 23 6
a 172 797 0 36 3
a 172 329 0 27 2
a 172 782 0 20 2
a 173 968 0 5 7
a 173 726 0 19 1
a 173 91 0 8 5
a 173 567 0 42 6
a 173 803 0 11 5
a 173 281 0 17 8
a 174 783 0 5 6
a 174 221 0 18 7
a 174 338 0 27 4
a 174 721 0 22 7
a 174 829 0 25 2
a 175 864 0 5 8
a 175 781 0 22 1
a 175 14 0 49 6
a 176 198 0 5 6
a 176 950 0 50 9
a 176 934 0 25 4
a 176 522 0 31 3
a 176 841 0 21 2
a 176 646 0 3 2
a 177 618 0 5 3
a 177 249 0 12 5
a 177 142 0 41 5
a 177 813 0 30 5
a 177 114 0 2 5
a 177 937 0 38 5
a 178 593 0 5 6
a 178 993 0 18 8
a 178 822 0 21 7
a 179 560 0 5 2
a 179 807 0 48 2
a 179 350 0 3 10
a 181 229 0 5 10
a 181 173 0 21 2
a 181 701 0 8 4
a 181 572 0 32 10
a 181 980 0 21 3
a 183 77 0 5 9
a 183 917 0 40 8
a 183 218 0 42 9
a 183 612 0 48 8
a 185 988 0 5 9
a 185 399 0 46 8
a 186 160 0 5 4
a 186 719 0 21 4
a 186 913 0 41 9
a 188 573 0 5 6
a 188 444 0 33 6
a 188 991 0 10 6
a 189 72 0 5 3
a 189 102 0 22 10
a 189 826 0 23 3
a 189 75 0 43 7
a 189 63 0 6 5
a 192 588 0 5 7
a 192 151 0 46 4
a 192 541 0 14 10
a 192 715 0 24 2
a 192 30 0 25 1
a 195 310 0 5 9
a 195 269 0 10 1
a 198 677 0 5 4
a 198 706 0 31 5
a 198 399 0 13 6
a 198 904 0 18 8
a 199 802 0 5 7
a 199 820 0 38 7
a 199 507 0 42 3
a 199 757 0 20 6
a 200 850 0 5 5
a 200 30 0 41 8
a 202 325 0 5 6
a 202 797 0 50 6
a 202 195 0 26 3
a 202 904 0 38 6
a 202 558 0 39 1
a 202 643 0 1 10
a 204 224 0 5 8
a 204 62 0 13 1
a 205 91 0 5 6
a 205 533 0 44 9
a 205 85 0 19 3
a 209 268 0 5 2
a 209 775 0 20 8
a 209 862 0 14 8
a 209 764 0 31 4
a 209 233 0 14 6
a 209 865 0 14 7
a 213 883 0 5 3
a 213 612 0 44 2
a 215 427 0 5 1
a 215 429 0 32 1
a 215 98 0 7 2
a 215 877 0 14 6
a 215 950 0 43 9
a 215 458 0 29 3
a 218 974 0 5 5
a 218 757 0 35 6
a 218 74 0 12 6
a 223 937 0 5 7
a 223 240 0 44 8
a 223 386 0 38 5
a 224 804 0 5 6
a 224 54 0 9 9
a 225 35 0 5 8
a 225 603 0 37 4
a 225 210 0 16 1
a 226 202 0 5 7
a 226 251 0 14 3
a 226 715 0 50 9
a 226 15 0 35 4
a 226 613 0 33 5
a 226 173 0 32 9
a 229 993 0 5 9
a 229 372 0 21 5
a 230 978 0 5 9
a 230 247 0 17 2
a 230 644 0 14 8
a 230 104 0 26 3
a 231 717 0 5 3
a 231 329 0 14 6
a 231 869 0 2 10
a 231 751 0 46 3
a 232 390 0 5 10
a 232 916 0 39 3
a 232 89 0 49 3
a 232 459 0 5 10
a 232 403 0 30 6
a 232 980 0 46 5
a 233 289 0 5 10
a 233 617 0 38 1
a 233 621 0 27 5
a 233 271 0 47 3
a 235 113 0 5 10
a 235 564 0 1 5
a 235 829 0 24 7
a 237 763 0 5 5
a 237 902 0 26 2
a 237 855 0 8 7
a 237 711 0 43 8
a 238 346 0 5 4
a 238 773 0 41 5
a 238 632 0 0 10
a 238 326 0 34 6
a 238 539 0 28 8
a 238 83 0 9 7
a 239 694 0 5 6
a 239 446 0 18 9
a 239 792 0 23 2
a 239 407 0 31 3
a 240 522 0 5 1
a 240 475 0 36 5
a 240 96 0 34 5
a 243 403 0 5 4
a 243 895 0 21 2
a 243 914 0 34 1
a 243 718 0 8 4
a 243 684 0 7 8
a 245 923 0 5 2
a 245 887 0 49 2
a 245 636 0 35 5
a 245 628 0 20 4
a 245 861 0 30 1
a 246 664 0 5 8
a 246 388 0 11 2
a 246 814 0 27 7
a 246 38 0 24 10
a 246 312 0 30 6
a 248 6 0 5 9
a 248 190 0 38 2
a 248 923 0 32 7
a 248 957 0 35 4
a 248 176 0 29 8
a 250 726 0 5 2
a 250 45 0 49 6
a 250 267 0 38 9
a 250 248 0 37 1
a 252 716 0 5 10
a 252 98 0 32 5
a 253 415 0 5 9
a 253 530 0 21 7
a 253 571 0 9 8
a 253 249 0 4 9
a 253 433 0 27 4
a 253 235 0 48 10
a 254 416 0 5 10
a 254 170 0 31 9
a 254 963 0 49 4
a 257 760 0 5 6
a 257 851 0 12 1
a 258 572 0 5 6
a 258 758 0 49 5
a 258 923 0 18 8
a 258 185 0 5 1
a 258 584 0 14 1
a 262 231 0 5 1
a 262 955 0 25 6
a 262 145 0 47 4
a 268 205 0 5 5
a 268 737 0 36 2
a 268 525 0 10 3
a 268 681 0 16 10
a 268 202 0 13 6
a 270 703 0 5 7
a 270 570 0 16 9
a 270 990 0 26 1
a 270 130 0 40 10
a 270 568 0 2 1
a 272 919 0 5 1
a 272 112 0 6 3
a 272 569 0 36 5
a 272 812 0 39 5
a 277 71 0 5 4
a 277 748 0 20 10
a 281 140 0 5 7
a 281 399 0 44 4
a 281 311 0 0 2
a 281 214 0 46 8
a 281 945 0 23 8
a 282 98 0 5 1
a 282 217 0 8 9
a 282 99 0 15 3
a 288 857 0 5 4
a 288 955 0 36 3
a 288 510 0 35 10
a 289 370 0 5 9
a 289 205 0 32 2
a 289 13 0 11 1
a 292 165 0 5 5
a 292 523 0 10 6
a 292 110 0 14 3
a 292 614 0 30 6
a 295 498 0 5 1
a 295 659 0 50 9
a 295 25 0 43 4
a 296 90 0 5 8
a 296 690 0 22 6
a 296 543 0 0 8
a 296 286 0 25 4
a 297 404 0 5 7
a 297 799 0 50 7
a 297 164 0 44 1
a 298 281 0 5 8
a 298 390 0 23 6
a 298 822 0 23 6
a 298 716 0 43 6
a 298 388 0 50 1
a 298 924 0 36 7
a 299 617 0 5 6
a 299 37 0 24 4
a 299 621 0 23 2
a 299 601 0 44 7
a 299 966 0 24 3
a 303 118 0 5 5
a 303 189 0 12 2
a 303 354 0 27 3
a 304 535 0 5 3
a 304 797 0 14 1
a 305 713 0 5 7
a 305 804 0 8 10
a 305 448 0 19 2
a 305 465 0 28 2
a 305 135 0 40 1
a 305 841 0 11 9
a 306 645 0 5 8
a 306 743 0 48 9
a 306 877 0 37 5
a 308 718 0 5 5
a 308 196 0 34 2
a 308 46 0 30 10
a 310 795 0 5 7
a 310 267 0 12 2
a 310 264 0 37 6
a 310 613 0 4 2
a 310 52 0 17 7
a 313 660 0 5 7
a 313 923 0 30 3
a 313 892 0 36 4
a 313 804 0 13 5
a 313 149 0 15 3
a 313 297 0 10 10
a 314 417 0 5 2
a 314 418 0 20 10
a 315 172 0 5 6
a 315 956 0 18 9
a 315 75 0 38 10
a 315 138 0 33 4
a 315 10 0 46 6
a 319 411 0 5 9
a 319 465 0 34 6
a 319 174 0 23 8
a 319 560 0 24 8
a 319 589 0 30 2
a 323 38 0 5 10
a 323 420 0 25 3
a 323 95 0 20 8
a 323 604 0 28 4
a 324 674 0 5 8
a 324 514 0 44 6
a 324 407 0 35 9
a 324 94 0 25 9
a 324 745 0 37 9
a 325 121 0 5 3
a 325 981 0 38 2
a 325 917 0 47 7
a 325 247 0 9 4
a 325 670 0 37 9
a 325 5 0 34 2
a 329 494 0 5 8
a 329 527 0 48 10
a 329 328 0 48 1
a 329 995 0 21 4
a 329 430 0 20 4
a 329 62 0 40 5
a 330 583 0 5 6
a 330 894 0 40 1
a 330 409 0 4 10
a 330 364 0 31 4
a 334 559 0 5 3
a 334 564 0 50 5
a 334 678 0 49 8
a 334 302 0 33 4
a 334 640 0 31 5
a 334 938 0 23 9
a 338 319 0 5 5
a 338 52 0 0 3
a 338 63 0 0 9
a 341 960 0 5 1
a 341 642 0 41 9
a 343 957 0 5 1
a 343 576 0 28 3
a 345 178 0 5 3
a 345 191 0 26 3
a 345 762 0 14 6
a 345 560 0 26 9
a 345 192 0 17 6
a 345 360 0 26 4
a 346 513 0 5 2
a 346 332 0 31 5
a 346 559 0 29 6
a 348 19 0 5 10
a 348 128 0 47 2
a 348 787 0 12 6
a 348 639 0 10 10
a 348 260 0 45 6
a 348 551 0 32 7
a 350 629 0 5 6
a 350 760 0 45 5
a 350 795 0 32 4
a 351 143 0 5 2
a 351 77 0 27 9
a 352 749 0 5 8
a 352 279 0 22 8
a 356 868 0 5 5
a 356 316 0 31 1
a 356 106 0 44 5
a 356 424 0 9 6
a 356 667 0 40 8
a 357 564 0 5 3
a 357 589 0 50 4
a 357 798 0 50 8
a 359 162 0 5 10
a 359 687 0 34 5
a 359 520 0 6 10
a 359 670 0 30 3
a 359 480 0 11 4
a 359 267 0 13 7
a 360 658 0 5 7
a 360 395 0 42 9
a 360 258 0 48 1
a 360 219 0 19 9
a 360 368 0 31 3
a 360 55 0 26 1
a 364 393 0 5 9
a 364 929 0 14 8
a 364 541 0 27 2
a 370 195 0 5 7
a 370 520 0 12 9
a 370 160 0 25 4
a 370 407 0 38 6
a 370 20 0 47 5
a 372 832 0 5 2
a 372 386 0 15 6
a 374 792 0 5 10
a 374 776 0 27 5
a 374 730 0 9 9
a 377 88 0 5 8
a 377 359 0 15 8
a 377 666 0 28 2
a 378 151 0 5 5
a 378 895 0 32 5
a 378 238 0 40 7
a 378 751 0 37 3
a 385 399 0 5 2
a 385 448 0 11 5
a 385 284 0 2 2
a 385 326 0 26 6
a 385 333 0 21 5
a 386 879 0 5 8
a 386 808 0 8 1
a 387 907 0 5 10
a 387 863 0 49 3
a 387 805 0 13 10
a 390 359 0 5 1
a 390 978 0 28 1
a 390 291 0 15 5
a 390 759 0 35 1
a 390 299 0 3 7
a 390 655 0 9 8
a 392 502 0 5 4
a 392 701 0 3 5
a 392 415 0 50 7
a 393 81 0 5 6
a 393 70 0 26 1
a 395 566 0 5 1
a 395 490 0 28 6
a 396 759 0 5 6
a 396 606 0 29 4
a 396 803 0 5 6
a 396 905 0 22 7
a 397 927 0 5 3
a 397 183 0 2 10
a 397 175 0 40 6
a 397 542 0 15 2
a 397 165 0 3 5
a 399 213 0 5 10
a 399 493 0 29 1
a 399 986 0 30 7
a 399 224 0 5 3
a 399 987 0 42 6
a 400 109 0 5 10
a 400 300 0 36 2
a 400 423 0 35 3
a 400 912 0 49 8
a 400 94 0 36 8
a 400 693 0 12 1
a 403 707 0 5 10
a 403 674 0 35 4
a 403 563 0 5 10
a 403 176 0 37 1
a 403 808 0 22 1
a 404 787 0 5 9
a 404 875 0 29 9
a 404 797 0 43 5
a 404 763 0 3 4
a 404 242 0 3 2
a 404 929 0 10 9
a 405 891 0 5 2
a 405 856 0 45 2
a 405 805 0 24 5
a 405 321 0 42 4
a 405 991 0 26 10
a 407 642 0 5 1
a 407 769 0 4 8
a 407 371 0 48 4
a 407 498 0 9 10
a 407 37 0 7 8
a 410 671 0 5 9
a 410 657 0 46 6
a 410 453 0 15 9
a 410 11 0 7 1
a 410 956 0 13 6
a 411 744 0 5 8
a 411 480 0 5 9
a 411 194 0 19 10
a 413 837 0 5 5
a 413 534 0 18 3
a 413 244 0 6 7
a 415 808 0 5 1
a 415 206 0 32 7
a 415 515 0 47 6
a 415 534 0 39 4
a 415 692 0 45 7
a 415 947 0 11 6
a 416 3 0 5 4
a 416 753 0 46 1
a 416 328 0 46 1
a 416 983 0 27 5
a 416 626 0 44 4
a 417 189 0 5 8
a 417 989 0 37 9
a 417 388 0 5 6
a 417 883 0 39 5
a 422 341 0 5 5
a 422 476 0 2 2
a 422 761 0 9 3
a 424 295 0 5 4
a 424 370 0 13 8
a 424 936 0 35 1
a 424 58 0 2 8
a 425 298 0 5 3
a 425 140 0 37 7
a 425 822 0 38 9
a 425 812 0 37 4
a 425 474 0 45 5
a 425 213 0 29 3
a 426 82 0 5 9
a 426 626 0 35 7
a 427 374 0 5 8
a 427 829 0 34 10
a 427 63 0 16 5
a 427 535 0 5 5
a 427 799 0 47 4
a 430 595 0 5 5
a 430 495 0 31 9
a 430 77 0 3 7
a 430 679 0 22 4
a 430 906 0 0 7
a 431 11 0 5 10
a 431 820 0 45 5
a 431 222 0 5 2
a 431 693 0 10 7
a 432 153 0 5 6
a 432 865 0 8 1
a 434 304 0 5 9
a 434 999 0 9 5
a 434 50 0 39 9
a 434 261 0 9 10
a 434 45 0 4 3
a 435 52 0 5 4
a 435 639 0 40 3
a 435 413 0 32 7
a 435 541 0 49 1
a 435 979 0 43 7
a 435 58 0 46 8
a 438 92 0 5 8
a 438 661 0 12 9
a 442 812 0 5 8
a 442 178 0 22 4
a 442 176 0 14 10
a 442 559 0 10 1
a 442 115 0 40 9
a 442 789 0 30 7
a 445 866 0 5 7
a 445 245 0 37 8
a 445 50 0 42 1
a 446 65 0 5 2
a 446 52 0 49 1
a 446 294 0 49 8
a 446 687 0 37 7
a 446 325 0 5 8
a 446 193 0 34 10
a 447 800 0 5 6
a 447 648 0 50 6
a 447 999 0 32 7
a 447 576 0 4 4
a 447 765 0 32 4
a 449 133 0 5 2
a 449 985 0 37 6
a 449 807 0 35 10
a 449 433 0 32 8
a 449 254 0 7 2
a 450 61 0 5 4
a 450 114 0 8 5
a 450 652 0 7 2
a 450 452 0 7 4
a 450 749 0 43 5
a 450 846 0 42 2
a 452 235 0 5 2
a 452 215 0 43 7
a 452 345 0 16 8
a 452 125 0 43 3
a 455 541 0 5 3
a 455 584 0 22 6
a 455 38 0 4 8
a 456 277 0 5 6
a 456 323 0 23 6
a 456 172 0 16 4
a 459 992 0 5 7
a 459 554 0 0 2
a 463 710 0 5 8
a 463 479 0 41 8
a 464 386 0 5 6
a 464 147 0 20 3
a 464 811 0 32 4
a 464 678 0 27 8
a 464 578 0 11 9
a 464 267 0 26 10
a 468 173 0 5 1
a 468 878 0 42 9
a 468 688 0 15 6
a 468 459 0 16 5
a 471 901 0 5 1
a 471 602 0 9 3
a 471 242 0 40 1
a 474 250 0 5 2
a 474 997 0 1 8
a 474 169 0 45 2
a 474 602 0 14 2
a 474 132 0 41 5
a 474 184 0 22 4
a 476 177 0 5 4
a 476 412 0 45 3
a 476 217 0 20 8
a 476 491 0 14 2
a 476 477 0 12 9
a 477 192 0 5 5
a 477 358 0 26 2
a 480 958 0 5 1
a 480 286 0 19 3
a 480 312 0 11 2
a 485 407 0 5 5
a 485 416 0 39 9
a 485 46 0 38 2
a 485 992 0 34 4
a 485 677 0 32 5
a 485 423 0 15 7
a 487 245 0 5 2
a 487 972 0 39 10
a 487 993 0 35 6
a 488 64 0 5 4
a 488 260 0 22 2
a 488 253 0 9 2
a 488 281 0 4 6
a 490 916 0 5 5
a 490 182 0 28 3
a 490 524 0 17 1
a 490 709 0 47 3
a 490 156 0 25 9
a 494 931 0 5 5
a 494 253 0 37 7
a 494 564 0 4 10
a 494 99 0 37 2
a 494 430 0 27 4
a 494 799 0 11 6
a 498 248 0 5 1
a 498 330 0 0 7
a 498 611 0 49 9
a 498 376 0 24 3
a 501 981 0 5 1
a 501 888 0 5 10
a 502 292 0 5 3
a 502 161 0 8 7
a 502 251 0 32 10
a 502 377 0 40 2
a 502 188 0 31 10
a 503 199 0 5 8
a 503 349 0 3 9
a 503 70 0 19 7
a 504 272 0 5 4
a 504 117 0 25 3
a 504 739 0 8 9
a 504 112 0 49 4
a 506 547 0 5 6
a 506 550 0 11 3
a 506 166 0 13 8
a 506 462 0 37 1
a 510 215 0 5 4
a 510 757 0 45 4
a 510 178 0 22 8
a 510 82 0 21 6
a 513 920 0 5 9
a 513 89 0 22 10
a 513 3 0 22 4
a 513 696 0 14 5
a 513 856 0 0 5
a 514 477 0 5 3
a 514 229 0 40 4
a 514 486 0 44 7
a 514 341 0 33 10
a 514 888 0 17 9
a 514 623 0 26 6
a 522 811 0 5 2
a 522 710 0 10 8
a 526 818 0 5 8
a 526 597 0 38 10
a 526 769 0 12 6
a 531 252 0 5 10
a 531 964 0 25 9
a 531 48 0 6 3
a 531 713 0 1 10
a 531 408 0 15 10
a 531 410 0 17 6
a 535 377 0 5 10
a 535 810 0 15 5
a 535 178 0 13 6
a 535 431 0 13 9
a 535 955 0 10 8
a 537 487 0 5 9
a 537 266 0 4 2
a 537 155 0 11 7
a 537 736 0 11 7
a 537 403 0 48 4
a 539 725 0 5 8
a 539 85 0 42 6
a 539 36 0 28 2
a 539 368 0 35 4
a 539 944 0 18 3
a 540 646 0 5 7
a 540 280 0 16 4
a 540 614 0 24 3
a 540 116 0 19 4
a 541 752 0 5 6
a 541 699 0 4 8
a 543 299 0 5 2
a 543 736 0 36 7
a 543 514 0 49 5
a 543 453 0 14 10
a 544 935 0 5 6
a 544 519 0 28 3
a 544 326 0 24 1
a 544 599 0 7 6
a 545 171 0 5 1
a 545 84 0 18 7
a 545 770 0 29 4
a 545 343 0 13 9
a 545 898 0 5 6
a 546 396 0 5 1
a 546 523 0 24 8
a 546 563 0 28 10
a 547 975 0 5 9
a 547 438 0 42 6
a 547 659 0 45 9
a 547 9 0 21 6
a 549 422 0 5 5
a 549 971 0 18 8
a 549 837 0 30 8
a 549 818 0 48 5
a 549 503 0 41 4
a 549 194 0 41 9
a 554 378 0 5 9
a 554 462 0 8 3
a 555 638 0 5 10
a 555 434 0 24 3
a 555 944 0 5 3
a 555 80 0 25 3
a 556 501 0 5 2
a 556 576 0 46 10
a 556 194 0 28 7
a 556 414 0 37 4
a 556 465 0 10 6
a 558 181 0 5 7
a 558 496 0 50 4
a 559 580 0 5 5
a 559 581 0 48 8
a 559 626 0 18 4
a 559 992 0 8 1
a 560 886 0 5 2
a 560 316 0 46 1
a 560 46 0 15 3
a 564 833 0 5 6
a 564 536 0 3 8
a 564 53 0 47 6
a 564 757 0 40 8
a 564 648 0 32 4
a 564 822 0 48 3
a 565 751 0 5 7
a 565 872 0 34 9
a 565 764 0 11 8
a 565 117 0 7 2
a 565 922 0 12 4
a 566 490 0 5 2
a 566 92 0 11 2
a 566 922 0 47 4
a 567 609 0 5 1
a 567 562 0 15 6
a 568 709 0 5 7
a 568 304 0 5 5
a 568 159 0 48 7
a 568 223 0 27 4
a 568 107 0 1 4
a 568 361 0 1 8
a 569 715 0 5 1
a 569 428 0 16 5
a 572 643 0 5 2
a 572 687 0 5 8
a 572 491 0 7 7
a 573 608 0 5 5
a 573 676 0 20 1
a 573 96 0 17 2
a 573 510 0 31 3
a 573 515 0 42 8
a 576 446 0 5 1
a 576 668 0 26 8
a 576 784 0 9 3
a 576 888 0 40 5
a 576 152 0 47 5
a 578 543 0 5 4
a 578 763 0 41 9
a 578 919 0 46 6
a 578 617 0 16 6
a 578 446 0 17 8
a 579 506 0 5 2
a 579 223 0 50 10
a 579 482 0 47 6
a 579 909 0 38 4
a 579 629 0 50 3
a 579 429 0 25 10
a 580 70 0 5 6
a 580 932 0 26 6
a 580 882 0 7 3
a 580 523 0 43 10
a 580 926 0 35 6
a 581 568 0 5 4
a 581 993 0 9 3
a 581 829 0 22 8
a 581 69 0 15 9
a 581 586 0 14 6
a 581 802 0 29 7
a 582 734 0 5 5
a 582 552 0 47 8
a 582 919 0 0 5
a 582 692 0 32 1
a 582 831 0 40 3
a 582 750 0 24 6
a 583 447 0 5 4
a 583 199 0 48 7
a 583 626 0 16 4
a 583 543 0 37 5
a 583 667 0 16 8
a 585 741 0 5 2
a 585 990 0 49 6
a 585 849 0 7 2
a 585 22 0 43 7
a 586 240 0 5 8
a 586 160 0 17 4
a 586 83 0 43 9
a 586 490 0 13 4
a 588 790 0 5 9
a 588 811 0 40 10
a 589 232 0 5 7
a 589 868 0 2 3
a 589 791 0 50 9
a 589 162 0 23 7
a 589 813 0 46 9
a 593 464 0 5 3
a 593 992 0 1 4
a 593 258 0 7 1
a 593 427 0 36 9
a 593 167 0 22 2
a 593 647 0 3 5
a 595 352 0 5 7
a 595 60 0 20 3
a 601 175 0 5 9
a 601 613 0 30 10
a 601 287 0 3 5
a 601 47 0 29 2
a 601 62 0 22 8
a 603 48 0 5 8
a 603 49 0 46 9
a 603 333 0 19 5
a 603 588 0 15 8
a 603 204 0 2 7
a 603 524 0 38 5
a 604 544 0 5 3
a 604 58 0 13 2
a 604 743 0 6 4
a 604 701 0 31 5
a 608 262 0 5 9
a 608 952 0 6 1
a 608 257 0 14 1
a 609 941 0 5 8
a 609 71 0 43 2
a 609 593 0 30 7
a 609 345 0 1 5
a 610 334 0 5 10
a 610 331 0 33 7
a 610 460 0 50 4
a 610 829 0 23 3
a 612 965 0 5 6
a 612 178 0 23 4
a 612 592 0 49 7
a 612 829 0 14 1
a 613 450 0 5 3
a 613 758 0 44 5
a 613 321 0 33 6
a 613 220 0 27 10
a 613 472 0 25 9
a 617 438 0 5 6
a 617 618 0 19 3
a 617 447 0 28 8
a 617 597 0 29 2
a 618 640 0 5 3
a 618 560 0 10 9
a 618 938 0 26 6
a 618 83 0 14 9
a 618 707 0 32 4
a 618 300 0 21 1
a 620 680 0 5 1
a 620 626 0 28 10
a 620 870 0 31 9
a 620 236 0 29 1
a 620 249 0 9 10
a 620 423 0 36 5
a 621 641 0 5 5
a 621 210 0 8 1
a 621 314 0 15 7
a 622 68 0 5 9
a 622 302 0 42 6
a 622 153 0 8 2
a 625 426 0 5 2
a 625 224 0 16 5
a 625 642 0 44 4
a 625 237 0 27 4
a 625 77 0 21 8
a 628 835 0 5 2
a 628 467 0 38 5
a 629 132 0 5 8
a 629 300 0 7 4
a 629 828 0 28 10
a 629 893 0 24 5
a 629 756 0 6 3
a 629 562 0 48 8
a 630 238 0 5 5
a 630 336 0 43 9
a 631 999 0 5 8
a 631 535 0 47 5
a 631 657 0 46 6
a 631 470 0 25 2
a 634 770 0 5 8
a 634 36 0 24 10
a 634 571 0 25 7
a 634 821 0 46 6
a 635 31 0 5 8
a 635 186 0 45 1
a 635 754 0 24 9
a 635 749 0 26 3
a 638 144 0 5 3
a 638 203 0 34 5
a 638 737 0 20 4
a 638 818 0 1 6
a 640 128 0 5 4
a 640 260 0 21 7
a 640 140 0 47 1
a 640 871 0 46 8
a 641 297 0 5 8
a 641 249 0 15 7
a 641 26 0 50 3
a 642 350 0 5 6
a 642 228 0 41 4
a 643 630 0 5 9
a 643 398 0 5 5
a 643 266 0 32 10
a 643 774 0 43 3
a 643 824 0 16 5
a 645 844 0 5 1
a 645 961 0 3 7
a 646 558 0 5 2
a 646 667 0 47 3
a 646 715 0 1 4
a 646 334 0 43 8
a 646 893 0 29 7
a 647 722 0 5 4
a 647 357 0 49 5
a 647 593 0 17 5
a 647 936 0 7 2
a 650 306 0 5 6
a 650 92 0 5 7
a 651 329 0 5 7
a 651 385 0 42 2
a 651 999 0 13 7
a 651 577 0 36 2
a 651 855 0 41 6
a 656 108 0 5 10
a 656 784 0 25 5
a 656 811 0 8 5
a 656 46 0 41 7
a 656 805 0 39 4
a 656 77 0 19 1
a 657 445 0 5 6
a 657 864 0 28 3
a 657 372 0 11 3
a 657 117 0 7 5
a 657 82 0 25 4
a 657 902 0 8 4
a 658 972 0 5 5
a 658 365 0 4 4
a 658 433 0 34 2
a 660 780 0 5 8
a 660 255 0 47 7
a 660 146 0 19 2
a 664 647 0 5 4
a 664 857 0 22 8
a 664 995 0 15 2
a 664 502 0 37 4
a 664 78 0 6 3
a 665 435 0 5 5
a 665 806 0 13 7
a 671 796 0 5 10
a 671 788 0 26 5
a 671 603 0 15 5
a 671 545 0 46 7
a 672 625 0 5 5
a 672 14 0 44 7
a 672 637 0 2 3
a 672 915 0 33 9
a 672 93 0 47 2
a 674 994 0 5 5
a 674 632 0 17 9
a 674 777 0 8 6
a 674 43 0 4 5
a 676 902 0 5 7
a 676 359 0 47 6
a 676 122 0 2 8
a 676 862 0 12 2
a 676 831 0 23 2
a 677 872 0 5 3
a 677 801 0 9 10
a 677 851 0 13 4
a 677 297 0 11 10
a 680 102 0 5 5
a 680 495 0 34 8
a 680 656 0 16 1
a 687 185 0 5 4
a 687 228 0 6 5
a 687 996 0 40 5
a 690 976 0 5 1
a 690 222 0 39 4
a 690 184 0 27 5
a 690 795 0 7 1
a 692 126 0 5 5
a 692 321 0 24 9
a 692 924 0 43 7
a 692 218 0 39 2
a 692 105 0 3 3
a 693 50 0 5 4
a 693 146 0 33 10
a 693 521 0 24 2
a 693 225 0 24 7
a 693 718 0 47 9
a 693 559 0 50 6
a 694 687 0 5 10
a 694 967 0 6 10
a 694 571 0 49 10
a 694 750 0 12 6
a 694 812 0 31 1
a 694 90 0 9 2
a 696 131 0 5 6
a 696 453 0 9 4
a 696 884 0 33 3
a 698 768 0 5 4
a 698 918 0 41 5
a 698 194 0 30 4
a 698 710 0 22 8
a 698 752 0 7 6
a 700 631 0 5 3
a 700 722 0 12 4
a 700 658 0 39 5
a 700 142 0 24 9
a 701 164 0 5 10
a 701 225 0 44 1
a 701 219 0 44 6
a 701 576 0 7 7
a 701 428 0 46 5
a 702 485 0 5 2
a 702 637 0 17 10
a 702 924 0 48 8
a 702 745 0 34 5
a 702 955 0 23 3
a 703 874 0 5 6
a 703 957 0 26 8
a 703 207 0 42 6
a 703 96 0 46 5
a 703 732 0 23 7
a 705 613 0 5 2
a 705 143 0 0 8
a 706 816 0 5 7
a 706 378 0 3 8
a 706 178 0 33 7
a 707 400 0 5 5
a 707 239 0 28 10
a 707 525 0 35 4
a 707 100 0 11 7
a 708 836 0 5 10
a 708 888 0 45 10
a 708 133 0 50 1
a 709 906 0 5 7
a 709 10 0 41 4
a 709 513 0 41 7
a 709 405 0 17 7
a 709 117 0 45 7
a 710 41 0 5 8
a 710 236 0 16 5
a 712 943 0 5 2
a 712 726 0 14 5
a 712 404 0 31 8
a 712 699 0 13 5
a 712 861 0 14 7
a 712 957 0 22 7
a 713 539 0 5 3
a 713 329 0 22 5
a 713 328 0 36 10
a 713 642 0 8 7
a 713 244 0 11 2
a 713 285 0 27 4
a 715 53 0 5 2
a 715 272 0 16 5
a 716 372 0 5 3
a 716 917 0 4 6
a 716 363 0 36 4
a 717 305 0 5 6
a 717 605 0 15 2
a 718 84 0 5 1
a 718 428 0 26 2
a 718 129 0 50 1
a 718 261 0 20 8
a 722 114 0 5 4
a 722 592 0 45 6
a 722 769 0 24 4
a 722 452 0 35 7
a 722 90 0 46 6
a 722 287 0 18 7
a 725 455 0 5 10
a 725 90 0 47 1
a 725 621 0 49 1
a 726 622 0 5 3
a 726 206 0 0 5
a 726 207 0 44 5
a 726 274 0 34 2
a 726 150 0 50 9
a 726 944 0 26 8
a 729 385 0 5 10
a 729 366 0 42 2
a 729 790 0 21 7
a 729 104 0 9 7
a 729 29 0 44 3
a 732 405 0 5 3
a 732 340 0 34 2
a 732 289 0 33 7
a 732 447 0 41 8
a 732 64 0 7 5
a 733 313 0 5 10
a 733 450 0 18 6
a 733 567 0 9 9
a 733 966 0 50 10
a 733 86 0 47 8
a 734 620 0 5 5
a 734 947 0 34 10
a 734 1000 0 23 8
a 734 529 0 15 8
a 734 755 0 23 4
a 734 218 0 0 2
a 736 343 0 5 3
a 736 270 0 46 7
a 736 67 0 39 2
a 736 875 0 3 5
a 736 761 0 45 8
a 736 106 0 48 8
a 740 156 0 5 9
a 740 620 0 20 7
a 740 565 0 31 1
a 741 789 0 5 3
a 741 888 0 36 5
a 741 765 0 37 5
a 741 328 0 23 9
a 741 149 0 47 5
a 744 348 0 5 1
a 744 272 0 1 10
a 744 127 0 36 3
a 745 233 0 5 6
a 745 969 0 16 1
a 745 73 0 33 3
a 745 535 0 44 4
a 747 34 0 5 1
a 747 987 0 37 5
a 747 741 0 46 10
a 747 813 0 16 10
a 747 379 0 47 2
a 747 418 0 46 2
a 749 186 0 5 10
a 749 819 0 3 9
a 749 378 0 27 3
a 749 498 0 49 5
a 749 523 0 7 7
a 751 314 0 5 6
a 751 142 0 35 3
a 752 179 0 5 3
a 752 116 0 29 7
a 753 146 0 5 7
a 753 222 0 3 1
a 759 258 0 5 7
a 759 814 0 34 1
a 759 194 0 37 5
a 759 440 0 46 8
a 759 327 0 13 9
a 760 556 0 5 9
a 760 861 0 3 9
a 761 899 0 5 10
a 761 457 0 8 9
a 761 659 0 42 7
a 761 326 0 42 9
a 761 605 0 33 9
a 762 137 0 5 9
a 762 502 0 24 10
a 762 193 0 37 9
a 762 447 0 41 4
a 762 765 0 36 8
a 762 55 0 13 7
a 763 877 0 5 4
a 763 229 0 16 4
a 764 565 0 5 8
a 764 612 0 44 7
a 764 143 0 18 4
a 768 784 0 5 3
a 768 311 0 45 1
a 768 472 0 26 4
a 768 90 0 21 8
a 768 140 0 44 1
a 768 465 0 42 10
a 770 761 0 5 6
a 770 878 0 7 1
a 772 33 0 5 2
a 772 830 0 33 9
a 772 11 0 4 8
a 772 607 0 19 2
a 772 682 0 38 1
a 772 36 0 11 7
a 778 123 0 5 3
a 778 306 0 7 3
a 780 476 0 5 2
a 780 875 0 6 1
a 780 118 0 26 5
a 780 355 0 13 5
a 781 431 0 5 7
a 781 355 0 36 7
a 781 830 0 21 9
a 781 149 0 44 5
a 783 601 0 5 6
a 783 683 0 4 10
a 783 262 0 3 8
a 783 86 0 16 5
a 784 161 0 5 4
a 784 364 0 12 6
a 784 493 0 50 4
a 784 981 0 42 6
a 784 310 0 1 6
a 785 732 0 5 7
a 785 425 0 13 4
a 785 935 0 39 10
a 785 966 0 4 5
a 785 996 0 25 1
a 785 754 0 27 1
a 787 762 0 5 4
a 787 320 0 33 7
a 789 701 0 5 6
a 789 435 0 27 7
a 789 20 0 38 1
a 789 590 0 4 4
a 789 166 0 25 1
a 789 316 0 7 1
a 790 296 0 5 10
a 790 860 0 11 3
a 790 275 0 18 10
a 790 518 0 9 4
a 792 430 0 5 6
a 792 316 0 37 6
a 795 183 0 5 10
a 795 558 0 23 8
a 795 741 0 33 3
a 795 676 0 15 5
a 796 977 0 5 9
a 796 915 0 45 6
a 796 496 0 23 3
a 796 589 0 24 8
a 800 471 0 5 1
a 800 962 0 34 6
a 800 522 0 32 7
a 800 422 0 38 4
a 800 488 0 7 10
a 802 253 0 5 4
a 802 484 0 35 6
a 803 410 0 5 9
a 803 279 0 48 1
a 803 582 0 15 4
a 804 854 0 5 3
a 804 996 0 4 7
a 804 925 0 39 2
a 804 546 0 30 7
a 804 223 0 8 6
a 806 634 0 5 4
a 806 447 0 12 1
a 806 670 0 17 3
a 806 568 0 36 7
a 807 913 0 5 4
a 807 174 0 42 2
a 807 180 0 49 4
a 807 21 0 48 7
a 807 293 0 0 4
a 808 37 0 5 3
a 808 13 0 26 6
a 808 73 0 15 7
a 808 938 0 26 2
a 808 519 0 31 8
a 811 364 0 5 6
a 811 860 0 46 6
a 811 736 0 7 10
a 811 548 0 3 6
a 811 422 0 34 9
a 812 665 0 5 1
a 812 586 0 35 4
a 812 317 0 10 9
a 812 194 0 15 9
a 816 345 0 5 5
a 816 648 0 21 9
a 817 60 0 5 7
a 817 547 0 44 4
a 817 391 0 9 1
a 818 28 0 5 6
a 818 209 0 35 4
a 820 740 0 5 4
a 820 17 0 29 1
a 821 554 0 5 2
a 821 705 0 28 8
a 821 498 0 18 5
a 822 432 0 5 10
a 822 62 0 30 2
a 822 302 0 19 2
a 823 676 0 5 9
a 823 45 0 28 7
a 823 923 0 13 9
a 823 693 0 41 5
a 823 728 0 6 1
a 823 488 0 18 8
a 827 29 0 5 8
a 827 24 0 15 2
a 830 712 0 5 2
a 830 735 0 33 7
a 830 826 0 3 1
a 830 350 0 15 4
a 830 933 0 20 10
a 832 603 0 5 9
a 832 666 0 43 6
a 832 797 0 38 7
a 832 931 0 19 4
a 832 110 0 45 6
a 833 537 0 5 4
a 833 633 0 18 4
a 833 41 0 17 10
a 833 668 0 39 4
a 833 998 0 25 8
a 835 282 0 5 6
a 835 927 0 8 7
a 835 966 0 34 8
a 836 996 0 5 6
a 836 958 0 31 2
a 837 910 0 5 7
a 837 118 0 8 6
a 837 601 0 1 7
a 837 61 0 37 3
a 838 20 0 5 2
a 838 201 0 47 8
a 838 876 0 30 6
a 838 587 0 20 4
a 838 393 0 19 10
a 839 549 0 5 3
a 839 846 0 50 8
a 839 200 0 17 6
a 844 702 0 5 7
a 844 131 0 45 8
a 844 847 0 39 10
a 846 514 0 5 3
a 846 229 0 2 6
a 850 621 0 5 10
a 850 605 0 22 8
a 854 942 0 5 7
a 854 819 0 46 1
a 855 308 0 5 7
a 855 462 0 0 10
a 857 387 0 5 10
a 857 389 0 13 8
a 857 216 0 3 9
a 857 423 0 21 3
a 857 303 0 26 5
a 857 126 0 44 3
a 859 904 0 5 7
a 859 294 0 50 4
a 859 85 0 20 10
a 862 257 0 5 5
a 862 776 0 21 10
a 862 957 0 47 2
a 862 128 0 43 8
a 863 921 0 5 5
a 863 169 0 46 1
a 863 278 0 36 1
a 863 485 0 1 4
a 864 692 0 5 7
a 864 666 0 20 8
a 864 196 0 41 3
a 866 63 0 5 6
a 866 620 0 28 1
a 868 781 0 5 3
a 868 976 0 18 10
a 872 733 0 5 1
a 872 756 0 41 4
a 872 798 0 37 8
a 872 219 0 22 3
a 873 690 0 5 6
a 873 852 0 18 4
a 873 981 0 31 5
a 873 824 0 15 5
a 873 757 0 34 7
a 874 990 0 5 10
a 874 331 0 14 5
a 874 174 0 22 2
a 876 338 0 5 7
a 876 895 0 46 7
a 877 888 0 5 8
a 877 850 0 7 10
a 877 14 0 49 6
a 877 354 0 27 6
a 877 236 0 29 10
a 877 106 0 37 3
a 879 174 0 5 10
a 879 495 0 27 2
a 879 509 0 21 7
a 880 122 0 5 7
a 880 467 0 26 3
a 881 880 0 5 2
a 881 951 0 35 2
a 881 710 0 16 1
a 883 576 0 5 6
a 883 163 0 0 9
a 883 785 0 24 9
a 883 212 0 44 5
a 883 721 0 41 6
a 883 151 0 32 3
a 884 540 0 5 1
a 884 686 0 41 6
a 884 284 0 21 10
a 884 589 0 50 8
a 884 694 0 11 1
a 886 13 0 5 7
a 886 810 0 32 7
a 886 146 0 4 4
a 886 627 0 13 2
a 886 23 0 21 8
a 888 425 0 5 5
a 888 95 0 6 9
a 891 863 0 5 8
a 891 701 0 2 2
a 891 193 0 44 9
a 891 916 0 2 7
a 897 468 0 5 10
a 897 733 0 26 9
a 897 362 0 38 9
a 897 348 0 37 5
a 897 614 0 46 4
a 898 503 0 5 2
a 898 765 0 2 1
a 898 115 0 39 6
a 898 640 0 34 5
a 898 291 0 33 8
a 899 59 0 5 4
a 899 612 0 7 8
a 899 775 0 37 2
a 899 354 0 28 10
a 899 404 0 10 7
a 901 230 0 5 5
a 901 621 0 39 5
a 901 272 0 6 8
a 901 130 0 46 5
a 902 243 0 5 9
a 902 184 0 49 1
a 902 296 0 48 3
a 902 879 0 23 6
a 904 204 0 5 9
a 904 647 0 41 1
a 904 871 0 6 7
a 904 975 0 36 4
a 906 747 0 5 4
a 906 274 0 47 4
a 907 356 0 5 9
a 907 12 0 6 7
a 910 323 0 5 8
a 910 734 0 18 8
a 910 234 0 4 10
a 910 99 0 38 7
a 910 527 0 31 4
a 913 569 0 5 9
a 913 705 0 36 7
a 913 8 0 15 10
a 913 647 0 4 1
a 915 69 0 5 6
a 915 103 0 27 4
a 915 30 0 27 6
a 915 105 0 34 4
a 916 708 0 5 10
a 916 921 0 38 4
a 916 255 0 25 5
a 919 526 0 5 9
a 919 673 0 44 2
a 919 929 0 32 3
a 920 315 0 5 1
a 920 799 0 48 6
a 920 968 0 0 7
a 920 962 0 15 1
a 920 20 0 47 5
a 921 15 0 5 10
a 921 395 0 6 9
a 921 895 0 15 9
a 923 360 0 5 7
a 923 564 0 20 9
a 924 463 0 5 9
a 924 122 0 11 1
a 925 934 0 5 4
a 925 393 0 23 3
a 925 611 0 25 2
a 925 576 0 12 5
a 925 520 0 37 10
a 927 672 0 5 5
a 927 577 0 16 1
a 927 959 0 16 2
a 930 585 0 5 9
a 930 221 0 16 10
a 930 810 0 26 7
a 930 827 0 36 4
a 931 821 0 5 3
a 931 120 0 33 2
a 931 212 0 15 7
a 934 995 0 5 2
a 934 98 0 5 3
a 934 34 0 10 9
a 934 111 0 8 3
a 934 724 0 40 9
a 935 452 0 5 9
a 935 953 0 34 10
a 935 74 0 15 6
a 935 598 0 1 7
a 936 855 0 5 6
a 936 75 0 6 3
a 936 476 0 34 8
a 936 651 0 17 7
a 937 44 0 5 5
a 937 160 0 24 6
a 938 635 0 5 9
a 938 134 0 25 5
a 941 925 0 5 6
a 941 117 0 17 9
a 941 844 0 14 9
a 941 272 0 42 4
a 941 481 0 49 7
a 942 589 0 5 10
a 942 228 0 16 5
a 942 355 0 20 8
a 942 52 0 0 4
a 943 270 0 5 9
a 943 467 0 18 8
a 943 599 0 48 7
a 943 312 0 5 2
a 943 786 0 19 10
a 945 612 0 5 6
a 945 841 0 42 8
a 945 914 0 36 5
a 945 162 0 47 9
a 957 148 0 5 5
a 957 800 0 3 3
a 957 328 0 24 8
a 957 970 0 33 1
a 957 725 0 9 5
a 958 139 0 5 3
a 958 428 0 6 4
a 958 239 0 43 8
a 958 302 0 47 2
a 959 729 0 5 2
a 959 669 0 32 1
a 959 867 0 28 5
a 959 891 0 26 6
a 959 99 0 38 8
a 960 351 0 5 4
a 960 872 0 14 3
a 962 980 0 5 1
a 962 537 0 15 2
a 962 580 0 11 2
a 965 881 0 5 10
a 965 630 0 44 5
a 965 852 0 24 6
a 968 884 0 5 2
a 968 568 0 48 3
a 972 897 0 5 6
a 972 722 0 23 7
a 973 434 0 5 6
a 973 228 0 37 10
a 973 926 0 42 8
a 973 145 0 27 10
a 974 397 0 5 1
a 974 439 0 36 5
a 974 948 0 35 7
a 975 604 0 5 9
a 975 457 0 50 2
a 975 205 0 1 6
a 975 355 0 45 4
a 976 330 0 5 3
a 976 937 0 47 3
a 977 989 0 5 6
a 977 166 0 46 6
a 977 119 0 8 1
a 977 452 0 18 6
a 977 617 0 38 6
a 978 745 0 5 2
a 978 129 0 9 2
a 978 874 0 13 10
a 978 269 0 5 8
a 980 938 0 5 4
a 980 341 0 8 10
a 980 819 0 6 5
a 981 209 0 5 8
a 981 547 0 11 3
a 988 806 0 5 9
a 988 509 0 24 6
a 988 828 0 12 7
a 988 153 0 25 6
a 989 930 0 5 6
a 989 857 0 3 3
a 989 477 0 19 1
a 989 602 0 37 1
a 990 158 0 5 6
a 990 57 0 7 9
a 992 706 0 5 6
a 992 182 0 32 4
a 992 987 0 34 7
a 993 200 0 5 7
a 993 823 0 43 8
a 994 442 0 5 10
a 994 641 0 46 8
a 995 876 0 5 8
a 995 255 0 42 6
a 996 778 0 5 9
a 996 499 0 12 8
a 996 8 0 48 5
a 996 21 0 13 9
