c PyNETGEN v1.0.0
c $ pip install pynetgen
c
c  NETGEN flow network generation algorithm
c  Problem input parameters
c  -------------------------------------
c   Random seed:          14
c   Number of nodes:      1000
c   Source nodes:         2
c   Sink nodes:           2
c   Number of arcs:       4000
c   Minimum arc cost:     1
c   Maximum arc cost:     10
c   Total supply:         50
c   Transshipment -
c     Sources:            0
c     Sinks:              0
c   Skeleton arcs -
c     With max cost:      0
c     Capacitated:        100
c   Minimum arc capacity: 0
c   Maximum arc capacity: 50
c
c  *** Minimum cost flow ***
c
p min 1000 4000
n 1 46
n 2 4
n 999 -22
n 1000 -28
a 1 154 0 46 10
a 1 356 0 30 3
a 1 160 0 6 1
a 1 227 0 5 8
a 1 165 0 49 3
a 6 160 0 46 7
a 6 771 0 6 9
a 6 975 0 2 5
a 6 86 0 20 8
a 6 130 0 33 5
a 6 247 0 16 4
a 7 139 0 46 10
a 7 481 0 11 1
a 7 965 0 12 6
a 7 49 0 12 7
a 7 496 0 30 10
a 9 941 0 46 8
a 9 115 0 34 10
a 9 323 0 2 9
a 9 466 0 8 8
a 9 491 0 20 7
a 9 978 0 14 6
a 9 640 0 42 8
a 10 268 0 46 3
a 10 409 0 2 5
a 11 419 0 46 3
a 11 271 0 33 4
a 11 486 0 0 1
a 11 314 0 43 6
a 11 913 0 38 6
a 12 294 0 46 5
a 12 436 0 37 6
a 12 324 0 16 2
a 13 789 0 46 3
a 13 966 0 20 10
a 14 573 0 46 7
a 14 229 0 20 7
a 14 771 0 9 3
a 14 432 0 3 1
a 16 56 0 46 8
a 16 299 0 20 9
a 16 217 0 4 2
a 16 652 0 22 7
a 16 991 0 21 9
a 16 272 0 6 3
a 16 112 0 18 9
a 18 218 0 46 2
a 18 237 0 23 8
a 18 566 0 28 4
a 18 30 0 40 8
a 18 587 0 49 6
a 18 158 0 37 5
a 18 818 0 2 6
a 19 669 0 46 4
a 19 694 0 29 4
a 19 818 0 45 2
a 19 531 0 38 1
a 20 106 0 46 5
a 20 793 0 50 6
a 21 645 0 46 1
a 21 508 0 44 8
a 25 288 0 46 5
a 25 434 0 17 2
a 25 944 0 29 10
a 25 120 0 37 6
a 25 491 0 3 8
a 28 530 0 46 4
a 28 37 0 8 8
a 28 866 0 21 8
a 29 49 0 46 8
a 29 779 0 36 6
a 29 183 0 45 7
a 29 138 0 45 6
a 29 222 0 23 2
a 29 155 0 50 4
a 30 683 0 46 2
a 30 317 0 43 6
a 30 65 0 0 6
a 30 650 0 39 4
a 30 880 0 25 6
a 30 715 0 9 6
a 30 292 0 14 7
a 31 318 0 46 5
a 31 894 0 40 9
a 32 906 0 46 6
a 32 953 0 50 5
a 32 514 0 14 5
a 36 713 0 46 3
a 36 314 0 1 7
a 36 558 0 34 2
a 36 285 0 19 10
a 36 95 0 16 8
a 40 1000 0 46 10
a 40 937 0 46 2
a 40 932 0 8 9
a 43 907 0 46 1
a 43 95 0 42 2
a 43 329 0 37 6
a 43 563 0 44 2
a 43 314 0 25 3
a 43 914 0 9 7
a 44 244 0 46 9
a 44 456 0 37 1
a 44 135 0 24 3
a 45 694 0 46 2
a 45 977 0 44 9
a 45 100 0 26 6
a 45 613 0 31 2
a 45 43 0 0 8
a 47 162 0 46 6
a 47 662 0 37 9
a 49 717 0 46 6
a 49 788 0 28 8
a 49 757 0 49 4
a 50 267 0 46 5
a 50 552 0 28 4
a 50 776 0 18 2
a 50 77 0 12 10
a 50 558 0 25 7
a 56 982 0 46 3
a 56 725 0 9 7
a 56 961 0 16 7
a 62 606 0 46 8
a 62 558 0 46 6
a 62 444 0 25 8
a 64 12 0 46 4
a 64 331 0 42 7
a 64 382 0 2 10
a 64 15 0 50 5
a 70 597 0 46 3
a 70 9 0 14 10
a 70 690 0 30 9
a 70 760 0 20 10
a 70 124 0 18 9
a 70 917 0 47 10
a 70 911 0 7 4
a 73 19 0 46 2
a 73 287 0 45 2
a 73 56 0 12 2
a 73 886 0 15 10
a 73 845 0 45 5
a 73 182 0 1 2
a 74 779 0 46 3
a 74 416 0 40 3
a 74 445 0 23 10
a 74 569 0 8 1
a 74 645 0 40 3
a 74 254 0 1 3
a 75 382 0 46 1
a 75 25 0 8 1
a 75 573 0 32 3
a 82 264 0 46 6
a 82 83 0 23 9
a 82 69 0 39 9
a 86 229 0 46 4
a 86 663 0 24 10
a 87 376 0 46 1
a 87 637 0 0 8
a 87 360 0 29 9
a 87 416 0 33 3
a 87 262 0 9 2
a 88 712 0 46 6
a 88 375 0 29 8
a 88 266 0 38 3
a 88 650 0 22 10
a 88 905 0 27 10
a 88 706 0 16 6
a 93 634 0 46 4
a 93 755 0 37 4
a 93 178 0 22 4
a 93 64 0 14 9
a 94 430 0 46 3
a 94 688 0 48 10
a 94 712 0 36 3
a 94 375 0 18 9
a 94 270 0 7 4
a 94 550 0 48 6
a 98 668 0 46 4
a 98 77 0 2 5
a 98 624 0 20 1
a 98 512 0 4 6
a 99 43 0 46 9
a 99 243 0 37 5
a 99 53 0 41 5
a 99 311 0 15 8
a 103 532 0 46 9
a 103 238 0 15 7
a 103 89 0 10 6
a 103 117 0 12 6
a 105 991 0 46 8
a 105 130 0 6 7
a 106 150 0 46 5
a 106 358 0 47 2
a 106 597 0 30 3
a 106 469 0 25 8
a 106 126 0 9 5
a 106 233 0 29 5
a 107 946 0 46 9
a 107 768 0 39 1
a 107 664 0 21 5
a 109 266 0 46 4
a 109 420 0 2 3
a 109 56 0 50 7
a 109 283 0 0 1
a 111 707 0 46 9
a 111 279 0 30 8
a 111 277 0 9 1
a 112 296 0 46 10
a 112 642 0 12 2
a 112 840 0 31 4
a 112 678 0 11 1
a 112 799 0 7 8
a 113 820 0 46 2
a 113 807 0 42 6
a 113 143 0 42 7
a 113 798 0 6 3
a 113 176 0 0 3
a 113 437 0 11 2
a 115 580 0 46 1
a 115 219 0 7 5
a 115 314 0 27 6
a 115 350 0 2 9
a 115 559 0 44 1
a 115 951 0 3 10
a 116 874 0 46 8
a 116 387 0 39 3
a 118 242 0 46 4
a 118 724 0 49 9
a 118 85 0 31 2
a 118 193 0 2 9
a 118 88 0 17 6
a 118 234 0 22 10
a 120 109 0 46 10
a 120 415 0 28 10
a 124 166 0 46 9
a 124 134 0 11 4
a 131 450 0 46 4
a 131 265 0 8 4
a 131 54 0 7 7
a 131 686 0 18 4
a 131 306 0 25 9
a 131 722 0 29 3
a 134 98 0 46 6
a 134 518 0 2 10
a 135 165 0 46 10
a 135 910 0 21 10
a 135 543 0 49 6
a 135 460 0 15 9
a 139 718 0 46 4
a 139 536 0 22 9
a 139 570 0 4 2
a 139 519 0 48 10
a 139 176 0 38 10
a 140 422 0 46 4
a 140 409 0 46 2
a 140 995 0 33 10
a 140 128 0 34 5
a 140 113 0 24 7
a 142 924 0 46 5
a 142 801 0 17 4
a 142 176 0 21 7
a 143 839 0 46 7
a 143 698 0 3 2
a 143 851 0 41 10
a 143 745 0 32 5
a 144 915 0 46 4
a 144 835 0 50 7
a 149 462 0 46 2
a 149 290 0 29 9
a 149 430 0 13 3
a 149 456 0 37 10
a 149 755 0 35 2
a 149 991 0 0 7
a 150 657 0 46 10
a 150 122 0 33 5
a 150 486 0 18 5
a 150 795 0 50 9
a 150 566 0 4 1
a 153 13 0 46 9
a 153 773 0 3 3
a 154 36 0 46 10
a 154 907 0 2 7
a 154 880 0 29 7
a 155 25 0 46 7
a 155 794 0 32 6
a 155 729 0 15 1
a 155 321 0 11 10
a 155 294 0 8 7
a 156 489 0 46 6
a 156 432 0 25 10
a 156 714 0 49 1
a 156 374 0 44 6
a 156 902 0 31 2
a 156 937 0 28 4
a 157 757 0 46 7
a 157 836 0 15 4
a 157 578 0 7 8
a 157 866 0 7 5
a 160 764 0 46 5
a 160 447 0 41 6
a 160 377 0 27 9
a 162 969 0 46 2
a 162 16 0 23 1
a 162 789 0 41 2
a 162 524 0 32 3
a 162 711 0 49 7
a 164 443 0 46 8
a 164 445 0 39 8
a 164 134 0 13 4
a 164 43 0 33 3
a 164 572 0 5 6
a 165 649 0 46 10
a 165 834 0 32 1
a 165 736 0 15 3
a 166 153 0 46 5
a 166 717 0 42 9
a 169 497 0 46 4
a 169 641 0 8 3
a 169 642 0 26 5
a 169 793 0 39 6
a 169 68 0 23 2
a 173 724 0 46 3
a 173 448 0 30 8
a 173 27 0 38 2
a 182 516 0 46 4
a 182 315 0 19 8
a 182 302 0 42 6
a 182 923 0 13 2
a 183 499 0 46 6
a 183 957 0 16 3
a 183 451 0 50 10
a 185 124 0 46 3
a 185 781 0 48 10
a 185 108 0 13 4
a 185 554 0 7 10
a 186 423 0 46 6
a 186 756 0 48 9
a 187 398 0 46 8
a 187 673 0 36 2
a 187 463 0 39 9
a 187 772 0 40 9
a 187 41 0 25 7
a 187 582 0 32 7
a 188 866 0 46 3
a 188 496 0 25 8
a 188 927 0 13 8
a 188 773 0 7 5
a 188 301 0 1 4
a 188 819 0 43 3
a 191 740 0 46 3
a 191 982 0 22 10
a 192 671 0 46 2
a 192 567 0 30 5
a 192 806 0 50 3
a 192 103 0 46 4
a 193 472 0 46 6
a 193 641 0 34 9
a 193 245 0 8 9
a 194 617 0 46 9
a 194 692 0 10 10
a 194 267 0 36 1
a 194 464 0 30 10
a 196 245 0 46 7
a 196 468 0 8 4
a 196 235 0 0 10
a 196 495 0 46 6
a 196 820 0 1 4
a 196 674 0 43 3
a 197 690 0 46 1
a 197 876 0 31 5
a 197 219 0 37 9
a 197 31 0 1 7
a 197 845 0 1 10
a 200 706 0 46 10
a 200 102 0 37 2
a 200 683 0 36 3
a 200 242 0 18 6
a 200 573 0 48 2
a 200 536 0 36 6
a 201 346 0 46 9
a 201 627 0 5 6
a 201 972 0 7 3
a 203 708 0 46 8
a 203 675 0 26 5
a 203 953 0 33 3
a 203 183 0 32 9
a 203 747 0 21 3
a 203 571 0 7 9
a 204 750 0 46 1
a 204 155 0 4 2
a 204 68 0 32 9
a 204 670 0 48 7
a 204 111 0 24 4
a 204 424 0 4 8
a 207 554 0 46 1
a 207 46 0 7 1
a 211 40 0 46 1
a 211 257 0 3 4
a 211 8 0 44 7
a 212 774 0 46 6
a 212 84 0 46 4
a 212 165 0 12 8
a 215 504 0 46 6
a 215 421 0 27 3
a 215 332 0 6 6
a 215 489 0 24 1
a 215 486 0 15 7
a 215 150 0 19 9
a 216 964 0 46 9
a 216 514 0 2 10
a 216 578 0 19 9
a 216 572 0 42 2
a 217 237 0 46 3
a 217 607 0 18 2
a 217 932 0 2 5
a 217 728 0 10 5
a 218 594 0 46 4
a 218 471 0 31 10
a 219 105 0 46 3
a 219 148 0 38 4
a 219 337 0 3 7
a 219 527 0 18 8
a 219 70 0 22 7
a 221 278 0 46 6
a 221 971 0 48 4
a 221 828 0 3 6
a 221 85 0 38 6
a 221 310 0 17 7
a 221 902 0 3 2
a 224 247 0 46 4
a 224 955 0 37 3
a 226 387 0 46 1
a 226 528 0 20 9
a 226 489 0 42 9
a 229 118 0 46 1
a 229 422 0 50 7
a 229 460 0 4 1
a 231 418 0 46 8
a 231 243 0 32 6
a 234 765 0 46 10
a 234 616 0 33 8
a 234 313 0 3 1
a 234 979 0 21 1
a 235 655 0 46 10
a 235 618 0 23 5
a 235 184 0 16 4
a 236 835 0 46 8
a 236 938 0 3 1
a 236 355 0 18 7
a 236 509 0 44 2
a 237 929 0 46 6
a 237 187 0 47 9
a 237 151 0 31 1
a 237 174 0 13 2
a 238 910 0 46 3
a 238 872 0 6 9
a 238 627 0 49 1
a 238 165 0 1 9
a 238 254 0 10 4
a 239 585 0 46 5
a 239 917 0 20 8
a 239 972 0 43 10
a 239 514 0 19 5
a 239 619 0 18 8
a 240 299 0 46 6
a 240 742 0 16 6
a 240 302 0 11 6
a 240 571 0 41 9
a 242 395 0 46 4
a 242 722 0 31 2
a 242 696 0 9 1
a 242 504 0 43 8
a 242 243 0 17 10
a 243 73 0 46 1
a 243 470 0 2 3
a 243 890 0 3 8
a 243 269 0 23 7
a 244 525 0 46 5
a 244 80 0 23 8
a 244 752 0 3 8
a 244 801 0 17 2
a 244 371 0 31 4
a 244 756 0 34 8
a 245 157 0 46 2
a 245 819 0 8 6
a 245 805 0 27 4
a 245 962 0 25 2
a 247 953 0 46 8
a 247 133 0 22 10
a 248 215 0 46 3
a 248 800 0 49 6
a 248 484 0 21 3
a 248 108 0 25 3
a 248 49 0 45 10
a 249 914 0 46 6
a 249 864 0 30 4
a 249 681 0 47 5
a 249 121 0 29 1
a 249 716 0 17 1
a 249 210 0 15 7
a 252 415 0 46 2
a 252 934 0 21 8
a 252 120 0 49 5
a 252 633 0 17 9
a 252 39 0 21 5
a 252 996 0 15 4
a 253 999 0 46 9
a 253 164 0 3 2
a 253 493 0 36 7
a 253 698 0 11 6
a 253 978 0 0 6
a 255 771 0 46 2
a 255 494 0 8 3
a 255 148 0 33 6
a 255 177 0 42 5
a 255 474 0 50 10
a 259 317 0 46 9
a 259 212 0 31 3
a 259 485 0 19 2
a 259 408 0 30 4
a 259 298 0 5 7
a 259 908 0 41 9
a 261 795 0 46 3
a 261 771 0 20 7
a 261 796 0 12 3
a 261 832 0 45 5
a 261 200 0 19 10
a 264 216 0 46 4
a 264 750 0 27 8
a 264 88 0 9 5
a 265 862 0 46 1
a 265 342 0 32 9
a 265 246 0 16 10
a 266 680 0 46 7
a 266 849 0 16 8
a 266 542 0 38 8
a 267 115 0 46 1
a 267 249 0 33 4
a 267 975 0 13 7
a 267 685 0 22 8
a 267 230 0 2 6
a 268 9 0 46 3
a 268 596 0 33 9
a 270 212 0 46 5
a 270 878 0 3 7
a 270 685 0 48 7
a 271 868 0 46 1
a 271 160 0 40 5
a 271 748 0 12 10
a 271 758 0 46 2
a 271 139 0 31 4
a 271 72 0 40 9
a 273 815 0 46 8
a 273 251 0 7 5
a 273 19 0 32 3
a 273 626 0 26 6
a 278 701 0 46 8
a 278 303 0 29 4
a 278 346 0 34 6
a 278 956 0 15 8
a 278 466 0 11 2
a 278 305 0 4 10
a 279 224 0 46 1
a 279 369 0 23 1
a 279 403 0 27 5
a 279 722 0 27 10
a 279 867 0 27 5
a 283 857 0 46 10
a 283 654 0 2 5
a 283 461 0 48 3
a 283 803 0 4 4
a 283 574 0 37 10
a 283 700 0 35 2
a 285 74 0 46 5
a 285 759 0 17 6
a 285 965 0 7 4
a 285 275 0 41 9
a 285 838 0 28 9
a 286 845 0 46 9
a 286 11 0 4 9
a 286 214 0 49 2
a 286 98 0 9 8
a 287 32 0 46 10
a 287 910 0 30 5
a 287 75 0 8 8
a 287 935 0 5 2
a 288 253 0 46 4
a 288 590 0 37 3
a 288 12 0 38 9
a 288 23 0 18 2
a 288 331 0 1 10
a 288 367 0 48 3
a 290 363 0 46 7
a 290 883 0 7 9
a 290 759 0 38 3
a 294 431 0 46 8
a 294 126 0 6 7
a 294 661 0 10 4
a 294 688 0 13 8
a 294 689 0 5 6
a 294 947 0 46 4
a 296 226 0 46 7
a 296 393 0 17 10
a 296 217 0 28 7
a 296 78 0 24 6
a 296 269 0 22 2
a 297 513 0 46 6
a 297 28 0 33 6
a 299 219 0 46 4
a 299 475 0 31 2
a 299 876 0 16 3
a 299 544 0 5 9
a 299 643 0 20 1
a 302 107 0 46 5
a 302 989 0 22 9
a 302 116 0 14 1
a 302 593 0 9 7
a 302 868 0 12 7
a 304 325 0 46 1
a 304 456 0 4 1
a 304 644 0 38 4
a 304 500 0 34 2
a 304 164 0 3 3
a 304 678 0 31 4
a 305 404 0 46 8
a 305 809 0 7 8
a 306 788 0 46 6
a 306 539 0 14 7
a 307 754 0 46 6
a 307 325 0 50 10
a 307 215 0 11 2
a 307 979 0 9 7
a 307 698 0 0 5
a 307 377 0 35 1
a 309 695 0 46 2
a 309 996 0 17 10
a 311 928 0 46 6
a 311 288 0 42 4
a 311 423 0 49 4
a 314 692 0 46 5
a 314 145 0 9 3
a 314 115 0 6 1
a 314 409 0 12 5
a 314 282 0 9 3
a 314 62 0 24 3
a 315 647 0 46 6
a 315 180 0 48 10
a 315 304 0 35 5
a 315 30 0 14 4
a 315 815 0 27 1
a 315 478 0 24 8
a 317 951 0 46 9
a 317 674 0 27 3
a 318 571 0 46 3
a 318 153 0 46 2
a 318 580 0 24 6
a 325 265 0 46 10
a 325 588 0 17 3
a 325 536 0 23 8
a 325 649 0 20 8
a 331 917 0 46 2
a 331 47 0 13 3
a 331 136 0 38 7
a 331 429 0 31 2
a 331 546 0 20 6
a 334 201 0 46 2
a 334 310 0 44 5
a 334 12 0 37 2
a 337 164 0 46 9
a 337 328 0 4 6
a 337 128 0 4 5
a 337 202 0 19 6
a 337 691 0 12 5
a 338 810 0 46 6
a 338 672 0 31 6
a 338 895 0 34 3
a 338 771 0 27 3
a 339 285 0 46 8
a 339 36 0 21 7
a 340 94 0 46 8
a 340 364 0 18 4
a 340 377 0 24 5
a 340 728 0 14 3
a 340 885 0 45 5
a 346 927 0 46 6
a 346 347 0 19 9
a 346 244 0 30 6
a 346 54 0 5 9
a 346 815 0 39 8
a 353 370 0 46 10
a 353 345 0 30 10
a 353 538 0 19 2
a 353 882 0 38 9
a 353 797 0 15 5
a 353 279 0 37 3
a 355 932 0 46 1
a 355 565 0 26 10
a 355 828 0 50 8
a 355 200 0 20 10
a 355 771 0 44 6
a 356 678 0 46 4
a 356 975 0 18 6
a 356 546 0 12 4
a 356 508 0 3 4
a 359 371 0 46 8
a 359 142 0 46 10
a 359 100 0 40 3
a 359 415 0 25 7
a 359 224 0 47 1
a 362 640 0 46 4
a 362 85 0 39 3
a 362 237 0 6 6
a 362 775 0 13 8
a 362 444 0 6 6
a 362 498 0 26 1
a 363 16 0 46 3
a 363 96 0 24 7
a 363 146 0 10 10
a 363 211 0 42 6
a 366 596 0 46 3
a 366 113 0 4 4
a 366 682 0 38 9
a 366 972 0 15 9
a 366 624 0 6 2
a 368 723 0 46 10
a 368 627 0 19 8
a 368 642 0 11 9
a 368 998 0 44 7
a 370 426 0 46 3
a 370 713 0 7 8
a 370 478 0 28 2
a 370 20 0 25 5
a 370 789 0 14 4
a 371 355 0 46 10
a 371 793 0 50 9
a 372 103 0 46 5
a 372 694 0 20 9
a 372 829 0 16 1
a 372 289 0 43 1
a 374 882 0 46 8
a 374 192 0 26 3
a 374 479 0 44 2
a 374 663 0 9 7
a 374 39 0 1 2
a 376 428 0 46 6
a 376 606 0 1 3
a 376 47 0 50 4
a 376 266 0 35 6
a 376 74 0 39 1
a 377 234 0 46 9
a 377 563 0 0 1
a 377 851 0 11 2
a 377 631 0 40 10
a 377 758 0 8 4
a 377 921 0 42 1
a 379 659 0 46 4
a 379 601 0 19 1
a 379 649 0 38 10
a 379 120 0 25 2
a 379 274 0 35 7
a 379 119 0 6 3
a 380 451 0 46 3
a 380 857 0 41 9
a 382 948 0 46 4
a 382 45 0 26 4
a 383 88 0 46 9
a 383 928 0 39 10
a 383 812 0 38 8
a 383 747 0 1 8
a 383 303 0 47 10
a 384 675 0 46 3
a 384 447 0 14 8
a 385 550 0 46 10
a 385 773 0 13 9
a 385 738 0 14 7
a 385 230 0 1 9
a 385 571 0 18 1
a 385 723 0 25 10
a 386 559 0 46 1
a 386 713 0 26 4
a 386 316 0 21 9
a 386 344 0 6 5
a 386 933 0 26 4
a 387 14 0 46 8
a 387 91 0 19 4
a 387 316 0 14 2
a 387 748 0 42 5
a 387 634 0 24 2
a 391 197 0 46 2
a 391 335 0 11 3
a 391 244 0 32 2
a 391 106 0 16 5
a 391 592 0 40 10
a 391 530 0 20 7
a 395 187 0 46 10
a 395 126 0 6 1
a 395 372 0 31 7
a 396 518 0 46 8
a 396 499 0 42 2
a 398 334 0 46 2
a 398 506 0 22 3
a 398 778 0 8 2
a 398 263 0 28 3
a 398 789 0 30 10
a 398 646 0 29 1
a 399 898 0 46 4
a 399 511 0 34 2
a 399 376 0 20 4
a 399 99 0 42 6
a 404 297 0 46 7
a 404 853 0 25 4
a 404 494 0 48 9
a 404 698 0 16 4
a 404 996 0 9 1
a 404 35 0 2 3
a 407 414 0 46 3
a 407 824 0 37 7
a 407 19 0 27 3
a 407 61 0 3 6
a 410 287 0 46 10
a 410 658 0 9 2
a 410 536 0 0 9
a 413 309 0 46 9
a 413 167 0 33 5
a 413 99 0 15 10
a 413 608 0 40 1
a 413 313 0 31 10
a 414 746 0 46 10
a 414 473 0 27 5
a 414 175 0 34 10
a 415 761 0 46 4
a 415 238 0 11 10
a 415 762 0 38 1
a 415 535 0 44 10
a 415 233 0 24 2
a 418 70 0 46 7
a 418 466 0 18 10
a 418 219 0 23 6
a 419 436 0 46 2
a 419 286 0 9 7
a 419 393 0 14 3
a 420 131 0 46 5
a 420 682 0 48 7
a 420 80 0 43 9
a 420 334 0 5 7
a 420 365 0 8 2
a 421 607 0 46 9
a 421 785 0 17 4
a 421 443 0 13 6
a 421 640 0 27 4
a 421 58 0 45 1
a 422 787 0 46 10
a 422 14 0 29 7
a 422 410 0 5 5
a 422 397 0 13 3
a 423 64 0 46 9
a 423 79 0 14 3
a 423 904 0 9 9
a 426 919 0 46 7
a 426 851 0 1 10
a 426 979 0 31 8
a 426 704 0 14 7
a 428 10 0 46 10
a 428 691 0 10 10
a 428 251 0 10 3
a 428 299 0 37 6
a 428 239 0 13 10
a 428 743 0 44 4
a 430 391 0 46 7
a 430 436 0 50 4
a 430 77 0 10 7
a 430 536 0 21 9
a 430 901 0 41 10
a 431 829 0 46 4
a 431 174 0 40 2
a 431 624 0 12 10
a 431 125 0 0 7
a 434 938 0 46 6
a 434 758 0 23 8
a 434 239 0 39 4
a 434 1000 0 24 2
a 435 833 0 46 10
a 435 832 0 48 1
a 435 165 0 16 10
a 436 918 0 46 7
a 436 418 0 9 9
a 436 265 0 17 3
a 436 429 0 14 3
a 439 603 0 46 1
a 439 923 0 36 4
a 441 75 0 46 3
a 441 846 0 6 7
a 441 958 0 0 9
a 441 449 0 8 1
a 441 258 0 10 1
a 441 399 0 2 6
a 443 142 0 46 5
a 443 884 0 19 7
a 443 761 0 11 2
a 443 548 0 10 4
a 443 569 0 31 3
a 443 444 0 32 7
a 445 512 0 46 8
a 445 228 0 25 8
a 445 591 0 27 10
a 445 906 0 38 5
a 446 859 0 46 10
a 446 464 0 43 10
a 446 244 0 24 10
a 446 30 0 13 4
a 446 539 0 0 6
a 447 966 0 46 4
a 447 898 0 10 3
a 447 869 0 49 10
a 447 440 0 0 5
a 450 997 0 46 8
a 450 230 0 41 4
a 450 555 0 18 2
a 450 856 0 14 10
a 451 196 0 46 9
a 451 448 0 50 7
a 451 183 0 7 2
a 451 511 0 23 9
a 451 703 0 22 9
a 452 200 0 46 3
a 452 384 0 27 2
a 452 514 0 21 3
a 453 18 0 46 2
a 453 524 0 1 6
a 453 512 0 31 10
a 453 587 0 30 4
a 457 502 0 46 7
a 457 364 0 23 5
a 462 193 0 46 3
a 462 5 0 17 3
a 462 773 0 33 2
a 465 819 0 46 10
a 465 223 0 31 6
a 466 304 0 46 2
a 466 982 0 37 9
a 466 807 0 31 6
a 466 583 0 23 3
a 466 76 0 4 5
a 466 543 0 4 9
a 469 994 0 46 4
a 469 401 0 22 2
a 471 681 0 46 1
a 471 237 0 45 2
a 472 992 0 46 6
a 472 334 0 39 8
a 474 192 0 46 4
a 474 239 0 47 10
a 476 290 0 46 5
a 476 773 0 24 5
a 476 821 0 13 5
a 476 232 0 44 7
a 485 283 0 46 4
a 485 378 0 1 7
a 485 973 0 37 6
a 485 957 0 48 6
a 485 708 0 6 8
a 486 563 0 46 2
a 486 53 0 15 7
a 486 981 0 29 6
a 486 136 0 3 1
a 486 974 0 13 10
a 486 878 0 27 7
a 487 452 0 46 8
a 487 39 0 43 5
a 489 958 0 46 6
a 489 252 0 15 5
a 494 476 0 46 4
a 494 713 0 9 4
a 494 982 0 10 6
a 497 677 0 46 10
a 497 379 0 15 3
a 497 333 0 27 2
a 499 885 0 46 10
a 499 815 0 48 3
a 499 256 0 9 1
a 499 9 0 41 9
a 500 832 0 46 2
a 500 408 0 7 7
a 500 234 0 32 5
a 500 142 0 2 7
a 502 805 0 46 6
a 502 139 0 42 3
a 502 269 0 28 8
a 502 910 0 14 4
a 504 211 0 46 2
a 504 139 0 13 9
a 505 306 0 46 7
a 505 5 0 38 8
a 505 649 0 11 3
a 507 305 0 46 3
a 507 341 0 42 3
a 507 889 0 14 4
a 510 995 0 46 5
a 510 378 0 34 5
a 510 744 0 32 9
a 512 434 0 46 8
a 512 133 0 29 3
a 512 232 0 45 6
a 512 348 0 21 2
a 513 120 0 46 1
a 513 22 0 35 10
a 513 193 0 11 4
a 513 691 0 1 8
a 515 784 0 46 1
a 515 459 0 14 5
a 516 149 0 46 9
a 516 677 0 4 1
a 516 399 0 37 8
a 516 765 0 40 6
a 516 554 0 7 1
a 516 337 0 1 6
a 517 50 0 46 7
a 517 734 0 20 4
a 517 719 0 48 4
a 517 423 0 20 10
a 518 709 0 46 6
a 518 563 0 6 7
a 518 141 0 16 10
a 523 628 0 46 5
a 523 393 0 40 1
a 523 914 0 13 8
a 523 664 0 1 2
a 523 157 0 5 5
a 523 792 0 21 10
a 525 255 0 46 10
a 525 117 0 31 5
a 525 331 0 17 5
a 525 197 0 44 9
a 525 501 0 24 5
a 525 482 0 14 2
a 528 510 0 46 3
a 528 861 0 43 8
a 528 862 0 3 2
a 529 379 0 46 8
a 529 585 0 6 1
a 530 356 0 46 7
a 530 337 0 30 1
a 530 164 0 49 4
a 530 497 0 12 3
a 530 628 0 40 10
a 530 982 0 44 2
a 532 439 0 46 9
a 532 543 0 9 10
a 532 384 0 2 9
a 532 563 0 34 6
a 532 174 0 31 5
a 532 609 0 7 9
a 535 6 0 46 10
a 535 722 0 42 8
a 535 504 0 27 3
a 535 102 0 38 7
a 535 937 0 45 4
a 540 466 0 46 2
a 540 636 0 32 4
a 540 145 0 25 4
a 540 899 0 18 9
a 540 38 0 42 2
a 547 517 0 46 1
a 547 576 0 15 6
a 547 873 0 18 1
a 547 536 0 4 5
a 547 361 0 39 2
a 547 820 0 37 7
a 549 794 0 46 9
a 549 187 0 34 5
a 549 132 0 41 10
a 550 734 0 46 4
a 550 317 0 32 7
a 550 752 0 17 1
a 550 176 0 5 3
a 550 835 0 12 10
a 550 656 0 22 6
a 553 413 0 46 4
a 553 194 0 28 2
a 553 971 0 47 9
a 553 717 0 38 1
a 553 884 0 2 6
a 553 111 0 7 9
a 554 453 0 46 8
a 554 650 0 15 2
a 554 682 0 41 7
a 554 527 0 17 7
a 554 93 0 25 1
a 559 945 0 46 8
a 559 248 0 46 9
a 559 580 0 10 5
a 559 562 0 26 7
a 561 399 0 46 4
a 561 366 0 50 3
a 561 755 0 11 1
a 563 236 0 46 2
a 563 877 0 25 5
a 571 959 0 46 6
a 571 30 0 42 5
a 572 445 0 46 4
a 572 709 0 28 8
a 572 932 0 7 2
a 573 93 0 46 5
a 573 229 0 34 1
a 573 120 0 30 5
a 573 24 0 9 8
a 573 12 0 14 2
a 573 761 0 18 10
a 578 420 0 46 1
a 578 630 0 17 2
a 578 547 0 9 3
a 578 490 0 20 2
a 578 395 0 26 10
a 580 697 0 46 3
a 580 906 0 33 10
a 580 127 0 24 8
a 580 789 0 16 1
a 580 877 0 44 7
a 581 221 0 46 6
a 581 103 0 3 7
a 581 219 0 5 5
a 581 589 0 38 3
a 585 811 0 46 4
a 585 185 0 20 8
a 585 194 0 50 5
a 585 232 0 37 2
a 585 544 0 43 4
a 585 519 0 40 7
a 590 359 0 46 9
a 590 595 0 33 2
a 590 71 0 49 4
a 590 307 0 16 2
a 590 280 0 39 5
a 591 736 0 46 10
a 591 200 0 18 8
a 591 94 0 30 9
a 593 235 0 46 5
a 593 499 0 16 5
a 593 93 0 36 9
a 594 286 0 46 8
a 594 281 0 1 4
a 594 783 0 21 5
a 595 270 0 46 9
a 595 962 0 15 1
a 595 415 0 50 8
a 595 667 0 29 7
a 595 386 0 22 1
a 596 273 0 46 3
a 596 243 0 26 9
a 597 135 0 46 2
a 597 864 0 20 10
a 597 767 0 8 9
a 597 635 0 9 9
a 597 394 0 2 9
a 602 852 0 46 8
a 602 937 0 14 7
a 602 297 0 0 2
a 602 585 0 4 5
a 603 271 0 46 3
a 603 787 0 43 7
a 605 45 0 46 7
a 605 767 0 25 7
a 606 315 0 46 8
a 606 629 0 15 10
a 606 340 0 3 10
a 607 578 0 46 2
a 607 973 0 26 5
a 615 44 0 46 2
a 615 390 0 3 9
a 615 632 0 48 2
a 615 769 0 2 6
a 615 901 0 7 8
a 615 305 0 31 9
a 617 661 0 46 8
a 617 882 0 32 1
a 617 619 0 35 10
a 617 525 0 23 7
a 617 872 0 47 4
a 619 691 0 46 2
a 619 186 0 11 2
a 619 46 0 40 10
a 619 382 0 39 3
a 619 886 0 20 10
a 619 639 0 9 4
a 622 474 0 46 7
a 622 658 0 42 5
a 622 623 0 41 8
a 623 547 0 46 1
a 623 268 0 11 6
a 623 537 0 50 2
a 623 199 0 35 7
a 623 686 0 29 3
a 624 635 0 46 8
a 624 241 0 7 2
a 624 69 0 44 1
a 624 40 0 19 4
a 624 1000 0 21 3
a 625 240 0 46 7
a 625 459 0 40 3
a 625 334 0 16 1
a 625 579 0 21 3
a 625 356 0 24 9
a 625 538 0 26 7
a 627 798 0 46 10
a 627 155 0 43 7
a 627 490 0 15 2
a 627 591 0 37 3
a 627 699 0 33 8
a 627 1000 0 27 6
a 628 799 0 46 10
a 628 488 0 46 7
a 628 184 0 5 9
a 628 25 0 3 2
a 628 829 0 32 8
a 628 96 0 14 10
a 630 700 0 46 6
a 630 527 0 3 9
a 630 275 0 1 9
a 630 677 0 1 6
a 630 973 0 1 7
a 630 465 0 20 5
a 634 813 0 46 1
a 634 247 0 33 9
a 634 812 0 27 5
a 634 629 0 23 10
a 635 374 0 46 9
a 635 561 0 11 9
a 635 984 0 25 2
a 635 264 0 35 7
a 636 188 0 46 8
a 636 632 0 37 2
a 636 71 0 45 2
a 636 169 0 43 8
a 636 400 0 47 9
a 636 9 0 24 5
a 638 469 0 46 3
a 638 437 0 23 8
a 638 510 0 35 10
a 638 616 0 28 5
a 640 523 0 46 10
a 640 410 0 37 3
a 640 26 0 13 9
a 640 348 0 12 5
a 640 577 0 5 4
a 641 714 0 46 4
a 641 279 0 15 8
a 641 956 0 44 4
a 641 319 0 25 2
a 641 241 0 30 4
a 641 67 0 17 3
a 644 169 0 46 8
a 644 683 0 30 8
a 644 935 0 39 10
a 644 267 0 23 8
a 644 869 0 10 7
a 644 395 0 1 4
a 645 977 0 46 8
a 645 302 0 11 7
a 645 4 0 9 6
a 645 949 0 49 2
a 647 396 0 46 4
a 647 836 0 0 8
a 647 713 0 19 5
a 647 611 0 33 8
a 647 774 0 27 2
a 649 377 0 46 5
a 649 561 0 34 1
a 649 602 0 34 3
a 650 849 0 46 6
a 650 30 0 9 9
a 650 397 0 33 4
a 650 680 0 11 5
a 650 298 0 44 7
a 650 291 0 44 10
a 652 249 0 46 2
a 652 121 0 8 10
a 655 314 0 46 8
a 655 10 0 8 3
a 655 638 0 36 1
a 657 625 0 46 10
a 657 179 0 47 2
a 657 843 0 24 5
a 657 844 0 21 7
a 657 302 0 20 5
a 659 581 0 46 2
a 659 960 0 34 8
a 659 911 0 14 6
a 659 38 0 24 5
a 660 11 0 46 8
a 660 695 0 28 3
a 660 191 0 30 4
a 660 995 0 0 4
a 660 947 0 19 9
a 661 386 0 46 3
a 661 128 0 26 8
a 661 389 0 24 10
a 661 390 0 32 6
a 661 637 0 17 7
a 668 183 0 46 4
a 668 522 0 43 5
a 668 255 0 13 3
a 669 704 0 46 9
a 669 713 0 7 7
a 671 605 0 46 8
a 671 206 0 9 4
a 671 274 0 30 8
a 671 874 0 31 8
a 675 311 0 46 5
a 675 298 0 48 4
a 675 283 0 32 5
a 675 370 0 20 6
a 675 969 0 41 9
a 675 591 0 9 2
a 677 505 0 46 7
a 677 881 0 21 7
a 677 393 0 1 3
a 678 144 0 46 2
a 678 664 0 38 10
a 678 773 0 30 9
a 680 879 0 46 5
a 680 713 0 50 3
a 680 67 0 36 1
a 681 705 0 46 2
a 681 527 0 44 3
a 681 267 0 23 2
a 681 421 0 5 7
a 681 235 0 22 3
a 682 688 0 46 1
a 682 786 0 49 9
a 682 964 0 39 6
a 683 791 0 46 3
a 683 388 0 11 9
a 683 347 0 7 9
a 684 861 0 46 5
a 684 830 0 17 9
a 684 73 0 48 9
a 684 65 0 14 8
a 684 645 0 10 10
a 684 30 0 19 9
a 687 909 0 46 2
a 687 37 0 9 7
a 688 529 0 46 1
a 688 498 0 17 10
a 690 622 0 46 9
a 690 314 0 25 7
a 690 340 0 35 3
a 690 999 0 24 6
a 690 957 0 5 1
a 690 51 0 27 1
a 691 112 0 46 9
a 691 765 0 16 9
a 691 884 0 5 10
a 691 183 0 49 10
a 691 157 0 15 3
a 691 465 0 22 9
a 692 441 0 46 10
a 692 85 0 22 9
a 692 885 0 18 7
a 694 792 0 46 8
a 694 368 0 40 7
a 695 684 0 46 8
a 695 531 0 16 3
a 697 780 0 46 4
a 697 797 0 20 10
a 697 462 0 9 9
a 697 863 0 12 5
a 698 380 0 46 6
a 698 221 0 16 10
a 700 730 0 46 4
a 700 166 0 37 8
a 700 588 0 13 5
a 701 485 0 46 7
a 701 60 0 42 2
a 701 299 0 3 1
a 701 839 0 25 7
a 704 741 0 46 10
a 704 918 0 39 6
a 705 248 0 46 5
a 705 958 0 7 2
a 705 619 0 29 10
a 705 815 0 26 4
a 705 299 0 47 2
a 706 535 0 46 1
a 706 637 0 38 9
a 706 3 0 10 2
a 706 621 0 49 1
a 707 203 0 46 1
a 707 677 0 32 5
a 707 43 0 5 1
a 707 7 0 17 8
a 707 502 0 44 1
a 708 279 0 46 5
a 708 772 0 19 4
a 709 627 0 46 9
a 709 668 0 0 6
a 709 544 0 49 7
a 709 708 0 37 6
a 709 710 0 46 7
a 712 812 0 46 5
a 712 796 0 48 5
a 712 136 0 26 10
a 713 238 0 46 3
a 713 730 0 39 9
a 713 101 0 30 1
a 714 727 0 46 8
a 714 479 0 30 10
a 714 40 0 1 6
a 716 776 0 46 2
a 716 127 0 5 2
a 717 863 0 46 6
a 717 305 0 45 4
a 717 831 0 10 4
a 717 429 0 15 1
a 718 239 0 46 8
a 718 369 0 19 10
a 718 468 0 14 2
a 723 140 0 46 6
a 723 334 0 11 5
a 723 218 0 20 8
a 724 985 0 46 8
a 724 326 0 41 7
a 724 667 0 42 8
a 724 87 0 6 5
a 724 809 0 47 6
a 724 435 0 22 4
a 727 687 0 46 4
a 727 484 0 29 9
a 727 69 0 33 4
a 730 82 0 46 4
a 730 856 0 41 6
a 730 785 0 40 7
a 734 540 0 46 1
a 734 894 0 46 4
a 734 372 0 44 10
a 734 652 0 20 6
a 736 194 0 46 6
a 736 583 0 50 6
a 736 778 0 21 1
a 736 740 0 26 1
a 738 338 0 46 6
a 738 160 0 17 2
a 740 887 0 46 5
a 740 168 0 33 5
a 740 516 0 31 1
a 740 901 0 14 3
a 741 890 0 46 8
a 741 687 0 42 7
a 741 19 0 24 1
a 741 245 0 42 9
a 741 792 0 28 6
a 742 993 0 46 4
a 742 156 0 39 8
a 742 501 0 2 4
a 742 566 0 37 5
a 742 629 0 2 5
a 746 20 0 46 8
a 746 820 0 10 8
a 746 623 0 17 1
a 746 741 0 11 3
a 746 175 0 19 7
a 746 659 0 24 6
a 747 742 0 46 10
a 747 308 0 22 5
a 747 462 0 19 7
a 748 926 0 46 5
a 748 632 0 14 8
a 750 307 0 46 6
a 750 389 0 18 10
a 750 848 0 36 5
a 750 34 0 43 6
a 754 87 0 46 5
a 754 175 0 17 3
a 754 749 0 39 1
a 757 368 0 46 2
a 757 550 0 24 1
a 757 518 0 9 10
a 757 896 0 34 6
a 757 653 0 14 6
a 757 552 0 10 5
a 759 337 0 46 7
a 759 319 0 26 4
a 759 161 0 13 7
a 759 665 0 46 3
a 759 755 0 38 5
a 760 591 0 46 3
a 760 934 0 44 4
a 760 116 0 14 1
a 761 808 0 46 4
a 761 706 0 23 4
a 761 997 0 12 5
a 761 353 0 24 3
a 762 487 0 46 3
a 762 813 0 28 6
a 762 9 0 39 10
a 764 593 0 46 5
a 764 655 0 10 2
a 764 410 0 32 9
a 764 755 0 4 8
a 765 111 0 46 6
a 765 798 0 41 6
a 765 487 0 0 9
a 765 521 0 6 9
a 766 302 0 46 10
a 766 463 0 50 9
a 766 214 0 37 5
a 766 416 0 29 1
a 770 143 0 46 10
a 770 19 0 15 2
a 770 819 0 43 5
a 770 257 0 36 8
a 770 818 0 4 2
a 770 620 0 44 3
a 771 572 0 46 10
a 771 715 0 44 2
a 771 174 0 12 6
a 771 253 0 29 8
a 774 185 0 46 2
a 774 671 0 0 2
a 774 862 0 4 6
a 775 515 0 46 2
a 775 630 0 37 4
a 775 653 0 6 2
a 775 807 0 35 2
a 775 584 0 2 1
a 775 993 0 12 6
a 776 942 0 46 8
a 776 237 0 2 8
a 776 876 0 49 4
a 776 131 0 12 7
a 776 379 0 3 10
a 779 943 0 46 8
a 779 201 0 33 2
a 779 928 0 31 8
a 779 423 0 23 10
a 779 269 0 30 7
a 780 825 0 46 1
a 780 180 0 34 10
a 784 182 0 46 9
a 784 463 0 1 5
a 784 374 0 28 3
a 784 958 0 5 6
a 784 933 0 44 8
a 784 646 0 45 7
a 787 630 0 46 6
a 787 346 0 7 6
a 787 438 0 49 6
a 787 361 0 34 1
a 787 725 0 35 6
a 788 775 0 46 6
a 788 185 0 16 8
a 788 525 0 10 4
a 788 519 0 22 7
a 788 956 0 4 5
a 789 553 0 46 2
a 789 16 0 9 1
a 789 991 0 3 9
a 789 840 0 25 3
a 789 261 0 24 7
a 791 561 0 46 6
a 791 424 0 34 4
a 791 154 0 17 10
a 791 343 0 44 4
a 792 893 0 46 7
a 792 805 0 43 6
a 793 650 0 46 1
a 793 409 0 21 4
a 793 361 0 1 5
a 794 243 0 46 8
a 794 613 0 4 8
a 794 221 0 37 3
a 795 716 0 46 3
a 795 152 0 1 3
a 795 781 0 10 10
a 795 370 0 24 1
a 795 474 0 26 5
a 795 456 0 23 7
a 798 372 0 46 7
a 798 617 0 41 6
a 798 550 0 25 5
a 798 690 0 27 7
a 799 486 0 46 1
a 799 406 0 35 3
a 799 901 0 47 7
a 805 814 0 46 2
a 805 200 0 20 5
a 805 777 0 47 1
a 807 259 0 46 6
a 807 97 0 47 2
a 807 730 0 40 6
a 807 783 0 22 2
a 808 362 0 46 1
a 808 578 0 28 7
a 808 594 0 10 6
a 808 218 0 29 9
a 810 615 0 46 3
a 810 403 0 9 4
a 810 19 0 5 2
a 810 3 0 6 8
a 810 445 0 11 2
a 810 98 0 18 3
a 811 931 0 46 2
a 811 18 0 19 9
a 811 982 0 17 4
a 811 521 0 49 6
a 811 690 0 15 9
a 812 641 0 46 5
a 812 155 0 9 6
a 812 3 0 19 5
a 812 703 0 35 8
a 812 523 0 47 8
a 813 748 0 46 6
a 813 48 0 9 7
a 813 265 0 38 2
a 813 277 0 35 1
a 813 77 0 34 2
a 813 382 0 39 8
a 814 507 0 46 5
a 814 65 0 29 6
a 814 432 0 15 1
a 814 408 0 23 4
a 814 300 0 1 7
a 814 401 0 48 6
a 815 901 0 46 8
a 815 173 0 37 4
a 815 428 0 31 2
a 819 807 0 46 10
a 819 69 0 19 6
a 819 92 0 2 4
a 820 590 0 46 6
a 820 307 0 39 6
a 821 841 0 46 9
a 821 370 0 50 6
a 821 47 0 37 9
a 821 602 0 15 5
a 824 465 0 46 1
a 824 62 0 23 2
a 825 747 0 46 7
a 825 633 0 19 7
a 825 411 0 12 9
a 825 385 0 33 5
a 825 569 0 15 9
a 827 549 0 46 7
a 827 509 0 43 2
a 829 204 0 46 9
a 829 990 0 35 9
a 829 350 0 13 7
a 831 602 0 46 8
a 831 668 0 45 4
a 831 327 0 13 1
a 831 730 0 8 3
a 831 62 0 48 2
a 832 936 0 46 2
a 832 136 0 18 9
a 832 465 0 28 3
a 833 827 0 46 7
a 833 339 0 33 3
a 833 648 0 0 5
a 833 682 0 18 8
a 833 393 0 1 5
a 833 681 0 23 10
a 835 339 0 46 7
a 835 631 0 23 9
a 835 481 0 32 2
a 835 422 0 14 3
a 835 373 0 12 7
a 839 252 0 46 10
a 839 112 0 44 3
a 841 766 0 46 9
a 841 688 0 46 2
a 845 383 0 46 10
a 845 651 0 37 9
a 845 366 0 18 1
a 845 527 0 8 3
a 845 266 0 34 6
a 847 956 0 46 2
a 847 219 0 25 4
a 847 54 0 15 7
a 847 837 0 6 2
a 848 421 0 46 4
a 848 224 0 35 7
a 848 578 0 6 4
a 848 637 0 16 9
a 849 652 0 46 4
a 849 44 0 21 1
a 849 33 0 24 8
a 849 930 0 20 10
a 849 565 0 33 5
a 851 99 0 46 3
a 851 424 0 12 7
a 851 981 0 45 1
a 851 514 0 48 5
a 852 989 0 46 6
a 852 838 0 15 2
a 852 887 0 49 7
a 852 917 0 38 6
a 852 24 0 29 9
a 855 217 0 46 9
a 855 149 0 30 5
a 855 637 0 29 4
a 855 331 0 35 8
a 857 973 0 46 10
a 857 333 0 9 9
a 857 118 0 47 5
a 857 133 0 11 1
a 857 630 0 29 3
a 857 115 0 23 7
a 859 528 0 46 4
a 859 686 0 20 4
a 859 180 0 5 3
a 861 974 0 46 7
a 861 596 0 11 5
a 862 660 0 46 7
a 862 985 0 2 9
a 862 327 0 34 3
a 863 471 0 46 5
a 863 893 0 40 8
a 863 846 0 25 6
a 866 963 0 46 3
a 866 836 0 7 3
a 868 155 0 46 7
a 868 863 0 26 1
a 868 592 0 0 9
a 874 855 0 46 6
a 874 789 0 49 10
a 874 301 0 43 1
a 877 47 0 46 2
a 877 316 0 41 9
a 877 38 0 17 2
a 877 711 0 17 3
a 877 296 0 18 9
a 877 847 0 12 10
a 879 207 0 46 5
a 879 197 0 14 4
a 879 234 0 26 8
a 879 610 0 40 1
a 879 345 0 23 4
a 882 962 0 46 5
a 882 468 0 25 9
a 882 928 0 22 5
a 882 476 0 36 2
a 882 111 0 5 1
a 885 896 0 46 1
a 885 365 0 12 4
a 885 603 0 46 9
a 887 446 0 46 6
a 887 513 0 18 7
a 887 220 0 0 4
a 887 508 0 24 6
a 887 92 0 43 5
a 887 40 0 5 4
a 890 847 0 46 8
a 890 573 0 35 2
a 890 991 0 10 2
a 893 261 0 46 10
a 893 646 0 5 4
a 893 132 0 24 3
a 893 434 0 18 10
a 893 194 0 50 2
a 893 128 0 12 8
a 896 447 0 46 1
a 896 718 0 45 2
a 896 907 0 15 8
a 896 56 0 49 1
a 898 457 0 46 7
a 898 43 0 43 7
a 898 288 0 28 4
a 898 507 0 48 1
a 900 62 0 46 5
a 900 323 0 14 1
a 900 846 0 32 9
a 900 835 0 4 5
a 900 155 0 32 6
a 901 905 0 46 5
a 901 858 0 1 3
a 901 37 0 2 7
a 905 385 0 46 1
a 905 805 0 14 6
a 905 995 0 22 10
a 905 846 0 3 6
a 906 31 0 46 6
a 906 42 0 11 6
a 906 688 0 34 9
a 907 638 0 46 2
a 907 573 0 20 4
a 907 930 0 44 3
a 907 811 0 23 6
a 907 651 0 12 10
a 909 384 0 46 7
a 909 317 0 2 3
a 909 16 0 11 5
a 910 28 0 46 10
a 910 857 0 12 2
a 910 874 0 3 3
a 911 996 0 46 8
a 911 164 0 46 2
a 911 766 0 17 7
a 911 689 0 24 7
a 911 915 0 32 3
a 914 831 0 46 7
a 914 352 0 48 5
a 914 13 0 18 2
a 914 221 0 2 4
a 914 590 0 10 1
a 915 738 0 46 4
a 915 562 0 31 9
a 917 793 0 46 4
a 917 548 0 37 6
a 917 306 0 29 3
a 917 880 0 29 9
a 917 642 0 14 9
a 918 981 0 46 4
a 918 831 0 41 10
a 918 278 0 4 1
a 918 400 0 8 8
a 918 345 0 45 4
a 919 824 0 46 4
a 919 816 0 38 2
a 919 764 0 45 9
a 919 350 0 25 9
a 919 368 0 26 8
a 924 770 0 46 1
a 924 622 0 40 4
a 924 258 0 20 4
a 926 762 0 46 1
a 926 742 0 35 8
a 927 30 0 46 3
a 927 73 0 23 8
a 928 21 0 46 8
a 928 635 0 35 5
a 928 193 0 26 6
a 928 144 0 40 10
a 929 407 0 46 1
a 929 940 0 2 2
a 929 238 0 6 10
a 929 245 0 0 7
a 931 698 0 46 10
a 931 767 0 25 9
a 931 406 0 23 8
a 932 595 0 46 5
a 932 607 0 34 10
a 936 191 0 46 6
a 936 477 0 5 7
a 936 190 0 17 4
a 937 366 0 46 5
a 937 254 0 20 9
a 938 113 0 46 3
a 938 802 0 40 8
a 941 911 0 46 5
a 941 680 0 17 4
a 941 35 0 49 8
a 941 575 0 22 5
a 942 156 0 46 8
a 942 450 0 8 2
a 942 183 0 3 8
a 942 714 0 16 2
a 943 682 0 46 5
a 943 837 0 24 8
a 943 330 0 22 7
a 945 410 0 46 3
a 945 950 0 29 1
a 945 629 0 46 3
a 945 131 0 10 1
a 946 848 0 46 7
a 946 595 0 26 4
a 948 851 0 46 5
a 948 234 0 15 4
a 948 229 0 36 8
a 948 933 0 31 5
a 948 169 0 4 10
a 948 558 0 11 5
a 951 173 0 46 10
a 951 266 0 20 5
a 951 113 0 28 2
a 951 210 0 7 3
a 951 95 0 11 3
a 951 578 0 40 1
a 953 900 0 46 4
a 953 320 0 6 5
a 953 999 0 44 5
a 953 270 0 50 7
a 956 7 0 46 2
a 956 62 0 37 1
a 956 306 0 38 1
a 956 909 0 18 10
a 956 343 0 26 3
a 956 89 0 39 8
a 957 134 0 46 9
a 957 148 0 40 1
a 957 883 0 29 7
a 957 647 0 31 2
a 957 980 0 5 2
a 958 353 0 46 3
a 958 242 0 43 1
a 958 827 0 37 6
a 959 623 0 46 6
a 959 589 0 39 2
a 959 283 0 20 5
a 959 814 0 6 9
a 959 684 0 40 2
a 959 402 0 18 1
a 962 500 0 46 8
a 962 939 0 6 1
a 962 204 0 48 4
a 962 35 0 18 9
a 963 231 0 46 3
a 963 84 0 19 2
a 963 320 0 44 9
a 963 5 0 19 4
a 964 29 0 46 8
a 964 70 0 39 5
a 964 50 0 38 1
a 966 116 0 46 6
a 966 123 0 39 10
a 966 825 0 11 2
a 966 307 0 23 7
a 969 821 0 46 8
a 969 296 0 12 9
a 969 689 0 14 2
a 969 74 0 39 6
a 969 780 0 34 2
a 969 494 0 5 10
a 973 619 0 46 10
a 973 609 0 46 4
a 974 759 0 46 9
a 974 662 0 15 3
a 974 484 0 1 1
a 974 658 0 43 9
a 974 193 0 31 6
a 977 340 0 46 10
a 977 562 0 24 8
a 977 443 0 35 1
a 977 446 0 42 3
a 977 823 0 9 8
a 977 572 0 46 5
a 981 86 0 46 3
a 981 609 0 20 10
a 981 733 0 44 5
a 982 957 0 46 5
a 982 857 0 21 1
a 982 825 0 0 6
a 982 962 0 48 9
a 985 877 0 46 3
a 985 993 0 17 1
a 985 989 0 10 5
a 985 222 0 25 6
a 985 88 0 2 6
a 989 644 0 46 10
a 989 515 0 46 10
a 989 393 0 26 7
a 991 760 0 46 6
a 991 462 0 35 4
a 991 651 0 50 7
a 991 84 0 32 4
a 991 1000 0 26 6
a 991 700 0 35 8
a 992 494 0 46 8
a 992 377 0 11 6
a 993 186 0 46 6
a 993 288 0 21 3
a 993 13 0 33 5
a 993 730 0 2 7
a 993 485 0 38 6
a 993 398 0 49 5
a 994 624 0 46 6
a 994 704 0 50 5
a 995 331 0 46 4
a 995 193 0 27 9
a 995 329 0 35 7
a 995 105 0 33 5
a 995 261 0 22 4
a 995 16 0 4 1
a 996 435 0 46 6
a 996 354 0 7 9
a 996 457 0 36 1
a 996 618 0 0 3
a 996 941 0 22 10
a 996 720 0 6 2
a 997 636 0 46 2
a 997 354 0 7 2
a 2 84 0 4 4
a 2 882 0 44 10
a 2 797 0 28 6
a 2 30 0 13 1
a 2 896 0 50 5
a 3 323 0 4 6
a 3 758 0 39 10
a 3 594 0 49 9
a 3 188 0 9 7
a 3 811 0 45 9
a 4 648 0 4 1
a 4 48 0 5 7
a 4 437 0 4 9
a 4 333 0 45 7
a 5 133 0 4 3
a 5 422 0 31 5
a 8 895 0 4 5
a 8 169 0 35 1
a 8 535 0 31 4
a 8 374 0 15 2
a 8 644 0 28 8
a 8 168 0 46 2
a 15 663 0 4 4
a 15 217 0 48 7
a 15 277 0 7 10
a 15 816 0 49 1
a 15 112 0 11 9
a 17 651 0 4 1
a 17 208 0 37 3
a 22 181 0 4 2
a 22 743 0 49 5
a 22 277 0 33 6
a 22 813 0 40 10
a 22 62 0 22 10
a 23 449 0 4 10
a 23 327 0 2 2
a 23 626 0 46 6
a 24 616 0 4 5
a 24 721 0 40 4
a 24 563 0 24 8
a 24 475 0 3 10
a 24 341 0 32 2
a 26 335 0 4 4
a 26 61 0 50 1
a 26 183 0 31 9
a 27 579 0 4 10
a 27 182 0 12 2
a 33 37 0 4 8
a 33 406 0 3 10
a 33 948 0 16 10
a 33 67 0 39 6
a 34 592 0 4 5
a 34 740 0 26 10
a 34 554 0 49 6
a 34 429 0 33 9
a 35 618 0 4 2
a 35 215 0 27 9
a 37 34 0 4 2
a 37 500 0 40 1
a 37 690 0 12 9
a 38 168 0 4 6
a 38 111 0 41 3
a 38 821 0 9 3
a 38 419 0 31 4
a 38 691 0 12 7
a 39 611 0 4 7
a 39 786 0 50 4
a 39 709 0 12 2
a 39 667 0 38 3
a 39 220 0 10 9
a 39 1000 0 40 1
a 41 68 0 4 8
a 41 733 0 16 4
a 41 762 0 4 8
a 41 837 0 35 8
a 41 856 0 37 6
a 41 140 0 0 9
a 42 875 0 4 1
a 42 305 0 25 5
a 42 428 0 45 10
a 42 994 0 3 1
a 42 733 0 42 9
a 42 517 0 40 10
a 46 293 0 4 8
a 46 3 0 11 5
a 46 750 0 0 7
a 48 459 0 4 8
a 48 591 0 13 10
a 48 40 0 34 3
a 51 743 0 4 4
a 51 99 0 27 4
a 51 712 0 18 4
a 51 721 0 22 5
a 52 345 0 4 4
a 52 724 0 6 3
a 52 351 0 1 2
a 52 287 0 16 5
a 53 184 0 4 8
a 53 947 0 41 3
a 54 728 0 4 5
a 54 517 0 23 5
a 54 86 0 2 4
a 54 495 0 43 2
a 55 804 0 4 10
a 55 913 0 18 6
a 55 294 0 20 7
a 55 690 0 41 7
a 55 663 0 8 3
a 55 879 0 29 7
a 57 232 0 4 9
a 57 69 0 11 10
a 57 148 0 4 1
a 57 558 0 45 9
a 58 313 0 4 4
a 58 636 0 50 8
a 59 696 0 4 4
a 59 6 0 37 3
a 59 305 0 33 9
a 59 830 0 40 2
a 59 429 0 40 9
a 59 319 0 25 10
a 60 437 0 4 7
a 60 177 0 1 7
a 60 20 0 9 7
a 60 205 0 37 2
a 60 268 0 27 10
a 61 551 0 4 6
a 61 673 0 21 9
a 63 403 0 4 10
a 63 788 0 30 2
a 63 348 0 39 7
a 65 333 0 4 6
a 65 976 0 23 9
a 65 997 0 10 2
a 65 138 0 21 8
a 66 790 0 4 6
a 66 462 0 7 5
a 66 211 0 4 5
a 66 628 0 39 2
a 66 147 0 24 9
a 66 814 0 25 10
a 67 589 0 4 8
a 67 597 0 50 2
a 68 292 0 4 8
a 68 190 0 3 9
a 68 596 0 40 5
a 68 256 0 17 6
a 69 719 0 4 1
a 69 619 0 6 3
a 69 846 0 12 9
a 69 656 0 47 2
a 71 884 0 4 10
a 71 636 0 35 7
a 71 45 0 24 7
a 71 340 0 11 5
a 71 406 0 13 2
a 72 61 0 4 5
a 72 86 0 17 5
a 76 711 0 4 7
a 76 726 0 47 9
a 76 38 0 8 7
a 76 550 0 15 6
a 77 411 0 4 3
a 77 751 0 13 4
a 77 323 0 1 2
a 77 394 0 40 10
a 77 705 0 33 8
a 77 377 0 36 8
a 78 136 0 4 7
a 78 792 0 33 3
a 78 524 0 33 10
a 78 302 0 11 10
a 78 898 0 8 1
a 78 371 0 46 5
a 79 126 0 4 8
a 79 971 0 24 8
a 79 788 0 38 1
a 79 207 0 5 2
a 79 970 0 31 7
a 80 274 0 4 10
a 80 461 0 2 6
a 80 712 0 9 9
a 80 983 0 23 4
a 80 753 0 35 5
a 81 488 0 4 1
a 81 559 0 40 8
a 81 795 0 7 1
a 81 598 0 44 6
a 81 884 0 47 7
a 83 870 0 4 8
a 83 614 0 47 3
a 83 528 0 28 2
a 83 188 0 47 4
a 84 925 0 4 6
a 84 798 0 12 2
a 85 899 0 4 3
a 85 418 0 3 8
a 85 569 0 47 5
a 85 906 0 9 9
a 85 335 0 27 8
a 89 483 0 4 1
a 89 632 0 30 3
a 89 151 0 43 5
a 89 979 0 27 9
a 89 987 0 6 10
a 89 992 0 8 9
a 90 55 0 4 10
a 90 88 0 44 9
a 90 393 0 38 8
a 90 879 0 11 8
a 91 300 0 4 6
a 91 405 0 38 3
a 91 646 0 49 3
a 91 849 0 49 7
a 92 912 0 4 9
a 92 223 0 42 7
a 92 816 0 14 9
a 92 480 0 17 8
a 92 982 0 49 4
a 95 732 0 4 7
a 95 606 0 28 4
a 95 756 0 0 5
a 96 783 0 4 7
a 96 701 0 3 2
a 96 669 0 1 5
a 96 603 0 30 4
a 97 214 0 4 2
a 97 701 0 46 7
a 97 347 0 6 5
a 97 963 0 18 8
a 97 4 0 49 9
a 97 888 0 27 9
a 100 230 0 4 1
a 100 744 0 34 8
a 100 249 0 22 5
a 100 947 0 30 4
a 100 615 0 44 3
a 100 20 0 0 5
a 101 51 0 4 3
a 101 544 0 15 5
a 101 568 0 22 8
a 102 542 0 4 6
a 102 938 0 4 9
a 102 473 0 0 8
a 102 51 0 1 2
a 102 12 0 2 9
a 104 934 0 4 9
a 104 334 0 7 6
a 104 812 0 23 6
a 104 157 0 4 5
a 104 18 0 7 6
a 104 547 0 36 8
a 108 872 0 4 7
a 108 404 0 16 3
a 108 947 0 43 4
a 110 858 0 4 4
a 110 809 0 11 3
a 110 37 0 28 1
a 114 275 0 4 9
a 114 340 0 0 7
a 114 784 0 35 9
a 114 146 0 44 6
a 117 392 0 4 1
a 117 946 0 37 3
a 117 844 0 43 1
a 117 794 0 36 7
a 119 952 0 4 8
a 119 10 0 23 9
a 121 361 0 4 4
a 121 828 0 26 6
a 121 297 0 20 9
a 121 207 0 38 5
a 121 329 0 34 5
a 122 828 0 4 10
a 122 144 0 26 7
a 122 545 0 11 7
a 122 912 0 40 8
a 123 280 0 4 4
a 123 320 0 44 10
a 123 28 0 39 3
a 123 438 0 32 6
a 123 879 0 20 5
a 123 800 0 16 7
a 125 256 0 4 9
a 125 328 0 7 8
a 125 324 0 18 10
a 125 453 0 22 3
a 126 782 0 4 3
a 126 253 0 47 3
a 127 886 0 4 3
a 127 641 0 49 4
a 127 816 0 14 1
a 127 279 0 11 1
a 128 737 0 4 7
a 128 404 0 5 1
a 128 708 0 31 6
a 129 539 0 4 6
a 129 803 0 33 6
a 129 94 0 44 5
a 129 511 0 7 7
a 129 68 0 38 7
a 130 284 0 4 3
a 130 28 0 18 5
a 130 449 0 3 5
a 130 127 0 41 10
a 132 41 0 4 4
a 132 931 0 24 10
a 132 850 0 13 3
a 132 775 0 12 7
a 132 198 0 47 9
a 133 470 0 4 1
a 133 444 0 24 10
a 133 801 0 22 5
a 133 861 0 21 6
a 133 834 0 36 8
a 136 490 0 4 1
a 136 774 0 27 10
a 136 218 0 2 2
a 137 521 0 4 7
a 137 407 0 16 7
a 137 967 0 25 10
a 137 936 0 49 4
a 137 708 0 11 6
a 137 863 0 21 6
a 138 167 0 4 3
a 138 66 0 12 8
a 138 580 0 25 10
a 138 508 0 10 10
a 138 920 0 14 4
a 141 834 0 4 2
a 141 698 0 33 9
a 141 88 0 2 7
a 145 48 0 4 7
a 145 220 0 18 10
a 145 624 0 46 2
a 145 296 0 11 10
a 146 889 0 4 8
a 146 668 0 21 1
a 146 263 0 26 5
a 146 594 0 15 9
a 147 354 0 4 5
a 147 778 0 5 6
a 147 791 0 13 10
a 147 369 0 39 2
a 148 321 0 4 2
a 148 38 0 40 7
a 151 818 0 4 10
a 151 540 0 38 2
a 151 637 0 12 10
a 151 469 0 20 3
a 151 277 0 31 9
a 152 277 0 4 2
a 152 291 0 23 8
a 152 566 0 7 3
a 152 100 0 8 2
a 152 446 0 24 10
a 152 142 0 24 10
a 158 850 0 4 10
a 158 562 0 46 1
a 158 19 0 1 9
a 159 365 0 4 5
a 159 475 0 17 9
a 159 507 0 43 9
a 159 593 0 1 9
a 159 359 0 28 3
a 161 442 0 4 6
a 161 572 0 21 4
a 161 394 0 3 9
a 163 78 0 4 9
a 163 709 0 1 2
a 167 972 0 4 9
a 167 655 0 46 10
a 167 418 0 43 2
a 168 228 0 4 6
a 168 368 0 17 3
a 170 349 0 4 10
a 170 593 0 50 2
a 170 735 0 15 5
a 170 419 0 13 6
a 170 729 0 31 7
a 171 330 0 4 4
a 171 860 0 31 2
a 171 707 0 38 1
a 172 582 0 4 10
a 172 478 0 1 7
a 172 510 0 21 3
a 172 61 0 2 1
a 172 702 0 35 9
a 174 17 0 4 4
a 174 169 0 39 10
a 174 913 0 39 2
a 174 16 0 2 2
a 175 503 0 4 6
a 175 239 0 25 2
a 175 327 0 2 5
a 175 412 0 50 2
a 176 543 0 4 4
a 176 784 0 14 3
a 176 872 0 31 8
a 176 95 0 25 7
a 176 488 0 33 2
a 177 853 0 4 10
a 177 895 0 43 9
a 177 899 0 39 3
a 178 233 0 4 3
a 178 823 0 3 3
a 178 854 0 10 5
a 179 39 0 4 3
a 179 873 0 43 10
a 180 729 0 4 8
a 180 343 0 38 10
a 180 989 0 27 4
a 180 314 0 23 1
a 180 861 0 23 6
a 181 633 0 4 9
a 181 123 0 48 3
a 181 621 0 11 4
a 184 312 0 4 7
a 184 315 0 45 4
a 184 775 0 4 4
a 184 428 0 33 1
a 189 329 0 4 9
a 189 713 0 28 10
a 189 614 0 49 7
a 189 464 0 24 5
a 190 796 0 4 9
a 190 689 0 39 1
a 190 17 0 32 10
a 195 281 0 4 1
a 195 545 0 43 2
a 198 71 0 4 4
a 198 832 0 12 6
a 198 313 0 4 7
a 199 276 0 4 1
a 199 441 0 15 1
a 199 659 0 37 5
a 199 62 0 48 4
a 202 433 0 4 3
a 202 580 0 47 2
a 205 100 0 4 4
a 205 676 0 39 8
a 205 834 0 6 5
a 206 908 0 4 3
a 206 640 0 1 6
a 206 502 0 34 4
a 206 298 0 34 10
a 206 652 0 20 6
a 208 3 0 4 2
a 208 285 0 33 10
a 208 894 0 37 4
a 208 819 0 42 10
a 208 955 0 4 7
a 209 137 0 4 9
a 209 155 0 44 1
a 209 680 0 13 10
a 210 534 0 4 9
a 210 699 0 20 3
a 210 103 0 15 1
a 210 659 0 29 3
a 213 375 0 4 1
a 213 637 0 28 6
a 213 605 0 26 5
a 214 101 0 4 7
a 214 784 0 44 4
a 214 712 0 22 7
a 214 226 0 20 4
a 220 327 0 4 9
a 220 443 0 10 9
a 220 776 0 29 2
a 220 41 0 15 7
a 220 609 0 1 8
a 220 407 0 28 7
a 222 846 0 4 1
a 222 36 0 34 2
a 223 509 0 4 8
a 223 609 0 10 3
a 223 791 0 18 5
a 223 192 0 24 8
a 225 308 0 4 1
a 225 975 0 38 8
a 225 315 0 14 8
a 225 954 0 45 4
a 225 13 0 35 6
a 225 296 0 38 9
a 227 988 0 4 2
a 227 761 0 45 8
a 227 955 0 14 8
a 227 450 0 39 8
a 227 339 0 38 5
a 227 519 0 50 8
a 228 448 0 4 7
a 228 197 0 38 8
a 230 341 0 4 7
a 230 572 0 34 9
a 230 175 0 38 1
a 230 678 0 0 8
a 230 133 0 38 10
a 232 147 0 4 4
a 232 591 0 6 10
a 233 990 0 4 1
a 233 750 0 35 6
a 241 8 0 4 10
a 241 727 0 43 7
a 241 504 0 47 3
a 246 642 0 4 5
a 246 489 0 25 8
a 246 162 0 38 9
a 246 34 0 45 7
a 246 420 0 50 3
a 250 631 0 4 3
a 250 330 0 25 8
a 250 193 0 32 3
a 250 424 0 15 8
a 250 592 0 6 7
a 251 400 0 4 9
a 251 575 0 0 2
a 251 181 0 30 8
a 251 57 0 43 4
a 254 577 0 4 10
a 254 462 0 46 7
a 254 698 0 10 8
a 254 44 0 43 5
a 254 365 0 15 10
a 254 549 0 32 1
a 256 654 0 4 5
a 256 477 0 50 5
a 256 425 0 3 3
a 256 766 0 7 6
a 256 336 0 21 6
a 257 769 0 4 1
a 257 762 0 36 5
a 257 899 0 5 4
a 257 482 0 22 8
a 258 357 0 4 5
a 258 253 0 22 7
a 258 194 0 6 4
a 258 555 0 1 10
a 260 250 0 4 4
a 260 999 0 4 8
a 260 383 0 14 5
a 262 388 0 4 1
a 262 893 0 15 6
a 262 546 0 26 3
a 262 213 0 39 6
a 262 71 0 31 2
a 263 976 0 4 1
a 263 12 0 24 6
a 263 962 0 17 1
a 263 955 0 9 2
a 263 763 0 24 6
a 269 498 0 4 4
a 269 966 0 35 2
a 269 668 0 4 3
a 269 147 0 33 8
a 269 164 0 15 8
a 272 556 0 4 8
a 272 116 0 10 5
a 274 983 0 4 7
a 274 32 0 9 2
a 275 726 0 4 6
a 275 323 0 38 5
a 275 764 0 22 7
a 276 4 0 4 3
a 276 710 0 19 2
a 276 501 0 37 5
a 277 405 0 4 3
a 277 950 0 45 2
a 277 805 0 43 10
a 277 427 0 35 6
a 277 205 0 15 8
a 280 555 0 4 8
a 280 367 0 13 3
a 280 558 0 20 9
a 280 844 0 37 1
a 280 228 0 50 2
a 280 745 0 24 10
a 281 978 0 4 1
a 281 542 0 33 7
a 281 507 0 39 3
a 281 879 0 46 2
a 282 223 0 4 3
a 282 730 0 46 1
a 282 453 0 15 5
a 282 401 0 35 8
a 282 367 0 47 5
a 282 618 0 14 7
a 284 686 0 4 4
a 284 207 0 31 8
a 284 610 0 3 10
a 284 777 0 14 3
a 284 563 0 26 7
a 289 161 0 4 2
a 289 269 0 3 5
a 289 682 0 9 10
a 289 33 0 1 3
a 289 918 0 32 7
a 289 304 0 9 8
a 291 939 0 4 6
a 291 700 0 23 5
a 291 534 0 17 9
a 292 881 0 4 6
a 292 613 0 41 1
a 293 119 0 4 6
a 293 774 0 22 2
a 293 805 0 43 10
a 295 408 0 4 4
a 295 517 0 44 4
a 295 286 0 7 9
a 295 605 0 6 4
a 295 331 0 29 4
a 295 724 0 27 5
a 298 416 0 4 10
a 298 712 0 4 2
a 298 404 0 44 10
a 300 685 0 4 2
a 300 887 0 50 4
a 300 397 0 0 2
a 300 124 0 16 3
a 300 331 0 43 1
a 300 332 0 17 6
a 301 837 0 4 6
a 301 690 0 21 2
a 301 971 0 42 4
a 301 994 0 24 5
a 301 81 0 32 3
a 301 64 0 29 3
a 303 22 0 4 9
a 303 398 0 32 7
a 303 748 0 21 5
a 303 651 0 39 3
a 303 221 0 39 8
a 303 414 0 32 7
a 308 467 0 4 6
a 308 337 0 24 10
a 308 515 0 4 1
a 308 7 0 39 9
a 310 406 0 4 1
a 310 553 0 30 6
a 312 658 0 4 6
a 312 709 0 16 4
a 312 419 0 33 2
a 312 338 0 48 3
a 312 408 0 12 10
a 313 90 0 4 10
a 313 960 0 10 4
a 313 76 0 24 8
a 313 372 0 34 6
a 316 480 0 4 5
a 316 456 0 2 9
a 316 232 0 46 2
a 316 908 0 22 2
a 316 460 0 10 1
a 319 749 0 4 1
a 319 152 0 43 8
a 320 178 0 4 6
a 320 380 0 35 9
a 320 148 0 26 7
a 321 222 0 4 9
a 321 14 0 2 4
a 321 194 0 0 10
a 321 376 0 35 6
a 321 454 0 40 4
a 321 374 0 27 4
a 322 158 0 4 3
a 322 534 0 37 5
a 322 441 0 38 4
a 323 552 0 4 6
a 323 776 0 40 7
a 324 588 0 4 3
a 324 271 0 26 6
a 324 767 0 35 8
a 324 344 0 49 4
a 324 817 0 3 4
a 324 425 0 21 7
a 326 537 0 4 1
a 326 273 0 15 7
a 326 886 0 44 6
a 326 35 0 21 6
a 326 226 0 25 8
a 326 413 0 45 5
a 327 117 0 4 3
a 327 442 0 34 7
a 327 794 0 30 3
a 327 870 0 8 1
a 328 493 0 4 6
a 328 534 0 9 8
a 328 695 0 15 7
a 328 331 0 42 10
a 328 98 0 15 3
a 329 344 0 4 8
a 329 348 0 38 8
a 329 764 0 24 6
a 329 321 0 36 2
a 329 919 0 28 8
a 330 390 0 4 7
a 330 17 0 2 3
a 330 876 0 50 8
a 332 303 0 4 8
a 332 445 0 6 7
a 332 254 0 23 8
a 332 45 0 27 3
a 333 800 0 4 5
a 333 659 0 42 3
a 335 170 0 4 2
a 335 662 0 40 7
a 335 323 0 46 5
a 336 998 0 4 7
a 336 39 0 47 10
a 336 154 0 24 3
a 336 206 0 44 4
a 341 566 0 4 3
a 341 869 0 5 10
a 342 527 0 4 2
a 342 243 0 15 8
a 342 976 0 37 1
a 342 696 0 36 1
a 342 572 0 16 9
a 343 781 0 4 6
a 343 174 0 24 5
a 343 699 0 39 2
a 343 953 0 34 8
a 343 353 0 38 5
a 344 269 0 4 4
a 344 15 0 43 9
a 344 52 0 3 7
a 344 917 0 21 7
a 344 151 0 37 6
a 344 68 0 14 7
a 345 121 0 4 3
a 345 272 0 26 6
a 345 489 0 31 8
a 345 911 0 11 6
a 347 975 0 4 1
a 347 478 0 35 5
a 347 665 0 23 7
a 347 658 0 26 8
a 347 758 0 41 9
a 348 609 0 4 2
a 348 200 0 48 9
a 348 711 0 8 9
a 348 973 0 28 4
a 349 96 0 4 4
a 349 837 0 23 1
a 349 496 0 10 4
a 349 646 0 39 6
a 349 530 0 17 1
a 350 613 0 4 1
a 350 449 0 43 1
a 350 84 0 19 9
a 350 62 0 39 6
a 351 57 0 4 8
a 351 443 0 24 5
a 351 664 0 20 7
a 351 987 0 42 8
a 351 336 0 35 8
a 352 574 0 4 5
a 352 284 0 44 5
a 352 693 0 15 6
a 352 147 0 35 2
a 352 393 0 9 5
a 352 522 0 11 9
a 354 132 0 4 4
a 354 45 0 18 2
a 354 64 0 17 9
a 354 965 0 4 10
a 354 811 0 5 8
a 354 75 0 44 5
a 357 531 0 4 2
a 357 423 0 14 1
a 357 996 0 29 9
a 357 518 0 28 2
a 357 271 0 19 10
a 357 909 0 6 10
a 358 519 0 4 3
a 358 236 0 18 8
a 358 435 0 25 3
a 358 102 0 40 5
a 360 95 0 4 4
a 360 234 0 33 9
a 360 920 0 25 5
a 360 835 0 45 10
a 360 378 0 4 2
a 361 66 0 4 9
a 361 570 0 21 1
a 361 216 0 47 1
a 361 553 0 45 3
a 361 257 0 8 7
a 361 233 0 34 5
a 364 817 0 4 9
a 364 996 0 29 9
a 365 473 0 4 7
a 365 131 0 18 7
a 365 975 0 23 4
a 365 84 0 21 8
a 365 775 0 37 1
a 367 482 0 4 5
a 367 224 0 36 4
a 367 483 0 42 10
a 369 35 0 4 3
a 369 924 0 43 2
a 369 100 0 49 9
a 369 622 0 33 2
a 373 104 0 4 8
a 373 3 0 8 9
a 373 106 0 5 2
a 373 668 0 4 3
a 373 669 0 21 7
a 373 786 0 22 2
a 375 745 0 4 3
a 375 261 0 31 8
a 375 732 0 50 8
a 378 785 0 4 7
a 378 406 0 13 7
a 378 606 0 3 3
a 378 860 0 5 2
a 378 701 0 3 3
a 378 268 0 36 2
a 381 960 0 4 2
a 381 67 0 25 8
a 381 878 0 26 10
a 381 721 0 0 6
a 381 963 0 7 4
a 388 620 0 4 1
a 388 347 0 32 3
a 388 914 0 28 8
a 388 331 0 41 6
a 389 5 0 4 3
a 389 293 0 30 7
a 389 915 0 12 10
a 390 568 0 4 5
a 390 955 0 38 3
a 392 159 0 4 1
a 392 465 0 37 1
a 392 5 0 50 4
a 392 101 0 38 9
a 392 245 0 39 6
a 393 65 0 4 10
a 393 723 0 1 2
a 393 772 0 29 10
a 393 238 0 40 8
a 393 918 0 49 7
a 394 272 0 4 4
a 394 661 0 44 10
a 394 242 0 25 10
a 394 982 0 27 10
a 394 957 0 34 5
a 397 291 0 4 2
a 397 977 0 34 4
a 397 829 0 28 5
a 397 391 0 3 1
a 400 175 0 4 8
a 400 336 0 43 6
a 401 947 0 4 4
a 401 132 0 20 5
a 401 650 0 0 3
a 401 847 0 21 10
a 401 273 0 43 6
a 402 260 0 4 10
a 402 39 0 6 7
a 403 163 0 4 7
a 403 697 0 42 7
a 403 425 0 23 3
a 403 29 0 13 6
a 405 637 0 4 2
a 405 63 0 31 9
a 405 216 0 5 4
a 406 844 0 4 2
a 406 439 0 32 1
a 406 893 0 48 6
a 408 130 0 4 8
a 408 837 0 6 8
a 408 434 0 0 10
a 408 340 0 6 5
a 408 78 0 38 1
a 408 791 0 14 6
a 409 282 0 4 6
a 409 193 0 36 8
a 409 584 0 4 9
a 409 985 0 40 9
a 409 400 0 0 2
a 411 584 0 4 7
a 411 485 0 49 7
a 411 972 0 38 5
a 412 89 0 4 1
a 412 542 0 27 9
a 412 58 0 8 6
a 412 425 0 6 6
a 412 365 0 8 4
a 412 150 0 38 2
a 416 401 0 4 10
a 416 971 0 8 4
a 417 955 0 4 6
a 417 300 0 12 4
a 417 58 0 45 1
a 424 320 0 4 10
a 424 930 0 3 7
a 424 372 0 0 9
a 424 521 0 40 10
a 424 15 0 48 4
a 425 756 0 4 10
a 425 89 0 47 5
a 425 394 0 33 2
a 425 433 0 10 5
a 425 511 0 16 7
a 425 149 0 3 6
a 427 856 0 4 9
a 427 92 0 18 8
a 427 809 0 37 7
a 427 4 0 14 2
a 427 622 0 27 7
a 427 251 0 33 10
a 429 63 0 4 4
a 429 607 0 41 3
a 432 110 0 4 10
a 432 363 0 21 8
a 432 427 0 1 9
a 432 971 0 22 1
a 432 958 0 50 6
a 433 752 0 4 8
a 433 560 0 42 5
a 433 248 0 29 7
a 437 24 0 4 7
a 437 214 0 41 8
a 437 228 0 31 4
a 438 198 0 4 6
a 438 133 0 48 10
a 438 577 0 40 3
a 438 382 0 5 8
a 438 681 0 2 1
a 438 573 0 37 5
a 440 67 0 4 9
a 440 757 0 18 3
a 440 281 0 30 3
a 440 612 0 19 3
a 440 787 0 14 1
a 442 393 0 4 4
a 442 928 0 31 10
a 442 135 0 24 8
a 442 938 0 38 4
a 444 954 0 4 6
a 444 121 0 40 8
a 448 484 0 4 4
a 448 206 0 10 6
a 449 127 0 4 9
a 449 204 0 39 6
a 449 455 0 2 9
a 449 123 0 30 7
a 449 126 0 41 2
a 454 767 0 4 9
a 454 424 0 21 9
a 454 246 0 20 1
a 454 724 0 4 8
a 454 254 0 16 4
a 455 319 0 4 10
a 455 578 0 7 8
a 455 590 0 0 7
a 456 108 0 4 2
a 456 835 0 4 7
a 456 812 0 8 8
a 458 676 0 4 9
a 458 319 0 4 4
a 458 946 0 24 3
a 459 569 0 4 2
a 459 5 0 36 9
a 459 783 0 16 9
a 459 665 0 28 4
a 460 125 0 4 2
a 460 632 0 19 5
a 460 216 0 40 5
a 460 597 0 1 2
a 461 560 0 4 3
a 461 341 0 46 4
a 461 224 0 47 6
a 461 46 0 49 4
a 463 935 0 4 2
a 463 521 0 16 6
a 463 282 0 10 4
a 463 684 0 44 6
a 463 777 0 7 2
a 464 514 0 4 8
a 464 44 0 45 9
a 464 722 0 21 3
a 464 657 0 8 2
a 464 822 0 39 3
a 464 778 0 24 8
a 467 673 0 4 2
a 467 316 0 46 8
a 467 601 0 26 4
a 467 368 0 24 9
a 467 702 0 9 1
a 468 544 0 4 10
a 468 650 0 42 6
a 468 652 0 33 2
a 468 399 0 19 9
a 470 343 0 4 3
a 470 535 0 18 6
a 473 599 0 4 9
a 473 468 0 33 10
a 473 653 0 49 3
a 473 505 0 11 3
a 475 508 0 4 9
a 475 689 0 0 5
a 477 612 0 4 7
a 477 337 0 41 10
a 477 759 0 29 3
a 477 117 0 17 4
a 477 976 0 6 10
a 477 298 0 44 3
a 478 733 0 4 1
a 478 684 0 48 3
a 479 176 0 4 4
a 479 306 0 41 1
a 479 700 0 7 8
a 479 579 0 45 9
a 479 250 0 0 1
a 480 867 0 4 6
a 480 654 0 6 1
a 480 881 0 4 6
a 481 76 0 4 2
a 481 942 0 39 9
a 481 48 0 22 9
a 481 478 0 7 2
a 481 393 0 7 7
a 481 712 0 12 2
a 482 324 0 4 10
a 482 176 0 30 9
a 483 463 0 4 9
a 483 520 0 7 9
a 483 386 0 8 6
a 483 600 0 27 10
a 483 584 0 39 3
a 484 786 0 4 6
a 484 975 0 35 8
a 488 27 0 4 1
a 488 504 0 2 10
a 488 630 0 23 2
a 488 463 0 24 3
a 490 586 0 4 6
a 490 775 0 41 2
a 490 321 0 33 7
a 490 551 0 5 10
a 490 484 0 23 1
a 491 138 0 4 4
a 491 868 0 29 8
a 491 265 0 4 3
a 492 367 0 4 4
a 492 815 0 22 7
a 492 446 0 21 4
a 492 720 0 50 2
a 493 797 0 4 1
a 493 675 0 9 10
a 493 323 0 18 9
a 493 306 0 25 7
a 493 741 0 37 7
a 495 227 0 4 2
a 495 387 0 18 9
a 495 824 0 23 10
a 495 863 0 22 9
a 496 26 0 4 8
a 496 762 0 21 4
a 496 954 0 28 7
a 496 949 0 18 6
a 496 177 0 37 5
a 498 891 0 4 5
a 498 907 0 41 6
a 498 327 0 6 1
a 498 558 0 29 10
a 498 240 0 26 8
a 498 543 0 30 4
a 501 576 0 4 9
a 501 744 0 20 2
a 503 491 0 4 3
a 503 246 0 26 6
a 506 350 0 4 10
a 506 739 0 31 3
a 506 249 0 21 9
a 508 77 0 4 5
a 508 567 0 6 5
a 508 859 0 34 3
a 508 895 0 6 5
a 509 979 0 4 2
a 509 464 0 9 7
a 511 402 0 4 4
a 511 646 0 7 1
a 511 767 0 41 7
a 511 654 0 43 10
a 514 545 0 4 8
a 514 193 0 22 7
a 514 30 0 16 3
a 514 768 0 12 7
a 514 493 0 10 10
a 519 80 0 4 8
a 519 209 0 49 5
a 519 855 0 31 2
a 519 513 0 0 3
a 519 98 0 11 9
a 520 464 0 4 8
a 520 595 0 8 10
a 520 735 0 32 4
a 521 643 0 4 7
a 521 891 0 18 2
a 521 297 0 1 9
a 521 474 0 23 9
a 521 713 0 47 5
a 522 944 0 4 5
a 522 220 0 9 10
a 524 575 0 4 9
a 524 461 0 10 4
a 524 451 0 26 9
a 524 521 0 36 6
a 526 332 0 4 5
a 526 303 0 38 7
a 526 261 0 31 2
a 526 652 0 40 2
a 527 496 0 4 1
a 527 563 0 32 3
a 531 46 0 4 7
a 531 954 0 42 6
a 531 229 0 40 8
a 531 454 0 35 7
a 531 648 0 49 10
a 533 894 0 4 5
a 533 959 0 21 3
a 533 475 0 41 2
a 533 587 0 1 1
a 533 990 0 24 4
a 533 229 0 25 2
a 534 455 0 4 3
a 534 283 0 6 10
a 534 221 0 18 4
a 534 477 0 28 3
a 534 115 0 48 10
a 536 865 0 4 4
a 536 66 0 4 3
a 537 968 0 4 7
a 537 566 0 5 1
a 537 480 0 16 3
a 538 558 0 4 9
a 538 710 0 31 1
a 538 397 0 13 6
a 538 870 0 28 9
a 539 141 0 4 10
a 539 336 0 46 4
a 539 677 0 2 4
a 539 124 0 44 6
a 541 501 0 4 1
a 541 888 0 5 3
a 541 169 0 37 9
a 541 392 0 47 2
a 541 890 0 42 9
a 541 52 0 18 6
a 542 424 0 4 8
a 542 442 0 35 7
a 542 590 0 30 5
a 542 303 0 16 1
a 542 462 0 31 7
a 542 141 0 28 4
a 543 152 0 4 3
a 543 253 0 3 1
a 544 440 0 4 1
a 544 139 0 17 7
a 544 782 0 42 3
a 545 397 0 4 8
a 545 873 0 28 3
a 545 959 0 8 7
a 545 326 0 21 3
a 545 163 0 47 4
a 545 524 0 0 8
a 546 626 0 4 2
a 546 144 0 38 1
a 548 843 0 4 4
a 548 732 0 1 10
a 548 445 0 38 1
a 548 32 0 47 7
a 548 908 0 14 8
a 548 914 0 36 8
a 551 506 0 4 9
a 551 254 0 30 3
a 552 347 0 4 5
a 552 976 0 49 7
a 552 592 0 27 5
a 555 565 0 4 6
a 555 942 0 13 4
a 556 897 0 4 4
a 556 647 0 4 9
a 557 409 0 4 1
a 557 722 0 24 8
a 557 994 0 13 2
a 557 817 0 18 4
a 557 925 0 35 10
a 558 665 0 4 7
a 558 187 0 2 10
a 560 174 0 4 1
a 560 689 0 6 4
a 560 890 0 14 1
a 562 903 0 4 1
a 562 959 0 44 4
a 562 437 0 5 3
a 562 42 0 11 8
a 564 546 0 4 7
a 564 587 0 46 8
a 564 873 0 23 1
a 564 649 0 16 5
a 565 823 0 4 10
a 565 202 0 9 3
a 565 568 0 50 10
a 566 348 0 4 3
a 566 604 0 42 6
a 566 491 0 31 4
a 566 11 0 12 8
a 567 91 0 4 2
a 567 283 0 31 2
a 568 263 0 4 1
a 568 909 0 7 9
a 568 684 0 32 1
a 568 669 0 23 7
a 568 334 0 6 3
a 569 389 0 4 2
a 569 146 0 50 1
a 569 604 0 23 8
a 569 15 0 44 9
a 570 710 0 4 4
a 570 545 0 8 5
a 570 882 0 20 7
a 570 190 0 3 2
a 574 666 0 4 8
a 574 524 0 5 7
a 575 689 0 4 7
a 575 711 0 44 8
a 575 288 0 46 9
a 575 930 0 7 5
a 575 100 0 23 2
a 575 988 0 2 2
a 576 940 0 4 7
a 576 589 0 2 3
a 576 273 0 49 8
a 576 358 0 2 4
a 576 657 0 39 6
a 577 189 0 4 10
a 577 84 0 26 7
a 577 94 0 22 1
a 577 593 0 3 9
a 579 656 0 4 4
a 579 23 0 15 3
a 579 246 0 31 1
a 579 565 0 26 8
a 582 492 0 4 1
a 582 573 0 27 6
a 582 512 0 22 3
a 582 454 0 29 5
a 583 114 0 4 10
a 583 305 0 46 2
a 583 308 0 21 2
a 583 425 0 48 3
a 584 772 0 4 3
a 584 786 0 42 2
a 586 145 0 4 6
a 586 619 0 30 8
a 586 394 0 11 6
a 586 704 0 12 9
a 587 54 0 4 2
a 587 535 0 10 4
a 587 744 0 38 3
a 587 917 0 18 5
a 588 295 0 4 1
a 588 338 0 28 8
a 588 934 0 37 6
a 588 439 0 8 5
a 588 300 0 2 4
a 588 524 0 21 1
a 589 199 0 4 9
a 589 205 0 13 6
a 589 785 0 37 3
a 589 434 0 3 2
a 589 903 0 27 5
a 589 696 0 26 6
a 592 621 0 4 5
a 592 889 0 41 1
a 592 275 0 48 6
a 592 258 0 18 8
a 592 729 0 43 5
a 592 272 0 6 10
a 598 79 0 4 9
a 598 616 0 17 5
a 598 936 0 46 7
a 599 538 0 4 5
a 599 37 0 12 2
a 600 842 0 4 6
a 600 452 0 34 10
a 600 359 0 15 1
a 600 699 0 7 7
a 600 662 0 49 9
a 600 23 0 10 4
a 601 378 0 4 9
a 601 803 0 17 8
a 604 725 0 4 10
a 604 195 0 43 9
a 608 209 0 4 1
a 608 591 0 27 5
a 608 672 0 44 4
a 608 452 0 34 7
a 608 61 0 15 2
a 609 869 0 4 1
a 609 640 0 14 2
a 609 597 0 18 3
a 610 838 0 4 10
a 610 666 0 47 4
a 610 168 0 9 8
a 611 241 0 4 9
a 611 540 0 2 3
a 611 319 0 38 10
a 611 387 0 22 10
a 611 745 0 41 8
a 612 148 0 4 1
a 612 109 0 21 3
a 612 435 0 3 9
a 612 57 0 15 10
a 612 652 0 33 1
a 612 46 0 3 9
a 613 984 0 4 9
a 613 745 0 22 10
a 613 241 0 28 6
a 614 980 0 4 5
a 614 495 0 34 10
a 614 176 0 16 2
a 614 40 0 34 8
a 614 265 0 44 8
a 616 902 0 4 4
a 616 791 0 34 1
a 616 62 0 1 4
a 616 66 0 5 3
a 618 604 0 4 2
a 618 457 0 38 1
a 618 893 0 4 2
a 618 851 0 41 3
a 620 351 0 4 10
a 620 450 0 10 7
a 620 488 0 11 5
a 621 481 0 4 10
a 621 592 0 9 8
a 621 827 0 3 4
a 621 304 0 11 6
a 626 987 0 4 8
a 626 811 0 20 10
a 626 385 0 1 3
a 626 641 0 43 1
a 629 129 0 4 2
a 629 578 0 34 1
a 631 60 0 4 1
a 631 453 0 43 8
a 631 334 0 45 2
a 631 981 0 50 10
a 631 618 0 16 4
a 631 29 0 42 3
a 632 23 0 4 8
a 632 837 0 23 1
a 633 289 0 4 4
a 633 538 0 3 2
a 633 488 0 6 3
a 633 787 0 40 1
a 633 223 0 4 4
a 637 883 0 4 3
a 637 68 0 9 2
a 639 876 0 4 6
a 639 631 0 11 5
a 639 167 0 28 10
a 639 433 0 36 1
a 639 910 0 28 1
a 639 262 0 47 4
a 642 520 0 4 4
a 642 504 0 16 3
a 643 840 0 4 7
a 643 265 0 42 6
a 646 171 0 4 1
a 646 26 0 42 6
a 646 606 0 14 2
a 646 549 0 50 1
a 648 703 0 4 7
a 648 702 0 1 10
a 648 812 0 43 1
a 648 413 0 49 9
a 648 439 0 35 3
a 648 939 0 4 2
a 651 59 0 4 9
a 651 514 0 5 4
a 651 772 0 50 8
a 651 7 0 35 7
a 651 423 0 16 7
a 653 394 0 4 1
a 653 720 0 6 6
a 653 42 0 35 1
a 653 541 0 7 4
a 653 11 0 47 5
a 653 514 0 18 7
a 654 664 0 4 2
a 654 44 0 3 5
a 654 921 0 5 2
a 654 437 0 48 8
a 654 362 0 29 8
a 654 406 0 38 9
a 656 97 0 4 2
a 656 917 0 6 1
a 656 698 0 3 2
a 656 21 0 3 10
a 656 102 0 11 1
a 656 753 0 41 2
a 658 225 0 4 5
a 658 575 0 40 5
a 662 322 0 4 7
a 662 118 0 22 6
a 662 872 0 32 10
a 663 526 0 4 9
a 663 324 0 15 4
a 664 42 0 4 2
a 664 635 0 6 4
a 665 878 0 4 10
a 665 336 0 41 4
a 665 183 0 42 1
a 665 213 0 50 2
a 665 141 0 36 5
a 666 254 0 4 3
a 666 762 0 34 3
a 666 590 0 16 3
a 666 236 0 29 10
a 666 553 0 31 4
a 667 950 0 4 6
a 667 693 0 24 6
a 667 255 0 38 10
a 667 238 0 9 1
a 667 509 0 31 4
a 667 657 0 14 9
a 670 806 0 4 8
a 670 515 0 49 2
a 672 427 0 4 9
a 672 217 0 7 7
a 672 734 0 7 1
a 673 880 0 4 7
a 673 844 0 24 10
a 673 796 0 4 3
a 673 663 0 34 10
a 673 478 0 3 1
a 674 836 0 4 7
a 674 151 0 21 5
a 674 902 0 30 9
a 674 956 0 50 5
a 674 162 0 41 4
a 676 190 0 4 7
a 676 545 0 5 6
a 676 743 0 26 4
a 676 451 0 33 7
a 679 262 0 4 9
a 679 687 0 26 4
a 679 785 0 13 2
a 679 393 0 13 5
a 679 648 0 33 7
a 685 751 0 4 8
a 685 197 0 9 6
a 685 414 0 22 7
a 685 361 0 11 2
a 685 835 0 7 7
a 685 51 0 10 7
a 686 888 0 4 6
a 686 587 0 22 3
a 686 569 0 23 9
a 686 148 0 48 1
a 689 610 0 4 4
a 689 480 0 25 3
a 689 129 0 38 1
a 689 318 0 49 5
a 689 431 0 19 4
a 689 269 0 6 5
a 693 970 0 4 9
a 693 472 0 6 6
a 693 277 0 17 7
a 693 878 0 34 8
a 696 639 0 4 2
a 696 642 0 36 3
a 696 613 0 29 9
a 699 860 0 4 8
a 699 630 0 21 4
a 699 758 0 20 8
a 699 643 0 30 10
a 702 548 0 4 7
a 702 319 0 42 7
a 702 590 0 7 2
a 703 801 0 4 1
a 703 387 0 40 2
a 703 880 0 24 5
a 703 193 0 49 8
a 710 524 0 4 1
a 710 234 0 11 5
a 711 310 0 4 4
a 711 121 0 28 8
a 711 231 0 7 8
a 711 382 0 0 9
a 715 202 0 4 4
a 715 181 0 24 3
a 715 382 0 48 10
a 715 877 0 45 9
a 715 114 0 13 6
a 719 933 0 4 6
a 719 851 0 43 4
a 719 302 0 18 10
a 719 182 0 30 3
a 719 768 0 4 1
a 720 871 0 4 4
a 720 423 0 14 9
a 720 942 0 44 1
a 720 842 0 42 7
a 720 506 0 38 10
a 720 487 0 48 4
a 721 417 0 4 5
a 721 906 0 36 3
a 721 637 0 45 9
a 721 336 0 13 10
a 722 425 0 4 6
a 722 909 0 44 10
a 725 662 0 4 5
a 725 951 0 33 1
a 725 191 0 16 3
a 725 130 0 12 1
a 725 134 0 39 4
a 725 728 0 5 10
a 726 986 0 4 5
a 726 147 0 38 9
a 726 165 0 36 2
a 726 111 0 7 9
a 726 215 0 15 2
a 726 278 0 5 7
a 728 533 0 4 9
a 728 444 0 21 6
a 728 143 0 45 2
a 728 14 0 2 2
a 728 578 0 43 5
a 728 431 0 34 2
a 729 971 0 4 5
a 729 825 0 11 3
a 729 594 0 45 9
a 729 882 0 0 2
a 729 726 0 49 4
a 729 670 0 43 1
a 731 83 0 4 7
a 731 598 0 40 7
a 731 42 0 41 1
a 731 595 0 26 9
a 731 367 0 10 8
a 732 429 0 4 9
a 732 154 0 47 6
a 733 562 0 4 8
a 733 936 0 48 9
a 733 622 0 41 6
a 735 809 0 4 4
a 735 745 0 0 8
a 735 497 0 5 3
a 735 365 0 49 8
a 735 712 0 35 9
a 735 60 0 22 7
a 737 693 0 4 8
a 737 540 0 11 8
a 737 634 0 20 6
a 737 755 0 45 1
a 739 33 0 4 3
a 739 674 0 47 1
a 739 669 0 29 1
a 743 913 0 4 1
a 743 256 0 43 3
a 743 99 0 20 6
a 743 108 0 35 6
a 744 477 0 4 8
a 744 209 0 32 4
a 744 883 0 25 1
a 744 963 0 11 4
a 744 766 0 47 1
a 745 298 0 4 4
a 745 3 0 43 9
a 745 92 0 22 4
a 749 768 0 4 7
a 749 381 0 39 8
a 749 618 0 14 8
a 751 923 0 4 6
a 751 732 0 31 7
a 751 306 0 13 9
a 751 858 0 44 1
a 752 778 0 4 1
a 752 789 0 48 9
a 752 664 0 26 8
a 752 343 0 40 10
a 753 758 0 4 9
a 753 556 0 15 8
a 753 600 0 9 5
a 753 817 0 40 3
a 753 298 0 0 4
a 753 489 0 42 3
a 755 458 0 4 8
a 755 300 0 32 5
a 755 404 0 10 4
a 755 882 0 35 5
a 755 269 0 46 7
a 755 446 0 14 5
a 756 670 0 4 3
a 756 307 0 12 5
a 756 39 0 2 6
a 756 120 0 46 1
a 756 130 0 23 3
a 758 444 0 4 9
a 758 320 0 14 4
a 758 382 0 22 8
a 758 904 0 7 8
a 758 797 0 42 9
a 758 858 0 30 7
a 763 632 0 4 4
a 763 216 0 20 2
a 763 433 0 42 3
a 763 197 0 38 7
a 767 629 0 4 2
a 767 939 0 25 10
a 767 248 0 20 9
a 767 937 0 49 2
a 767 541 0 2 10
a 768 601 0 4 9
a 768 568 0 34 4
a 768 903 0 3 5
a 769 352 0 4 3
a 769 199 0 26 7
a 769 418 0 27 4
a 769 294 0 20 5
a 769 563 0 47 2
a 769 727 0 44 4
a 772 721 0 4 1
a 772 519 0 48 1
a 772 525 0 30 7
a 772 169 0 9 2
a 772 639 0 24 4
a 772 805 0 7 9
a 773 614 0 4 5
a 773 943 0 13 10
a 777 495 0 4 4
a 777 540 0 29 10
a 777 829 0 19 4
a 777 307 0 46 9
a 777 340 0 30 9
a 778 102 0 4 6
a 778 722 0 7 7
a 778 360 0 23 4
a 778 90 0 1 3
a 778 825 0 15 6
a 781 536 0 4 10
a 781 533 0 48 6
a 781 760 0 3 7
a 781 924 0 28 10
a 781 41 0 14 6
a 782 646 0 4 5
a 782 268 0 24 1
a 782 788 0 17 10
a 782 374 0 36 5
a 783 468 0 4 7
a 783 475 0 17 4
a 785 522 0 4 6
a 785 573 0 24 5
a 785 370 0 25 10
a 785 516 0 14 3
a 786 195 0 4 3
a 786 627 0 48 7
a 786 564 0 19 5
a 786 484 0 33 10
a 790 381 0 4 2
a 790 580 0 12 1
a 796 763 0 4 10
a 796 174 0 33 10
a 796 559 0 49 7
a 796 260 0 29 4
a 797 826 0 4 1
a 797 98 0 6 7
a 800 920 0 4 4
a 800 66 0 1 8
a 800 669 0 8 6
a 800 389 0 29 9
a 800 585 0 5 2
a 801 854 0 4 2
a 801 149 0 30 6
a 802 72 0 4 6
a 802 490 0 28 8
a 803 122 0 4 1
a 803 150 0 50 9
a 804 461 0 4 6
a 804 940 0 6 8
a 804 111 0 9 7
a 804 620 0 32 3
a 804 180 0 40 2
a 806 208 0 4 3
a 806 592 0 22 10
a 806 839 0 41 2
a 806 426 0 12 4
a 806 903 0 5 8
a 806 639 0 20 10
a 809 653 0 4 10
a 809 406 0 5 2
a 809 788 0 8 7
a 809 30 0 1 1
a 809 96 0 1 1
a 816 213 0 4 1
a 816 193 0 23 7
a 816 21 0 41 6
a 817 802 0 4 5
a 817 986 0 23 5
a 817 50 0 34 3
a 817 574 0 33 7
a 818 251 0 4 8
a 818 176 0 37 8
a 822 667 0 4 7
a 822 327 0 27 6
a 822 931 0 40 1
a 823 816 0 4 10
a 823 328 0 2 3
a 823 582 0 26 9
a 823 458 0 30 8
a 823 194 0 8 3
a 823 696 0 35 6
a 826 773 0 4 2
a 826 711 0 35 1
a 828 81 0 4 5
a 828 594 0 27 2
a 828 238 0 32 9
a 828 620 0 1 1
a 830 220 0 4 3
a 830 485 0 19 6
a 830 366 0 49 4
a 830 238 0 9 7
a 834 922 0 4 6
a 834 506 0 32 10
a 834 60 0 39 5
a 834 39 0 43 10
a 834 757 0 21 8
a 836 702 0 4 7
a 836 298 0 27 10
a 836 851 0 1 1
a 837 179 0 4 6
a 837 356 0 12 10
a 838 967 0 4 10
a 838 694 0 28 6
a 840 172 0 4 9
a 840 332 0 46 10
a 840 832 0 35 6
a 840 39 0 45 4
a 840 161 0 21 9
a 842 364 0 4 10
a 842 324 0 11 6
a 842 859 0 50 4
a 842 944 0 20 4
a 843 904 0 4 1
a 843 396 0 13 7
a 843 802 0 47 1
a 844 830 0 4 7
a 844 400 0 40 2
a 844 64 0 44 2
a 844 766 0 47 4
a 844 138 0 50 4
a 846 151 0 4 6
a 846 30 0 30 10
a 846 280 0 24 5
a 850 342 0 4 1
a 850 840 0 2 9
a 853 360 0 4 8
a 853 102 0 35 2
a 854 511 0 4 9
a 854 262 0 46 1
a 854 250 0 13 7
a 856 921 0 4 1
a 856 895 0 32 2
a 856 902 0 32 1
a 856 915 0 30 6
a 858 1000 0 4 7
a 858 881 0 6 1
a 858 184 0 43 6
a 858 865 0 46 8
a 860 557 0 4 3
a 860 783 0 49 6
a 864 777 0 4 8
a 864 956 0 19 1
a 864 573 0 43 1
a 865 369 0 4 7
a 865 916 0 49 2
a 867 753 0 4 8
a 867 765 0 38 9
a 867 520 0 49 3
a 867 649 0 35 9
a 869 69 0 4 4
a 869 214 0 22 7
a 869 41 0 30 9
a 869 323 0 38 3
a 869 844 0 5 6
a 869 25 0 3 2
a 870 316 0 4 3
a 870 549 0 32 8
a 870 749 0 37 7
a 870 945 0 3 1
a 870 534 0 6 9
a 870 815 0 32 4
a 871 679 0 4 7
a 871 523 0 1 6
a 872 949 0 4 4
a 872 16 0 32 7
a 873 475 0 4 7
a 873 864 0 29 8
a 873 827 0 38 5
a 875 258 0 4 10
a 875 588 0 1 6
a 875 996 0 0 7
a 876 412 0 4 7
a 876 537 0 22 10
a 876 282 0 38 7
a 876 309 0 42 8
a 878 735 0 4 4
a 878 366 0 20 1
a 878 601 0 44 9
a 878 171 0 33 10
a 880 608 0 4 3
a 880 43 0 47 4
a 880 852 0 40 4
a 881 803 0 4 1
a 881 577 0 18 4
a 881 628 0 44 1
a 881 481 0 10 1
a 881 822 0 9 1
a 881 950 0 12 5
a 883 873 0 4 7
a 883 773 0 34 5
a 883 276 0 48 4
a 883 524 0 13 10
a 884 246 0 4 2
a 884 154 0 22 1
a 886 739 0 4 1
a 886 386 0 45 7
a 886 36 0 48 1
a 886 922 0 26 7
a 888 438 0 4 10
a 888 316 0 42 2
a 889 454 0 4 2
a 889 413 0 3 3
a 889 558 0 38 7
a 889 125 0 20 2
a 889 639 0 26 7
a 889 756 0 37 3
a 891 965 0 4 1
a 891 354 0 14 2
a 892 460 0 4 9
a 892 520 0 27 8
a 892 329 0 6 1
a 892 86 0 16 7
a 892 296 0 4 3
a 894 699 0 4 2
a 894 478 0 22 3
a 894 148 0 31 2
a 895 358 0 4 2
a 895 758 0 33 8
a 895 484 0 3 9
a 895 783 0 6 9
a 895 918 0 26 6
a 897 92 0 4 6
a 897 830 0 23 9
a 899 583 0 4 1
a 899 909 0 16 5
a 899 342 0 39 6
a 902 38 0 4 8
a 902 673 0 46 1
a 902 967 0 30 2
a 902 808 0 35 10
a 903 336 0 4 3
a 903 775 0 38 7
a 903 738 0 15 7
a 903 983 0 32 6
a 903 503 0 12 3
a 904 755 0 4 5
a 904 607 0 36 9
a 908 326 0 4 10
a 908 756 0 31 8
a 912 478 0 4 4
a 912 446 0 13 1
a 912 953 0 38 7
a 912 671 0 48 3
a 912 621 0 27 1
a 913 301 0 4 6
a 913 475 0 46 3
a 916 892 0 4 8
a 916 335 0 44 5
a 916 974 0 39 8
a 916 583 0 5 1
a 916 738 0 11 8
a 916 735 0 17 6
a 920 744 0 4 6
a 920 77 0 14 1
a 920 282 0 34 10
a 920 956 0 1 10
a 920 630 0 9 4
a 921 53 0 4 9
a 921 400 0 48 1
a 921 610 0 26 4
a 922 598 0 4 10
a 922 911 0 45 1
a 922 687 0 28 10
a 922 459 0 24 6
a 922 409 0 24 5
a 923 570 0 4 8
a 923 894 0 26 9
a 923 366 0 31 5
a 923 277 0 28 7
a 925 58 0 4 6
a 925 730 0 26 5
a 925 301 0 42 2
a 925 847 0 37 7
a 925 758 0 3 7
a 930 206 0 4 7
a 930 179 0 6 4
a 930 597 0 21 7
a 930 624 0 23 2
a 930 953 0 9 8
a 933 587 0 4 3
a 933 955 0 21 1
a 933 963 0 17 5
a 933 938 0 20 2
a 933 685 0 13 4
a 934 205 0 4 8
a 934 334 0 20 5
a 934 939 0 19 7
a 935 328 0 4 10
a 935 864 0 5 3
a 935 839 0 48 9
a 935 245 0 12 10
a 935 736 0 6 4
a 939 180 0 4 8
a 939 48 0 43 4
a 939 487 0 17 9
a 939 698 0 24 6
a 939 986 0 45 10
a 940 15 0 4 1
a 940 90 0 23 10
a 940 708 0 36 5
a 940 28 0 23 9
a 940 501 0 28 9
a 944 479 0 4 5
a 944 550 0 40 8
a 947 600 0 4 8
a 947 976 0 43 6
a 947 501 0 16 5
a 949 674 0 4 4
a 949 47 0 11 6
a 950 930 0 4 10
a 950 599 0 29 10
a 950 242 0 23 8
a 950 510 0 22 8
a 952 564 0 4 6
a 952 784 0 34 1
a 954 85 0 4 10
a 954 386 0 2 2
a 954 567 0 43 6
a 954 120 0 11 5
a 955 177 0 4 9
a 955 881 0 7 2
a 955 48 0 10 9
a 955 33 0 16 7
a 960 731 0 4 6
a 960 118 0 36 7
a 960 207 0 0 7
a 961 146 0 4 1
a 961 920 0 8 6
a 961 848 0 9 2
a 965 456 0 4 4
a 965 929 0 15 4
a 967 123 0 4 4
a 967 536 0 21 9
a 967 572 0 10 10
a 968 672 0 4 4
a 968 642 0 28 1
a 968 784 0 1 5
a 968 878 0 36 8
a 968 284 0 18 9
a 970 52 0 4 8
a 970 373 0 34 6
a 970 734 0 20 3
a 971 128 0 4 10
a 971 250 0 19 9
a 971 598 0 17 1
a 971 877 0 46 8
a 972 210 0 4 6
a 972 584 0 13 6
a 972 308 0 20 1
a 972 99 0 21 4
a 975 864 0 4 6
a 975 648 0 45 2
a 976 916 0 4 4
a 976 648 0 22 10
a 976 568 0 22 9
a 976 323 0 19 9
a 978 715 0 4 7
a 978 323 0 28 3
a 978 811 0 50 7
a 978 39 0 21 1
a 979 722 0 4 10
a 979 234 0 7 1
a 980 822 0 4 3
a 980 225 0 3 2
a 983 432 0 4 6
a 983 903 0 4 7
a 983 158 0 39 8
a 984 720 0 4 7
a 984 572 0 35 10
a 986 257 0 4 6
a 986 171 0 16 10
a 986 261 0 43 10
a 987 541 0 4 9
a 987 934 0 47 4
a 987 841 0 14 8
a 987 621 0 48 1
a 988 961 0 4 9
a 988 897 0 43 4
a 990 567 0 4 7
a 990 791 0 13 9
a 998 373 0 4 1
a 998 264 0 17 3
a 998 365 0 0 5
a 998 559 0 50 9
