c PyNETGEN v1.0.0
c $ pip install pynetgen
c
c  NETGEN flow network generation algorithm
c  Problem input parameters
c  -------------------------------------
c   Random seed:          6
c   Number of nodes:      1000
c   Source nodes:         2
c   Sink nodes:           2
c   Number of arcs:       4000
c   Minimum arc cost:     1
c   Maximum arc cost:     10
c   Total supply:         50
c   Transshipment -
c     Sources:            0
c     Sinks:              0
c   Skeleton arcs -
c     With max cost:      0
c     Capacitated:        100
c   Minimum arc capacity: 0
c   Maximum arc capacity: 50
c
c  *** Minimum cost flow ***
c
p min 1000 4000
n 1 49
n 2 1
n 999 -38
n 1000 -12
a 1 944 0 49 7
a 1 461 0 38 8
a 1 351 0 24 1
a 1 52 0 35 3
a 3 42 0 49 2
a 3 832 0 7 9
a 3 717 0 46 4
a 3 825 0 41 7
a 3 635 0 34 4
a 3 266 0 36 7
a 4 450 0 49 8
a 4 676 0 11 10
a 4 776 0 19 3
a 4 717 0 27 7
a 4 460 0 27 10
a 5 798 0 49 8
a 5 288 0 16 3
a 5 782 0 0 5
a 5 280 0 8 8
a 5 773 0 36 10
a 5 671 0 5 9
a 5 451 0 46 7
a 7 538 0 49 2
a 7 809 0 5 7
a 7 369 0 19 10
a 9 737 0 49 7
a 9 403 0 32 10
a 10 213 0 49 6
a 10 216 0 29 10
a 11 219 0 49 8
a 11 341 0 35 10
a 13 112 0 49 7
a 13 904 0 25 8
a 13 430 0 8 10
a 13 59 0 23 6
a 13 747 0 17 9
a 13 910 0 1 8
a 13 331 0 44 10
a 15 548 0 49 10
a 15 734 0 21 5
a 15 748 0 1 5
a 15 189 0 9 1
a 15 32 0 2 8
a 15 158 0 27 5
a 15 788 0 39 10
a 17 143 0 49 10
a 17 48 0 13 7
a 17 106 0 35 6
a 17 887 0 23 9
a 17 351 0 50 4
a 17 478 0 17 8
a 19 81 0 49 2
a 19 944 0 30 1
a 19 816 0 31 1
a 19 335 0 34 9
a 19 958 0 23 6
a 19 939 0 31 6
a 22 612 0 49 9
a 22 484 0 36 7
a 22 901 0 6 2
a 23 348 0 49 8
a 23 229 0 4 3
a 23 162 0 7 9
a 26 968 0 49 4
a 26 66 0 45 8
a 26 235 0 16 9
a 26 198 0 43 4
a 26 841 0 25 5
a 26 852 0 27 6
a 27 197 0 49 8
a 27 741 0 26 10
a 29 492 0 49 6
a 29 842 0 41 9
a 30 834 0 49 3
a 30 243 0 7 10
a 30 399 0 49 10
a 30 537 0 11 6
a 30 806 0 40 7
a 30 647 0 31 8
a 32 869 0 49 10
a 32 656 0 33 9
a 32 327 0 17 4
a 32 123 0 2 6
a 35 812 0 49 2
a 35 157 0 17 9
a 35 965 0 47 3
a 35 119 0 2 8
a 35 596 0 3 4
a 35 178 0 4 6
a 35 655 0 29 4
a 38 948 0 49 1
a 38 47 0 14 5
a 40 387 0 49 7
a 40 859 0 0 8
a 42 813 0 49 4
a 42 814 0 6 6
a 42 591 0 50 1
a 42 244 0 10 4
a 42 859 0 24 7
a 42 586 0 38 6
a 43 591 0 49 10
a 43 702 0 13 8
a 43 495 0 40 9
a 43 514 0 49 8
a 43 176 0 16 5
a 43 117 0 38 7
a 45 156 0 49 7
a 45 884 0 35 6
a 45 560 0 6 3
a 45 386 0 34 4
a 47 123 0 49 7
a 47 727 0 47 3
a 47 674 0 12 10
a 49 875 0 49 3
a 49 805 0 40 1
a 49 698 0 6 7
a 51 220 0 49 1
a 51 690 0 8 1
a 53 318 0 49 9
a 53 24 0 35 8
a 53 191 0 39 3
a 53 348 0 17 10
a 53 202 0 11 7
a 53 30 0 44 9
a 54 618 0 49 6
a 54 462 0 14 3
a 54 493 0 27 8
a 54 489 0 13 2
a 56 366 0 49 7
a 56 554 0 42 5
a 58 711 0 49 2
a 58 54 0 9 4
a 59 439 0 49 3
a 59 943 0 8 7
a 59 903 0 43 1
a 59 188 0 23 10
a 59 512 0 1 10
a 60 281 0 49 10
a 60 194 0 10 8
a 60 494 0 11 9
a 60 426 0 36 3
a 60 253 0 10 9
a 63 190 0 49 8
a 63 691 0 17 2
a 63 740 0 49 3
a 63 640 0 30 10
a 63 827 0 24 6
a 63 618 0 29 9
a 63 690 0 20 5
a 64 890 0 49 9
a 64 523 0 19 1
a 64 644 0 14 7
a 64 583 0 17 1
a 66 526 0 49 7
a 66 191 0 9 2
a 66 49 0 33 2
a 66 125 0 21 8
a 69 270 0 49 4
a 69 109 0 46 7
a 69 854 0 34 3
a 69 7 0 20 10
a 71 442 0 49 9
a 71 135 0 36 2
a 71 716 0 31 1
a 75 78 0 49 2
a 75 667 0 42 7
a 78 373 0 49 7
a 78 124 0 36 9
a 78 853 0 42 1
a 78 535 0 13 1
a 80 475 0 49 6
a 80 645 0 11 3
a 80 855 0 14 4
a 80 424 0 24 8
a 80 329 0 43 5
a 80 568 0 34 3
a 80 815 0 4 3
a 81 26 0 49 9
a 81 258 0 29 5
a 81 223 0 42 9
a 81 826 0 24 10
a 81 9 0 30 2
a 81 293 0 23 9
a 83 746 0 49 9
a 83 893 0 42 6
a 83 840 0 32 2
a 83 991 0 6 5
a 83 902 0 41 9
a 85 218 0 49 10
a 85 95 0 19 7
a 85 780 0 45 3
a 85 672 0 48 8
a 85 774 0 45 3
a 85 118 0 0 10
a 86 703 0 49 6
a 86 628 0 32 10
a 87 731 0 49 9
a 87 727 0 47 9
a 87 952 0 42 2
a 87 548 0 48 6
a 87 408 0 33 7
a 87 283 0 35 2
a 90 463 0 49 9
a 90 460 0 41 9
a 90 449 0 16 4
a 91 911 0 49 5
a 91 966 0 7 4
a 93 534 0 49 3
a 93 908 0 26 2
a 93 869 0 3 5
a 93 336 0 7 10
a 93 382 0 19 2
a 94 303 0 49 2
a 94 386 0 14 6
a 94 996 0 30 3
a 94 813 0 44 5
a 94 811 0 5 10
a 94 322 0 38 1
a 95 989 0 49 2
a 95 187 0 19 6
a 95 507 0 49 3
a 95 149 0 49 4
a 95 903 0 49 10
a 95 637 0 37 1
a 96 634 0 49 1
a 96 965 0 14 7
a 96 438 0 16 7
a 96 829 0 9 7
a 96 62 0 21 10
a 98 721 0 49 6
a 98 373 0 20 5
a 98 405 0 29 4
a 98 796 0 42 10
a 98 522 0 12 9
a 98 856 0 24 4
a 100 683 0 49 2
a 100 637 0 37 3
a 100 411 0 42 1
a 100 879 0 10 2
a 100 601 0 23 3
a 101 826 0 49 7
a 101 262 0 38 8
a 101 786 0 38 4
a 101 285 0 6 8
a 101 291 0 35 8
a 102 677 0 49 2
a 102 715 0 27 2
a 102 597 0 39 4
a 102 67 0 4 1
a 102 191 0 45 1
a 105 47 0 49 8
a 105 701 0 17 10
a 105 162 0 18 9
a 105 561 0 7 1
a 105 182 0 27 3
a 105 416 0 39 7
a 107 563 0 49 6
a 107 22 0 35 5
a 107 768 0 39 5
a 107 853 0 14 9
a 107 607 0 26 2
a 109 582 0 49 2
a 109 698 0 49 2
a 109 930 0 48 4
a 109 387 0 8 10
a 109 364 0 33 6
a 112 847 0 49 4
a 112 103 0 40 3
a 112 402 0 45 3
a 112 655 0 15 10
a 112 609 0 40 2
a 115 573 0 49 1
a 115 485 0 44 4
a 115 674 0 0 8
a 115 34 0 30 3
a 115 387 0 27 5
a 116 481 0 49 6
a 116 939 0 8 6
a 116 733 0 29 1
a 120 149 0 49 5
a 120 675 0 24 8
a 120 698 0 18 5
a 120 285 0 10 6
a 120 217 0 35 8
a 120 950 0 41 6
a 121 978 0 49 2
a 121 226 0 16 8
a 123 230 0 49 5
a 123 719 0 46 4
a 123 91 0 33 2
a 123 340 0 25 8
a 123 563 0 6 9
a 124 98 0 49 1
a 124 883 0 13 10
a 124 143 0 24 3
a 124 774 0 6 6
a 128 577 0 49 10
a 128 208 0 15 2
a 128 904 0 36 7
a 128 751 0 11 10
a 128 567 0 12 9
a 128 436 0 33 5
a 140 293 0 49 10
a 140 651 0 33 2
a 140 350 0 25 4
a 141 777 0 49 8
a 141 843 0 37 6
a 141 103 0 4 8
a 141 444 0 32 6
a 141 430 0 45 5
a 143 345 0 49 5
a 143 424 0 12 9
a 143 565 0 47 2
a 143 324 0 42 4
a 143 686 0 16 5
a 149 587 0 49 6
a 149 612 0 7 7
a 149 679 0 27 6
a 149 72 0 18 6
a 149 958 0 11 2
a 149 919 0 30 1
a 153 833 0 49 1
a 153 813 0 26 6
a 153 382 0 0 8
a 153 94 0 6 9
a 153 839 0 23 6
a 153 884 0 35 10
a 154 192 0 49 4
a 154 204 0 25 4
a 154 831 0 43 8
a 154 679 0 33 10
a 156 547 0 49 3
a 156 10 0 5 3
a 156 840 0 49 10
a 156 229 0 42 10
a 158 879 0 49 9
a 158 909 0 10 10
a 159 818 0 49 2
a 159 146 0 15 2
a 161 323 0 49 1
a 161 201 0 3 7
a 161 104 0 13 6
a 162 95 0 49 5
a 162 961 0 46 2
a 162 846 0 11 6
a 162 640 0 34 6
a 163 49 0 49 2
a 163 574 0 9 9
a 163 86 0 26 1
a 163 494 0 3 5
a 163 719 0 11 7
a 165 279 0 49 10
a 165 608 0 24 9
a 165 441 0 37 10
a 165 681 0 47 5
a 165 141 0 11 4
a 172 736 0 49 9
a 172 612 0 16 9
a 172 219 0 46 4
a 172 377 0 47 10
a 172 841 0 23 2
a 178 320 0 49 3
a 178 864 0 23 1
a 178 969 0 39 4
a 178 250 0 12 4
a 178 24 0 28 10
a 179 649 0 49 10
a 179 666 0 21 2
a 179 626 0 17 9
a 179 122 0 19 6
a 179 78 0 11 7
a 180 669 0 49 6
a 180 306 0 30 3
a 180 481 0 36 2
a 181 856 0 49 4
a 181 905 0 5 5
a 181 954 0 20 5
a 181 793 0 37 5
a 181 533 0 9 2
a 181 394 0 4 6
a 182 611 0 49 10
a 182 430 0 40 10
a 182 694 0 38 9
a 183 244 0 49 2
a 183 252 0 3 9
a 184 745 0 49 8
a 184 160 0 43 9
a 186 455 0 49 2
a 186 98 0 3 9
a 186 530 0 30 4
a 186 237 0 10 2
a 186 50 0 18 9
a 186 807 0 16 5
a 189 457 0 49 6
a 189 294 0 44 2
a 189 933 0 36 6
a 189 397 0 19 7
a 189 904 0 21 7
a 190 523 0 49 5
a 190 755 0 13 6
a 190 374 0 37 5
a 191 472 0 49 4
a 191 654 0 27 1
a 191 642 0 4 3
a 191 359 0 47 2
a 192 35 0 49 10
a 192 223 0 42 2
a 192 212 0 7 4
a 193 602 0 49 10
a 193 950 0 28 6
a 193 227 0 49 10
a 196 742 0 49 1
a 196 759 0 7 9
a 196 784 0 16 9
a 196 869 0 28 1
a 196 725 0 40 3
a 197 688 0 49 6
a 197 95 0 6 6
a 198 109 0 49 9
a 198 443 0 25 3
a 198 856 0 27 8
a 198 364 0 23 4
a 198 677 0 38 6
a 199 15 0 49 8
a 199 829 0 45 8
a 199 793 0 21 6
a 200 421 0 49 9
a 200 467 0 24 3
a 200 328 0 24 7
a 200 952 0 1 5
a 200 292 0 15 9
a 201 200 0 49 3
a 201 323 0 11 2
a 203 489 0 49 6
a 203 38 0 5 10
a 203 47 0 34 1
a 203 517 0 39 4
a 203 414 0 40 4
a 203 583 0 2 7
a 206 199 0 49 10
a 206 885 0 27 6
a 206 922 0 14 8
a 206 356 0 12 1
a 206 89 0 18 7
a 206 61 0 37 9
a 207 848 0 49 4
a 207 683 0 7 10
a 210 51 0 49 5
a 210 278 0 22 9
a 210 755 0 42 4
a 212 926 0 49 9
a 212 859 0 1 2
a 212 856 0 21 4
a 212 233 0 30 3
a 212 854 0 39 3
a 212 652 0 33 7
a 213 671 0 49 3
a 213 401 0 22 6
a 213 110 0 33 1
a 216 430 0 49 4
a 216 191 0 14 5
a 217 578 0 49 3
a 217 428 0 11 8
a 217 546 0 50 7
a 217 398 0 27 5
a 217 554 0 25 4
a 218 628 0 49 5
a 218 254 0 48 9
a 219 466 0 49 8
a 219 175 0 17 3
a 219 912 0 33 1
a 220 141 0 49 9
a 220 225 0 20 9
a 220 800 0 22 6
a 220 981 0 17 3
a 220 785 0 7 8
a 224 800 0 49 8
a 224 906 0 32 7
a 225 235 0 49 7
a 225 73 0 24 2
a 226 991 0 49 2
a 226 955 0 15 5
a 226 186 0 35 1
a 227 533 0 49 1
a 227 353 0 21 3
a 227 485 0 19 1
a 228 438 0 49 3
a 228 150 0 3 10
a 228 871 0 6 6
a 228 909 0 4 6
a 228 499 0 15 9
a 228 811 0 30 4
a 230 588 0 49 1
a 230 785 0 31 7
a 230 956 0 24 10
a 230 188 0 28 3
a 230 912 0 36 2
a 230 995 0 29 4
a 231 161 0 49 4
a 231 673 0 2 1
a 231 864 0 14 3
a 231 912 0 23 10
a 231 607 0 50 10
a 234 888 0 49 5
a 234 875 0 13 5
a 234 903 0 28 2
a 234 316 0 28 1
a 234 703 0 39 5
a 234 810 0 5 8
a 235 75 0 49 1
a 235 470 0 39 9
a 235 459 0 26 10
a 235 42 0 16 5
a 235 551 0 21 3
a 241 925 0 49 9
a 241 857 0 5 4
a 241 274 0 9 7
a 241 772 0 6 6
a 241 947 0 0 5
a 243 58 0 49 9
a 243 338 0 15 2
a 243 661 0 2 2
a 243 912 0 32 6
a 243 988 0 49 7
a 244 234 0 49 5
a 244 868 0 31 2
a 244 663 0 11 10
a 245 498 0 49 7
a 245 787 0 0 5
a 246 296 0 49 9
a 246 109 0 33 8
a 246 184 0 21 7
a 246 466 0 14 2
a 246 303 0 50 1
a 246 831 0 5 1
a 249 778 0 49 10
a 249 726 0 29 2
a 249 773 0 27 8
a 250 556 0 49 1
a 250 942 0 31 6
a 251 858 0 49 7
a 251 233 0 45 10
a 251 549 0 31 1
a 251 725 0 6 6
a 251 568 0 38 1
a 251 152 0 16 6
a 253 631 0 49 1
a 253 664 0 18 7
a 253 223 0 8 4
a 254 71 0 49 5
a 254 262 0 11 8
a 254 106 0 43 4
a 254 412 0 46 2
a 254 417 0 22 10
a 257 405 0 49 1
a 257 985 0 34 5
a 257 870 0 47 4
a 257 304 0 45 3
a 257 531 0 40 2
a 263 482 0 49 8
a 263 855 0 33 10
a 263 268 0 47 4
a 267 993 0 49 1
a 267 707 0 10 3
a 267 110 0 30 4
a 267 427 0 39 6
a 270 672 0 49 8
a 270 958 0 45 9
a 274 30 0 49 9
a 274 694 0 27 7
a 274 334 0 12 9
a 274 555 0 13 8
a 274 621 0 48 4
a 274 153 0 42 7
a 278 709 0 49 9
a 278 463 0 46 5
a 278 272 0 21 3
a 278 533 0 43 10
a 278 422 0 45 8
a 278 525 0 11 10
a 279 624 0 49 4
a 279 668 0 29 2
a 279 16 0 9 10
a 279 900 0 4 6
a 279 493 0 13 9
a 281 716 0 49 2
a 281 961 0 25 6
a 281 611 0 25 10
a 281 738 0 9 5
a 284 740 0 49 9
a 284 531 0 50 10
a 284 192 0 36 5
a 284 41 0 39 10
a 285 937 0 49 9
a 285 726 0 9 3
a 285 943 0 13 4
a 285 491 0 40 5
a 285 161 0 0 7
a 285 360 0 43 6
a 287 667 0 49 9
a 287 191 0 13 9
a 287 254 0 14 4
a 287 20 0 21 7
a 287 215 0 29 9
a 292 808 0 49 1
a 292 205 0 12 1
a 293 40 0 49 2
a 293 888 0 23 7
a 293 184 0 7 1
a 295 531 0 49 5
a 295 116 0 32 8
a 296 85 0 49 5
a 296 18 0 47 2
a 299 121 0 49 1
a 299 148 0 50 7
a 299 125 0 13 9
a 300 939 0 49 9
a 300 464 0 12 3
a 300 50 0 8 10
a 302 292 0 49 2
a 302 818 0 1 7
a 302 380 0 17 4
a 302 14 0 35 8
a 302 242 0 3 8
a 302 94 0 35 6
a 303 429 0 49 8
a 303 918 0 22 5
a 303 201 0 32 3
a 303 108 0 5 2
a 303 933 0 21 7
a 304 59 0 49 5
a 304 95 0 20 9
a 304 460 0 25 4
a 304 999 0 33 5
a 305 780 0 49 6
a 305 839 0 31 5
a 305 72 0 35 3
a 306 54 0 49 2
a 306 79 0 1 8
a 306 88 0 32 9
a 306 734 0 40 3
a 306 934 0 38 2
a 307 969 0 49 8
a 307 609 0 2 9
a 307 111 0 21 7
a 310 842 0 49 8
a 310 223 0 38 10
a 310 258 0 35 7
a 310 893 0 7 10
a 313 773 0 49 1
a 313 867 0 33 7
a 313 542 0 32 6
a 313 381 0 5 1
a 313 230 0 17 9
a 315 585 0 49 3
a 315 769 0 13 9
a 318 13 0 49 10
a 318 887 0 44 3
a 318 254 0 13 8
a 318 365 0 28 4
a 318 657 0 24 9
a 319 471 0 49 3
a 319 664 0 22 10
a 319 303 0 47 3
a 319 537 0 37 9
a 320 929 0 49 10
a 320 217 0 8 9
a 320 495 0 41 3
a 320 444 0 36 6
a 323 107 0 49 1
a 323 622 0 9 10
a 323 120 0 27 1
a 323 307 0 46 4
a 323 657 0 24 5
a 323 650 0 22 3
a 325 712 0 49 4
a 325 239 0 46 6
a 326 876 0 49 2
a 326 848 0 35 10
a 326 697 0 45 4
a 326 361 0 47 5
a 340 96 0 49 1
a 340 36 0 25 10
a 342 900 0 49 10
a 342 796 0 11 3
a 344 102 0 49 6
a 344 997 0 17 5
a 344 866 0 36 9
a 344 263 0 20 8
a 345 517 0 49 5
a 345 893 0 26 4
a 345 39 0 36 8
a 345 610 0 34 3
a 345 900 0 38 8
a 347 949 0 49 1
a 347 11 0 21 10
a 347 800 0 36 9
a 347 381 0 7 6
a 348 91 0 49 3
a 348 409 0 32 8
a 348 799 0 43 3
a 349 254 0 49 6
a 349 772 0 8 7
a 349 928 0 9 5
a 349 365 0 4 4
a 351 750 0 49 5
a 351 112 0 41 2
a 351 318 0 27 2
a 351 203 0 39 5
a 353 382 0 49 1
a 353 752 0 17 4
a 353 467 0 20 7
a 353 829 0 39 2
a 354 964 0 49 7
a 354 855 0 23 9
a 354 220 0 41 2
a 355 658 0 49 9
a 355 171 0 48 9
a 355 623 0 39 10
a 356 45 0 49 9
a 356 817 0 18 7
a 356 196 0 50 5
a 356 750 0 17 7
a 356 968 0 14 4
a 356 488 0 48 1
a 357 871 0 49 9
a 357 840 0 50 10
a 357 969 0 0 9
a 357 119 0 17 8
a 364 822 0 49 6
a 364 706 0 36 3
a 364 241 0 0 8
a 366 80 0 49 1
a 366 758 0 27 9
a 366 9 0 10 5
a 367 635 0 49 7
a 367 7 0 30 3
a 367 370 0 38 9
a 367 405 0 41 9
a 367 272 0 14 5
a 367 710 0 21 5
a 368 616 0 49 2
a 368 657 0 31 1
a 368 874 0 16 1
a 369 287 0 49 5
a 369 704 0 14 10
a 369 253 0 41 5
a 370 961 0 49 8
a 370 549 0 6 7
a 373 93 0 49 1
a 373 340 0 37 1
a 373 216 0 5 3
a 373 526 0 23 4
a 377 983 0 49 2
a 377 724 0 15 7
a 377 691 0 1 3
a 377 650 0 48 1
a 382 966 0 49 3
a 382 160 0 49 2
a 382 13 0 22 1
a 384 355 0 49 3
a 384 126 0 9 5
a 384 784 0 14 5
a 384 397 0 27 6
a 384 395 0 40 10
a 384 427 0 10 5
a 386 756 0 49 3
a 386 23 0 8 9
a 386 443 0 17 7
a 386 253 0 30 7
a 386 625 0 38 10
a 387 304 0 49 4
a 387 769 0 50 6
a 387 260 0 19 1
a 389 609 0 49 9
a 389 87 0 5 2
a 389 318 0 40 6
a 389 833 0 49 1
a 389 325 0 16 4
a 394 510 0 49 8
a 394 385 0 28 3
a 395 864 0 49 7
a 395 555 0 26 3
a 398 344 0 49 7
a 398 271 0 31 2
a 398 150 0 50 5
a 398 785 0 27 7
a 399 962 0 49 3
a 399 241 0 39 2
a 399 914 0 46 3
a 399 520 0 42 1
a 399 54 0 6 9
a 401 250 0 49 10
a 401 620 0 6 10
a 401 143 0 32 5
a 401 753 0 42 4
a 401 945 0 45 6
a 401 422 0 2 7
a 402 424 0 49 10
a 402 880 0 50 1
a 402 79 0 28 9
a 402 991 0 10 5
a 403 910 0 49 10
a 403 501 0 27 9
a 403 6 0 49 3
a 403 779 0 22 6
a 405 882 0 49 1
a 405 785 0 34 5
a 411 115 0 49 7
a 411 628 0 47 8
a 411 928 0 39 7
a 411 100 0 42 2
a 417 860 0 49 1
a 417 439 0 7 3
a 417 201 0 32 1
a 421 94 0 49 2
a 421 847 0 2 2
a 421 895 0 37 6
a 421 805 0 6 5
a 424 807 0 49 9
a 424 602 0 23 4
a 429 444 0 49 4
a 429 296 0 1 5
a 429 585 0 24 10
a 429 271 0 35 3
a 429 431 0 20 8
a 430 210 0 49 2
a 430 881 0 33 10
a 433 992 0 49 8
a 433 875 0 16 9
a 433 418 0 20 5
a 437 389 0 49 4
a 437 205 0 10 3
a 437 724 0 22 2
a 437 432 0 24 4
a 437 290 0 30 3
a 437 473 0 49 9
a 438 458 0 49 8
a 438 512 0 49 4
a 438 485 0 8 9
a 438 77 0 34 6
a 438 203 0 20 7
a 438 351 0 39 1
a 439 809 0 49 7
a 439 454 0 50 3
a 441 918 0 49 5
a 441 990 0 25 1
a 441 457 0 18 9
a 442 689 0 49 9
a 442 991 0 0 4
a 442 984 0 4 10
a 442 748 0 22 1
a 442 272 0 44 6
a 442 674 0 32 6
a 444 22 0 49 3
a 444 369 0 14 8
a 444 306 0 10 2
a 444 254 0 15 8
a 444 120 0 8 1
a 444 702 0 36 5
a 446 306 0 49 8
a 446 93 0 33 10
a 446 967 0 30 8
a 446 602 0 7 1
a 447 914 0 49 3
a 447 331 0 10 6
a 447 449 0 20 2
a 447 749 0 21 4
a 448 984 0 49 4
a 448 360 0 45 9
a 448 6 0 33 8
a 448 158 0 34 10
a 450 766 0 49 6
a 450 219 0 33 9
a 450 573 0 29 10
a 450 287 0 21 6
a 450 17 0 43 1
a 450 767 0 49 3
a 453 448 0 49 8
a 453 786 0 15 9
a 453 824 0 35 6
a 453 984 0 11 4
a 453 353 0 18 5
a 455 158 0 49 5
a 455 305 0 3 7
a 457 870 0 49 7
a 457 93 0 34 1
a 457 597 0 38 6
a 457 347 0 39 3
a 458 519 0 49 10
a 458 235 0 33 10
a 463 804 0 49 10
a 463 610 0 3 6
a 463 779 0 21 3
a 463 198 0 7 2
a 463 815 0 20 8
a 464 574 0 49 3
a 464 97 0 1 9
a 464 619 0 32 2
a 465 524 0 49 9
a 465 898 0 22 7
a 465 907 0 0 10
a 465 87 0 13 4
a 465 791 0 42 3
a 465 647 0 3 1
a 466 893 0 49 7
a 466 291 0 17 3
a 466 98 0 18 4
a 466 927 0 50 9
a 466 614 0 16 10
a 467 957 0 49 1
a 467 580 0 37 7
a 467 149 0 22 7
a 467 92 0 18 5
a 470 545 0 49 8
a 470 491 0 35 10
a 471 702 0 49 8
a 471 935 0 29 10
a 472 1000 0 49 6
a 472 247 0 22 1
a 472 973 0 11 4
a 474 377 0 49 1
a 474 530 0 7 7
a 474 164 0 22 7
a 475 224 0 49 7
a 475 482 0 16 7
a 475 172 0 19 8
a 476 546 0 49 1
a 476 187 0 40 9
a 476 794 0 17 10
a 477 189 0 49 8
a 477 384 0 20 3
a 477 313 0 35 2
a 477 837 0 21 10
a 477 499 0 34 6
a 481 788 0 49 9
a 481 911 0 23 1
a 482 600 0 49 6
a 482 830 0 31 9
a 484 710 0 49 4
a 484 258 0 8 7
a 484 849 0 43 9
a 484 267 0 41 8
a 486 775 0 49 3
a 486 929 0 42 6
a 486 679 0 49 7
a 486 196 0 29 8
a 486 557 0 40 8
a 488 186 0 49 4
a 488 1000 0 11 3
a 488 210 0 27 4
a 488 937 0 33 9
a 488 949 0 33 9
a 488 360 0 37 5
a 489 64 0 49 6
a 489 144 0 43 5
a 490 154 0 49 10
a 490 346 0 7 5
a 491 38 0 49 10
a 491 346 0 38 3
a 491 712 0 4 4
a 492 987 0 49 10
a 492 260 0 12 2
a 492 27 0 10 6
a 492 15 0 47 2
a 492 906 0 27 7
a 494 513 0 49 8
a 494 893 0 38 4
a 494 317 0 29 5
a 494 86 0 15 5
a 495 511 0 49 6
a 495 552 0 19 5
a 495 203 0 17 3
a 495 367 0 0 8
a 495 337 0 18 5
a 498 490 0 49 9
a 498 849 0 46 2
a 498 769 0 23 7
a 498 463 0 27 5
a 498 611 0 46 4
a 499 770 0 49 1
a 499 175 0 0 3
a 499 677 0 22 5
a 500 10 0 49 5
a 500 355 0 40 4
a 500 18 0 29 4
a 502 4 0 49 3
a 502 146 0 3 6
a 502 692 0 31 3
a 506 495 0 49 6
a 506 124 0 27 2
a 506 640 0 28 10
a 506 910 0 17 6
a 508 820 0 49 5
a 508 156 0 43 10
a 508 65 0 33 8
a 508 868 0 46 1
a 509 305 0 49 10
a 509 8 0 28 2
a 509 277 0 40 10
a 510 313 0 49 4
a 510 77 0 49 2
a 511 909 0 49 1
a 511 416 0 38 2
a 511 451 0 4 4
a 511 657 0 34 3
a 511 968 0 39 8
a 513 300 0 49 8
a 513 466 0 30 10
a 513 940 0 15 6
a 513 648 0 48 5
a 513 992 0 41 8
a 513 748 0 50 8
a 515 500 0 49 1
a 515 216 0 31 2
a 515 853 0 39 1
a 515 627 0 35 4
a 517 530 0 49 9
a 517 405 0 1 1
a 517 712 0 12 6
a 519 819 0 49 6
a 519 365 0 17 2
a 523 351 0 49 3
a 523 130 0 7 4
a 523 141 0 28 8
a 523 451 0 28 3
a 523 329 0 50 1
a 523 957 0 17 3
a 523 290 0 40 4
a 524 467 0 49 7
a 524 114 0 26 7
a 526 347 0 49 1
a 526 70 0 16 9
a 526 197 0 36 6
a 526 930 0 47 3
a 526 865 0 48 9
a 526 129 0 28 10
a 526 798 0 4 4
a 530 825 0 49 6
a 530 292 0 35 9
a 530 36 0 42 7
a 530 552 0 46 9
a 531 23 0 49 9
a 531 319 0 17 1
a 531 59 0 10 1
a 531 388 0 31 7
a 531 496 0 11 10
a 533 116 0 49 2
a 533 479 0 28 3
a 533 664 0 9 10
a 533 599 0 2 9
a 533 19 0 33 3
a 533 643 0 39 7
a 534 402 0 49 9
a 534 914 0 35 9
a 534 503 0 26 1
a 534 660 0 32 2
a 534 777 0 44 4
a 534 494 0 38 4
a 535 203 0 49 2
a 535 1000 0 49 1
a 535 311 0 12 4
a 535 813 0 49 1
a 535 182 0 20 4
a 536 691 0 49 6
a 536 833 0 25 3
a 536 182 0 2 2
a 536 925 0 13 2
a 538 898 0 49 10
a 538 741 0 29 6
a 538 957 0 20 4
a 540 637 0 49 10
a 540 541 0 46 8
a 540 78 0 4 9
a 540 331 0 49 6
a 540 626 0 0 3
a 541 399 0 49 9
a 541 347 0 18 8
a 541 297 0 31 2
a 541 439 0 12 8
a 543 883 0 49 3
a 543 454 0 33 10
a 543 717 0 7 8
a 543 497 0 5 10
a 543 336 0 5 9
a 545 641 0 49 10
a 545 702 0 44 1
a 545 331 0 45 5
a 545 404 0 29 1
a 545 713 0 31 1
a 546 257 0 49 8
a 546 906 0 48 7
a 546 861 0 16 2
a 546 739 0 33 1
a 546 161 0 1 5
a 547 508 0 49 2
a 547 795 0 45 9
a 548 976 0 49 4
a 548 779 0 7 9
a 548 700 0 1 2
a 548 420 0 28 5
a 548 945 0 3 6
a 552 191 0 49 3
a 552 104 0 7 7
a 552 474 0 26 2
a 552 631 0 10 8
a 552 480 0 6 6
a 552 190 0 23 10
a 556 302 0 49 9
a 556 644 0 16 3
a 556 862 0 48 3
a 557 676 0 49 10
a 557 380 0 44 8
a 557 704 0 39 2
a 557 989 0 21 3
a 560 227 0 49 3
a 560 616 0 41 8
a 560 151 0 21 5
a 563 835 0 49 1
a 563 945 0 5 1
a 568 506 0 49 10
a 568 66 0 36 7
a 568 949 0 23 8
a 568 348 0 47 6
a 568 193 0 33 10
a 568 967 0 37 5
a 572 923 0 49 10
a 572 364 0 35 1
a 572 370 0 9 2
a 572 804 0 32 8
a 573 56 0 49 3
a 573 828 0 7 5
a 573 65 0 41 4
a 573 801 0 45 6
a 573 50 0 41 9
a 573 790 0 13 2
a 574 307 0 49 6
a 574 243 0 36 5
a 574 425 0 10 1
a 575 284 0 49 9
a 575 465 0 4 6
a 575 38 0 13 9
a 577 181 0 49 6
a 577 829 0 35 6
a 577 610 0 38 1
a 577 983 0 46 3
a 577 578 0 36 6
a 578 552 0 49 8
a 578 48 0 35 7
a 578 262 0 7 2
a 578 801 0 39 3
a 581 686 0 49 3
a 581 716 0 46 10
a 581 744 0 12 6
a 582 86 0 49 4
a 582 568 0 48 1
a 584 7 0 49 3
a 584 52 0 2 7
a 584 941 0 50 1
a 584 846 0 38 9
a 584 234 0 3 2
a 585 836 0 49 9
a 585 848 0 43 5
a 585 19 0 23 6
a 585 584 0 35 3
a 585 416 0 43 3
a 587 162 0 49 1
a 587 57 0 34 8
a 588 884 0 49 1
a 588 140 0 6 6
a 588 451 0 34 7
a 588 724 0 18 7
a 591 165 0 49 8
a 591 530 0 33 4
a 591 675 0 47 2
a 594 212 0 49 7
a 594 372 0 6 7
a 594 980 0 43 4
a 594 302 0 27 9
a 596 824 0 49 10
a 596 186 0 9 9
a 596 688 0 44 1
a 598 198 0 49 1
a 598 398 0 9 3
a 600 491 0 49 8
a 600 450 0 11 6
a 600 698 0 4 10
a 600 18 0 46 6
a 600 636 0 39 2
a 601 356 0 49 4
a 601 269 0 11 6
a 602 43 0 49 9
a 602 786 0 15 2
a 602 424 0 7 6
a 602 272 0 39 5
a 602 279 0 45 6
a 603 465 0 49 1
a 603 931 0 24 6
a 603 283 0 37 2
a 603 489 0 23 3
a 604 568 0 49 2
a 604 169 0 10 6
a 604 917 0 6 2
a 607 657 0 49 2
a 607 532 0 9 5
a 607 175 0 50 5
a 609 476 0 49 4
a 609 478 0 7 9
a 611 245 0 49 10
a 611 177 0 13 6
a 611 300 0 34 4
a 611 850 0 49 3
a 612 401 0 49 10
a 612 789 0 7 9
a 612 918 0 48 7
a 612 881 0 25 8
a 614 943 0 49 9
a 614 694 0 35 9
a 614 15 0 26 9
a 614 733 0 40 2
a 614 528 0 10 8
a 614 481 0 36 4
a 615 540 0 49 7
a 615 533 0 6 9
a 615 873 0 41 6
a 615 840 0 29 4
a 615 84 0 16 8
a 615 632 0 11 7
a 616 295 0 49 8
a 616 436 0 12 2
a 616 134 0 20 5
a 618 486 0 49 10
a 618 275 0 33 8
a 618 424 0 10 3
a 623 638 0 49 10
a 623 921 0 24 10
a 623 778 0 7 5
a 623 399 0 9 9
a 623 355 0 18 8
a 624 488 0 49 5
a 624 991 0 2 9
a 624 629 0 31 3
a 624 570 0 16 5
a 624 546 0 38 5
a 627 368 0 49 9
a 627 34 0 50 2
a 627 500 0 9 6
a 627 946 0 14 3
a 627 329 0 37 5
a 627 521 0 17 10
a 628 494 0 49 5
a 628 702 0 25 3
a 631 243 0 49 5
a 631 357 0 48 3
a 631 229 0 5 7
a 631 528 0 9 2
a 633 101 0 49 10
a 633 662 0 19 5
a 633 168 0 7 4
a 633 617 0 14 3
a 634 11 0 49 1
a 634 720 0 28 4
a 635 741 0 49 6
a 635 734 0 16 4
a 635 751 0 6 3
a 635 93 0 27 8
a 635 100 0 44 2
a 637 647 0 49 3
a 637 967 0 45 10
a 637 932 0 35 7
a 637 152 0 26 10
a 637 148 0 0 10
a 638 845 0 49 10
a 638 794 0 2 10
a 638 595 0 21 3
a 638 554 0 1 8
a 641 598 0 49 2
a 641 491 0 35 8
a 645 27 0 49 1
a 645 502 0 14 2
a 645 672 0 1 10
a 645 724 0 43 6
a 645 759 0 44 1
a 647 899 0 49 6
a 647 997 0 13 4
a 647 623 0 16 5
a 647 528 0 26 10
a 649 633 0 49 10
a 649 625 0 10 4
a 649 519 0 15 5
a 655 411 0 49 2
a 655 87 0 33 9
a 655 947 0 26 3
a 655 390 0 46 3
a 656 596 0 49 7
a 656 303 0 6 4
a 657 403 0 49 7
a 657 137 0 13 3
a 657 330 0 29 10
a 658 967 0 49 7
a 658 636 0 29 1
a 658 286 0 28 6
a 658 379 0 32 2
a 658 627 0 50 2
a 658 715 0 17 2
a 658 635 0 27 3
a 666 905 0 49 9
a 666 27 0 9 1
a 666 135 0 46 7
a 666 613 0 33 9
a 666 699 0 1 2
a 666 219 0 48 2
a 667 700 0 49 2
a 667 862 0 43 9
a 667 743 0 11 10
a 669 821 0 49 10
a 669 679 0 19 8
a 669 948 0 41 5
a 671 384 0 49 9
a 671 812 0 18 10
a 671 434 0 38 2
a 671 730 0 8 1
a 671 919 0 2 6
a 671 441 0 35 10
a 672 319 0 49 1
a 672 799 0 48 9
a 676 581 0 49 2
a 676 279 0 29 10
a 676 543 0 19 7
a 676 646 0 14 4
a 676 694 0 20 10
a 677 725 0 49 6
a 677 972 0 18 4
a 677 931 0 44 1
a 677 890 0 45 6
a 677 570 0 15 4
a 679 178 0 49 3
a 679 960 0 11 9
a 679 144 0 35 1
a 679 442 0 2 5
a 679 537 0 48 10
a 680 128 0 49 10
a 680 719 0 27 3
a 680 332 0 2 3
a 681 17 0 49 8
a 681 577 0 47 1
a 681 828 0 40 8
a 681 782 0 34 5
a 681 4 0 31 4
a 682 947 0 49 7
a 682 382 0 13 6
a 682 349 0 3 2
a 682 506 0 50 3
a 682 176 0 27 4
a 683 543 0 49 6
a 683 899 0 45 10
a 683 904 0 21 1
a 683 273 0 21 3
a 683 514 0 13 4
a 684 699 0 49 5
a 684 169 0 7 10
a 686 241 0 49 10
a 686 637 0 49 2
a 686 522 0 33 10
a 686 40 0 8 10
a 687 206 0 49 7
a 687 704 0 35 5
a 687 718 0 46 7
a 687 699 0 27 9
a 688 87 0 49 3
a 688 736 0 21 2
a 688 349 0 33 4
a 688 730 0 24 7
a 688 913 0 25 4
a 688 746 0 42 2
a 689 623 0 49 7
a 689 441 0 8 3
a 689 280 0 11 7
a 690 310 0 49 3
a 690 509 0 28 10
a 690 865 0 4 9
a 690 520 0 19 9
a 691 120 0 49 9
a 691 268 0 11 10
a 691 667 0 16 1
a 691 830 0 21 5
a 695 682 0 49 2
a 695 275 0 34 2
a 695 142 0 3 5
a 695 371 0 31 6
a 695 407 0 27 8
a 695 663 0 24 1
a 699 196 0 49 1
a 699 298 0 15 6
a 699 573 0 13 2
a 699 734 0 31 6
a 700 370 0 49 10
a 700 810 0 31 5
a 700 868 0 47 6
a 700 921 0 16 6
a 700 390 0 37 5
a 700 768 0 39 2
a 702 823 0 49 3
a 702 160 0 32 4
a 702 479 0 3 1
a 702 241 0 2 6
a 702 529 0 28 5
a 703 502 0 49 8
a 703 65 0 40 7
a 709 713 0 49 8
a 709 526 0 12 9
a 709 904 0 34 3
a 709 882 0 13 10
a 709 535 0 23 8
a 709 156 0 31 4
a 710 207 0 49 6
a 710 123 0 11 7
a 710 372 0 17 5
a 710 795 0 13 8
a 710 920 0 13 5
a 710 46 0 38 8
a 711 889 0 49 5
a 711 674 0 33 8
a 711 984 0 40 9
a 711 400 0 28 3
a 712 679 0 49 6
a 712 239 0 43 5
a 712 289 0 10 2
a 712 163 0 25 1
a 712 75 0 38 6
a 713 477 0 49 5
a 713 406 0 24 4
a 713 97 0 45 10
a 714 904 0 49 7
a 714 295 0 10 5
a 714 969 0 25 2
a 716 656 0 49 6
a 716 568 0 17 6
a 718 797 0 49 10
a 718 598 0 40 8
a 718 409 0 41 6
a 718 799 0 50 2
a 721 913 0 49 2
a 721 875 0 31 8
a 722 325 0 49 1
a 722 105 0 46 9
a 722 725 0 20 1
a 725 228 0 49 4
a 725 775 0 37 2
a 725 788 0 42 7
a 726 394 0 49 2
a 726 798 0 48 8
a 726 400 0 0 4
a 731 153 0 49 9
a 731 999 0 49 10
a 731 345 0 0 8
a 731 544 0 37 3
a 731 489 0 40 1
a 731 278 0 19 9
a 731 542 0 37 7
a 734 226 0 49 10
a 734 760 0 5 4
a 734 680 0 42 5
a 736 861 0 49 3
a 736 438 0 22 10
a 736 711 0 28 4
a 736 325 0 39 5
a 736 70 0 15 4
a 736 724 0 41 2
a 737 183 0 49 4
a 737 92 0 48 10
a 737 46 0 29 5
a 737 112 0 13 4
a 737 96 0 6 8
a 740 395 0 49 1
a 740 567 0 0 5
a 740 471 0 47 5
a 741 66 0 49 1
a 741 131 0 26 9
a 741 380 0 47 2
a 741 153 0 18 9
a 741 156 0 49 4
a 742 217 0 49 4
a 742 870 0 20 7
a 742 154 0 39 9
a 742 30 0 48 9
a 742 622 0 35 2
a 742 628 0 42 1
a 743 601 0 49 7
a 743 472 0 34 2
a 743 142 0 50 3
a 743 146 0 10 10
a 745 63 0 49 5
a 745 267 0 20 2
a 745 644 0 18 10
a 745 958 0 19 2
a 746 714 0 49 10
a 746 264 0 45 2
a 746 415 0 38 9
a 746 436 0 43 8
a 749 908 0 49 1
a 749 771 0 6 4
a 749 109 0 10 6
a 749 115 0 32 7
a 749 693 0 1 5
a 750 251 0 49 10
a 750 69 0 0 10
a 750 138 0 39 10
a 751 484 0 49 9
a 751 195 0 26 2
a 751 947 0 31 6
a 751 655 0 44 2
a 751 198 0 35 2
a 754 541 0 49 2
a 754 417 0 23 2
a 754 86 0 45 8
a 754 25 0 36 6
a 754 361 0 22 9
a 754 553 0 45 9
a 756 998 0 49 9
a 756 260 0 1 9
a 756 148 0 46 1
a 756 251 0 15 5
a 756 110 0 1 9
a 757 515 0 49 2
a 757 248 0 25 8
a 759 299 0 49 5
a 759 283 0 28 2
a 759 495 0 5 5
a 759 289 0 41 2
a 759 343 0 6 1
a 759 310 0 21 6
a 762 441 0 49 2
a 762 851 0 46 10
a 762 968 0 42 7
a 762 763 0 50 10
a 762 78 0 7 2
a 762 163 0 0 1
a 766 986 0 49 1
a 766 671 0 19 3
a 766 654 0 13 5
a 768 614 0 49 10
a 768 377 0 12 7
a 768 887 0 48 6
a 768 406 0 32 4
a 768 953 0 10 8
a 768 132 0 40 1
a 769 810 0 49 7
a 769 520 0 14 3
a 769 182 0 43 9
a 769 365 0 15 1
a 769 448 0 13 8
a 770 386 0 49 10
a 770 324 0 38 9
a 770 471 0 44 3
a 770 385 0 23 6
a 773 364 0 49 1
a 773 334 0 32 3
a 773 211 0 3 8
a 775 726 0 49 6
a 775 128 0 47 1
a 775 633 0 33 9
a 775 298 0 39 6
a 777 971 0 49 2
a 777 633 0 14 8
a 777 174 0 38 1
a 777 454 0 11 1
a 778 253 0 49 4
a 778 133 0 5 7
a 778 829 0 1 4
a 778 20 0 47 1
a 778 721 0 22 9
a 780 757 0 49 3
a 780 718 0 25 4
a 780 907 0 22 6
a 780 841 0 24 7
a 780 87 0 2 9
a 780 641 0 3 10
a 788 369 0 49 2
a 788 92 0 48 4
a 788 224 0 0 8
a 788 584 0 15 9
a 788 342 0 49 5
a 788 308 0 1 3
a 789 572 0 49 4
a 789 959 0 31 6
a 793 474 0 49 8
a 793 32 0 42 1
a 793 460 0 46 7
a 793 908 0 35 5
a 793 882 0 46 1
a 797 645 0 49 7
a 797 992 0 44 5
a 797 418 0 27 5
a 797 700 0 33 1
a 797 305 0 40 10
a 797 399 0 42 10
a 798 19 0 49 6
a 798 506 0 12 4
a 798 63 0 15 10
a 798 753 0 11 2
a 798 666 0 37 7
a 798 946 0 47 3
a 800 768 0 49 6
a 800 181 0 10 3
a 804 446 0 49 10
a 804 969 0 11 10
a 804 861 0 8 9
a 804 679 0 22 8
a 807 816 0 49 4
a 807 821 0 46 1
a 807 581 0 22 7
a 807 366 0 27 10
a 808 940 0 49 1
a 808 54 0 0 2
a 808 849 0 13 2
a 809 575 0 49 1
a 809 217 0 23 5
a 810 687 0 49 9
a 810 278 0 39 10
a 812 83 0 49 9
a 812 509 0 24 6
a 812 609 0 35 9
a 813 680 0 49 8
a 813 240 0 46 1
a 813 701 0 8 6
a 813 550 0 41 6
a 814 666 0 49 3
a 814 152 0 17 1
a 814 888 0 2 9
a 814 213 0 39 2
a 816 184 0 49 7
a 816 643 0 30 9
a 816 273 0 32 10
a 818 182 0 49 5
a 818 490 0 39 3
a 818 273 0 42 4
a 818 95 0 48 8
a 819 180 0 49 9
a 819 414 0 43 8
a 819 325 0 28 3
a 819 422 0 17 6
a 820 793 0 49 8
a 820 944 0 22 9
a 820 776 0 44 2
a 821 977 0 49 7
a 821 132 0 32 8
a 821 720 0 12 7
a 821 641 0 49 3
a 821 38 0 36 1
a 821 42 0 2 3
a 822 789 0 49 4
a 822 532 0 33 5
a 822 210 0 34 10
a 822 618 0 2 5
a 822 122 0 3 9
a 823 584 0 49 10
a 823 967 0 33 6
a 824 604 0 49 9
a 824 418 0 6 6
a 824 521 0 15 1
a 825 627 0 49 7
a 825 270 0 21 6
a 825 829 0 17 7
a 825 957 0 34 6
a 826 326 0 49 2
a 826 403 0 4 1
a 826 928 0 21 1
a 826 870 0 34 9
a 826 647 0 25 10
a 826 663 0 23 5
a 832 163 0 49 8
a 832 738 0 36 9
a 832 165 0 36 9
a 833 769 0 49 2
a 833 283 0 18 9
a 833 28 0 50 7
a 833 642 0 6 4
a 833 69 0 49 10
a 833 41 0 26 7
a 834 960 0 49 2
a 834 352 0 36 6
a 834 870 0 49 3
a 835 603 0 49 5
a 835 812 0 43 8
a 835 115 0 5 3
a 835 228 0 47 1
a 835 485 0 9 2
a 835 190 0 23 9
a 836 349 0 49 1
a 836 480 0 17 7
a 836 889 0 6 4
a 836 956 0 10 5
a 836 640 0 21 5
a 842 684 0 49 7
a 842 85 0 38 5
a 842 108 0 1 7
a 845 172 0 49 7
a 845 260 0 5 8
a 845 269 0 22 5
a 847 535 0 49 4
a 847 298 0 22 3
a 847 765 0 49 9
a 847 575 0 30 4
a 847 842 0 12 4
a 847 87 0 39 5
a 848 9 0 49 10
a 848 154 0 12 8
a 853 124 0 49 1
a 853 517 0 5 4
a 853 436 0 30 5
a 856 464 0 49 6
a 856 30 0 37 6
a 858 718 0 49 4
a 858 491 0 45 4
a 858 171 0 17 6
a 858 110 0 7 10
a 858 98 0 22 10
a 858 76 0 32 7
a 860 853 0 49 8
a 860 667 0 18 5
a 861 874 0 49 2
a 861 993 0 36 9
a 861 929 0 17 7
a 861 167 0 0 9
a 861 618 0 17 2
a 863 274 0 49 2
a 863 180 0 47 1
a 863 494 0 18 9
a 863 82 0 22 5
a 864 866 0 49 7
a 864 571 0 18 2
a 864 332 0 6 6
a 864 168 0 44 7
a 864 921 0 39 1
a 864 854 0 39 10
a 866 655 0 49 9
a 866 664 0 7 5
a 866 547 0 35 10
a 866 10 0 19 4
a 869 963 0 49 10
a 869 904 0 43 6
a 869 116 0 16 6
a 869 39 0 16 3
a 869 68 0 13 2
a 869 279 0 33 7
a 870 832 0 49 6
a 870 633 0 3 10
a 870 902 0 0 1
a 871 100 0 49 3
a 871 516 0 49 5
a 871 907 0 44 2
a 871 744 0 26 1
a 874 105 0 49 1
a 874 575 0 24 9
a 874 214 0 10 10
a 874 377 0 44 1
a 874 656 0 3 10
a 875 367 0 49 5
a 875 98 0 43 6
a 875 476 0 23 3
a 875 611 0 17 4
a 875 961 0 39 1
a 876 594 0 49 7
a 876 185 0 11 6
a 876 990 0 41 2
a 876 738 0 46 1
a 876 80 0 39 3
a 879 690 0 49 4
a 879 413 0 39 2
a 879 38 0 9 1
a 882 60 0 49 8
a 882 808 0 16 8
a 882 835 0 15 2
a 882 514 0 30 5
a 882 936 0 49 4
a 882 171 0 17 5
a 883 179 0 49 8
a 883 701 0 45 5
a 883 247 0 35 2
a 883 811 0 19 8
a 883 351 0 40 7
a 884 353 0 49 2
a 884 840 0 1 2
a 884 678 0 4 10
a 884 534 0 17 2
a 886 354 0 49 8
a 886 603 0 48 8
a 888 499 0 49 8
a 888 895 0 41 9
a 888 548 0 10 3
a 888 92 0 45 1
a 888 950 0 1 8
a 888 39 0 21 7
a 889 931 0 49 2
a 889 508 0 0 9
a 889 252 0 21 1
a 889 63 0 32 10
a 889 583 0 40 2
a 890 285 0 49 8
a 890 693 0 26 8
a 890 859 0 37 7
a 890 644 0 15 3
a 893 814 0 49 6
a 893 956 0 35 5
a 893 75 0 2 7
a 893 816 0 1 9
a 893 437 0 16 1
a 893 966 0 16 2
a 895 734 0 49 6
a 895 866 0 1 4
a 895 609 0 43 5
a 896 759 0 49 9
a 896 431 0 29 9
a 898 225 0 49 3
a 898 619 0 18 10
a 898 57 0 16 4
a 899 722 0 49 3
a 899 783 0 36 2
a 899 800 0 4 8
a 899 935 0 48 6
a 899 596 0 28 10
a 899 668 0 5 10
a 900 90 0 49 2
a 900 69 0 15 4
a 904 315 0 49 9
a 904 220 0 39 5
a 904 683 0 15 8
a 904 588 0 0 1
a 904 838 0 40 7
a 904 467 0 50 6
a 905 557 0 49 4
a 905 809 0 37 6
a 905 388 0 28 6
a 905 726 0 40 8
a 906 3 0 49 7
a 906 541 0 25 8
a 906 183 0 39 9
a 908 863 0 49 2
a 908 153 0 18 2
a 908 574 0 40 9
a 908 400 0 2 6
a 908 401 0 22 1
a 908 434 0 33 1
a 909 340 0 49 3
a 909 597 0 45 8
a 909 659 0 28 5
a 909 447 0 11 9
a 909 123 0 11 8
a 909 255 0 10 3
a 910 249 0 49 8
a 910 259 0 8 2
a 911 509 0 49 2
a 911 603 0 34 3
a 911 568 0 14 3
a 911 555 0 44 5
a 911 66 0 32 9
a 913 921 0 49 1
a 913 662 0 15 9
a 914 607 0 49 1
a 914 823 0 5 10
a 914 710 0 44 4
a 914 750 0 33 2
a 914 535 0 11 9
a 914 7 0 32 6
a 918 743 0 49 2
a 918 493 0 30 8
a 918 557 0 17 6
a 921 263 0 49 3
a 921 579 0 19 10
a 921 859 0 38 7
a 921 438 0 1 10
a 923 231 0 49 6
a 923 73 0 3 8
a 925 896 0 49 5
a 925 191 0 50 6
a 925 553 0 5 10
a 925 674 0 6 3
a 925 128 0 37 6
a 925 328 0 14 4
a 926 974 0 49 3
a 926 466 0 5 9
a 926 572 0 38 3
a 929 749 0 49 1
a 929 957 0 0 1
a 929 870 0 35 8
a 929 287 0 23 10
a 929 411 0 46 6
a 929 602 0 27 7
a 931 895 0 49 9
a 931 643 0 31 8
a 931 580 0 33 9
a 931 826 0 4 2
a 931 275 0 23 1
a 937 695 0 49 5
a 937 550 0 24 2
a 937 982 0 12 8
a 939 433 0 49 10
a 939 867 0 39 4
a 939 716 0 11 5
a 939 944 0 24 10
a 940 762 0 49 4
a 940 942 0 46 2
a 940 339 0 33 7
a 940 772 0 42 3
a 943 988 0 49 7
a 943 26 0 26 2
a 943 465 0 37 3
a 943 109 0 10 10
a 944 398 0 49 2
a 944 37 0 27 5
a 946 159 0 49 5
a 946 527 0 2 5
a 946 229 0 30 2
a 946 888 0 46 5
a 946 929 0 3 2
a 946 858 0 45 5
a 947 615 0 49 9
a 947 610 0 24 8
a 947 707 0 0 1
a 947 173 0 24 5
a 947 983 0 20 4
a 948 201 0 49 2
a 948 792 0 11 4
a 949 29 0 49 4
a 949 548 0 4 10
a 949 864 0 11 1
a 957 357 0 49 8
a 957 510 0 48 6
a 957 253 0 3 9
a 957 469 0 11 5
a 957 413 0 25 1
a 957 7 0 11 8
a 960 536 0 49 3
a 960 425 0 6 5
a 961 681 0 49 7
a 961 93 0 44 7
a 961 769 0 8 3
a 961 348 0 38 4
a 962 32 0 49 8
a 962 318 0 13 5
a 962 682 0 0 3
a 962 452 0 7 10
a 962 22 0 15 7
a 962 696 0 36 7
a 963 5 0 49 3
a 963 704 0 33 9
a 963 452 0 16 6
a 963 357 0 0 8
a 963 17 0 10 1
a 963 490 0 15 10
a 964 470 0 49 5
a 964 663 0 10 7
a 964 784 0 40 6
a 964 929 0 26 3
a 964 975 0 6 6
a 964 510 0 1 4
a 966 53 0 49 7
a 966 740 0 45 9
a 967 946 0 49 2
a 967 728 0 19 7
a 967 71 0 16 4
a 967 555 0 32 7
a 968 246 0 49 10
a 968 776 0 3 8
a 968 810 0 37 8
a 968 707 0 33 6
a 968 643 0 4 9
a 969 886 0 49 2
a 969 310 0 13 7
a 969 827 0 49 5
a 971 69 0 49 9
a 971 177 0 32 6
a 971 783 0 19 9
a 971 356 0 40 1
a 974 754 0 49 9
a 974 306 0 46 2
a 974 423 0 26 7
a 974 62 0 3 6
a 974 869 0 31 2
a 976 267 0 49 1
a 976 49 0 0 10
a 977 985 0 49 2
a 977 426 0 19 8
a 977 185 0 13 5
a 977 86 0 25 1
a 977 215 0 42 8
a 977 786 0 35 6
a 978 751 0 49 3
a 978 634 0 0 4
a 978 458 0 8 7
a 983 342 0 49 3
a 983 592 0 20 9
a 983 765 0 16 5
a 984 216 0 49 10
a 984 328 0 42 10
a 984 117 0 13 8
a 984 312 0 3 8
a 984 6 0 15 7
a 984 400 0 46 10
a 985 140 0 49 7
a 985 511 0 1 4
a 985 440 0 27 4
a 985 679 0 14 2
a 985 427 0 46 8
a 985 444 0 43 4
a 986 278 0 49 9
a 986 153 0 12 5
a 986 336 0 41 7
a 986 749 0 30 2
a 986 544 0 19 5
a 987 437 0 49 4
a 987 906 0 21 2
a 988 417 0 49 4
a 988 303 0 42 1
a 988 213 0 18 4
a 988 800 0 41 1
a 988 205 0 27 7
a 988 221 0 45 1
a 989 906 0 49 7
a 989 189 0 39 8
a 989 479 0 16 5
a 989 808 0 28 4
a 989 842 0 12 6
a 991 560 0 49 8
a 991 984 0 13 6
a 991 708 0 33 7
a 991 739 0 23 5
a 992 453 0 49 4
a 992 876 0 41 5
a 993 447 0 49 1
a 993 889 0 20 1
a 993 560 0 26 4
a 993 924 0 33 7
a 993 547 0 17 1
a 998 193 0 49 4
a 998 518 0 33 1
a 998 556 0 26 8
a 998 958 0 47 8
a 998 656 0 46 1
a 2 322 0 1 1
a 2 745 0 11 3
a 2 450 0 6 8
a 2 538 0 23 9
a 2 16 0 8 4
a 6 148 0 1 7
a 6 55 0 45 3
a 6 585 0 16 3
a 6 863 0 26 8
a 8 255 0 1 1
a 8 152 0 43 6
a 12 922 0 1 1
a 12 988 0 49 4
a 12 288 0 15 5
a 12 615 0 1 5
a 12 371 0 0 3
a 14 363 0 1 9
a 14 264 0 36 1
a 14 759 0 30 3
a 14 286 0 5 2
a 14 887 0 25 2
a 14 232 0 28 3
a 16 846 0 1 9
a 16 345 0 23 10
a 16 187 0 29 6
a 16 591 0 9 8
a 16 634 0 2 3
a 16 899 0 0 8
a 18 532 0 1 3
a 18 318 0 48 2
a 20 784 0 1 4
a 20 503 0 2 1
a 20 677 0 34 7
a 20 812 0 17 4
a 21 504 0 1 7
a 21 895 0 32 9
a 21 713 0 36 8
a 21 223 0 50 2
a 21 666 0 48 9
a 21 622 0 39 5
a 24 396 0 1 2
a 24 148 0 22 10
a 24 876 0 46 2
a 24 283 0 22 7
a 24 625 0 45 9
a 24 561 0 10 10
a 25 512 0 1 3
a 25 703 0 49 5
a 25 799 0 42 3
a 28 413 0 1 6
a 28 451 0 16 1
a 28 236 0 41 7
a 31 651 0 1 4
a 31 35 0 47 9
a 31 370 0 17 6
a 31 539 0 23 3
a 31 513 0 25 2
a 33 332 0 1 8
a 33 104 0 39 7
a 33 569 0 25 8
a 33 206 0 46 4
a 34 487 0 1 5
a 34 733 0 40 5
a 34 284 0 1 4
a 34 324 0 4 4
a 34 612 0 48 3
a 36 597 0 1 1
a 36 99 0 2 10
a 36 272 0 9 10
a 36 201 0 42 7
a 37 275 0 1 9
a 37 586 0 6 6
a 37 854 0 26 4
a 39 138 0 1 7
a 39 9 0 30 9
a 39 485 0 3 7
a 39 273 0 27 2
a 41 88 0 1 3
a 41 412 0 50 7
a 41 330 0 25 5
a 41 679 0 24 10
a 41 606 0 14 4
a 41 912 0 1 2
a 44 229 0 1 3
a 44 576 0 17 3
a 44 336 0 36 9
a 46 92 0 1 10
a 46 980 0 10 9
a 46 943 0 38 4
a 46 284 0 20 3
a 46 693 0 29 10
a 48 928 0 1 5
a 48 565 0 32 8
a 48 787 0 1 6
a 48 724 0 49 1
a 50 644 0 1 5
a 50 785 0 36 7
a 50 161 0 49 10
a 50 362 0 9 6
a 52 73 0 1 8
a 52 863 0 50 5
a 55 316 0 1 1
a 55 336 0 9 10
a 55 427 0 33 5
a 55 121 0 6 5
a 57 18 0 1 7
a 57 657 0 37 6
a 57 632 0 28 5
a 57 110 0 43 9
a 61 390 0 1 3
a 61 463 0 23 2
a 61 573 0 29 9
a 61 231 0 5 5
a 61 620 0 49 4
a 61 534 0 10 7
a 62 608 0 1 9
a 62 241 0 31 3
a 62 75 0 6 10
a 62 73 0 17 4
a 62 588 0 8 6
a 65 892 0 1 1
a 65 807 0 24 1
a 65 661 0 33 10
a 65 399 0 20 9
a 65 348 0 39 8
a 65 37 0 14 3
a 67 379 0 1 3
a 67 357 0 9 5
a 67 654 0 2 9
a 67 812 0 49 8
a 67 81 0 41 10
a 67 388 0 2 9
a 68 286 0 1 6
a 68 334 0 5 9
a 68 696 0 23 1
a 70 802 0 1 6
a 70 511 0 49 9
a 70 115 0 33 5
a 70 727 0 8 4
a 70 425 0 5 2
a 72 33 0 1 3
a 72 200 0 11 7
a 72 51 0 19 7
a 72 561 0 50 3
a 73 328 0 1 4
a 73 74 0 3 6
a 73 103 0 37 7
a 73 110 0 38 8
a 73 56 0 23 5
a 74 152 0 1 10
a 74 802 0 9 2
a 74 295 0 28 2
a 74 840 0 6 8
a 74 801 0 2 9
a 76 605 0 1 9
a 76 702 0 17 3
a 76 332 0 7 5
a 76 107 0 21 10
a 76 626 0 46 7
a 77 544 0 1 7
a 77 541 0 0 8
a 79 640 0 1 4
a 79 445 0 16 3
a 79 289 0 4 10
a 82 89 0 1 7
a 82 783 0 36 2
a 84 311 0 1 6
a 84 979 0 39 6
a 84 359 0 22 7
a 84 62 0 10 4
a 84 185 0 33 2
a 84 511 0 26 6
a 88 902 0 1 8
a 88 654 0 35 10
a 88 925 0 9 3
a 88 507 0 4 3
a 88 550 0 29 7
a 88 406 0 18 1
a 89 48 0 1 2
a 89 902 0 24 9
a 89 586 0 42 8
a 92 16 0 1 4
a 92 177 0 0 6
a 92 25 0 33 2
a 92 780 0 37 8
a 92 426 0 45 10
a 97 503 0 1 4
a 97 619 0 6 10
a 97 224 0 45 9
a 97 332 0 32 9
a 97 423 0 30 4
a 99 868 0 1 10
a 99 66 0 3 2
a 99 841 0 44 6
a 99 451 0 26 7
a 103 878 0 1 7
a 103 904 0 23 3
a 103 186 0 13 8
a 103 723 0 47 4
a 104 258 0 1 1
a 104 534 0 44 10
a 106 435 0 1 3
a 106 396 0 16 1
a 108 374 0 1 8
a 108 47 0 37 8
a 108 167 0 38 9
a 108 472 0 46 9
a 108 997 0 20 2
a 110 571 0 1 10
a 110 225 0 16 4
a 111 425 0 1 6
a 111 463 0 18 1
a 111 602 0 44 2
a 111 423 0 40 8
a 113 955 0 1 4
a 113 380 0 6 9
a 113 576 0 29 8
a 114 171 0 1 4
a 114 900 0 9 10
a 117 670 0 1 3
a 117 3 0 45 8
a 117 787 0 25 7
a 118 272 0 1 2
a 118 33 0 14 7
a 118 7 0 22 3
a 118 436 0 31 7
a 118 168 0 12 9
a 119 97 0 1 7
a 119 690 0 40 7
a 119 681 0 6 2
a 122 259 0 1 1
a 122 591 0 12 4
a 122 68 0 7 9
a 122 93 0 46 4
a 125 108 0 1 2
a 125 617 0 5 10
a 126 764 0 1 10
a 126 108 0 4 6
a 127 551 0 1 7
a 127 177 0 49 9
a 127 305 0 7 4
a 127 944 0 37 7
a 127 197 0 12 6
a 129 639 0 1 2
a 129 459 0 7 2
a 129 196 0 39 7
a 129 286 0 42 9
a 130 427 0 1 8
a 130 835 0 20 1
a 131 418 0 1 5
a 131 774 0 3 2
a 131 72 0 9 1
a 131 514 0 38 4
a 132 339 0 1 2
a 132 525 0 27 9
a 132 718 0 48 5
a 132 736 0 41 3
a 132 273 0 40 10
a 133 935 0 1 9
a 133 792 0 36 10
a 133 401 0 21 7
a 133 791 0 41 7
a 134 827 0 1 5
a 134 1000 0 1 1
a 134 436 0 24 9
a 134 742 0 45 1
a 134 771 0 22 7
a 135 668 0 1 10
a 135 761 0 5 10
a 135 216 0 0 7
a 135 804 0 20 5
a 136 501 0 1 8
a 136 488 0 4 2
a 137 924 0 1 7
a 137 642 0 14 7
a 137 90 0 36 5
a 137 897 0 18 8
a 137 636 0 0 9
a 137 768 0 1 4
a 138 385 0 1 6
a 138 611 0 15 4
a 138 503 0 18 1
a 138 551 0 37 6
a 138 356 0 36 2
a 138 771 0 46 7
a 139 867 0 1 7
a 139 914 0 39 5
a 139 970 0 7 10
a 139 385 0 21 9
a 139 981 0 2 5
a 139 520 0 29 8
a 142 599 0 1 10
a 142 940 0 50 3
a 142 751 0 7 8
a 144 620 0 1 10
a 144 324 0 9 4
a 144 587 0 5 5
a 145 434 0 1 8
a 145 152 0 32 4
a 145 193 0 33 7
a 146 622 0 1 1
a 146 479 0 46 4
a 146 210 0 32 2
a 147 839 0 1 9
a 147 775 0 43 7
a 148 428 0 1 5
a 148 303 0 8 3
a 148 577 0 3 2
a 150 518 0 1 2
a 150 581 0 12 7
a 150 881 0 34 8
a 150 276 0 26 2
a 151 779 0 1 7
a 151 490 0 17 4
a 151 607 0 39 10
a 151 430 0 14 3
a 151 920 0 32 7
a 152 362 0 1 8
a 152 250 0 15 7
a 152 34 0 12 2
a 152 426 0 16 8
a 152 271 0 10 10
a 152 781 0 31 10
a 155 844 0 1 1
a 155 178 0 23 3
a 155 870 0 12 1
a 157 420 0 1 5
a 157 150 0 40 9
a 157 463 0 9 3
a 157 353 0 14 7
a 157 477 0 1 2
a 157 450 0 33 9
a 160 483 0 1 4
a 160 808 0 1 4
a 160 304 0 46 3
a 160 888 0 29 1
a 160 769 0 20 7
a 164 806 0 1 5
a 164 142 0 7 7
a 164 674 0 33 7
a 164 497 0 21 5
a 164 101 0 5 2
a 164 532 0 23 3
a 166 619 0 1 4
a 166 913 0 33 10
a 166 956 0 46 9
a 166 520 0 19 2
a 166 547 0 5 9
a 166 994 0 12 9
a 167 208 0 1 9
a 167 319 0 39 6
a 168 44 0 1 3
a 168 329 0 50 10
a 168 20 0 20 5
a 168 707 0 35 1
a 169 68 0 1 1
a 169 829 0 30 3
a 169 969 0 43 7
a 169 722 0 31 8
a 170 626 0 1 7
a 170 376 0 35 3
a 170 734 0 45 5
a 170 698 0 27 9
a 171 685 0 1 5
a 171 925 0 26 3
a 171 508 0 45 9
a 171 353 0 5 4
a 171 273 0 30 4
a 171 766 0 8 4
a 173 927 0 1 8
a 173 914 0 15 9
a 173 838 0 24 6
a 173 379 0 22 5
a 174 678 0 1 7
a 174 731 0 39 3
a 174 796 0 48 7
a 174 592 0 8 3
a 174 704 0 11 6
a 175 157 0 1 7
a 175 752 0 25 8
a 175 348 0 6 5
a 175 180 0 17 10
a 175 492 0 40 5
a 175 46 0 8 7
a 176 565 0 1 10
a 176 270 0 4 4
a 176 304 0 37 4
a 176 251 0 9 6
a 177 586 0 1 8
a 177 558 0 50 4
a 177 710 0 1 4
a 177 950 0 6 5
a 177 674 0 37 1
a 177 249 0 13 6
a 185 880 0 1 2
a 185 108 0 24 10
a 185 533 0 36 6
a 185 678 0 2 2
a 185 101 0 23 1
a 187 912 0 1 8
a 187 460 0 42 10
a 187 628 0 14 6
a 187 107 0 34 3
a 187 454 0 17 2
a 187 833 0 0 8
a 188 941 0 1 5
a 188 896 0 15 2
a 188 505 0 37 4
a 188 750 0 40 2
a 188 100 0 42 7
a 188 46 0 18 1
a 194 794 0 1 10
a 194 862 0 25 10
a 194 782 0 7 10
a 195 122 0 1 4
a 195 66 0 36 9
a 195 63 0 21 10
a 195 618 0 8 1
a 195 829 0 36 7
a 195 319 0 5 8
a 202 559 0 1 7
a 202 84 0 40 7
a 202 118 0 49 6
a 202 39 0 33 9
a 204 329 0 1 4
a 204 474 0 43 3
a 204 979 0 15 10
a 205 953 0 1 1
a 205 293 0 22 8
a 205 639 0 14 9
a 205 545 0 26 8
a 205 371 0 4 6
a 208 830 0 1 10
a 208 502 0 27 5
a 209 151 0 1 7
a 209 264 0 10 6
a 209 695 0 27 1
a 209 325 0 28 1
a 211 308 0 1 9
a 211 565 0 1 10
a 211 710 0 0 2
a 211 928 0 15 10
a 211 954 0 48 2
a 214 665 0 1 3
a 214 666 0 5 8
a 215 110 0 1 4
a 215 66 0 2 10
a 215 156 0 18 4
a 215 317 0 29 3
a 221 247 0 1 6
a 221 739 0 0 6
a 222 252 0 1 1
a 222 13 0 18 2
a 222 823 0 32 7
a 222 728 0 3 8
a 223 693 0 1 3
a 223 454 0 2 7
a 223 741 0 13 2
a 223 26 0 44 1
a 223 765 0 39 8
a 229 625 0 1 2
a 229 795 0 19 1
a 229 554 0 40 8
a 229 734 0 7 8
a 229 604 0 13 8
a 232 341 0 1 6
a 232 949 0 8 7
a 233 280 0 1 2
a 233 349 0 17 4
a 236 282 0 1 7
a 236 353 0 38 10
a 236 624 0 5 9
a 237 440 0 1 1
a 237 578 0 36 9
a 237 798 0 37 7
a 238 803 0 1 8
a 238 89 0 46 10
a 238 320 0 30 10
a 238 587 0 46 6
a 239 792 0 1 2
a 239 835 0 39 5
a 239 378 0 11 1
a 239 379 0 2 9
a 240 990 0 1 3
a 240 854 0 49 10
a 242 185 0 1 2
a 242 743 0 0 4
a 242 134 0 0 5
a 242 591 0 50 10
a 247 570 0 1 7
a 247 593 0 0 2
a 247 307 0 49 1
a 247 15 0 32 8
a 247 644 0 28 7
a 247 735 0 24 10
a 248 636 0 1 10
a 248 961 0 39 8
a 248 593 0 11 9
a 248 942 0 19 8
a 248 627 0 27 8
a 252 593 0 1 3
a 252 645 0 40 10
a 252 747 0 8 3
a 252 471 0 34 9
a 252 392 0 10 6
a 255 114 0 1 3
a 255 137 0 11 3
a 255 903 0 15 6
a 255 397 0 28 5
a 255 273 0 24 5
a 255 924 0 20 9
a 256 265 0 1 4
a 256 50 0 45 4
a 256 825 0 32 1
a 256 987 0 50 4
a 256 707 0 1 7
a 258 617 0 1 6
a 258 598 0 2 10
a 258 561 0 34 6
a 258 691 0 13 7
a 258 873 0 45 5
a 258 638 0 21 9
a 259 752 0 1 2
a 259 325 0 42 6
a 259 914 0 6 4
a 260 942 0 1 1
a 260 244 0 6 7
a 260 280 0 34 6
a 260 336 0 2 10
a 261 831 0 1 6
a 261 379 0 29 3
a 262 242 0 1 2
a 262 465 0 0 2
a 262 757 0 22 8
a 264 239 0 1 2
a 264 612 0 0 4
a 264 458 0 30 1
a 264 386 0 24 6
a 264 914 0 29 4
a 264 511 0 33 7
a 265 838 0 1 8
a 265 137 0 18 1
a 266 774 0 1 9
a 266 780 0 4 8
a 268 334 0 1 4
a 268 114 0 37 10
a 269 139 0 1 8
a 269 927 0 35 7
a 269 593 0 23 2
a 269 102 0 48 10
a 271 919 0 1 10
a 271 44 0 45 9
a 272 57 0 1 4
a 272 221 0 33 10
a 272 552 0 47 1
a 273 248 0 1 9
a 273 266 0 7 7
a 273 872 0 40 4
a 273 536 0 36 7
a 273 842 0 14 8
a 273 317 0 9 8
a 275 380 0 1 3
a 275 222 0 3 6
a 275 364 0 28 3
a 275 298 0 23 9
a 276 8 0 1 2
a 276 668 0 6 5
a 276 462 0 5 9
a 276 181 0 13 8
a 276 526 0 42 7
a 276 874 0 50 8
a 277 130 0 1 9
a 277 893 0 25 5
a 277 520 0 9 3
a 280 79 0 1 7
a 280 619 0 39 9
a 280 66 0 13 6
a 280 461 0 0 10
a 280 498 0 32 1
a 282 995 0 1 6
a 282 771 0 46 2
a 282 865 0 5 6
a 282 250 0 12 9
a 282 556 0 48 2
a 283 36 0 1 8
a 283 227 0 0 6
a 283 500 0 4 4
a 283 989 0 19 8
a 286 266 0 1 9
a 286 179 0 20 10
a 286 630 0 48 7
a 288 758 0 1 6
a 288 769 0 11 6
a 288 17 0 19 5
a 288 851 0 33 6
a 288 374 0 0 4
a 288 444 0 41 7
a 289 795 0 1 5
a 289 460 0 29 7
a 289 828 0 37 9
a 289 436 0 35 9
a 289 631 0 26 9
a 289 783 0 11 3
a 290 381 0 1 1
a 290 336 0 27 1
a 291 841 0 1 6
a 291 225 0 17 6
a 294 479 0 1 1
a 294 426 0 44 10
a 294 490 0 15 6
a 294 809 0 39 7
a 297 188 0 1 5
a 297 274 0 31 8
a 297 669 0 8 8
a 297 501 0 39 7
a 297 845 0 4 7
a 298 613 0 1 4
a 298 493 0 14 9
a 298 879 0 1 8
a 298 25 0 11 3
a 298 845 0 7 1
a 301 317 0 1 1
a 301 61 0 47 2
a 301 747 0 21 1
a 301 389 0 0 7
a 308 917 0 1 7
a 308 714 0 25 6
a 308 135 0 10 10
a 309 952 0 1 7
a 309 150 0 16 7
a 309 333 0 50 7
a 309 760 0 48 3
a 309 253 0 1 4
a 311 236 0 1 1
a 311 614 0 30 3
a 311 682 0 3 8
a 311 220 0 3 5
a 312 975 0 1 5
a 312 672 0 28 3
a 312 929 0 44 4
a 312 21 0 2 10
a 312 205 0 47 10
a 312 845 0 28 4
a 314 135 0 1 5
a 314 152 0 45 6
a 314 82 0 14 9
a 314 488 0 31 8
a 314 569 0 39 4
a 316 46 0 1 1
a 316 774 0 6 2
a 316 363 0 13 6
a 316 420 0 17 4
a 316 575 0 10 9
a 316 757 0 34 10
a 317 717 0 1 2
a 317 979 0 43 7
a 317 27 0 38 8
a 317 188 0 43 6
a 317 547 0 13 1
a 321 815 0 1 2
a 321 33 0 27 9
a 321 305 0 41 6
a 321 510 0 29 6
a 322 113 0 1 5
a 322 419 0 27 9
a 322 907 0 23 9
a 322 553 0 2 5
a 322 726 0 23 2
a 322 497 0 11 6
a 324 564 0 1 3
a 324 307 0 19 9
a 324 947 0 17 1
a 324 447 0 44 7
a 324 162 0 6 8
a 324 676 0 0 7
a 327 256 0 1 2
a 327 135 0 7 9
a 327 598 0 17 4
a 327 195 0 36 3
a 327 626 0 1 2
a 328 520 0 1 8
a 328 549 0 50 10
a 328 226 0 33 2
a 328 654 0 42 5
a 329 903 0 1 2
a 329 918 0 48 9
a 329 111 0 33 7
a 329 659 0 19 3
a 329 456 0 20 8
a 330 436 0 1 7
a 330 807 0 21 1
a 330 146 0 1 8
a 330 282 0 36 8
a 330 289 0 15 7
a 331 77 0 1 2
a 331 410 0 19 2
a 332 67 0 1 5
a 332 288 0 4 9
a 333 673 0 1 9
a 333 478 0 48 4
a 334 443 0 1 2
a 334 231 0 11 1
a 334 894 0 0 3
a 334 555 0 27 7
a 334 635 0 31 6
a 335 786 0 1 4
a 335 534 0 8 10
a 336 862 0 1 5
a 336 55 0 16 2
a 336 168 0 8 3
a 337 125 0 1 2
a 337 615 0 6 10
a 338 542 0 1 2
a 338 674 0 44 4
a 338 622 0 36 5
a 338 802 0 28 8
a 338 577 0 18 9
a 338 356 0 3 6
a 339 642 0 1 7
a 339 781 0 1 4
a 341 383 0 1 6
a 341 83 0 45 4
a 343 829 0 1 10
a 343 25 0 9 5
a 346 753 0 1 6
a 346 989 0 7 5
a 350 174 0 1 8
a 350 967 0 20 4
a 352 708 0 1 9
a 352 980 0 10 5
a 358 704 0 1 4
a 358 204 0 6 1
a 359 260 0 1 7
a 359 407 0 45 5
a 359 219 0 19 9
a 359 81 0 19 9
a 359 545 0 7 4
a 359 725 0 24 1
a 360 767 0 1 3
a 360 676 0 39 4
a 360 606 0 32 4
a 360 690 0 48 7
a 361 404 0 1 4
a 361 484 0 46 9
a 362 610 0 1 2
a 362 542 0 27 9
a 362 783 0 35 3
a 362 321 0 24 7
a 363 195 0 1 5
a 363 900 0 36 2
a 363 262 0 26 5
a 363 393 0 2 7
a 365 473 0 1 3
a 365 406 0 35 3
a 365 779 0 34 2
a 365 448 0 19 5
a 365 59 0 26 7
a 365 511 0 47 9
a 371 771 0 1 10
a 371 563 0 29 2
a 371 458 0 43 7
a 371 484 0 12 6
a 371 571 0 50 10
a 372 932 0 1 7
a 372 553 0 3 7
a 372 990 0 33 10
a 372 194 0 31 10
a 372 57 0 45 3
a 374 136 0 1 10
a 374 839 0 9 10
a 374 177 0 22 3
a 375 103 0 1 1
a 375 648 0 14 8
a 375 645 0 27 3
a 375 865 0 42 7
a 376 422 0 1 5
a 376 322 0 0 10
a 376 348 0 23 6
a 376 295 0 50 6
a 376 966 0 10 6
a 378 837 0 1 2
a 378 450 0 48 5
a 378 955 0 47 8
a 379 327 0 1 7
a 379 703 0 40 6
a 379 438 0 47 4
a 379 208 0 7 9
a 379 250 0 41 1
a 379 137 0 12 10
a 380 595 0 1 10
a 380 344 0 44 8
a 380 540 0 30 8
a 381 950 0 1 2
a 381 345 0 22 5
a 383 238 0 1 5
a 383 983 0 0 5
a 385 237 0 1 2
a 385 646 0 28 5
a 385 192 0 8 10
a 388 790 0 1 5
a 388 796 0 39 8
a 388 413 0 38 6
a 388 284 0 5 4
a 388 226 0 6 2
a 388 793 0 42 8
a 390 729 0 1 6
a 390 343 0 21 6
a 390 543 0 13 5
a 391 462 0 1 5
a 391 549 0 6 9
a 391 329 0 29 4
a 392 621 0 1 9
a 392 269 0 5 5
a 392 709 0 42 6
a 392 96 0 50 4
a 393 694 0 1 5
a 393 885 0 38 7
a 393 724 0 28 3
a 393 316 0 7 10
a 393 241 0 16 6
a 393 871 0 10 5
a 396 415 0 1 5
a 396 432 0 6 8
a 396 23 0 4 4
a 397 144 0 1 4
a 397 87 0 28 9
a 397 190 0 36 2
a 397 975 0 38 9
a 397 956 0 37 1
a 397 111 0 40 10
a 400 205 0 1 9
a 400 462 0 12 1
a 404 576 0 1 2
a 404 291 0 31 4
a 404 816 0 12 9
a 404 276 0 47 5
a 406 376 0 1 4
a 406 89 0 35 1
a 406 314 0 21 1
a 407 730 0 1 8
a 407 988 0 25 2
a 407 78 0 15 8
a 407 112 0 36 3
a 407 557 0 12 6
a 407 674 0 36 1
a 408 979 0 1 5
a 408 459 0 1 10
a 409 468 0 1 3
a 409 827 0 26 6
a 409 631 0 47 5
a 409 72 0 15 3
a 409 444 0 21 2
a 409 210 0 17 7
a 410 261 0 1 10
a 410 20 0 4 2
a 410 545 0 35 4
a 410 975 0 36 10
a 410 227 0 28 4
a 410 869 0 3 7
a 412 855 0 1 10
a 412 219 0 41 1
a 412 209 0 50 2
a 412 361 0 13 4
a 412 88 0 16 6
a 413 221 0 1 5
a 413 356 0 46 8
a 413 374 0 24 7
a 414 431 0 1 5
a 414 239 0 1 3
a 414 413 0 43 5
a 414 270 0 0 2
a 414 490 0 20 4
a 415 706 0 1 4
a 415 276 0 6 3
a 415 502 0 3 8
a 416 215 0 1 1
a 416 261 0 3 8
a 418 24 0 1 10
a 418 515 0 25 1
a 418 980 0 17 9
a 418 150 0 15 1
a 418 544 0 37 5
a 419 980 0 1 5
a 419 835 0 2 6
a 419 905 0 48 4
a 419 666 0 31 10
a 419 482 0 25 10
a 420 959 0 1 6
a 420 941 0 5 5
a 420 683 0 30 2
a 420 689 0 27 8
a 420 252 0 25 3
a 422 426 0 1 6
a 422 962 0 32 4
a 422 549 0 18 5
a 422 907 0 25 3
a 422 296 0 16 9
a 423 857 0 1 10
a 423 227 0 18 9
a 423 228 0 16 1
a 423 444 0 32 8
a 423 390 0 0 6
a 425 765 0 1 10
a 425 778 0 36 9
a 425 113 0 1 10
a 425 802 0 23 9
a 425 953 0 41 7
a 426 945 0 1 2
a 426 509 0 22 5
a 426 826 0 30 1
a 426 953 0 23 2
a 427 314 0 1 10
a 427 708 0 21 6
a 428 507 0 1 10
a 428 676 0 25 8
a 428 271 0 19 10
a 428 6 0 26 10
a 428 193 0 14 1
a 428 297 0 49 10
a 431 469 0 1 10
a 431 643 0 27 10
a 431 155 0 25 2
a 432 131 0 1 6
a 432 983 0 14 10
a 434 126 0 1 9
a 434 776 0 23 8
a 434 551 0 0 10
a 435 562 0 1 3
a 435 532 0 29 7
a 436 772 0 1 5
a 436 171 0 36 8
a 436 284 0 25 2
a 436 409 0 19 5
a 440 589 0 1 3
a 440 395 0 22 10
a 440 52 0 26 7
a 440 207 0 43 4
a 440 961 0 21 4
a 443 70 0 1 1
a 443 716 0 35 6
a 443 86 0 40 8
a 443 721 0 22 2
a 443 531 0 43 1
a 445 854 0 1 9
a 445 76 0 0 1
a 445 816 0 6 5
a 449 324 0 1 4
a 449 437 0 50 5
a 449 565 0 6 3
a 449 397 0 28 9
a 449 490 0 10 4
a 451 160 0 1 6
a 451 983 0 30 6
a 451 987 0 47 9
a 452 528 0 1 7
a 452 207 0 35 6
a 452 240 0 16 4
a 452 707 0 29 7
a 452 863 0 2 6
a 452 183 0 2 3
a 454 916 0 1 1
a 454 994 0 10 1
a 454 124 0 12 2
a 454 353 0 12 1
a 454 587 0 49 9
a 454 600 0 25 5
a 456 707 0 1 9
a 456 511 0 18 10
a 456 770 0 4 10
a 456 113 0 42 10
a 459 579 0 1 10
a 459 694 0 11 9
a 459 835 0 9 2
a 459 445 0 48 7
a 459 270 0 6 2
a 459 232 0 43 3
a 460 129 0 1 1
a 460 203 0 3 2
a 461 350 0 1 8
a 461 551 0 35 7
a 461 400 0 46 2
a 462 388 0 1 1
a 462 287 0 34 9
a 462 398 0 27 1
a 462 124 0 5 10
a 462 627 0 31 6
a 462 135 0 31 10
a 468 145 0 1 5
a 468 383 0 3 7
a 469 933 0 1 5
a 469 28 0 15 9
a 469 588 0 36 7
a 473 137 0 1 1
a 473 263 0 36 9
a 473 992 0 22 3
a 478 61 0 1 2
a 478 52 0 31 3
a 478 647 0 48 7
a 478 83 0 49 1
a 478 79 0 23 1
a 478 431 0 44 10
a 479 359 0 1 5
a 479 54 0 25 7
a 480 410 0 1 8
a 480 426 0 28 3
a 483 132 0 1 5
a 483 578 0 40 3
a 483 484 0 20 3
a 483 714 0 18 6
a 485 787 0 1 2
a 485 610 0 5 2
a 487 569 0 1 4
a 487 161 0 14 1
a 487 953 0 6 10
a 487 800 0 27 3
a 487 389 0 8 3
a 493 414 0 1 9
a 493 813 0 7 5
a 496 55 0 1 3
a 496 264 0 15 10
a 497 715 0 1 10
a 497 600 0 17 9
a 497 624 0 43 5
a 501 720 0 1 10
a 501 871 0 18 4
a 501 24 0 40 6
a 501 978 0 35 3
a 501 79 0 14 3
a 501 292 0 5 6
a 503 276 0 1 8
a 503 942 0 34 2
a 504 629 0 1 9
a 504 659 0 13 3
a 505 358 0 1 7
a 505 735 0 12 5
a 507 365 0 1 3
a 507 39 0 18 5
a 507 329 0 50 8
a 507 379 0 6 5
a 507 556 0 33 1
a 507 136 0 4 7
a 512 938 0 1 9
a 512 226 0 2 1
a 512 881 0 0 5
a 512 403 0 40 6
a 512 802 0 29 7
a 514 843 0 1 10
a 514 110 0 11 8
a 514 573 0 48 1
a 516 452 0 1 7
a 516 57 0 16 4
a 516 263 0 46 1
a 516 894 0 35 8
a 518 828 0 1 4
a 518 801 0 28 9
a 518 547 0 21 7
a 518 581 0 29 7
a 520 660 0 1 6
a 520 406 0 4 3
a 520 477 0 32 8
a 520 360 0 34 4
a 520 807 0 9 3
a 521 456 0 1 10
a 521 247 0 4 2
a 522 785 0 1 4
a 522 83 0 25 1
a 522 668 0 34 9
a 525 566 0 1 6
a 525 189 0 33 1
a 525 818 0 19 2
a 527 701 0 1 10
a 527 353 0 21 6
a 527 547 0 9 2
a 527 478 0 25 8
a 527 904 0 13 4
a 528 997 0 1 9
a 528 281 0 32 5
a 528 675 0 46 5
a 529 298 0 1 4
a 529 163 0 41 5
a 529 995 0 35 1
a 529 127 0 12 10
a 532 28 0 1 9
a 532 308 0 48 7
a 532 640 0 50 6
a 537 901 0 1 8
a 537 921 0 23 2
a 537 460 0 9 8
a 537 104 0 47 7
a 539 590 0 1 3
a 539 398 0 47 6
a 539 480 0 4 9
a 542 375 0 1 1
a 542 210 0 36 1
a 542 997 0 6 10
a 542 973 0 41 2
a 544 696 0 1 9
a 544 121 0 1 10
a 544 151 0 41 10
a 544 941 0 7 3
a 544 214 0 7 2
a 549 62 0 1 6
a 549 849 0 41 10
a 549 983 0 25 9
a 550 432 0 1 6
a 550 694 0 38 10
a 550 325 0 18 2
a 550 82 0 38 1
a 550 117 0 31 1
a 551 459 0 1 10
a 551 315 0 22 10
a 551 485 0 9 4
a 551 343 0 49 5
a 553 268 0 1 10
a 553 16 0 37 10
a 553 272 0 11 10
a 553 993 0 38 1
a 554 994 0 1 3
a 554 191 0 32 5
a 554 265 0 33 7
a 554 950 0 18 9
a 554 849 0 9 10
a 554 788 0 5 4
a 555 514 0 1 10
a 555 164 0 1 9
a 555 245 0 10 5
a 555 212 0 2 1
a 558 781 0 1 6
a 558 874 0 26 4
a 558 3 0 30 9
a 558 749 0 48 7
a 559 920 0 1 3
a 559 593 0 28 2
a 559 826 0 17 10
a 559 449 0 9 3
a 559 209 0 15 10
a 561 202 0 1 4
a 561 616 0 34 3
a 561 635 0 3 2
a 561 137 0 45 6
a 561 577 0 50 4
a 562 643 0 1 6
a 562 820 0 48 3
a 562 36 0 4 3
a 564 799 0 1 8
a 564 118 0 27 4
a 564 636 0 36 5
a 564 756 0 46 7
a 564 34 0 12 8
a 565 127 0 1 4
a 565 442 0 28 1
a 565 757 0 13 5
a 566 705 0 1 6
a 566 810 0 21 2
a 567 537 0 1 3
a 567 122 0 46 2
a 567 663 0 0 10
a 567 767 0 36 5
a 569 283 0 1 7
a 569 230 0 48 8
a 569 340 0 30 7
a 569 995 0 40 7
a 569 390 0 16 5
a 569 101 0 34 4
a 570 553 0 1 5
a 570 294 0 20 9
a 571 338 0 1 9
a 571 626 0 4 5
a 571 261 0 5 2
a 571 253 0 43 8
a 576 20 0 1 6
a 576 751 0 15 1
a 579 269 0 1 9
a 579 134 0 1 4
a 579 984 0 17 6
a 579 248 0 26 6
a 580 692 0 1 4
a 580 229 0 13 8
a 580 964 0 33 7
a 580 908 0 24 3
a 580 200 0 12 3
a 580 365 0 34 8
a 583 84 0 1 5
a 583 876 0 24 4
a 583 270 0 33 10
a 583 30 0 22 1
a 583 97 0 48 8
a 586 223 0 1 9
a 586 601 0 45 6
a 589 37 0 1 7
a 589 606 0 27 3
a 589 717 0 38 3
a 589 180 0 28 4
a 589 54 0 38 2
a 589 758 0 7 6
a 590 485 0 1 5
a 590 826 0 2 6
a 590 306 0 48 8
a 590 252 0 27 5
a 592 6 0 1 1
a 592 813 0 48 7
a 592 894 0 27 9
a 592 679 0 22 9
a 593 233 0 1 6
a 593 837 0 12 8
a 593 547 0 16 6
a 593 332 0 14 10
a 595 891 0 1 5
a 595 723 0 38 6
a 595 227 0 12 7
a 595 88 0 49 1
a 595 301 0 45 4
a 597 166 0 1 1
a 597 337 0 19 1
a 597 620 0 0 6
a 597 263 0 27 1
a 597 195 0 50 5
a 599 50 0 1 5
a 599 522 0 0 6
a 599 889 0 33 10
a 599 176 0 6 4
a 599 637 0 47 10
a 605 763 0 1 8
a 605 953 0 5 9
a 605 397 0 1 10
a 605 487 0 16 3
a 605 423 0 11 6
a 605 336 0 40 1
a 606 31 0 1 8
a 606 229 0 32 9
a 608 956 0 1 1
a 608 378 0 4 10
a 608 88 0 49 5
a 608 876 0 7 9
a 608 387 0 10 4
a 610 733 0 1 10
a 610 968 0 47 3
a 610 792 0 37 8
a 613 675 0 1 6
a 613 603 0 40 1
a 617 999 0 1 9
a 617 476 0 43 1
a 619 262 0 1 6
a 619 775 0 22 8
a 619 904 0 14 5
a 619 896 0 49 10
a 619 85 0 22 4
a 620 965 0 1 2
a 620 113 0 30 7
a 620 139 0 49 10
a 620 403 0 46 7
a 620 179 0 32 9
a 621 881 0 1 5
a 621 71 0 38 1
a 622 719 0 1 6
a 622 458 0 32 8
a 622 679 0 14 2
a 625 21 0 1 9
a 625 867 0 16 6
a 625 935 0 24 6
a 625 311 0 30 9
a 626 164 0 1 9
a 626 654 0 22 3
a 626 236 0 36 3
a 626 208 0 47 5
a 629 52 0 1 1
a 629 749 0 13 2
a 629 573 0 18 6
a 630 177 0 1 6
a 630 199 0 46 2
a 630 226 0 38 7
a 632 134 0 1 4
a 632 763 0 27 1
a 632 784 0 14 3
a 632 282 0 2 6
a 632 155 0 48 6
a 632 92 0 19 6
a 636 118 0 1 1
a 636 597 0 22 3
a 636 939 0 30 7
a 636 275 0 30 1
a 636 972 0 33 2
a 639 155 0 1 10
a 639 513 0 4 1
a 639 442 0 44 10
a 639 676 0 11 7
a 639 920 0 18 3
a 639 441 0 50 10
a 640 99 0 1 6
a 640 437 0 23 2
a 640 920 0 36 3
a 642 117 0 1 7
a 642 46 0 18 10
a 642 475 0 35 2
a 642 421 0 46 10
a 643 697 0 1 2
a 643 671 0 41 4
a 643 921 0 50 2
a 643 998 0 35 1
a 644 805 0 1 5
a 644 691 0 5 9
a 644 385 0 33 1
a 644 269 0 11 8
a 644 297 0 23 9
a 644 828 0 23 6
a 646 170 0 1 4
a 646 360 0 1 5
a 646 132 0 9 9
a 646 319 0 44 10
a 646 657 0 36 9
a 646 682 0 21 3
a 648 204 0 1 3
a 648 726 0 8 8
a 648 728 0 18 10
a 648 744 0 17 10
a 650 175 0 1 7
a 650 54 0 40 7
a 650 858 0 15 3
a 651 738 0 1 10
a 651 155 0 21 3
a 651 455 0 4 1
a 652 973 0 1 6
a 652 593 0 6 2
a 652 668 0 42 1
a 652 38 0 47 10
a 652 54 0 11 5
a 653 290 0 1 10
a 653 794 0 47 10
a 653 957 0 46 6
a 653 705 0 37 3
a 653 840 0 10 10
a 653 650 0 31 3
a 654 104 0 1 3
a 654 749 0 49 2
a 654 903 0 45 8
a 654 343 0 13 2
a 659 915 0 1 1
a 659 492 0 23 6
a 659 702 0 38 4
a 659 597 0 12 10
a 660 312 0 1 9
a 660 111 0 23 9
a 660 280 0 16 2
a 660 813 0 23 5
a 660 233 0 50 2
a 660 304 0 13 10
a 661 211 0 1 3
a 661 538 0 15 10
a 661 795 0 42 7
a 662 12 0 1 1
a 662 554 0 48 8
a 662 746 0 32 9
a 663 970 0 1 10
a 663 34 0 50 3
a 663 826 0 12 8
a 663 241 0 32 8
a 663 540 0 25 2
a 663 892 0 25 2
a 664 331 0 1 4
a 664 91 0 36 2
a 665 176 0 1 7
a 665 654 0 7 1
a 665 522 0 27 3
a 665 922 0 13 8
a 665 945 0 10 4
a 665 125 0 43 4
a 668 936 0 1 8
a 668 296 0 0 2
a 668 764 0 28 7
a 668 232 0 46 5
a 668 385 0 35 5
a 668 964 0 32 2
a 670 981 0 1 7
a 670 106 0 43 6
a 670 177 0 32 6
a 670 714 0 50 5
a 670 160 0 10 6
a 670 195 0 45 1
a 673 371 0 1 4
a 673 794 0 1 3
a 673 91 0 14 4
a 673 826 0 49 1
a 674 555 0 1 8
a 674 122 0 3 8
a 674 211 0 14 7
a 674 442 0 32 9
a 675 454 0 1 2
a 675 762 0 44 10
a 675 16 0 43 4
a 678 41 0 1 2
a 678 495 0 0 10
a 678 341 0 9 1
a 678 692 0 31 8
a 678 565 0 43 7
a 685 646 0 1 4
a 685 251 0 44 7
a 692 877 0 1 5
a 692 558 0 19 9
a 692 505 0 32 7
a 693 301 0 1 5
a 693 340 0 19 3
a 694 277 0 1 1
a 694 607 0 10 8
a 694 688 0 2 7
a 696 240 0 1 1
a 696 966 0 25 8
a 696 57 0 16 5
a 697 264 0 1 8
a 697 489 0 48 1
a 698 934 0 1 5
a 698 971 0 3 9
a 701 297 0 1 10
a 701 807 0 18 9
a 704 659 0 1 7
a 704 381 0 43 9
a 705 209 0 1 6
a 705 555 0 45 3
a 705 355 0 27 9
a 705 792 0 20 1
a 705 866 0 5 6
a 705 707 0 13 5
a 706 273 0 1 5
a 706 766 0 25 7
a 707 461 0 1 8
a 707 672 0 42 9
a 707 916 0 28 5
a 708 400 0 1 4
a 708 211 0 43 2
a 708 988 0 17 9
a 715 897 0 1 10
a 715 212 0 1 8
a 715 833 0 41 4
a 715 679 0 10 8
a 717 755 0 1 4
a 717 954 0 46 7
a 719 409 0 1 6
a 719 418 0 2 7
a 720 445 0 1 4
a 720 777 0 2 8
a 720 298 0 21 1
a 720 258 0 40 9
a 720 892 0 44 3
a 723 142 0 1 7
a 723 433 0 38 1
a 723 186 0 20 6
a 723 255 0 24 5
a 723 14 0 37 4
a 724 416 0 1 3
a 724 253 0 16 5
a 724 284 0 46 9
a 724 735 0 16 8
a 724 438 0 8 2
a 727 653 0 1 4
a 727 778 0 31 3
a 728 361 0 1 10
a 728 414 0 19 7
a 728 869 0 30 8
a 728 168 0 7 7
a 728 175 0 25 9
a 728 302 0 34 4
a 729 372 0 1 4
a 729 788 0 35 8
a 729 245 0 49 4
a 729 930 0 16 2
a 729 685 0 48 1
a 729 919 0 43 7
a 730 336 0 1 9
a 730 728 0 2 7
a 730 454 0 27 2
a 730 598 0 27 7
a 730 571 0 41 10
a 732 972 0 1 10
a 732 348 0 44 8
a 732 704 0 47 4
a 733 732 0 1 1
a 733 531 0 19 1
a 735 791 0 1 4
a 735 205 0 29 3
a 735 979 0 32 3
a 738 801 0 1 6
a 738 241 0 36 4
a 738 911 0 46 10
a 738 754 0 21 4
a 738 28 0 40 3
a 738 395 0 48 7
a 739 76 0 1 6
a 739 421 0 31 8
a 739 433 0 21 1
a 739 230 0 35 5
a 739 178 0 50 9
a 744 480 0 1 9
a 744 640 0 18 6
a 744 662 0 42 2
a 747 662 0 1 4
a 747 852 0 33 3
a 748 119 0 1 1
a 748 285 0 32 6
a 748 14 0 1 4
a 748 852 0 45 10
a 748 209 0 41 5
a 752 522 0 1 10
a 752 587 0 42 6
a 752 149 0 34 10
a 752 882 0 25 6
a 752 257 0 0 8
a 752 291 0 5 9
a 753 852 0 1 8
a 753 613 0 47 1
a 753 863 0 32 4
a 753 895 0 47 4
a 753 143 0 41 9
a 755 776 0 1 3
a 755 123 0 3 9
a 758 343 0 1 6
a 758 134 0 31 9
a 758 173 0 18 3
a 760 222 0 1 6
a 760 506 0 46 9
a 760 610 0 37 10
a 761 728 0 1 5
a 761 360 0 9 2
a 761 677 0 4 3
a 763 849 0 1 3
a 763 77 0 46 1
a 763 142 0 40 7
a 763 243 0 39 6
a 763 846 0 21 2
a 764 335 0 1 9
a 764 693 0 18 9
a 764 707 0 39 2
a 764 83 0 7 1
a 764 188 0 14 9
a 765 567 0 1 7
a 765 723 0 21 8
a 767 811 0 1 7
a 767 582 0 44 9
a 767 641 0 45 6
a 767 320 0 35 9
a 767 302 0 9 5
a 767 19 0 45 9
a 771 583 0 1 5
a 771 979 0 23 2
a 771 557 0 39 4
a 771 610 0 8 5
a 772 525 0 1 7
a 772 747 0 31 5
a 772 178 0 3 6
a 772 671 0 3 5
a 772 663 0 27 4
a 774 727 0 1 9
a 774 555 0 34 3
a 774 770 0 7 1
a 774 40 0 38 9
a 776 632 0 1 4
a 776 602 0 40 3
a 776 688 0 45 2
a 776 402 0 28 6
a 776 233 0 8 2
a 776 261 0 15 4
a 779 549 0 1 3
a 779 538 0 16 2
a 779 30 0 27 6
a 779 65 0 40 8
a 779 615 0 4 7
a 779 488 0 23 7
a 781 748 0 1 4
a 781 561 0 8 8
a 782 288 0 1 5
a 782 521 0 6 2
a 783 106 0 1 3
a 783 382 0 18 3
a 783 478 0 21 4
a 783 924 0 3 7
a 783 958 0 18 8
a 784 739 0 1 6
a 784 919 0 49 1
a 784 279 0 45 2
a 785 214 0 1 5
a 785 339 0 16 7
a 786 663 0 1 9
a 786 582 0 3 7
a 786 915 0 3 8
a 787 378 0 1 6
a 787 606 0 44 2
a 787 77 0 39 9
a 787 41 0 47 2
a 790 521 0 1 4
a 790 546 0 34 6
a 791 451 0 1 8
a 791 145 0 13 7
a 791 413 0 25 2
a 791 216 0 3 3
a 791 482 0 36 4
a 791 485 0 48 2
a 792 529 0 1 6
a 792 907 0 0 2
a 794 550 0 1 7
a 794 818 0 10 9
a 795 887 0 1 1
a 795 703 0 6 9
a 795 650 0 49 7
a 796 783 0 1 4
a 796 888 0 15 9
a 796 895 0 25 6
a 799 648 0 1 1
a 799 164 0 45 5
a 799 93 0 50 3
a 799 449 0 36 3
a 801 840 0 1 7
a 801 449 0 45 8
a 801 915 0 3 2
a 801 533 0 46 4
a 802 232 0 1 8
a 802 241 0 44 5
a 802 290 0 25 10
a 802 26 0 34 4
a 803 330 0 1 10
a 803 729 0 7 3
a 803 30 0 27 8
a 803 201 0 23 6
a 803 405 0 41 2
a 805 406 0 1 7
a 805 253 0 43 3
a 805 769 0 3 9
a 806 516 0 1 7
a 806 865 0 11 7
a 806 898 0 10 10
a 806 686 0 46 5
a 811 527 0 1 8
a 811 597 0 35 6
a 811 360 0 21 2
a 815 747 0 1 3
a 815 232 0 13 6
a 815 905 0 45 4
a 815 447 0 46 5
a 815 775 0 42 3
a 817 558 0 1 2
a 817 562 0 15 6
a 827 407 0 1 4
a 827 369 0 1 8
a 828 554 0 1 6
a 828 841 0 32 8
a 829 505 0 1 8
a 829 709 0 28 2
a 829 459 0 0 7
a 830 894 0 1 5
a 830 534 0 42 8
a 830 152 0 23 4
a 830 350 0 42 1
a 830 956 0 15 6
a 831 478 0 1 6
a 831 829 0 11 2
a 831 583 0 37 8
a 831 265 0 11 6
a 831 445 0 20 4
a 831 12 0 47 2
a 837 496 0 1 7
a 837 73 0 19 9
a 837 583 0 4 1
a 837 530 0 47 10
a 837 982 0 4 5
a 837 834 0 21 2
a 838 167 0 1 1
a 838 761 0 21 3
a 838 800 0 19 9
a 838 667 0 17 9
a 838 990 0 0 10
a 838 583 0 0 7
a 839 951 0 1 7
a 839 885 0 2 5
a 840 761 0 1 3
a 840 631 0 9 2
a 840 901 0 37 2
a 840 655 0 37 4
a 840 872 0 22 7
a 840 648 0 48 6
a 841 497 0 1 7
a 841 574 0 7 9
a 841 240 0 19 9
a 841 755 0 33 3
a 841 391 0 45 2
a 843 408 0 1 7
a 843 861 0 19 1
a 844 146 0 1 6
a 844 750 0 11 1
a 844 456 0 23 1
a 844 76 0 7 2
a 846 724 0 1 3
a 846 81 0 12 3
a 846 969 0 38 7
a 846 542 0 38 2
a 849 82 0 1 7
a 849 601 0 50 10
a 849 606 0 15 9
a 850 561 0 1 5
a 850 283 0 3 10
a 851 194 0 1 2
a 851 596 0 9 7
a 851 704 0 10 2
a 851 1000 0 31 2
a 852 321 0 1 7
a 852 11 0 10 5
a 854 460 0 1 8
a 854 951 0 5 4
a 855 291 0 1 6
a 855 285 0 2 3
a 855 753 0 10 6
a 855 982 0 28 1
a 857 289 0 1 4
a 857 592 0 38 7
a 857 953 0 7 8
a 859 580 0 1 8
a 859 501 0 40 1
a 859 543 0 5 5
a 859 405 0 44 5
a 859 50 0 28 9
a 859 239 0 38 6
a 862 539 0 1 3
a 862 826 0 4 6
a 862 974 0 49 1
a 865 111 0 1 5
a 865 207 0 35 6
a 865 117 0 27 5
a 865 172 0 32 2
a 867 982 0 1 4
a 867 498 0 6 10
a 867 271 0 2 5
a 868 271 0 1 1
a 868 25 0 20 1
a 868 698 0 20 7
a 868 291 0 23 10
a 868 723 0 27 8
a 872 723 0 1 5
a 872 634 0 1 5
a 872 528 0 1 6
a 872 497 0 17 8
a 873 782 0 1 1
a 873 165 0 41 3
a 873 16 0 4 6
a 873 550 0 7 2
a 877 930 0 1 9
a 877 117 0 33 4
a 877 565 0 45 6
a 877 369 0 49 8
a 877 449 0 15 7
a 878 885 0 1 7
a 878 730 0 0 8
a 880 169 0 1 9
a 880 123 0 35 5
a 880 851 0 9 6
a 880 796 0 18 6
a 880 228 0 0 4
a 881 412 0 1 6
a 881 325 0 19 3
a 881 156 0 25 4
a 881 786 0 4 1
a 885 817 0 1 6
a 885 120 0 39 2
a 885 366 0 47 3
a 885 852 0 11 10
a 885 918 0 26 4
a 887 592 0 1 6
a 887 516 0 11 5
a 887 508 0 45 3
a 887 833 0 36 10
a 891 72 0 1 4
a 891 515 0 6 10
a 891 765 0 20 8
a 892 958 0 1 3
a 892 682 0 42 10
a 892 697 0 5 7
a 892 34 0 12 7
a 892 136 0 42 3
a 892 684 0 0 5
a 894 34 0 1 4
a 894 41 0 47 9
a 894 11 0 38 6
a 894 713 0 45 9
a 894 598 0 49 6
a 894 375 0 1 1
a 897 872 0 1 9
a 897 199 0 16 8
a 901 760 0 1 5
a 901 176 0 46 3
a 901 224 0 12 6
a 901 245 0 26 6
a 902 996 0 1 10
a 902 483 0 36 7
a 902 621 0 45 1
a 902 497 0 41 7
a 902 378 0 24 1
a 902 225 0 35 9
a 903 851 0 1 10
a 903 360 0 43 10
a 903 494 0 34 9
a 903 479 0 24 7
a 903 966 0 11 4
a 903 166 0 34 6
a 907 133 0 1 4
a 907 381 0 25 9
a 907 612 0 36 9
a 907 534 0 13 2
a 907 711 0 6 6
a 912 865 0 1 2
a 912 21 0 42 3
a 912 63 0 15 7
a 912 361 0 3 4
a 912 56 0 20 10
a 915 664 0 1 3
a 915 187 0 28 2
a 915 744 0 34 9
a 915 414 0 22 1
a 915 821 0 26 8
a 916 25 0 1 2
a 916 53 0 35 7
a 917 150 0 1 10
a 917 370 0 9 3
a 917 853 0 38 3
a 919 14 0 1 3
a 919 328 0 4 4
a 920 606 0 1 5
a 920 512 0 34 3
a 922 493 0 1 5
a 922 869 0 15 1
a 922 4 0 2 6
a 922 206 0 20 1
a 924 173 0 1 3
a 924 262 0 40 6
a 924 311 0 4 9
a 924 766 0 13 3
a 924 946 0 18 5
a 927 850 0 1 10
a 927 212 0 29 10
a 928 309 0 1 9
a 928 657 0 6 7
a 930 39 0 1 3
a 930 648 0 32 10
a 930 379 0 1 4
a 932 337 0 1 8
a 932 644 0 10 10
a 932 260 0 32 9
a 933 168 0 1 4
a 933 145 0 22 7
a 934 423 0 1 7
a 934 686 0 30 7
a 934 274 0 26 8
a 934 271 0 0 7
a 934 358 0 25 2
a 934 419 0 34 7
a 935 187 0 1 9
a 935 714 0 13 9
a 935 922 0 28 9
a 935 120 0 9 4
a 935 201 0 6 8
a 935 489 0 0 9
a 936 674 0 1 1
a 936 838 0 27 6
a 936 271 0 7 6
a 936 23 0 16 2
a 938 744 0 1 5
a 938 561 0 23 2
a 938 925 0 23 6
a 941 352 0 1 6
a 941 528 0 18 3
a 941 310 0 2 10
a 942 654 0 1 1
a 942 293 0 34 4
a 942 427 0 46 9
a 942 260 0 36 6
a 945 859 0 1 9
a 945 472 0 11 8
a 945 391 0 50 10
a 950 360 0 1 6
a 950 853 0 17 9
a 950 117 0 46 6
a 950 876 0 8 3
a 950 978 0 28 3
a 950 374 0 8 4
a 951 391 0 1 9
a 951 710 0 35 6
a 951 473 0 20 7
a 952 449 0 1 6
a 952 376 0 47 8
a 952 21 0 17 3
a 953 954 0 1 10
a 953 39 0 33 7
a 953 826 0 34 5
a 953 357 0 39 5
a 954 796 0 1 5
a 954 931 0 45 4
a 954 3 0 36 5
a 954 259 0 16 1
a 955 65 0 1 2
a 955 345 0 33 10
a 955 707 0 41 9
a 956 294 0 1 6
a 956 556 0 14 1
a 956 735 0 8 3
a 956 204 0 32 9
a 958 661 0 1 1
a 958 382 0 19 5
a 959 698 0 1 4
a 959 251 0 47 4
a 959 250 0 25 1
a 959 15 0 0 6
a 959 66 0 39 2
a 965 392 0 1 8
a 965 687 0 6 10
a 965 764 0 5 5
a 970 630 0 1 10
a 970 204 0 10 6
a 970 127 0 19 2
a 970 574 0 11 2
a 972 650 0 1 1
a 972 123 0 44 6
a 973 147 0 1 3
a 973 589 0 7 5
a 973 28 0 12 1
a 975 74 0 1 6
a 975 394 0 37 9
a 975 116 0 40 1
a 975 752 0 45 3
a 975 899 0 15 1
a 975 985 0 38 10
a 975 607 0 45 6
a 979 333 0 1 7
a 979 97 0 7 4
a 979 653 0 1 5
a 979 552 0 20 9
a 979 742 0 35 1
a 980 346 0 1 5
a 980 134 0 8 3
a 980 26 0 13 5
a 980 776 0 23 3
a 981 397 0 1 9
a 981 572 0 49 1
a 981 868 0 47 6
a 981 734 0 10 9
a 981 651 0 4 8
a 982 735 0 1 4
a 982 359 0 30 6
a 982 531 0 5 7
a 990 419 0 1 1
a 990 82 0 28 1
a 990 162 0 33 2
a 994 652 0 1 6
a 994 206 0 25 1
a 994 398 0 40 7
a 994 26 0 32 6
a 995 873 0 1 9
a 995 287 0 42 6
a 995 455 0 28 4
a 995 850 0 4 3
a 996 907 0 1 5
a 996 455 0 43 2
a 996 277 0 9 5
a 997 393 0 1 3
a 997 947 0 47 1
a 997 743 0 29 2
a 997 98 0 36 2
