c PyNETGEN v1.0.0
c $ pip install pynetgen
c
c  NETGEN flow network generation algorithm
c  Problem input parameters
c  -------------------------------------
c   Random seed:          11
c   Number of nodes:      1000
c   Source nodes:         2
c   Sink nodes:           2
c   Number of arcs:       4000
c   Minimum arc cost:     1
c   Maximum arc cost:     10
c   Total supply:         50
c   Transshipment -
c     Sources:            0
c     Sinks:              0
c   Skeleton arcs -
c     With max cost:      0
c     Capacitated:        100
c   Minimum arc capacity: 0
c   Maximum arc capacity: 50
c
c  *** Minimum cost flow ***
c
p min 1000 4000
n 1 25
n 2 25
n 999 -29
n 1000 -21
a 1 221 0 25 4
a 1 205 0 49 8
a 1 982 0 19 1
a 1 364 0 26 7
a 6 949 0 25 8
a 6 764 0 0 10
a 6 624 0 21 6
a 6 524 0 45 2
a 7 718 0 25 2
a 7 642 0 15 7
a 7 510 0 42 2
a 7 845 0 46 10
a 9 188 0 25 4
a 9 829 0 11 8
a 9 982 0 24 1
a 9 824 0 11 2
a 11 245 0 25 1
a 11 798 0 21 8
a 11 965 0 36 9
a 12 430 0 25 10
a 12 556 0 5 3
a 12 444 0 4 3
a 12 668 0 46 3
a 12 980 0 14 10
a 13 162 0 25 7
a 13 625 0 21 7
a 13 68 0 4 8
a 13 206 0 40 1
a 13 328 0 41 5
a 13 460 0 17 7
a 15 512 0 25 6
a 15 967 0 36 6
a 15 739 0 16 10
a 15 854 0 15 2
a 15 871 0 21 1
a 15 808 0 19 6
a 15 206 0 19 5
a 17 214 0 25 5
a 17 582 0 24 2
a 17 922 0 0 10
a 21 985 0 25 3
a 21 938 0 12 2
a 21 334 0 8 7
a 21 117 0 7 7
a 21 438 0 12 7
a 22 792 0 25 8
a 22 942 0 37 1
a 22 4 0 5 2
a 22 525 0 42 10
a 22 471 0 28 3
a 22 516 0 40 6
a 23 474 0 25 8
a 23 192 0 38 6
a 23 988 0 36 8
a 26 829 0 25 1
a 26 225 0 21 3
a 26 936 0 48 2
a 27 666 0 25 6
a 27 54 0 32 3
a 27 463 0 45 6
a 27 562 0 7 7
a 31 409 0 25 5
a 31 122 0 26 8
a 31 465 0 14 4
a 31 762 0 2 1
a 31 457 0 46 6
a 31 973 0 28 6
a 32 660 0 25 3
a 32 223 0 33 4
a 32 368 0 35 3
a 32 50 0 48 5
a 32 498 0 1 4
a 35 498 0 25 7
a 35 79 0 9 2
a 35 853 0 34 3
a 35 440 0 35 8
a 35 659 0 37 7
a 37 980 0 25 6
a 37 288 0 36 2
a 37 354 0 45 8
a 37 161 0 5 2
a 41 93 0 25 3
a 41 969 0 17 7
a 41 678 0 24 9
a 43 981 0 25 8
a 43 558 0 14 1
a 43 818 0 38 5
a 43 12 0 40 2
a 45 970 0 25 2
a 45 398 0 45 9
a 45 294 0 15 5
a 45 424 0 9 6
a 46 827 0 25 9
a 46 600 0 47 9
a 46 187 0 44 3
a 46 519 0 28 3
a 46 762 0 15 10
a 46 580 0 6 10
a 47 119 0 25 8
a 47 21 0 36 4
a 47 658 0 8 4
a 49 359 0 25 8
a 49 312 0 6 8
a 52 166 0 25 7
a 52 404 0 0 3
a 52 100 0 2 9
a 52 870 0 34 7
a 52 839 0 31 9
a 52 422 0 3 5
a 54 171 0 25 3
a 54 32 0 7 2
a 56 315 0 25 4
a 56 62 0 14 2
a 56 928 0 8 4
a 56 556 0 27 2
a 56 137 0 37 10
a 56 694 0 23 1
a 56 442 0 49 7
a 66 713 0 25 3
a 66 667 0 30 3
a 66 662 0 25 1
a 66 685 0 2 3
a 66 31 0 50 10
a 66 239 0 21 9
a 67 711 0 25 4
a 67 792 0 17 5
a 67 897 0 24 10
a 67 179 0 24 5
a 67 40 0 9 5
a 67 603 0 35 4
a 68 739 0 25 3
a 68 810 0 25 2
a 68 754 0 32 8
a 68 155 0 32 7
a 71 507 0 25 7
a 71 642 0 34 6
a 71 880 0 6 7
a 71 239 0 42 5
a 71 957 0 6 6
a 72 545 0 25 9
a 72 576 0 45 3
a 72 364 0 6 7
a 72 245 0 36 2
a 72 177 0 19 9
a 76 720 0 25 1
a 76 748 0 4 4
a 76 896 0 44 7
a 76 52 0 49 9
a 78 657 0 25 3
a 78 996 0 2 3
a 78 544 0 9 9
a 80 116 0 25 3
a 80 549 0 40 9
a 81 103 0 25 8
a 81 116 0 4 6
a 81 69 0 27 3
a 81 285 0 17 7
a 81 855 0 2 6
a 81 457 0 12 4
a 82 270 0 25 2
a 82 808 0 11 5
a 83 255 0 25 1
a 83 319 0 3 4
a 83 637 0 6 1
a 86 191 0 25 3
a 86 668 0 13 8
a 86 138 0 22 7
a 86 859 0 41 1
a 86 207 0 13 5
a 88 935 0 25 7
a 88 912 0 10 2
a 88 553 0 20 7
a 88 250 0 26 4
a 88 575 0 27 9
a 88 65 0 37 4
a 91 655 0 25 2
a 91 653 0 37 1
a 91 755 0 42 10
a 91 730 0 11 3
a 92 146 0 25 1
a 92 383 0 23 4
a 93 82 0 25 6
a 93 201 0 0 1
a 93 760 0 33 10
a 93 590 0 22 8
a 94 432 0 25 9
a 94 638 0 7 2
a 94 478 0 33 4
a 94 857 0 39 6
a 94 658 0 44 10
a 95 672 0 25 5
a 95 417 0 37 6
a 95 289 0 11 6
a 95 764 0 34 5
a 97 173 0 25 4
a 97 485 0 4 7
a 98 619 0 25 1
a 98 40 0 6 3
a 98 727 0 22 4
a 98 57 0 3 4
a 101 302 0 25 10
a 101 682 0 43 5
a 101 585 0 37 3
a 101 874 0 37 3
a 101 329 0 12 7
a 102 737 0 25 1
a 102 451 0 43 10
a 102 554 0 6 9
a 102 285 0 14 8
a 102 452 0 40 5
a 103 31 0 25 6
a 103 126 0 31 1
a 105 724 0 25 8
a 105 331 0 22 1
a 105 486 0 13 9
a 107 667 0 25 8
a 107 618 0 31 9
a 107 582 0 36 9
a 109 441 0 25 3
a 109 213 0 5 1
a 109 919 0 39 7
a 110 72 0 25 6
a 110 968 0 43 4
a 110 668 0 30 4
a 110 612 0 46 7
a 110 616 0 43 9
a 112 642 0 25 3
a 112 802 0 25 10
a 112 662 0 13 9
a 112 248 0 13 10
a 112 155 0 24 6
a 112 492 0 28 9
a 115 681 0 25 6
a 115 487 0 26 7
a 115 629 0 44 4
a 116 47 0 25 2
a 116 462 0 17 6
a 116 579 0 14 2
a 118 473 0 25 8
a 118 751 0 21 6
a 119 838 0 25 1
a 119 311 0 19 8
a 119 933 0 23 2
a 120 940 0 25 3
a 120 22 0 47 9
a 120 119 0 42 10
a 120 143 0 33 6
a 120 73 0 25 2
a 120 527 0 50 1
a 125 27 0 25 7
a 125 224 0 40 8
a 125 173 0 10 1
a 125 356 0 3 2
a 126 316 0 25 6
a 126 794 0 29 6
a 126 876 0 38 7
a 126 741 0 22 2
a 126 653 0 18 6
a 126 954 0 17 4
a 128 416 0 25 3
a 128 352 0 22 5
a 128 585 0 42 4
a 128 433 0 35 4
a 128 698 0 41 4
a 129 220 0 25 8
a 129 971 0 40 6
a 129 177 0 28 10
a 129 802 0 40 1
a 129 957 0 19 7
a 129 455 0 19 2
a 132 857 0 25 4
a 132 277 0 13 8
a 132 78 0 30 7
a 132 203 0 5 7
a 132 110 0 4 6
a 133 806 0 25 2
a 133 972 0 27 1
a 133 782 0 15 10
a 134 948 0 25 2
a 134 604 0 47 8
a 134 823 0 40 1
a 134 734 0 33 4
a 134 127 0 44 2
a 134 260 0 1 9
a 138 355 0 25 6
a 138 787 0 24 5
a 139 332 0 25 6
a 139 361 0 24 1
a 139 887 0 21 10
a 139 359 0 27 2
a 139 470 0 29 7
a 139 603 0 49 10
a 140 295 0 25 2
a 140 66 0 20 4
a 140 598 0 2 5
a 140 420 0 15 6
a 141 98 0 25 7
a 141 133 0 32 7
a 141 322 0 45 5
a 141 938 0 46 8
a 141 872 0 5 8
a 143 471 0 25 9
a 143 196 0 31 7
a 143 598 0 10 2
a 145 210 0 25 5
a 145 199 0 18 2
a 145 728 0 43 4
a 145 311 0 46 2
a 145 41 0 33 4
a 145 738 0 6 8
a 146 878 0 25 9
a 146 846 0 1 8
a 146 207 0 10 5
a 147 633 0 25 8
a 147 489 0 25 5
a 147 835 0 3 8
a 148 504 0 25 1
a 148 921 0 3 8
a 148 4 0 16 8
a 148 879 0 33 7
a 148 371 0 47 7
a 148 711 0 0 6
a 149 352 0 25 9
a 149 31 0 26 3
a 150 913 0 25 5
a 150 645 0 25 5
a 150 977 0 9 9
a 152 516 0 25 9
a 152 303 0 25 10
a 152 342 0 3 1
a 152 15 0 48 4
a 152 304 0 18 10
a 155 145 0 25 7
a 155 119 0 5 2
a 155 854 0 14 1
a 155 882 0 35 3
a 155 507 0 14 3
a 155 392 0 20 4
a 159 682 0 25 6
a 159 863 0 39 3
a 159 66 0 27 8
a 161 81 0 25 3
a 161 77 0 24 6
a 162 765 0 25 1
a 162 861 0 46 1
a 162 663 0 3 1
a 162 867 0 0 10
a 162 543 0 0 9
a 166 615 0 25 6
a 166 452 0 27 1
a 166 415 0 3 4
a 166 540 0 28 7
a 166 604 0 23 2
a 169 971 0 25 5
a 169 349 0 35 10
a 169 822 0 46 9
a 171 78 0 25 7
a 171 237 0 47 7
a 171 577 0 25 7
a 171 423 0 27 8
a 172 522 0 25 8
a 172 416 0 41 4
a 172 233 0 38 5
a 172 376 0 16 9
a 172 793 0 35 7
a 172 338 0 47 4
a 173 449 0 25 3
a 173 732 0 35 9
a 173 482 0 10 7
a 173 334 0 18 7
a 173 140 0 29 7
a 175 596 0 25 3
a 175 925 0 8 7
a 177 22 0 25 7
a 177 853 0 13 3
a 177 459 0 22 8
a 177 845 0 11 4
a 177 684 0 0 7
a 177 674 0 47 6
a 178 393 0 25 3
a 178 43 0 30 5
a 178 672 0 31 10
a 178 732 0 36 3
a 178 897 0 14 3
a 178 188 0 14 2
a 179 88 0 25 9
a 179 393 0 28 4
a 179 629 0 9 3
a 179 938 0 35 10
a 179 635 0 9 3
a 179 452 0 40 6
a 180 26 0 25 10
a 180 999 0 25 1
a 180 292 0 24 9
a 180 419 0 13 1
a 183 237 0 25 1
a 183 202 0 31 5
a 183 933 0 0 8
a 186 825 0 25 5
a 186 969 0 7 4
a 186 18 0 34 10
a 187 265 0 25 10
a 187 378 0 28 7
a 188 147 0 25 5
a 188 186 0 31 6
a 188 567 0 32 6
a 188 894 0 26 5
a 191 381 0 25 6
a 191 905 0 14 5
a 193 175 0 25 6
a 193 741 0 14 9
a 193 460 0 38 3
a 193 676 0 9 4
a 193 614 0 0 10
a 193 301 0 30 7
a 194 306 0 25 3
a 194 861 0 33 2
a 194 728 0 49 7
a 196 21 0 25 5
a 196 563 0 25 6
a 196 211 0 3 5
a 198 71 0 25 6
a 198 319 0 23 3
a 198 474 0 28 5
a 198 577 0 19 2
a 198 923 0 26 4
a 199 7 0 25 7
a 199 607 0 6 5
a 199 260 0 19 3
a 199 142 0 15 4
a 202 536 0 25 4
a 202 253 0 2 3
a 206 614 0 25 7
a 206 659 0 6 5
a 206 15 0 5 5
a 206 344 0 37 5
a 210 585 0 25 3
a 210 249 0 14 10
a 210 894 0 42 8
a 210 997 0 28 5
a 210 556 0 24 1
a 211 656 0 25 8
a 211 125 0 35 2
a 211 798 0 50 9
a 214 356 0 25 10
a 214 22 0 14 1
a 214 933 0 34 8
a 214 973 0 50 5
a 215 9 0 25 8
a 215 27 0 30 8
a 215 684 0 20 8
a 215 251 0 36 2
a 215 915 0 47 6
a 217 563 0 25 6
a 217 922 0 34 10
a 218 102 0 25 5
a 218 24 0 11 6
a 219 712 0 25 1
a 219 457 0 44 5
a 220 635 0 25 1
a 220 208 0 35 7
a 220 931 0 0 3
a 220 580 0 29 6
a 221 337 0 25 7
a 221 999 0 7 8
a 221 71 0 12 5
a 221 182 0 36 3
a 224 957 0 25 5
a 224 380 0 22 3
a 224 541 0 6 1
a 224 811 0 35 2
a 226 903 0 25 4
a 226 127 0 20 2
a 226 768 0 24 10
a 226 631 0 36 4
a 226 440 0 26 1
a 226 75 0 2 5
a 233 276 0 25 4
a 233 718 0 41 4
a 233 478 0 44 8
a 233 242 0 24 2
a 233 975 0 32 2
a 234 11 0 25 4
a 234 531 0 31 3
a 234 424 0 22 5
a 236 217 0 25 2
a 236 842 0 31 10
a 236 747 0 6 4
a 236 590 0 28 1
a 237 465 0 25 6
a 237 568 0 45 1
a 237 738 0 47 8
a 238 833 0 25 8
a 238 192 0 6 4
a 239 338 0 25 5
a 239 330 0 22 2
a 239 863 0 15 1
a 239 400 0 15 7
a 239 676 0 28 5
a 240 696 0 25 9
a 240 703 0 13 3
a 240 39 0 0 2
a 240 131 0 41 3
a 240 27 0 27 5
a 240 388 0 37 7
a 245 881 0 25 10
a 245 868 0 35 1
a 245 256 0 16 2
a 246 847 0 25 1
a 246 858 0 49 5
a 246 731 0 16 2
a 248 757 0 25 9
a 248 964 0 30 6
a 248 191 0 5 7
a 248 962 0 45 1
a 248 783 0 43 7
a 249 177 0 25 6
a 249 433 0 7 1
a 249 927 0 39 8
a 249 876 0 42 1
a 249 348 0 36 8
a 250 932 0 25 4
a 250 246 0 46 8
a 250 936 0 31 8
a 250 185 0 45 10
a 255 172 0 25 5
a 255 446 0 8 7
a 256 743 0 25 4
a 256 888 0 9 1
a 256 984 0 39 8
a 256 188 0 14 5
a 258 159 0 25 10
a 258 797 0 17 6
a 258 653 0 20 5
a 258 147 0 1 9
a 261 577 0 25 7
a 261 445 0 24 7
a 261 428 0 33 8
a 261 413 0 30 5
a 261 779 0 19 4
a 261 828 0 31 8
a 263 311 0 25 9
a 263 679 0 10 3
a 263 654 0 11 4
a 263 59 0 2 1
a 263 986 0 46 10
a 264 501 0 25 5
a 264 702 0 46 8
a 265 867 0 25 2
a 265 1000 0 25 3
a 265 187 0 30 5
a 265 971 0 44 1
a 266 998 0 25 9
a 266 506 0 49 5
a 266 454 0 20 8
a 266 873 0 42 10
a 266 747 0 16 1
a 270 343 0 25 6
a 270 985 0 14 3
a 270 724 0 39 8
a 270 480 0 7 4
a 270 926 0 43 2
a 271 357 0 25 6
a 271 263 0 29 4
a 271 817 0 23 7
a 271 922 0 43 3
a 271 40 0 19 5
a 273 161 0 25 1
a 273 920 0 7 1
a 273 860 0 3 6
a 273 459 0 32 9
a 275 155 0 25 1
a 275 628 0 2 6
a 276 612 0 25 7
a 276 725 0 24 4
a 276 979 0 18 10
a 276 311 0 1 3
a 276 659 0 40 1
a 280 887 0 25 4
a 280 891 0 38 9
a 280 458 0 24 9
a 280 908 0 20 9
a 280 822 0 35 2
a 280 277 0 16 7
a 282 894 0 25 5
a 282 426 0 42 10
a 282 907 0 24 6
a 282 197 0 18 2
a 282 20 0 50 5
a 285 140 0 25 8
a 285 172 0 30 5
a 285 921 0 34 6
a 285 866 0 24 3
a 290 609 0 25 10
a 290 575 0 35 1
a 290 156 0 24 10
a 291 691 0 25 6
a 291 414 0 39 9
a 291 855 0 23 8
a 291 413 0 11 7
a 293 76 0 25 3
a 293 155 0 15 4
a 293 413 0 8 6
a 293 20 0 40 9
a 293 224 0 13 1
a 293 427 0 19 6
a 295 689 0 25 3
a 295 516 0 15 6
a 295 748 0 21 6
a 295 225 0 39 2
a 295 574 0 2 1
a 296 804 0 25 2
a 296 462 0 41 2
a 296 201 0 19 9
a 298 398 0 25 3
a 298 79 0 9 7
a 298 107 0 18 8
a 299 118 0 25 3
a 299 588 0 25 8
a 299 203 0 47 4
a 301 92 0 25 9
a 301 439 0 45 8
a 301 379 0 37 5
a 301 35 0 26 4
a 302 249 0 25 9
a 302 517 0 2 8
a 302 91 0 37 9
a 302 51 0 40 1
a 302 67 0 1 7
a 303 6 0 25 8
a 303 132 0 14 2
a 303 512 0 29 2
a 303 505 0 11 5
a 303 707 0 11 8
a 303 644 0 0 2
a 305 110 0 25 2
a 305 292 0 38 10
a 306 394 0 25 9
a 306 741 0 11 5
a 306 32 0 48 2
a 308 862 0 25 5
a 308 478 0 21 8
a 308 834 0 22 10
a 309 56 0 25 4
a 309 916 0 50 4
a 310 453 0 25 5
a 310 290 0 23 7
a 310 815 0 26 6
a 310 882 0 40 7
a 310 854 0 45 1
a 310 156 0 4 10
a 311 219 0 25 9
a 311 790 0 41 1
a 311 338 0 14 2
a 311 627 0 27 1
a 311 423 0 8 8
a 314 193 0 25 9
a 314 821 0 8 10
a 314 916 0 9 1
a 315 12 0 25 6
a 315 932 0 21 8
a 316 440 0 25 8
a 316 284 0 26 10
a 316 877 0 17 2
a 320 505 0 25 3
a 320 534 0 38 6
a 320 398 0 22 9
a 320 67 0 40 3
a 324 280 0 25 6
a 324 209 0 25 8
a 324 166 0 47 2
a 324 728 0 31 7
a 324 186 0 13 2
a 324 660 0 48 9
a 325 741 0 25 9
a 325 785 0 45 10
a 325 904 0 10 2
a 325 891 0 2 9
a 325 186 0 0 1
a 325 338 0 41 2
a 326 314 0 25 10
a 326 998 0 44 7
a 328 868 0 25 5
a 328 717 0 19 9
a 328 705 0 46 2
a 332 958 0 25 4
a 332 35 0 38 6
a 332 259 0 2 5
a 332 742 0 3 9
a 332 297 0 9 10
a 332 791 0 18 4
a 335 420 0 25 4
a 335 358 0 6 6
a 336 697 0 25 8
a 336 856 0 49 5
a 337 575 0 25 9
a 337 262 0 4 10
a 337 451 0 50 9
a 337 657 0 10 1
a 337 536 0 11 8
a 338 695 0 25 8
a 338 669 0 45 5
a 338 863 0 44 8
a 338 257 0 42 4
a 341 553 0 25 2
a 341 58 0 34 5
a 342 218 0 25 6
a 342 246 0 25 5
a 342 98 0 24 5
a 342 979 0 7 10
a 342 170 0 25 10
a 342 128 0 39 6
a 343 603 0 25 6
a 343 671 0 43 8
a 343 50 0 15 5
a 343 475 0 29 4
a 343 616 0 24 8
a 343 626 0 17 3
a 344 436 0 25 8
a 344 886 0 24 10
a 344 839 0 41 7
a 345 32 0 25 3
a 345 182 0 43 7
a 345 264 0 10 5
a 345 1000 0 46 9
a 345 611 0 15 1
a 349 499 0 25 3
a 349 712 0 42 5
a 349 806 0 24 5
a 349 694 0 49 7
a 349 721 0 44 1
a 349 532 0 16 9
a 352 933 0 25 10
a 352 97 0 35 2
a 352 582 0 19 1
a 352 875 0 35 2
a 352 852 0 1 7
a 355 233 0 25 1
a 355 759 0 32 10
a 355 576 0 39 4
a 356 995 0 25 5
a 356 16 0 29 8
a 356 851 0 7 3
a 356 722 0 28 4
a 357 291 0 25 9
a 357 790 0 50 8
a 357 186 0 10 8
a 359 482 0 25 2
a 359 747 0 12 6
a 360 324 0 25 7
a 360 571 0 18 9
a 360 741 0 49 2
a 360 330 0 33 7
a 360 167 0 37 7
a 360 65 0 46 3
a 364 581 0 25 8
a 364 122 0 2 3
a 364 940 0 35 9
a 364 546 0 7 9
a 364 573 0 22 6
a 365 406 0 25 5
a 365 627 0 3 1
a 365 824 0 3 9
a 365 239 0 50 4
a 365 206 0 15 5
a 367 95 0 25 3
a 367 440 0 45 4
a 367 429 0 8 6
a 370 759 0 25 10
a 370 772 0 22 3
a 370 938 0 1 7
a 370 266 0 13 8
a 370 320 0 37 3
a 372 303 0 25 9
a 372 213 0 40 10
a 375 564 0 25 8
a 375 60 0 5 9
a 375 324 0 18 2
a 375 37 0 10 7
a 375 939 0 2 4
a 378 945 0 25 9
a 378 631 0 30 2
a 378 153 0 46 1
a 378 689 0 25 1
a 378 968 0 33 7
a 380 860 0 25 1
a 380 305 0 42 9
a 380 884 0 8 1
a 380 479 0 43 5
a 381 335 0 25 6
a 381 801 0 45 6
a 381 945 0 38 2
a 382 491 0 25 2
a 382 339 0 5 7
a 382 178 0 15 10
a 383 607 0 25 6
a 383 525 0 10 10
a 384 628 0 25 2
a 384 8 0 44 4
a 384 949 0 15 8
a 386 576 0 25 3
a 386 599 0 8 4
a 386 764 0 22 7
a 388 639 0 25 7
a 388 357 0 32 7
a 388 146 0 46 4
a 388 161 0 34 2
a 391 629 0 25 8
a 391 479 0 40 8
a 391 596 0 25 6
a 393 13 0 25 8
a 393 342 0 14 8
a 394 834 0 25 7
a 394 972 0 36 7
a 394 595 0 5 6
a 394 130 0 8 4
a 394 976 0 16 4
a 395 636 0 25 3
a 395 587 0 4 10
a 395 698 0 43 3
a 397 692 0 25 7
a 397 307 0 29 9
a 397 799 0 18 2
a 397 813 0 26 9
a 397 939 0 39 10
a 397 315 0 17 10
a 398 729 0 25 2
a 398 790 0 25 5
a 398 287 0 5 10
a 398 367 0 12 1
a 406 308 0 25 2
a 406 551 0 27 2
a 406 600 0 15 9
a 406 249 0 0 6
a 408 380 0 25 2
a 408 811 0 25 1
a 408 307 0 23 1
a 408 659 0 27 1
a 409 367 0 25 2
a 409 100 0 40 1
a 409 806 0 24 7
a 409 654 0 34 8
a 409 787 0 12 7
a 409 90 0 5 1
a 411 97 0 25 2
a 411 187 0 12 10
a 411 107 0 6 5
a 411 669 0 46 1
a 411 939 0 25 7
a 415 668 0 25 3
a 415 335 0 28 4
a 415 548 0 49 5
a 415 608 0 10 9
a 415 354 0 2 3
a 416 378 0 25 2
a 416 728 0 41 5
a 416 305 0 35 10
a 418 891 0 25 4
a 418 152 0 36 5
a 418 666 0 35 8
a 418 971 0 6 8
a 418 449 0 0 5
a 418 776 0 20 3
a 420 600 0 25 7
a 420 875 0 37 7
a 420 70 0 20 5
a 420 97 0 21 4
a 420 35 0 29 1
a 422 845 0 25 2
a 422 941 0 23 7
a 424 922 0 25 4
a 424 209 0 20 6
a 424 622 0 45 6
a 425 524 0 25 6
a 425 617 0 13 10
a 425 854 0 4 8
a 425 645 0 22 3
a 425 595 0 28 8
a 425 657 0 20 8
a 429 942 0 25 6
a 429 631 0 35 5
a 429 343 0 8 10
a 429 233 0 14 3
a 429 458 0 47 10
a 430 299 0 25 9
a 430 610 0 0 3
a 430 782 0 2 2
a 430 933 0 15 8
a 432 459 0 25 2
a 432 425 0 1 3
a 432 89 0 4 5
a 432 627 0 30 6
a 432 889 0 11 8
a 432 363 0 43 1
a 435 772 0 25 7
a 435 281 0 27 1
a 435 47 0 4 4
a 435 788 0 26 10
a 435 56 0 23 3
a 436 388 0 25 6
a 436 89 0 26 7
a 436 616 0 23 5
a 436 40 0 27 5
a 436 686 0 23 10
a 436 369 0 32 8
a 440 143 0 25 2
a 440 698 0 24 2
a 440 842 0 39 10
a 441 83 0 25 3
a 441 907 0 25 10
a 441 771 0 2 1
a 449 722 0 25 1
a 449 493 0 26 7
a 449 483 0 11 3
a 450 561 0 25 3
a 450 87 0 7 8
a 450 978 0 25 7
a 450 719 0 14 8
a 450 168 0 2 6
a 450 568 0 28 10
a 452 548 0 25 1
a 452 52 0 9 2
a 452 461 0 7 6
a 453 326 0 25 1
a 453 340 0 2 9
a 455 528 0 25 6
a 455 87 0 44 2
a 455 130 0 16 3
a 457 597 0 25 5
a 457 228 0 4 5
a 457 729 0 11 9
a 457 256 0 32 10
a 457 534 0 7 8
a 457 478 0 18 5
a 458 258 0 25 6
a 458 478 0 8 3
a 458 156 0 22 4
a 458 477 0 1 7
a 458 178 0 39 4
a 458 602 0 40 9
a 459 742 0 25 9
a 459 554 0 20 4
a 460 706 0 25 10
a 460 805 0 45 3
a 460 812 0 2 2
a 460 123 0 19 4
a 465 341 0 25 1
a 465 232 0 19 4
a 465 30 0 30 1
a 465 254 0 9 4
a 465 262 0 24 7
a 468 215 0 25 1
a 468 42 0 17 1
a 468 159 0 17 5
a 468 472 0 1 9
a 468 89 0 36 10
a 468 690 0 50 1
a 471 395 0 25 2
a 471 954 0 7 10
a 471 856 0 14 9
a 471 80 0 3 6
a 472 112 0 25 8
a 472 31 0 10 5
a 472 283 0 8 6
a 472 771 0 2 5
a 472 767 0 14 3
a 473 120 0 25 5
a 473 724 0 9 6
a 473 127 0 28 6
a 474 747 0 25 2
a 474 62 0 30 6
a 474 735 0 15 2
a 474 987 0 5 8
a 474 335 0 17 7
a 474 415 0 20 10
a 476 844 0 25 2
a 476 440 0 5 2
a 476 355 0 27 1
a 476 175 0 43 6
a 476 388 0 7 1
a 477 662 0 25 1
a 477 685 0 10 10
a 477 141 0 42 3
a 477 50 0 9 3
a 477 721 0 9 5
a 478 944 0 25 9
a 478 286 0 13 7
a 480 644 0 25 2
a 480 434 0 31 3
a 480 674 0 9 10
a 480 19 0 32 5
a 480 658 0 21 8
a 480 883 0 6 4
a 481 496 0 25 7
a 481 600 0 38 10
a 481 257 0 29 9
a 481 823 0 2 2
a 482 309 0 25 1
a 482 897 0 45 5
a 484 928 0 25 3
a 484 36 0 16 10
a 490 342 0 25 10
a 490 338 0 37 3
a 490 314 0 42 10
a 491 889 0 25 4
a 491 605 0 22 1
a 491 435 0 3 4
a 491 189 0 19 3
a 493 500 0 25 9
a 493 824 0 31 4
a 495 180 0 25 6
a 495 296 0 36 5
a 495 108 0 29 6
a 496 892 0 25 9
a 496 322 0 40 9
a 498 621 0 25 1
a 498 539 0 10 8
a 498 982 0 3 10
a 499 604 0 25 8
a 499 695 0 14 8
a 499 599 0 50 3
a 500 67 0 25 9
a 500 467 0 14 9
a 500 331 0 8 6
a 500 800 0 24 4
a 500 101 0 12 3
a 501 999 0 25 3
a 501 161 0 20 6
a 501 899 0 9 4
a 501 112 0 30 2
a 501 376 0 37 6
a 501 395 0 28 5
a 502 35 0 25 6
a 502 104 0 15 7
a 502 311 0 22 8
a 502 360 0 9 2
a 502 870 0 12 1
a 504 567 0 25 5
a 504 621 0 4 2
a 504 568 0 34 2
a 504 863 0 0 8
a 504 73 0 9 4
a 504 709 0 44 10
a 505 296 0 25 8
a 505 131 0 50 9
a 506 798 0 25 2
a 506 713 0 39 8
a 506 881 0 47 8
a 506 687 0 9 9
a 506 62 0 36 7
a 507 285 0 25 4
a 507 739 0 38 5
a 507 53 0 21 7
a 507 523 0 6 6
a 508 198 0 25 9
a 508 404 0 50 1
a 508 640 0 8 8
a 508 338 0 46 3
a 508 699 0 25 8
a 508 55 0 16 2
a 511 950 0 25 1
a 511 908 0 9 8
a 511 961 0 29 5
a 511 416 0 50 8
a 512 101 0 25 8
a 512 607 0 43 5
a 512 757 0 36 10
a 514 224 0 25 4
a 514 373 0 29 6
a 514 616 0 45 6
a 514 494 0 3 5
a 514 237 0 44 7
a 514 170 0 18 1
a 515 138 0 25 3
a 515 869 0 2 7
a 515 489 0 31 5
a 515 295 0 19 2
a 515 188 0 24 4
a 516 784 0 25 5
a 516 470 0 4 5
a 516 168 0 39 10
a 516 150 0 18 2
a 516 458 0 29 9
a 517 344 0 25 3
a 517 328 0 37 10
a 517 673 0 16 6
a 517 439 0 28 4
a 519 964 0 25 7
a 519 919 0 11 7
a 519 716 0 38 6
a 519 108 0 8 5
a 520 533 0 25 6
a 520 827 0 16 9
a 520 692 0 12 4
a 521 750 0 25 5
a 521 589 0 14 9
a 521 995 0 25 9
a 521 583 0 0 8
a 521 131 0 4 10
a 522 733 0 25 10
a 522 722 0 31 6
a 522 162 0 38 3
a 522 869 0 5 6
a 524 593 0 25 4
a 524 92 0 9 9
a 524 542 0 47 8
a 524 438 0 2 1
a 524 911 0 47 7
a 528 521 0 25 4
a 528 13 0 37 2
a 528 788 0 16 9
a 528 361 0 41 9
a 528 741 0 35 2
a 528 435 0 30 10
a 533 799 0 25 10
a 533 862 0 4 7
a 533 127 0 36 8
a 533 996 0 20 2
a 536 150 0 25 3
a 536 559 0 19 4
a 536 244 0 13 9
a 536 908 0 26 6
a 538 91 0 25 5
a 538 751 0 45 2
a 538 877 0 41 7
a 538 66 0 2 9
a 538 927 0 34 6
a 539 424 0 25 9
a 539 417 0 39 5
a 545 345 0 25 4
a 545 470 0 2 3
a 545 566 0 5 9
a 547 246 0 25 8
a 547 111 0 11 2
a 547 977 0 16 1
a 547 360 0 11 9
a 548 186 0 25 3
a 548 113 0 29 4
a 548 639 0 30 6
a 548 391 0 8 3
a 550 763 0 25 1
a 550 990 0 20 5
a 550 94 0 9 5
a 550 231 0 6 2
a 551 169 0 25 6
a 551 238 0 39 3
a 551 933 0 50 6
a 553 382 0 25 3
a 553 511 0 44 2
a 556 133 0 25 9
a 556 768 0 45 3
a 556 320 0 17 8
a 557 457 0 25 2
a 557 170 0 29 3
a 561 598 0 25 3
a 561 95 0 20 10
a 561 535 0 29 1
a 561 196 0 7 6
a 563 484 0 25 7
a 563 773 0 10 7
a 563 510 0 48 7
a 563 793 0 5 5
a 563 255 0 29 5
a 563 619 0 23 2
a 564 589 0 25 6
a 564 219 0 8 8
a 564 112 0 6 5
a 564 36 0 47 9
a 564 178 0 48 4
a 564 229 0 45 6
a 565 480 0 25 3
a 565 91 0 49 5
a 565 793 0 19 9
a 565 993 0 3 10
a 565 28 0 34 2
a 565 861 0 9 4
a 567 41 0 25 1
a 567 710 0 48 10
a 567 158 0 43 3
a 567 648 0 14 1
a 567 574 0 17 8
a 567 737 0 5 5
a 575 386 0 25 7
a 575 646 0 7 9
a 575 801 0 40 5
a 575 321 0 40 1
a 575 626 0 23 3
a 575 82 0 46 6
a 576 814 0 25 7
a 576 146 0 8 9
a 576 98 0 33 9
a 576 803 0 39 4
a 576 471 0 12 2
a 577 435 0 25 5
a 577 151 0 27 10
a 577 164 0 15 1
a 577 767 0 24 3
a 577 976 0 50 8
a 579 298 0 25 8
a 579 623 0 27 5
a 579 921 0 0 6
a 581 238 0 25 8
a 581 834 0 13 2
a 583 890 0 25 4
a 583 14 0 23 2
a 583 528 0 19 10
a 583 81 0 0 5
a 585 665 0 25 10
a 585 629 0 8 10
a 585 755 0 25 10
a 585 387 0 38 8
a 588 983 0 25 9
a 588 331 0 33 1
a 589 551 0 25 1
a 589 506 0 2 3
a 589 515 0 42 10
a 589 957 0 46 2
a 590 490 0 25 9
a 590 549 0 28 6
a 590 803 0 6 8
a 592 832 0 25 3
a 592 32 0 6 1
a 592 105 0 37 1
a 592 562 0 7 1
a 592 227 0 22 4
a 592 821 0 41 1
a 593 740 0 25 5
a 593 132 0 25 5
a 596 931 0 25 2
a 596 659 0 22 1
a 596 180 0 40 2
a 597 477 0 25 1
a 597 499 0 8 10
a 598 68 0 25 10
a 598 738 0 6 9
a 598 332 0 47 3
a 598 208 0 5 3
a 598 804 0 4 3
a 599 837 0 25 1
a 599 172 0 3 2
a 599 286 0 49 10
a 600 631 0 25 3
a 600 162 0 0 7
a 601 148 0 25 4
a 601 24 0 44 6
a 601 793 0 8 2
a 601 169 0 2 9
a 603 460 0 25 3
a 603 560 0 9 10
a 603 430 0 50 6
a 603 181 0 6 3
a 604 955 0 25 7
a 604 823 0 9 3
a 604 88 0 18 5
a 604 145 0 26 2
a 607 622 0 25 6
a 607 875 0 12 2
a 609 45 0 25 4
a 609 213 0 45 5
a 609 144 0 22 5
a 609 959 0 35 9
a 612 310 0 25 7
a 612 614 0 2 1
a 612 351 0 42 6
a 612 480 0 12 3
a 612 695 0 35 8
a 614 365 0 25 5
a 614 808 0 16 2
a 614 793 0 14 1
a 614 661 0 49 5
a 614 567 0 37 8
a 614 711 0 5 9
a 615 826 0 25 5
a 615 264 0 9 5
a 616 647 0 25 5
a 616 869 0 8 4
a 616 273 0 27 5
a 619 429 0 25 10
a 619 808 0 19 6
a 619 678 0 14 8
a 619 747 0 13 7
a 620 730 0 25 8
a 620 938 0 18 9
a 620 744 0 10 6
a 620 132 0 27 1
a 620 568 0 32 8
a 620 413 0 27 1
a 621 349 0 25 10
a 621 556 0 29 6
a 621 643 0 7 4
a 621 549 0 49 7
a 621 150 0 47 4
a 622 637 0 25 10
a 622 331 0 20 1
a 622 465 0 15 2
a 622 765 0 48 5
a 622 740 0 45 8
a 626 721 0 25 5
a 626 914 0 32 9
a 626 939 0 10 7
a 626 788 0 14 3
a 628 452 0 25 6
a 628 24 0 42 1
a 628 904 0 33 7
a 628 656 0 31 6
a 628 877 0 42 8
a 629 768 0 25 1
a 629 368 0 21 3
a 631 909 0 25 2
a 631 719 0 14 1
a 631 66 0 3 8
a 631 88 0 23 3
a 631 859 0 3 3
a 631 175 0 33 2
a 633 54 0 25 7
a 633 699 0 39 2
a 633 796 0 0 4
a 633 898 0 21 7
a 633 739 0 31 2
a 635 579 0 25 8
a 635 604 0 43 5
a 635 756 0 41 10
a 636 842 0 25 3
a 636 715 0 49 8
a 636 629 0 7 2
a 636 588 0 24 10
a 636 185 0 39 1
a 637 694 0 25 3
a 637 349 0 11 1
a 637 345 0 5 6
a 637 800 0 10 5
a 637 346 0 32 10
a 637 725 0 2 8
a 639 896 0 25 5
a 639 653 0 26 8
a 639 69 0 21 7
a 639 216 0 2 2
a 639 366 0 4 7
a 642 947 0 25 3
a 642 679 0 32 2
a 642 907 0 25 2
a 644 256 0 25 9
a 644 744 0 15 10
a 644 62 0 23 5
a 644 765 0 16 2
a 644 222 0 22 10
a 644 710 0 35 5
a 647 583 0 25 4
a 647 853 0 45 9
a 651 149 0 25 6
a 651 793 0 9 1
a 651 536 0 20 3
a 652 187 0 25 2
a 652 391 0 32 6
a 652 637 0 28 5
a 655 885 0 25 2
a 655 720 0 32 10
a 655 332 0 27 2
a 655 344 0 45 4
a 655 66 0 4 5
a 655 919 0 37 2
a 656 824 0 25 2
a 656 439 0 31 4
a 656 107 0 39 1
a 657 115 0 25 2
a 657 413 0 42 7
a 657 724 0 37 1
a 657 964 0 14 7
a 657 820 0 39 4
a 659 132 0 25 1
a 659 286 0 32 7
a 659 228 0 31 4
a 660 17 0 25 4
a 660 472 0 46 1
a 660 502 0 34 4
a 660 125 0 37 8
a 660 801 0 7 6
a 661 391 0 25 1
a 661 677 0 18 1
a 661 424 0 50 7
a 661 328 0 4 7
a 662 519 0 25 3
a 662 939 0 20 9
a 662 26 0 37 9
a 662 311 0 33 7
a 662 169 0 13 6
a 664 493 0 25 4
a 664 62 0 47 10
a 664 187 0 9 6
a 664 958 0 37 4
a 664 609 0 29 1
a 664 590 0 45 8
a 665 715 0 25 9
a 665 43 0 39 2
a 665 527 0 49 3
a 665 3 0 31 1
a 665 911 0 0 10
a 666 872 0 25 8
a 666 865 0 33 5
a 666 133 0 7 2
a 666 342 0 17 6
a 666 642 0 29 1
a 666 158 0 7 3
a 667 717 0 25 8
a 667 938 0 35 1
a 667 935 0 18 2
a 668 782 0 25 3
a 668 88 0 7 6
a 668 120 0 40 5
a 668 503 0 37 6
a 669 129 0 25 10
a 669 196 0 4 5
a 670 744 0 25 1
a 670 668 0 3 1
a 670 702 0 15 6
a 672 282 0 25 4
a 672 101 0 42 7
a 672 584 0 47 1
a 672 751 0 41 6
a 674 616 0 25 10
a 674 311 0 23 1
a 681 305 0 25 5
a 681 433 0 45 2
a 681 118 0 22 5
a 681 342 0 26 10
a 682 273 0 25 6
a 682 601 0 32 1
a 682 197 0 37 2
a 682 999 0 18 8
a 684 707 0 25 3
a 684 737 0 35 5
a 689 152 0 25 6
a 689 874 0 29 9
a 689 215 0 29 9
a 689 224 0 5 8
a 689 121 0 40 4
a 689 123 0 50 7
a 691 556 0 25 8
a 691 745 0 15 8
a 691 818 0 25 4
a 691 982 0 30 3
a 691 588 0 7 9
a 691 511 0 2 8
a 692 626 0 25 1
a 692 914 0 49 8
a 692 648 0 37 4
a 693 239 0 25 1
a 693 337 0 10 3
a 693 116 0 44 1
a 693 358 0 44 4
a 693 579 0 31 7
a 694 109 0 25 8
a 694 527 0 5 1
a 694 327 0 7 6
a 694 198 0 0 9
a 694 216 0 38 10
a 694 699 0 17 7
a 695 590 0 25 4
a 695 942 0 14 4
a 696 37 0 25 7
a 696 70 0 41 8
a 697 775 0 25 10
a 697 868 0 1 8
a 697 216 0 35 1
a 702 855 0 25 10
a 702 943 0 0 10
a 702 941 0 0 6
a 702 51 0 36 2
a 702 40 0 41 8
a 702 963 0 8 6
a 706 472 0 25 4
a 706 905 0 28 3
a 707 908 0 25 4
a 707 250 0 37 5
a 710 196 0 25 8
a 710 937 0 22 3
a 710 41 0 10 9
a 710 989 0 11 2
a 710 770 0 48 6
a 711 107 0 25 6
a 711 740 0 4 5
a 711 692 0 1 4
a 712 511 0 25 3
a 712 861 0 28 7
a 712 783 0 38 8
a 712 330 0 20 7
a 713 895 0 25 1
a 713 670 0 39 8
a 713 940 0 25 4
a 713 271 0 33 3
a 713 194 0 37 7
a 715 23 0 25 2
a 715 212 0 18 1
a 715 444 0 16 8
a 715 978 0 16 5
a 715 806 0 26 5
a 717 588 0 25 10
a 717 23 0 45 9
a 717 907 0 44 6
a 717 642 0 7 6
a 718 539 0 25 7
a 718 979 0 3 4
a 720 951 0 25 6
a 720 253 0 21 3
a 720 974 0 11 8
a 720 492 0 39 10
a 720 482 0 39 2
a 721 752 0 25 1
a 721 317 0 23 1
a 721 569 0 48 4
a 721 975 0 27 8
a 721 231 0 47 9
a 722 372 0 25 10
a 722 794 0 38 6
a 722 511 0 13 4
a 722 30 0 19 8
a 722 88 0 41 8
a 724 854 0 25 9
a 724 863 0 45 7
a 724 561 0 44 10
a 724 375 0 49 10
a 729 418 0 25 6
a 729 130 0 2 2
a 729 559 0 40 2
a 730 266 0 25 9
a 730 527 0 46 9
a 730 621 0 14 1
a 730 163 0 22 7
a 730 710 0 22 5
a 730 455 0 46 8
a 733 468 0 25 8
a 733 846 0 35 8
a 736 809 0 25 7
a 736 479 0 0 7
a 737 370 0 25 4
a 737 331 0 7 3
a 739 802 0 25 4
a 739 86 0 47 7
a 739 40 0 35 8
a 739 949 0 18 2
a 740 815 0 25 6
a 740 305 0 9 1
a 740 568 0 1 9
a 740 100 0 12 3
a 740 191 0 42 1
a 741 506 0 25 9
a 741 845 0 14 1
a 742 383 0 25 2
a 742 633 0 43 5
a 742 487 0 7 9
a 742 730 0 2 9
a 742 820 0 41 2
a 743 793 0 25 5
a 743 718 0 27 5
a 744 236 0 25 6
a 744 849 0 17 10
a 744 160 0 36 1
a 744 206 0 8 1
a 744 445 0 18 8
a 744 457 0 1 3
a 747 325 0 25 4
a 747 948 0 40 5
a 747 487 0 12 10
a 747 314 0 10 1
a 747 126 0 26 2
a 747 442 0 40 9
a 749 450 0 25 6
a 749 366 0 12 9
a 749 53 0 14 10
a 750 43 0 25 3
a 750 930 0 44 7
a 750 646 0 28 4
a 750 172 0 6 3
a 750 563 0 37 8
a 750 333 0 15 9
a 752 710 0 25 3
a 752 366 0 34 1
a 752 150 0 14 5
a 752 90 0 23 4
a 752 291 0 41 7
a 755 275 0 25 1
a 755 315 0 15 4
a 755 76 0 35 10
a 757 15 0 25 9
a 757 56 0 12 9
a 759 779 0 25 3
a 759 499 0 43 9
a 759 362 0 26 7
a 763 898 0 25 9
a 763 188 0 43 10
a 763 892 0 0 3
a 763 189 0 2 5
a 765 408 0 25 9
a 765 614 0 41 4
a 765 575 0 48 5
a 765 590 0 27 3
a 765 635 0 22 6
a 766 411 0 25 5
a 766 732 0 5 4
a 766 925 0 36 2
a 766 775 0 16 7
a 767 684 0 25 7
a 767 732 0 6 5
a 768 976 0 25 1
a 768 137 0 48 8
a 768 117 0 35 3
a 768 901 0 29 10
a 772 80 0 25 7
a 772 31 0 24 3
a 773 364 0 25 1
a 773 5 0 25 10
a 773 722 0 36 9
a 773 567 0 37 1
a 775 820 0 25 3
a 775 555 0 21 3
a 775 571 0 7 9
a 775 366 0 11 7
a 775 472 0 17 9
a 779 797 0 25 8
a 779 328 0 29 3
a 782 290 0 25 8
a 782 777 0 23 10
a 782 448 0 9 10
a 782 564 0 18 5
a 782 727 0 8 2
a 784 502 0 25 9
a 784 756 0 37 7
a 784 58 0 14 5
a 784 568 0 14 6
a 790 702 0 25 3
a 790 853 0 8 9
a 790 833 0 21 4
a 790 263 0 9 7
a 790 994 0 12 4
a 792 966 0 25 1
a 792 317 0 29 1
a 792 652 0 43 6
a 792 562 0 46 2
a 792 641 0 4 3
a 793 921 0 25 2
a 793 720 0 39 8
a 793 541 0 2 5
a 793 51 0 45 10
a 793 769 0 41 8
a 793 784 0 38 2
a 796 49 0 25 6
a 796 201 0 33 9
a 796 308 0 39 1
a 796 947 0 1 5
a 796 731 0 28 10
a 796 695 0 21 6
a 797 538 0 25 4
a 797 409 0 14 9
a 797 861 0 11 2
a 797 519 0 0 8
a 797 220 0 44 9
a 797 973 0 18 1
a 798 94 0 25 3
a 798 921 0 26 3
a 798 783 0 7 1
a 798 370 0 32 9
a 798 127 0 49 3
a 799 515 0 25 7
a 799 577 0 44 10
a 799 755 0 20 1
a 799 769 0 47 3
a 800 905 0 25 3
a 800 506 0 30 6
a 800 164 0 16 8
a 800 267 0 29 8
a 802 179 0 25 3
a 802 125 0 14 9
a 802 477 0 41 9
a 804 992 0 25 4
a 804 735 0 1 2
a 804 945 0 3 5
a 806 495 0 25 1
a 806 915 0 3 4
a 809 328 0 25 10
a 809 907 0 22 4
a 809 808 0 41 7
a 809 71 0 49 10
a 809 415 0 39 8
a 809 886 0 31 9
a 810 481 0 25 10
a 810 708 0 30 4
a 810 145 0 48 7
a 810 639 0 42 6
a 814 914 0 25 8
a 814 570 0 39 8
a 814 212 0 27 7
a 814 433 0 32 6
a 815 886 0 25 7
a 815 28 0 13 10
a 815 599 0 39 8
a 815 989 0 48 7
a 815 470 0 40 5
a 815 75 0 20 3
a 820 183 0 25 10
a 820 755 0 11 1
a 820 857 0 18 5
a 824 839 0 25 2
a 824 63 0 35 1
a 824 213 0 47 3
a 824 714 0 10 10
a 825 226 0 25 7
a 825 307 0 0 8
a 825 880 0 39 9
a 825 670 0 29 1
a 825 950 0 5 3
a 825 483 0 34 3
a 826 202 0 25 3
a 826 13 0 47 5
a 826 686 0 12 8
a 827 250 0 25 9
a 827 687 0 31 2
a 827 955 0 47 5
a 829 105 0 25 10
a 829 200 0 16 5
a 829 504 0 21 2
a 829 563 0 42 4
a 829 642 0 38 4
a 829 13 0 2 5
a 832 66 0 25 6
a 832 513 0 30 2
a 832 485 0 10 8
a 832 541 0 23 9
a 832 439 0 44 7
a 833 46 0 25 7
a 833 165 0 32 7
a 833 51 0 46 3
a 833 647 0 33 2
a 833 72 0 11 3
a 834 796 0 25 5
a 834 258 0 46 6
a 834 805 0 16 3
a 834 114 0 10 3
a 834 122 0 34 2
a 834 671 0 43 9
a 835 670 0 25 6
a 835 379 0 22 3
a 835 591 0 2 8
a 835 517 0 42 3
a 835 861 0 12 8
a 837 52 0 25 6
a 837 492 0 27 4
a 837 662 0 24 7
a 837 901 0 35 5
a 838 520 0 25 9
a 838 450 0 24 5
a 838 335 0 35 2
a 838 631 0 0 5
a 838 312 0 35 7
a 838 936 0 25 6
a 839 178 0 25 8
a 839 50 0 44 10
a 839 350 0 21 5
a 839 188 0 23 6
a 839 248 0 35 10
a 839 638 0 32 7
a 842 907 0 25 8
a 842 247 0 6 10
a 844 736 0 25 10
a 844 297 0 24 4
a 845 415 0 25 9
a 845 207 0 33 2
a 845 699 0 25 6
a 845 444 0 46 3
a 847 954 0 25 3
a 847 38 0 38 10
a 847 551 0 25 5
a 847 690 0 34 9
a 847 17 0 13 2
a 854 773 0 25 10
a 854 591 0 0 10
a 854 66 0 47 3
a 854 384 0 31 9
a 854 198 0 12 7
a 855 126 0 25 2
a 855 616 0 22 10
a 855 820 0 14 6
a 855 736 0 1 1
a 855 857 0 14 8
a 857 384 0 25 10
a 857 418 0 42 2
a 857 336 0 40 4
a 860 336 0 25 7
a 860 591 0 37 2
a 862 234 0 25 10
a 862 334 0 29 1
a 862 678 0 14 8
a 867 766 0 25 9
a 867 263 0 15 8
a 867 430 0 17 6
a 868 767 0 25 7
a 868 864 0 17 3
a 868 960 0 26 9
a 868 55 0 3 7
a 872 293 0 25 8
a 872 329 0 3 10
a 872 304 0 5 10
a 878 547 0 25 3
a 878 192 0 15 10
a 881 476 0 25 8
a 881 47 0 13 2
a 881 125 0 34 3
a 881 444 0 36 9
a 881 469 0 8 3
a 885 987 0 25 8
a 885 405 0 9 1
a 885 982 0 15 1
a 885 464 0 45 8
a 885 536 0 5 2
a 885 652 0 6 6
a 886 455 0 25 7
a 886 8 0 38 3
a 887 550 0 25 6
a 887 980 0 39 7
a 887 585 0 7 2
a 887 361 0 37 8
a 887 571 0 16 3
a 889 514 0 25 6
a 889 739 0 5 8
a 889 545 0 44 3
a 889 166 0 40 5
a 890 211 0 25 4
a 890 3 0 29 6
a 891 661 0 25 2
a 891 160 0 22 10
a 891 650 0 44 8
a 891 469 0 28 6
a 892 125 0 25 3
a 892 996 0 47 3
a 892 533 0 43 6
a 892 220 0 18 2
a 894 517 0 25 4
a 894 39 0 25 4
a 894 827 0 29 4
a 894 882 0 35 9
a 894 349 0 12 1
a 894 205 0 10 8
a 895 320 0 25 2
a 895 546 0 19 4
a 895 903 0 44 1
a 895 334 0 8 7
a 896 422 0 25 9
a 896 500 0 0 6
a 898 508 0 25 6
a 898 519 0 24 9
a 898 175 0 31 7
a 898 783 0 23 6
a 898 978 0 40 4
a 902 810 0 25 1
a 902 92 0 24 2
a 902 677 0 9 8
a 902 688 0 25 10
a 903 261 0 25 1
a 903 52 0 41 3
a 905 592 0 25 4
a 905 812 0 21 4
a 905 145 0 5 5
a 905 243 0 13 8
a 905 521 0 35 9
a 907 749 0 25 9
a 907 714 0 4 9
a 907 199 0 17 7
a 907 462 0 34 8
a 907 973 0 48 1
a 907 170 0 41 5
a 908 664 0 25 3
a 908 894 0 49 4
a 908 564 0 32 4
a 908 258 0 24 2
a 908 244 0 31 3
a 909 800 0 25 9
a 909 627 0 15 7
a 909 820 0 22 2
a 913 674 0 25 7
a 913 164 0 13 1
a 914 134 0 25 7
a 914 869 0 48 8
a 914 545 0 47 7
a 914 189 0 44 10
a 914 777 0 7 8
a 921 478 0 25 1
a 921 469 0 47 8
a 921 713 0 8 8
a 921 857 0 4 2
a 922 953 0 25 10
a 922 598 0 48 8
a 928 240 0 25 5
a 928 33 0 1 5
a 928 166 0 41 4
a 928 4 0 38 3
a 928 516 0 30 8
a 928 973 0 27 10
a 931 978 0 25 5
a 931 673 0 32 4
a 931 894 0 8 4
a 931 794 0 12 9
a 932 790 0 25 7
a 932 470 0 41 10
a 932 82 0 25 2
a 933 755 0 25 10
a 933 7 0 43 7
a 933 450 0 6 10
a 933 176 0 31 7
a 935 557 0 25 2
a 935 774 0 40 9
a 935 683 0 47 2
a 935 796 0 24 6
a 935 769 0 30 6
a 935 611 0 38 3
a 940 652 0 25 2
a 940 834 0 0 5
a 940 668 0 35 3
a 940 370 0 15 7
a 940 40 0 0 9
a 940 706 0 40 1
a 942 620 0 25 4
a 942 874 0 31 3
a 942 780 0 11 3
a 944 194 0 25 4
a 944 479 0 24 9
a 944 438 0 23 6
a 944 357 0 50 5
a 945 206 0 25 2
a 945 607 0 6 5
a 945 325 0 46 6
a 945 376 0 35 1
a 945 124 0 29 1
a 947 248 0 25 1
a 947 787 0 3 3
a 947 377 0 7 5
a 947 339 0 11 10
a 948 902 0 25 9
a 948 666 0 22 7
a 948 77 0 49 2
a 948 469 0 2 3
a 948 766 0 13 10
a 949 375 0 25 4
a 949 711 0 30 8
a 949 840 0 26 3
a 950 360 0 25 9
a 950 186 0 7 8
a 950 374 0 23 5
a 951 425 0 25 8
a 951 394 0 38 6
a 951 602 0 13 7
a 951 444 0 6 5
a 953 835 0 25 1
a 953 168 0 32 1
a 953 515 0 1 1
a 953 187 0 6 7
a 954 565 0 25 2
a 954 574 0 24 7
a 954 193 0 23 1
a 955 962 0 25 8
a 955 417 0 49 9
a 955 443 0 48 8
a 957 141 0 25 6
a 957 969 0 17 6
a 957 510 0 46 7
a 957 751 0 26 1
a 957 997 0 48 8
a 958 693 0 25 8
a 958 613 0 10 5
a 958 900 0 33 8
a 958 108 0 24 7
a 958 775 0 28 1
a 958 355 0 5 6
a 962 271 0 25 2
a 962 308 0 42 5
a 964 659 0 25 3
a 964 119 0 31 3
a 964 356 0 30 2
a 966 86 0 25 6
a 966 772 0 31 5
a 966 192 0 18 3
a 966 266 0 19 3
a 966 162 0 28 1
a 966 182 0 47 8
a 970 601 0 25 8
a 970 407 0 18 1
a 970 981 0 32 1
a 970 766 0 50 5
a 971 263 0 25 2
a 971 695 0 47 6
a 971 970 0 24 6
a 971 642 0 47 7
a 971 67 0 28 1
a 976 397 0 25 2
a 976 750 0 20 10
a 976 44 0 21 7
a 976 853 0 48 1
a 976 919 0 9 5
a 976 401 0 24 5
a 978 599 0 25 2
a 978 600 0 15 10
a 978 851 0 46 8
a 978 32 0 30 9
a 978 79 0 15 5
a 978 62 0 45 9
a 980 669 0 25 3
a 980 176 0 12 7
a 980 502 0 11 2
a 981 301 0 25 8
a 981 611 0 5 2
a 981 774 0 16 3
a 981 984 0 9 1
a 983 651 0 25 9
a 983 497 0 11 9
a 983 351 0 35 4
a 985 139 0 25 7
a 985 55 0 1 10
a 985 38 0 3 9
a 985 244 0 20 7
a 985 542 0 7 8
a 985 361 0 2 4
a 987 264 0 25 4
a 987 598 0 4 8
a 987 370 0 46 8
a 987 479 0 5 4
a 987 878 0 1 3
a 987 6 0 1 5
a 992 199 0 25 6
a 992 980 0 48 8
a 992 739 0 13 7
a 992 914 0 22 4
a 992 986 0 46 8
a 992 186 0 5 2
a 995 458 0 25 2
a 995 691 0 10 5
a 998 128 0 25 8
a 998 963 0 2 8
a 998 411 0 35 7
a 998 968 0 48 6
a 998 850 0 14 4
a 2 423 0 25 9
a 2 318 0 11 9
a 2 335 0 25 5
a 2 115 0 16 2
a 3 228 0 25 8
a 3 405 0 13 10
a 3 146 0 27 2
a 4 605 0 25 5
a 4 968 0 15 8
a 4 886 0 17 7
a 4 862 0 35 9
a 4 583 0 17 1
a 4 892 0 41 1
a 5 961 0 25 1
a 5 710 0 18 8
a 8 438 0 25 3
a 8 785 0 49 9
a 10 330 0 25 8
a 10 137 0 26 9
a 10 873 0 7 10
a 10 422 0 30 9
a 14 850 0 25 5
a 14 845 0 4 5
a 14 46 0 26 9
a 14 194 0 7 1
a 14 882 0 25 7
a 16 990 0 25 3
a 16 479 0 47 5
a 16 493 0 12 4
a 16 33 0 21 6
a 18 756 0 25 5
a 18 440 0 16 2
a 18 62 0 14 8
a 18 495 0 21 7
a 18 490 0 16 5
a 19 658 0 25 9
a 19 201 0 46 5
a 19 895 0 38 1
a 19 697 0 15 6
a 19 830 0 41 6
a 19 742 0 3 4
a 20 1000 0 25 8
a 20 647 0 40 3
a 20 378 0 45 9
a 20 732 0 25 3
a 24 746 0 25 4
a 24 889 0 10 8
a 24 148 0 23 6
a 24 561 0 30 6
a 25 952 0 25 1
a 25 564 0 9 7
a 25 361 0 14 1
a 25 739 0 34 1
a 25 170 0 12 1
a 25 778 0 37 7
a 28 606 0 25 8
a 28 186 0 14 9
a 29 582 0 25 8
a 29 510 0 46 2
a 29 280 0 28 6
a 29 864 0 33 6
a 29 295 0 25 10
a 30 864 0 25 6
a 30 490 0 26 2
a 33 454 0 25 10
a 33 301 0 11 4
a 33 344 0 50 2
a 33 691 0 37 5
a 33 496 0 2 3
a 33 652 0 25 1
a 34 523 0 25 8
a 34 871 0 18 4
a 34 775 0 47 5
a 34 436 0 45 10
a 34 251 0 48 9
a 36 823 0 25 7
a 36 14 0 8 1
a 36 721 0 44 7
a 36 275 0 41 8
a 38 73 0 25 4
a 38 161 0 37 8
a 38 764 0 38 3
a 38 800 0 31 3
a 38 276 0 17 4
a 38 639 0 2 9
a 39 443 0 25 1
a 39 820 0 44 6
a 39 446 0 37 7
a 39 535 0 5 10
a 39 53 0 14 9
a 39 363 0 44 1
a 40 136 0 25 8
a 40 970 0 49 6
a 42 62 0 25 9
a 42 662 0 33 5
a 44 648 0 25 4
a 44 214 0 1 7
a 44 118 0 11 10
a 44 319 0 24 2
a 44 617 0 26 2
a 48 934 0 25 10
a 48 595 0 28 8
a 48 402 0 28 9
a 48 737 0 12 4
a 50 241 0 25 5
a 50 684 0 10 10
a 50 54 0 24 10
a 50 1000 0 11 7
a 51 137 0 25 9
a 51 278 0 0 3
a 51 628 0 11 9
a 51 866 0 6 3
a 51 8 0 38 3
a 53 899 0 25 6
a 53 503 0 5 8
a 53 318 0 22 6
a 55 530 0 25 5
a 55 70 0 28 8
a 55 782 0 15 6
a 57 602 0 25 1
a 57 691 0 48 4
a 58 836 0 25 7
a 58 483 0 45 9
a 58 963 0 36 6
a 59 884 0 25 5
a 59 422 0 49 10
a 59 806 0 8 3
a 60 160 0 25 4
a 60 790 0 40 4
a 60 693 0 4 5
a 60 578 0 42 6
a 60 29 0 35 6
a 60 554 0 20 6
a 61 923 0 25 1
a 61 394 0 46 5
a 61 280 0 48 8
a 61 571 0 8 9
a 61 622 0 4 5
a 61 225 0 22 6
a 62 153 0 25 1
a 62 57 0 23 10
a 62 145 0 39 3
a 63 456 0 25 4
a 63 900 0 12 2
a 63 245 0 5 8
a 64 244 0 25 6
a 64 800 0 17 9
a 64 42 0 27 9
a 64 813 0 0 1
a 64 946 0 6 3
a 65 117 0 25 5
a 65 667 0 50 10
a 65 950 0 46 6
a 65 435 0 9 1
a 69 283 0 25 5
a 69 265 0 25 10
a 69 721 0 35 3
a 69 285 0 31 3
a 69 592 0 26 8
a 69 858 0 13 8
a 70 509 0 25 3
a 70 740 0 13 1
a 73 182 0 25 3
a 73 151 0 17 10
a 73 685 0 8 3
a 73 518 0 50 4
a 74 29 0 25 1
a 74 496 0 2 1
a 75 113 0 25 3
a 75 157 0 12 4
a 75 972 0 45 2
a 75 226 0 6 4
a 75 336 0 23 10
a 75 132 0 44 9
a 77 163 0 25 7
a 77 812 0 17 4
a 77 201 0 0 8
a 79 279 0 25 6
a 79 862 0 36 7
a 79 494 0 12 7
a 84 984 0 25 7
a 84 692 0 10 4
a 84 579 0 18 9
a 85 974 0 25 6
a 85 214 0 38 4
a 87 811 0 25 5
a 87 911 0 47 4
a 87 625 0 23 9
a 87 138 0 49 2
a 87 888 0 7 5
a 87 449 0 32 1
a 89 777 0 25 7
a 89 931 0 21 8
a 89 364 0 31 1
a 89 9 0 40 4
a 89 615 0 21 8
a 90 483 0 25 3
a 90 46 0 36 6
a 90 734 0 42 10
a 90 80 0 50 6
a 90 684 0 40 7
a 96 830 0 25 2
a 96 323 0 47 5
a 96 827 0 42 4
a 96 784 0 29 8
a 96 133 0 41 7
a 96 541 0 43 7
a 99 918 0 25 7
a 99 809 0 0 2
a 99 738 0 28 7
a 100 859 0 25 6
a 100 309 0 12 6
a 100 620 0 28 6
a 104 389 0 25 5
a 104 875 0 21 6
a 104 784 0 44 10
a 106 546 0 25 9
a 106 501 0 37 1
a 106 559 0 49 10
a 106 524 0 29 5
a 106 915 0 47 7
a 108 627 0 25 7
a 108 257 0 23 5
a 108 265 0 16 9
a 108 439 0 35 9
a 108 567 0 13 2
a 111 801 0 25 3
a 111 278 0 32 10
a 111 844 0 39 7
a 111 956 0 46 1
a 111 970 0 35 5
a 113 965 0 25 8
a 113 758 0 22 5
a 113 461 0 18 8
a 114 176 0 25 3
a 114 649 0 33 3
a 114 72 0 10 5
a 114 415 0 26 3
a 114 221 0 13 8
a 114 794 0 29 9
a 117 488 0 25 3
a 117 142 0 26 3
a 117 556 0 30 5
a 117 793 0 25 2
a 121 700 0 25 1
a 121 753 0 34 4
a 121 15 0 17 7
a 121 797 0 4 7
a 121 570 0 30 4
a 122 469 0 25 10
a 122 57 0 37 9
a 122 175 0 14 9
a 122 409 0 35 6
a 123 461 0 25 10
a 123 451 0 2 6
a 123 588 0 19 3
a 123 377 0 20 8
a 123 30 0 16 5
a 123 247 0 20 6
a 124 451 0 25 1
a 124 78 0 49 7
a 124 121 0 45 7
a 124 403 0 0 6
a 124 985 0 3 8
a 127 751 0 25 4
a 127 464 0 6 9
a 127 117 0 0 3
a 127 723 0 12 5
a 127 806 0 28 8
a 130 554 0 25 2
a 130 913 0 43 7
a 131 262 0 25 10
a 131 49 0 38 10
a 131 275 0 45 7
a 131 9 0 18 9
a 131 535 0 9 3
a 135 781 0 25 1
a 135 325 0 39 2
a 135 447 0 40 2
a 135 684 0 26 8
a 135 903 0 34 3
a 136 433 0 25 4
a 136 487 0 42 2
a 136 267 0 39 2
a 136 5 0 25 2
a 136 437 0 23 5
a 137 924 0 25 10
a 137 868 0 0 10
a 137 960 0 39 7
a 142 374 0 25 5
a 142 496 0 3 2
a 144 351 0 25 1
a 144 820 0 50 7
a 144 470 0 29 4
a 144 665 0 0 5
a 144 300 0 8 10
a 151 243 0 25 1
a 151 555 0 15 9
a 151 936 0 21 6
a 151 189 0 45 9
a 151 362 0 8 2
a 151 100 0 19 2
a 153 30 0 25 5
a 153 600 0 30 6
a 154 776 0 25 7
a 154 493 0 46 1
a 156 745 0 25 8
a 156 384 0 2 8
a 157 216 0 25 7
a 157 548 0 14 4
a 157 4 0 37 3
a 157 550 0 48 4
a 157 492 0 14 4
a 157 760 0 39 10
a 158 297 0 25 7
a 158 103 0 26 1
a 160 428 0 25 2
a 160 204 0 3 1
a 160 83 0 10 5
a 160 381 0 43 7
a 160 434 0 28 4
a 160 753 0 39 3
a 163 207 0 25 2
a 163 494 0 6 9
a 163 628 0 3 5
a 163 484 0 30 10
a 163 679 0 33 7
a 164 723 0 25 6
a 164 508 0 49 5
a 164 551 0 2 7
a 165 354 0 25 3
a 165 547 0 18 9
a 165 264 0 16 5
a 165 278 0 14 6
a 165 550 0 47 10
a 167 185 0 25 6
a 167 631 0 1 10
a 167 942 0 14 10
a 167 477 0 11 9
a 167 386 0 39 9
a 167 639 0 23 6
a 168 831 0 25 5
a 168 38 0 11 2
a 168 122 0 30 5
a 170 10 0 25 3
a 170 46 0 32 6
a 170 304 0 39 3
a 174 979 0 25 3
a 174 812 0 9 7
a 174 64 0 1 1
a 176 549 0 25 1
a 176 538 0 50 7
a 181 774 0 25 10
a 181 248 0 40 1
a 181 731 0 18 9
a 181 904 0 24 10
a 181 519 0 34 5
a 182 231 0 25 5
a 182 624 0 16 6
a 182 351 0 39 2
a 182 584 0 43 1
a 184 786 0 25 5
a 184 880 0 35 1
a 185 57 0 25 3
a 185 493 0 35 7
a 185 558 0 39 1
a 185 567 0 30 5
a 185 312 0 47 2
a 189 760 0 25 5
a 189 227 0 0 7
a 189 355 0 45 8
a 190 874 0 25 10
a 190 315 0 20 10
a 190 536 0 23 6
a 190 984 0 2 8
a 192 571 0 25 5
a 192 940 0 29 5
a 195 106 0 25 9
a 195 665 0 15 5
a 195 593 0 44 1
a 195 337 0 31 6
a 195 550 0 45 9
a 195 236 0 19 5
a 197 292 0 25 7
a 197 42 0 26 1
a 197 680 0 41 8
a 200 331 0 25 6
a 200 622 0 12 10
a 200 97 0 44 9
a 201 813 0 25 7
a 201 711 0 7 3
a 203 334 0 25 6
a 203 679 0 32 6
a 203 423 0 44 8
a 203 784 0 11 8
a 204 841 0 25 8
a 204 504 0 28 7
a 204 962 0 12 10
a 204 921 0 28 10
a 204 246 0 39 8
a 205 361 0 25 1
a 205 347 0 11 9
a 205 479 0 24 6
a 205 942 0 11 1
a 205 428 0 20 6
a 207 919 0 25 7
a 207 383 0 32 1
a 207 26 0 3 2
a 207 722 0 6 5
a 208 448 0 25 7
a 208 866 0 37 8
a 208 446 0 41 8
a 208 43 0 33 8
a 208 34 0 22 3
a 209 594 0 25 2
a 209 794 0 30 5
a 209 50 0 48 1
a 209 100 0 47 5
a 212 769 0 25 9
a 212 618 0 3 10
a 212 300 0 30 10
a 212 19 0 0 9
a 213 127 0 25 5
a 213 492 0 2 5
a 213 942 0 6 2
a 216 542 0 25 8
a 216 785 0 19 3
a 216 474 0 16 10
a 216 41 0 45 9
a 216 554 0 8 10
a 216 190 0 10 1
a 222 348 0 25 10
a 222 547 0 1 5
a 223 518 0 25 1
a 223 595 0 12 8
a 223 135 0 35 8
a 225 104 0 25 10
a 225 52 0 32 10
a 225 470 0 45 5
a 225 364 0 8 4
a 227 158 0 25 2
a 227 46 0 31 5
a 227 20 0 5 5
a 227 119 0 34 8
a 228 685 0 25 6
a 228 752 0 18 7
a 228 978 0 5 8
a 229 5 0 25 6
a 229 80 0 28 9
a 229 144 0 41 2
a 229 292 0 38 4
a 229 383 0 36 7
a 229 65 0 5 10
a 230 489 0 25 8
a 230 471 0 10 7
a 231 25 0 25 6
a 231 786 0 9 7
a 232 871 0 25 3
a 232 614 0 6 4
a 232 25 0 29 9
a 235 680 0 25 7
a 235 65 0 15 7
a 235 41 0 41 10
a 235 519 0 19 6
a 241 85 0 25 2
a 241 234 0 8 8
a 242 653 0 25 2
a 242 935 0 37 3
a 242 305 0 7 2
a 242 848 0 22 4
a 242 734 0 50 4
a 243 100 0 25 8
a 243 905 0 17 2
a 243 693 0 32 9
a 244 60 0 25 2
a 244 617 0 6 6
a 247 479 0 25 8
a 247 771 0 43 5
a 251 208 0 25 3
a 251 84 0 18 6
a 251 136 0 5 3
a 251 499 0 13 10
a 251 597 0 0 9
a 252 540 0 25 3
a 252 714 0 24 10
a 252 891 0 4 5
a 253 869 0 25 3
a 253 662 0 15 4
a 253 888 0 23 10
a 253 722 0 27 4
a 254 167 0 25 5
a 254 876 0 45 10
a 254 316 0 18 2
a 254 794 0 38 5
a 254 745 0 20 4
a 257 227 0 25 10
a 257 383 0 27 6
a 257 69 0 33 6
a 257 657 0 0 4
a 259 762 0 25 3
a 259 307 0 36 4
a 259 962 0 7 8
a 259 677 0 37 7
a 260 503 0 25 6
a 260 624 0 4 4
a 262 368 0 25 1
a 262 101 0 26 5
a 262 505 0 3 5
a 267 709 0 25 9
a 267 66 0 29 10
a 267 796 0 35 4
a 267 983 0 4 2
a 268 322 0 25 4
a 268 720 0 35 1
a 268 385 0 27 6
a 269 789 0 25 7
a 269 632 0 9 7
a 269 201 0 24 10
a 269 397 0 22 8
a 269 399 0 0 2
a 269 586 0 47 8
a 272 687 0 25 9
a 272 841 0 41 6
a 272 39 0 48 3
a 272 413 0 8 5
a 272 425 0 8 1
a 272 46 0 26 6
a 274 906 0 25 4
a 274 193 0 28 7
a 274 385 0 25 4
a 274 799 0 19 8
a 274 609 0 50 6
a 274 705 0 15 3
a 277 840 0 25 8
a 277 159 0 30 9
a 277 551 0 2 5
a 278 510 0 25 1
a 278 703 0 19 10
a 278 97 0 13 2
a 279 641 0 25 1
a 279 107 0 40 9
a 279 37 0 31 1
a 281 543 0 25 2
a 281 1000 0 2 2
a 281 430 0 46 8
a 281 168 0 22 6
a 281 569 0 7 3
a 283 321 0 25 6
a 283 352 0 23 8
a 283 729 0 3 10
a 284 466 0 25 7
a 284 581 0 39 8
a 286 277 0 25 8
a 286 387 0 39 3
a 286 728 0 17 8
a 286 926 0 21 2
a 287 371 0 25 1
a 287 595 0 2 5
a 287 322 0 14 7
a 287 777 0 50 4
a 287 401 0 14 3
a 288 36 0 25 10
a 288 439 0 24 1
a 288 974 0 46 4
a 288 367 0 47 4
a 288 364 0 15 10
a 289 205 0 25 4
a 289 956 0 48 10
a 289 283 0 46 2
a 292 785 0 25 1
a 292 283 0 35 10
a 292 924 0 25 2
a 292 569 0 7 9
a 294 926 0 25 7
a 294 843 0 30 10
a 294 55 0 13 2
a 294 503 0 4 9
a 294 629 0 33 3
a 297 941 0 25 2
a 297 257 0 33 4
a 300 791 0 25 1
a 300 211 0 27 4
a 300 756 0 15 9
a 300 656 0 5 1
a 300 82 0 2 7
a 300 967 0 50 9
a 304 317 0 25 2
a 304 987 0 41 4
a 304 273 0 3 4
a 304 936 0 37 5
a 304 198 0 26 6
a 304 858 0 29 6
a 307 42 0 25 5
a 307 954 0 6 10
a 307 463 0 3 8
a 312 734 0 25 10
a 312 19 0 14 10
a 312 185 0 15 5
a 313 613 0 25 7
a 313 321 0 21 9
a 313 293 0 48 2
a 313 862 0 40 3
a 313 713 0 29 6
a 317 803 0 25 10
a 317 315 0 36 3
a 318 638 0 25 10
a 318 267 0 0 2
a 318 648 0 33 9
a 318 162 0 25 2
a 318 522 0 25 7
a 319 912 0 25 5
a 319 254 0 0 1
a 321 470 0 25 1
a 321 380 0 19 9
a 321 133 0 20 9
a 322 939 0 25 5
a 322 537 0 29 1
a 322 918 0 28 4
a 322 382 0 12 8
a 322 240 0 3 4
a 322 196 0 26 2
a 323 988 0 25 2
a 323 605 0 23 9
a 327 643 0 25 6
a 327 145 0 1 9
a 327 725 0 2 8
a 327 889 0 2 3
a 329 486 0 25 9
a 329 23 0 18 1
a 329 879 0 10 1
a 329 400 0 3 5
a 330 300 0 25 2
a 330 875 0 12 9
a 330 165 0 24 9
a 330 705 0 16 4
a 330 396 0 46 4
a 331 294 0 25 2
a 331 827 0 34 7
a 331 738 0 31 10
a 331 805 0 32 8
a 331 447 0 44 10
a 333 537 0 25 5
a 333 929 0 40 10
a 333 956 0 28 2
a 333 307 0 13 3
a 334 323 0 25 10
a 334 529 0 1 1
a 334 786 0 4 3
a 334 983 0 36 6
a 339 77 0 25 10
a 339 183 0 23 2
a 339 137 0 13 2
a 339 50 0 0 7
a 340 677 0 25 1
a 340 558 0 50 4
a 346 379 0 25 3
a 346 282 0 13 3
a 346 970 0 17 1
a 346 127 0 2 5
a 346 583 0 4 10
a 347 485 0 25 4
a 347 335 0 23 8
a 347 580 0 13 4
a 348 738 0 25 6
a 348 995 0 1 1
a 348 472 0 26 4
a 348 817 0 17 3
a 350 24 0 25 7
a 350 87 0 0 3
a 350 634 0 30 6
a 350 791 0 46 7
a 351 764 0 25 6
a 351 839 0 3 8
a 351 644 0 38 10
a 353 223 0 25 2
a 353 255 0 45 6
a 353 599 0 47 6
a 353 111 0 27 1
a 353 581 0 5 9
a 354 584 0 25 9
a 354 627 0 19 10
a 354 574 0 29 2
a 358 728 0 25 8
a 358 799 0 37 5
a 358 480 0 50 10
a 358 381 0 4 4
a 361 412 0 25 2
a 361 848 0 46 9
a 361 170 0 25 2
a 361 627 0 11 8
a 362 748 0 25 6
a 362 381 0 42 6
a 362 808 0 17 6
a 362 297 0 35 7
a 363 678 0 25 8
a 363 924 0 40 9
a 363 686 0 42 1
a 363 269 0 39 4
a 366 663 0 25 7
a 366 531 0 36 1
a 366 639 0 33 9
a 368 225 0 25 1
a 368 467 0 28 2
a 368 750 0 9 2
a 369 362 0 25 8
a 369 511 0 38 2
a 371 650 0 25 2
a 371 68 0 15 8
a 371 719 0 0 4
a 373 48 0 25 4
a 373 492 0 7 1
a 373 137 0 13 4
a 373 724 0 43 9
a 374 121 0 25 7
a 374 969 0 30 5
a 376 960 0 25 5
a 376 691 0 41 4
a 377 754 0 25 5
a 377 886 0 37 10
a 377 159 0 44 7
a 377 699 0 26 7
a 377 752 0 46 6
a 377 774 0 30 4
a 379 124 0 25 2
a 379 651 0 44 1
a 379 539 0 2 5
a 379 145 0 25 10
a 379 716 0 48 6
a 379 888 0 4 4
a 385 989 0 25 8
a 385 552 0 16 4
a 385 985 0 24 2
a 387 64 0 25 3
a 387 760 0 45 4
a 387 982 0 9 6
a 387 806 0 42 4
a 387 174 0 21 10
a 389 14 0 25 5
a 389 654 0 18 5
a 389 231 0 30 10
a 390 313 0 25 1
a 390 656 0 1 3
a 390 688 0 4 8
a 390 461 0 25 10
a 390 811 0 1 2
a 390 618 0 12 7
a 392 154 0 25 1
a 392 85 0 48 3
a 396 817 0 25 6
a 396 586 0 12 9
a 396 559 0 26 10
a 399 688 0 25 4
a 399 471 0 43 9
a 399 919 0 49 7
a 400 920 0 25 7
a 400 368 0 44 6
a 400 700 0 0 8
a 400 691 0 48 8
a 400 619 0 11 10
a 400 362 0 34 3
a 401 526 0 25 2
a 401 86 0 26 7
a 401 39 0 26 1
a 401 966 0 5 3
a 401 890 0 46 1
a 401 373 0 16 2
a 402 975 0 25 3
a 402 996 0 22 9
a 402 386 0 0 6
a 402 594 0 38 4
a 402 518 0 34 6
a 402 891 0 46 7
a 403 698 0 25 8
a 403 656 0 21 8
a 403 948 0 20 6
a 403 672 0 41 4
a 403 278 0 0 7
a 403 134 0 32 3
a 404 20 0 25 1
a 404 868 0 47 4
a 404 691 0 10 3
a 404 116 0 38 6
a 404 938 0 22 6
a 404 902 0 36 2
a 405 413 0 25 5
a 405 917 0 12 5
a 405 799 0 32 5
a 407 675 0 25 10
a 407 285 0 4 7
a 407 254 0 11 5
a 407 57 0 10 10
a 407 985 0 21 8
a 407 505 0 2 3
a 410 135 0 25 4
a 410 462 0 0 7
a 410 765 0 30 6
a 410 405 0 8 8
a 410 931 0 22 3
a 410 880 0 4 6
a 412 560 0 25 10
a 412 78 0 10 9
a 412 80 0 19 6
a 412 464 0 22 3
a 412 740 0 33 3
a 412 807 0 33 5
a 413 492 0 25 10
a 413 707 0 0 6
a 413 769 0 8 2
a 413 517 0 7 10
a 413 491 0 22 10
a 413 850 0 33 4
a 414 445 0 25 9
a 414 114 0 48 5
a 414 924 0 2 6
a 417 611 0 25 4
a 417 8 0 40 9
a 417 978 0 32 7
a 417 936 0 5 9
a 417 66 0 41 8
a 417 663 0 15 9
a 419 999 0 25 1
a 419 703 0 25 3
a 419 826 0 31 5
a 419 556 0 15 7
a 419 694 0 45 8
a 421 475 0 25 3
a 421 778 0 1 10
a 421 892 0 30 2
a 421 708 0 28 7
a 421 252 0 32 3
a 423 870 0 25 1
a 423 632 0 39 3
a 426 404 0 25 7
a 426 111 0 31 9
a 426 424 0 6 5
a 426 408 0 44 6
a 426 739 0 48 3
a 427 630 0 25 4
a 427 945 0 35 6
a 427 335 0 43 4
a 428 392 0 25 3
a 428 915 0 4 4
a 428 33 0 46 3
a 428 930 0 28 3
a 428 401 0 49 6
a 428 335 0 48 10
a 431 883 0 25 5
a 431 686 0 27 4
a 431 782 0 49 1
a 431 642 0 38 9
a 431 274 0 1 3
a 431 875 0 35 8
a 433 286 0 25 9
a 433 583 0 43 9
a 433 119 0 44 6
a 433 431 0 4 6
a 433 542 0 50 10
a 433 110 0 17 3
a 434 373 0 25 4
a 434 311 0 30 9
a 434 24 0 2 7
a 434 612 0 28 3
a 434 772 0 20 7
a 434 150 0 3 4
a 437 705 0 25 2
a 437 402 0 34 4
a 438 33 0 25 10
a 438 877 0 42 6
a 438 161 0 44 10
a 438 155 0 45 3
a 439 578 0 25 1
a 439 498 0 7 4
a 442 716 0 25 8
a 442 778 0 7 10
a 443 525 0 25 2
a 443 298 0 11 10
a 443 744 0 31 3
a 443 769 0 8 6
a 443 606 0 35 3
a 444 818 0 25 4
a 444 108 0 50 8
a 445 89 0 25 7
a 445 472 0 28 3
a 445 714 0 17 4
a 445 637 0 25 5
a 445 906 0 12 7
a 446 645 0 25 9
a 446 943 0 2 6
a 446 332 0 3 1
a 446 665 0 30 5
a 446 639 0 31 7
a 447 708 0 25 8
a 447 944 0 3 8
a 447 711 0 29 10
a 447 109 0 16 3
a 447 531 0 42 3
a 448 794 0 25 1
a 448 974 0 29 1
a 448 479 0 47 8
a 448 703 0 8 5
a 448 47 0 12 3
a 448 5 0 34 9
a 451 816 0 25 8
a 451 355 0 47 7
a 451 365 0 25 4
a 451 789 0 49 7
a 454 376 0 25 9
a 454 844 0 34 9
a 454 109 0 24 7
a 454 635 0 8 6
a 456 69 0 25 9
a 456 778 0 38 10
a 456 985 0 34 7
a 461 679 0 25 10
a 461 730 0 0 3
a 461 975 0 10 7
a 461 961 0 16 1
a 462 848 0 25 1
a 462 858 0 18 10
a 462 494 0 0 4
a 462 338 0 39 2
a 463 911 0 25 8
a 463 876 0 33 7
a 463 959 0 8 3
a 463 182 0 36 5
a 463 44 0 30 2
a 463 582 0 7 1
a 464 181 0 25 10
a 464 501 0 26 8
a 464 86 0 48 5
a 464 802 0 45 10
a 466 312 0 25 8
a 466 566 0 49 6
a 466 511 0 46 10
a 466 197 0 48 7
a 467 439 0 25 2
a 467 837 0 7 10
a 467 255 0 44 5
a 467 48 0 37 7
a 469 569 0 25 5
a 469 586 0 7 10
a 469 642 0 35 7
a 469 553 0 31 5
a 469 123 0 24 8
a 469 815 0 32 10
a 470 770 0 25 9
a 470 649 0 17 1
a 470 329 0 16 8
a 470 311 0 33 9
a 470 44 0 19 4
a 470 377 0 45 9
a 475 446 0 25 10
a 475 572 0 23 3
a 475 125 0 49 5
a 479 39 0 25 6
a 479 748 0 40 7
a 479 94 0 29 10
a 479 192 0 1 7
a 479 41 0 21 1
a 479 730 0 36 2
a 483 805 0 25 10
a 483 386 0 21 3
a 483 593 0 31 4
a 483 603 0 40 4
a 483 297 0 31 10
a 483 948 0 26 6
a 485 201 0 25 6
a 485 262 0 4 2
a 485 154 0 0 4
a 486 442 0 25 4
a 486 353 0 12 7
a 486 867 0 5 7
a 486 321 0 15 4
a 486 874 0 4 1
a 486 634 0 4 4
a 487 75 0 25 8
a 487 587 0 20 5
a 487 253 0 41 4
a 487 800 0 32 9
a 487 403 0 14 5
a 488 99 0 25 5
a 488 674 0 13 7
a 488 732 0 25 7
a 488 926 0 4 10
a 488 903 0 50 6
a 489 529 0 25 2
a 489 315 0 18 7
a 489 585 0 19 8
a 489 733 0 44 6
a 492 387 0 25 1
a 492 379 0 48 1
a 492 591 0 49 3
a 494 555 0 25 3
a 494 76 0 45 6
a 494 400 0 11 9
a 497 400 0 25 8
a 497 287 0 45 8
a 503 123 0 25 2
a 503 693 0 32 8
a 503 317 0 7 1
a 503 88 0 9 9
a 509 917 0 25 7
a 509 665 0 21 5
a 509 808 0 0 7
a 509 202 0 16 7
a 509 922 0 43 8
a 510 396 0 25 8
a 510 339 0 6 4
a 510 386 0 6 2
a 510 81 0 7 8
a 510 884 0 38 5
a 510 813 0 41 2
a 513 414 0 25 3
a 513 913 0 33 9
a 513 584 0 34 7
a 513 184 0 28 5
a 513 194 0 20 3
a 518 977 0 25 1
a 518 291 0 32 5
a 518 32 0 43 3
a 523 654 0 25 10
a 523 174 0 40 10
a 523 90 0 31 9
a 523 32 0 31 4
a 523 205 0 24 6
a 523 207 0 12 6
a 525 846 0 25 5
a 525 655 0 14 10
a 525 18 0 30 1
a 526 8 0 25 4
a 526 241 0 35 3
a 526 300 0 46 1
a 527 232 0 25 3
a 527 181 0 35 6
a 527 312 0 24 1
a 529 863 0 25 5
a 529 573 0 5 2
a 529 175 0 5 9
a 529 251 0 50 8
a 530 888 0 25 1
a 530 310 0 41 2
a 530 821 0 1 7
a 530 192 0 12 6
a 530 965 0 29 2
a 531 346 0 25 1
a 531 583 0 47 9
a 531 397 0 27 1
a 531 673 0 19 5
a 531 950 0 15 7
a 531 85 0 8 4
a 532 61 0 25 2
a 532 47 0 14 9
a 532 594 0 17 7
a 532 898 0 21 2
a 534 780 0 25 9
a 534 537 0 23 2
a 534 56 0 18 4
a 534 303 0 47 3
a 534 859 0 15 3
a 534 272 0 24 3
a 535 192 0 25 8
a 535 736 0 46 10
a 537 731 0 25 5
a 537 232 0 4 7
a 537 367 0 43 2
a 540 873 0 25 9
a 540 79 0 15 7
a 540 510 0 38 7
a 541 690 0 25 5
a 541 828 0 10 4
a 541 597 0 1 9
a 541 208 0 44 6
a 541 234 0 43 2
a 541 501 0 39 2
a 542 151 0 25 10
a 542 958 0 21 2
a 543 534 0 25 4
a 543 278 0 9 1
a 543 978 0 4 1
a 543 167 0 46 9
a 544 268 0 25 6
a 544 183 0 20 7
a 546 340 0 25 7
a 546 809 0 14 8
a 546 39 0 49 7
a 546 44 0 20 8
a 549 856 0 25 7
a 549 122 0 11 7
a 552 901 0 25 4
a 552 476 0 4 5
a 552 882 0 31 3
a 552 60 0 16 10
a 552 962 0 44 6
a 552 541 0 7 5
a 554 865 0 25 5
a 554 343 0 49 6
a 554 650 0 41 6
a 554 789 0 20 7
a 554 149 0 0 3
a 554 981 0 28 8
a 555 632 0 25 10
a 555 50 0 26 6
a 555 331 0 13 6
a 555 338 0 26 8
a 555 931 0 46 7
a 558 222 0 25 10
a 558 117 0 20 4
a 558 830 0 28 3
a 558 869 0 29 4
a 559 771 0 25 8
a 559 878 0 10 1
a 560 704 0 25 1
a 560 77 0 28 2
a 560 206 0 8 8
a 560 24 0 35 10
a 560 145 0 13 8
a 560 519 0 30 2
a 562 532 0 25 2
a 562 777 0 36 3
a 562 921 0 17 6
a 562 452 0 46 10
a 566 254 0 25 5
a 566 898 0 8 7
a 566 885 0 21 8
a 568 272 0 25 10
a 568 613 0 12 4
a 568 253 0 36 7
a 568 955 0 19 1
a 569 16 0 25 3
a 569 568 0 25 4
a 569 261 0 22 5
a 570 111 0 25 7
a 570 861 0 29 2
a 570 157 0 47 4
a 571 195 0 25 4
a 571 52 0 18 8
a 571 115 0 17 2
a 572 972 0 25 10
a 572 221 0 33 5
a 572 784 0 7 2
a 572 984 0 27 9
a 573 284 0 25 3
a 573 318 0 36 3
a 573 971 0 0 3
a 573 11 0 3 1
a 573 418 0 7 2
a 574 463 0 25 10
a 574 481 0 37 10
a 574 975 0 11 9
a 578 358 0 25 1
a 578 830 0 44 8
a 580 625 0 25 4
a 580 63 0 17 7
a 580 878 0 50 7
a 580 617 0 29 10
a 582 640 0 25 3
a 582 35 0 45 2
a 582 702 0 34 1
a 582 760 0 34 5
a 582 8 0 32 1
a 584 595 0 25 10
a 584 406 0 20 4
a 586 875 0 25 9
a 586 474 0 39 2
a 586 396 0 12 10
a 586 744 0 37 4
a 586 908 0 23 10
a 586 399 0 33 3
a 587 50 0 25 5
a 587 439 0 16 1
a 591 114 0 25 10
a 591 458 0 11 5
a 591 332 0 27 3
a 591 296 0 7 2
a 591 634 0 48 2
a 591 191 0 40 10
a 594 778 0 25 5
a 594 974 0 14 8
a 594 539 0 40 5
a 594 868 0 49 8
a 594 485 0 22 9
a 595 130 0 25 2
a 595 340 0 22 8
a 595 376 0 33 3
a 595 20 0 1 9
a 595 211 0 6 8
a 595 337 0 35 2
a 602 90 0 25 4
a 602 337 0 41 6
a 602 852 0 41 3
a 602 995 0 45 9
a 602 693 0 41 6
a 602 674 0 45 6
a 605 986 0 25 3
a 605 535 0 47 10
a 605 797 0 15 9
a 605 335 0 26 3
a 606 623 0 25 4
a 606 667 0 42 4
a 606 731 0 12 1
a 606 915 0 37 2
a 608 586 0 25 2
a 608 630 0 24 6
a 608 297 0 50 4
a 608 577 0 7 1
a 610 434 0 25 7
a 610 919 0 22 8
a 610 162 0 42 7
a 610 274 0 39 4
a 610 237 0 38 5
a 610 791 0 40 2
a 611 18 0 25 3
a 611 775 0 14 3
a 611 964 0 27 5
a 613 142 0 25 7
a 613 322 0 43 5
a 613 471 0 13 2
a 613 43 0 7 10
a 613 356 0 3 1
a 617 487 0 25 3
a 617 490 0 5 4
a 618 535 0 25 10
a 618 280 0 41 10
a 618 295 0 40 6
a 618 637 0 30 4
a 618 915 0 18 8
a 623 497 0 25 8
a 623 646 0 4 6
a 623 158 0 33 4
a 623 109 0 14 10
a 623 26 0 8 2
a 623 410 0 4 10
a 624 852 0 25 10
a 624 652 0 46 3
a 625 858 0 25 6
a 625 604 0 26 6
a 627 828 0 25 1
a 627 120 0 10 6
a 627 652 0 6 8
a 627 383 0 34 3
a 630 943 0 25 6
a 630 938 0 14 9
a 632 821 0 25 8
a 632 114 0 3 7
a 632 854 0 24 3
a 632 413 0 45 6
a 634 993 0 25 5
a 634 951 0 22 8
a 634 71 0 36 3
a 634 113 0 23 7
a 634 411 0 25 5
a 634 799 0 26 2
a 638 267 0 25 10
a 638 919 0 38 9
a 638 904 0 23 2
a 638 111 0 40 8
a 638 291 0 35 6
a 640 624 0 25 6
a 640 686 0 13 2
a 640 301 0 48 3
a 640 411 0 17 8
a 640 305 0 10 6
a 640 890 0 13 2
a 641 572 0 25 1
a 641 630 0 23 4
a 641 71 0 49 6
a 641 436 0 10 8
a 643 156 0 25 8
a 643 625 0 20 9
a 643 513 0 25 7
a 643 675 0 6 7
a 643 192 0 46 6
a 645 122 0 25 5
a 645 740 0 28 3
a 645 644 0 16 9
a 645 51 0 47 2
a 645 913 0 46 3
a 645 967 0 37 6
a 646 544 0 25 9
a 646 857 0 11 5
a 646 227 0 49 2
a 646 994 0 13 6
a 646 28 0 34 3
a 648 701 0 25 5
a 648 787 0 10 2
a 648 22 0 37 3
a 648 99 0 34 3
a 648 31 0 16 5
a 649 74 0 25 2
a 649 586 0 15 9
a 649 579 0 50 10
a 650 996 0 25 10
a 650 221 0 19 4
a 650 397 0 5 5
a 650 324 0 33 2
a 650 504 0 43 4
a 650 614 0 25 8
a 653 327 0 25 7
a 653 743 0 33 4
a 653 539 0 32 6
a 653 450 0 22 6
a 654 552 0 25 7
a 654 472 0 14 2
a 654 688 0 31 2
a 654 559 0 16 3
a 658 608 0 25 1
a 658 743 0 4 1
a 663 281 0 25 3
a 663 184 0 2 6
a 663 729 0 17 5
a 663 972 0 0 5
a 663 865 0 36 9
a 671 788 0 25 9
a 671 621 0 40 1
a 671 179 0 11 3
a 671 459 0 20 10
a 671 826 0 44 6
a 671 570 0 3 2
a 673 562 0 25 3
a 673 943 0 32 4
a 673 63 0 30 2
a 675 904 0 25 8
a 675 375 0 20 3
a 675 451 0 23 9
a 675 690 0 11 10
a 676 927 0 25 2
a 676 896 0 1 2
a 676 430 0 29 10
a 676 282 0 36 10
a 676 219 0 48 2
a 677 467 0 25 2
a 677 195 0 42 7
a 677 115 0 2 8
a 677 761 0 19 6
a 677 354 0 36 7
a 677 480 0 39 8
a 678 683 0 25 7
a 678 458 0 37 10
a 678 965 0 25 3
a 678 239 0 30 9
a 678 127 0 32 6
a 678 67 0 31 4
a 679 329 0 25 8
a 679 788 0 17 3
a 679 829 0 8 1
a 679 762 0 25 9
a 679 756 0 3 3
a 680 405 0 25 2
a 680 789 0 37 8
a 680 352 0 32 1
a 680 592 0 26 3
a 683 366 0 25 5
a 683 654 0 20 6
a 685 70 0 25 9
a 685 843 0 34 4
a 685 51 0 32 5
a 685 450 0 27 7
a 685 626 0 12 9
a 685 306 0 42 9
a 686 200 0 25 9
a 686 404 0 50 4
a 686 389 0 49 5
a 686 590 0 25 7
a 686 145 0 38 8
a 686 700 0 3 9
a 687 587 0 25 1
a 687 745 0 44 7
a 687 581 0 28 6
a 687 774 0 17 5
a 687 534 0 47 9
a 688 427 0 25 2
a 688 876 0 29 2
a 690 882 0 25 6
a 690 999 0 46 8
a 698 410 0 25 8
a 698 205 0 11 8
a 699 253 0 25 1
a 699 901 0 28 7
a 699 750 0 44 6
a 700 783 0 25 8
a 700 905 0 12 5
a 700 390 0 2 10
a 700 293 0 22 6
a 701 58 0 25 1
a 701 528 0 16 9
a 701 479 0 10 3
a 703 447 0 25 5
a 703 359 0 21 9
a 704 649 0 25 9
a 704 329 0 4 8
a 704 837 0 37 2
a 704 743 0 20 10
a 705 812 0 25 6
a 705 861 0 21 2
a 705 954 0 10 3
a 705 299 0 37 9
a 708 910 0 25 5
a 708 571 0 0 8
a 708 891 0 32 4
a 709 51 0 25 6
a 709 203 0 29 9
a 709 721 0 28 8
a 709 633 0 14 9
a 714 55 0 25 10
a 714 905 0 18 4
a 716 84 0 25 4
a 716 485 0 48 9
a 716 79 0 25 6
a 716 856 0 17 1
a 716 912 0 46 6
a 716 847 0 33 9
a 719 843 0 25 4
a 719 367 0 48 9
a 719 351 0 10 6
a 719 303 0 8 8
a 719 571 0 41 4
a 723 242 0 25 4
a 723 258 0 41 3
a 723 350 0 32 3
a 723 169 0 45 4
a 725 426 0 25 7
a 725 859 0 5 9
a 725 120 0 11 8
a 725 570 0 18 4
a 725 387 0 42 9
a 726 969 0 25 4
a 726 844 0 26 6
a 726 1000 0 13 2
a 726 984 0 46 3
a 726 718 0 15 9
a 726 571 0 2 7
a 727 541 0 25 4
a 727 460 0 49 1
a 728 269 0 25 1
a 728 942 0 40 3
a 728 574 0 13 5
a 728 197 0 25 1
a 728 448 0 10 8
a 728 596 0 21 9
a 731 87 0 25 4
a 731 650 0 12 6
a 731 50 0 43 9
a 732 274 0 25 9
a 732 100 0 9 9
a 732 567 0 36 5
a 734 259 0 25 7
a 734 419 0 37 6
a 735 893 0 25 7
a 735 642 0 38 8
a 735 602 0 9 8
a 735 299 0 4 5
a 735 574 0 25 10
a 738 229 0 25 5
a 738 695 0 6 1
a 738 296 0 21 10
a 738 311 0 23 4
a 745 431 0 25 5
a 745 703 0 22 2
a 745 100 0 4 5
a 745 527 0 17 5
a 745 983 0 29 4
a 746 333 0 25 6
a 746 335 0 29 8
a 746 942 0 13 5
a 746 867 0 47 7
a 748 956 0 25 7
a 748 144 0 12 4
a 748 253 0 49 8
a 748 598 0 1 9
a 748 398 0 17 4
a 748 589 0 37 3
a 751 646 0 25 8
a 751 716 0 24 6
a 751 391 0 0 10
a 751 269 0 34 8
a 753 494 0 25 10
a 753 542 0 32 5
a 753 411 0 14 3
a 753 224 0 48 8
a 753 947 0 11 3
a 754 209 0 25 5
a 754 811 0 10 9
a 754 783 0 28 6
a 754 842 0 4 1
a 754 930 0 18 8
a 754 372 0 31 8
a 756 385 0 25 9
a 756 142 0 36 8
a 756 924 0 6 9
a 756 840 0 26 4
a 756 37 0 18 7
a 756 877 0 41 2
a 758 377 0 25 10
a 758 427 0 42 7
a 760 235 0 25 7
a 760 864 0 33 4
a 761 673 0 25 1
a 761 40 0 10 9
a 761 456 0 46 4
a 761 759 0 36 10
a 762 618 0 25 2
a 762 95 0 37 6
a 762 605 0 27 5
a 762 507 0 39 2
a 762 263 0 37 3
a 762 181 0 16 9
a 764 671 0 25 7
a 764 610 0 43 2
a 769 807 0 25 2
a 769 99 0 27 9
a 770 144 0 25 4
a 770 112 0 27 1
a 771 925 0 25 9
a 771 447 0 17 1
a 771 597 0 31 8
a 771 882 0 10 3
a 771 663 0 19 5
a 771 894 0 33 1
a 774 916 0 25 2
a 774 819 0 42 1
a 774 578 0 4 10
a 774 447 0 8 9
a 774 272 0 21 5
a 774 851 0 42 10
a 776 251 0 25 5
a 776 253 0 50 4
a 776 597 0 44 5
a 776 224 0 33 1
a 777 527 0 25 7
a 777 766 0 19 9
a 777 605 0 25 1
a 777 288 0 46 6
a 778 531 0 25 8
a 778 307 0 9 9
a 778 84 0 9 1
a 778 545 0 9 8
a 778 7 0 48 6
a 780 318 0 25 4
a 780 142 0 36 8
a 781 44 0 25 4
a 781 349 0 8 4
a 783 257 0 25 2
a 783 979 0 29 6
a 785 558 0 25 10
a 785 455 0 29 10
a 785 7 0 2 3
a 785 805 0 22 5
a 785 843 0 19 6
a 786 573 0 25 10
a 786 143 0 2 7
a 786 509 0 29 7
a 786 435 0 22 8
a 786 337 0 3 1
a 787 973 0 25 8
a 787 147 0 19 8
a 787 439 0 22 8
a 787 904 0 18 9
a 788 866 0 25 7
a 788 309 0 22 8
a 788 671 0 36 3
a 788 653 0 2 4
a 788 775 0 14 3
a 788 221 0 46 3
a 789 170 0 25 1
a 789 682 0 6 2
a 791 407 0 25 10
a 791 797 0 8 2
a 794 732 0 25 10
a 794 615 0 40 4
a 794 29 0 32 1
a 795 819 0 25 2
a 795 209 0 40 3
a 795 830 0 25 1
a 795 360 0 26 6
a 795 520 0 18 1
a 801 726 0 25 9
a 801 978 0 30 4
a 801 585 0 39 9
a 801 169 0 6 1
a 801 247 0 40 1
a 803 190 0 25 10
a 803 828 0 29 6
a 805 65 0 25 4
a 805 970 0 31 2
a 805 151 0 47 4
a 805 921 0 30 6
a 807 580 0 25 2
a 807 199 0 31 2
a 807 923 0 3 8
a 808 213 0 25 9
a 808 474 0 29 2
a 808 606 0 33 8
a 808 296 0 38 2
a 811 252 0 25 9
a 811 588 0 24 2
a 811 544 0 50 3
a 812 28 0 25 1
a 812 522 0 4 2
a 813 34 0 25 8
a 813 206 0 6 1
a 813 655 0 16 9
a 813 599 0 11 9
a 813 944 0 30 2
a 816 808 0 25 10
a 816 639 0 11 1
a 816 790 0 33 6
a 816 719 0 28 10
a 816 864 0 2 4
a 817 289 0 25 5
a 817 117 0 15 4
a 817 219 0 4 2
a 817 159 0 6 2
a 817 373 0 44 1
a 817 519 0 21 2
a 818 419 0 25 4
a 818 486 0 17 6
a 818 28 0 8 10
a 818 715 0 50 1
a 818 960 0 11 9
a 819 63 0 25 10
a 819 759 0 29 6
a 819 548 0 0 7
a 819 195 0 20 9
a 819 395 0 0 10
a 821 795 0 25 2
a 821 975 0 35 10
a 821 526 0 23 7
a 821 756 0 16 4
a 821 913 0 27 7
a 822 686 0 25 4
a 822 758 0 15 8
a 823 164 0 25 7
a 823 224 0 43 10
a 823 540 0 20 10
a 823 456 0 24 9
a 828 462 0 25 3
a 828 153 0 42 9
a 828 244 0 22 1
a 828 221 0 17 1
a 830 350 0 25 7
a 830 644 0 43 6
a 830 633 0 19 5
a 830 539 0 27 6
a 831 570 0 25 10
a 831 393 0 1 3
a 836 96 0 25 8
a 836 182 0 21 5
a 836 46 0 15 10
a 836 139 0 35 10
a 836 425 0 13 8
a 840 353 0 25 9
a 840 209 0 19 5
a 840 98 0 33 8
a 841 936 0 25 10
a 841 133 0 47 8
a 843 997 0 25 8
a 843 53 0 20 10
a 846 307 0 25 10
a 846 908 0 29 4
a 846 914 0 14 6
a 848 849 0 25 9
a 848 164 0 10 4
a 849 617 0 25 5
a 849 833 0 34 2
a 849 410 0 19 4
a 850 861 0 25 3
a 850 207 0 35 2
a 851 982 0 25 1
a 851 856 0 9 1
a 851 22 0 21 9
a 851 832 0 32 6
a 851 499 0 25 8
a 851 985 0 21 5
a 852 676 0 25 2
a 852 992 0 4 3
a 852 30 0 21 7
a 852 169 0 41 10
a 852 103 0 42 8
a 853 787 0 25 8
a 853 384 0 13 9
a 856 559 0 25 8
a 856 877 0 48 10
a 856 318 0 49 8
a 858 877 0 25 2
a 858 971 0 48 6
a 858 185 0 35 4
a 859 230 0 25 2
a 859 464 0 25 3
a 859 612 0 21 7
a 861 959 0 25 9
a 861 565 0 35 3
a 861 923 0 32 9
a 861 103 0 15 9
a 861 676 0 1 2
a 863 929 0 25 9
a 863 802 0 49 3
a 863 425 0 48 3
a 863 959 0 23 1
a 863 428 0 23 2
a 864 174 0 25 8
a 864 951 0 44 8
a 864 355 0 32 8
a 865 53 0 25 9
a 865 963 0 23 2
a 865 929 0 0 8
a 865 111 0 22 2
a 865 624 0 40 7
a 865 974 0 25 6
a 866 287 0 25 9
a 866 590 0 18 2
a 866 784 0 36 4
a 866 365 0 49 5
a 869 197 0 25 3
a 869 605 0 21 4
a 869 930 0 23 6
a 869 988 0 5 6
a 870 79 0 25 10
a 870 502 0 22 7
a 870 970 0 10 8
a 870 98 0 46 2
a 870 236 0 41 7
a 871 879 0 25 8
a 871 380 0 24 1
a 871 460 0 47 4
a 871 819 0 37 2
a 871 199 0 46 6
a 873 758 0 25 8
a 873 705 0 49 2
a 873 817 0 21 5
a 873 337 0 9 1
a 873 821 0 41 8
a 874 876 0 25 7
a 874 74 0 4 4
a 874 747 0 41 5
a 875 930 0 25 2
a 875 841 0 49 5
a 876 131 0 25 4
a 876 449 0 10 4
a 876 97 0 23 4
a 876 513 0 29 4
a 877 59 0 25 6
a 877 231 0 26 7
a 879 369 0 25 10
a 879 46 0 31 7
a 879 207 0 19 9
a 879 904 0 26 10
a 880 421 0 25 8
a 880 875 0 30 2
a 880 217 0 13 7
a 882 165 0 25 10
a 882 477 0 43 5
a 883 963 0 25 6
a 883 196 0 20 9
a 883 588 0 38 10
a 883 770 0 12 5
a 884 853 0 25 2
a 884 308 0 46 7
a 884 420 0 3 7
a 888 4 0 25 6
a 888 843 0 46 2
a 888 653 0 23 9
a 888 794 0 25 8
a 893 513 0 25 5
a 893 535 0 19 2
a 893 706 0 3 9
a 893 950 0 40 1
a 893 913 0 32 10
a 897 247 0 25 5
a 897 955 0 7 3
a 897 406 0 41 10
a 897 884 0 37 2
a 897 879 0 39 5
a 899 203 0 25 3
a 899 393 0 39 9
a 899 530 0 1 10
a 899 748 0 0 10
a 899 529 0 19 5
a 900 967 0 25 4
a 900 670 0 10 6
a 900 876 0 6 4
a 901 699 0 25 9
a 901 968 0 32 7
a 901 450 0 4 3
a 901 995 0 29 8
a 901 993 0 3 4
a 904 212 0 25 8
a 904 829 0 31 10
a 904 831 0 1 9
a 904 51 0 5 4
a 904 394 0 11 4
a 906 260 0 25 5
a 906 564 0 41 3
a 910 610 0 25 5
a 910 554 0 39 8
a 910 172 0 37 6
a 910 65 0 24 2
a 911 417 0 25 10
a 911 694 0 32 6
a 912 347 0 25 2
a 912 580 0 3 4
a 912 763 0 18 6
a 912 364 0 29 5
a 912 531 0 49 6
a 915 3 0 25 10
a 915 546 0 3 9
a 916 108 0 25 8
a 916 867 0 9 3
a 916 617 0 2 9
a 916 51 0 6 4
a 916 763 0 41 6
a 917 204 0 25 10
a 917 394 0 18 4
a 917 516 0 20 4
a 917 325 0 2 1
a 917 170 0 10 4
a 918 402 0 25 8
a 918 771 0 39 2
a 919 591 0 25 3
a 919 841 0 21 5
a 919 537 0 19 1
a 920 304 0 25 9
a 920 851 0 12 3
a 920 294 0 9 5
a 920 435 0 3 7
a 920 346 0 50 6
a 923 184 0 25 4
a 923 517 0 38 9
a 923 126 0 20 6
a 923 648 0 36 8
a 924 278 0 25 4
a 924 737 0 41 10
a 924 460 0 33 10
a 924 392 0 25 3
a 925 946 0 25 9
a 925 41 0 7 1
a 926 288 0 25 7
a 926 112 0 32 10
a 927 915 0 25 1
a 927 388 0 38 10
a 927 182 0 6 8
a 927 731 0 31 9
a 927 264 0 6 5
a 929 900 0 25 1
a 929 398 0 46 10
a 929 250 0 15 6
a 929 884 0 8 4
a 930 634 0 25 3
a 930 332 0 18 1
a 930 424 0 26 7
a 930 589 0 29 5
a 934 897 0 25 1
a 934 239 0 37 10
a 934 776 0 15 7
a 934 603 0 5 10
a 936 189 0 25 2
a 936 617 0 7 5
a 936 323 0 47 4
a 936 302 0 4 4
a 936 377 0 33 7
a 937 390 0 25 4
a 937 249 0 12 10
a 937 257 0 3 7
a 937 688 0 4 3
a 937 185 0 21 9
a 938 937 0 25 3
a 938 81 0 50 7
a 938 401 0 4 5
a 938 393 0 25 8
a 939 319 0 25 7
a 939 60 0 21 10
a 939 436 0 7 5
a 941 727 0 25 8
a 941 877 0 50 4
a 943 822 0 25 9
a 943 653 0 8 3
a 943 688 0 10 3
a 946 568 0 25 6
a 946 164 0 19 6
a 952 339 0 25 8
a 952 767 0 11 9
a 952 681 0 28 10
a 956 761 0 25 9
a 956 379 0 28 6
a 956 337 0 8 8
a 956 436 0 18 3
a 959 753 0 25 8
a 959 618 0 38 6
a 959 92 0 27 2
a 959 359 0 50 8
a 959 860 0 42 6
a 960 735 0 25 8
a 960 501 0 49 2
a 960 649 0 3 6
a 960 193 0 34 3
a 961 719 0 25 10
a 961 449 0 1 10
a 961 613 0 16 1
a 963 401 0 25 10
a 963 185 0 13 7
a 965 399 0 25 6
a 965 292 0 25 5
a 965 488 0 7 7
a 967 38 0 25 1
a 967 769 0 33 5
a 967 303 0 18 5
a 967 729 0 8 3
a 968 157 0 25 8
a 968 643 0 50 7
a 968 167 0 48 6
a 969 19 0 25 6
a 969 422 0 18 7
a 969 948 0 24 4
a 972 851 0 25 7
a 972 155 0 31 9
a 973 994 0 25 9
a 973 265 0 26 9
a 973 787 0 9 5
a 974 566 0 25 7
a 974 40 0 43 9
a 975 880 0 25 5
a 975 230 0 12 10
a 975 104 0 13 2
a 975 342 0 35 6
a 975 733 0 11 7
a 977 363 0 25 5
a 977 864 0 19 10
a 979 574 0 25 5
a 979 264 0 42 6
a 979 323 0 9 7
a 982 938 0 25 7
a 982 760 0 20 6
a 982 945 0 17 10
a 984 437 0 25 9
a 984 808 0 28 8
a 984 858 0 49 1
a 986 403 0 25 7
a 986 98 0 3 3
a 986 807 0 47 6
a 988 444 0 25 2
a 988 224 0 2 7
a 989 714 0 25 5
a 989 357 0 44 9
a 990 725 0 25 7
a 990 847 0 14 1
a 990 756 0 27 7
a 991 464 0 25 3
a 991 625 0 44 6
a 991 793 0 13 5
a 991 863 0 29 10
a 991 268 0 10 4
a 993 968 0 25 7
a 993 588 0 17 9
a 993 182 0 31 9
a 993 487 0 34 3
a 994 168 0 25 4
a 994 362 0 23 3
a 996 991 0 25 8
a 996 627 0 21 2
a 996 473 0 13 1
a 996 69 0 6 8
a 997 40 0 25 9
a 997 874 0 19 10
