c PyNETGEN v1.0.0
c $ pip install pynetgen
c
c  NETGEN flow network generation algorithm
c  Problem input parameters
c  -------------------------------------
c   Random seed:          16
c   Number of nodes:      1000
c   Source nodes:         2
c   Sink nodes:           2
c   Number of arcs:       4000
c   Minimum arc cost:     1
c   Maximum arc cost:     10
c   Total supply:         50
c   Transshipment -
c     Sources:            0
c     Sinks:              0
c   Skeleton arcs -
c     With max cost:      0
c     Capacitated:        100
c   Minimum arc capacity: 0
c   Maximum arc capacity: 50
c
c  *** Minimum cost flow ***
c
p min 1000 4000
n 1 25
n 2 25
n 999 -19
n 1000 -31
a 1 494 0 25 4
a 1 867 0 9 1
a 1 593 0 14 1
a 1 349 0 17 1
a 3 578 0 25 4
a 3 698 0 44 4
a 3 532 0 47 1
a 5 1000 0 25 3
a 5 317 0 25 8
a 5 333 0 10 5
a 5 926 0 25 5
a 5 301 0 30 4
a 5 581 0 5 10
a 8 334 0 25 3
a 8 887 0 11 9
a 11 442 0 25 9
a 11 465 0 14 7
a 11 834 0 0 5
a 11 411 0 42 5
a 11 780 0 19 4
a 12 383 0 25 1
a 12 676 0 22 7
a 13 410 0 25 9
a 13 624 0 49 3
a 13 69 0 8 3
a 13 32 0 48 6
a 13 816 0 44 9
a 13 186 0 21 8
a 13 915 0 18 8
a 14 971 0 25 7
a 14 957 0 7 3
a 14 479 0 28 2
a 14 822 0 38 7
a 14 607 0 1 5
a 19 115 0 25 3
a 19 536 0 47 9
a 19 294 0 25 1
a 20 787 0 25 10
a 20 810 0 35 7
a 20 273 0 14 9
a 20 298 0 3 8
a 21 944 0 25 9
a 21 526 0 8 10
a 21 600 0 37 4
a 21 800 0 33 5
a 23 262 0 25 6
a 23 243 0 1 4
a 23 798 0 3 4
a 23 5 0 14 8
a 24 836 0 25 7
a 24 240 0 32 7
a 24 618 0 26 7
a 24 45 0 49 5
a 24 785 0 33 2
a 25 616 0 25 7
a 25 699 0 39 6
a 25 355 0 45 4
a 25 296 0 8 3
a 25 258 0 4 9
a 30 717 0 25 1
a 30 894 0 37 3
a 31 374 0 25 9
a 31 687 0 1 10
a 31 17 0 32 3
a 31 323 0 16 3
a 31 949 0 40 8
a 33 484 0 25 2
a 33 482 0 21 4
a 33 110 0 26 5
a 33 116 0 37 8
a 33 372 0 21 1
a 33 568 0 21 1
a 35 361 0 25 8
a 35 922 0 50 5
a 35 183 0 22 8
a 35 445 0 39 4
a 35 944 0 29 4
a 36 946 0 25 8
a 36 738 0 11 6
a 36 389 0 26 8
a 36 709 0 23 1
a 36 16 0 36 7
a 36 875 0 14 1
a 36 102 0 47 10
a 37 885 0 25 2
a 37 222 0 25 4
a 37 873 0 14 1
a 37 4 0 1 1
a 37 447 0 18 3
a 37 902 0 21 3
a 38 577 0 25 2
a 38 70 0 24 5
a 38 732 0 0 1
a 38 790 0 18 1
a 38 370 0 42 1
a 38 717 0 21 9
a 39 818 0 25 3
a 39 13 0 13 10
a 39 647 0 43 6
a 41 434 0 25 6
a 41 841 0 21 9
a 41 965 0 3 3
a 41 769 0 13 10
a 41 794 0 42 7
a 41 933 0 27 1
a 45 553 0 25 3
a 45 112 0 48 9
a 45 408 0 17 2
a 45 639 0 29 10
a 45 434 0 42 9
a 47 622 0 25 10
a 47 38 0 8 2
a 47 705 0 50 10
a 47 586 0 16 10
a 47 699 0 41 6
a 48 978 0 25 9
a 48 982 0 10 3
a 48 751 0 32 4
a 48 604 0 32 4
a 48 699 0 26 5
a 55 658 0 25 5
a 55 851 0 40 2
a 55 324 0 6 1
a 55 965 0 27 6
a 55 333 0 18 2
a 58 777 0 25 2
a 58 695 0 15 5
a 58 140 0 13 5
a 58 971 0 10 7
a 59 449 0 25 8
a 59 187 0 38 7
a 59 933 0 12 3
a 59 721 0 16 5
a 59 140 0 46 9
a 59 904 0 21 4
a 61 8 0 25 4
a 61 921 0 10 5
a 61 158 0 44 5
a 63 522 0 25 2
a 63 816 0 6 1
a 63 625 0 11 8
a 63 504 0 34 4
a 63 255 0 29 5
a 66 197 0 25 9
a 66 619 0 8 6
a 66 925 0 35 1
a 66 137 0 31 2
a 67 975 0 25 8
a 67 764 0 11 1
a 67 999 0 38 8
a 67 439 0 26 6
a 67 96 0 2 10
a 68 795 0 25 4
a 68 566 0 30 2
a 70 585 0 25 6
a 70 626 0 9 8
a 70 135 0 0 3
a 70 832 0 18 9
a 70 531 0 4 1
a 73 966 0 25 3
a 73 642 0 3 10
a 73 461 0 35 10
a 73 807 0 37 1
a 74 596 0 25 8
a 74 829 0 25 7
a 74 69 0 13 7
a 74 695 0 0 9
a 74 724 0 20 10
a 74 400 0 35 3
a 75 249 0 25 8
a 75 720 0 38 7
a 75 14 0 7 9
a 76 252 0 25 8
a 76 194 0 30 9
a 77 722 0 25 2
a 77 995 0 48 8
a 77 193 0 33 8
a 78 851 0 25 10
a 78 800 0 39 10
a 80 284 0 25 3
a 80 869 0 41 1
a 85 937 0 25 7
a 85 669 0 17 10
a 85 638 0 40 3
a 85 70 0 28 2
a 85 453 0 13 2
a 85 451 0 10 6
a 86 906 0 25 3
a 86 677 0 10 10
a 86 315 0 41 10
a 86 802 0 3 5
a 86 414 0 31 7
a 86 311 0 14 7
a 87 852 0 25 8
a 87 699 0 43 2
a 87 431 0 10 1
a 87 308 0 33 10
a 87 978 0 36 1
a 88 216 0 25 6
a 88 231 0 20 7
a 88 912 0 0 9
a 92 535 0 25 5
a 92 302 0 50 4
a 92 144 0 33 3
a 92 258 0 8 10
a 92 777 0 2 7
a 95 697 0 25 7
a 95 826 0 24 7
a 95 18 0 28 9
a 95 736 0 32 4
a 95 700 0 2 7
a 96 214 0 25 5
a 96 474 0 0 7
a 96 571 0 1 7
a 96 765 0 33 7
a 97 733 0 25 6
a 97 969 0 33 6
a 97 461 0 38 9
a 97 753 0 15 4
a 97 199 0 8 5
a 97 762 0 2 9
a 98 513 0 25 2
a 98 607 0 43 9
a 98 90 0 36 6
a 99 439 0 25 8
a 99 454 0 19 5
a 99 631 0 42 4
a 99 637 0 45 3
a 101 831 0 25 8
a 101 569 0 35 4
a 103 538 0 25 2
a 103 859 0 14 1
a 103 894 0 7 1
a 106 721 0 25 1
a 106 221 0 27 2
a 106 802 0 9 2
a 109 12 0 25 4
a 109 29 0 46 5
a 109 57 0 1 4
a 109 886 0 35 6
a 110 170 0 25 2
a 110 406 0 37 5
a 110 670 0 46 7
a 112 375 0 25 5
a 112 490 0 33 1
a 115 945 0 25 5
a 115 842 0 9 5
a 115 765 0 43 4
a 118 123 0 25 4
a 118 613 0 47 5
a 123 909 0 25 1
a 123 94 0 33 3
a 123 793 0 47 7
a 124 785 0 25 10
a 124 695 0 5 7
a 125 542 0 25 4
a 125 16 0 32 9
a 125 805 0 38 9
a 125 320 0 22 7
a 125 820 0 27 6
a 125 116 0 42 8
a 125 411 0 25 3
a 126 58 0 25 3
a 126 983 0 7 7
a 131 528 0 25 9
a 131 648 0 17 3
a 131 164 0 21 10
a 131 824 0 12 6
a 131 253 0 0 7
a 131 996 0 37 9
a 132 746 0 25 3
a 132 666 0 29 3
a 132 849 0 44 1
a 132 995 0 24 5
a 132 151 0 1 7
a 132 5 0 24 7
a 134 509 0 25 6
a 134 640 0 1 7
a 134 457 0 15 5
a 134 764 0 40 1
a 134 697 0 41 6
a 135 55 0 25 6
a 135 364 0 26 1
a 135 763 0 8 7
a 135 47 0 0 7
a 135 934 0 39 9
a 135 670 0 42 6
a 136 168 0 25 1
a 136 523 0 33 6
a 136 823 0 10 8
a 136 450 0 34 10
a 136 989 0 43 1
a 136 732 0 50 3
a 137 427 0 25 4
a 137 434 0 32 10
a 137 163 0 3 3
a 139 699 0 25 10
a 139 646 0 26 8
a 140 387 0 25 7
a 140 710 0 3 8
a 145 750 0 25 10
a 145 231 0 34 4
a 145 516 0 19 6
a 145 956 0 25 6
a 146 420 0 25 4
a 146 217 0 12 6
a 146 910 0 29 2
a 147 923 0 25 5
a 147 12 0 29 8
a 147 756 0 5 9
a 147 982 0 28 3
a 148 13 0 25 1
a 148 975 0 40 7
a 148 970 0 50 1
a 148 188 0 13 8
a 149 932 0 25 6
a 149 809 0 43 2
a 149 496 0 31 10
a 149 307 0 48 7
a 149 860 0 1 7
a 152 285 0 25 1
a 152 986 0 13 3
a 153 396 0 25 4
a 153 911 0 3 6
a 154 514 0 25 10
a 154 434 0 7 4
a 154 612 0 44 7
a 154 387 0 44 4
a 155 934 0 25 1
a 155 568 0 0 8
a 155 379 0 21 7
a 155 818 0 7 8
a 155 129 0 44 4
a 156 161 0 25 3
a 156 826 0 26 9
a 156 501 0 4 5
a 156 991 0 22 1
a 157 456 0 25 2
a 157 712 0 38 5
a 157 240 0 30 10
a 159 679 0 25 5
a 159 475 0 25 10
a 159 291 0 33 5
a 159 644 0 49 6
a 159 337 0 50 6
a 160 125 0 25 3
a 160 435 0 1 1
a 160 268 0 23 7
a 161 240 0 25 8
a 161 117 0 7 1
a 161 712 0 7 2
a 161 687 0 38 7
a 161 467 0 38 8
a 168 973 0 25 5
a 168 254 0 27 5
a 168 218 0 10 9
a 170 112 0 25 6
a 170 504 0 9 2
a 170 419 0 45 5
a 170 427 0 44 1
a 170 771 0 41 6
a 170 232 0 16 2
a 171 797 0 25 10
a 171 619 0 24 3
a 171 407 0 44 10
a 172 222 0 25 9
a 172 322 0 5 6
a 172 749 0 42 3
a 172 720 0 26 6
a 173 709 0 25 2
a 173 652 0 46 9
a 174 581 0 25 7
a 174 625 0 34 7
a 174 36 0 21 7
a 174 981 0 6 4
a 174 588 0 34 4
a 177 474 0 25 9
a 177 110 0 48 3
a 177 839 0 34 3
a 177 100 0 50 4
a 178 908 0 25 4
a 178 607 0 8 5
a 178 137 0 30 4
a 178 589 0 41 1
a 178 147 0 49 9
a 178 360 0 40 10
a 180 466 0 25 3
a 180 99 0 37 5
a 180 853 0 19 7
a 180 537 0 19 7
a 181 376 0 25 6
a 181 818 0 37 8
a 182 832 0 25 6
a 182 382 0 12 2
a 182 987 0 36 8
a 182 324 0 19 1
a 182 350 0 33 3
a 182 954 0 36 3
a 184 136 0 25 3
a 184 701 0 22 3
a 184 165 0 34 1
a 184 383 0 3 9
a 188 464 0 25 3
a 188 538 0 38 7
a 188 522 0 25 4
a 190 951 0 25 1
a 190 995 0 43 5
a 190 846 0 11 2
a 190 804 0 43 7
a 191 824 0 25 10
a 191 80 0 29 2
a 192 31 0 25 7
a 192 71 0 33 7
a 193 457 0 25 1
a 193 306 0 46 2
a 193 345 0 37 4
a 193 426 0 17 8
a 193 550 0 10 7
a 193 183 0 49 8
a 193 469 0 3 2
a 194 35 0 25 3
a 194 394 0 46 3
a 196 446 0 25 9
a 196 522 0 39 9
a 196 626 0 0 3
a 196 641 0 7 1
a 196 788 0 43 5
a 196 235 0 30 6
a 196 350 0 47 6
a 197 942 0 25 3
a 197 839 0 39 9
a 197 391 0 23 9
a 197 264 0 12 9
a 197 438 0 48 4
a 201 539 0 25 7
a 201 406 0 21 1
a 201 806 0 30 5
a 203 88 0 25 4
a 203 705 0 11 7
a 203 510 0 32 4
a 205 153 0 25 10
a 205 424 0 40 6
a 205 420 0 28 2
a 205 358 0 6 5
a 205 602 0 8 6
a 205 224 0 29 5
a 206 491 0 25 3
a 206 536 0 44 10
a 213 597 0 25 10
a 213 957 0 14 5
a 213 639 0 39 2
a 213 327 0 43 2
a 214 843 0 25 10
a 214 341 0 44 6
a 215 124 0 25 3
a 215 604 0 29 4
a 216 762 0 25 3
a 216 579 0 30 8
a 216 660 0 15 7
a 216 644 0 12 8
a 217 309 0 25 1
a 217 394 0 20 5
a 217 902 0 47 10
a 217 638 0 24 1
a 217 655 0 47 9
a 218 86 0 25 1
a 218 305 0 16 6
a 218 417 0 25 4
a 218 684 0 23 3
a 222 352 0 25 2
a 222 48 0 3 1
a 222 843 0 9 6
a 222 734 0 5 1
a 222 501 0 50 8
a 222 512 0 35 6
a 223 547 0 25 7
a 223 644 0 19 6
a 223 794 0 41 1
a 223 968 0 26 10
a 223 822 0 36 10
a 226 949 0 25 8
a 226 976 0 21 6
a 226 407 0 35 2
a 226 859 0 50 2
a 228 355 0 25 7
a 228 837 0 9 2
a 228 707 0 14 6
a 229 497 0 25 5
a 229 734 0 11 8
a 230 24 0 25 5
a 230 629 0 16 5
a 230 683 0 35 1
a 232 859 0 25 3
a 232 923 0 26 5
a 232 346 0 32 9
a 232 160 0 27 2
a 234 871 0 25 6
a 234 253 0 37 3
a 236 751 0 25 5
a 236 849 0 21 1
a 236 63 0 33 2
a 236 928 0 17 3
a 236 167 0 12 10
a 236 585 0 9 9
a 236 388 0 35 5
a 240 97 0 25 6
a 240 315 0 9 2
a 240 898 0 44 5
a 240 818 0 12 9
a 240 188 0 24 5
a 240 41 0 29 1
a 241 487 0 25 5
a 241 354 0 42 8
a 241 617 0 45 5
a 241 398 0 12 3
a 241 969 0 39 9
a 241 38 0 17 10
a 241 716 0 28 10
a 244 301 0 25 5
a 244 334 0 31 1
a 244 28 0 49 5
a 246 660 0 25 4
a 246 412 0 12 6
a 246 444 0 1 4
a 247 106 0 25 10
a 247 786 0 8 5
a 248 739 0 25 7
a 248 145 0 46 8
a 249 791 0 25 6
a 249 614 0 21 3
a 249 364 0 4 6
a 252 659 0 25 9
a 252 283 0 40 2
a 252 619 0 7 1
a 252 684 0 33 3
a 252 141 0 29 1
a 252 101 0 19 10
a 252 87 0 16 7
a 253 425 0 25 8
a 253 673 0 43 8
a 258 604 0 25 2
a 258 804 0 13 2
a 258 97 0 38 1
a 258 27 0 42 5
a 258 634 0 3 1
a 258 680 0 33 2
a 261 85 0 25 10
a 261 469 0 46 8
a 261 852 0 47 3
a 261 766 0 38 9
a 261 587 0 32 7
a 261 510 0 46 1
a 261 328 0 29 8
a 262 965 0 25 9
a 262 784 0 15 5
a 262 983 0 15 10
a 267 155 0 25 4
a 267 620 0 44 3
a 267 518 0 39 9
a 267 662 0 50 8
a 268 471 0 25 2
a 268 148 0 12 3
a 268 986 0 1 4
a 268 544 0 19 6
a 273 11 0 25 2
a 273 328 0 16 8
a 273 860 0 49 5
a 275 869 0 25 6
a 275 451 0 24 10
a 275 521 0 44 3
a 275 250 0 19 3
a 275 371 0 35 3
a 276 66 0 25 2
a 276 285 0 43 3
a 279 68 0 25 9
a 279 462 0 8 1
a 279 156 0 25 6
a 281 146 0 25 5
a 281 947 0 14 10
a 281 769 0 41 7
a 281 811 0 49 4
a 281 451 0 36 2
a 281 263 0 21 10
a 283 295 0 25 9
a 283 499 0 42 6
a 283 247 0 6 8
a 283 574 0 14 6
a 283 65 0 24 8
a 283 221 0 47 7
a 283 626 0 24 10
a 284 407 0 25 4
a 284 997 0 15 3
a 284 729 0 0 7
a 284 506 0 4 5
a 285 803 0 25 6
a 285 338 0 3 6
a 285 599 0 11 10
a 285 548 0 8 3
a 290 814 0 25 5
a 290 713 0 9 2
a 290 447 0 16 1
a 290 815 0 36 10
a 292 952 0 25 2
a 292 416 0 3 8
a 292 1000 0 31 8
a 292 966 0 7 5
a 292 945 0 28 9
a 292 683 0 45 7
a 293 783 0 25 4
a 293 496 0 43 9
a 293 715 0 26 4
a 295 70 0 25 7
a 295 378 0 23 4
a 297 213 0 25 6
a 297 452 0 47 5
a 297 990 0 34 8
a 301 653 0 25 9
a 301 342 0 17 6
a 301 867 0 32 1
a 301 438 0 1 6
a 301 536 0 40 10
a 303 512 0 25 5
a 303 7 0 40 6
a 303 593 0 17 3
a 303 668 0 19 7
a 303 701 0 19 8
a 303 439 0 19 9
a 308 75 0 25 10
a 308 923 0 34 10
a 308 676 0 35 9
a 308 6 0 9 9
a 308 357 0 47 10
a 309 882 0 25 7
a 309 443 0 0 2
a 315 784 0 25 5
a 315 984 0 23 3
a 317 203 0 25 5
a 317 130 0 8 2
a 317 70 0 49 1
a 317 408 0 33 4
a 319 525 0 25 10
a 319 992 0 47 6
a 319 825 0 14 5
a 320 638 0 25 4
a 320 942 0 24 9
a 323 526 0 25 10
a 323 720 0 22 10
a 323 629 0 33 3
a 323 794 0 5 8
a 329 626 0 25 9
a 329 947 0 20 10
a 329 51 0 0 3
a 329 764 0 9 4
a 329 59 0 32 7
a 329 888 0 42 9
a 330 592 0 25 3
a 330 976 0 9 1
a 333 518 0 25 4
a 333 862 0 41 7
a 333 271 0 8 7
a 333 516 0 17 3
a 334 148 0 25 9
a 334 819 0 29 1
a 334 96 0 6 9
a 334 90 0 41 9
a 334 898 0 2 2
a 336 253 0 25 8
a 336 287 0 35 10
a 336 911 0 4 4
a 336 611 0 41 5
a 336 983 0 1 1
a 336 452 0 36 1
a 337 546 0 25 7
a 337 679 0 28 9
a 338 695 0 25 5
a 338 189 0 10 6
a 338 664 0 38 8
a 338 339 0 12 3
a 338 362 0 35 2
a 338 171 0 7 3
a 343 774 0 25 6
a 343 724 0 2 6
a 343 143 0 5 8
a 343 527 0 37 8
a 344 727 0 25 9
a 344 54 0 11 4
a 344 710 0 16 7
a 344 539 0 24 4
a 344 76 0 37 6
a 345 188 0 25 3
a 345 98 0 38 4
a 345 614 0 47 9
a 345 438 0 25 1
a 346 731 0 25 9
a 346 964 0 20 2
a 346 361 0 44 3
a 346 521 0 15 8
a 346 551 0 50 6
a 348 20 0 25 9
a 348 361 0 32 5
a 348 342 0 4 8
a 349 554 0 25 8
a 349 58 0 25 10
a 350 625 0 25 6
a 350 273 0 48 2
a 350 413 0 45 8
a 350 541 0 24 6
a 352 842 0 25 4
a 352 303 0 28 3
a 352 841 0 22 6
a 352 655 0 48 3
a 352 824 0 43 7
a 352 987 0 4 10
a 353 241 0 25 3
a 353 367 0 8 4
a 353 146 0 40 5
a 353 168 0 49 4
a 353 886 0 48 8
a 355 338 0 25 1
a 355 162 0 17 1
a 355 417 0 30 3
a 355 441 0 47 6
a 355 96 0 14 5
a 355 170 0 3 8
a 356 884 0 25 1
a 356 454 0 22 3
a 356 432 0 49 8
a 356 567 0 3 8
a 359 19 0 25 5
a 359 507 0 30 5
a 359 115 0 43 6
a 360 184 0 25 9
a 360 629 0 34 7
a 360 948 0 49 1
a 360 757 0 28 2
a 361 152 0 25 4
a 361 946 0 41 5
a 361 794 0 15 8
a 361 707 0 16 7
a 361 264 0 41 7
a 361 433 0 33 1
a 362 414 0 25 5
a 362 454 0 10 4
a 363 920 0 25 10
a 363 18 0 44 6
a 365 817 0 25 3
a 365 677 0 17 9
a 365 31 0 11 4
a 365 650 0 48 1
a 365 628 0 25 6
a 365 783 0 47 10
a 366 848 0 25 1
a 366 353 0 2 3
a 366 74 0 31 2
a 366 573 0 48 2
a 366 816 0 3 2
a 367 761 0 25 4
a 367 78 0 14 2
a 367 970 0 3 4
a 368 980 0 25 1
a 368 7 0 47 8
a 368 650 0 23 1
a 369 563 0 25 10
a 369 747 0 24 3
a 369 698 0 8 1
a 369 919 0 14 2
a 369 291 0 1 5
a 369 184 0 7 6
a 374 756 0 25 1
a 374 275 0 21 8
a 374 633 0 43 8
a 375 876 0 25 8
a 375 684 0 1 10
a 375 975 0 4 2
a 376 860 0 25 10
a 376 877 0 19 7
a 376 124 0 35 6
a 376 977 0 47 4
a 376 186 0 26 2
a 382 95 0 25 6
a 382 546 0 6 10
a 382 438 0 32 7
a 382 403 0 4 5
a 383 710 0 25 9
a 383 177 0 18 2
a 383 512 0 9 10
a 383 472 0 8 8
a 384 559 0 25 3
a 384 124 0 30 9
a 384 718 0 9 7
a 384 999 0 40 5
a 384 422 0 44 1
a 387 145 0 25 9
a 387 544 0 5 9
a 387 333 0 40 1
a 387 209 0 32 4
a 387 45 0 3 5
a 395 939 0 25 5
a 395 108 0 41 8
a 395 649 0 31 1
a 395 20 0 7 8
a 396 979 0 25 2
a 396 803 0 32 4
a 396 998 0 2 7
a 396 312 0 44 8
a 396 463 0 0 5
a 398 531 0 25 5
a 398 76 0 1 2
a 398 931 0 26 9
a 398 202 0 2 3
a 402 320 0 25 8
a 402 144 0 11 3
a 402 198 0 15 4
a 402 78 0 50 8
a 402 654 0 17 4
a 402 220 0 7 6
a 404 999 0 25 3
a 404 186 0 38 4
a 407 569 0 25 4
a 407 384 0 49 10
a 407 158 0 47 8
a 407 198 0 40 1
a 407 566 0 22 9
a 408 558 0 25 8
a 408 476 0 50 2
a 408 956 0 13 4
a 408 375 0 3 7
a 410 232 0 25 2
a 410 672 0 42 2
a 410 48 0 6 6
a 410 193 0 41 10
a 410 112 0 9 10
a 410 520 0 36 10
a 411 734 0 25 5
a 411 123 0 2 7
a 411 252 0 11 5
a 414 157 0 25 7
a 414 650 0 12 4
a 416 344 0 25 2
a 416 744 0 14 2
a 416 459 0 16 7
a 416 499 0 24 6
a 416 690 0 29 6
a 420 782 0 25 3
a 420 171 0 31 1
a 420 489 0 31 2
a 424 21 0 25 4
a 424 919 0 23 5
a 424 373 0 48 2
a 424 299 0 2 3
a 425 447 0 25 5
a 425 722 0 37 6
a 427 813 0 25 10
a 427 582 0 24 1
a 427 235 0 33 8
a 429 985 0 25 2
a 429 362 0 9 7
a 429 447 0 21 4
a 430 693 0 25 6
a 430 237 0 12 8
a 432 190 0 25 2
a 432 689 0 49 5
a 432 855 0 1 8
a 432 963 0 48 5
a 434 849 0 25 3
a 434 496 0 31 7
a 434 158 0 33 1
a 434 877 0 3 5
a 437 615 0 25 10
a 437 816 0 43 3
a 438 612 0 25 2
a 438 386 0 39 2
a 438 811 0 47 6
a 438 935 0 26 9
a 439 349 0 25 8
a 439 810 0 43 1
a 439 797 0 11 3
a 439 649 0 34 5
a 439 733 0 34 8
a 440 634 0 25 9
a 440 838 0 42 1
a 441 655 0 25 3
a 441 598 0 11 2
a 441 324 0 29 8
a 442 398 0 25 1
a 442 599 0 7 2
a 444 345 0 25 8
a 444 399 0 31 5
a 444 837 0 24 3
a 445 293 0 25 3
a 445 859 0 22 9
a 445 212 0 7 2
a 445 347 0 44 3
a 445 772 0 2 1
a 445 478 0 37 6
a 446 867 0 25 1
a 446 986 0 43 5
a 446 316 0 40 4
a 446 602 0 20 7
a 446 691 0 48 1
a 446 391 0 17 7
a 447 315 0 25 1
a 447 67 0 2 7
a 449 348 0 25 3
a 449 856 0 24 8
a 449 190 0 25 7
a 449 139 0 28 9
a 453 969 0 25 9
a 453 446 0 42 3
a 453 119 0 48 1
a 453 608 0 33 8
a 456 482 0 25 4
a 456 92 0 8 7
a 456 146 0 23 1
a 456 652 0 0 2
a 456 381 0 31 5
a 457 926 0 25 9
a 457 452 0 46 1
a 457 426 0 5 6
a 457 780 0 20 8
a 458 172 0 25 3
a 458 519 0 48 3
a 458 215 0 8 2
a 458 291 0 40 2
a 458 612 0 12 8
a 458 552 0 31 3
a 458 665 0 6 7
a 459 41 0 25 1
a 459 632 0 34 6
a 459 157 0 32 2
a 459 716 0 9 3
a 460 900 0 25 3
a 460 473 0 8 4
a 460 214 0 29 5
a 460 342 0 1 6
a 460 756 0 16 7
a 462 460 0 25 5
a 462 146 0 43 1
a 462 375 0 29 5
a 462 556 0 35 1
a 464 14 0 25 4
a 464 232 0 8 8
a 464 657 0 41 1
a 464 909 0 45 3
a 464 346 0 3 1
a 466 206 0 25 6
a 466 631 0 9 7
a 466 791 0 37 4
a 466 716 0 4 5
a 466 6 0 8 2
a 466 562 0 30 5
a 471 603 0 25 5
a 471 605 0 27 10
a 471 130 0 20 2
a 471 145 0 4 2
a 473 524 0 25 8
a 473 752 0 15 9
a 473 416 0 5 4
a 473 460 0 31 10
a 473 93 0 11 6
a 474 903 0 25 2
a 474 542 0 29 8
a 474 462 0 10 8
a 478 223 0 25 1
a 478 12 0 3 3
a 478 934 0 4 8
a 478 303 0 31 6
a 479 244 0 25 1
a 479 735 0 2 10
a 479 68 0 6 1
a 479 607 0 39 9
a 479 697 0 38 3
a 481 828 0 25 1
a 481 785 0 48 1
a 482 864 0 25 8
a 482 576 0 10 9
a 482 99 0 42 10
a 482 919 0 23 4
a 482 907 0 0 3
a 482 722 0 36 10
a 484 954 0 25 9
a 484 101 0 10 9
a 484 654 0 1 3
a 484 979 0 48 4
a 484 681 0 6 4
a 484 934 0 0 4
a 485 826 0 25 6
a 485 790 0 14 10
a 485 871 0 45 10
a 485 578 0 30 1
a 487 87 0 25 6
a 487 662 0 10 4
a 487 748 0 25 6
a 487 290 0 42 1
a 487 191 0 16 2
a 488 698 0 25 10
a 488 396 0 5 2
a 488 123 0 10 5
a 488 777 0 10 6
a 488 599 0 33 1
a 489 481 0 25 4
a 489 786 0 8 4
a 489 832 0 33 5
a 489 253 0 24 8
a 491 78 0 25 9
a 491 299 0 18 6
a 491 362 0 16 4
a 491 700 0 23 5
a 491 412 0 47 1
a 491 145 0 20 8
a 492 149 0 25 2
a 492 904 0 34 7
a 492 608 0 42 3
a 494 275 0 25 9
a 494 893 0 19 9
a 494 276 0 45 1
a 494 209 0 47 1
a 495 258 0 25 5
a 495 224 0 11 8
a 496 363 0 25 5
a 496 868 0 15 3
a 496 289 0 14 8
a 497 368 0 25 4
a 497 486 0 37 3
a 497 124 0 42 10
a 497 890 0 22 8
a 497 583 0 19 8
a 497 557 0 46 3
a 503 950 0 25 8
a 503 807 0 9 7
a 503 572 0 10 9
a 503 160 0 1 6
a 503 615 0 43 10
a 503 479 0 38 10
a 507 711 0 25 10
a 507 420 0 4 6
a 507 157 0 38 7
a 509 234 0 25 10
a 509 466 0 13 1
a 509 652 0 47 4
a 510 329 0 25 1
a 510 449 0 2 10
a 512 671 0 25 1
a 512 868 0 21 4
a 513 156 0 25 5
a 513 846 0 47 10
a 513 887 0 11 10
a 513 820 0 43 7
a 513 277 0 6 10
a 513 201 0 50 1
a 514 607 0 25 3
a 514 732 0 37 4
a 516 737 0 25 9
a 516 847 0 41 6
a 518 507 0 25 10
a 518 870 0 47 9
a 521 333 0 25 10
a 521 416 0 16 6
a 521 564 0 11 9
a 521 937 0 14 2
a 521 539 0 35 2
a 521 350 0 4 6
a 522 362 0 25 3
a 522 635 0 43 8
a 524 283 0 25 4
a 524 609 0 37 5
a 524 831 0 41 8
a 524 839 0 17 4
a 524 755 0 21 9
a 524 526 0 35 3
a 525 646 0 25 3
a 525 553 0 16 4
a 525 319 0 33 2
a 525 497 0 23 6
a 525 368 0 24 7
a 526 516 0 25 5
a 526 159 0 7 2
a 526 333 0 14 8
a 526 35 0 43 4
a 526 156 0 50 4
a 528 359 0 25 10
a 528 446 0 17 2
a 528 457 0 26 1
a 528 310 0 4 6
a 528 946 0 17 1
a 530 353 0 25 2
a 530 996 0 27 1
a 530 840 0 14 2
a 530 219 0 2 1
a 530 689 0 9 2
a 531 193 0 25 4
a 531 515 0 26 6
a 531 996 0 47 4
a 535 530 0 25 3
a 535 631 0 31 6
a 535 538 0 39 9
a 535 638 0 25 8
a 535 619 0 5 5
a 537 267 0 25 6
a 537 199 0 15 4
a 537 67 0 43 7
a 538 303 0 25 9
a 538 496 0 40 9
a 538 578 0 13 9
a 539 73 0 25 5
a 539 765 0 43 5
a 539 56 0 5 6
a 542 191 0 25 9
a 542 94 0 39 1
a 542 577 0 12 3
a 542 385 0 47 9
a 542 676 0 23 5
a 542 178 0 37 10
a 543 640 0 25 6
a 543 705 0 30 7
a 543 732 0 20 1
a 543 195 0 11 3
a 543 574 0 43 6
a 545 39 0 25 9
a 545 107 0 18 7
a 545 535 0 17 8
a 545 482 0 29 10
a 545 797 0 49 1
a 545 419 0 12 5
a 546 236 0 25 4
a 546 188 0 35 1
a 546 728 0 24 9
a 547 893 0 25 8
a 547 174 0 36 4
a 547 788 0 27 9
a 547 418 0 38 10
a 547 982 0 40 4
a 553 174 0 25 6
a 553 622 0 32 6
a 553 133 0 28 3
a 553 982 0 9 10
a 553 517 0 3 3
a 553 642 0 33 8
a 554 725 0 25 3
a 554 665 0 19 4
a 554 962 0 23 10
a 555 59 0 25 9
a 555 85 0 48 4
a 556 982 0 25 7
a 556 987 0 46 4
a 556 891 0 22 10
a 556 698 0 29 4
a 556 38 0 45 7
a 556 884 0 48 6
a 557 768 0 25 4
a 557 262 0 12 8
a 557 718 0 2 6
a 558 560 0 25 1
a 558 289 0 35 3
a 559 36 0 25 8
a 559 500 0 27 8
a 559 502 0 40 6
a 559 955 0 45 10
a 559 405 0 29 7
a 560 874 0 25 4
a 560 56 0 38 1
a 560 427 0 21 4
a 560 335 0 12 1
a 560 639 0 10 10
a 560 758 0 7 9
a 563 319 0 25 5
a 563 576 0 48 6
a 563 726 0 4 5
a 563 333 0 7 10
a 563 485 0 33 9
a 566 680 0 25 7
a 566 764 0 4 10
a 566 602 0 39 7
a 566 206 0 44 4
a 566 401 0 22 4
a 566 467 0 18 1
a 567 103 0 25 10
a 567 766 0 21 1
a 567 214 0 28 7
a 567 855 0 9 5
a 567 470 0 13 8
a 567 825 0 19 2
a 569 495 0 25 2
a 569 785 0 10 4
a 569 879 0 49 2
a 570 228 0 25 5
a 570 88 0 36 8
a 570 247 0 42 2
a 570 984 0 24 2
a 573 567 0 25 5
a 573 516 0 11 1
a 573 177 0 22 9
a 573 128 0 41 3
a 573 145 0 8 1
a 577 367 0 25 7
a 577 691 0 47 5
a 577 698 0 28 2
a 577 940 0 10 1
a 578 247 0 25 3
a 578 651 0 0 7
a 578 168 0 35 10
a 581 839 0 25 8
a 581 358 0 26 6
a 581 121 0 0 7
a 583 279 0 25 10
a 583 532 0 46 8
a 585 430 0 25 9
a 585 338 0 45 8
a 585 178 0 5 10
a 585 990 0 18 6
a 586 647 0 25 7
a 586 270 0 24 8
a 586 316 0 0 5
a 586 856 0 26 5
a 586 922 0 5 7
a 587 37 0 25 9
a 587 45 0 25 5
a 587 759 0 34 9
a 589 25 0 25 10
a 589 403 0 23 3
a 589 996 0 45 6
a 589 890 0 4 10
a 591 382 0 25 8
a 591 5 0 24 9
a 591 811 0 41 1
a 592 63 0 25 6
a 592 960 0 31 8
a 592 829 0 50 8
a 592 391 0 36 6
a 592 198 0 46 9
a 595 154 0 25 9
a 595 716 0 44 5
a 595 632 0 49 9
a 595 47 0 43 10
a 595 376 0 2 8
a 596 478 0 25 7
a 596 763 0 26 8
a 597 246 0 25 10
a 597 38 0 36 7
a 597 838 0 44 9
a 598 830 0 25 2
a 598 185 0 40 2
a 598 321 0 28 3
a 598 136 0 42 9
a 599 765 0 25 8
a 599 998 0 28 5
a 599 657 0 47 3
a 599 505 0 29 10
a 603 605 0 25 5
a 603 160 0 38 4
a 604 496 0 25 1
a 604 351 0 5 5
a 605 938 0 25 10
a 605 475 0 1 9
a 605 727 0 33 10
a 605 494 0 27 5
a 607 816 0 25 9
a 607 487 0 5 10
a 607 838 0 10 7
a 611 61 0 25 8
a 611 258 0 30 4
a 611 955 0 15 6
a 611 51 0 47 9
a 612 365 0 25 1
a 612 355 0 20 7
a 612 843 0 7 7
a 615 160 0 25 2
a 615 462 0 46 8
a 615 520 0 11 7
a 616 290 0 25 7
a 616 587 0 5 9
a 616 397 0 49 8
a 616 761 0 32 2
a 616 324 0 25 2
a 616 188 0 30 2
a 619 366 0 25 8
a 619 302 0 7 1
a 619 600 0 42 5
a 619 812 0 30 1
a 619 76 0 11 6
a 619 595 0 10 3
a 620 248 0 25 7
a 620 460 0 6 7
a 620 906 0 1 9
a 620 711 0 37 7
a 620 11 0 35 8
a 620 578 0 5 4
a 622 911 0 25 5
a 622 60 0 3 8
a 622 995 0 50 9
a 622 739 0 9 2
a 625 847 0 25 9
a 625 922 0 29 6
a 625 869 0 43 1
a 625 743 0 8 10
a 626 101 0 25 3
a 626 790 0 40 9
a 626 384 0 34 10
a 626 171 0 21 1
a 634 586 0 25 8
a 634 432 0 4 5
a 634 84 0 26 6
a 635 825 0 25 9
a 635 284 0 11 1
a 635 936 0 3 8
a 635 35 0 5 2
a 635 218 0 43 3
a 637 910 0 25 7
a 637 164 0 44 1
a 637 624 0 18 9
a 637 991 0 23 9
a 638 217 0 25 7
a 638 660 0 21 1
a 638 786 0 25 3
a 640 846 0 25 10
a 640 888 0 27 7
a 640 354 0 7 4
a 641 488 0 25 2
a 641 799 0 38 5
a 641 961 0 39 6
a 641 352 0 46 6
a 642 809 0 25 5
a 642 903 0 22 6
a 642 740 0 32 1
a 646 489 0 25 5
a 646 278 0 35 5
a 646 287 0 36 10
a 646 580 0 26 8
a 647 80 0 25 10
a 647 323 0 19 4
a 648 757 0 25 6
a 648 443 0 5 4
a 648 813 0 19 3
a 648 224 0 17 1
a 653 126 0 25 10
a 653 452 0 40 5
a 653 265 0 31 4
a 653 506 0 22 3
a 655 964 0 25 3
a 655 65 0 35 8
a 655 309 0 32 6
a 655 916 0 11 10
a 655 839 0 1 9
a 656 641 0 25 5
a 656 302 0 14 6
a 656 87 0 44 2
a 658 503 0 25 7
a 658 411 0 46 10
a 658 708 0 24 10
a 658 236 0 42 7
a 658 100 0 4 1
a 658 464 0 20 8
a 659 611 0 25 4
a 659 749 0 21 3
a 659 486 0 18 4
a 659 815 0 10 5
a 660 38 0 25 8
a 660 820 0 46 6
a 660 974 0 47 10
a 666 437 0 25 8
a 666 473 0 19 9
a 666 78 0 18 7
a 666 163 0 34 8
a 666 435 0 41 7
a 666 642 0 25 10
a 671 688 0 25 6
a 671 601 0 19 4
a 671 961 0 0 4
a 678 192 0 25 6
a 678 704 0 17 4
a 678 105 0 26 7
a 679 441 0 25 5
a 679 416 0 12 5
a 679 500 0 0 7
a 679 862 0 36 7
a 679 937 0 12 9
a 680 619 0 25 2
a 680 711 0 31 9
a 680 647 0 8 6
a 680 513 0 15 4
a 688 545 0 25 5
a 688 86 0 39 10
a 688 153 0 50 9
a 693 970 0 25 10
a 693 161 0 11 3
a 693 26 0 5 1
a 695 957 0 25 10
a 695 807 0 22 5
a 695 611 0 2 1
a 695 820 0 38 6
a 697 556 0 25 4
a 697 4 0 40 2
a 697 641 0 18 4
a 697 146 0 13 3
a 697 890 0 18 6
a 697 425 0 1 3
a 698 67 0 25 5
a 698 969 0 42 1
a 698 55 0 18 8
a 698 281 0 33 3
a 698 146 0 41 6
a 698 214 0 49 9
a 699 702 0 25 9
a 699 504 0 45 5
a 699 554 0 21 5
a 699 583 0 38 4
a 702 177 0 25 4
a 702 280 0 45 7
a 702 622 0 24 2
a 702 334 0 33 4
a 702 44 0 19 4
a 709 599 0 25 8
a 709 815 0 6 8
a 710 178 0 25 2
a 710 980 0 22 3
a 710 112 0 45 7
a 710 729 0 12 10
a 710 793 0 13 3
a 711 261 0 25 2
a 711 100 0 43 6
a 711 322 0 36 2
a 713 855 0 25 7
a 713 627 0 40 10
a 713 712 0 21 7
a 713 622 0 36 1
a 713 821 0 46 7
a 715 896 0 25 2
a 715 183 0 5 2
a 715 956 0 40 10
a 715 880 0 43 4
a 717 555 0 25 2
a 717 36 0 45 9
a 717 738 0 49 4
a 717 51 0 3 1
a 718 48 0 25 4
a 718 444 0 42 6
a 718 249 0 24 1
a 718 962 0 42 4
a 718 794 0 33 3
a 721 181 0 25 2
a 721 74 0 34 7
a 722 350 0 25 7
a 722 300 0 45 1
a 722 7 0 32 9
a 725 458 0 25 3
a 725 988 0 40 1
a 725 933 0 37 8
a 727 205 0 25 10
a 727 187 0 15 1
a 727 382 0 43 3
a 731 92 0 25 1
a 731 749 0 19 9
a 731 294 0 42 5
a 733 943 0 25 10
a 733 583 0 46 1
a 733 227 0 0 9
a 733 789 0 48 4
a 734 404 0 25 9
a 734 483 0 9 2
a 737 459 0 25 9
a 737 742 0 13 9
a 737 474 0 39 7
a 737 470 0 36 4
a 737 150 0 0 2
a 739 194 0 25 6
a 739 506 0 49 9
a 739 284 0 37 4
a 739 924 0 6 3
a 739 147 0 16 4
a 739 950 0 49 8
a 744 492 0 25 8
a 744 273 0 1 1
a 744 710 0 1 5
a 744 584 0 42 2
a 744 909 0 35 9
a 746 297 0 25 9
a 746 801 0 24 6
a 746 420 0 16 2
a 746 545 0 19 3
a 750 583 0 25 8
a 750 319 0 15 1
a 750 472 0 4 7
a 751 47 0 25 2
a 751 852 0 11 7
a 756 330 0 25 1
a 756 816 0 43 8
a 756 129 0 9 9
a 757 76 0 25 3
a 757 962 0 30 3
a 757 707 0 32 1
a 757 507 0 24 8
a 757 755 0 19 5
a 757 356 0 17 4
a 757 649 0 37 7
a 761 445 0 25 7
a 761 748 0 8 1
a 761 885 0 0 3
a 762 854 0 25 3
a 762 931 0 25 3
a 765 598 0 25 3
a 765 147 0 11 1
a 765 311 0 25 1
a 765 32 0 19 2
a 766 440 0 25 7
a 766 581 0 46 4
a 766 420 0 48 3
a 766 268 0 1 4
a 766 693 0 28 8
a 766 553 0 31 3
a 766 508 0 19 6
a 767 23 0 25 4
a 767 259 0 50 3
a 767 247 0 8 6
a 768 343 0 25 6
a 768 32 0 28 3
a 768 196 0 44 8
a 768 744 0 20 7
a 768 955 0 33 10
a 768 779 0 19 2
a 770 196 0 25 10
a 770 663 0 46 1
a 770 36 0 47 3
a 770 116 0 40 2
a 773 346 0 25 2
a 773 459 0 17 1
a 773 593 0 16 10
a 773 571 0 2 7
a 774 416 0 25 4
a 774 534 0 14 5
a 774 689 0 0 7
a 776 230 0 25 9
a 776 823 0 23 7
a 776 484 0 10 7
a 776 63 0 30 4
a 776 22 0 27 8
a 777 99 0 25 4
a 777 799 0 28 7
a 778 510 0 25 4
a 778 637 0 12 1
a 782 802 0 25 1
a 782 684 0 35 6
a 782 692 0 50 7
a 783 5 0 25 3
a 783 575 0 27 7
a 783 343 0 1 8
a 783 124 0 27 7
a 783 811 0 39 1
a 784 886 0 25 10
a 784 744 0 47 7
a 784 792 0 47 6
a 784 96 0 15 7
a 784 191 0 18 6
a 785 656 0 25 10
a 785 116 0 42 1
a 785 895 0 7 4
a 785 465 0 11 4
a 785 459 0 43 10
a 787 171 0 25 3
a 787 657 0 8 8
a 787 948 0 39 10
a 791 180 0 25 1
a 791 749 0 21 8
a 791 786 0 36 1
a 794 862 0 25 2
a 794 942 0 38 6
a 794 98 0 42 4
a 794 558 0 30 6
a 794 585 0 41 1
a 795 879 0 25 4
a 795 891 0 46 3
a 795 814 0 41 6
a 795 150 0 34 9
a 797 135 0 25 4
a 797 530 0 24 2
a 799 595 0 25 1
a 799 889 0 48 1
a 799 359 0 40 3
a 799 633 0 0 7
a 799 54 0 43 8
a 799 5 0 9 10
a 799 55 0 0 6
a 802 109 0 25 9
a 802 318 0 21 5
a 802 987 0 12 6
a 802 469 0 34 2
a 802 113 0 32 5
a 803 147 0 25 7
a 803 133 0 10 3
a 803 543 0 13 6
a 803 752 0 0 2
a 803 18 0 30 5
a 805 887 0 25 6
a 805 232 0 33 6
a 805 440 0 4 6
a 805 208 0 12 9
a 805 481 0 14 6
a 805 376 0 2 5
a 809 384 0 25 1
a 809 959 0 49 4
a 809 788 0 6 4
a 809 796 0 21 2
a 809 108 0 40 2
a 810 182 0 25 3
a 810 113 0 34 5
a 810 860 0 35 3
a 813 537 0 25 8
a 813 450 0 47 10
a 813 281 0 47 3
a 813 371 0 0 8
a 814 3 0 25 8
a 814 188 0 4 2
a 814 884 0 25 8
a 814 766 0 47 5
a 815 589 0 25 5
a 815 60 0 17 1
a 815 272 0 26 6
a 815 25 0 46 6
a 815 688 0 11 6
a 816 132 0 25 10
a 816 379 0 19 9
a 817 805 0 25 7
a 817 48 0 22 1
a 817 288 0 34 1
a 817 730 0 50 7
a 818 778 0 25 9
a 818 285 0 39 3
a 818 475 0 33 1
a 818 931 0 2 7
a 819 543 0 25 3
a 819 373 0 23 2
a 823 98 0 25 4
a 823 577 0 10 3
a 824 988 0 25 1
a 824 922 0 43 8
a 824 114 0 8 7
a 824 928 0 19 6
a 824 442 0 44 1
a 824 748 0 18 9
a 825 395 0 25 1
a 825 660 0 5 5
a 825 159 0 50 3
a 825 693 0 12 1
a 826 215 0 25 5
a 826 104 0 34 10
a 828 718 0 25 2
a 828 838 0 22 5
a 828 183 0 34 10
a 828 176 0 15 5
a 828 832 0 4 7
a 828 634 0 20 2
a 830 767 0 25 5
a 830 790 0 13 4
a 831 432 0 25 7
a 831 181 0 14 7
a 832 776 0 25 2
a 832 781 0 34 9
a 832 461 0 22 9
a 832 443 0 46 2
a 832 22 0 1 4
a 833 678 0 25 6
a 833 620 0 49 10
a 833 106 0 23 3
a 833 380 0 22 7
a 833 596 0 45 6
a 836 323 0 25 4
a 836 41 0 27 6
a 836 509 0 3 2
a 836 685 0 39 1
a 839 308 0 25 8
a 839 396 0 7 6
a 839 288 0 28 9
a 839 471 0 46 9
a 839 215 0 20 9
a 839 7 0 46 2
a 842 648 0 25 1
a 842 952 0 14 1
a 843 226 0 25 4
a 843 128 0 0 4
a 843 158 0 46 7
a 843 116 0 18 1
a 846 74 0 25 10
a 846 803 0 11 4
a 846 284 0 29 3
a 847 229 0 25 4
a 847 113 0 13 8
a 847 946 0 30 5
a 848 218 0 25 4
a 848 322 0 24 10
a 848 648 0 3 4
a 848 246 0 15 2
a 848 304 0 11 10
a 848 416 0 33 8
a 848 42 0 10 2
a 849 96 0 25 1
a 849 295 0 29 9
a 849 15 0 33 9
a 849 221 0 28 3
a 849 968 0 20 4
a 849 510 0 22 3
a 851 411 0 25 10
a 851 816 0 36 8
a 851 450 0 25 3
a 852 766 0 25 2
a 852 412 0 38 2
a 852 929 0 33 3
a 852 909 0 19 8
a 854 273 0 25 9
a 854 71 0 41 3
a 854 640 0 31 10
a 854 991 0 5 2
a 854 239 0 38 4
a 854 721 0 33 3
a 855 770 0 25 4
a 855 283 0 6 1
a 855 328 0 44 10
a 856 919 0 25 8
a 856 104 0 36 10
a 856 549 0 16 3
a 856 809 0 26 6
a 856 925 0 33 3
a 856 762 0 15 10
a 859 369 0 25 7
a 859 8 0 45 4
a 860 429 0 25 9
a 860 19 0 9 8
a 862 866 0 25 8
a 862 468 0 36 10
a 864 715 0 25 5
a 864 790 0 23 9
a 864 888 0 42 6
a 864 636 0 32 8
a 864 375 0 48 5
a 864 657 0 16 10
a 866 889 0 25 8
a 866 121 0 28 1
a 866 430 0 19 6
a 866 984 0 24 6
a 867 408 0 25 9
a 867 432 0 0 1
a 869 268 0 25 2
a 869 228 0 28 6
a 871 292 0 25 8
a 871 560 0 43 10
a 871 119 0 34 3
a 871 605 0 26 7
a 872 823 0 25 6
a 872 868 0 44 2
a 872 679 0 42 10
a 872 136 0 9 6
a 872 759 0 9 7
a 872 818 0 21 9
a 872 831 0 7 8
a 874 137 0 25 9
a 874 489 0 27 3
a 874 816 0 39 8
a 874 310 0 2 7
a 876 438 0 25 8
a 876 369 0 17 5
a 876 773 0 39 9
a 879 77 0 25 9
a 879 820 0 44 6
a 879 162 0 46 9
a 879 772 0 45 1
a 882 883 0 25 8
a 882 794 0 13 3
a 882 615 0 25 2
a 882 858 0 4 1
a 882 208 0 2 3
a 882 894 0 16 9
a 882 659 0 11 8
a 883 485 0 25 1
a 883 861 0 22 3
a 884 856 0 25 6
a 884 280 0 23 3
a 885 453 0 25 1
a 885 578 0 20 9
a 885 788 0 45 3
a 885 727 0 29 3
a 885 941 0 18 6
a 885 760 0 9 8
a 886 424 0 25 8
a 886 775 0 13 2
a 886 673 0 7 6
a 886 792 0 12 2
a 886 214 0 3 4
a 887 794 0 25 2
a 887 835 0 10 6
a 887 587 0 26 6
a 887 226 0 17 7
a 889 134 0 25 7
a 889 495 0 18 6
a 889 716 0 36 3
a 889 307 0 29 1
a 889 534 0 39 2
a 889 906 0 16 7
a 893 140 0 25 1
a 893 437 0 6 7
a 893 34 0 0 7
a 893 101 0 14 2
a 893 282 0 44 5
a 896 872 0 25 10
a 896 587 0 6 5
a 896 655 0 15 7
a 900 642 0 25 10
a 900 215 0 17 9
a 900 173 0 40 9
a 900 744 0 46 2
a 903 30 0 25 2
a 903 954 0 0 8
a 903 383 0 34 2
a 906 917 0 25 2
a 906 940 0 47 8
a 906 750 0 12 8
a 906 697 0 9 3
a 906 535 0 33 8
a 906 977 0 32 9
a 908 131 0 25 6
a 908 63 0 41 6
a 908 32 0 3 5
a 908 895 0 19 8
a 908 921 0 35 3
a 909 637 0 25 8
a 909 605 0 5 9
a 910 139 0 25 6
a 910 433 0 40 9
a 910 764 0 46 7
a 910 153 0 19 7
a 911 925 0 25 1
a 911 286 0 18 6
a 911 219 0 48 9
a 911 591 0 31 6
a 917 570 0 25 5
a 917 184 0 6 7
a 917 678 0 7 6
a 917 711 0 22 6
a 919 819 0 25 1
a 919 613 0 25 7
a 919 473 0 19 6
a 919 983 0 35 6
a 920 521 0 25 6
a 920 402 0 5 4
a 920 490 0 31 10
a 920 226 0 16 7
a 920 956 0 4 1
a 920 793 0 19 6
a 923 591 0 25 9
a 923 391 0 49 7
a 923 500 0 13 9
a 923 252 0 12 3
a 923 780 0 27 4
a 925 33 0 25 3
a 925 273 0 47 6
a 925 597 0 20 10
a 925 393 0 40 4
a 925 539 0 4 6
a 926 976 0 25 9
a 926 956 0 35 3
a 926 522 0 18 10
a 926 519 0 23 9
a 926 853 0 26 10
a 926 944 0 5 7
a 932 173 0 25 9
a 932 634 0 37 9
a 932 948 0 30 1
a 934 473 0 25 4
a 934 792 0 39 2
a 934 255 0 38 8
a 937 713 0 25 2
a 937 964 0 30 9
a 937 938 0 9 8
a 937 486 0 34 1
a 937 448 0 37 8
a 938 444 0 25 10
a 938 470 0 8 1
a 938 399 0 27 7
a 938 195 0 6 5
a 938 251 0 14 7
a 938 993 0 25 9
a 939 118 0 25 5
a 939 615 0 21 7
a 939 105 0 7 7
a 939 481 0 13 8
a 939 775 0 25 7
a 942 557 0 25 6
a 942 418 0 26 5
a 942 656 0 34 8
a 942 664 0 19 9
a 943 566 0 25 10
a 943 28 0 30 8
a 943 39 0 3 10
a 943 399 0 24 2
a 943 715 0 20 4
a 943 426 0 2 9
a 944 620 0 25 5
a 944 981 0 25 7
a 944 168 0 30 8
a 944 128 0 16 5
a 944 956 0 14 7
a 944 471 0 2 4
a 945 744 0 25 9
a 945 636 0 14 7
a 945 477 0 25 7
a 945 356 0 4 2
a 945 504 0 46 9
a 945 338 0 44 4
a 946 337 0 25 4
a 946 877 0 36 5
a 946 888 0 40 10
a 949 773 0 25 8
a 949 494 0 8 6
a 949 761 0 47 7
a 949 960 0 25 7
a 949 261 0 23 1
a 949 617 0 13 1
a 950 356 0 25 2
a 950 389 0 42 4
a 950 926 0 36 9
a 950 876 0 49 4
a 951 336 0 25 5
a 951 929 0 17 3
a 951 857 0 13 8
a 952 799 0 25 2
a 952 411 0 16 10
a 952 850 0 12 1
a 952 840 0 10 3
a 952 578 0 45 3
a 952 520 0 13 10
a 954 45 0 25 6
a 954 505 0 44 9
a 954 339 0 42 3
a 954 912 0 47 10
a 954 431 0 8 5
a 954 553 0 21 8
a 957 635 0 25 3
a 957 27 0 16 2
a 964 110 0 25 8
a 964 165 0 25 7
a 964 384 0 39 8
a 964 592 0 17 2
a 964 480 0 0 7
a 964 450 0 44 6
a 965 360 0 25 10
a 965 433 0 45 6
a 965 861 0 41 7
a 965 874 0 29 9
a 966 402 0 25 4
a 966 822 0 12 7
a 966 506 0 9 6
a 969 815 0 25 6
a 969 282 0 2 9
a 970 159 0 25 5
a 970 382 0 3 9
a 971 276 0 25 10
a 971 245 0 48 1
a 971 470 0 18 4
a 971 66 0 16 8
a 973 587 0 25 9
a 973 376 0 24 6
a 973 924 0 2 9
a 973 407 0 49 5
a 975 479 0 25 1
a 975 551 0 18 8
a 975 753 0 9 7
a 975 759 0 45 8
a 976 281 0 25 10
a 976 821 0 39 5
a 976 739 0 38 7
a 976 384 0 36 4
a 976 598 0 5 7
a 976 322 0 18 8
a 978 833 0 25 2
a 978 498 0 9 9
a 978 784 0 1 4
a 978 249 0 34 8
a 978 581 0 22 5
a 978 300 0 0 10
a 979 201 0 25 2
a 979 12 0 36 6
a 980 666 0 25 7
a 980 221 0 7 7
a 980 263 0 27 3
a 982 462 0 25 3
a 982 951 0 43 1
a 985 573 0 25 4
a 985 657 0 26 10
a 985 388 0 50 6
a 988 810 0 25 5
a 988 186 0 8 6
a 988 674 0 23 2
a 988 873 0 43 10
a 2 523 0 25 1
a 2 924 0 26 9
a 2 486 0 26 2
a 2 81 0 27 10
a 2 120 0 35 5
a 4 687 0 25 1
a 4 905 0 15 3
a 4 316 0 46 6
a 4 53 0 14 5
a 4 23 0 3 9
a 4 904 0 38 4
a 6 113 0 25 9
a 6 271 0 4 6
a 6 459 0 4 10
a 7 999 0 25 4
a 7 989 0 49 9
a 7 216 0 16 9
a 9 745 0 25 1
a 9 158 0 8 9
a 9 544 0 23 9
a 9 888 0 23 3
a 9 644 0 31 8
a 9 3 0 36 9
a 10 138 0 25 7
a 10 539 0 24 3
a 10 284 0 38 9
a 10 201 0 10 7
a 10 100 0 9 1
a 15 310 0 25 7
a 15 463 0 0 8
a 15 670 0 33 4
a 15 690 0 41 3
a 15 639 0 6 4
a 15 693 0 10 4
a 16 918 0 25 7
a 16 623 0 28 9
a 16 136 0 37 2
a 16 543 0 25 1
a 16 407 0 40 3
a 17 668 0 25 5
a 17 598 0 45 9
a 17 419 0 37 1
a 17 180 0 38 5
a 18 582 0 25 5
a 18 579 0 37 1
a 18 132 0 27 10
a 18 448 0 49 2
a 18 82 0 13 1
a 18 557 0 25 3
a 22 486 0 25 6
a 22 981 0 43 3
a 22 510 0 47 8
a 22 50 0 50 3
a 22 930 0 3 1
a 26 738 0 25 7
a 26 271 0 10 7
a 26 240 0 10 6
a 26 475 0 18 8
a 27 62 0 25 2
a 27 835 0 13 1
a 27 941 0 39 6
a 28 40 0 25 4
a 28 355 0 12 9
a 28 734 0 40 7
a 28 91 0 46 6
a 28 318 0 0 3
a 28 542 0 8 8
a 29 682 0 25 6
a 29 510 0 30 5
a 32 700 0 25 9
a 32 684 0 8 5
a 32 232 0 24 2
a 32 919 0 41 5
a 32 737 0 2 1
a 34 428 0 25 2
a 34 443 0 8 9
a 34 340 0 48 5
a 34 745 0 17 1
a 40 575 0 25 7
a 40 562 0 35 2
a 40 814 0 46 10
a 42 60 0 25 4
a 42 281 0 49 6
a 43 789 0 25 8
a 43 772 0 30 2
a 44 935 0 25 1
a 44 343 0 20 4
a 44 766 0 32 10
a 44 303 0 9 9
a 44 628 0 19 4
a 44 792 0 28 9
a 46 928 0 25 5
a 46 282 0 4 7
a 46 870 0 17 9
a 46 308 0 1 4
a 46 152 0 36 9
a 46 942 0 2 10
a 49 312 0 25 8
a 49 660 0 27 8
a 49 73 0 9 7
a 49 102 0 1 4
a 49 701 0 8 2
a 49 847 0 12 5
a 50 378 0 25 10
a 50 32 0 11 2
a 50 943 0 2 8
a 50 149 0 16 5
a 51 902 0 25 4
a 51 218 0 2 2
a 51 821 0 25 9
a 51 217 0 21 8
a 51 701 0 1 10
a 52 614 0 25 6
a 52 81 0 46 4
a 52 666 0 45 3
a 52 338 0 1 7
a 52 175 0 42 3
a 52 90 0 48 9
a 53 227 0 25 8
a 53 993 0 45 8
a 53 109 0 38 6
a 53 605 0 8 4
a 54 119 0 25 2
a 54 236 0 24 8
a 54 706 0 12 3
a 54 57 0 8 7
a 54 325 0 30 1
a 56 327 0 25 5
a 56 985 0 49 9
a 56 178 0 25 8
a 57 263 0 25 9
a 57 921 0 46 1
a 60 393 0 25 7
a 60 405 0 7 5
a 60 674 0 20 9
a 60 337 0 12 2
a 62 811 0 25 3
a 62 280 0 18 9
a 62 827 0 25 1
a 62 749 0 28 9
a 64 580 0 25 10
a 64 716 0 44 2
a 64 910 0 9 9
a 64 149 0 20 2
a 64 890 0 4 10
a 65 269 0 25 4
a 65 678 0 12 10
a 65 91 0 3 7
a 69 931 0 25 4
a 69 89 0 20 3
a 69 391 0 6 3
a 71 977 0 25 5
a 71 834 0 33 6
a 71 795 0 38 2
a 71 548 0 42 8
a 71 92 0 30 4
a 71 992 0 48 5
a 72 901 0 25 2
a 72 795 0 30 9
a 72 177 0 34 8
a 72 671 0 2 7
a 72 313 0 9 8
a 79 689 0 25 1
a 79 281 0 20 5
a 79 394 0 2 10
a 79 706 0 11 5
a 79 751 0 24 6
a 81 544 0 25 5
a 81 437 0 3 1
a 81 250 0 13 1
a 81 891 0 10 6
a 81 478 0 48 4
a 82 913 0 25 3
a 82 49 0 2 1
a 83 742 0 25 8
a 83 262 0 37 7
a 83 873 0 47 6
a 83 351 0 50 5
a 84 243 0 25 2
a 84 919 0 21 4
a 84 189 0 50 5
a 84 834 0 14 1
a 89 724 0 25 1
a 89 935 0 14 7
a 89 171 0 19 10
a 89 899 0 36 9
a 90 732 0 25 10
a 90 885 0 3 9
a 90 180 0 38 9
a 90 934 0 22 7
a 90 348 0 38 8
a 90 237 0 38 7
a 91 331 0 25 10
a 91 221 0 40 5
a 91 215 0 27 1
a 93 321 0 25 10
a 93 100 0 14 2
a 93 163 0 0 5
a 94 780 0 25 8
a 94 645 0 15 6
a 94 549 0 7 10
a 94 207 0 41 10
a 94 241 0 34 9
a 100 254 0 25 8
a 100 375 0 30 4
a 102 144 0 25 10
a 102 298 0 45 4
a 102 420 0 31 9
a 102 944 0 47 8
a 104 812 0 25 10
a 104 947 0 0 5
a 104 734 0 15 6
a 104 118 0 0 6
a 104 670 0 45 8
a 105 593 0 25 2
a 105 287 0 45 7
a 105 999 0 20 5
a 105 151 0 36 2
a 105 289 0 42 10
a 107 993 0 25 5
a 107 194 0 38 8
a 108 57 0 25 5
a 108 696 0 17 1
a 108 983 0 25 8
a 108 277 0 42 10
a 108 844 0 3 8
a 111 89 0 25 8
a 111 173 0 6 3
a 111 403 0 50 7
a 113 90 0 25 1
a 113 106 0 45 3
a 114 714 0 25 8
a 114 331 0 0 2
a 114 37 0 12 8
a 114 535 0 6 10
a 116 665 0 25 3
a 116 73 0 4 2
a 116 204 0 8 10
a 116 227 0 19 3
a 117 639 0 25 3
a 117 536 0 12 9
a 117 801 0 31 2
a 119 729 0 25 8
a 119 106 0 49 10
a 119 322 0 11 1
a 119 871 0 20 4
a 120 483 0 25 5
a 120 862 0 10 4
a 120 131 0 7 10
a 120 229 0 0 4
a 120 643 0 50 7
a 121 328 0 25 4
a 121 105 0 17 2
a 121 87 0 27 8
a 121 108 0 23 6
a 121 880 0 50 2
a 121 519 0 30 5
a 122 468 0 25 5
a 122 923 0 44 1
a 122 203 0 34 1
a 127 84 0 25 7
a 127 868 0 32 6
a 127 253 0 49 10
a 127 353 0 22 9
a 127 317 0 27 1
a 128 151 0 25 6
a 128 64 0 44 5
a 128 811 0 28 2
a 128 575 0 8 7
a 129 905 0 25 8
a 129 589 0 1 5
a 129 739 0 7 8
a 129 610 0 28 6
a 130 961 0 25 4
a 130 413 0 17 5
a 130 281 0 7 6
a 130 971 0 15 2
a 130 246 0 14 10
a 130 534 0 5 6
a 133 403 0 25 7
a 133 787 0 9 7
a 133 121 0 49 2
a 138 705 0 25 4
a 138 626 0 46 2
a 138 822 0 3 1
a 138 565 0 47 6
a 138 496 0 38 5
a 141 983 0 25 1
a 141 995 0 30 4
a 141 996 0 29 4
a 142 9 0 25 8
a 142 876 0 39 7
a 142 87 0 7 2
a 142 246 0 3 5
a 142 365 0 27 2
a 143 676 0 25 9
a 143 442 0 44 9
a 143 446 0 43 3
a 143 867 0 3 10
a 143 987 0 4 7
a 144 807 0 25 9
a 144 331 0 25 6
a 144 649 0 17 8
a 144 998 0 5 2
a 144 399 0 13 10
a 144 643 0 9 8
a 150 81 0 25 4
a 150 428 0 30 8
a 150 999 0 11 6
a 150 447 0 3 4
a 150 281 0 5 8
a 151 422 0 25 2
a 151 53 0 2 3
a 151 663 0 25 3
a 151 316 0 28 8
a 151 564 0 25 8
a 158 239 0 25 10
a 158 759 0 27 4
a 158 293 0 39 6
a 162 505 0 25 3
a 162 894 0 46 5
a 162 932 0 26 8
a 163 904 0 25 8
a 163 616 0 20 7
a 163 439 0 9 5
a 163 669 0 29 7
a 163 563 0 42 8
a 163 526 0 1 4
a 164 210 0 25 5
a 164 213 0 42 9
a 164 811 0 6 5
a 164 752 0 4 4
a 165 120 0 25 5
a 165 622 0 34 3
a 165 533 0 49 6
a 165 220 0 42 4
a 166 162 0 25 4
a 166 220 0 43 6
a 166 621 0 23 8
a 166 294 0 21 7
a 166 840 0 24 3
a 167 948 0 25 7
a 167 959 0 37 6
a 167 10 0 42 1
a 169 574 0 25 10
a 169 301 0 38 2
a 169 808 0 28 2
a 175 278 0 25 7
a 175 840 0 30 5
a 175 361 0 23 9
a 175 81 0 38 8
a 175 271 0 9 2
a 175 619 0 34 1
a 176 835 0 25 5
a 176 402 0 7 5
a 176 844 0 42 6
a 176 331 0 29 5
a 176 364 0 16 2
a 176 334 0 45 6
a 179 242 0 25 2
a 179 618 0 16 2
a 179 754 0 20 8
a 183 878 0 25 2
a 183 595 0 19 4
a 185 286 0 25 4
a 185 546 0 39 9
a 186 130 0 25 9
a 186 652 0 44 5
a 187 532 0 25 7
a 187 798 0 50 10
a 187 582 0 39 4
a 187 787 0 25 10
a 189 963 0 25 4
a 189 688 0 16 5
a 189 857 0 39 7
a 189 975 0 46 5
a 189 87 0 0 4
a 195 385 0 25 1
a 195 169 0 30 5
a 195 474 0 19 4
a 195 920 0 35 2
a 198 685 0 25 2
a 198 985 0 36 8
a 198 790 0 24 6
a 198 326 0 6 8
a 198 95 0 0 8
a 199 195 0 25 7
a 199 934 0 17 6
a 199 863 0 43 9
a 199 115 0 41 9
a 199 822 0 32 10
a 200 674 0 25 10
a 200 617 0 30 8
a 200 703 0 47 8
a 200 862 0 22 2
a 202 394 0 25 10
a 202 132 0 48 4
a 202 533 0 20 6
a 204 431 0 25 6
a 204 546 0 47 4
a 204 864 0 49 4
a 204 591 0 12 1
a 207 654 0 25 2
a 207 830 0 49 5
a 207 672 0 15 6
a 208 94 0 25 4
a 208 674 0 12 3
a 208 40 0 15 2
a 208 911 0 12 5
a 208 349 0 1 1
a 208 178 0 37 6
a 209 853 0 25 1
a 209 297 0 16 7
a 210 256 0 25 8
a 210 174 0 39 2
a 210 747 0 8 5
a 210 995 0 22 4
a 210 183 0 47 2
a 210 593 0 42 6
a 211 142 0 25 7
a 211 512 0 6 10
a 211 496 0 34 9
a 211 466 0 29 9
a 211 255 0 39 1
a 212 313 0 25 2
a 212 481 0 40 1
a 219 748 0 25 8
a 219 747 0 32 6
a 219 212 0 15 5
a 219 867 0 26 6
a 219 469 0 14 2
a 220 786 0 25 7
a 220 960 0 1 8
a 220 709 0 46 10
a 220 585 0 32 4
a 220 744 0 8 7
a 220 349 0 48 7
a 221 436 0 25 1
a 221 229 0 6 10
a 221 512 0 19 8
a 221 267 0 19 9
a 221 880 0 41 10
a 221 52 0 32 2
a 224 588 0 25 10
a 224 543 0 18 1
a 224 488 0 34 6
a 225 618 0 25 2
a 225 478 0 22 2
a 225 153 0 37 7
a 227 280 0 25 9
a 227 767 0 44 10
a 227 422 0 9 7
a 231 413 0 25 3
a 231 127 0 7 3
a 231 706 0 12 4
a 231 388 0 37 3
a 231 503 0 4 5
a 233 820 0 25 10
a 233 107 0 17 3
a 233 477 0 34 8
a 233 7 0 25 4
a 235 452 0 25 9
a 235 315 0 39 10
a 235 415 0 25 3
a 235 444 0 19 10
a 237 677 0 25 10
a 237 749 0 31 5
a 238 220 0 25 1
a 238 960 0 18 10
a 238 931 0 23 6
a 238 563 0 11 3
a 238 301 0 40 10
a 239 17 0 25 2
a 239 684 0 20 2
a 239 649 0 37 8
a 239 764 0 12 9
a 239 610 0 26 6
a 242 870 0 25 9
a 242 81 0 17 7
a 242 855 0 39 10
a 243 163 0 25 5
a 243 538 0 30 5
a 243 287 0 6 3
a 243 392 0 14 5
a 243 852 0 29 8
a 243 892 0 0 8
a 245 250 0 25 4
a 245 212 0 47 2
a 245 400 0 31 5
a 245 382 0 29 10
a 245 554 0 3 1
a 245 757 0 24 4
a 250 499 0 25 10
a 250 290 0 33 2
a 250 64 0 21 2
a 251 219 0 25 9
a 251 449 0 22 8
a 251 574 0 39 8
a 251 966 0 25 3
a 251 643 0 43 1
a 254 238 0 25 6
a 254 599 0 10 7
a 255 381 0 25 8
a 255 289 0 48 7
a 256 417 0 25 5
a 256 887 0 16 10
a 256 927 0 16 7
a 257 504 0 25 7
a 257 288 0 9 4
a 257 360 0 15 4
a 257 96 0 2 6
a 259 371 0 25 10
a 259 390 0 22 7
a 260 6 0 25 5
a 260 261 0 28 8
a 260 65 0 14 5
a 260 594 0 15 1
a 260 386 0 46 6
a 263 235 0 25 2
a 263 72 0 12 7
a 263 458 0 6 8
a 263 745 0 7 2
a 263 663 0 2 10
a 263 499 0 7 2
a 264 984 0 25 6
a 264 618 0 16 2
a 264 624 0 50 7
a 264 397 0 45 9
a 265 26 0 25 2
a 265 582 0 31 4
a 265 572 0 37 8
a 265 800 0 8 7
a 265 721 0 47 6
a 265 601 0 43 1
a 266 260 0 25 6
a 266 278 0 17 9
a 266 104 0 48 8
a 266 772 0 23 7
a 266 573 0 16 8
a 269 450 0 25 6
a 269 528 0 36 5
a 269 13 0 23 7
a 269 105 0 27 9
a 269 946 0 30 4
a 269 9 0 14 8
a 270 423 0 25 3
a 270 951 0 33 6
a 270 570 0 3 9
a 270 494 0 43 4
a 271 274 0 25 5
a 271 832 0 5 8
a 271 345 0 31 8
a 272 15 0 25 9
a 272 506 0 27 8
a 272 56 0 31 2
a 272 481 0 30 10
a 272 896 0 17 5
a 272 449 0 24 7
a 274 941 0 25 7
a 274 354 0 4 9
a 274 728 0 8 5
a 274 29 0 5 9
a 277 692 0 25 2
a 277 169 0 40 9
a 277 479 0 9 1
a 277 954 0 12 6
a 277 444 0 4 6
a 277 490 0 19 4
a 278 519 0 25 7
a 278 903 0 36 10
a 280 602 0 25 10
a 280 867 0 3 2
a 280 926 0 23 9
a 280 491 0 49 3
a 280 214 0 1 4
a 280 739 0 20 5
a 282 899 0 25 10
a 282 295 0 25 9
a 282 90 0 16 6
a 282 711 0 40 5
a 282 110 0 36 9
a 282 852 0 19 10
a 286 498 0 25 7
a 286 378 0 47 5
a 287 316 0 25 9
a 287 546 0 28 1
a 287 573 0 19 8
a 287 146 0 12 2
a 287 383 0 28 9
a 288 335 0 25 6
a 288 302 0 6 6
a 288 971 0 31 9
a 288 56 0 16 5
a 289 548 0 25 9
a 289 899 0 24 2
a 289 467 0 19 2
a 289 777 0 50 4
a 289 446 0 46 3
a 289 691 0 33 4
a 291 822 0 25 1
a 291 647 0 49 1
a 291 374 0 1 2
a 291 235 0 4 3
a 291 278 0 33 7
a 294 898 0 25 4
a 294 717 0 45 1
a 294 547 0 23 7
a 296 300 0 25 2
a 296 234 0 39 8
a 296 304 0 11 9
a 296 803 0 14 1
a 296 293 0 23 3
a 298 562 0 25 9
a 298 857 0 24 8
a 298 786 0 27 10
a 298 85 0 17 9
a 298 739 0 28 4
a 298 873 0 18 5
a 299 840 0 25 1
a 299 144 0 16 4
a 299 833 0 8 9
a 299 366 0 22 2
a 299 954 0 14 6
a 299 749 0 7 6
a 300 632 0 25 1
a 300 723 0 39 2
a 302 686 0 25 1
a 302 889 0 4 8
a 302 16 0 42 4
a 304 390 0 25 4
a 304 657 0 31 9
a 304 578 0 33 6
a 305 364 0 25 9
a 305 664 0 15 4
a 305 282 0 9 2
a 305 801 0 9 6
a 305 245 0 46 5
a 306 940 0 25 7
a 306 824 0 17 5
a 307 231 0 25 5
a 307 85 0 4 9
a 307 533 0 48 2
a 310 796 0 25 5
a 310 754 0 13 2
a 310 856 0 46 4
a 310 454 0 1 3
a 310 276 0 28 5
a 311 707 0 25 9
a 311 16 0 19 4
a 311 735 0 10 3
a 312 298 0 25 1
a 312 41 0 49 1
a 312 810 0 22 9
a 312 670 0 7 1
a 313 259 0 25 4
a 313 348 0 18 4
a 314 54 0 25 10
a 314 935 0 4 4
a 316 443 0 25 10
a 316 613 0 7 3
a 316 840 0 3 3
a 318 873 0 25 1
a 318 415 0 13 7
a 318 70 0 20 7
a 318 601 0 47 1
a 318 231 0 13 8
a 321 669 0 25 2
a 321 224 0 37 9
a 321 996 0 19 9
a 322 91 0 25 1
a 322 872 0 43 3
a 322 488 0 50 9
a 324 291 0 25 9
a 324 873 0 15 9
a 325 82 0 25 10
a 325 29 0 38 7
a 325 691 0 38 6
a 325 191 0 15 2
a 325 783 0 23 4
a 326 470 0 25 10
a 326 8 0 50 10
a 327 370 0 25 6
a 327 336 0 19 4
a 327 895 0 28 8
a 328 992 0 25 8
a 328 928 0 1 2
a 328 421 0 22 3
a 328 625 0 26 7
a 331 18 0 25 4
a 331 611 0 28 1
a 331 210 0 44 9
a 331 539 0 8 9
a 331 583 0 47 10
a 331 378 0 14 4
a 332 933 0 25 2
a 332 526 0 32 2
a 332 293 0 43 1
a 332 377 0 49 10
a 332 43 0 8 4
a 332 114 0 49 8
a 335 681 0 25 3
a 335 245 0 13 2
a 335 754 0 8 9
a 335 127 0 38 1
a 339 122 0 25 2
a 339 22 0 13 7
a 339 701 0 45 10
a 339 714 0 20 5
a 339 81 0 49 3
a 339 385 0 36 6
a 340 52 0 25 10
a 340 903 0 39 9
a 340 780 0 6 4
a 340 439 0 10 9
a 340 346 0 23 2
a 341 613 0 25 5
a 341 955 0 0 1
a 341 800 0 9 4
a 341 934 0 23 2
a 341 701 0 14 8
a 341 683 0 0 9
a 342 644 0 25 10
a 342 776 0 45 3
a 342 652 0 3 7
a 342 892 0 38 1
a 347 325 0 25 5
a 347 972 0 26 3
a 347 572 0 18 8
a 347 508 0 23 5
a 347 181 0 3 3
a 351 617 0 25 3
a 351 700 0 17 4
a 351 431 0 15 6
a 351 16 0 41 2
a 351 469 0 49 5
a 354 601 0 25 9
a 354 754 0 32 9
a 354 823 0 16 10
a 354 290 0 17 10
a 354 738 0 22 2
a 357 469 0 25 6
a 357 671 0 33 7
a 357 165 0 36 7
a 357 712 0 0 1
a 358 189 0 25 6
a 358 508 0 13 6
a 358 181 0 24 6
a 358 787 0 18 6
a 358 36 0 4 4
a 358 340 0 27 7
a 364 380 0 25 10
a 364 403 0 25 2
a 364 924 0 22 10
a 364 97 0 23 4
a 364 495 0 10 6
a 364 130 0 36 5
a 370 251 0 25 8
a 370 438 0 48 9
a 370 644 0 45 7
a 371 392 0 25 6
a 371 231 0 30 5
a 371 947 0 48 10
a 372 27 0 25 7
a 372 212 0 37 4
a 372 382 0 46 4
a 372 177 0 28 7
a 372 495 0 40 3
a 373 800 0 25 4
a 373 674 0 1 9
a 373 68 0 9 7
a 377 628 0 25 7
a 377 312 0 42 4
a 378 991 0 25 8
a 378 347 0 19 7
a 378 13 0 43 3
a 379 176 0 25 5
a 379 675 0 10 1
a 380 32 0 25 2
a 380 828 0 35 3
a 380 332 0 49 9
a 380 731 0 25 1
a 381 288 0 25 4
a 381 301 0 13 4
a 381 889 0 38 4
a 381 234 0 49 2
a 381 729 0 30 1
a 381 492 0 10 8
a 385 185 0 25 2
a 385 999 0 11 5
a 385 230 0 13 3
a 385 309 0 13 10
a 385 26 0 41 6
a 385 918 0 18 10
a 386 995 0 25 7
a 386 357 0 7 7
a 386 461 0 21 8
a 386 208 0 16 4
a 386 716 0 13 1
a 388 929 0 25 8
a 388 283 0 40 2
a 388 879 0 35 6
a 389 501 0 25 8
a 389 825 0 15 8
a 389 105 0 29 5
a 389 468 0 21 7
a 389 66 0 19 5
a 390 891 0 25 9
a 390 40 0 45 9
a 390 671 0 48 7
a 390 964 0 47 7
a 391 212 0 25 8
a 391 997 0 5 3
a 391 844 0 21 9
a 391 268 0 19 6
a 391 848 0 1 2
a 391 244 0 37 4
a 392 379 0 25 9
a 392 48 0 9 8
a 392 481 0 26 1
a 393 771 0 25 7
a 393 496 0 41 5
a 393 37 0 40 8
a 393 426 0 13 4
a 394 627 0 25 3
a 394 573 0 14 8
a 397 117 0 25 8
a 397 313 0 2 2
a 397 924 0 6 10
a 397 799 0 3 8
a 397 809 0 4 6
a 397 966 0 11 3
a 399 916 0 25 1
a 399 440 0 15 10
a 399 179 0 1 2
a 399 209 0 19 6
a 399 393 0 31 4
a 400 111 0 25 1
a 400 623 0 46 1
a 400 284 0 38 10
a 400 115 0 26 1
a 400 483 0 22 10
a 400 276 0 13 9
a 401 475 0 25 6
a 401 160 0 30 6
a 401 103 0 42 6
a 403 515 0 25 6
a 403 360 0 43 2
a 403 81 0 47 10
a 403 704 0 15 7
a 403 740 0 23 4
a 403 824 0 13 1
a 405 340 0 25 1
a 405 277 0 32 6
a 405 47 0 32 9
a 405 771 0 5 5
a 406 865 0 25 1
a 406 332 0 10 6
a 406 200 0 18 2
a 406 616 0 25 8
a 409 994 0 25 6
a 409 255 0 49 5
a 409 884 0 31 3
a 409 944 0 41 1
a 409 535 0 40 2
a 409 377 0 21 8
a 412 691 0 25 7
a 412 71 0 34 6
a 412 787 0 45 6
a 412 543 0 44 9
a 412 474 0 41 4
a 412 887 0 29 7
a 413 572 0 25 7
a 413 18 0 19 4
a 413 373 0 45 4
a 415 541 0 25 10
a 415 152 0 38 2
a 415 859 0 23 6
a 415 422 0 26 2
a 415 993 0 31 8
a 415 973 0 23 8
a 417 296 0 25 7
a 417 741 0 41 6
a 417 458 0 35 2
a 417 412 0 47 2
a 417 729 0 19 5
a 417 428 0 29 10
a 418 409 0 25 7
a 418 538 0 27 6
a 418 285 0 2 1
a 418 910 0 49 4
a 418 51 0 43 1
a 418 456 0 35 5
a 419 311 0 25 2
a 419 292 0 28 2
a 419 455 0 3 10
a 419 339 0 41 1
a 419 116 0 49 7
a 419 159 0 43 2
a 421 754 0 25 10
a 421 228 0 12 2
a 421 768 0 50 10
a 421 386 0 21 3
a 422 600 0 25 2
a 422 238 0 9 3
a 422 667 0 16 6
a 423 728 0 25 2
a 423 348 0 44 6
a 423 116 0 43 9
a 423 156 0 24 1
a 423 3 0 50 1
a 426 245 0 25 3
a 426 557 0 24 8
a 426 5 0 32 2
a 426 657 0 45 8
a 426 701 0 25 4
a 428 42 0 25 1
a 428 676 0 25 5
a 428 233 0 10 2
a 428 120 0 5 5
a 431 339 0 25 6
a 431 397 0 16 2
a 431 10 0 24 7
a 431 526 0 48 8
a 433 723 0 25 7
a 433 399 0 13 2
a 433 366 0 44 5
a 433 898 0 34 5
a 433 870 0 24 9
a 433 750 0 31 7
a 435 264 0 25 6
a 435 842 0 35 7
a 435 132 0 11 8
a 435 555 0 38 6
a 435 226 0 7 9
a 435 305 0 13 6
a 436 421 0 25 2
a 436 423 0 12 10
a 436 401 0 48 2
a 436 976 0 32 9
a 443 266 0 25 9
a 443 289 0 10 3
a 448 890 0 25 7
a 448 427 0 1 3
a 448 303 0 29 8
a 448 89 0 9 7
a 448 947 0 7 9
a 450 287 0 25 4
a 450 835 0 38 6
a 450 911 0 27 5
a 450 628 0 33 1
a 450 146 0 11 7
a 450 491 0 2 8
a 451 720 0 25 1
a 451 274 0 5 3
a 452 105 0 25 9
a 452 169 0 26 10
a 454 758 0 25 7
a 454 985 0 20 6
a 454 468 0 49 8
a 454 739 0 32 5
a 454 712 0 7 8
a 455 448 0 25 5
a 455 675 0 48 8
a 455 8 0 40 3
a 455 467 0 35 3
a 455 775 0 48 8
a 461 629 0 25 10
a 461 651 0 41 5
a 461 918 0 10 4
a 461 186 0 48 2
a 461 728 0 32 3
a 463 257 0 25 1
a 463 63 0 23 7
a 463 770 0 12 9
a 465 472 0 25 2
a 465 439 0 42 1
a 467 858 0 25 9
a 467 599 0 11 2
a 467 956 0 24 5
a 467 494 0 48 7
a 467 97 0 40 3
a 468 645 0 25 8
a 468 118 0 18 3
a 468 682 0 50 6
a 468 8 0 38 9
a 469 704 0 25 10
a 469 576 0 48 5
a 469 910 0 40 9
a 469 682 0 14 1
a 470 506 0 25 5
a 470 969 0 30 3
a 470 930 0 9 9
a 472 93 0 25 9
a 472 643 0 20 5
a 475 200 0 25 4
a 475 831 0 19 6
a 475 524 0 25 1
a 476 922 0 25 10
a 476 936 0 1 10
a 476 436 0 31 5
a 476 253 0 3 1
a 476 549 0 25 8
a 477 892 0 25 4
a 477 869 0 48 8
a 477 567 0 32 3
a 477 335 0 0 6
a 477 913 0 46 9
a 477 834 0 43 1
a 480 4 0 25 4
a 480 640 0 34 2
a 483 958 0 25 8
a 483 692 0 49 8
a 486 332 0 25 8
a 486 171 0 15 5
a 486 455 0 17 8
a 490 299 0 25 6
a 490 132 0 36 5
a 490 536 0 12 6
a 490 888 0 50 9
a 490 362 0 15 4
a 493 511 0 25 3
a 493 615 0 44 1
a 493 698 0 31 6
a 493 967 0 7 8
a 493 530 0 43 1
a 498 663 0 25 5
a 498 840 0 21 4
a 498 786 0 48 9
a 498 205 0 14 5
a 498 606 0 41 7
a 498 582 0 28 1
a 499 657 0 25 2
a 499 853 0 46 10
a 499 109 0 22 8
a 500 781 0 25 1
a 500 48 0 7 3
a 500 841 0 17 3
a 501 736 0 25 3
a 501 930 0 15 3
a 502 701 0 25 7
a 502 904 0 39 1
a 502 722 0 16 4
a 502 488 0 26 2
a 502 959 0 1 10
a 502 232 0 5 8
a 504 667 0 25 1
a 504 428 0 17 3
a 504 445 0 14 2
a 505 304 0 25 4
a 505 719 0 11 1
a 505 343 0 49 8
a 505 1000 0 21 7
a 505 799 0 41 5
a 505 380 0 13 10
a 506 594 0 25 7
a 506 102 0 9 2
a 506 224 0 19 10
a 508 56 0 25 10
a 508 359 0 36 8
a 508 180 0 10 1
a 508 615 0 29 9
a 508 67 0 35 9
a 508 755 0 43 8
a 511 651 0 25 7
a 511 785 0 9 8
a 511 204 0 19 7
a 515 7 0 25 6
a 515 253 0 34 3
a 517 29 0 25 6
a 517 267 0 20 7
a 517 869 0 40 1
a 517 900 0 46 2
a 517 738 0 26 6
a 519 391 0 25 2
a 519 101 0 20 10
a 519 666 0 24 1
a 519 337 0 36 2
a 519 378 0 11 7
a 520 845 0 25 3
a 520 57 0 20 9
a 520 886 0 5 4
a 520 699 0 7 1
a 523 631 0 25 6
a 523 855 0 33 8
a 523 465 0 28 9
a 523 275 0 1 5
a 523 520 0 32 6
a 523 604 0 20 10
a 527 735 0 25 6
a 527 752 0 45 9
a 527 182 0 4 4
a 527 980 0 28 10
a 527 545 0 35 10
a 529 46 0 25 10
a 529 892 0 11 1
a 529 493 0 16 2
a 529 855 0 15 5
a 529 756 0 12 5
a 529 547 0 24 6
a 532 914 0 25 5
a 532 190 0 12 6
a 532 376 0 40 8
a 533 690 0 25 2
a 533 491 0 20 2
a 533 442 0 40 9
a 533 749 0 44 3
a 534 829 0 25 9
a 534 293 0 41 6
a 534 294 0 39 3
a 534 937 0 4 5
a 536 79 0 25 3
a 536 984 0 5 6
a 540 179 0 25 10
a 540 58 0 44 6
a 540 780 0 6 9
a 540 914 0 7 9
a 541 270 0 25 8
a 541 299 0 49 7
a 541 376 0 5 5
a 541 182 0 13 5
a 541 103 0 39 8
a 541 508 0 47 9
a 544 621 0 25 10
a 544 588 0 48 2
a 544 444 0 32 10
a 548 730 0 25 10
a 548 628 0 12 6
a 548 243 0 20 10
a 548 206 0 46 2
a 548 634 0 8 6
a 548 137 0 41 5
a 549 550 0 25 9
a 549 539 0 45 6
a 550 158 0 25 9
a 550 992 0 8 5
a 550 45 0 12 4
a 551 143 0 25 8
a 551 877 0 2 6
a 551 192 0 35 6
a 551 245 0 38 2
a 551 995 0 44 8
a 551 790 0 16 10
a 552 974 0 25 5
a 552 754 0 14 10
a 552 921 0 30 5
a 552 398 0 27 2
a 552 81 0 42 1
a 561 703 0 25 6
a 561 476 0 41 10
a 561 413 0 12 10
a 562 755 0 25 10
a 562 774 0 6 2
a 562 941 0 8 6
a 562 898 0 27 4
a 562 982 0 6 3
a 564 743 0 25 9
a 564 442 0 30 10
a 564 368 0 26 5
a 565 664 0 25 1
a 565 595 0 24 3
a 568 53 0 25 4
a 568 308 0 13 4
a 568 307 0 43 5
a 568 315 0 7 10
a 568 222 0 10 6
a 568 793 0 4 7
a 571 357 0 25 5
a 571 375 0 41 2
a 571 314 0 39 10
a 571 743 0 32 6
a 572 433 0 25 5
a 572 422 0 3 2
a 572 674 0 12 1
a 572 677 0 10 4
a 572 700 0 49 2
a 572 335 0 10 1
a 574 324 0 25 10
a 574 206 0 17 1
a 574 297 0 43 4
a 574 200 0 39 7
a 575 936 0 25 4
a 575 708 0 44 3
a 575 900 0 36 4
a 576 121 0 25 6
a 576 100 0 48 1
a 579 643 0 25 9
a 579 578 0 5 3
a 579 82 0 45 7
a 579 718 0 14 5
a 579 738 0 4 8
a 580 326 0 25 2
a 580 995 0 37 2
a 580 597 0 10 2
a 580 679 0 22 10
a 580 990 0 47 10
a 582 552 0 25 3
a 582 377 0 5 4
a 582 950 0 1 6
a 582 64 0 18 5
a 582 338 0 30 10
a 582 811 0 29 9
a 584 921 0 25 9
a 584 902 0 26 6
a 584 799 0 34 6
a 588 953 0 25 6
a 588 159 0 22 4
a 588 86 0 32 2
a 588 390 0 25 8
a 588 205 0 5 6
a 588 501 0 2 2
a 590 998 0 25 10
a 590 528 0 25 5
a 590 529 0 1 8
a 590 397 0 39 3
a 590 503 0 45 1
a 590 589 0 12 1
a 593 341 0 25 9
a 593 687 0 0 8
a 594 347 0 25 8
a 594 694 0 1 4
a 594 791 0 31 7
a 594 392 0 48 2
a 594 499 0 15 3
a 594 535 0 18 2
a 600 924 0 25 5
a 600 7 0 47 8
a 600 922 0 1 7
a 601 314 0 25 8
a 601 560 0 16 5
a 601 759 0 3 9
a 601 112 0 32 5
a 601 606 0 23 4
a 601 639 0 45 7
a 602 187 0 25 2
a 602 584 0 49 5
a 602 374 0 5 6
a 602 327 0 5 8
a 602 631 0 44 1
a 602 734 0 26 8
a 606 881 0 25 7
a 606 119 0 40 2
a 606 633 0 19 4
a 606 79 0 17 5
a 606 628 0 43 7
a 608 769 0 25 7
a 608 18 0 14 4
a 608 425 0 22 8
a 608 309 0 50 1
a 608 271 0 27 1
a 608 469 0 46 1
a 609 490 0 25 8
a 609 435 0 6 3
a 609 318 0 15 5
a 609 312 0 48 8
a 610 255 0 25 8
a 610 673 0 11 10
a 613 997 0 25 8
a 613 549 0 27 9
a 613 768 0 15 5
a 613 363 0 37 2
a 613 730 0 7 9
a 614 34 0 25 6
a 614 242 0 28 9
a 614 692 0 41 4
a 614 844 0 9 9
a 617 127 0 25 6
a 617 771 0 21 7
a 617 854 0 7 6
a 618 989 0 25 2
a 618 43 0 14 5
a 618 31 0 5 10
a 618 937 0 5 3
a 618 921 0 42 5
a 621 650 0 25 4
a 621 963 0 35 5
a 621 226 0 15 4
a 621 783 0 42 10
a 621 770 0 46 5
a 621 790 0 47 3
a 623 986 0 25 1
a 623 449 0 17 2
a 623 685 0 46 2
a 624 415 0 25 10
a 624 573 0 13 2
a 624 34 0 2 8
a 624 452 0 1 9
a 627 747 0 25 10
a 627 817 0 25 2
a 628 960 0 25 4
a 628 235 0 50 6
a 628 257 0 36 3
a 629 716 0 25 3
a 629 977 0 36 1
a 629 538 0 43 7
a 630 706 0 25 5
a 630 142 0 3 6
a 630 15 0 15 1
a 631 199 0 25 8
a 631 268 0 47 1
a 631 406 0 4 7
a 631 148 0 18 7
a 631 197 0 50 8
a 632 863 0 25 6
a 632 99 0 5 10
a 632 799 0 17 9
a 632 234 0 4 2
a 633 661 0 25 9
a 633 389 0 12 6
a 636 358 0 25 7
a 636 615 0 28 4
a 636 428 0 24 9
a 636 805 0 18 7
a 639 167 0 25 5
a 639 735 0 22 1
a 639 617 0 36 4
a 643 584 0 25 6
a 643 125 0 15 2
a 643 470 0 12 6
a 644 388 0 25 2
a 644 858 0 39 3
a 644 129 0 3 4
a 644 29 0 20 3
a 644 74 0 7 10
a 644 646 0 16 3
a 645 527 0 25 7
a 645 92 0 29 5
a 645 746 0 35 8
a 645 707 0 1 3
a 645 422 0 43 4
a 645 334 0 7 7
a 649 133 0 25 5
a 649 186 0 33 7
a 649 964 0 48 3
a 649 267 0 10 2
a 650 493 0 25 3
a 650 657 0 3 3
a 650 941 0 37 3
a 650 19 0 7 5
a 651 947 0 25 10
a 651 202 0 35 10
a 651 261 0 18 8
a 651 540 0 9 7
a 651 774 0 20 2
a 651 812 0 26 1
a 652 827 0 25 6
a 652 776 0 46 7
a 652 983 0 8 9
a 654 987 0 25 3
a 654 591 0 27 10
a 654 438 0 13 9
a 654 724 0 7 8
a 654 275 0 33 4
a 654 891 0 49 5
a 657 996 0 25 3
a 657 138 0 16 5
a 657 101 0 30 9
a 657 845 0 15 8
a 661 307 0 25 1
a 661 509 0 15 6
a 661 725 0 30 9
a 661 288 0 41 4
a 661 74 0 11 9
a 661 88 0 12 3
a 662 322 0 25 10
a 662 543 0 47 7
a 662 673 0 23 5
a 662 173 0 6 2
a 663 962 0 25 5
a 663 30 0 21 1
a 663 984 0 34 2
a 663 56 0 20 10
a 663 670 0 45 6
a 664 868 0 25 5
a 664 527 0 26 3
a 664 779 0 3 2
a 664 368 0 5 2
a 664 244 0 49 6
a 665 608 0 25 1
a 665 537 0 4 7
a 665 471 0 43 2
a 665 954 0 48 5
a 667 565 0 25 9
a 667 178 0 1 8
a 668 198 0 25 7
a 668 831 0 20 1
a 668 329 0 41 10
a 668 442 0 16 7
a 669 467 0 25 2
a 669 730 0 35 8
a 669 873 0 42 8
a 670 623 0 25 10
a 670 507 0 27 8
a 670 659 0 11 4
a 670 506 0 2 10
a 670 371 0 27 3
a 670 223 0 11 1
a 672 741 0 25 4
a 672 934 0 9 10
a 672 28 0 40 10
a 672 710 0 10 7
a 673 435 0 25 4
a 673 692 0 26 3
a 674 915 0 25 10
a 674 297 0 1 10
a 674 472 0 22 7
a 674 533 0 44 6
a 674 335 0 2 4
a 675 571 0 25 8
a 675 886 0 48 10
a 675 419 0 38 10
a 676 590 0 25 7
a 676 975 0 33 1
a 676 1000 0 14 9
a 676 435 0 39 3
a 676 846 0 48 10
a 677 564 0 25 8
a 677 693 0 13 9
a 677 150 0 1 10
a 681 517 0 25 8
a 681 122 0 22 5
a 681 916 0 34 4
a 681 507 0 43 10
a 681 762 0 49 8
a 681 492 0 30 1
a 682 633 0 25 8
a 682 556 0 18 10
a 682 346 0 13 2
a 683 419 0 25 5
a 683 841 0 30 2
a 683 77 0 18 9
a 683 119 0 21 3
a 683 706 0 11 1
a 683 11 0 48 4
a 684 69 0 25 5
a 684 89 0 21 10
a 684 984 0 34 4
a 684 46 0 5 8
a 684 565 0 31 2
a 685 389 0 25 10
a 685 836 0 35 7
a 686 107 0 25 6
a 686 176 0 32 5
a 686 310 0 12 6
a 686 472 0 43 3
a 687 164 0 25 6
a 687 31 0 6 2
a 687 545 0 39 3
a 687 15 0 27 4
a 687 620 0 48 4
a 689 305 0 25 3
a 689 230 0 12 4
a 690 28 0 25 10
a 690 261 0 50 10
a 690 711 0 42 4
a 691 927 0 25 1
a 691 827 0 30 5
a 691 966 0 50 8
a 691 654 0 49 2
a 691 663 0 20 1
a 692 806 0 25 2
a 692 260 0 10 3
a 692 949 0 34 5
a 692 993 0 19 5
a 694 753 0 25 5
a 694 297 0 47 2
a 696 377 0 25 1
a 696 750 0 6 10
a 696 856 0 25 7
a 696 304 0 34 5
a 696 502 0 17 9
a 700 740 0 25 1
a 700 308 0 22 5
a 700 885 0 23 1
a 700 602 0 4 1
a 701 211 0 25 3
a 701 525 0 1 6
a 701 358 0 46 10
a 703 955 0 25 6
a 703 200 0 21 8
a 703 556 0 41 7
a 704 476 0 25 4
a 704 886 0 23 5
a 704 792 0 1 4
a 704 796 0 45 6
a 705 271 0 25 2
a 705 274 0 28 9
a 705 418 0 45 4
a 705 356 0 25 6
a 706 477 0 25 4
a 706 893 0 27 2
a 706 768 0 24 3
a 707 529 0 25 5
a 707 600 0 20 2
a 708 72 0 25 1
a 708 544 0 35 5
a 712 221 0 25 6
a 712 93 0 17 8
a 714 670 0 25 4
a 714 954 0 11 9
a 714 261 0 24 1
a 714 52 0 46 1
a 716 857 0 25 10
a 716 767 0 47 5
a 716 358 0 17 10
a 716 189 0 9 3
a 716 16 0 22 7
a 719 351 0 25 2
a 719 75 0 49 7
a 719 811 0 33 2
a 720 636 0 25 5
a 720 247 0 47 6
a 720 169 0 24 1
a 720 893 0 48 4
a 723 990 0 25 8
a 723 149 0 13 6
a 724 306 0 25 9
a 724 980 0 12 4
a 724 53 0 8 10
a 724 607 0 40 9
a 724 576 0 24 8
a 726 793 0 25 5
a 726 427 0 38 3
a 728 43 0 25 5
a 728 848 0 21 5
a 728 725 0 17 7
a 728 235 0 0 6
a 728 348 0 38 2
a 729 225 0 25 6
a 729 157 0 33 8
a 730 956 0 25 10
a 730 406 0 32 1
a 730 16 0 6 7
a 730 446 0 31 5
a 730 70 0 17 10
a 730 349 0 35 5
a 732 208 0 25 2
a 732 195 0 6 1
a 732 69 0 1 1
a 732 417 0 29 4
a 735 821 0 25 2
a 735 202 0 22 6
a 735 156 0 46 9
a 735 657 0 32 2
a 736 775 0 25 5
a 736 64 0 16 10
a 736 679 0 11 9
a 736 453 0 45 10
a 738 877 0 25 9
a 738 657 0 28 2
a 738 262 0 14 9
a 738 400 0 30 5
a 740 610 0 25 5
a 740 838 0 8 10
a 740 386 0 28 4
a 740 90 0 17 6
a 741 237 0 25 2
a 741 716 0 28 3
a 741 498 0 1 6
a 741 841 0 40 9
a 742 418 0 25 5
a 742 738 0 41 9
a 742 170 0 49 4
a 742 816 0 7 7
a 742 156 0 10 9
a 743 277 0 25 1
a 743 294 0 33 8
a 743 634 0 11 6
a 743 91 0 19 8
a 743 651 0 12 3
a 745 673 0 25 1
a 745 648 0 17 7
a 745 714 0 12 8
a 747 480 0 25 9
a 747 774 0 27 7
a 747 960 0 18 4
a 747 543 0 35 5
a 747 341 0 24 10
a 748 804 0 25 6
a 748 143 0 38 4
a 748 334 0 4 2
a 748 882 0 12 5
a 748 837 0 35 3
a 749 684 0 25 6
a 749 834 0 12 4
a 749 133 0 31 5
a 749 854 0 7 3
a 749 614 0 49 1
a 752 551 0 25 3
a 752 702 0 45 2
a 752 729 0 27 5
a 752 253 0 18 10
a 752 63 0 38 9
a 753 888 0 25 3
a 753 289 0 34 9
a 753 195 0 5 5
a 753 759 0 7 6
a 754 837 0 25 2
a 754 353 0 9 3
a 754 57 0 10 3
a 754 828 0 41 10
a 754 123 0 42 6
a 755 454 0 25 2
a 755 440 0 13 1
a 755 111 0 7 3
a 755 323 0 35 2
a 758 282 0 25 8
a 758 763 0 18 6
a 758 259 0 3 3
a 759 114 0 25 4
a 759 438 0 13 4
a 759 24 0 38 10
a 759 101 0 15 7
a 759 899 0 12 8
a 760 302 0 25 8
a 760 961 0 48 7
a 763 100 0 25 3
a 763 794 0 17 2
a 763 671 0 15 5
a 764 907 0 25 9
a 764 521 0 36 3
a 764 229 0 39 2
a 764 175 0 9 1
a 769 186 0 25 2
a 769 229 0 40 6
a 771 412 0 25 1
a 771 31 0 21 7
a 771 983 0 43 10
a 772 844 0 25 4
a 772 55 0 15 10
a 775 790 0 25 2
a 775 532 0 34 1
a 779 672 0 25 6
a 779 308 0 6 7
a 779 961 0 24 7
a 779 103 0 26 9
a 780 104 0 25 2
a 780 258 0 1 7
a 781 318 0 25 3
a 781 467 0 31 6
a 786 22 0 25 6
a 786 682 0 30 10
a 786 746 0 8 7
a 788 265 0 25 10
a 788 195 0 46 3
a 788 955 0 14 7
a 789 508 0 25 2
a 789 448 0 25 1
a 789 966 0 47 10
a 789 458 0 34 8
a 790 233 0 25 9
a 790 334 0 9 8
a 790 732 0 5 8
a 790 341 0 12 9
a 790 788 0 9 8
a 792 561 0 25 7
a 792 923 0 23 8
a 792 100 0 48 1
a 793 71 0 25 5
a 793 611 0 6 2
a 793 168 0 44 5
a 796 150 0 25 10
a 796 782 0 2 9
a 796 231 0 30 7
a 798 726 0 25 7
a 798 503 0 47 5
a 800 397 0 25 1
a 800 991 0 47 3
a 800 524 0 26 3
a 801 895 0 25 4
a 801 229 0 35 1
a 801 781 0 24 2
a 804 533 0 25 3
a 804 616 0 15 1
a 804 666 0 16 4
a 804 474 0 37 9
a 804 593 0 34 6
a 806 959 0 25 4
a 806 209 0 17 1
a 806 490 0 28 6
a 807 801 0 25 6
a 807 217 0 24 1
a 808 386 0 25 1
a 808 653 0 1 4
a 808 815 0 34 4
a 808 116 0 41 7
a 811 624 0 25 9
a 811 39 0 14 5
a 811 269 0 25 9
a 811 379 0 34 3
a 811 74 0 26 1
a 812 44 0 25 3
a 812 441 0 49 2
a 820 850 0 25 9
a 820 25 0 35 10
a 821 401 0 25 6
a 821 455 0 41 4
a 821 568 0 29 2
a 822 792 0 25 9
a 822 714 0 5 2
a 822 948 0 12 4
a 827 272 0 25 3
a 827 137 0 1 10
a 829 930 0 25 1
a 829 340 0 46 10
a 829 812 0 31 7
a 829 438 0 22 7
a 829 586 0 18 10
a 834 209 0 25 3
a 834 223 0 39 1
a 834 617 0 18 3
a 835 169 0 25 9
a 835 605 0 39 1
a 835 148 0 33 2
a 835 707 0 30 1
a 837 694 0 25 5
a 837 987 0 2 10
a 837 488 0 41 8
a 837 536 0 14 6
a 838 108 0 25 6
a 838 285 0 24 8
a 838 196 0 20 9
a 838 116 0 27 1
a 838 11 0 40 8
a 840 759 0 25 10
a 840 772 0 9 4
a 840 53 0 4 5
a 840 93 0 15 6
a 840 501 0 45 4
a 841 536 0 25 2
a 841 52 0 13 10
a 841 228 0 19 4
a 841 353 0 10 10
a 844 465 0 25 4
a 844 982 0 21 10
a 844 526 0 16 5
a 844 536 0 30 6
a 844 379 0 48 2
a 845 576 0 25 3
a 845 415 0 19 1
a 845 228 0 25 5
a 845 96 0 14 7
a 850 373 0 25 10
a 850 507 0 27 1
a 853 696 0 25 10
a 853 974 0 8 4
a 853 97 0 11 4
a 853 204 0 43 3
a 853 600 0 35 7
a 857 207 0 25 1
a 857 720 0 0 1
a 857 464 0 14 5
a 858 841 0 25 6
a 858 1000 0 25 4
a 858 348 0 39 10
a 858 611 0 42 4
a 858 741 0 48 2
a 861 875 0 25 9
a 861 486 0 33 3
a 863 50 0 25 3
a 863 418 0 34 6
a 863 533 0 36 8
a 863 34 0 47 10
a 865 400 0 25 10
a 865 857 0 5 7
a 865 266 0 33 10
a 868 289 0 25 1
a 868 123 0 33 10
a 868 880 0 44 9
a 868 49 0 2 5
a 870 763 0 25 4
a 870 606 0 23 6
a 870 212 0 34 2
a 873 630 0 25 10
a 873 307 0 9 10
a 873 43 0 29 2
a 873 73 0 16 4
a 873 505 0 40 5
a 875 897 0 25 1
a 875 673 0 11 5
a 875 857 0 46 9
a 875 775 0 36 8
a 877 426 0 25 2
a 877 724 0 40 8
a 877 871 0 46 8
a 877 365 0 3 8
a 878 779 0 25 3
a 878 631 0 29 3
a 880 202 0 25 9
a 880 718 0 45 1
a 880 545 0 45 5
a 880 384 0 44 7
a 881 861 0 25 6
a 881 821 0 44 2
a 881 514 0 3 5
a 881 767 0 6 8
a 881 956 0 16 1
a 888 129 0 25 9
a 888 605 0 4 9
a 888 701 0 0 8
a 890 83 0 25 5
a 890 187 0 48 2
a 890 782 0 0 3
a 890 63 0 34 4
a 891 838 0 25 8
a 891 175 0 16 10
a 892 294 0 25 7
a 892 927 0 32 1
a 892 974 0 2 2
a 892 404 0 50 5
a 894 540 0 25 1
a 894 615 0 10 5
a 895 64 0 25 2
a 895 297 0 21 10
a 895 659 0 10 9
a 895 122 0 28 3
a 895 925 0 50 4
a 897 10 0 25 2
a 897 893 0 11 9
a 897 266 0 1 9
a 897 772 0 36 3
a 897 846 0 13 3
a 898 354 0 25 1
a 898 201 0 11 7
a 899 224 0 25 10
a 899 551 0 30 5
a 901 719 0 25 5
a 901 187 0 8 6
a 901 989 0 44 2
a 901 154 0 29 3
a 902 972 0 25 4
a 902 311 0 41 10
a 902 609 0 17 1
a 902 965 0 23 8
a 904 609 0 25 4
a 904 919 0 50 4
a 904 125 0 2 2
a 905 760 0 25 7
a 905 540 0 37 1
a 905 966 0 19 2
a 905 539 0 16 9
a 905 341 0 47 5
a 907 683 0 25 4
a 907 504 0 31 7
a 907 490 0 30 1
a 907 421 0 14 5
a 912 752 0 25 9
a 912 130 0 30 8
a 912 274 0 23 2
a 912 141 0 26 1
a 912 824 0 33 1
a 913 500 0 25 1
a 913 704 0 1 3
a 914 51 0 25 10
a 914 11 0 20 5
a 914 819 0 27 6
a 914 447 0 40 1
a 914 413 0 9 4
a 915 175 0 25 8
a 915 886 0 6 4
a 915 701 0 33 3
a 916 652 0 25 4
a 916 154 0 33 1
a 916 666 0 45 10
a 918 463 0 25 7
a 918 413 0 17 10
a 921 708 0 25 9
a 921 236 0 8 7
a 921 246 0 25 2
a 921 721 0 4 2
a 921 852 0 20 5
a 922 204 0 25 6
a 922 6 0 49 8
a 922 592 0 45 9
a 924 399 0 25 7
a 924 170 0 23 2
a 924 5 0 20 1
a 924 488 0 20 2
a 924 826 0 5 1
a 927 894 0 25 6
a 927 406 0 27 4
a 927 327 0 6 8
a 927 90 0 12 9
a 928 165 0 25 3
a 928 997 0 45 6
a 929 981 0 25 5
a 929 656 0 19 2
a 929 356 0 18 10
a 929 603 0 11 2
a 930 141 0 25 8
a 930 251 0 27 10
a 931 712 0 25 10
a 931 764 0 7 4
a 931 913 0 8 2
a 931 588 0 21 1
a 931 656 0 21 1
a 933 772 0 25 4
a 933 977 0 1 10
a 935 549 0 25 6
a 935 182 0 6 1
a 936 455 0 25 1
a 936 464 0 43 5
a 936 112 0 7 1
a 940 764 0 25 7
a 940 189 0 8 2
a 940 466 0 43 6
a 940 889 0 6 5
a 940 999 0 13 8
a 941 49 0 25 8
a 941 438 0 34 8
a 941 372 0 11 2
a 941 368 0 36 7
a 941 814 0 19 9
a 947 579 0 25 10
a 947 632 0 6 1
a 948 606 0 25 4
a 948 482 0 4 3
a 948 983 0 32 10
a 948 435 0 47 1
a 953 520 0 25 10
a 953 602 0 49 8
a 955 880 0 25 2
a 955 420 0 24 10
a 955 541 0 44 1
a 956 406 0 25 6
a 956 352 0 30 6
a 956 381 0 30 9
a 956 318 0 41 3
a 956 856 0 14 1
a 958 662 0 25 3
a 958 759 0 9 2
a 958 583 0 11 5
a 959 534 0 25 9
a 959 28 0 40 5
a 959 687 0 4 7
a 959 734 0 2 7
a 960 372 0 25 1
a 960 325 0 15 1
a 961 808 0 25 10
a 961 497 0 25 5
a 961 378 0 27 10
a 961 153 0 46 10
a 962 65 0 25 6
a 962 24 0 13 8
a 963 116 0 25 5
a 963 188 0 42 3
a 963 441 0 41 5
a 963 923 0 12 3
a 963 798 0 4 6
a 967 461 0 25 3
a 967 733 0 31 5
a 967 585 0 34 5
a 967 611 0 4 4
a 968 912 0 25 4
a 968 623 0 42 5
a 972 798 0 25 7
a 972 599 0 36 5
a 972 425 0 10 8
a 972 454 0 42 1
a 974 102 0 25 9
a 974 856 0 26 5
a 974 845 0 19 6
a 974 445 0 43 9
a 974 878 0 5 4
a 977 342 0 25 10
a 977 165 0 50 4
a 981 451 0 25 1
a 981 489 0 28 3
a 981 416 0 41 2
a 981 875 0 20 6
a 983 128 0 25 4
a 983 796 0 5 1
a 983 483 0 2 4
a 983 833 0 6 3
a 984 16 0 25 9
a 984 32 0 1 8
a 986 788 0 25 10
a 986 945 0 11 3
a 986 375 0 37 2
a 987 649 0 25 7
a 987 40 0 25 2
a 987 657 0 7 10
a 989 675 0 25 5
a 989 666 0 9 7
a 989 717 0 36 8
a 990 502 0 25 4
a 990 58 0 20 1
a 991 183 0 25 10
a 991 268 0 19 8
a 991 357 0 45 6
a 991 811 0 18 1
a 992 568 0 25 1
a 992 582 0 23 8
a 992 735 0 30 1
a 992 776 0 16 1
a 993 405 0 25 4
a 993 563 0 10 7
a 994 967 0 25 8
a 994 851 0 31 4
a 994 125 0 0 6
a 995 166 0 25 2
a 995 735 0 45 2
a 995 175 0 15 2
a 996 834 0 25 10
a 996 564 0 31 9
a 996 549 0 47 10
a 997 968 0 25 8
a 997 919 0 7 8
a 998 749 0 25 10
a 998 836 0 44 1
a 998 820 0 28 8
